0 0.125271 0.0608933 0.00386917
1 0.125271 0.0627343 0.00393581
2 0.125272 0.0699529 0.00383949
3 0.125272 0.0791493 0.00364143
4 0.125274 0.0878787 0.00327725
5 0.125274 0.093132 0.0029631
6 0.125405 0.0941295 0.00292104
7 0.125405 0.0974992 0.00270887
8 0.125405 0.0966963 0.00274455
9 0.125405 0.0963828 0.0028001
10 0.125487 0.0954028 0.00283454
11 0.125537 0.0980307 0.00264526
12 0.125687 0.106389 0.00201725
13 0.125687 0.10516 0.00212238
14 0.125687 0.101504 0.00241117
15 0.12612 0.0952422 0.00286968
16 0.12612 0.0941621 0.00291944
17 0.12612 0.0983481 0.00260948
18 0.12612 0.104135 0.00219059
19 0.127959 0.104038 0.0022263
20 0.127959 0.104068 0.00222026
21 0.127959 0.100295 0.00252022
22 0.127959 0.102877 0.00231197
23 0.127959 0.0953395 0.00287138
24 0.127959 0.0940471 0.00292638
25 0.127959 0.0961769 0.00276171
26 0.127959 0.0888579 0.00319685
27 0.127959 0.0930096 0.00302091
28 0.127959 0.0942056 0.00294706
29 0.127959 0.0931826 0.00300273
30 0.127959 0.0969495 0.00276044
31 0.127959 0.0958565 0.00280844
32 0.127959 0.0967216 0.00270562
33 0.129713 0.0982562 0.00268654
34 0.129713 0.0940715 0.00292238
35 0.129713 0.084614 0.00346362
36 0.129713 0.0907844 0.00315351
37 0.131387 0.0874291 0.00329015
38 0.131387 0.0891571 0.0031936
39 0.131387 0.0836216 0.00350757
40 0.131387 0.0847667 0.00345277
41 0.131387 0.0836828 0.0034511
42 0.131387 0.0857309 0.00335793
43 0.131387 0.0811559 0.00358887
44 0.131387 0.0742627 0.00375873
45 0.131387 0.0746215 0.00371708
46 0.131387 0.0900362 0.0032142
47 0.131387 0.0924969 0.00309236
48 0.133102 0.0828946 0.00352063
49 0.133102 0.0787093 0.00368856
50 0.133102 0.0883473 0.0032206
51 0.133102 0.0827615 0.00352801
52 0.133528 0.0838398 0.00350435
53 0.133528 0.0742949 0.00381387
54 0.133528 0.0748937 0.00374084
55 0.134894 0.0813955 0.00358679
56 0.134894 0.0842702 0.00348885
57 0.134894 0.07387 0.00375648
58 0.134894 0.0893789 0.00328422
59 0.134894 0.0963574 0.0028539
60 0.134894 0.0894226 0.0032745
61 0.134894 0.083514 0.0034867
62 0.134894 0.093047 0.00301843
63 0.134894 0.0896051 0.00318305
64 0.134894 0.0895419 0.00325083
65 0.134894 0.0754692 0.00373183
66 0.134894 0.0739902 0.00378783
67 0.134894 0.0746845 0.00377765
68 0.134894 0.0859431 0.00338286
69 0.134894 0.0883498 0.00332707
70 0.134894 0.0834589 0.00353271
71 0.134894 0.0845739 0.00347735
72 0.135305 0.0894053 0.00327503
73 0.135863 0.0820822 0.00358462
74 0.135863 0.0884779 0.00329713
75 0.135863 0.0764748 0.00372616
76 0.135863 0.0904121 0.00314563
77 0.137377 0.0810741 0.00366162
78 0.137377 0.0827189 0.00360755
79 0.137377 0.0858957 0.0034515
80 0.137377 0.0913287 0.00310252
81 0.137377 0.0936969 0.00304331
82 0.137377 0.0962896 0.00282845
83 0.137377 0.0918851 0.00316826
84 0.137377 0.101819 0.00251287
85 0.137377 0.0970695 0.00289173
86 0.14074 0.0875626 0.00337523
87 0.14074 0.0867071 0.00343387
88 0.14074 0.0901746 0.00327804
89 0.14074 0.0897801 0.00318511
90 0.14074 0.0870819 0.0033602
91 0.141474 0.0961538 0.00281592
92 0.141474 0.0975407 0.00284454
93 0.141474 0.0941579 0.0030211
94 0.141474 0.0977379 0.00280918
95 0.141474 0.0984988 0.00278116
96 0.141474 0.0923584 0.00309076
97 0.141474 0.0970255 0.00284075
98 0.141655 0.0944678 0.00303141
99 0.141655 0.0981223 0.00277334
100 0.141655 0.098502 0.00267128
101 0.142635 0.0979533 0.0027592
102 0.142635 0.088885 0.0030857
103 0.142635 0.091583 0.00300623
104 0.143927 0.0844165 0.00352023
105 0.143927 0.0723647 0.00392046
106 0.143927 0.0716476 0.00383824
107 0.143927 0.0705951 0.0037405
108 0.143927 0.0720076 0.0036526
109 0.143927 0.0701762 0.00370646
110 0.143927 0.0733719 0.00385932
111 0.143927 0.0836397 0.00351944
112 0.143927 0.0765254 0.003656
113 0.143927 0.0759686 0.00372163
114 0.145504 0.0854414 0.00338372
115 0.145504 0.0887357 0.00330091
116 0.145504 0.0901606 0.00325334
117 0.145504 0.0918556 0.00314607
118 0.145504 0.0819055 0.00347433
119 0.145504 0.0809607 0.00360703
120 0.150701 0.0769523 0.00371468
121 0.150701 0.0815252 0.0034264
122 0.150701 0.0818476 0.00348706
123 0.150701 0.0879414 0.00330291
124 0.150701 0.0875907 0.00333458
125 0.150701 0.0832949 0.00358924
126 0.150701 0.0823849 0.00348757
127 0.150701 0.0911823 0.00315184
128 0.150701 0.0924344 0.00298836
129 0.150701 0.0885304 0.00331495
130 0.154313 0.0905505 0.00318074
131 0.154313 0.0910467 0.00307719
132 0.154313 0.0915741 0.00314656
133 0.154313 0.0805833 0.00360241
134 0.154313 0.0818111 0.00374005
135 0.154313 0.0837503 0.00372714
136 0.154313 0.09593 0.00305272
137 0.154313 0.0874191 0.00338403
138 0.154313 0.0937273 0.00312231
139 0.154313 0.0900599 0.00328526
140 0.154313 0.0881559 0.00337087
141 0.154313 0.0932145 0.00301051
142 0.154313 0.0933205 0.00308662
143 0.154313 0.0943501 0.00300436
144 0.154313 0.100417 0.00254217
145 0.154313 0.100216 0.00260197
146 0.154313 0.0975514 0.00278428
147 0.154313 0.0849248 0.00341918
148 0.154313 0.0891319 0.00319084
149 0.154313 0.0871355 0.00336079
150 0.154313 0.0934375 0.00311629
151 0.154313 0.0989783 0.00280584
152 0.154313 0.0993198 0.00270663
153 0.154313 0.101306 0.00260276
154 0.154313 0.0939487 0.00296203
155 0.154313 0.105586 0.00230861
156 0.154313 0.0989356 0.00268707
157 0.154313 0.100642 0.00262744
158 0.154313 0.101124 0.00267721
159 0.154313 0.103526 0.00243409
160 0.168853 0.100593 0.00266419
161 0.319556 0.108805 0.00269967
162 0.319556 0.106244 0.00283678
163 0.319556 0.111054 0.00244125
164 0.319556 0.111716 0.00236794
165 0.319556 0.103626 0.00306444
166 0.319556 0.103903 0.00304413
167 0.319556 0.107515 0.00274827
168 0.319556 0.107339 0.00279449
169 0.319556 0.102375 0.00321991
170 0.319556 0.100198 0.0035341
171 0.319556 0.101555 0.00330127
172 0.319556 0.0972412 0.00363251
173 0.319556 0.0937277 0.00387538
174 0.319556 0.101564 0.00329207
175 0.319556 0.0996003 0.0033487
176 0.319556 0.0971116 0.00364756
177 0.319556 0.0969593 0.00383264
178 0.319556 0.108531 0.00331825
179 0.414918 0.112026 0.0042891
180 0.414918 0.11786 0.00367927
181 0.414918 0.117446 0.00369599
182 0.414918 0.113468 0.00407771
183 0.414918 0.118887 0.00371032
184 0.414918 0.122652 0.00373787
185 0.414918 0.123241 0.00433093
186 0.414918 0.123782 0.00472254
187 0.414918 0.122444 0.00625091
188 0.414918 0.116902 0.00674746
189 0.414918 0.114759 0.00701535
190 0.414918 0.115586 0.00712179
191 0.414918 0.124012 0.00662854
192 0.414918 0.123885 0.00784759
193 0.414918 0.117546 0.00788279
194 0.414918 0.116682 0.00811422
195 0.435355 0.12199 0.00970739
196 0.435355 0.121453 0.0104802
197 0.436829 0.130817 0.0104757
198 0.441583 0.12797 0.0123177
199 0.441583 0.135183 0.0117861
200 0.441583 0.140899 0.011266
201 0.441583 0.127154 0.0123745
202 0.441583 0.123733 0.0128169
203 0.441583 0.117766 0.0132161
204 0.441583 0.127398 0.0123944
205 0.441583 0.125437 0.0120192
206 0.441583 0.133635 0.0119403
207 0.441583 0.13171 0.012201
208 0.441583 0.135946 0.0117683
209 0.441583 0.136245 0.0107262
210 0.49178 0.138506 0.0124892
211 0.49178 0.140844 0.0134277
212 0.500354 0.137928 0.0144169
212 0.477276 0.0518215 0.0192433
213 0.477276 0.0512512 0.0187468
214 0.477276 0.0443874 0.0171005
215 0.477276 0.0439187 0.0171147
216 0.477276 0.0515233 0.0191895
217 0.477276 0.0491231 0.0182422
218 0.477276 0.0447426 0.0171113
219 0.477276 0.0452463 0.0171609
220 0.477276 0.0460167 0.0171342
221 0.477276 0.0529538 0.0187997
222 0.477276 0.0455888 0.0171978
223 0.477276 0.0439172 0.0171146
224 0.477276 0.0461624 0.0172803
225 0.477276 0.0598779 0.0216868
226 0.477276 0.0546831 0.019548
227 0.477276 0.0474358 0.0172601
228 0.477276 0.0457422 0.01753
229 0.477276 0.0476657 0.0178629
230 0.477276 0.0506049 0.018753
231 0.477276 0.0478318 0.0181418
232 0.477276 0.0572879 0.0203331
233 0.477276 0.0548636 0.0195841
234 0.477276 0.0510295 0.0188794
235 0.477276 0.0497967 0.0194608
236 0.477276 0.0468737 0.0184269
237 0.477276 0.0583391 0.022686
238 0.477276 0.048261 0.0187339
239 0.477276 0.0513638 0.0201374
240 0.477276 0.0568405 0.0220641
241 0.477276 0.0590559 0.0225205
242 0.477276 0.050358 0.0192252
243 0.477276 0.0543611 0.0203842
244 0.477276 0.0591278 0.0220708
245 0.477276 0.050836 0.0198729
246 0.482694 0.0627516 0.0232747
247 0.482694 0.0529717 0.0210292
248 0.482694 0.0622274 0.0230358
249 0.482694 0.0552204 0.0210891
250 0.482694 0.0535206 0.01973
251 0.507265 0.0557958 0.0217167
252 0.507265 0.0594701 0.0217125
253 0.507265 0.0602067 0.022551
254 0.507265 0.069771 0.0245206
255 0.507265 0.0543807 0.0212361
256 0.507265 0.0568486 0.0214953
257 0.507265 0.052285 0.021154
258 0.507265 0.0618232 0.0226675
259 0.507265 0.0646932 0.0232866
260 0.507265 0.0647524 0.0242917
261 0.507265 0.0759785 0.0281118
262 0.542211 0.0675983 0.0255326
263 0.542211 0.0687823 0.0256935
264 0.542211 0.0567361 0.0228816
265 0.542211 0.0632449 0.0250911
266 0.542211 0.0632143 0.025703
267 0.542211 0.0608528 0.0250847
268 0.542211 0.0572668 0.024397
269 0.542211 0.0664607 0.0241743
270 0.542211 0.0719494 0.026817
271 0.542211 0.0738122 0.0270446
272 0.542211 0.0728513 0.0276062
273 0.542211 0.0659232 0.0267035
274 0.542211 0.0743772 0.0272473
275 0.542211 0.0632826 0.0257268
276 0.542211 0.0565746 0.0239402
277 0.542211 0.0599967 0.0240886
278 0.542211 0.0664893 0.0260675
279 0.542211 0.0696929 0.0282066
280 0.542211 0.0707867 0.0253814
281 0.542211 0.0660683 0.0251742
282 0.542211 0.0654854 0.025045
283 0.542211 0.0708351 0.0282238
284 0.542211 0.0559974 0.0243761
285 0.542211 0.0743525 0.0286537
286 0.542211 0.0622969 0.0270598
287 0.542211 0.0612528 0.0249577
288 0.542211 0.0711121 0.0288523
289 0.542211 0.0728131 0.0289088
290 0.542211 0.0625638 0.0256509
291 0.542211 0.0626842 0.0251398
292 0.542211 0.0622935 0.0253587
293 0.542211 0.0681145 0.0263144
294 0.542211 0.0612271 0.0268845
295 0.542211 0.0606932 0.0256511
296 0.542211 0.0626531 0.0256344
297 0.542211 0.0649628 0.0267571
298 0.542211 0.077178 0.0284632
299 0.542211 0.079285 0.0283076
300 0.542211 0.0686901 0.0258371
301 0.542211 0.0610834 0.0255408
302 0.542211 0.063029 0.0246141
303 0.542211 0.0610761 0.0250266
304 0.542211 0.0655348 0.0259202
305 0.542211 0.0686986 0.0263993
306 0.542211 0.082454 0.0299287
307 0.542211 0.0687948 0.0289604
308 0.542211 0.0659461 0.0259109
309 0.542211 0.0736456 0.0279449
310 0.542211 0.0697975 0.0271109
311 0.542211 0.0645513 0.025918
312 0.542211 0.065515 0.0282167
313 0.542211 0.0593726 0.0259826
314 0.542211 0.0631076 0.0265685
315 0.542211 0.0590404 0.0251069
316 0.542211 0.0547062 0.0251177
317 0.542211 0.0658219 0.0286882
318 0.542211 0.0595164 0.0265984
319 0.542211 0.0769128 0.0290515
320 0.542211 0.0671573 0.0276247
321 0.542211 0.0537242 0.0250032
322 0.542211 0.0614618 0.0270328
323 0.542211 0.0618137 0.0254186
324 0.542211 0.0565281 0.0254349
325 0.542211 0.0681595 0.0282148
326 0.542211 0.0670427 0.0278435
327 0.542211 0.0606772 0.0251314
328 0.542211 0.0599044 0.0253424
329 0.542211 0.05898 0.0253202
330 0.542211 0.0608954 0.0261144
331 0.542211 0.0707082 0.0280655
332 0.542211 0.0731372 0.0288434
333 0.542211 0.065422 0.0269114
334 0.542211 0.0701993 0.0280896
335 0.542211 0.0691315 0.0278168
336 0.542211 0.0677744 0.0277244
337 0.542211 0.0747371 0.027661
338 0.542211 0.0808201 0.032582
339 0.542211 0.0618925 0.0272366
340 0.542211 0.0802683 0.0308514
341 0.542211 0.0783108 0.0301561
342 0.542211 0.0712129 0.0299739
343 0.542211 0.0652216 0.0276975
344 0.542211 0.0763496 0.0298127
345 0.542211 0.0598659 0.0253185
346 0.542211 0.0646044 0.0260284
347 0.542211 0.0671874 0.0280163
348 0.542211 0.0732727 0.0296319
349 0.542211 0.0664788 0.0266935
350 0.542211 0.0633609 0.0273803
351 0.542211 0.0604043 0.0262344
352 0.542211 0.0710162 0.0289183
353 0.544837 0.0810419 0.0327829
354 0.544837 0.0637445 0.0278559
355 0.544837 0.065961 0.0285157
356 0.544837 0.0681259 0.0301876
357 0.544837 0.0767039 0.0310981
358 0.544837 0.0716167 0.0309581
359 0.544837 0.0617908 0.0265217
360 0.544837 0.0757538 0.0296367
361 0.544837 0.081469 0.0326826
362 0.544837 0.0843952 0.0314112
363 0.544837 0.0952687 0.0380993
364 0.544837 0.0702154 0.0286618
365 0.544837 0.0624309 0.0266665
366 0.544837 0.0742466 0.029957
367 0.544837 0.0782249 0.0317955
368 0.544837 0.0680258 0.0281872
369 0.544837 0.0639035 0.0287435
370 0.544837 0.0638347 0.0281787
371 0.544837 0.0706905 0.0290642
372 0.544837 0.0612341 0.028623
373 0.546111 0.0754648 0.0315972
374 0.546111 0.0675939 0.0291038
375 0.546111 0.0588988 0.0269806
376 0.546111 0.0737098 0.0312107
377 0.546111 0.0670797 0.0303493
378 0.546111 0.0672198 0.0289223
379 0.546111 0.070684 0.0307734
380 0.546111 0.0737718 0.0316812
381 0.546111 0.0668699 0.0293462
382 0.546111 0.0630316 0.02733
383 0.546111 0.0658442 0.0285229
384 0.546111 0.0648053 0.0279501
385 0.546111 0.07644 0.0317454
386 0.546111 0.0671869 0.0279458
387 0.546111 0.0623566 0.0292498
388 0.546111 0.0631892 0.0283284
389 0.546111 0.0692629 0.030497
390 0.546111 0.0783031 0.0332982
391 0.550919 0.084839 0.0356262
392 0.551984 0.0749891 0.0337254
393 0.551984 0.0814719 0.0304139
394 0.558631 0.0751622 0.0309028
395 0.558631 0.0795882 0.0319084
396 0.558631 0.0965513 0.0361776
397 0.558631 0.0839458 0.0343882
398 0.558631 0.0796565 0.0325666
399 0.558631 0.0850172 0.0332447
400 0.558631 0.0721037 0.0292206
401 0.558631 0.070984 0.0305235
402 0.558631 0.0716208 0.0306672
403 0.558631 0.0678047 0.0303569
404 0.558631 0.0752706 0.0313225
405 0.558631 0.0608122 0.0278958
406 0.558631 0.0689504 0.0292531
407 0.558631 0.068673 0.0318085
408 0.558631 0.0707127 0.0289919
409 0.558631 0.0607848 0.0275223
410 0.558631 0.0726528 0.031871
411 0.558631 0.0759309 0.0310183
412 0.558631 0.0763042 0.0304104
413 0.558631 0.071058 0.0299243
414 0.558631 0.0694791 0.0314147
415 0.558631 0.079935 0.0336792
416 0.558631 0.0656665 0.0294735
417 0.558631 0.0703694 0.0310399
418 0.558631 0.0759401 0.0314804
419 0.558631 0.0908749 0.0347196
420 0.558631 0.0769876 0.0298707
421 0.558631 0.0824969 0.0333873
422 0.558631 0.0819993 0.0318916
423 0.558631 0.0792007 0.0315989
424 0.558631 0.0698239 0.030412
425 0.558631 0.0709548 0.0316171
426 0.558631 0.0852277 0.0335719
427 0.558631 0.0694425 0.029704
428 0.558631 0.0722298 0.0313183
429 0.558631 0.0733852 0.0315241
430 0.558784 0.095742 0.0400254
431 0.558784 0.0795453 0.0323975
432 0.558784 0.0697132 0.0303829
433 0.558784 0.0718646 0.0312661
434 0.558784 0.0747017 0.0304762
435 0.558784 0.0688275 0.0309109
436 0.558784 0.0744123 0.0330517
437 0.558784 0.0767943 0.0315399
438 0.558784 0.071485 0.0299951
439 0.558784 0.0652057 0.0296699
440 0.558784 0.073357 0.0311914
441 0.558784 0.0744411 0.0312685
442 0.558784 0.0725085 0.0305157
443 0.558784 0.0750718 0.0314777
444 0.558784 0.084039 0.0325909
445 0.558784 0.0897438 0.034416
446 0.558784 0.0855794 0.0347888
447 0.558784 0.0902453 0.034309
448 0.558784 0.0884161 0.0327895
449 0.558784 0.0785619 0.0322977
450 0.558784 0.0730555 0.0312224
451 0.558784 0.0734091 0.0326192
452 0.558784 0.0652287 0.0289302
453 0.558784 0.0826336 0.0334082
454 0.558784 0.0773525 0.0327028
455 0.558784 0.08951 0.0349144
456 0.558784 0.0749432 0.0302055
457 0.558784 0.0732032 0.0323642
458 0.558784 0.0736449 0.030912
459 0.558784 0.0684296 0.0303124
460 0.558784 0.0853864 0.0337305
461 0.558784 0.0811878 0.0306658
462 0.558784 0.0826995 0.0354482
463 0.558784 0.0664034 0.0303363
464 0.558784 0.0662336 0.0306288
465 0.558784 0.0655455 0.0303092
466 0.558784 0.0762385 0.0321486
467 0.558784 0.0945238 0.0370966
468 0.558784 0.0820512 0.0334035
469 0.558784 0.0921356 0.0378107
470 0.558784 0.0776547 0.0348687
471 0.558784 0.0766194 0.0338177
472 0.558784 0.0700141 0.0307848
473 0.558784 0.0747471 0.0330794
474 0.558784 0.0851927 0.0339649
475 0.558784 0.080917 0.0324559
476 0.558784 0.0801674 0.0341564
477 0.558784 0.0866838 0.0366586
478 0.558784 0.0782133 0.0328661
479 0.558784 0.0703425 0.0316514
480 0.558784 0.0922124 0.037261
481 0.558784 0.0786099 0.0325075
482 0.558784 0.0739778 0.0294844
483 0.559181 0.0863842 0.0344089
484 0.559181 0.0707538 0.0303631
485 0.559181 0.0732045 0.0303492
486 0.559181 0.0851619 0.035209
487 0.559181 0.0769411 0.0317946
488 0.559181 0.0715641 0.0300679
489 0.560738 0.0761689 0.0333625
490 0.560738 0.07394 0.0322993
491 0.560738 0.0787639 0.03057
492 0.560738 0.0703363 0.0309845
493 0.560738 0.0905976 0.037218
494 0.560738 0.0616974 0.0290148
495 0.560738 0.0749844 0.0322441
496 0.560738 0.0793641 0.031901
497 0.560738 0.0788343 0.0322859
498 0.560738 0.0624608 0.0286379
499 0.560738 0.0636854 0.0301707
500 0.560738 0.0660613 0.0286465
501 0.560738 0.0716155 0.0309587
502 0.560738 0.0763276 0.0311892
503 0.560738 0.0809142 0.0328522
504 0.560738 0.0717527 0.030591
505 0.560738 0.0830536 0.0349641
506 0.560738 0.0850248 0.0346029
507 0.560738 0.0723244 0.0318889
508 0.560738 0.0772477 0.0327942
509 0.560738 0.0690811 0.0296471
510 0.560738 0.0734477 0.0303714
511 0.560738 0.0728925 0.0308989
512 0.560738 0.0679321 0.0311438
513 0.560738 0.0664693 0.0290562
514 0.560738 0.0630218 0.0307665
515 0.560738 0.0679441 0.0299749
516 0.560738 0.0712968 0.0323178
517 0.560738 0.07403 0.0309873
518 0.560738 0.0725607 0.0310067
519 0.560738 0.0699906 0.0323977
520 0.560738 0.0766069 0.0345628
521 0.560738 0.0890689 0.0365198
522 0.560738 0.0662574 0.0287252
523 0.560738 0.079211 0.0340942
524 0.560738 0.0756211 0.0320817
525 0.560738 0.0883304 0.035662
526 0.560738 0.0762587 0.0335109
527 0.560738 0.0721747 0.0321912
528 0.560738 0.0747145 0.0301193
529 0.560738 0.0847487 0.0342612
530 0.560738 0.0867043 0.0355421
531 0.560738 0.0820437 0.0345841
532 0.560738 0.0764874 0.0338299
533 0.560738 0.0702499 0.0323881
534 0.560738 0.0786243 0.0330442
535 0.560738 0.0778635 0.0306567
536 0.561209 0.0801794 0.032702
537 0.561209 0.0814764 0.0343107
538 0.561209 0.0767732 0.0319425
539 0.561209 0.0912836 0.0382913
540 0.561209 0.0809242 0.0329576
541 0.561209 0.0702073 0.0301819
542 0.561209 0.0742978 0.0304246
543 0.561209 0.0828944 0.0345923
544 0.561209 0.089428 0.0339864
545 0.561209 0.0766814 0.0305862
546 0.561209 0.0862535 0.0361043
547 0.561209 0.0787876 0.032878
548 0.561209 0.0946534 0.0392368
549 0.561209 0.0758968 0.0347693
550 0.561209 0.07804 0.0343626
551 0.561209 0.0965949 0.0398817
552 0.561209 0.0827902 0.0331247
553 0.561209 0.0882558 0.036123
554 0.561209 0.0711482 0.0301868
555 0.561209 0.0765476 0.0337938
556 0.561209 0.0773989 0.0311464
557 0.561209 0.0771981 0.0321459
558 0.561209 0.0728889 0.0322211
559 0.561209 0.0744307 0.0306313
560 0.561209 0.0732212 0.0307019
561 0.561209 0.0710236 0.0321258
562 0.561209 0.0675557 0.0292809
563 0.561209 0.0686151 0.0316449
564 0.561209 0.0746767 0.0310929
565 0.561209 0.0803325 0.03489
566 0.561209 0.068043 0.0314208
567 0.561209 0.07308 0.032268
568 0.561209 0.0722714 0.0308752
569 0.561209 0.0720974 0.031902
570 0.561209 0.0681545 0.029476
571 0.561209 0.0844282 0.0367326
572 0.561209 0.0642991 0.0289911
573 0.561209 0.0705911 0.0316117
574 0.561209 0.0870586 0.0364846
575 0.561209 0.0704651 0.0294844
576 0.561209 0.081598 0.0363556
577 0.561209 0.0643661 0.0298213
578 0.561209 0.0662712 0.0297427
579 0.561209 0.0728464 0.034384
580 0.561209 0.0712908 0.0319396
581 0.561209 0.0790706 0.0324206
582 0.561209 0.0764767 0.0325461
583 0.561209 0.0793853 0.034883
584 0.561926 0.0903411 0.0374767
585 0.561926 0.0846497 0.0346514
586 0.561926 0.0767537 0.0336977
587 0.561926 0.0708507 0.0302717
588 0.561926 0.0902859 0.0368021
589 0.561926 0.0792403 0.0344664
590 0.561926 0.0623011 0.028801
591 0.561926 0.0824478 0.035025
592 0.561926 0.0734837 0.0309544
593 0.561926 0.0715594 0.0293353
594 0.562701 0.0809212 0.0345035
595 0.562701 0.0791468 0.0328345
596 0.562701 0.0782094 0.0323527
597 0.562701 0.0714437 0.0309463
598 0.562701 0.0689466 0.0317765
599 0.562701 0.0805506 0.0349726
600 0.562701 0.0728322 0.0297153
601 0.562701 0.0693049 0.030922
602 0.562701 0.0719966 0.0314623
603 0.562701 0.0829326 0.0323161
604 0.562701 0.0815326 0.0327721
605 0.562701 0.100461 0.0373078
606 0.562701 0.0867928 0.0346689
607 0.562701 0.0766353 0.0342805
608 0.562701 0.0721663 0.030731
609 0.562701 0.0840441 0.0337386
610 0.562701 0.0922606 0.0374766
611 0.562701 0.0889729 0.0351544
612 0.562701 0.0794499 0.0328471
613 0.562701 0.0705962 0.0304857
614 0.562701 0.0759773 0.0316105
615 0.562701 0.0677113 0.0290215
616 0.562701 0.0762152 0.031504
617 0.562701 0.0692767 0.0298952
618 0.562701 0.0689328 0.0310704
619 0.562701 0.0750966 0.0327074
620 0.562701 0.0726233 0.0312827
621 0.562701 0.0908606 0.0354697
622 0.562701 0.0740621 0.0310039
623 0.562701 0.0741632 0.0318169
624 0.562701 0.0768197 0.0315338
625 0.563117 0.0730747 0.0337043
626 0.563117 0.0828253 0.0362817
627 0.563117 0.0889073 0.0370247
628 0.563117 0.0771303 0.0304343
629 0.563117 0.0741612 0.0309602
630 0.563117 0.0693109 0.0310903
631 0.563117 0.0633509 0.0296219
632 0.563117 0.0769711 0.0319077
633 0.563117 0.0786493 0.0338513
634 0.563117 0.0707726 0.0305715
635 0.563117 0.0863617 0.0365597
636 0.563117 0.0763642 0.0332961
637 0.563117 0.0753146 0.0343705
638 0.563117 0.0709174 0.0309911
639 0.563117 0.0852862 0.0376104
640 0.563117 0.079426 0.0351877
641 0.563117 0.0715518 0.031032
642 0.563117 0.0674794 0.02926
643 0.563117 0.0812554 0.0341951
644 0.563117 0.0810417 0.032159
645 0.563117 0.0857 0.0323394
646 0.563117 0.0769984 0.0314458
647 0.563117 0.0757172 0.0328734
648 0.563117 0.0724353 0.0305394
649 0.563117 0.0720364 0.0329224
650 0.563117 0.0641645 0.0291847
651 0.563117 0.0751758 0.0328197
652 0.563117 0.083244 0.032815
653 0.563117 0.108848 0.041307
654 0.563117 0.0803957 0.0327056
655 0.563117 0.0788059 0.0326027
656 0.563117 0.0874622 0.0367434
657 0.563117 0.0784734 0.033667
658 0.563117 0.0827822 0.0330976
659 0.563117 0.0901976 0.0383013
660 0.563117 0.0804632 0.0338761
661 0.563117 0.0876045 0.0362166
662 0.563117 0.100985 0.0364046
663 0.563117 0.0873694 0.0370987
664 0.563117 0.0767116 0.031543
665 0.563117 0.0760673 0.0317002
666 0.563117 0.0756266 0.0313285
667 0.563117 0.0752269 0.0338248
668 0.563117 0.0779225 0.0335006
669 0.563117 0.0705571 0.0319151
670 0.563117 0.0795016 0.0322442
671 0.563117 0.0775895 0.0326708
672 0.563117 0.074221 0.0334588
673 0.563117 0.0940489 0.037791
674 0.563117 0.0674911 0.030801
675 0.563117 0.0819689 0.0332197
676 0.563117 0.0685552 0.0308865
677 0.563117 0.0649295 0.0311389
678 0.563117 0.0799091 0.0372402
679 0.563117 0.0985887 0.0414891
680 0.563117 0.086899 0.0375418
681 0.563117 0.0607865 0.0288486
682 0.563117 0.0691114 0.0311573
683 0.563117 0.0769819 0.0324968
684 0.563117 0.0645005 0.0292925
685 0.563117 0.0829927 0.0344709
686 0.563117 0.0976084 0.0367611
687 0.563117 0.0990829 0.0372537
688 0.563117 0.0797875 0.0337762
689 0.563117 0.0763087 0.0313398
690 0.563117 0.0906694 0.0340378
691 0.563117 0.0833657 0.0331301
692 0.563117 0.0844353 0.0340967
693 0.563117 0.0828124 0.0356185
694 0.563117 0.0752099 0.031196
695 0.563117 0.0835848 0.0328853
696 0.563117 0.0738942 0.032537
697 0.563117 0.0735947 0.0311636
698 0.563117 0.0721559 0.0321465
699 0.563117 0.0756031 0.0338055
700 0.563117 0.0876092 0.0349819
701 0.563117 0.0824091 0.0373727
702 0.563117 0.0909483 0.0348167
703 0.563117 0.0864136 0.0356963
704 0.563117 0.101185 0.0391696
705 0.568672 0.0791883 0.0337858
706 0.568672 0.0707579 0.0305674
707 0.568672 0.0810124 0.0337769
708 0.568672 0.100441 0.038755
709 0.568672 0.0926972 0.0357591
710 0.568672 0.0826132 0.0342932
711 0.568672 0.0759601 0.0316575
712 0.568672 0.0750813 0.0310633
713 0.568672 0.0702632 0.0311878
714 0.568672 0.0687147 0.031151
715 0.568672 0.0776661 0.0329577
716 0.568672 0.0841657 0.0338693
717 0.568672 0.0726557 0.0322615
718 0.568672 0.0678098 0.0303909
719 0.568672 0.075866 0.0341408
720 0.568672 0.0768229 0.035197
721 0.568672 0.0795673 0.0340697
722 0.568672 0.0848487 0.0334588
723 0.568672 0.08341 0.0354895
724 0.568672 0.0727479 0.0324153
725 0.568672 0.0673114 0.0292139
726 0.568672 0.0797766 0.0337845
727 0.568672 0.067249 0.030048
728 0.568672 0.0782374 0.0335732
729 0.568672 0.0714429 0.0326601
730 0.568672 0.088679 0.0361223
731 0.568672 0.0866008 0.037139
732 0.568672 0.0680809 0.0318725
733 0.568672 0.0695138 0.0320146
734 0.568672 0.0686041 0.0311607
735 0.568672 0.0777455 0.0360169
736 0.568672 0.0724843 0.0338539
737 0.568672 0.071086 0.0309609
738 0.568672 0.0842516 0.0332119
739 0.568672 0.0829494 0.0333043
740 0.568672 0.0681577 0.0304969
741 0.568672 0.075332 0.0310987
742 0.568672 0.0710036 0.0305556
743 0.568672 0.0654521 0.0301958
744 0.568672 0.0778828 0.0325198
745 0.568672 0.0690016 0.0324911
746 0.568672 0.0699224 0.0318335
747 0.568672 0.0752339 0.031314
748 0.568672 0.0822793 0.034321
749 0.568672 0.0663862 0.0291276
750 0.568672 0.0781593 0.0325933
751 0.568672 0.0634133 0.0293307
752 0.568672 0.080112 0.0342486
753 0.568672 0.0725292 0.0311285
754 0.568672 0.0666121 0.031017
755 0.568672 0.0714623 0.0309718
756 0.568672 0.0692708 0.0308303
757 0.574049 0.0848181 0.035738
758 0.574049 0.0731118 0.0329955
759 0.574049 0.0719425 0.0313921
760 0.574049 0.0709919 0.0319828
761 0.574049 0.0778366 0.033532
762 0.574049 0.0791927 0.033923
763 0.574049 0.0628817 0.0295505
764 0.574049 0.0840021 0.0354208
765 0.574049 0.070632 0.0314078
766 0.574049 0.0822489 0.0350318
767 0.574049 0.0764955 0.0331295
768 0.574049 0.0644654 0.0296809
769 0.574049 0.0675956 0.0306567
770 0.574049 0.074661 0.0333468
771 0.574049 0.0802816 0.036318
772 0.574049 0.0713266 0.0318926
773 0.574049 0.0747407 0.0338619
774 0.574049 0.0714838 0.0308459
775 0.574049 0.0794908 0.0329017
776 0.574049 0.080767 0.0343771
777 0.574049 0.0919393 0.0363805
778 0.574049 0.075659 0.030785
779 0.574049 0.0736676 0.030742
780 0.574049 0.0695886 0.030476
781 0.574049 0.0746019 0.0332527
782 0.574049 0.0692281 0.0308722
783 0.574049 0.0769073 0.0332114
784 0.574049 0.0644792 0.0300386
785 0.574049 0.0674383 0.031103
786 0.574049 0.0716887 0.0325615
787 0.574049 0.0757909 0.0323381
788 0.574049 0.0814072 0.0354709
789 0.574049 0.0790526 0.030561
790 0.574049 0.0797954 0.0302877
791 0.574049 0.084047 0.0332185
792 0.574049 0.0699142 0.0325806
793 0.574049 0.0703264 0.0323954
794 0.574049 0.0862917 0.035852
795 0.574049 0.0739698 0.0316526
796 0.574049 0.071469 0.0305499
797 0.574049 0.0759818 0.0317214
798 0.574049 0.0841906 0.0362561
799 0.574049 0.0858151 0.0364364
800 0.574049 0.0744307 0.0343244
801 0.574049 0.0847454 0.0370965
802 0.574049 0.0966966 0.03682
803 0.574049 0.0928361 0.0380312
804 0.574049 0.0811027 0.0346949
805 0.574049 0.079647 0.0336343
806 0.574049 0.0731356 0.0322244
807 0.574049 0.0827916 0.0366013
808 0.574049 0.0760413 0.0337716
809 0.574049 0.0836543 0.0346413
810 0.574049 0.0755 0.033265
811 0.574049 0.0696977 0.0306858
812 0.574049 0.0791926 0.0320502
813 0.574049 0.089497 0.0375686
814 0.574049 0.0921954 0.034535
815 0.574049 0.0768568 0.0318832
816 0.574049 0.0907117 0.0379147
817 0.574049 0.0926195 0.0365486
818 0.574049 0.0999544 0.0372801
819 0.574049 0.0851284 0.0335509
820 0.574049 0.0800981 0.0331254
821 0.574049 0.0874292 0.0361672
822 0.574049 0.0794111 0.0338219
823 0.574049 0.0734731 0.0292015
824 0.574049 0.0905355 0.0346626
825 0.574049 0.0795904 0.0322842
826 0.574049 0.0878533 0.0350663
827 0.574049 0.0901975 0.0372039
828 0.574049 0.088255 0.0345742
829 0.574049 0.0782671 0.034895
830 0.574049 0.0784185 0.0338395
831 0.574049 0.0842156 0.0358201
832 0.574049 0.0843849 0.0355919
833 0.574049 0.0800104 0.0350703
834 0.574049 0.0921927 0.037705
835 0.574049 0.0891872 0.0383387
836 0.574049 0.0823793 0.0323735
837 0.574049 0.0802011 0.0331312
838 0.574049 0.0731366 0.0306051
839 0.574049 0.0757106 0.0342612
840 0.574049 0.0793573 0.0348494
841 0.574049 0.0828644 0.0353811
842 0.574049 0.0796403 0.0343586
843 0.574049 0.0758943 0.0335526
844 0.574049 0.0835899 0.0367335
845 0.574049 0.0834156 0.0350252
846 0.574049 0.0882186 0.0344197
847 0.574049 0.0997006 0.0385082
848 0.574049 0.0932301 0.0391231
849 0.574049 0.0803009 0.0351015
850 0.574049 0.0708114 0.0325458
851 0.574049 0.076138 0.034088
852 0.574049 0.0880899 0.0365267
853 0.574049 0.0788973 0.0339369
854 0.574049 0.0865702 0.0349771
855 0.574049 0.0755399 0.0331665
856 0.574109 0.0782816 0.0349999
857 0.574109 0.0700513 0.0310175
858 0.574109 0.0785786 0.0337209
859 0.574109 0.077458 0.0350749
860 0.574109 0.0821823 0.035498
861 0.574109 0.0752801 0.0331961
862 0.574109 0.0716323 0.0316878
863 0.574109 0.0769042 0.0330065
864 0.574109 0.085116 0.0352001
865 0.574109 0.0738963 0.0317689
866 0.574109 0.0763566 0.0343609
867 0.574109 0.0896581 0.033978
868 0.574109 0.0811719 0.0349256
869 0.574109 0.0954566 0.0402409
870 0.574109 0.0884503 0.0365032
871 0.574109 0.0857982 0.035047
872 0.574109 0.0840656 0.0372529
873 0.574109 0.0770438 0.0343508
874 0.574109 0.0716301 0.0329742
875 0.574109 0.0753237 0.0335785
876 0.574109 0.0747963 0.0321975
877 0.574109 0.0851816 0.0367706
878 0.574109 0.0762792 0.0333376
879 0.574109 0.0772393 0.0341825
880 0.574109 0.0754675 0.0324816
881 0.574109 0.0825831 0.0354743
882 0.574109 0.0810567 0.034182
883 0.574109 0.0686361 0.0324088
884 0.574109 0.0853281 0.0370677
885 0.574109 0.0888522 0.0351719
886 0.574109 0.0840909 0.0341327
887 0.574109 0.0882042 0.03562
888 0.574109 0.0935522 0.0367081
889 0.574109 0.0920787 0.0374052
890 0.574109 0.0925305 0.0370421
891 0.574109 0.0813539 0.0340309
892 0.574109 0.0780551 0.0344351
893 0.574109 0.0668895 0.0301591
894 0.574109 0.0756109 0.0321672
895 0.574109 0.0761457 0.0327375
896 0.574109 0.0712776 0.0334937
897 0.574109 0.0745824 0.0342702
898 0.574109 0.0787448 0.0327499
899 0.574109 0.0778083 0.0343773
900 0.574109 0.0817823 0.0356067
901 0.574109 0.0798793 0.035795
902 0.574109 0.0863762 0.0364385
903 0.574109 0.0859401 0.0353498
904 0.574109 0.0878595 0.0363297
905 0.574109 0.0883988 0.0357235
906 0.574109 0.0788025 0.0316074
907 0.574109 0.0688675 0.0304275
908 0.574109 0.0737851 0.0317226
909 0.574109 0.0800567 0.0344156
910 0.574109 0.0694562 0.0305507
911 0.574109 0.0706865 0.0337209
912 0.574109 0.0799045 0.0350414
913 0.574109 0.0860968 0.0364684
914 0.574109 0.0692551 0.0319648
915 0.574109 0.0837389 0.0358867
916 0.574109 0.0862126 0.0349865
917 0.574109 0.0790723 0.0334759
918 0.574109 0.0762325 0.0324701
919 0.574109 0.0966616 0.0390624
920 0.574109 0.0745022 0.0309063
921 0.574109 0.0730913 0.0326081
922 0.574109 0.0779529 0.0318925
923 0.574109 0.0676485 0.0310791
924 0.574109 0.0859414 0.0354995
925 0.574109 0.0948967 0.0410158
926 0.574109 0.0941651 0.0377139
927 0.574109 0.0764032 0.031918
928 0.574109 0.0796081 0.0329164
929 0.574109 0.0696246 0.0310849
930 0.574109 0.0699805 0.0309423
931 0.574366 0.0959597 0.0384723
932 0.574366 0.0734686 0.0326683
933 0.592584 0.0800041 0.0334926
934 0.592584 0.0867974 0.0366518
935 0.592584 0.0790098 0.0335144
936 0.594381 0.075922 0.0363795
937 0.594381 0.0702382 0.0322837
938 0.594381 0.0668479 0.0319752
939 0.594381 0.0723446 0.0331987
940 0.594381 0.0857127 0.0354611
941 0.594381 0.0742082 0.0310702
942 0.594381 0.0730425 0.031973
943 0.594381 0.0897518 0.0386491
944 0.594381 0.0622477 0.0309369
945 0.594381 0.0649907 0.0319403
946 0.594381 0.0718686 0.0321125
947 0.594381 0.0965455 0.0414592
948 0.594381 0.0672656 0.0319019
949 0.594381 0.0730839 0.032317
950 0.594381 0.0663831 0.0308591
951 0.594381 0.0819243 0.0354516
952 0.594381 0.0706675 0.0317942
953 0.594381 0.0781832 0.0352419
954 0.594381 0.078469 0.0358474
955 0.594381 0.0728904 0.0329592
956 0.594381 0.08248 0.0365871
957 0.594381 0.0888139 0.037316
958 0.594381 0.0856528 0.0363205
959 0.594381 0.0795018 0.0340849
960 0.594381 0.0726769 0.0355479
961 0.594381 0.0739664 0.0339764
962 0.594381 0.0825209 0.0343727
963 0.594381 0.0900411 0.0370551
964 0.594381 0.0928718 0.0374921
965 0.594381 0.0731555 0.0331996
966 0.594381 0.0731552 0.0326613
967 0.594381 0.0876767 0.0352341
968 0.594381 0.0848706 0.0351662
969 0.594381 0.0718361 0.0322805
970 0.594381 0.0832735 0.0368864
971 0.594381 0.0835139 0.0390288
972 0.594381 0.0833109 0.0380431
973 0.594381 0.0808127 0.0352086
974 0.594381 0.0780599 0.0351928
975 0.594381 0.0909566 0.0377174
976 0.594381 0.0826114 0.0346918
977 0.594381 0.0916455 0.0381401
978 0.594381 0.0895486 0.0374138
979 0.594381 0.10029 0.0404653
980 0.594381 0.0962915 0.0369229
981 0.594381 0.0973997 0.035892
982 0.594381 0.0937772 0.034514
983 0.594381 0.0740156 0.031585
984 0.594381 0.0908617 0.0377707
985 0.594381 0.0947744 0.0384315
986 0.594381 0.0961023 0.0352968
987 0.594381 0.114795 0.0415021
988 0.594381 0.105818 0.0372067
989 0.594381 0.0965862 0.0364784
990 0.594381 0.0973855 0.0351672
991 0.594381 0.0964854 0.0384594
992 0.594381 0.08837 0.0397584
993 0.594381 0.095339 0.0394568
994 0.594381 0.0960514 0.0385333
995 0.594381 0.0901114 0.0338817
996 0.594381 0.0906023 0.0340988
997 0.594381 0.0955463 0.0352135
998 0.594381 0.10683 0.037234
999 0.594381 0.109117 0.0384487
1000 0.594381 0.11315 0.0381208
