0 0.125588 0.0703584 0.00385357
1 0.125588 0.0751371 0.00378912
2 0.125588 0.0849846 0.0034319
3 0.125588 0.0806459 0.00357359
4 0.125588 0.0878483 0.00328568
5 0.125588 0.0860742 0.00333908
6 0.125588 0.0891492 0.00321386
7 0.125588 0.0954606 0.00282585
8 0.125588 0.0990294 0.00259691
9 0.125588 0.0889838 0.00323942
10 0.125588 0.0943843 0.0028889
11 0.125588 0.0938673 0.00296039
12 0.125588 0.091462 0.00310108
13 0.125588 0.0942952 0.00289313
14 0.125588 0.10029 0.00249968
15 0.125685 0.0865972 0.00334525
16 0.125685 0.0977627 0.00269065
17 0.125685 0.0989708 0.00260941
18 0.125685 0.100154 0.00248196
19 0.125685 0.0976763 0.0026925
20 0.125685 0.091524 0.00309572
21 0.125685 0.0965845 0.00276696
22 0.126391 0.0951741 0.00285803
23 0.126391 0.0865026 0.00337042
24 0.126446 0.0921809 0.00296455
25 0.129218 0.0917756 0.00307624
26 0.129218 0.0928978 0.00302499
27 0.129218 0.0852859 0.00341308
28 0.129218 0.0829414 0.00352721
29 0.129218 0.0877988 0.00329096
30 0.129218 0.0891549 0.00323055
31 0.129218 0.0948724 0.00286171
32 0.129218 0.0923478 0.0030073
33 0.129218 0.087988 0.00329251
34 0.129218 0.0883401 0.00325613
35 0.129218 0.0875915 0.00322865
36 0.129218 0.0916812 0.0030917
37 0.129218 0.0819541 0.00354309
38 0.129218 0.0891248 0.00314916
39 0.129218 0.0894525 0.00318893
40 0.129218 0.0983117 0.00263186
41 0.129218 0.0955676 0.00285972
42 0.129218 0.0957777 0.00283484
43 0.129218 0.0883405 0.00326561
44 0.129218 0.0859739 0.00336147
45 0.129218 0.0787188 0.00363114
46 0.129218 0.0761453 0.00370477
47 0.129218 0.0830156 0.00346038
48 0.129742 0.0797742 0.00363635
49 0.129742 0.0709839 0.00384236
50 0.129742 0.0708572 0.00381443
51 0.129742 0.0636078 0.00390431
52 0.129742 0.0747328 0.0037623
53 0.129742 0.0661205 0.00388191
54 0.129742 0.065006 0.00386515
55 0.129742 0.0734218 0.00379698
56 0.129742 0.0773632 0.00367779
57 0.129742 0.0717973 0.00375474
58 0.129742 0.0785915 0.00363591
59 0.129742 0.0761284 0.00369537
60 0.129742 0.0811082 0.00355621
61 0.129742 0.0683572 0.00381758
62 0.129742 0.0654871 0.00382201
63 0.13047 0.0652992 0.00371322
64 0.13047 0.068615 0.00376074
65 0.13047 0.0814778 0.00352874
66 0.130739 0.0889924 0.00320667
67 0.130739 0.0876015 0.00323919
68 0.130739 0.0849518 0.00337831
69 0.130739 0.0777897 0.00366069
70 0.130739 0.0842933 0.00339886
71 0.130739 0.0803506 0.00357614
72 0.130739 0.0817225 0.00350649
73 0.130739 0.0865947 0.00332721
74 0.130739 0.0841602 0.00340014
75 0.130739 0.0733669 0.00371611
76 0.130739 0.0860659 0.00324632
77 0.130739 0.0797846 0.00351845
78 0.130739 0.0891215 0.00319168
79 0.130739 0.0897522 0.00308962
80 0.130739 0.0914629 0.00297953
81 0.130739 0.0941136 0.00288769
82 0.130739 0.090648 0.00306339
83 0.130739 0.0867632 0.0032534
84 0.130785 0.0842037 0.00335304
85 0.130785 0.084184 0.00339715
86 0.130872 0.0892919 0.00319636
87 0.130872 0.0892248 0.00319406
88 0.130872 0.0926719 0.00298627
89 0.13096 0.0915881 0.00306162
90 0.13096 0.0879251 0.00323562
91 0.13096 0.0873704 0.00326085
92 0.13096 0.0903794 0.0031343
93 0.13096 0.0930527 0.00302138
94 0.13096 0.0881092 0.003256
95 0.13096 0.0925249 0.00302546
96 0.131957 0.0845722 0.00339365
97 0.131957 0.075849 0.00370813
98 0.131957 0.0805518 0.00349306
99 0.131957 0.0879894 0.00328607
100 0.131957 0.0906118 0.00311571
101 0.131957 0.0921221 0.00301775
102 0.131957 0.0888491 0.0031055
103 0.133166 0.0888607 0.00319704
104 0.133166 0.0840147 0.00334028
105 0.133166 0.0756622 0.00365117
106 0.133166 0.0770343 0.00366107
107 0.133166 0.0869913 0.00323642
108 0.133166 0.0860307 0.00320591
109 0.133166 0.0801459 0.0035838
110 0.133166 0.0781833 0.00356648
111 0.133166 0.078544 0.00364541
112 0.133166 0.0883188 0.00324131
113 0.133166 0.0847249 0.00333018
114 0.1346 0.0852229 0.00336037
115 0.1346 0.0818071 0.00349928
116 0.1346 0.0850056 0.00325626
117 0.1346 0.0855503 0.00334036
118 0.1346 0.0830844 0.0034189
119 0.1346 0.0837493 0.003387
120 0.1346 0.0863625 0.00325915
121 0.1346 0.09109 0.00307924
122 0.1346 0.0877322 0.00321736
123 0.1346 0.0961572 0.00282553
124 0.1346 0.0963288 0.00283044
125 0.1346 0.0949854 0.00290816
126 0.1346 0.089232 0.00315678
127 0.1346 0.0841334 0.00327083
128 0.1346 0.0915754 0.00307691
129 0.1346 0.0936962 0.00295481
130 0.135435 0.092714 0.00297528
131 0.135435 0.0972793 0.00273557
132 0.135435 0.0958702 0.00281283
133 0.135435 0.0850424 0.0033603
134 0.135435 0.0851158 0.00323142
135 0.135435 0.0831464 0.00337116
136 0.135435 0.0780476 0.00340762
137 0.135435 0.0853281 0.00328155
138 0.135435 0.0881349 0.00320776
139 0.135435 0.096399 0.00274422
140 0.135435 0.0953504 0.00286401
141 0.135435 0.0895151 0.00309889
142 0.135435 0.0853294 0.00333633
143 0.135947 0.0831913 0.00346671
144 0.135947 0.0851355 0.00331981
145 0.135947 0.082563 0.00339852
146 0.135947 0.0834633 0.00337908
147 0.135947 0.0762965 0.0035637
148 0.135947 0.0797983 0.00347197
149 0.135947 0.0832163 0.00347683
150 0.135947 0.0739004 0.00362095
151 0.135947 0.082722 0.00332336
152 0.135947 0.0814127 0.00347569
153 0.135947 0.0894666 0.00310815
154 0.135947 0.0804119 0.0033833
155 0.135947 0.0858123 0.00323468
156 0.135947 0.0892563 0.00314189
157 0.135947 0.0915875 0.00295766
158 0.135947 0.0952018 0.00274666
159 0.135947 0.0891953 0.00300333
160 0.135947 0.0830065 0.00326593
161 0.13629 0.0885455 0.00318809
162 0.13629 0.0890339 0.00317168
163 0.13629 0.0912929 0.00303246
164 0.13629 0.0803122 0.00332644
165 0.13629 0.0953848 0.00275122
166 0.136589 0.096857 0.00262129
167 0.136589 0.0960364 0.002751
168 0.136589 0.0942672 0.00281135
169 0.136589 0.0955433 0.00281783
170 0.136589 0.0998174 0.00254709
171 0.136589 0.095339 0.00276352
172 0.136589 0.0952302 0.0027847
173 0.137335 0.0935805 0.00291069
174 0.137335 0.0980496 0.00267573
175 0.137335 0.0878173 0.00319305
176 0.137335 0.0925159 0.00292817
177 0.137335 0.0937517 0.00292559
178 0.137335 0.0914227 0.00306311
179 0.137335 0.0884373 0.00324923
180 0.137335 0.0883439 0.00324445
181 0.137335 0.0894525 0.00303493
182 0.137335 0.0856036 0.00329251
183 0.137335 0.0876727 0.00319674
184 0.137335 0.0875132 0.00315234
185 0.137335 0.0863276 0.00316786
186 0.137335 0.0835885 0.0032599
187 0.137335 0.081693 0.0032985
188 0.137335 0.0811062 0.00338953
189 0.137335 0.09064 0.00311045
190 0.137335 0.0880288 0.00318562
191 0.137335 0.0857208 0.00324865
192 0.139497 0.097148 0.0026261
193 0.139497 0.0892927 0.00302022
194 0.139497 0.0829963 0.00332783
195 0.139497 0.0820417 0.00342131
196 0.139497 0.0853493 0.00314999
197 0.139497 0.0873538 0.00308914
198 0.139497 0.0893604 0.00309287
199 0.139497 0.0912687 0.00301318
200 0.139497 0.0800205 0.00345164
201 0.139497 0.086774 0.00327897
202 0.139497 0.0834796 0.00328497
203 0.139497 0.0903863 0.00298993
204 0.139497 0.0911922 0.00299766
205 0.139497 0.0875479 0.00315105
206 0.139497 0.0881677 0.00314205
207 0.139497 0.0866167 0.00324291
208 0.139497 0.090042 0.00305666
209 0.139497 0.0951063 0.00283276
210 0.139497 0.0947363 0.00288257
211 0.139497 0.0855879 0.00332209
212 0.139497 0.0896659 0.00314206
213 0.139497 0.0855108 0.00324205
214 0.139497 0.0936428 0.00287882
215 0.139497 0.0858979 0.00321848
216 0.139497 0.0847809 0.00332196
217 0.139497 0.0876142 0.00323285
218 0.139497 0.0866943 0.00324633
219 0.139497 0.0926333 0.00296284
220 0.139497 0.0922939 0.00299093
221 0.139497 0.0922309 0.00296858
222 0.139497 0.0970794 0.00267769
223 0.139497 0.0967598 0.00265126
224 0.139497 0.096092 0.00275163
225 0.139497 0.0921895 0.00303317
226 0.139497 0.0980393 0.00269418
227 0.139553 0.0961778 0.00279966
228 0.139553 0.10149 0.00247082
229 0.139553 0.0917177 0.00301617
230 0.139553 0.0920089 0.00311445
231 0.139553 0.0934785 0.00288846
232 0.139553 0.0888592 0.00313421
233 0.139553 0.0824446 0.00336159
234 0.139553 0.0785306 0.00350017
235 0.139553 0.0821088 0.00339636
236 0.139553 0.0770596 0.00357442
237 0.139553 0.0813102 0.00351155
238 0.139553 0.0851024 0.00336045
239 0.139553 0.0864453 0.00323484
240 0.139553 0.0822219 0.00338371
241 0.139553 0.0840951 0.00323641
242 0.139553 0.0805891 0.00338301
243 0.139553 0.0822459 0.0032374
244 0.139553 0.0923496 0.00286519
245 0.139553 0.0891446 0.00309317
246 0.139553 0.0848618 0.0032308
247 0.139553 0.0857581 0.00310489
248 0.139553 0.0926212 0.00291916
249 0.139553 0.0957187 0.00270689
250 0.139553 0.0902885 0.00290711
251 0.139553 0.0937614 0.00277721
252 0.139721 0.0960858 0.00267932
253 0.139721 0.0992444 0.00252616
254 0.139721 0.0982517 0.00258811
255 0.139721 0.0927905 0.00292975
256 0.139721 0.0915977 0.00302718
257 0.139721 0.0917201 0.00302171
258 0.139721 0.0953378 0.0028698
259 0.139721 0.0875605 0.00327585
260 0.139721 0.0865623 0.00322634
261 0.139721 0.0943111 0.00285696
262 0.139721 0.0927315 0.00294053
263 0.139721 0.086932 0.00319832
264 0.139721 0.0953445 0.00277097
265 0.139721 0.0944128 0.00283424
266 0.139721 0.103484 0.00224731
267 0.139721 0.0916385 0.00305437
268 0.139721 0.0864795 0.0031531
269 0.139721 0.0812898 0.00337104
270 0.139721 0.0946247 0.00287444
271 0.139721 0.087098 0.0031739
272 0.139721 0.0868907 0.00322957
273 0.139721 0.0981735 0.00258364
274 0.139721 0.1008 0.00242931
275 0.139721 0.0849562 0.00322156
276 0.139721 0.0854622 0.00321588
277 0.139721 0.0787643 0.00345842
278 0.139721 0.0935422 0.00280762
279 0.139721 0.090362 0.00302994
280 0.139721 0.0880509 0.00320312
281 0.139721 0.0848987 0.00332
282 0.139721 0.0861906 0.00332337
283 0.139721 0.085186 0.00328766
284 0.139721 0.0885699 0.00324456
285 0.139721 0.0859988 0.00327042
286 0.139721 0.0861181 0.00326368
287 0.139721 0.090739 0.00309512
288 0.139783 0.0877547 0.00322471
289 0.139783 0.0919245 0.00291987
290 0.140163 0.0953541 0.00283824
291 0.140163 0.0906226 0.00304181
292 0.140163 0.098463 0.00260052
293 0.140163 0.098012 0.00257057
294 0.140163 0.0935282 0.00292765
295 0.140163 0.0923908 0.0029291
296 0.140163 0.0947877 0.00284508
297 0.140163 0.0905898 0.0030637
298 0.140163 0.0934695 0.00289856
299 0.140163 0.103396 0.00227889
300 0.140163 0.101883 0.00232885
301 0.140163 0.10271 0.00233782
302 0.140163 0.0974551 0.00268062
303 0.140163 0.102328 0.00235848
304 0.140163 0.0941924 0.00279057
305 0.140163 0.088829 0.00309512
306 0.140163 0.0933083 0.00286178
307 0.140569 0.0971592 0.00271828
308 0.140735 0.0936483 0.00289826
309 0.142459 0.0986077 0.00268496
310 0.142459 0.095776 0.00289819
311 0.142459 0.0943331 0.00291431
312 0.142459 0.0927092 0.00299503
313 0.142459 0.0974562 0.00270864
314 0.142459 0.0945848 0.00291333
315 0.142459 0.0852456 0.00328791
316 0.142459 0.0862686 0.00317508
317 0.142459 0.0936782 0.00286515
318 0.142459 0.0912356 0.00292959
319 0.142459 0.0995184 0.00257082
320 0.142459 0.0919674 0.00298422
321 0.1499 0.0878324 0.00315595
322 0.1499 0.0958808 0.00273788
323 0.1499 0.0897895 0.00307044
324 0.1499 0.0922291 0.0028795
325 0.1499 0.091739 0.0030736
326 0.1499 0.0951771 0.00277024
327 0.1499 0.098384 0.00254506
328 0.1499 0.101586 0.00235362
329 0.1499 0.100046 0.00251564
330 0.1499 0.0995894 0.00252426
331 0.1499 0.097484 0.00262154
332 0.1499 0.0959588 0.00275779
333 0.1499 0.101425 0.00246174
334 0.1499 0.0968491 0.00270011
335 0.1499 0.0967506 0.00265774
336 0.1499 0.0947107 0.00270716
337 0.1499 0.0914347 0.00304948
338 0.1499 0.0885329 0.00317532
339 0.1499 0.0909727 0.00301527
340 0.1499 0.0924964 0.00296514
341 0.1499 0.10134 0.00246525
342 0.1499 0.0984964 0.00273237
343 0.1499 0.0985135 0.00272372
344 0.1499 0.0971523 0.00284068
345 0.1499 0.0948055 0.00293873
346 0.1499 0.0977209 0.00270192
347 0.1499 0.0969212 0.00285528
348 0.1499 0.099658 0.00266786
349 0.1499 0.0963597 0.00287648
350 0.1499 0.0938686 0.0029576
351 0.1499 0.0991784 0.00268894
352 0.1499 0.0950258 0.0029089
353 0.1499 0.0951389 0.00289423
354 0.1499 0.0937151 0.00301018
355 0.1499 0.0985169 0.00268396
356 0.1499 0.0927831 0.00298244
357 0.1499 0.0963966 0.00271133
358 0.1499 0.0980831 0.00268703
359 0.1499 0.0933552 0.00308954
360 0.1499 0.100008 0.00261103
361 0.1499 0.0974003 0.00271851
362 0.150559 0.0956802 0.00286333
363 0.150559 0.0918531 0.0030635
364 0.150559 0.0947972 0.0029985
365 0.150559 0.0919274 0.00311081
366 0.150559 0.0914664 0.00320068
367 0.150559 0.0897034 0.00330178
368 0.150559 0.0905201 0.00320905
369 0.150559 0.0931656 0.00304294
370 0.150559 0.0899939 0.00313398
371 0.150559 0.0981484 0.00276063
372 0.150559 0.0920362 0.0031432
373 0.150559 0.0961565 0.00289049
374 0.150559 0.097058 0.0027906
375 0.150559 0.103523 0.00247011
376 0.150559 0.0875707 0.00341928
377 0.150559 0.082981 0.00358352
378 0.150559 0.0892928 0.00322283
379 0.150559 0.0910458 0.00325896
380 0.150559 0.0960388 0.00278097
381 0.150559 0.0948757 0.00293749
382 0.150559 0.0951634 0.0028534
383 0.150559 0.0931017 0.00295035
384 0.150559 0.0904578 0.00318075
385 0.150559 0.0983486 0.00276792
386 0.150559 0.10137 0.00249377
387 0.150559 0.0964751 0.00285656
388 0.150559 0.100795 0.00254816
389 0.150559 0.0987606 0.00273056
390 0.150559 0.106347 0.00221471
391 0.150559 0.10501 0.00234943
392 0.150559 0.0952556 0.00296971
393 0.150559 0.106314 0.00224406
394 0.150559 0.102638 0.00248223
395 0.150559 0.10271 0.00243508
396 0.150559 0.100442 0.00264389
397 0.150559 0.101815 0.00250336
398 0.150559 0.105913 0.00226196
399 0.150559 0.0997556 0.00271786
400 0.150559 0.101397 0.00253513
401 0.150559 0.10173 0.00246466
402 0.150559 0.102094 0.00247703
403 0.150559 0.102142 0.00248704
404 0.150559 0.102678 0.00250654
405 0.150559 0.10519 0.00228316
406 0.150559 0.0908047 0.0031879
407 0.150559 0.0831039 0.00355612
408 0.150559 0.0871722 0.00339291
409 0.150559 0.0860618 0.00349007
410 0.150559 0.0858669 0.00352255
411 0.150559 0.0874137 0.0034329
412 0.150559 0.08494 0.00344923
413 0.150559 0.0911143 0.00321568
414 0.150559 0.0906506 0.00318477
415 0.150925 0.0911279 0.00331134
416 0.150925 0.0897392 0.00332156
417 0.150925 0.0869696 0.00338096
418 0.150925 0.0918843 0.00319619
419 0.150925 0.0936364 0.00307113
420 0.150925 0.0935643 0.00305144
421 0.150925 0.0972957 0.00292792
422 0.150925 0.0889155 0.00342602
423 0.150925 0.0896057 0.00330292
424 0.150925 0.093174 0.00318218
425 0.150925 0.0947496 0.00299162
426 0.150925 0.0900343 0.0032452
427 0.150925 0.0922632 0.00317191
428 0.150925 0.0908127 0.00326847
429 0.150925 0.094506 0.00305759
430 0.150925 0.106775 0.00215128
431 0.150925 0.107651 0.00211032
432 0.150925 0.102884 0.00248278
433 0.150925 0.102522 0.00254865
434 0.150925 0.105713 0.00228116
435 0.150925 0.0987848 0.00284033
436 0.150925 0.0945127 0.00309583
437 0.150925 0.0929806 0.00308196
438 0.150925 0.0974853 0.00284508
439 0.150925 0.0980085 0.00276102
440 0.150925 0.095973 0.00296581
441 0.150925 0.0951623 0.00305809
442 0.150925 0.0908743 0.00327129
443 0.150925 0.0940574 0.00313163
444 0.150925 0.0937155 0.0030606
445 0.150925 0.0987436 0.00281244
446 0.150925 0.08973 0.00321914
447 0.150925 0.0903619 0.00316779
448 0.150925 0.0916622 0.00320199
449 0.150925 0.0913394 0.00318702
450 0.150925 0.0901289 0.00326012
451 0.150925 0.0910373 0.00319544
452 0.150925 0.0937137 0.00304152
453 0.150925 0.0868724 0.00343487
454 0.150925 0.090029 0.00321987
455 0.150925 0.0927466 0.00311956
456 0.150925 0.0962021 0.00285421
457 0.150925 0.0989533 0.00277684
458 0.150925 0.0961876 0.00290518
459 0.150925 0.0939617 0.00305737
460 0.150925 0.0929171 0.00318266
461 0.150925 0.0938817 0.00303464
462 0.150925 0.0886493 0.00330179
463 0.150925 0.0874678 0.00331493
464 0.150925 0.0960349 0.00288112
465 0.150925 0.0867979 0.00342792
466 0.150925 0.0946016 0.0028903
467 0.150925 0.0920033 0.0030595
468 0.150925 0.0937737 0.0029707
469 0.150925 0.0891045 0.0033356
470 0.150925 0.0929037 0.00312342
471 0.150925 0.0968394 0.00283024
472 0.150925 0.095235 0.00289501
473 0.150925 0.0910195 0.00315001
474 0.150925 0.093608 0.00293793
475 0.150925 0.09611 0.00290943
476 0.150925 0.0979891 0.00274695
477 0.150925 0.10393 0.00237176
478 0.150925 0.101259 0.00252039
479 0.150925 0.106799 0.00212015
480 0.150925 0.0969444 0.00279092
481 0.150925 0.0908284 0.00305897
482 0.150925 0.103367 0.00233819
483 0.150925 0.0940844 0.00286379
484 0.150925 0.0969589 0.00275766
485 0.150925 0.0960479 0.00278284
486 0.150925 0.0937969 0.00293494
487 0.150925 0.101458 0.00243785
488 0.150925 0.103801 0.0024072
489 0.150925 0.101751 0.00257064
490 0.150925 0.102796 0.00245547
491 0.150925 0.0935796 0.00309059
492 0.150925 0.102716 0.00246783
493 0.150925 0.109608 0.00195599
494 0.150925 0.101375 0.00247306
495 0.150925 0.109418 0.00186764
496 0.150925 0.100907 0.0025613
497 0.150925 0.0990169 0.0026441
498 0.150925 0.0980632 0.00281863
499 0.150925 0.102779 0.00246278
500 0.150925 0.106999 0.00219142
501 0.150925 0.101434 0.00263613
502 0.150925 0.10148 0.00257581
503 0.150925 0.102036 0.00262275
504 0.150925 0.0978947 0.00291209
505 0.150925 0.10469 0.00240045
506 0.150925 0.0958339 0.00306121
507 0.150925 0.0957259 0.00306101
508 0.150925 0.0900416 0.00320386
509 0.150925 0.0963519 0.00291907
510 0.150925 0.10005 0.00270988
511 0.150925 0.0986212 0.00275951
512 0.150925 0.0939243 0.00315491
513 0.150925 0.0967692 0.00288851
514 0.150925 0.0933057 0.00314183
515 0.150925 0.084477 0.0035394
516 0.150925 0.0929935 0.00310621
517 0.150925 0.095319 0.00299523
518 0.150925 0.0952278 0.00301011
519 0.150925 0.103363 0.002518
520 0.150925 0.0960506 0.00293698
521 0.150925 0.0941346 0.00302148
522 0.150925 0.0930682 0.00307243
523 0.150925 0.0964232 0.00294188
524 0.150925 0.0926704 0.00309148
525 0.150925 0.0913581 0.00321591
526 0.150925 0.0914224 0.0031777
527 0.150925 0.0955463 0.00301389
528 0.150925 0.0932823 0.00304555
529 0.150925 0.0958326 0.00290637
530 0.150925 0.0850712 0.00345943
531 0.150925 0.0927109 0.00326241
532 0.150925 0.0822012 0.00362589
533 0.150925 0.0856223 0.00351461
534 0.150925 0.0994113 0.00282007
535 0.150925 0.100866 0.00276361
536 0.150925 0.0899766 0.00333782
537 0.150925 0.0885767 0.00329861
538 0.150925 0.0937725 0.003177
539 0.150925 0.0938049 0.00305524
540 0.150925 0.0935738 0.00309555
541 0.150925 0.100997 0.0025226
542 0.150925 0.0966145 0.00285756
543 0.150925 0.101735 0.00252612
544 0.150925 0.103619 0.00231604
545 0.150925 0.0992073 0.00263255
546 0.150925 0.0994454 0.00266379
547 0.150925 0.0996413 0.00263295
548 0.150925 0.095805 0.00300249
549 0.150925 0.095958 0.00302521
550 0.150925 0.0976282 0.0028392
551 0.150925 0.105578 0.00222398
552 0.150925 0.0975036 0.0029268
553 0.150925 0.0960158 0.00293592
554 0.150925 0.0988879 0.00266004
555 0.150925 0.0938924 0.0030769
556 0.150925 0.0916136 0.00311579
557 0.150925 0.103899 0.00233945
558 0.150925 0.0992298 0.00272488
559 0.150925 0.0976886 0.00277511
560 0.150925 0.106219 0.00215814
561 0.150925 0.110068 0.00190923
562 0.150925 0.103081 0.00239746
563 0.150925 0.108129 0.00202256
564 0.150925 0.110019 0.0018981
565 0.150925 0.105808 0.0022428
566 0.150925 0.103234 0.00246064
567 0.150925 0.100992 0.00259881
568 0.150925 0.100768 0.00256798
569 0.150925 0.0968529 0.0027744
570 0.150925 0.0952914 0.00286447
571 0.150925 0.0931257 0.00298495
572 0.150925 0.0933089 0.00310046
573 0.150925 0.0956498 0.00283949
574 0.150925 0.0925903 0.00319239
575 0.150925 0.0947881 0.00300168
576 0.150925 0.0979983 0.00283858
577 0.150925 0.0940212 0.00306661
578 0.150925 0.0892889 0.00333993
579 0.150925 0.0916188 0.0032118
580 0.150925 0.0861004 0.00346415
581 0.150925 0.0888817 0.00323852
582 0.150925 0.101441 0.00264742
583 0.150925 0.0977157 0.00292447
584 0.151035 0.101725 0.00258145
585 0.151035 0.0935511 0.00313414
586 0.151035 0.0962626 0.00289297
587 0.151035 0.104452 0.00243344
588 0.151035 0.106892 0.00216822
589 0.151035 0.105175 0.0022973
590 0.151035 0.106078 0.00229164
591 0.151035 0.108548 0.00206052
592 0.151035 0.103075 0.00249216
593 0.151035 0.107035 0.00218455
594 0.151035 0.101034 0.0025458
595 0.151035 0.11049 0.00193061
596 0.151035 0.0997796 0.00275269
597 0.151035 0.0920761 0.00320727
598 0.151035 0.0929237 0.00310497
599 0.151035 0.0856443 0.0035478
600 0.151035 0.0841835 0.00350962
601 0.151035 0.0878482 0.00342677
602 0.151035 0.0890067 0.00335941
603 0.151035 0.098572 0.00287328
604 0.151035 0.0898498 0.00319644
605 0.151035 0.0926202 0.00313883
606 0.151035 0.0907587 0.00329071
607 0.151035 0.098801 0.00278421
608 0.151035 0.0988325 0.00278265
609 0.151035 0.0917267 0.00317172
610 0.151035 0.091796 0.00322845
611 0.151035 0.0869428 0.00336323
612 0.151035 0.0962816 0.00295307
613 0.151035 0.103309 0.00256678
614 0.151035 0.0928673 0.00316114
615 0.151035 0.0917534 0.00326352
616 0.151035 0.0905703 0.00324712
617 0.151035 0.097822 0.00288232
618 0.151035 0.106214 0.00217733
619 0.151035 0.11003 0.00194944
620 0.151035 0.108198 0.00201063
621 0.151035 0.106895 0.00205097
622 0.151035 0.0994402 0.00267973
623 0.151035 0.095843 0.00289302
624 0.151035 0.104841 0.00240284
625 0.151035 0.108738 0.00205574
626 0.151035 0.103187 0.00253393
627 0.151035 0.103393 0.00243132
628 0.151035 0.107872 0.0020253
629 0.151035 0.102773 0.00246112
630 0.151035 0.107108 0.00219977
631 0.151035 0.0994763 0.00280007
632 0.151035 0.104281 0.0024492
633 0.151035 0.102598 0.00248844
634 0.151035 0.101516 0.00258766
635 0.151035 0.105182 0.00235677
636 0.151035 0.0988607 0.00268497
637 0.151035 0.0921979 0.00302089
638 0.151035 0.0964879 0.00278171
639 0.151035 0.0975128 0.00281859
640 0.151035 0.0984501 0.00281098
641 0.151035 0.101023 0.0025829
642 0.151035 0.0959586 0.00299347
643 0.151035 0.094007 0.00310216
644 0.151035 0.0901768 0.0031807
645 0.151035 0.0948603 0.0029606
646 0.151035 0.0982881 0.00281325
647 0.151035 0.0973231 0.00283085
648 0.151221 0.101358 0.0026241
649 0.151221 0.094031 0.00304119
650 0.151221 0.100094 0.00271548
651 0.151221 0.0992847 0.00272427
652 0.151221 0.0937567 0.00305314
653 0.151221 0.0973568 0.00288636
654 0.151221 0.0946585 0.00296664
655 0.151221 0.0969266 0.00286451
656 0.151221 0.0903187 0.00326042
657 0.151221 0.0893014 0.00320554
658 0.151221 0.100537 0.00260662
659 0.151221 0.0962105 0.00289905
660 0.151221 0.0949172 0.00299758
661 0.151221 0.0948182 0.00307092
662 0.151221 0.0963243 0.0028613
663 0.151221 0.0956396 0.00297015
664 0.151221 0.103947 0.00239583
665 0.156406 0.102325 0.00250124
666 0.156406 0.0991589 0.00272149
667 0.156406 0.102714 0.00256647
668 0.156406 0.102282 0.00248234
669 0.156406 0.0935481 0.00308751
670 0.156406 0.102922 0.00255766
671 0.156406 0.107626 0.00211883
672 0.156406 0.107244 0.00207471
673 0.156406 0.113378 0.00168006
674 0.156406 0.106189 0.00232816
675 0.156406 0.105796 0.00233646
676 0.156406 0.112226 0.00179648
677 0.156406 0.108711 0.00207964
678 0.156406 0.105584 0.00218422
679 0.156406 0.105626 0.00221889
680 0.156406 0.103854 0.00248712
681 0.156406 0.103516 0.00250282
682 0.156406 0.0975914 0.00287397
683 0.156406 0.103222 0.00258055
684 0.156406 0.103481 0.00252286
685 0.156406 0.0970475 0.00296924
686 0.156406 0.0892529 0.00341432
687 0.156406 0.102612 0.00250831
688 0.156406 0.0995759 0.00272379
689 0.156406 0.100073 0.00271721
690 0.156406 0.102873 0.00253616
691 0.156406 0.103622 0.00244413
692 0.156406 0.104223 0.00245153
693 0.156406 0.105549 0.00231356
694 0.156406 0.105561 0.00234386
695 0.156406 0.106617 0.00222741
696 0.156406 0.107662 0.00218042
697 0.156406 0.107626 0.00210585
698 0.156406 0.109362 0.00201656
699 0.156406 0.103507 0.00247544
700 0.156406 0.101199 0.00262995
701 0.156406 0.10494 0.00236156
702 0.156406 0.0996356 0.00277646
703 0.156406 0.105448 0.00230485
704 0.156406 0.106409 0.00228211
705 0.156406 0.103096 0.00246282
706 0.156406 0.0964494 0.00299382
707 0.156406 0.0941712 0.003045
708 0.156406 0.102548 0.00254775
709 0.156406 0.109345 0.00203584
710 0.156406 0.0990994 0.00277989
711 0.156406 0.103577 0.00248209
712 0.156406 0.104917 0.00240774
713 0.156406 0.10865 0.00201131
714 0.156406 0.103868 0.00234839
715 0.206437 0.103596 0.00272684
716 0.206437 0.0964494 0.00313096
717 0.206437 0.0984664 0.00298377
718 0.206437 0.101987 0.00269033
719 0.206437 0.0952264 0.00320912
720 0.206437 0.102803 0.00263191
721 0.206437 0.09787 0.00314133
722 0.206437 0.0963843 0.00311118
723 0.206437 0.105232 0.00259382
724 0.206437 0.105125 0.00256777
725 0.206437 0.101484 0.00278403
726 0.206437 0.10613 0.00242992
727 0.206437 0.100661 0.00278012
728 0.206437 0.110415 0.00226962
729 0.206437 0.105483 0.00268475
730 0.206437 0.109463 0.00233171
731 0.206437 0.0995235 0.00292505
732 0.206437 0.106047 0.00264068
733 0.206437 0.0994439 0.00318031
734 0.206437 0.100172 0.00303521
735 0.206437 0.105414 0.00264296
736 0.206437 0.101904 0.00296565
737 0.206437 0.0995485 0.00319209
738 0.206437 0.105023 0.00280848
739 0.206437 0.105821 0.00272615
740 0.206437 0.10659 0.002674
741 0.206437 0.113177 0.00208567
742 0.206437 0.109012 0.00235272
743 0.206437 0.110632 0.00233194
744 0.206437 0.110932 0.00220926
745 0.206437 0.112814 0.00216018
746 0.206437 0.107868 0.00248373
747 0.206437 0.103845 0.00284545
748 0.206437 0.104358 0.00278093
749 0.206437 0.107113 0.00246526
750 0.206437 0.106805 0.00269302
751 0.206437 0.107676 0.00289125
752 0.206437 0.106469 0.00280914
753 0.206437 0.11068 0.00265714
754 0.206437 0.108133 0.00281862
755 0.206437 0.105999 0.00303083
756 0.206437 0.109799 0.00281669
757 0.206437 0.108244 0.00281446
758 0.206437 0.111595 0.00251345
759 0.206437 0.111007 0.0027416
760 0.206437 0.113506 0.00261285
761 0.206437 0.109313 0.00272301
762 0.206437 0.112582 0.00258606
763 0.210842 0.110781 0.0028269
764 0.210842 0.108322 0.00280489
765 0.210842 0.111687 0.00261457
766 0.210842 0.1139 0.00253183
767 0.210842 0.111194 0.00253459
768 0.210842 0.104438 0.00320814
769 0.210842 0.10801 0.00315875
770 0.210842 0.112909 0.0028153
771 0.210842 0.10946 0.00299739
772 0.210842 0.104684 0.00331907
773 0.210842 0.111307 0.003047
774 0.210842 0.110583 0.00306237
775 0.210842 0.108973 0.00331778
776 0.210842 0.111364 0.00292529
777 0.210842 0.106334 0.00317124
778 0.210842 0.107109 0.00319138
779 0.210842 0.103497 0.00349754
780 0.210842 0.112608 0.00264178
781 0.210842 0.113791 0.00269076
782 0.210842 0.112155 0.00284335
783 0.210842 0.105669 0.00344794
784 0.210842 0.10796 0.00341165
785 0.210842 0.104117 0.00369032
786 0.210842 0.106227 0.00342619
787 0.210842 0.112497 0.0027863
788 0.210842 0.109747 0.00282272
789 0.210842 0.106361 0.00347367
790 0.210842 0.110816 0.0031829
791 0.212299 0.105334 0.00352756
792 0.212299 0.104342 0.00341168
793 0.212299 0.107125 0.00370732
794 0.212299 0.11045 0.00335227
795 0.212299 0.115913 0.00254311
796 0.212299 0.111615 0.0029758
797 0.212299 0.107614 0.00352836
798 0.212299 0.100174 0.00371828
799 0.212299 0.106658 0.00353955
800 0.212299 0.107358 0.00327283
801 0.212299 0.104992 0.00333685
802 0.212299 0.104801 0.00349322
803 0.212299 0.111733 0.00287228
804 0.212299 0.114271 0.00269146
805 0.212299 0.111486 0.00305621
806 0.212299 0.11233 0.00293085
807 0.212299 0.107142 0.00328413
808 0.212299 0.108724 0.0030112
809 0.212299 0.113501 0.00256669
810 0.212299 0.10945 0.00296988
811 0.212299 0.108752 0.00327337
812 0.212299 0.106396 0.00325435
813 0.212299 0.110076 0.00312825
814 0.218342 0.113789 0.00290364
815 0.218342 0.112737 0.00281425
816 0.218342 0.114049 0.00297987
817 0.218342 0.109163 0.00304332
818 0.218342 0.113508 0.00286558
819 0.218342 0.109335 0.00300946
820 0.218342 0.114923 0.00276959
821 0.218342 0.110419 0.00315759
822 0.218342 0.113489 0.00272243
823 0.218342 0.110686 0.00315615
824 0.218342 0.107822 0.00361545
825 0.218342 0.114847 0.00291865
826 0.218342 0.11067 0.00327736
827 0.218342 0.119693 0.00237098
828 0.218342 0.119244 0.00231679
829 0.221104 0.114149 0.00291056
830 0.221104 0.112318 0.00306724
831 0.221104 0.115671 0.00281772
832 0.221104 0.116744 0.00268514
833 0.221104 0.109284 0.0032208
834 0.221104 0.111403 0.00305104
835 0.221104 0.108049 0.00355768
836 0.221104 0.116142 0.00270174
837 0.221104 0.120595 0.00211693
838 0.221104 0.111705 0.00330667
839 0.221104 0.114535 0.00288707
840 0.221104 0.118055 0.00238157
841 0.221104 0.119802 0.00222153
842 0.221104 0.115505 0.00300247
843 0.221104 0.111365 0.0030578
844 0.221104 0.115469 0.00299986
845 0.221104 0.115458 0.00299398
846 0.221104 0.111356 0.00299793
847 0.221104 0.115384 0.00274827
848 0.221104 0.107075 0.00337479
849 0.221104 0.106861 0.00336456
850 0.221104 0.113718 0.00292165
851 0.221104 0.116468 0.00269539
852 0.221104 0.105557 0.00364525
853 0.221104 0.106933 0.0036716
854 0.221104 0.106369 0.00375024
855 0.221104 0.109284 0.00334599
856 0.221104 0.103958 0.00363282
857 0.221104 0.109017 0.00317434
858 0.221104 0.107784 0.00353938
859 0.221104 0.106164 0.00337469
860 0.221104 0.11243 0.0030955
861 0.221104 0.108536 0.00332747
862 0.221104 0.108311 0.00329728
863 0.221104 0.108788 0.00336207
864 0.221104 0.114858 0.00298596
865 0.221104 0.117329 0.00261409
866 0.221104 0.117752 0.00249667
867 0.221104 0.121113 0.0024391
868 0.221104 0.117657 0.00273471
869 0.221104 0.117218 0.00262582
870 0.221104 0.11471 0.00279608
871 0.221104 0.114995 0.00273746
872 0.221104 0.123415 0.00217192
873 0.221104 0.117203 0.00263317
874 0.221104 0.112018 0.00318507
875 0.221104 0.114805 0.0030832
876 0.221104 0.113274 0.00312891
877 0.221104 0.114292 0.00277988
878 0.221104 0.111239 0.00327233
879 0.221104 0.108816 0.00344531
880 0.221104 0.106877 0.00363716
881 0.221104 0.113441 0.00317742
882 0.221104 0.111714 0.00319534
883 0.221104 0.10757 0.00352208
884 0.221104 0.108843 0.00366154
885 0.221104 0.111799 0.00330307
886 0.221104 0.111861 0.00368676
887 0.375434 0.119418 0.00348768
888 0.375434 0.122211 0.00343092
889 0.375434 0.12135 0.00346131
890 0.375434 0.116383 0.00368679
891 0.375434 0.109336 0.00414136
892 0.375434 0.114704 0.00432763
893 0.375434 0.117684 0.00450019
894 0.375434 0.115604 0.00421774
895 0.375434 0.114982 0.00471178
896 0.375434 0.113725 0.00489005
897 0.375434 0.115155 0.00492318
898 0.375434 0.11446 0.00481116
899 0.375434 0.113848 0.00475321
900 0.375434 0.112637 0.00488882
901 0.375434 0.113491 0.00465894
902 0.375434 0.110476 0.00482008
903 0.375434 0.112087 0.0048811
904 0.375434 0.117377 0.00466817
905 0.375434 0.114255 0.00466206
906 0.375434 0.110248 0.00496502
907 0.375434 0.109147 0.00510588
908 0.375434 0.110671 0.00514684
909 0.375434 0.110816 0.00519166
910 0.375434 0.109278 0.00505672
911 0.375434 0.10626 0.00569327
912 0.375434 0.112557 0.00491157
913 0.375434 0.106254 0.00530005
914 0.375434 0.115164 0.00443494
915 0.375434 0.107594 0.00531576
916 0.375434 0.107731 0.00562704
917 0.375434 0.108843 0.00558351
918 0.375434 0.109091 0.0052596
919 0.375434 0.111875 0.00494965
920 0.375434 0.118497 0.00501049
921 0.375434 0.118826 0.00453087
922 0.375434 0.112195 0.00550576
923 0.375434 0.118307 0.00452095
924 0.375434 0.108295 0.00555193
925 0.375434 0.103322 0.0060969
926 0.375434 0.101612 0.00621024
927 0.375434 0.104269 0.00574877
928 0.375434 0.103766 0.00595193
929 0.375434 0.1026 0.00603724
930 0.375816 0.108137 0.00744328
931 0.375816 0.106628 0.00715206
932 0.375816 0.105895 0.00797916
933 0.375816 0.108899 0.00756645
934 0.375816 0.109888 0.00783135
935 0.375816 0.113603 0.00733031
936 0.500361 0.122843 0.0122948
936 0.475125 0.049821 0.0140187
937 0.475125 0.0401313 0.0123817
938 0.475125 0.0399818 0.0123143
939 0.475125 0.0486901 0.0152228
940 0.475125 0.0410404 0.0140272
941 0.475125 0.0518437 0.0170496
942 0.475125 0.0409499 0.0145588
943 0.475125 0.0450838 0.0148723
944 0.475125 0.0530227 0.0176822
945 0.475125 0.0585204 0.0186246
946 0.475125 0.0467343 0.0165716
947 0.475125 0.0587608 0.0191669
948 0.475125 0.0446384 0.0158068
949 0.475125 0.0548167 0.0186247
950 0.475125 0.0460507 0.016373
951 0.475125 0.049116 0.0173052
952 0.475125 0.0488466 0.0168872
953 0.475125 0.0449679 0.0162895
954 0.475125 0.044217 0.0158568
955 0.475125 0.0462977 0.0164564
956 0.475125 0.0501488 0.0177963
957 0.542569 0.0534809 0.0199632
958 0.542569 0.0518418 0.019289
959 0.542569 0.0495256 0.0187034
960 0.542569 0.0509727 0.0191849
961 0.542569 0.0596541 0.02263
962 0.542569 0.0691497 0.0259383
963 0.542569 0.0528268 0.0216453
964 0.542569 0.0559085 0.0230986
965 0.542569 0.0596713 0.0236883
966 0.542569 0.0568725 0.0213835
967 0.542569 0.065957 0.0270741
968 0.542569 0.0652175 0.025327
969 0.542569 0.0541255 0.0224907
970 0.542569 0.0628854 0.0259291
971 0.542569 0.0691953 0.0271359
972 0.542569 0.0691228 0.0265828
973 0.542569 0.0716495 0.0260977
974 0.542569 0.0715016 0.0267736
975 0.548942 0.0804761 0.0289577
976 0.548942 0.0747678 0.0300334
977 0.548942 0.0780749 0.0307037
978 0.548942 0.0757642 0.0297943
979 0.548942 0.0847377 0.0297666
980 0.559514 0.0869686 0.0329148
981 0.559514 0.0934064 0.0349462
982 0.570178 0.082488 0.0316104
983 0.570178 0.098538 0.0327468
984 0.570178 0.0931433 0.0341566
985 0.570178 0.105902 0.037408
986 0.570178 0.0948979 0.032702
987 0.587346 0.124918 0.0418313
988 0.587346 0.107662 0.0388289
989 0.587346 0.101209 0.0379755
990 0.587346 0.105421 0.0363913
991 0.587346 0.10451 0.0378838
992 0.587346 0.136172 0.0454408
993 0.587346 0.107183 0.0370142
994 0.587346 0.102875 0.039925
995 0.587346 0.115571 0.0408272
996 0.587346 0.108689 0.042858
997 0.587346 0.109925 0.041213
998 0.587346 0.110092 0.0408825
999 0.587419 0.0988978 0.0394921
1000 0.587419 0.0992224 0.0376718
