0 0.125278 0.0626625 0.00394279
1 0.125278 0.0702957 0.00386861
2 0.125278 0.080883 0.00357054
3 0.125278 0.0802624 0.00362059
4 0.125278 0.0816598 0.00355288
5 0.375284 0.0941092 0.00386781
6 0.375284 0.102533 0.00405901
7 0.375284 0.106343 0.00367409
8 0.375368 0.111077 0.00418484
9 0.380902 0.115712 0.00482669
10 0.380902 0.116696 0.00666263
11 0.418486 0.123337 0.00853362
12 0.428781 0.138675 0.0103632
13 0.428781 0.143599 0.0132323
14 0.500566 0.139826 0.0152387
14 0.506839 0.0742062 0.022364
15 0.518542 0.0867575 0.0253794
16 0.518542 0.0975872 0.0294848
17 0.518542 0.113208 0.0324893
18 0.518542 0.117408 0.0340791
19 0.525439 0.134978 0.0368829
20 0.526456 0.167303 0.0439942
21 0.526456 0.136946 0.0379819
22 0.539837 0.166582 0.0441612
23 0.546264 0.146233 0.0416917
24 0.556798 0.156338 0.0422662
25 0.563064 0.152092 0.0446161
26 0.563064 0.155387 0.0423245
27 0.563064 0.150758 0.0453134
28 0.563064 0.183815 0.0472935
29 0.563064 0.145919 0.0440626
30 0.572959 0.144448 0.0448894
31 0.572959 0.155466 0.0466801
32 0.572959 0.177956 0.0515966
33 0.572959 0.179546 0.0491373
34 0.579771 0.192546 0.0485195
35 0.579771 0.173627 0.0492329
36 0.579771 0.16588 0.0470209
37 0.579771 0.175973 0.0497824
38 0.579771 0.183673 0.0488098
39 0.597076 0.198367 0.0538862
40 0.597076 0.191339 0.0524699
41 0.597076 0.166055 0.0513089
42 0.597076 0.177688 0.0481902
43 0.597076 0.144785 0.0456243
44 0.597076 0.161484 0.0486301
45 0.597076 0.181621 0.0521093
46 0.597076 0.205722 0.0512505
47 0.597076 0.224801 0.0506296
48 0.597076 0.230142 0.0517742
49 0.597076 0.212737 0.0485794
50 0.597076 0.247689 0.0495806
51 0.597076 0.245115 0.050939
52 0.597076 0.243649 0.0465273
53 0.597076 0.216387 0.0498581
54 0.597076 0.210044 0.0486265
55 0.597224 0.216748 0.0526919
56 0.597224 0.179616 0.0527955
57 0.597224 0.163718 0.0499826
58 0.597224 0.171021 0.0489945
59 0.597224 0.188738 0.0557013
60 0.597224 0.165715 0.0497069
61 0.597224 0.219921 0.0543396
62 0.597224 0.199627 0.0571887
63 0.597224 0.174946 0.0522974
64 0.597224 0.165262 0.0510179
65 0.597224 0.200605 0.0562006
66 0.597224 0.19596 0.0546203
67 0.597224 0.176644 0.052383
68 0.597224 0.173306 0.0494468
69 0.597224 0.152359 0.0480808
70 0.597224 0.161937 0.0509117
71 0.597224 0.208643 0.0565653
72 0.597224 0.198064 0.0534677
73 0.597224 0.230018 0.0547129
74 0.600425 0.206476 0.0556826
75 0.600425 0.175377 0.0494118
76 0.600425 0.175693 0.0477093
77 0.600425 0.175628 0.0523907
78 0.600425 0.188805 0.0531834
79 0.600425 0.1997 0.0526691
80 0.600425 0.195981 0.0541545
81 0.600425 0.184327 0.0505596
82 0.600425 0.18105 0.0485808
83 0.600425 0.20108 0.0547353
84 0.603219 0.205206 0.0536448
85 0.603219 0.197401 0.0503532
86 0.603219 0.188418 0.0516379
87 0.603219 0.194319 0.0512837
88 0.603219 0.173847 0.048596
89 0.603219 0.160508 0.0500753
90 0.603219 0.176516 0.0557012
91 0.603219 0.180764 0.0589454
92 0.603219 0.159716 0.0534194
93 0.603219 0.182067 0.0585124
94 0.603219 0.168022 0.0512757
95 0.603219 0.149538 0.0463403
96 0.603322 0.136748 0.0484151
97 0.603322 0.138973 0.0468694
98 0.603322 0.156509 0.0541474
99 0.603322 0.150965 0.0523888
100 0.603322 0.170518 0.0513957
101 0.603322 0.180371 0.0577439
102 0.605069 0.174137 0.0543271
103 0.605069 0.162379 0.0546026
104 0.605069 0.158585 0.0502545
105 0.605069 0.15346 0.0482119
106 0.605069 0.166335 0.0481571
107 0.605069 0.174546 0.0496645
108 0.605069 0.193895 0.0547386
109 0.605069 0.175774 0.0513208
110 0.605069 0.192074 0.0532926
111 0.605069 0.189937 0.0552369
112 0.605069 0.179984 0.0522765
113 0.605069 0.181121 0.0552103
114 0.605069 0.183804 0.0570033
115 0.605069 0.175689 0.0564158
116 0.605069 0.181679 0.0545248
117 0.605069 0.15563 0.053774
118 0.605708 0.195132 0.0534474
119 0.605708 0.178911 0.055576
120 0.605708 0.191291 0.0578066
121 0.605708 0.179503 0.0568277
122 0.605708 0.151007 0.0508843
123 0.605708 0.159069 0.0499073
124 0.605708 0.191818 0.0554074
125 0.605708 0.183682 0.0523978
126 0.605708 0.192567 0.0528435
127 0.605708 0.206514 0.0570845
128 0.605708 0.214626 0.0591147
129 0.605708 0.17189 0.0541188
130 0.605708 0.20547 0.0607603
131 0.605708 0.165738 0.0500227
132 0.605708 0.201507 0.053118
133 0.605708 0.231851 0.0578106
134 0.605708 0.197006 0.0543212
135 0.605708 0.194065 0.0507135
136 0.605708 0.143236 0.0486875
137 0.605708 0.200449 0.0560297
138 0.605787 0.190553 0.0556145
139 0.605787 0.15901 0.0486166
140 0.605787 0.154137 0.0490581
141 0.605787 0.167595 0.0532276
142 0.605787 0.137523 0.0501183
143 0.605787 0.146927 0.0522775
144 0.605787 0.184146 0.0568919
145 0.605787 0.151098 0.0483829
146 0.605787 0.175075 0.0520882
147 0.605787 0.176984 0.053468
148 0.605787 0.161812 0.0504501
149 0.605787 0.166283 0.0540608
150 0.605787 0.167265 0.0524443
151 0.605787 0.164828 0.0510184
152 0.605787 0.194276 0.0557892
153 0.605787 0.160801 0.0524441
154 0.605787 0.173571 0.0530797
155 0.605787 0.19486 0.0562855
156 0.605787 0.169346 0.0545311
157 0.605787 0.168015 0.0515849
158 0.605787 0.168285 0.0520999
159 0.605787 0.167098 0.0482907
160 0.605787 0.161185 0.0488413
161 0.605787 0.177318 0.054425
162 0.605787 0.166501 0.0500476
163 0.605787 0.170318 0.0528911
164 0.605787 0.175041 0.0517442
165 0.605787 0.157555 0.04995
166 0.609123 0.194117 0.0527356
167 0.609123 0.165841 0.0488341
168 0.609123 0.166638 0.0473434
169 0.609123 0.175691 0.0544393
170 0.609123 0.191731 0.0553615
171 0.609123 0.196965 0.0547733
172 0.609123 0.198826 0.0528451
173 0.609123 0.176937 0.0532818
174 0.609123 0.168599 0.0512162
175 0.609123 0.177932 0.0517678
176 0.609123 0.1607 0.0480561
177 0.609123 0.184799 0.0523332
178 0.609123 0.180018 0.0523116
179 0.609123 0.17317 0.0487778
180 0.609123 0.179592 0.049162
181 0.609123 0.17506 0.0498966
182 0.609123 0.161333 0.0480291
183 0.609123 0.160096 0.0467085
184 0.609123 0.173478 0.0531276
185 0.609123 0.188715 0.0559808
186 0.609123 0.184919 0.0515242
187 0.609123 0.204267 0.0547029
188 0.609123 0.210316 0.0561854
189 0.609123 0.194102 0.0512542
190 0.609123 0.222538 0.0517468
191 0.609123 0.189593 0.0529723
192 0.609123 0.202384 0.0579701
193 0.609123 0.183126 0.0520416
194 0.609123 0.181773 0.0543961
195 0.609123 0.187896 0.0538853
196 0.609123 0.17288 0.0501394
197 0.609123 0.167256 0.0510138
198 0.609123 0.180373 0.0569977
199 0.609123 0.178432 0.0538383
200 0.609123 0.192103 0.0510339
201 0.609123 0.170124 0.0507
202 0.609123 0.184494 0.0545405
203 0.609123 0.196376 0.0594203
204 0.609123 0.214919 0.0548141
205 0.609123 0.187606 0.0518197
206 0.609123 0.169384 0.0514586
207 0.609123 0.204989 0.0564162
208 0.609123 0.215994 0.0550975
209 0.609123 0.196313 0.0579705
210 0.609123 0.17074 0.0514523
211 0.609123 0.190948 0.0554756
212 0.609123 0.190663 0.0572585
213 0.609123 0.178512 0.0542002
214 0.609123 0.18366 0.0548107
215 0.609123 0.187766 0.0531989
216 0.609123 0.180002 0.0563302
217 0.609123 0.189763 0.0537016
218 0.609123 0.197753 0.0565161
219 0.609123 0.189323 0.0572756
220 0.609123 0.184987 0.0570434
221 0.609123 0.180206 0.0561533
222 0.609123 0.213646 0.0531122
223 0.609123 0.222262 0.0528942
224 0.609123 0.188755 0.053288
225 0.609123 0.202176 0.0510033
226 0.609123 0.178285 0.0504722
227 0.609123 0.189718 0.0509321
228 0.609123 0.177065 0.0515823
229 0.609123 0.172945 0.0541634
230 0.609123 0.15416 0.0523255
231 0.609123 0.164054 0.0544499
232 0.609123 0.177621 0.0519056
233 0.609123 0.20018 0.0515469
234 0.609123 0.174584 0.0474117
235 0.609123 0.1533 0.0485204
236 0.609123 0.163894 0.0520611
237 0.609123 0.169394 0.0553311
238 0.609123 0.174503 0.0551409
239 0.609123 0.199265 0.0577856
240 0.609123 0.17368 0.0539765
241 0.609123 0.194274 0.0590427
242 0.609123 0.19768 0.0559139
243 0.609123 0.188946 0.0525817
244 0.609123 0.174073 0.0479048
245 0.609123 0.170787 0.0487396
246 0.609123 0.178887 0.0490821
247 0.609123 0.19015 0.0554191
248 0.609123 0.188298 0.0543292
249 0.609123 0.191914 0.0572365
250 0.609123 0.187678 0.0556599
251 0.609123 0.191675 0.0540388
252 0.609123 0.175093 0.0567387
253 0.609123 0.193072 0.0522932
254 0.609123 0.176617 0.0519952
255 0.609123 0.177919 0.0493401
256 0.609123 0.188029 0.0543289
257 0.609123 0.18918 0.0585516
258 0.609123 0.206479 0.0583914
259 0.609123 0.195422 0.0523784
260 0.609123 0.218246 0.0584282
261 0.609123 0.18073 0.0513802
262 0.609123 0.210311 0.0560177
263 0.609123 0.176773 0.0553146
264 0.609123 0.183345 0.0548794
265 0.609123 0.202541 0.0533819
266 0.609123 0.182471 0.0494857
267 0.609123 0.164953 0.0505634
268 0.609123 0.188323 0.0544326
269 0.609123 0.182862 0.0526407
270 0.609123 0.18656 0.0518556
271 0.609123 0.20113 0.0522069
272 0.609123 0.211547 0.0556863
273 0.609123 0.198394 0.0561348
274 0.609123 0.179145 0.0515822
275 0.609123 0.166928 0.0490546
276 0.609123 0.178895 0.053051
277 0.609123 0.190939 0.0561051
278 0.609123 0.179367 0.0521753
279 0.609123 0.205455 0.0560492
280 0.609123 0.200633 0.056215
281 0.609123 0.194459 0.0561118
282 0.609123 0.190868 0.0527695
283 0.609123 0.179828 0.0553778
284 0.609123 0.147521 0.048482
285 0.609123 0.147344 0.0498493
286 0.609123 0.151796 0.0496692
287 0.609123 0.153266 0.0536067
288 0.609123 0.148653 0.0521764
289 0.609123 0.139234 0.0490586
290 0.609123 0.141812 0.0498567
291 0.609123 0.152223 0.0497839
292 0.609123 0.158508 0.0501934
293 0.609123 0.156046 0.0482385
294 0.609123 0.143846 0.0463075
295 0.609123 0.154059 0.0489689
296 0.609123 0.139895 0.0488398
297 0.609123 0.157186 0.0497919
298 0.609123 0.162421 0.0505393
299 0.609123 0.172507 0.0533241
300 0.609123 0.183602 0.0573773
301 0.609123 0.224806 0.0624785
302 0.609123 0.185562 0.053914
303 0.609123 0.203343 0.055321
304 0.609123 0.214298 0.0569263
305 0.609123 0.245099 0.0534274
306 0.609123 0.232656 0.0547068
307 0.609123 0.216083 0.0559195
308 0.609123 0.209923 0.0535308
309 0.609123 0.212878 0.0542799
310 0.609123 0.24006 0.0564377
311 0.609123 0.222715 0.0573041
312 0.609123 0.211794 0.0568849
313 0.609123 0.222103 0.0580377
314 0.609123 0.231145 0.0538238
315 0.609123 0.215331 0.0509754
316 0.609123 0.208941 0.0524063
317 0.609123 0.203141 0.0509582
318 0.609123 0.209585 0.0564128
319 0.609123 0.233737 0.0555696
320 0.609123 0.218997 0.0516791
321 0.609123 0.218783 0.0526999
322 0.609123 0.223783 0.0511178
323 0.609123 0.22372 0.0483467
324 0.609123 0.242421 0.0511972
325 0.609123 0.241355 0.0535767
326 0.609123 0.206354 0.051209
327 0.609123 0.190277 0.0517927
328 0.609123 0.195213 0.047731
329 0.609123 0.199945 0.0521185
330 0.609123 0.176594 0.0511338
331 0.609123 0.186542 0.0556199
332 0.609123 0.169259 0.055851
333 0.609123 0.162636 0.0497694
334 0.609123 0.188049 0.0531613
335 0.609123 0.173438 0.0547096
336 0.609123 0.215818 0.0590543
337 0.609123 0.217909 0.0564959
338 0.609123 0.196425 0.0548092
339 0.609123 0.193715 0.0553029
340 0.609123 0.196572 0.0537517
341 0.609123 0.174911 0.0486911
342 0.60954 0.191285 0.0548719
343 0.60954 0.197802 0.058683
344 0.60954 0.166685 0.0538755
345 0.60954 0.198751 0.0564919
346 0.60954 0.19303 0.0538497
347 0.60954 0.176502 0.0490032
348 0.60954 0.184995 0.0569918
349 0.60954 0.190033 0.0577783
350 0.60954 0.163063 0.0501592
351 0.60954 0.178054 0.0525428
352 0.60954 0.190924 0.0535938
353 0.60954 0.210357 0.0584426
354 0.60954 0.184149 0.0535968
355 0.60954 0.185066 0.0546522
356 0.60954 0.19443 0.0580699
357 0.60954 0.195936 0.0574886
358 0.60954 0.195242 0.0548581
359 0.60954 0.176068 0.0523357
360 0.60954 0.202313 0.056046
361 0.60954 0.225525 0.0581348
362 0.60954 0.249885 0.0563167
363 0.60954 0.248297 0.0557069
364 0.60954 0.217895 0.0566912
365 0.60954 0.221929 0.0582227
366 0.60954 0.232638 0.0628728
367 0.60954 0.227331 0.0564448
368 0.60954 0.208442 0.0516554
369 0.60954 0.220595 0.052917
370 0.60954 0.23419 0.0599468
371 0.60954 0.224981 0.0632043
372 0.60954 0.229041 0.0576149
373 0.60954 0.205604 0.0561716
374 0.60954 0.197501 0.0559051
375 0.60954 0.187301 0.0545801
376 0.60954 0.194459 0.060352
377 0.60954 0.192497 0.0566194
378 0.60954 0.18097 0.0527893
379 0.60954 0.218223 0.0537011
380 0.60954 0.214984 0.0566569
381 0.60954 0.226796 0.0592262
382 0.60954 0.214234 0.0524908
383 0.60954 0.240318 0.0554403
384 0.60954 0.204986 0.0489669
385 0.60954 0.220884 0.0497415
386 0.60954 0.208519 0.0530029
387 0.60954 0.213526 0.051152
388 0.60954 0.207885 0.0547227
389 0.60954 0.213551 0.0539951
390 0.60954 0.234079 0.0559531
391 0.60954 0.210341 0.0531642
392 0.60954 0.214556 0.0553357
393 0.60954 0.215682 0.0544149
394 0.60954 0.191978 0.0530675
395 0.60954 0.198992 0.0546935
396 0.60954 0.203521 0.0503485
397 0.60954 0.182115 0.0517778
398 0.60954 0.185174 0.0489408
399 0.60954 0.197408 0.0541213
400 0.60954 0.214706 0.0576105
401 0.60954 0.218534 0.0567069
402 0.60954 0.217245 0.059385
403 0.60954 0.211185 0.0582441
404 0.60954 0.194478 0.0507062
405 0.60954 0.19259 0.0522753
406 0.60954 0.187012 0.0503743
407 0.60954 0.200578 0.0556334
408 0.60954 0.228239 0.0530389
409 0.60954 0.232044 0.0534145
410 0.60954 0.189251 0.0528013
411 0.60954 0.212549 0.0562869
412 0.60954 0.193011 0.0557516
413 0.60954 0.189479 0.0492211
414 0.60954 0.172111 0.0442652
415 0.60954 0.191619 0.0550025
416 0.60954 0.189246 0.0510804
417 0.60954 0.218097 0.0575357
418 0.60954 0.203875 0.0593722
419 0.60954 0.189767 0.0587658
420 0.60954 0.213488 0.0594575
421 0.60954 0.205404 0.0585706
422 0.60954 0.215005 0.0565371
423 0.60954 0.213067 0.0570616
424 0.60954 0.187508 0.0559356
425 0.60954 0.190285 0.0564324
426 0.60954 0.208052 0.0601775
427 0.60954 0.21044 0.061194
428 0.60954 0.207682 0.0545662
429 0.60954 0.211663 0.050731
430 0.60954 0.200344 0.0517088
431 0.60954 0.172408 0.0482247
432 0.60954 0.169842 0.052626
433 0.60954 0.183908 0.0532139
434 0.60954 0.194617 0.0518879
435 0.60954 0.183901 0.0525886
436 0.60954 0.172742 0.052542
437 0.60954 0.159738 0.0564197
438 0.60954 0.139908 0.0530496
439 0.60954 0.158466 0.0516127
440 0.60954 0.171932 0.0582036
441 0.60954 0.16444 0.0533094
442 0.60954 0.165428 0.0538728
443 0.60954 0.166272 0.0515229
444 0.60954 0.189138 0.05164
445 0.60954 0.21678 0.0582634
446 0.60954 0.200046 0.0579272
447 0.60954 0.203803 0.0567511
448 0.60954 0.188964 0.0518012
449 0.60954 0.17098 0.0473604
450 0.60954 0.152744 0.0475638
451 0.60954 0.173301 0.0508629
452 0.60954 0.180652 0.0513268
453 0.60954 0.15104 0.0485019
454 0.60954 0.168797 0.0496471
455 0.60954 0.150836 0.0476621
456 0.60954 0.159418 0.047179
457 0.60954 0.203068 0.0541823
458 0.60954 0.172438 0.0522247
459 0.60954 0.17804 0.0509327
460 0.60954 0.165252 0.0521148
461 0.60954 0.212501 0.054939
462 0.60954 0.191053 0.0538205
463 0.60954 0.220476 0.0559906
464 0.60954 0.205412 0.0554065
465 0.60954 0.215678 0.0584605
466 0.60954 0.209223 0.0548917
467 0.60954 0.210924 0.056432
468 0.60954 0.236809 0.0549417
469 0.60954 0.212215 0.055381
470 0.60954 0.225778 0.0583187
471 0.60954 0.23034 0.0608951
472 0.60954 0.232293 0.0574651
473 0.60954 0.212859 0.0578517
474 0.60954 0.213677 0.0584273
475 0.60954 0.215558 0.0549283
476 0.60954 0.18894 0.048387
477 0.60954 0.195457 0.0513444
478 0.60954 0.190013 0.0500129
479 0.60954 0.205058 0.0469433
480 0.60954 0.215266 0.0513676
481 0.60954 0.209535 0.0524044
482 0.60954 0.194502 0.0484022
483 0.60954 0.235833 0.0521842
484 0.60954 0.194332 0.0522375
485 0.60954 0.188522 0.051259
486 0.60954 0.188704 0.0528389
487 0.60954 0.164489 0.0479069
488 0.60954 0.164186 0.0484804
489 0.60954 0.229032 0.0544392
490 0.60954 0.226293 0.0570978
491 0.60954 0.208725 0.0558283
492 0.60954 0.23113 0.0552603
493 0.60954 0.201122 0.0505639
494 0.60954 0.173434 0.0509663
495 0.60954 0.194518 0.0565281
496 0.60954 0.18688 0.0508471
497 0.60954 0.182396 0.0540501
498 0.60954 0.162505 0.0492129
499 0.60954 0.163126 0.0495369
500 0.60954 0.176499 0.0515219
501 0.60954 0.210312 0.0580694
502 0.60954 0.18172 0.0551656
503 0.60954 0.222554 0.0543539
504 0.60954 0.207687 0.0524366
505 0.60954 0.206624 0.0530889
506 0.60954 0.205989 0.052177
507 0.60954 0.230681 0.0525208
508 0.60954 0.255015 0.0627276
509 0.60954 0.210103 0.055486
510 0.60954 0.215831 0.0539856
511 0.60954 0.21356 0.0511782
512 0.60954 0.212485 0.0532398
513 0.60954 0.20904 0.0558269
514 0.60954 0.207503 0.0481442
515 0.60954 0.177092 0.0487769
516 0.60954 0.190644 0.0515759
517 0.60954 0.179324 0.0515455
518 0.60954 0.179342 0.0516639
519 0.60954 0.178924 0.0511195
520 0.60954 0.180891 0.0509802
521 0.60954 0.183837 0.0528918
522 0.60954 0.144184 0.0531262
523 0.60954 0.155682 0.0510237
524 0.60954 0.161066 0.0533193
525 0.60954 0.175241 0.0546417
526 0.60954 0.19303 0.0600221
527 0.60954 0.202097 0.0576896
528 0.612896 0.229236 0.0595102
529 0.612896 0.229846 0.0606483
530 0.612896 0.228192 0.0566047
531 0.612896 0.230832 0.0561379
532 0.612896 0.190039 0.0518583
533 0.612896 0.205181 0.0522714
534 0.612896 0.18493 0.0515799
535 0.612896 0.187708 0.0549212
536 0.612896 0.243602 0.0603361
537 0.612896 0.179977 0.053698
538 0.612896 0.236733 0.0583091
539 0.612896 0.216496 0.0573371
540 0.612896 0.203271 0.0567704
541 0.612896 0.175555 0.0541308
542 0.612896 0.181684 0.054349
543 0.612896 0.187294 0.0490192
544 0.612896 0.181984 0.0524579
545 0.612896 0.157386 0.0496784
546 0.612896 0.154968 0.0503414
547 0.612896 0.186981 0.05726
548 0.612896 0.193222 0.060142
549 0.612896 0.174161 0.0573631
550 0.612896 0.183734 0.0515421
551 0.612896 0.206563 0.0545553
552 0.612896 0.202556 0.0560627
553 0.612896 0.207384 0.0576434
554 0.612896 0.162428 0.0510951
555 0.612896 0.204358 0.0597394
556 0.612896 0.178583 0.0529969
557 0.612896 0.167101 0.0533759
558 0.612896 0.157226 0.0500961
559 0.612896 0.173772 0.0512409
560 0.612896 0.175199 0.0511777
561 0.612896 0.204717 0.0592465
562 0.612896 0.230609 0.0574807
563 0.612896 0.178291 0.0522864
564 0.612896 0.182053 0.0547034
565 0.612896 0.190758 0.0535706
566 0.612896 0.203616 0.0571789
567 0.612896 0.177607 0.0545822
568 0.612896 0.201239 0.0547827
569 0.612896 0.225808 0.0587485
570 0.612896 0.198794 0.0562594
571 0.612896 0.224959 0.0537348
572 0.612896 0.209208 0.0516339
573 0.612896 0.207923 0.0527058
574 0.612896 0.215739 0.0552047
575 0.612896 0.192448 0.0529135
576 0.612896 0.20008 0.051857
577 0.612896 0.207961 0.0513805
578 0.612896 0.19417 0.0515648
579 0.612896 0.193244 0.0508873
580 0.612896 0.202845 0.055516
581 0.612896 0.196473 0.0519854
582 0.612896 0.183434 0.0507844
583 0.612896 0.216575 0.0547587
584 0.612896 0.208937 0.0575147
585 0.612896 0.201466 0.0583378
586 0.612896 0.211395 0.0562824
587 0.612896 0.209981 0.0564933
588 0.612896 0.158786 0.0491408
589 0.612896 0.173265 0.0533986
590 0.612896 0.180341 0.0535249
591 0.612896 0.190522 0.0529296
592 0.612896 0.209272 0.0561862
593 0.612896 0.193953 0.053844
594 0.612896 0.212084 0.0555348
595 0.612896 0.217228 0.0568114
596 0.612896 0.216983 0.0576025
597 0.612896 0.212899 0.0561581
598 0.612896 0.223281 0.0571894
599 0.612896 0.192126 0.0524703
600 0.612896 0.201977 0.052426
601 0.612896 0.214609 0.053061
602 0.612896 0.206659 0.0519534
603 0.612896 0.213241 0.0504527
604 0.612896 0.197051 0.0515786
605 0.612896 0.196556 0.0554776
606 0.612896 0.200274 0.0540172
607 0.612896 0.201962 0.0472776
608 0.612896 0.183757 0.0475205
609 0.612896 0.216381 0.0573267
610 0.612896 0.23415 0.0547443
611 0.612896 0.208333 0.0535145
612 0.612896 0.189594 0.0523867
613 0.612896 0.205256 0.0576032
614 0.612896 0.219993 0.05572
615 0.612896 0.198358 0.0508174
616 0.612896 0.199959 0.0535455
617 0.612896 0.214005 0.0531743
618 0.612896 0.197813 0.0531575
619 0.612896 0.229947 0.059526
620 0.612896 0.24893 0.0588031
621 0.612896 0.210213 0.0506234
622 0.612896 0.26045 0.0575308
623 0.612896 0.221507 0.0550058
624 0.612896 0.204559 0.0547673
625 0.612896 0.206211 0.0547579
626 0.612896 0.214498 0.0565955
627 0.612896 0.218232 0.0566432
628 0.612896 0.194541 0.056955
629 0.612896 0.18051 0.0527571
630 0.612896 0.200421 0.0576462
631 0.612896 0.18562 0.0536295
632 0.612896 0.201602 0.0558523
633 0.612896 0.205602 0.0542327
634 0.612896 0.213243 0.0557082
635 0.612896 0.199799 0.0507266
636 0.612896 0.192742 0.0510623
637 0.612896 0.231373 0.0501802
638 0.612896 0.228982 0.0528556
639 0.612896 0.223591 0.0515553
640 0.612896 0.20579 0.056339
641 0.612896 0.185015 0.0502392
642 0.612896 0.190118 0.0503132
643 0.612896 0.213337 0.0530949
644 0.612896 0.202952 0.0544179
645 0.612896 0.211979 0.0594662
646 0.612896 0.218802 0.0594041
647 0.612896 0.189255 0.053725
648 0.612896 0.208449 0.0507167
649 0.612896 0.184952 0.0525908
650 0.612896 0.199823 0.0573609
651 0.612896 0.183864 0.0488185
652 0.612896 0.180617 0.0455253
653 0.612896 0.1928 0.0498568
654 0.612896 0.195955 0.0492383
655 0.612896 0.176974 0.0495284
656 0.612896 0.190569 0.0474323
657 0.612896 0.202084 0.0500336
658 0.612896 0.175159 0.0493949
659 0.612896 0.200073 0.0502235
660 0.612896 0.211093 0.0545097
661 0.612896 0.177979 0.0503551
662 0.612896 0.176252 0.0521972
663 0.612896 0.177528 0.0492637
664 0.612896 0.187742 0.0512286
665 0.612896 0.208043 0.0531465
666 0.612896 0.180891 0.0492643
667 0.612896 0.190461 0.0559632
668 0.612896 0.179602 0.0590593
669 0.612896 0.184916 0.0589464
670 0.612896 0.163952 0.0516623
671 0.612896 0.19833 0.0553822
672 0.612896 0.166926 0.0454747
673 0.612896 0.19833 0.0521368
674 0.612896 0.220414 0.0555831
675 0.612896 0.225869 0.0574327
676 0.612896 0.207337 0.0559683
677 0.612896 0.202847 0.0537738
678 0.612896 0.186426 0.0532635
679 0.612896 0.208015 0.0558196
680 0.612896 0.201781 0.0527136
681 0.612896 0.193055 0.0538482
682 0.612896 0.15717 0.0463986
683 0.612896 0.151542 0.0492194
684 0.612896 0.152833 0.0542056
685 0.612896 0.172262 0.0538843
686 0.612896 0.18015 0.0517063
687 0.612896 0.161981 0.0498283
688 0.612896 0.180578 0.0530684
689 0.612896 0.190349 0.058813
690 0.6132 0.185571 0.0575549
691 0.6132 0.19315 0.0579587
692 0.6132 0.167286 0.0520467
693 0.6132 0.204131 0.0554657
694 0.61352 0.232884 0.0588348
695 0.61352 0.204142 0.0574377
696 0.61352 0.173119 0.0489991
697 0.61352 0.204227 0.0555031
698 0.61352 0.205086 0.056265
699 0.61352 0.188738 0.0567262
700 0.61352 0.184413 0.0552305
701 0.61352 0.18459 0.052969
702 0.61352 0.164839 0.0508072
703 0.61352 0.158441 0.0554864
704 0.61352 0.172591 0.0570595
705 0.61352 0.179003 0.0561861
706 0.61352 0.16067 0.0522355
707 0.61352 0.166585 0.0543159
708 0.61352 0.164311 0.0474652
709 0.61352 0.170474 0.050777
710 0.61352 0.1574 0.0520948
711 0.61352 0.141079 0.0469746
712 0.61352 0.162467 0.0516288
713 0.61352 0.179807 0.0553787
714 0.61352 0.178521 0.0520604
715 0.61352 0.198739 0.0526276
716 0.61352 0.19594 0.0506812
717 0.61352 0.180971 0.0527867
718 0.61352 0.189793 0.0530181
719 0.61352 0.173604 0.0476009
720 0.61352 0.192293 0.0524258
721 0.61352 0.178053 0.0467684
722 0.61352 0.166279 0.0531717
723 0.61352 0.185633 0.0515563
724 0.61352 0.189549 0.0581927
725 0.61352 0.205833 0.0562627
726 0.615016 0.183083 0.0571013
727 0.615016 0.166584 0.0543696
728 0.615016 0.170264 0.051865
729 0.615016 0.168335 0.0527952
730 0.615016 0.193456 0.0579689
731 0.615016 0.17584 0.0516944
732 0.615016 0.169748 0.0500423
733 0.615016 0.185549 0.0511658
734 0.615016 0.1965 0.0509827
735 0.615016 0.186375 0.0550239
736 0.615016 0.197475 0.054855
737 0.615016 0.186534 0.0562457
738 0.615016 0.159477 0.046831
739 0.615016 0.201721 0.056841
740 0.615016 0.202195 0.0513672
741 0.615016 0.193476 0.0520481
742 0.615016 0.16736 0.0487362
743 0.615016 0.180955 0.0531209
744 0.615016 0.185669 0.0471388
745 0.615016 0.176459 0.049136
746 0.615016 0.174281 0.0472567
747 0.615016 0.155895 0.0513394
748 0.615016 0.190575 0.0542456
749 0.615016 0.179884 0.0560162
750 0.615016 0.19022 0.0496658
751 0.615016 0.183142 0.0573343
752 0.615016 0.168099 0.0501474
753 0.615016 0.165006 0.0524672
754 0.615016 0.177151 0.0548388
755 0.615016 0.171537 0.0558054
756 0.615016 0.196706 0.0553085
757 0.615016 0.185554 0.0555041
758 0.615016 0.166994 0.0524196
759 0.615016 0.184796 0.0548753
760 0.615016 0.204038 0.0559435
761 0.615016 0.210808 0.0575198
762 0.615016 0.20171 0.0577164
763 0.615016 0.208908 0.0592933
764 0.615016 0.19789 0.0545221
765 0.615016 0.203844 0.0555817
766 0.615016 0.184667 0.0555424
767 0.615016 0.192005 0.0536465
768 0.615016 0.214096 0.0533939
769 0.615016 0.181724 0.0582618
770 0.615016 0.196836 0.0615747
771 0.615016 0.18625 0.054428
772 0.615016 0.208699 0.061073
773 0.615016 0.192428 0.0578194
774 0.615016 0.174077 0.0513419
775 0.615016 0.178247 0.0571427
776 0.615016 0.19422 0.0522694
777 0.615016 0.201017 0.0552924
778 0.615016 0.184445 0.0515612
779 0.615016 0.196742 0.0533088
780 0.615016 0.20908 0.0519255
781 0.615016 0.195498 0.0533792
782 0.615016 0.183287 0.0537007
783 0.615016 0.164763 0.0490501
784 0.615016 0.172478 0.0506203
785 0.615016 0.163821 0.0509788
786 0.615016 0.203846 0.0565792
787 0.615016 0.192641 0.0548975
788 0.615016 0.188931 0.049711
789 0.615016 0.178948 0.0513975
790 0.615016 0.170683 0.0477289
791 0.615016 0.161296 0.052346
792 0.615016 0.17925 0.0570361
793 0.615016 0.1722 0.0517563
794 0.615016 0.176016 0.0593221
795 0.615016 0.178726 0.0541568
796 0.615016 0.160338 0.0502353
797 0.615016 0.158044 0.0492509
798 0.615016 0.203344 0.0566574
799 0.615016 0.197583 0.0552071
800 0.615016 0.186913 0.0531265
801 0.615016 0.197159 0.0563092
802 0.615016 0.18262 0.050939
803 0.615016 0.214762 0.0552076
804 0.615016 0.218935 0.0526522
805 0.615016 0.218028 0.0556475
806 0.615016 0.231788 0.0522212
807 0.615016 0.241048 0.0551912
808 0.615016 0.205867 0.0562254
809 0.615016 0.159825 0.0464534
810 0.615016 0.19049 0.0535081
811 0.615016 0.189658 0.0553731
812 0.615016 0.175491 0.0523379
813 0.615016 0.161156 0.0483918
814 0.615016 0.193478 0.0551791
815 0.615016 0.169514 0.0503566
816 0.615016 0.216932 0.0543968
817 0.615016 0.176632 0.0560952
818 0.615016 0.178656 0.0581286
819 0.615016 0.172528 0.0521833
820 0.615016 0.196048 0.0532374
821 0.615016 0.200485 0.0558681
822 0.615016 0.183446 0.0537995
823 0.615016 0.166691 0.0479462
824 0.615016 0.187391 0.0517783
825 0.615016 0.195804 0.0537808
826 0.615016 0.185668 0.0531084
827 0.615016 0.177047 0.0532629
828 0.615016 0.187473 0.0554171
829 0.615016 0.205833 0.0515369
830 0.615016 0.180492 0.0550835
831 0.615016 0.206446 0.0520853
832 0.615016 0.194186 0.0567362
833 0.615016 0.210386 0.0551674
834 0.615016 0.211897 0.0611911
835 0.615016 0.205884 0.0571589
836 0.615016 0.211598 0.0587222
837 0.615016 0.198934 0.0577091
838 0.615016 0.187192 0.0580469
839 0.615016 0.176439 0.0537887
840 0.615016 0.186187 0.0516284
841 0.615016 0.20985 0.0526103
842 0.615016 0.227939 0.0575549
843 0.615016 0.213445 0.0565657
844 0.615016 0.196233 0.0541558
845 0.615016 0.18186 0.0535546
846 0.615016 0.190607 0.0558635
847 0.615016 0.19615 0.0581929
848 0.615016 0.15567 0.0507488
849 0.615016 0.150314 0.0462667
850 0.615016 0.162974 0.0481799
851 0.615016 0.168309 0.0517507
852 0.615016 0.154434 0.0488213
853 0.615016 0.162869 0.0495201
854 0.615016 0.182701 0.0538354
855 0.615016 0.145988 0.0474585
856 0.615016 0.176272 0.0552145
857 0.615016 0.158779 0.0520535
858 0.615016 0.164467 0.0546042
859 0.615016 0.194382 0.056324
860 0.615016 0.165988 0.0496867
861 0.615016 0.191764 0.0545749
862 0.615016 0.207649 0.0565243
863 0.615016 0.181419 0.0477224
864 0.615016 0.190281 0.0505721
865 0.615016 0.18837 0.0498985
866 0.615016 0.178711 0.0476665
867 0.615016 0.181684 0.0478724
868 0.615016 0.198342 0.052198
869 0.615016 0.161562 0.0423644
870 0.615016 0.170299 0.0489716
871 0.615016 0.168243 0.0535965
872 0.615016 0.137736 0.0469717
873 0.615016 0.13659 0.0431313
874 0.615016 0.175284 0.0494574
875 0.615016 0.194328 0.0497623
876 0.615016 0.178635 0.0490845
877 0.615016 0.187661 0.0514371
878 0.615016 0.190646 0.0525906
879 0.615016 0.200046 0.0513844
880 0.615016 0.200228 0.0524476
881 0.615016 0.201112 0.0543731
882 0.615016 0.186081 0.0517594
883 0.615016 0.184737 0.0499085
884 0.615016 0.187542 0.0489229
885 0.615016 0.196094 0.0537775
886 0.615016 0.184012 0.0523443
887 0.615016 0.201531 0.0492403
888 0.615016 0.184891 0.0512657
889 0.615016 0.194156 0.0571215
890 0.615016 0.210549 0.057393
891 0.615016 0.188146 0.0549762
892 0.615016 0.187268 0.0527865
893 0.615016 0.179386 0.0478743
894 0.615016 0.184327 0.0521793
895 0.615016 0.189664 0.0511627
896 0.615016 0.180232 0.0528511
897 0.615016 0.21378 0.052582
898 0.615016 0.227298 0.0586515
899 0.615016 0.195978 0.0566109
900 0.615016 0.192167 0.0551111
901 0.615016 0.196558 0.0550038
902 0.615016 0.197746 0.0521974
903 0.615016 0.18189 0.0498955
904 0.615016 0.182354 0.0531356
905 0.615016 0.187535 0.055738
906 0.615016 0.18643 0.0547183
907 0.615016 0.196869 0.0536732
908 0.615016 0.203676 0.0542007
909 0.615016 0.180231 0.0523938
910 0.615016 0.167719 0.0518224
911 0.615016 0.19328 0.0551501
912 0.615016 0.216003 0.0544154
913 0.615016 0.180492 0.0524885
914 0.615016 0.178765 0.0524078
915 0.615016 0.17863 0.0548835
916 0.615016 0.177377 0.0528644
917 0.615016 0.203907 0.0537426
918 0.615016 0.171819 0.0531488
919 0.615016 0.172059 0.0482793
920 0.615016 0.176984 0.0513399
921 0.615016 0.17883 0.0518647
922 0.615016 0.200105 0.0505407
923 0.615016 0.223804 0.0540927
924 0.615016 0.193022 0.0543927
925 0.615016 0.193464 0.0577859
926 0.615016 0.192771 0.0553053
927 0.615016 0.192062 0.0582751
928 0.615016 0.174979 0.0532337
929 0.615016 0.211372 0.057266
930 0.615016 0.206625 0.0555865
931 0.615016 0.188239 0.0537139
932 0.615016 0.150923 0.0480478
933 0.615016 0.155985 0.0506372
934 0.615016 0.185943 0.0545676
935 0.615016 0.186961 0.0518611
936 0.615016 0.167652 0.0503864
937 0.615016 0.164141 0.0488583
938 0.615016 0.165338 0.0518545
939 0.615016 0.193285 0.0556898
940 0.615016 0.191854 0.0527514
941 0.615016 0.168325 0.0520462
942 0.615016 0.178921 0.0529083
943 0.615016 0.163123 0.0482461
944 0.615016 0.154864 0.0492812
945 0.615016 0.156668 0.0498751
946 0.615016 0.188711 0.0620632
947 0.615016 0.178571 0.0549645
948 0.615016 0.185324 0.0595433
949 0.615016 0.176011 0.0549932
950 0.615016 0.216482 0.0573018
951 0.615016 0.188888 0.0541709
952 0.615016 0.204121 0.0573283
953 0.615016 0.208599 0.0577219
954 0.615016 0.198646 0.0568877
955 0.615016 0.21413 0.0614728
956 0.615016 0.21569 0.0596246
957 0.615016 0.212988 0.0601971
958 0.615016 0.214542 0.062444
959 0.615016 0.190955 0.0544209
960 0.615016 0.218257 0.0588398
961 0.615016 0.197956 0.0519033
962 0.615016 0.166309 0.0486975
963 0.615016 0.158923 0.0471619
964 0.615016 0.184713 0.0524056
965 0.615016 0.18482 0.0547404
966 0.615016 0.177025 0.0513166
967 0.615016 0.181035 0.0553793
968 0.615016 0.14953 0.050596
969 0.615016 0.168334 0.0567195
970 0.615016 0.159079 0.0488218
971 0.615016 0.193568 0.0556301
972 0.615016 0.234152 0.0583377
973 0.615016 0.222719 0.0588664
974 0.615016 0.20025 0.0582716
975 0.615016 0.168923 0.0528098
976 0.615016 0.215183 0.0503275
977 0.615016 0.211177 0.0538224
978 0.615016 0.200638 0.0562578
979 0.615016 0.174593 0.0515806
980 0.615016 0.190184 0.0545784
981 0.615016 0.160344 0.051123
982 0.615016 0.194976 0.0532648
983 0.615016 0.215939 0.0551102
984 0.615016 0.195408 0.0568794
985 0.615016 0.165488 0.049219
986 0.615016 0.222084 0.0602589
987 0.615016 0.237161 0.0597159
988 0.615016 0.190049 0.0544861
989 0.615016 0.181155 0.052483
990 0.615016 0.172854 0.05168
991 0.615016 0.18751 0.0572897
992 0.615016 0.205579 0.0578096
993 0.615016 0.191939 0.0562625
994 0.615016 0.209827 0.0614488
995 0.615016 0.176255 0.0538806
996 0.615016 0.172703 0.0496508
997 0.615016 0.179296 0.0513867
998 0.615016 0.199605 0.0564533
999 0.615016 0.20026 0.050816
1000 0.615016 0.202324 0.0533192
