0 0.125271 0.055927 0.00383211
1 0.125271 0.0698511 0.00384684
2 0.125273 0.0690614 0.00388605
3 0.125273 0.0734143 0.00376191
4 0.125273 0.0740371 0.00379811
5 0.125273 0.0889813 0.00322512
6 0.125273 0.0895089 0.00315748
7 0.125277 0.0914303 0.00310567
8 0.125277 0.0940987 0.00292444
9 0.125277 0.0931928 0.00294061
10 0.125277 0.102868 0.00228485
11 0.125277 0.10799 0.00183333
12 0.125277 0.107881 0.00185198
13 0.125277 0.106612 0.00196775
14 0.125277 0.105269 0.00209572
15 0.125277 0.101481 0.00241365
16 0.125277 0.101152 0.00239618
17 0.125277 0.0960688 0.00272686
18 0.125277 0.093989 0.00285161
19 0.125277 0.101847 0.00231048
20 0.125277 0.104934 0.00210507
21 0.125277 0.104693 0.00209057
22 0.125277 0.10663 0.00196515
23 0.125277 0.110294 0.00163607
24 0.125277 0.106495 0.00199255
25 0.125277 0.105241 0.00210345
26 0.125277 0.102037 0.00230896
27 0.125277 0.103071 0.00219349
28 0.125277 0.108863 0.00176695
29 0.125277 0.0996787 0.00250153
30 0.125277 0.101078 0.0024039
31 0.125277 0.108947 0.00177847
32 0.125277 0.11516 0.00116012
33 0.125277 0.113515 0.00129516
34 0.125277 0.112034 0.0014284
35 0.125277 0.11391 0.00129239
36 0.125277 0.112824 0.0013861
37 0.125277 0.116437 0.00101872
38 0.125277 0.112656 0.00141615
39 0.125277 0.105459 0.00206193
40 0.125277 0.101518 0.00240414
41 0.125277 0.104562 0.00212284
42 0.125277 0.10474 0.00209479
43 0.125277 0.101783 0.00235465
44 0.125277 0.0982409 0.0026126
45 0.125277 0.0916824 0.00306114
46 0.125277 0.0923395 0.00297928
47 0.125277 0.0965686 0.00276394
48 0.125277 0.0928008 0.00300803
49 0.125277 0.0927575 0.00300994
50 0.125277 0.0966023 0.00258583
51 0.125277 0.102727 0.0023074
52 0.125278 0.102765 0.0023062
53 0.125278 0.106851 0.00192124
54 0.125278 0.10342 0.00218705
55 0.125278 0.103147 0.00223324
56 0.125278 0.107455 0.00182584
57 0.125278 0.107592 0.00176457
58 0.125278 0.11063 0.00153009
59 0.125278 0.112137 0.00139952
60 0.125278 0.1131 0.00128646
61 0.125278 0.107876 0.00168039
62 0.125278 0.107094 0.00183324
63 0.125278 0.1116 0.00150296
64 0.125278 0.108656 0.0017109
65 0.125278 0.101899 0.00227709
66 0.125278 0.106973 0.00183968
67 0.125278 0.103308 0.00214166
68 0.125278 0.101757 0.00224905
69 0.125278 0.106282 0.00171574
70 0.125278 0.102024 0.00207575
71 0.125278 0.0988064 0.00240216
72 0.125278 0.10491 0.00204267
73 0.125278 0.111174 0.00153584
74 0.125278 0.110566 0.0014916
75 0.125278 0.115514 0.00108281
76 0.125278 0.117328 0.000851555
77 0.125278 0.12033 0.000566028
78 0.125278 0.12071 0.000496822
79 0.125278 0.122516 0.00030917
80 0.125278 0.121847 0.000363749
81 0.125278 0.119254 0.000677566
82 0.125278 0.116316 0.000999019
83 0.125278 0.116502 0.00100662
84 0.125278 0.111426 0.00153944
85 0.125278 0.114664 0.00117702
86 0.125278 0.114754 0.00114043
87 0.125278 0.117291 0.000863049
88 0.125278 0.115343 0.001124
89 0.125278 0.118897 0.00075155
90 0.125278 0.118921 0.000747418
91 0.125278 0.121975 0.000352099
92 0.125278 0.122794 0.000278481
93 0.125278 0.121585 0.000364785
94 0.125278 0.121616 0.000409713
95 0.125278 0.121461 0.000446585
96 0.125278 0.112692 0.00141192
97 0.125278 0.116946 0.000930571
98 0.125278 0.116561 0.000941789
99 0.125278 0.107811 0.00187052
100 0.125278 0.116468 0.0010135
101 0.125278 0.113896 0.00129494
102 0.125278 0.115308 0.00113138
103 0.125278 0.113897 0.00129573
104 0.125278 0.112685 0.00141659
105 0.125278 0.117669 0.000887176
106 0.125278 0.11551 0.0010896
107 0.125278 0.11891 0.000748013
108 0.125278 0.120685 0.000505529
109 0.125278 0.120517 0.000530486
110 0.125278 0.120165 0.000601922
111 0.125278 0.118918 0.000750698
112 0.125278 0.118902 0.000749001
113 0.125278 0.122653 0.000310122
114 0.125278 0.117012 0.000905392
115 0.125278 0.118199 0.000784217
116 0.125278 0.120721 0.000494669
117 0.125278 0.121398 0.00045991
118 0.125278 0.11891 0.000751717
119 0.125278 0.117929 0.000837097
120 0.125278 0.119094 0.000711322
121 0.125278 0.120554 0.000525091
122 0.125278 0.121402 0.000460441
123 0.125278 0.122647 0.000310091
124 0.125278 0.120151 0.000607591
125 0.125278 0.122664 0.000310177
126 0.125278 0.123916 0.000156678
127 0.125278 0.12142 0.000460574
128 0.125278 0.123904 0.000156646
129 0.125278 0.121474 0.000441966
130 0.125278 0.121401 0.000460433
131 0.125278 0.120163 0.000607471
132 0.125278 0.115185 0.00115524
133 0.125278 0.117646 0.000892062
134 0.125278 0.116394 0.00103001
135 0.125278 0.118907 0.000751673
136 0.125278 0.121411 0.000458719
137 0.125278 0.116394 0.00103002
138 0.125278 0.115144 0.00116454
139 0.125278 0.116393 0.00103
140 0.125278 0.120157 0.000607654
141 0.125278 0.117655 0.00089251
142 0.125278 0.116394 0.00103003
143 0.125278 0.115134 0.00116427
144 0.125278 0.111406 0.00154695
145 0.125278 0.112633 0.00142381
146 0.125278 0.113882 0.00129495
147 0.125278 0.117654 0.000891517
148 0.125278 0.118912 0.000747036
149 0.125278 0.113894 0.00129531
150 0.125278 0.116402 0.00103015
151 0.125278 0.112639 0.00142397
152 0.125278 0.116401 0.00103014
153 0.125278 0.11148 0.00152716
154 0.125278 0.11641 0.00103022
155 0.125278 0.115159 0.0011625
156 0.125278 0.1114 0.00154931
157 0.125278 0.107655 0.00190573
158 0.125278 0.11021 0.00165638
159 0.125278 0.113897 0.00129596
160 0.125278 0.117661 0.000892597
161 0.125278 0.121411 0.000460509
162 0.125278 0.122655 0.000310133
163 0.125278 0.121405 0.000460465
164 0.125278 0.117656 0.000892452
165 0.125278 0.11641 0.00103029
166 0.125278 0.113896 0.00129595
167 0.125278 0.115156 0.00116478
168 0.125278 0.116399 0.0010301
169 0.125278 0.116412 0.00103034
170 0.125278 0.118906 0.000751661
171 0.125278 0.122662 0.000310172
172 0.125278 0.121405 0.000460464
173 0.125278 0.121396 0.000460392
174 0.125278 0.118905 0.000751649
175 0.125278 0.117649 0.000892419
176 0.125278 0.118899 0.00075157
177 0.125278 0.118898 0.000751565
178 0.125278 0.113894 0.00129589
179 0.125278 0.1189 0.000751578
180 0.125278 0.117679 0.00088426
181 0.125278 0.116426 0.0010219
182 0.125278 0.116393 0.00103001
183 0.125278 0.118897 0.00075155
184 0.125278 0.118893 0.000751493
185 0.125278 0.11641 0.0010303
186 0.125278 0.117654 0.000892492
187 0.125279 0.11764 0.000892282
188 0.125279 0.12015 0.000607582
189 0.125279 0.120152 0.000607598
190 0.125279 0.12016 0.000607686
191 0.125279 0.116408 0.00103026
192 0.125279 0.120163 0.000607713
193 0.125279 0.117659 0.000892569
194 0.125279 0.118911 0.000751728
195 0.125279 0.121405 0.000460458
196 0.125279 0.122663 0.000310176
197 0.125279 0.121398 0.000460412
198 0.125279 0.117646 0.000892378
199 0.125279 0.117637 0.000892239
200 0.125279 0.11708 0.000917294
201 0.125279 0.116402 0.00103015
202 0.125279 0.118908 0.000751686
203 0.125279 0.120158 0.000607665
204 0.125279 0.121463 0.000447236
205 0.125279 0.120328 0.000566433
206 0.125279 0.119348 0.000653557
207 0.125279 0.121415 0.000457744
208 0.125279 0.118905 0.000751648
209 0.125279 0.117639 0.000892267
210 0.125279 0.116397 0.00103008
211 0.125279 0.120161 0.000607696
212 0.125279 0.120149 0.000607578
213 0.125279 0.117643 0.000892333
214 0.125279 0.120713 0.000502145
215 0.125279 0.11905 0.000718228
216 0.125279 0.118932 0.00074511
217 0.125279 0.118907 0.000751483
218 0.125279 0.118906 0.000751661
219 0.125279 0.117653 0.000892485
220 0.125279 0.120146 0.000607545
221 0.125279 0.116408 0.00103016
222 0.125279 0.120153 0.000607618
223 0.125279 0.115146 0.00116457
224 0.125279 0.116402 0.00103015
225 0.125279 0.116394 0.00103002
226 0.125279 0.120152 0.000607603
227 0.125279 0.117827 0.000854932
228 0.125279 0.117664 0.000891665
229 0.125279 0.120161 0.000607035
230 0.125279 0.117647 0.000892387
231 0.125279 0.117649 0.000892415
232 0.125279 0.115149 0.00116464
233 0.125279 0.116401 0.00103013
234 0.125279 0.120159 0.000607672
235 0.125279 0.116397 0.00103007
236 0.125279 0.118895 0.00075152
237 0.125279 0.11765 0.000892428
238 0.125279 0.118902 0.000751611
239 0.125279 0.117653 0.000892471
240 0.125279 0.116391 0.00102996
241 0.125279 0.111647 0.00149993
242 0.125279 0.115162 0.0011649
243 0.125279 0.115153 0.00116472
244 0.125279 0.117661 0.000892593
245 0.125279 0.12266 0.00031016
246 0.125279 0.123912 0.000156666
247 0.125279 0.12142 0.000460573
248 0.125279 0.119449 0.000649951
249 0.125279 0.119201 0.000689195
250 0.125279 0.117688 0.000885327
251 0.125279 0.120152 0.000607604
252 0.125279 0.120152 0.000607602
253 0.125279 0.121514 0.000433903
254 0.125279 0.122653 0.000310123
255 0.125279 0.122653 0.000310126
256 0.125279 0.122646 0.000310088
257 0.125279 0.123902 0.000156641
258 0.125279 0.121404 0.000460454
259 0.125279 0.121411 0.000460505
260 0.125279 0.121396 0.000460397
261 0.125279 0.120154 0.000607626
262 0.125279 0.116403 0.00103017
263 0.125279 0.11767 0.000888455
264 0.125279 0.116395 0.00103003
265 0.125279 0.117651 0.000891805
266 0.125279 0.120152 0.000607605
267 0.125279 0.121396 0.000460395
268 0.125279 0.121411 0.000460508
269 0.125279 0.118905 0.000751645
270 0.125279 0.116391 0.00102996
271 0.125279 0.117648 0.000891569
272 0.125279 0.117653 0.000891616
273 0.125279 0.120146 0.000607543
274 0.125279 0.120147 0.000607558
275 0.125279 0.12016 0.000607688
276 0.125279 0.121429 0.000456823
277 0.125279 0.12146 0.000449624
278 0.125279 0.121435 0.000452672
279 0.125279 0.117748 0.000869734
280 0.125279 0.122654 0.000310129
281 0.125279 0.1214 0.000460426
282 0.125279 0.121408 0.000460486
283 0.125279 0.121408 0.000459669
284 0.125279 0.122653 0.000310124
285 0.125279 0.122652 0.000310119
286 0.125279 0.122646 0.000310085
287 0.125279 0.123908 0.000156657
288 0.125279 0.121401 0.000460393
289 0.125279 0.118933 0.000744302
290 0.125279 0.120156 0.000606311
291 0.125279 0.120159 0.000607669
292 0.125279 0.117648 0.000891944
293 0.125279 0.118895 0.000751464
294 0.125279 0.115163 0.00116467
295 0.125279 0.112709 0.00140956
296 0.125279 0.113893 0.00129587
297 0.125279 0.118888 0.00075144
298 0.125279 0.116389 0.00102993
299 0.125279 0.117661 0.000892601
300 0.125279 0.118968 0.000733173
301 0.125279 0.116395 0.00102889
302 0.125279 0.120149 0.000607556
303 0.125279 0.118901 0.000751282
304 0.125279 0.118896 0.000751532
305 0.125279 0.121398 0.000460405
306 0.125314 0.1214 0.000460421
307 0.125314 0.120159 0.000607677
308 0.125314 0.116418 0.00102408
309 0.125314 0.117647 0.000892394
310 0.125314 0.1189 0.000751581
311 0.125314 0.116389 0.00102992
312 0.125314 0.115161 0.0011614
313 0.125314 0.117648 0.00089207
314 0.12545 0.113956 0.00127893
315 0.12545 0.120153 0.000607611
316 0.12545 0.118895 0.000751523
317 0.12545 0.116401 0.00103015
318 0.12545 0.118899 0.000751573
319 0.12545 0.115143 0.00116451
320 0.12545 0.116403 0.00103017
321 0.12545 0.113911 0.00129404
322 0.12545 0.115149 0.00116393
323 0.12545 0.112984 0.00135961
324 0.12545 0.115152 0.00116244
325 0.12545 0.115262 0.00113761
326 0.12545 0.11352 0.00129389
327 0.12545 0.109922 0.00166122
328 0.12545 0.107802 0.00187391
329 0.12545 0.107814 0.00187183
330 0.12545 0.109126 0.0017436
331 0.12545 0.111392 0.0015487
332 0.12545 0.108915 0.00178793
333 0.12545 0.107637 0.00190417
334 0.12545 0.103897 0.00222976
335 0.12545 0.107663 0.00189982
336 0.12545 0.109062 0.00175492
337 0.12545 0.107722 0.00188908
338 0.12545 0.106629 0.00197193
339 0.12545 0.103898 0.00222978
340 0.12545 0.103888 0.00223086
341 0.12545 0.106531 0.00198643
342 0.12545 0.105148 0.00212564
343 0.12545 0.110187 0.00165915
344 0.12545 0.103962 0.00221811
345 0.12545 0.1078 0.0018779
346 0.12545 0.110151 0.00167116
347 0.12545 0.105167 0.00212543
348 0.12545 0.1089 0.00178919
349 0.12545 0.107649 0.00190418
350 0.12545 0.106721 0.00195564
351 0.12545 0.10527 0.00210039
352 0.12545 0.100226 0.00251213
353 0.12545 0.102665 0.00233215
354 0.12545 0.0976525 0.0027128
355 0.12545 0.0964344 0.0027909
356 0.12545 0.0902379 0.00317155
357 0.12545 0.0901983 0.00317638
358 0.12545 0.0939473 0.00295513
359 0.12545 0.0927367 0.00302522
360 0.12545 0.0914114 0.00311031
361 0.125461 0.0939347 0.00296003
362 0.125461 0.0845756 0.00339383
363 0.125558 0.0839076 0.00349578
364 0.125558 0.078892 0.00368676
365 0.125558 0.0839356 0.00349128
366 0.125558 0.0851464 0.0034419
367 0.125558 0.0851494 0.00344198
368 0.125558 0.075229 0.00378153
369 0.125558 0.0789093 0.00368215
370 0.125558 0.0765043 0.00374623
371 0.125558 0.0814784 0.00358818
372 0.125572 0.0827391 0.00353485
373 0.125572 0.0814789 0.0035855
374 0.125572 0.0827665 0.00352992
375 0.125572 0.085187 0.00343622
376 0.125572 0.0789211 0.00368029
377 0.12579 0.077745 0.00371755
378 0.12579 0.0839833 0.00348316
379 0.12579 0.086412 0.00337978
380 0.12579 0.085189 0.00343452
381 0.12579 0.0701666 0.00389317
382 0.12579 0.0801573 0.00364343
383 0.125979 0.0901791 0.00319076
384 0.125979 0.0803279 0.00362035
385 0.125979 0.0789324 0.00368824
386 0.125979 0.0752747 0.00378209
387 0.126273 0.0716843 0.0038469
388 0.126273 0.0764518 0.00376448
389 0.126273 0.0765816 0.00374271
390 0.126273 0.0765074 0.00375769
391 0.126273 0.0740066 0.00381914
392 0.126273 0.0714991 0.00387443
393 0.126273 0.0794683 0.00362451
394 0.126571 0.0819345 0.0035419
395 0.126571 0.0892963 0.00320514
396 0.126571 0.0892637 0.00321481
397 0.126571 0.079359 0.00363538
398 0.126571 0.0753668 0.00377723
399 0.126571 0.0754245 0.00377019
400 0.126571 0.075658 0.00374462
401 0.126571 0.0782972 0.00366566
402 0.126571 0.0802519 0.00364463
403 0.126571 0.0803414 0.00362942
404 0.126571 0.0967123 0.00276409
405 0.126571 0.0855177 0.00340338
406 0.126571 0.0905899 0.00313508
407 0.126571 0.0928576 0.0030264
408 0.126571 0.0779983 0.00369236
409 0.130142 0.0867116 0.00336757
410 0.130142 0.0756218 0.00375714
411 0.130142 0.0782103 0.00367908
412 0.130142 0.074707 0.00375213
413 0.130142 0.0743057 0.00379697
414 0.130142 0.0720183 0.00383405
415 0.130142 0.0680539 0.00392516
416 0.130142 0.0668165 0.00392845
417 0.130142 0.0682924 0.00389664
418 0.130142 0.0711548 0.00382514
419 0.130142 0.0737622 0.00377088
420 0.130142 0.080881 0.00358014
421 0.130142 0.0858547 0.00336108
422 0.130142 0.081361 0.0035202
423 0.130142 0.0765939 0.00360264
424 0.130142 0.0745516 0.00370995
425 0.130142 0.0821103 0.00355579
426 0.130142 0.0818306 0.00351139
427 0.130142 0.0808333 0.00360792
428 0.130142 0.0760484 0.00375271
429 0.130142 0.0760885 0.00374893
430 0.130142 0.0699529 0.00385795
431 0.130142 0.0722153 0.00386001
432 0.130142 0.0673561 0.00389635
433 0.130142 0.06846 0.00390539
434 0.130142 0.0687819 0.0038758
435 0.130142 0.064865 0.00392828
436 0.130142 0.0576404 0.00387857
437 0.130142 0.0624982 0.0039097
438 0.130142 0.0634304 0.00387839
439 0.130142 0.0662752 0.00387283
440 0.130142 0.0697475 0.00387589
441 0.130142 0.0697394 0.00385515
442 0.130142 0.0768569 0.00372392
443 0.130142 0.0770596 0.0037761
444 0.130142 0.0670917 0.00394792
445 0.130142 0.0728287 0.00382544
446 0.130142 0.0735376 0.00384394
447 0.130142 0.0791477 0.00360671
448 0.130142 0.0864096 0.00334292
449 0.130142 0.0742515 0.0037376
450 0.130142 0.0728778 0.00380084
451 0.130451 0.0712955 0.0038642
452 0.130451 0.0799413 0.00364199
453 0.130451 0.0788374 0.00364538
454 0.130451 0.0746979 0.0037241
455 0.130451 0.0769904 0.00367732
456 0.130451 0.0840544 0.00346728
457 0.130451 0.0755612 0.00370986
458 0.130451 0.0914474 0.0030611
459 0.131704 0.0926829 0.0030239
460 0.131704 0.0867139 0.00332673
461 0.131704 0.0805953 0.00358821
462 0.131704 0.0760436 0.00366671
463 0.131704 0.0824796 0.00354176
464 0.131704 0.0730765 0.0037897
465 0.131704 0.0729812 0.0037665
466 0.131704 0.0755921 0.00373472
467 0.134787 0.0854566 0.00336471
468 0.134787 0.0801975 0.00364637
469 0.134787 0.0900859 0.00319305
470 0.134787 0.0841038 0.00348211
471 0.134787 0.0875323 0.00332053
472 0.134787 0.0841749 0.00347185
473 0.134787 0.0806634 0.00360884
474 0.135018 0.085357 0.003463
475 0.135018 0.084706 0.00345827
476 0.135018 0.0790052 0.00361084
477 0.135018 0.0816919 0.00352244
478 0.135018 0.0841538 0.00344367
479 0.135018 0.0869709 0.00332396
480 0.135018 0.0888581 0.00320252
481 0.13511 0.0846339 0.00343274
482 0.13511 0.0813606 0.00355703
483 0.13511 0.0898039 0.00316793
484 0.13511 0.0936103 0.00296117
485 0.13511 0.0888511 0.00322111
486 0.13511 0.0895498 0.00323237
487 0.13511 0.077954 0.0036238
488 0.13511 0.0870378 0.00336657
489 0.13511 0.0895662 0.00321727
490 0.13511 0.0936392 0.00295604
491 0.13511 0.0852141 0.00347709
492 0.136513 0.0739777 0.00380854
493 0.136513 0.0715177 0.00384527
494 0.136513 0.0791507 0.0036175
495 0.138061 0.0774307 0.00372819
496 0.138061 0.0787679 0.00363484
497 0.138061 0.0823985 0.00357896
498 0.138061 0.0856519 0.00335883
499 0.138061 0.0878577 0.00324392
500 0.138061 0.0842432 0.00335897
501 0.138061 0.075502 0.00371619
502 0.138454 0.0794261 0.00366155
503 0.138454 0.0798254 0.00361
504 0.138454 0.0743878 0.00368925
505 0.138454 0.0689256 0.00377227
506 0.138454 0.0755059 0.00373233
507 0.138454 0.074698 0.0037846
508 0.138454 0.0701201 0.00391178
509 0.138454 0.077506 0.00367881
510 0.138454 0.0770765 0.00362808
511 0.138454 0.0815658 0.00357416
512 0.138454 0.0825123 0.00354404
513 0.138454 0.0824535 0.00355114
514 0.138454 0.0766979 0.00370941
515 0.138454 0.0866184 0.00336072
516 0.138454 0.0839986 0.00335732
517 0.138454 0.0901484 0.00318055
518 0.138454 0.0886267 0.00324976
519 0.138454 0.0943377 0.0029646
520 0.138454 0.0948945 0.00294273
521 0.138454 0.101605 0.00244732
522 0.138454 0.0911438 0.00310032
523 0.138454 0.0967198 0.00283639
524 0.138454 0.0937613 0.00301931
525 0.138454 0.0985971 0.00267378
526 0.138454 0.0962905 0.00284289
527 0.138454 0.0998993 0.00255893
528 0.138454 0.0949713 0.00290636
529 0.138454 0.0905981 0.00320367
530 0.138454 0.0903832 0.00311109
531 0.138454 0.0934621 0.00295085
532 0.138454 0.10018 0.00248952
533 0.138454 0.0959367 0.00280206
534 0.138454 0.0872673 0.00327439
535 0.138454 0.0922552 0.00294585
536 0.138454 0.0913018 0.00308655
537 0.138454 0.0907063 0.00315821
538 0.138454 0.0877335 0.00329651
539 0.138454 0.0937087 0.00307687
540 0.138454 0.093593 0.00301294
541 0.138454 0.0935608 0.00306353
542 0.138454 0.0904728 0.00321012
543 0.138454 0.100741 0.0025616
544 0.138688 0.101224 0.00246268
545 0.138688 0.0932874 0.00294701
546 0.138688 0.0920278 0.00306727
547 0.138988 0.103402 0.00239063
548 0.138988 0.0940977 0.00288854
549 0.140367 0.0987267 0.00272014
550 0.140367 0.0943129 0.0029152
551 0.140367 0.0921505 0.00306018
552 0.140367 0.0926501 0.00307479
553 0.140367 0.0951938 0.00292886
554 0.140367 0.0879081 0.0033079
555 0.140367 0.0895724 0.00330061
556 0.140367 0.0989341 0.00265991
557 0.140367 0.0881947 0.00322354
558 0.140367 0.0932783 0.00291125
559 0.140367 0.0985277 0.00265873
560 0.140367 0.10073 0.00249529
561 0.140367 0.0931741 0.00304752
562 0.140367 0.10173 0.00255437
563 0.140367 0.0957025 0.00286895
564 0.140367 0.0926511 0.00306784
565 0.140367 0.0939064 0.00302146
566 0.140367 0.0964521 0.0028611
567 0.140367 0.093488 0.00302356
568 0.140367 0.0890422 0.00329307
569 0.140367 0.0911564 0.00319619
570 0.140367 0.0833792 0.00355921
571 0.140367 0.0880043 0.00335372
572 0.140367 0.0833758 0.00351974
573 0.140367 0.0827899 0.00348438
574 0.140367 0.0820188 0.00354996
575 0.140367 0.0885293 0.00331656
576 0.144507 0.0922731 0.00313636
577 0.144507 0.0904513 0.00322041
578 0.144507 0.0897393 0.00319903
579 0.144507 0.0906938 0.00319705
580 0.144507 0.089523 0.00315096
581 0.144507 0.0827175 0.00348898
582 0.144507 0.0986463 0.00261087
583 0.144507 0.0899973 0.00324756
584 0.144507 0.0916296 0.0031943
585 0.144507 0.0857088 0.00345889
586 0.144507 0.0849201 0.00343409
587 0.144507 0.0835064 0.0034713
588 0.144507 0.0848011 0.00344574
589 0.144507 0.087772 0.00322239
590 0.144507 0.0859482 0.00327645
591 0.144507 0.0905539 0.00305383
592 0.144507 0.0906935 0.00320724
593 0.144507 0.0855673 0.0033893
594 0.144507 0.0787151 0.0034773
595 0.144507 0.0776114 0.00366225
596 0.144507 0.077298 0.0036519
597 0.144507 0.0805637 0.00360159
598 0.144507 0.0884584 0.0032239
599 0.144507 0.0862516 0.00336008
600 0.144507 0.0850113 0.00350433
601 0.144507 0.084717 0.00345648
602 0.144507 0.0853683 0.00339326
603 0.144507 0.0745468 0.00374112
604 0.144507 0.0855515 0.00341918
605 0.144507 0.0843717 0.00345687
606 0.144507 0.0834107 0.00359943
607 0.144507 0.0848246 0.00346619
608 0.145997 0.0985995 0.00273491
609 0.145997 0.0905646 0.00322794
610 0.145997 0.091903 0.00314378
611 0.145997 0.085758 0.00348611
612 0.145997 0.0836148 0.00351669
613 0.145997 0.0815207 0.00354183
614 0.145997 0.0823267 0.00361468
615 0.145997 0.0794353 0.00369295
616 0.145997 0.0853842 0.00355646
617 0.145997 0.0825192 0.00362329
618 0.145997 0.0821554 0.00351237
619 0.145997 0.0682803 0.00372477
620 0.145997 0.0800655 0.00366006
621 0.145997 0.0871511 0.00339641
622 0.145997 0.0842194 0.00355143
623 0.145997 0.0852231 0.0034377
624 0.145997 0.0914822 0.00318504
625 0.145997 0.094834 0.00302434
626 0.145997 0.0871084 0.0033853
627 0.145997 0.0843722 0.00340348
628 0.147039 0.0935909 0.00311056
629 0.147039 0.0952193 0.00299214
630 0.147039 0.0897863 0.00328866
631 0.147039 0.0845107 0.00350793
632 0.147039 0.082578 0.00349257
633 0.147039 0.079411 0.00360953
634 0.147039 0.0837917 0.00358375
635 0.147039 0.0858115 0.00350181
636 0.147039 0.0837021 0.00359599
637 0.147039 0.0959179 0.00304455
638 0.147039 0.0956936 0.00298849
639 0.147039 0.0995373 0.00269499
640 0.147039 0.0966734 0.00283646
641 0.147039 0.100159 0.00263108
642 0.147039 0.103563 0.00232857
643 0.147039 0.103627 0.00232299
644 0.147039 0.103611 0.00227139
645 0.147039 0.0998024 0.002679
646 0.147039 0.103132 0.00241629
647 0.147039 0.0940859 0.00311543
648 0.147039 0.0893018 0.00328601
649 0.147039 0.0963945 0.00292897
650 0.147039 0.0977684 0.00276034
651 0.147039 0.0942885 0.00296975
652 0.147039 0.100117 0.00265826
653 0.147039 0.0993117 0.0026932
654 0.147039 0.0892098 0.00315839
655 0.147039 0.0898876 0.0032024
656 0.147039 0.0901416 0.00325678
657 0.147039 0.0893107 0.00329016
658 0.147039 0.0874339 0.00350476
659 0.147144 0.0862993 0.0035833
660 0.147144 0.0867334 0.00343126
661 0.148989 0.0955959 0.0030034
662 0.148989 0.0868612 0.00336892
663 0.148989 0.0955885 0.00301132
664 0.148989 0.0953751 0.00301983
665 0.148989 0.105609 0.00231782
666 0.148989 0.105829 0.00226816
667 0.148989 0.0956956 0.00297051
668 0.148989 0.0946567 0.00309132
669 0.148989 0.101835 0.00255281
670 0.148989 0.0934758 0.00300677
671 0.148989 0.086631 0.00335978
672 0.148989 0.0951154 0.00294761
673 0.149152 0.0924568 0.00325064
674 0.149152 0.0835756 0.00353117
675 0.149152 0.0875271 0.00331117
676 0.149152 0.0854437 0.00356042
677 0.149152 0.0867259 0.0034708
678 0.149152 0.0915609 0.00326854
679 0.149152 0.0884621 0.00323081
680 0.149152 0.084664 0.00351328
681 0.149152 0.0834612 0.00360017
682 0.149152 0.0921207 0.00328522
683 0.149152 0.0925879 0.00311536
684 0.149152 0.0922716 0.00314362
685 0.149152 0.0939991 0.00315539
686 0.149152 0.0913488 0.00324357
687 0.149152 0.0927119 0.00317814
688 0.149152 0.0955962 0.00302063
689 0.149152 0.099012 0.00280152
690 0.149152 0.101801 0.00261552
691 0.149152 0.0957289 0.00292995
692 0.149152 0.0953977 0.00304494
693 0.149152 0.10917 0.00199162
694 0.149152 0.0995426 0.00268419
695 0.149152 0.100579 0.00261032
696 0.149152 0.100675 0.00256501
697 0.149152 0.104597 0.00237916
698 0.149152 0.10482 0.00230628
699 0.149152 0.0977968 0.00274191
700 0.149152 0.100649 0.00246791
701 0.149166 0.105524 0.00224313
702 0.149166 0.0934721 0.00304323
703 0.149166 0.0880416 0.00319861
704 0.149166 0.0894417 0.00323083
705 0.149166 0.0879698 0.00330845
706 0.149166 0.0989032 0.00276521
707 0.149166 0.0957893 0.00297539
708 0.149166 0.0931811 0.00304903
709 0.149166 0.092221 0.00306756
710 0.149166 0.0937379 0.00298024
711 0.149166 0.086249 0.0033271
712 0.149166 0.0875374 0.00329887
713 0.149166 0.094016 0.00304799
714 0.149166 0.0932305 0.00315593
715 0.149166 0.0888767 0.00339305
716 0.149166 0.0909726 0.0032648
717 0.149166 0.0923057 0.00312162
718 0.149166 0.0899233 0.00330068
719 0.149166 0.089378 0.0032106
720 0.149166 0.0901612 0.0032058
721 0.149166 0.10265 0.00250725
722 0.149166 0.100702 0.002611
723 0.149166 0.102907 0.00250351
724 0.149166 0.0907436 0.00313955
725 0.150069 0.0954657 0.00298401
726 0.151183 0.0925312 0.00314466
727 0.151183 0.0952098 0.0029622
728 0.151183 0.0987454 0.00279917
729 0.151183 0.101468 0.00244008
730 0.151183 0.104099 0.00240725
731 0.151183 0.105143 0.0023113
732 0.151183 0.0994 0.00269586
733 0.154923 0.0884711 0.0034443
734 0.154923 0.0987353 0.00289663
735 0.154923 0.0989567 0.00281505
736 0.154923 0.0958298 0.00301849
737 0.154923 0.103515 0.0023694
738 0.154923 0.104655 0.00225497
739 0.154923 0.100314 0.00249894
740 0.154923 0.0931097 0.0030109
741 0.154923 0.102916 0.00250346
742 0.154923 0.102823 0.00249258
743 0.155253 0.0969902 0.00301867
744 0.155253 0.0951845 0.0029709
745 0.155253 0.0961039 0.0029666
746 0.155253 0.0965838 0.00290731
747 0.155253 0.103628 0.00244691
748 0.155253 0.0989077 0.00259601
749 0.155253 0.103134 0.00255301
750 0.155253 0.0952884 0.00290119
751 0.155253 0.0968853 0.00289771
752 0.155253 0.0932874 0.00311466
753 0.155253 0.0948653 0.00300863
754 0.155253 0.0922012 0.00331875
755 0.155253 0.0902994 0.00343697
756 0.155253 0.0882045 0.00347768
757 0.155253 0.0857872 0.00351826
758 0.155253 0.0846807 0.00332318
759 0.155253 0.0901968 0.0031701
760 0.155253 0.0881987 0.00338264
761 0.155253 0.083296 0.00358195
762 0.155253 0.0808 0.00378276
763 0.155253 0.0840817 0.00359086
764 0.155253 0.085691 0.00352525
765 0.155253 0.0834577 0.00347371
766 0.155253 0.0922819 0.00322702
767 0.155253 0.0861658 0.00350815
768 0.155253 0.0852818 0.00354244
769 0.155253 0.0792693 0.00376749
770 0.155253 0.0851316 0.00367416
771 0.155253 0.0849495 0.00376014
772 0.155253 0.0831426 0.00373853
773 0.155253 0.0782683 0.0037788
774 0.155253 0.0871979 0.00340143
775 0.155253 0.0945784 0.00309287
776 0.155253 0.0872467 0.00341405
777 0.155253 0.0898742 0.00327035
778 0.155253 0.0848807 0.00358892
779 0.155253 0.0894802 0.00328823
780 0.155253 0.0835214 0.00354799
781 0.155253 0.0912513 0.00315907
782 0.155253 0.0888517 0.00338021
783 0.155253 0.0933716 0.0031855
784 0.155253 0.0937535 0.00312633
785 0.155253 0.0912508 0.00319421
786 0.155253 0.09627 0.00303373
787 0.155253 0.0926212 0.00320291
788 0.155253 0.0896564 0.00331684
789 0.155253 0.0910208 0.003265
790 0.155253 0.0843031 0.00350898
791 0.155253 0.0905747 0.00335977
792 0.155253 0.0923368 0.00315626
793 0.155842 0.0974093 0.00303354
794 0.155842 0.0867644 0.00359839
795 0.155842 0.0844351 0.0036353
796 0.155842 0.0952957 0.00315537
797 0.155842 0.0983132 0.00285394
798 0.155842 0.0961764 0.00302032
799 0.155842 0.098292 0.00309502
800 0.155842 0.0983452 0.0029081
801 0.155842 0.100643 0.00276718
802 0.155842 0.0933758 0.00310789
803 0.155842 0.0985715 0.0029521
804 0.155842 0.0978483 0.00290507
805 0.155842 0.0966674 0.00304185
806 0.157313 0.0946993 0.00322314
807 0.157313 0.0847125 0.00365176
808 0.157313 0.088127 0.0035749
809 0.157313 0.0912263 0.00347358
810 0.157313 0.0969366 0.00299218
811 0.157313 0.093182 0.00333301
812 0.157313 0.091886 0.00341241
813 0.157313 0.0969486 0.00299304
814 0.157313 0.0910629 0.00335344
815 0.157313 0.0934898 0.00326289
816 0.157313 0.0849226 0.00366918
817 0.157313 0.0903764 0.00344435
818 0.217815 0.0933026 0.00338633
819 0.217815 0.0939255 0.00331362
820 0.217815 0.0940127 0.00339252
821 0.217815 0.0851904 0.00381943
822 0.217815 0.0952503 0.00326537
823 0.217815 0.101955 0.00298975
824 0.217815 0.0962347 0.00322197
825 0.217815 0.104822 0.00256733
826 0.217815 0.101353 0.00293907
827 0.217815 0.0935349 0.00339757
828 0.217815 0.0885644 0.00351993
829 0.217815 0.0913652 0.00366902
830 0.217815 0.0926638 0.00340983
831 0.217815 0.0913188 0.00350062
832 0.217815 0.0903865 0.00345585
833 0.217815 0.0856459 0.00387753
834 0.217815 0.0920947 0.00351116
835 0.217815 0.0953242 0.0032471
836 0.217815 0.0991692 0.00291903
837 0.217815 0.0963119 0.00319766
838 0.217815 0.0894073 0.0036188
839 0.217815 0.0925755 0.00350279
840 0.217815 0.0882448 0.00361924
841 0.217815 0.0854909 0.00375247
842 0.217815 0.0882762 0.00361067
843 0.217815 0.0965902 0.0033238
844 0.217815 0.0927111 0.00345697
845 0.217815 0.0854106 0.0037965
846 0.217815 0.0913365 0.00351298
847 0.217815 0.0845505 0.00369158
848 0.217815 0.0888661 0.00350295
849 0.217815 0.0882504 0.00352566
850 0.217815 0.086391 0.00360247
851 0.217815 0.0910207 0.00349076
852 0.217815 0.0980059 0.00308055
853 0.217815 0.0997743 0.00297457
854 0.217815 0.0978101 0.00315813
855 0.217815 0.0992194 0.00314356
856 0.217815 0.0956539 0.00315245
857 0.217815 0.0994487 0.00299702
858 0.217815 0.102574 0.00288295
859 0.217815 0.0943355 0.00319309
860 0.217815 0.0999265 0.00296851
861 0.217815 0.102619 0.00275704
862 0.217815 0.0974021 0.00305573
863 0.217815 0.0975979 0.00317749
864 0.217815 0.0967078 0.00309685
865 0.217815 0.0908207 0.00345268
866 0.217815 0.0941445 0.00322291
867 0.217815 0.0894556 0.00350109
868 0.217815 0.0850551 0.00368171
869 0.217815 0.0841108 0.00375283
870 0.217815 0.0895072 0.0035857
871 0.217815 0.0856925 0.00369362
872 0.217815 0.0942469 0.00325102
873 0.217815 0.0947936 0.00321032
874 0.217815 0.0920463 0.00347874
875 0.217815 0.103279 0.00286273
876 0.217815 0.105696 0.0025526
877 0.217815 0.0967878 0.00311539
878 0.217815 0.0938364 0.00332764
879 0.217815 0.0907655 0.00358515
880 0.217815 0.0919514 0.00350225
881 0.217815 0.088739 0.00349527
882 0.217815 0.0918087 0.00345681
883 0.217815 0.0881791 0.0036553
884 0.217815 0.0960319 0.00337698
885 0.217815 0.0898152 0.00352365
886 0.217815 0.0897537 0.00351881
887 0.217815 0.0880502 0.00367305
888 0.217815 0.0926628 0.00347953
889 0.217815 0.0811881 0.00388199
890 0.217815 0.0855005 0.00382548
891 0.217815 0.0833129 0.00393001
892 0.217815 0.0811957 0.00406257
893 0.217815 0.0863218 0.0037885
894 0.217815 0.084483 0.00386827
895 0.22326 0.0887996 0.00390249
896 0.22326 0.0865104 0.00380664
897 0.22326 0.0942327 0.00340333
898 0.22326 0.0957733 0.00330101
899 0.22326 0.101048 0.00307492
900 0.22326 0.098279 0.00318597
901 0.22326 0.101869 0.00294652
902 0.22326 0.102083 0.00301229
903 0.22326 0.10001 0.00297154
904 0.22326 0.11071 0.00241239
905 0.22326 0.106205 0.00266065
906 0.22326 0.106099 0.00275381
907 0.22326 0.101364 0.00306038
908 0.22326 0.102189 0.00294291
909 0.22326 0.0963858 0.00336183
910 0.22326 0.0979722 0.00331677
911 0.22326 0.09472 0.00351626
912 0.22326 0.097799 0.00336181
913 0.22326 0.0974791 0.003325
914 0.22326 0.0993891 0.00322667
915 0.224926 0.108305 0.00281056
916 0.224926 0.0998526 0.00327038
917 0.224926 0.0954471 0.00358156
918 0.224926 0.0949313 0.00388573
919 0.224926 0.101048 0.00352566
920 0.224926 0.0989325 0.00360313
921 0.224926 0.097498 0.00359525
922 0.224926 0.0987387 0.00401482
923 0.224926 0.0999652 0.00387295
924 0.224926 0.103572 0.00363775
925 0.224926 0.0969211 0.00411936
926 0.224926 0.108276 0.00323269
927 0.224926 0.109393 0.00335149
928 0.224926 0.107878 0.00336062
929 0.224926 0.110363 0.00319479
930 0.224926 0.106188 0.00344031
931 0.224926 0.103661 0.00388742
932 0.224926 0.101463 0.00405505
933 0.224926 0.0977167 0.00418094
934 0.224926 0.110608 0.00317219
935 0.224926 0.112297 0.0031372
936 0.224926 0.111681 0.00314373
937 0.224926 0.107403 0.0036864
938 0.224926 0.0983901 0.00463492
939 0.224926 0.10632 0.00403326
940 0.224926 0.101595 0.00422729
941 0.224926 0.0996958 0.00424636
942 0.224926 0.106833 0.00411036
943 0.224926 0.105033 0.00399412
944 0.224926 0.106856 0.0041063
945 0.224926 0.108337 0.00389112
946 0.224926 0.106861 0.00388542
947 0.224926 0.103813 0.0041889
948 0.224926 0.104077 0.00452223
949 0.224926 0.101134 0.00475023
950 0.224926 0.09644 0.00470806
951 0.224926 0.10454 0.00430452
952 0.224926 0.105731 0.0039625
953 0.224926 0.103528 0.00442841
954 0.225241 0.108415 0.00400213
955 0.225241 0.106384 0.0039182
956 0.225241 0.109074 0.0036595
957 0.225241 0.108079 0.00382804
958 0.225241 0.108682 0.00364252
959 0.225241 0.109419 0.00365113
960 0.225241 0.101597 0.00421167
961 0.225241 0.107006 0.00400762
962 0.225241 0.107877 0.00382949
963 0.227112 0.101892 0.004798
964 0.227112 0.107443 0.00421139
965 0.227112 0.109937 0.00360327
966 0.227112 0.109302 0.00373911
967 0.227112 0.112271 0.00343225
968 0.227112 0.113822 0.00322549
969 0.227112 0.113606 0.00338126
970 0.232959 0.114072 0.00331886
971 0.232959 0.111047 0.00362307
972 0.232959 0.109982 0.00395356
973 0.232959 0.104425 0.00432841
974 0.232959 0.106091 0.00401983
975 0.232959 0.0983047 0.00495986
976 0.232959 0.0982942 0.00474072
977 0.232959 0.105795 0.00461419
978 0.237189 0.105009 0.00452665
979 0.237189 0.102089 0.00439864
980 0.237189 0.104081 0.00421037
981 0.237189 0.108756 0.00402247
982 0.237189 0.110942 0.00417841
983 0.237189 0.108943 0.00413752
984 0.237189 0.108544 0.00395904
985 0.237189 0.11103 0.00376359
986 0.237189 0.110544 0.00404377
987 0.237189 0.113833 0.00390944
988 0.237189 0.10643 0.00422941
989 0.237189 0.107965 0.00389478
990 0.237189 0.109549 0.0040242
991 0.237189 0.109499 0.00365371
992 0.237189 0.110844 0.00379398
993 0.237189 0.108695 0.00394978
994 0.268906 0.111032 0.00483217
995 0.268906 0.112648 0.00396536
996 0.268906 0.113537 0.00355699
997 0.268906 0.113938 0.00352212
998 0.268906 0.116288 0.00382766
999 0.268906 0.111914 0.0039878
1000 0.268906 0.108457 0.00399459
1000 0.196145 0.00196145 0.000384729
