0 0.125272 0.0579023 0.00389065
1 0.125275 0.0665355 0.00391516
2 0.125275 0.0778445 0.00368835
3 0.125275 0.081747 0.0035354
4 0.125275 0.0864816 0.00334869
5 0.125275 0.0948214 0.00286088
6 0.125275 0.100871 0.00243598
7 0.125276 0.0918675 0.00303925
8 0.125276 0.0905847 0.00311577
9 0.125276 0.0992535 0.00253469
10 0.125278 0.104845 0.0021142
11 0.125278 0.102821 0.00229604
12 0.125278 0.104046 0.00219854
13 0.125278 0.105238 0.00210112
14 0.125278 0.107922 0.00184616
15 0.125278 0.106682 0.00195496
16 0.125278 0.109466 0.00167885
17 0.125278 0.111416 0.00154075
18 0.125278 0.113994 0.00127113
19 0.314462 0.111149 0.00212837
20 0.314462 0.11467 0.00179655
21 0.336844 0.116693 0.00230993
22 0.336844 0.117911 0.00218045
23 0.336844 0.105679 0.00336394
24 0.336844 0.108507 0.00321404
25 0.336844 0.106179 0.00341801
26 0.336844 0.111083 0.00324989
27 0.336844 0.108892 0.00354881
28 0.336844 0.107882 0.00372213
29 0.375315 0.11319 0.00453074
30 0.375315 0.110027 0.00539439
31 0.493756 0.115682 0.00814642
32 0.525137 0.128361 0.0117853
32 0.488848 0.0539609 0.0146058
33 0.488848 0.0501069 0.0142756
34 0.488848 0.0654695 0.0181893
35 0.488848 0.066346 0.0200316
36 0.488848 0.0616985 0.0204898
37 0.526798 0.0765105 0.0252811
38 0.540006 0.0978249 0.0301104
39 0.540006 0.0931822 0.0317389
40 0.540006 0.0996987 0.0321286
41 0.540006 0.10704 0.032882
42 0.560594 0.11258 0.0355162
43 0.560594 0.0957931 0.0349605
44 0.560594 0.0866109 0.0329395
45 0.560594 0.0904452 0.0330212
46 0.560594 0.0980569 0.034439
47 0.560594 0.124766 0.0398398
48 0.560594 0.100943 0.0366379
49 0.560594 0.108203 0.0402176
50 0.560594 0.0899196 0.0346879
51 0.560594 0.115769 0.0401151
52 0.56688 0.124468 0.0417709
53 0.56688 0.129208 0.0429414
54 0.56688 0.116477 0.0408184
55 0.56688 0.131928 0.0397363
56 0.56688 0.138254 0.0387159
57 0.56688 0.142842 0.0440049
58 0.56688 0.130262 0.0416787
59 0.56688 0.123078 0.0392075
60 0.56688 0.122543 0.0413572
61 0.56688 0.128659 0.0418166
62 0.56688 0.124878 0.0412803
63 0.56688 0.123091 0.043891
64 0.56688 0.109138 0.036007
65 0.56688 0.136746 0.0427523
66 0.579731 0.111869 0.0379561
67 0.579731 0.111019 0.0376678
68 0.579731 0.113648 0.0422638
69 0.579731 0.116045 0.040199
70 0.579731 0.146157 0.043001
71 0.579731 0.13029 0.0439838
72 0.579731 0.143926 0.0441871
73 0.579731 0.11665 0.0437502
74 0.579731 0.128933 0.0438886
75 0.579731 0.118404 0.0396363
76 0.579731 0.104643 0.0358048
77 0.579731 0.114683 0.0395963
78 0.579731 0.132263 0.0458432
79 0.579731 0.123718 0.0407631
80 0.579731 0.115648 0.0392542
81 0.579731 0.113655 0.0376757
82 0.579731 0.112893 0.0385303
83 0.579731 0.113693 0.039715
84 0.579731 0.128979 0.0399179
85 0.579731 0.12355 0.0402983
86 0.580322 0.131812 0.0426628
87 0.584069 0.144571 0.0458795
88 0.584069 0.153916 0.0487727
89 0.584069 0.138181 0.0466181
90 0.584069 0.136004 0.0455197
91 0.584069 0.149147 0.0462965
92 0.584069 0.126053 0.0437218
93 0.584069 0.145975 0.0479712
94 0.584069 0.144203 0.0469933
95 0.584069 0.154298 0.0450621
96 0.584069 0.103712 0.0368966
97 0.584069 0.124737 0.039333
98 0.584069 0.115699 0.041275
99 0.584069 0.125017 0.047121
100 0.584069 0.10537 0.0411438
101 0.584069 0.13531 0.0474544
102 0.584069 0.134207 0.0468471
103 0.584069 0.124929 0.0459367
104 0.584069 0.141517 0.0474246
105 0.584069 0.149751 0.0482605
106 0.584069 0.158978 0.0460072
107 0.584069 0.171216 0.049546
108 0.584069 0.141785 0.0478744
109 0.584069 0.151144 0.0482345
110 0.584069 0.143588 0.0428425
111 0.584069 0.139413 0.0445495
112 0.591299 0.165448 0.0515049
113 0.591299 0.147657 0.0484466
114 0.591299 0.141417 0.0430118
115 0.591299 0.145126 0.0430735
116 0.591299 0.154057 0.0486584
117 0.591299 0.14165 0.0445702
118 0.591299 0.133058 0.0425775
119 0.591299 0.151874 0.0459065
120 0.591299 0.148494 0.0456393
121 0.591299 0.134309 0.0439519
122 0.591299 0.117313 0.0385897
123 0.591299 0.136342 0.0475283
124 0.591299 0.128818 0.0445575
125 0.591299 0.141289 0.0505137
126 0.591299 0.146172 0.0480887
127 0.591299 0.154631 0.0486128
128 0.591299 0.149574 0.0459064
129 0.591299 0.161543 0.0508993
130 0.591299 0.165821 0.0487402
131 0.591299 0.151394 0.0462099
132 0.591299 0.156074 0.0476902
133 0.591299 0.150903 0.0486901
134 0.591299 0.17408 0.0501519
135 0.591299 0.145575 0.048932
136 0.591299 0.149795 0.0512273
137 0.591299 0.144587 0.0492829
138 0.591299 0.186636 0.0513063
139 0.591299 0.162283 0.0529298
140 0.591299 0.172376 0.0543481
141 0.591299 0.152481 0.0454197
142 0.591299 0.135337 0.0466812
143 0.591299 0.151498 0.0485474
144 0.591299 0.138767 0.0473776
145 0.591299 0.138473 0.0442717
146 0.591299 0.156848 0.0485988
147 0.591299 0.155756 0.0506266
148 0.591299 0.152702 0.0469809
149 0.591299 0.140221 0.046205
150 0.591299 0.134226 0.0452365
151 0.591299 0.148133 0.0493646
152 0.591299 0.129226 0.0446258
153 0.591299 0.118222 0.0432044
154 0.595902 0.133177 0.0471603
155 0.595902 0.154292 0.0465039
156 0.595902 0.167875 0.0461321
157 0.595902 0.198767 0.0503068
158 0.595902 0.153479 0.0455023
159 0.595902 0.15207 0.0491745
160 0.595902 0.150367 0.0444523
161 0.595902 0.146133 0.0435085
162 0.595902 0.161455 0.0478232
163 0.595902 0.152641 0.0508436
164 0.595902 0.164411 0.0501416
165 0.595902 0.155362 0.052828
166 0.595902 0.141894 0.0505227
167 0.595902 0.153148 0.0508504
168 0.595902 0.123336 0.0440158
169 0.595902 0.13702 0.0442506
170 0.595902 0.155937 0.0478058
171 0.595902 0.137253 0.0481583
172 0.595902 0.15301 0.0516278
173 0.595902 0.148043 0.048072
174 0.595902 0.140747 0.0446047
175 0.595902 0.127574 0.0445202
176 0.595902 0.144365 0.0457175
177 0.595902 0.137381 0.0477759
178 0.595902 0.124785 0.0417644
179 0.595902 0.125295 0.0411754
180 0.595902 0.144498 0.0460259
181 0.595902 0.128354 0.0438688
182 0.595902 0.111865 0.0397937
183 0.595902 0.12487 0.0443565
184 0.595902 0.121288 0.0421269
185 0.595902 0.116011 0.0403498
186 0.595902 0.136046 0.0465025
187 0.595902 0.131398 0.0434392
188 0.595902 0.131145 0.043754
189 0.595902 0.129375 0.0439754
190 0.595902 0.13392 0.0441394
191 0.595902 0.130188 0.0431836
192 0.595902 0.123007 0.0394438
193 0.595902 0.133278 0.0479916
194 0.595902 0.136504 0.0483772
195 0.595902 0.152342 0.0528873
196 0.595902 0.13881 0.0510638
197 0.595902 0.12223 0.0488333
198 0.595902 0.145789 0.0499945
199 0.595902 0.147615 0.0514723
200 0.595902 0.166014 0.0558839
201 0.595902 0.176767 0.051328
202 0.595902 0.147325 0.0452172
203 0.595902 0.136102 0.0486086
204 0.595902 0.136898 0.0461583
205 0.595902 0.15766 0.0487439
206 0.595902 0.132996 0.0458004
207 0.595902 0.149405 0.0534509
208 0.595902 0.173949 0.0516196
209 0.595902 0.135954 0.0431428
210 0.595902 0.141339 0.0465975
211 0.595902 0.156528 0.0513863
212 0.595902 0.145373 0.0497651
213 0.595902 0.128607 0.0501327
214 0.595902 0.123752 0.0459286
215 0.595902 0.136049 0.0467016
216 0.595902 0.128664 0.0470666
217 0.595902 0.1496 0.0507841
218 0.595902 0.124529 0.042634
219 0.595902 0.11622 0.0425871
220 0.595902 0.134151 0.044569
221 0.595902 0.148614 0.0483231
222 0.595902 0.143015 0.0515169
223 0.595902 0.14115 0.0475182
224 0.595902 0.141116 0.048106
225 0.595902 0.159264 0.0528308
226 0.595902 0.131585 0.0470276
227 0.595902 0.130782 0.0442593
228 0.595902 0.134847 0.0448542
229 0.595902 0.170882 0.0495495
230 0.595902 0.154813 0.0483922
231 0.595902 0.149901 0.0520815
232 0.595902 0.156655 0.0512352
233 0.595902 0.155679 0.0484882
234 0.595902 0.134296 0.049317
235 0.595902 0.154191 0.050713
236 0.595902 0.1425 0.05151
237 0.595902 0.139199 0.0496301
238 0.595902 0.145256 0.0483445
239 0.595902 0.166662 0.0529892
240 0.595902 0.14444 0.051823
241 0.595902 0.163714 0.0542358
242 0.595902 0.124832 0.0440195
243 0.595902 0.163365 0.0520762
244 0.595902 0.135541 0.0459293
245 0.595902 0.118276 0.0423263
246 0.595902 0.11702 0.0415496
247 0.595902 0.128658 0.0435088
248 0.595902 0.133704 0.0463028
249 0.595902 0.144186 0.0468146
250 0.595902 0.141293 0.0439097
251 0.595902 0.134663 0.0448
252 0.595902 0.140253 0.0476396
253 0.595902 0.145477 0.0493303
254 0.595902 0.137331 0.0470562
255 0.595902 0.138157 0.050557
256 0.595902 0.150576 0.0484044
257 0.595902 0.161807 0.0499402
258 0.595902 0.161288 0.0542808
259 0.596338 0.137555 0.0460045
260 0.596338 0.120118 0.0434362
261 0.596338 0.11761 0.0400369
262 0.596338 0.133414 0.0450975
263 0.596338 0.121085 0.0408967
264 0.596338 0.124864 0.0440223
265 0.596338 0.145234 0.0481341
266 0.596338 0.121755 0.0454811
267 0.598309 0.117165 0.0454686
268 0.598309 0.125752 0.0469577
269 0.598309 0.112341 0.0415091
270 0.598309 0.128594 0.0440246
271 0.598309 0.137295 0.0461023
272 0.598309 0.158385 0.0512526
273 0.598309 0.150513 0.0517018
274 0.598309 0.13564 0.0478051
275 0.598309 0.146756 0.0470807
276 0.598309 0.120571 0.0438455
277 0.598309 0.113951 0.0437002
278 0.598309 0.11905 0.0455993
279 0.598309 0.136819 0.0508813
280 0.598309 0.131622 0.0493012
281 0.598309 0.138676 0.0535732
282 0.598309 0.169618 0.0554007
283 0.598309 0.133536 0.0488435
284 0.598309 0.125231 0.0474509
285 0.598309 0.142397 0.048747
286 0.598309 0.134169 0.0480784
287 0.598442 0.151928 0.0508684
288 0.598442 0.148693 0.0519639
289 0.598442 0.161603 0.0492661
290 0.598442 0.163361 0.0524293
291 0.598442 0.159831 0.0507463
292 0.598442 0.166751 0.0518554
293 0.598442 0.177125 0.0537547
294 0.598442 0.152888 0.0503535
295 0.598442 0.153998 0.0515321
296 0.598442 0.154329 0.0510261
297 0.606621 0.138776 0.0507909
298 0.606621 0.136334 0.0495661
299 0.606621 0.167709 0.0523461
300 0.606621 0.141892 0.0465142
301 0.606621 0.168782 0.0541846
302 0.606621 0.160068 0.0516651
303 0.606621 0.155509 0.0495071
304 0.606621 0.148302 0.0495464
305 0.606621 0.156323 0.0520048
306 0.606621 0.161365 0.0557735
307 0.606621 0.136856 0.0487427
308 0.606621 0.161295 0.053366
309 0.606621 0.142024 0.0498445
310 0.606621 0.145067 0.049317
311 0.606621 0.124624 0.0480901
312 0.606621 0.152899 0.0535739
313 0.606621 0.146864 0.0489243
314 0.606621 0.142434 0.0488364
315 0.606621 0.14806 0.0496314
316 0.606621 0.130673 0.0473216
317 0.606621 0.135049 0.0474882
318 0.606621 0.134216 0.0472617
319 0.606621 0.145123 0.0456116
320 0.606621 0.172483 0.0500257
321 0.606621 0.167428 0.0453657
322 0.606621 0.165507 0.0466007
323 0.606621 0.171191 0.0522916
324 0.606621 0.170799 0.0522993
325 0.606621 0.138451 0.0472037
326 0.606621 0.144417 0.0470487
327 0.606621 0.152363 0.0497459
328 0.606621 0.143173 0.048689
329 0.606621 0.151911 0.0513622
330 0.606621 0.15164 0.0494305
331 0.606621 0.14818 0.0468055
332 0.606621 0.160219 0.0523756
333 0.606621 0.167258 0.0507373
334 0.606621 0.150285 0.0505426
335 0.606621 0.150177 0.0513107
336 0.606621 0.126957 0.0422548
337 0.606621 0.143268 0.0457547
338 0.606621 0.145032 0.0487942
339 0.606621 0.143258 0.0487289
340 0.606621 0.118754 0.0439949
341 0.606621 0.152591 0.0492136
342 0.606621 0.142439 0.0506989
343 0.606621 0.123365 0.0422981
344 0.606621 0.122241 0.0469463
345 0.606621 0.116137 0.0463905
346 0.606621 0.122379 0.0484686
347 0.606621 0.148155 0.0520128
348 0.606621 0.14426 0.0495956
349 0.606621 0.120396 0.0449091
350 0.606621 0.129909 0.049876
351 0.606621 0.164918 0.0525426
352 0.606621 0.151446 0.0509255
353 0.606621 0.149518 0.0506364
354 0.606621 0.143068 0.0506811
355 0.606621 0.13342 0.0475412
356 0.606621 0.118279 0.0425435
357 0.606621 0.12833 0.0444594
358 0.606621 0.130001 0.050278
359 0.606621 0.138037 0.0503682
360 0.606621 0.130417 0.0452411
361 0.606621 0.138805 0.053908
362 0.606621 0.109602 0.0446539
363 0.606621 0.118111 0.0442832
364 0.606621 0.134584 0.0493457
365 0.606621 0.125965 0.047776
366 0.606621 0.132659 0.0494143
367 0.606621 0.15237 0.0563187
368 0.606621 0.123457 0.0475538
369 0.606621 0.124713 0.0460926
370 0.606621 0.133111 0.0475502
371 0.606621 0.142579 0.0495408
372 0.606621 0.149767 0.0494512
373 0.606621 0.154942 0.0506347
374 0.606621 0.152922 0.0522881
375 0.606621 0.133937 0.0503411
376 0.606621 0.131882 0.0499009
377 0.606621 0.143077 0.0506483
378 0.606621 0.147414 0.0493242
379 0.606621 0.153919 0.0505189
380 0.606621 0.168257 0.050815
381 0.606621 0.149223 0.045832
382 0.606621 0.147297 0.0468875
383 0.606621 0.12587 0.0472532
384 0.606621 0.14888 0.0480622
385 0.606621 0.136775 0.0514062
386 0.606621 0.157617 0.0539307
387 0.606621 0.148235 0.0544593
388 0.606621 0.135816 0.0518004
389 0.606621 0.127544 0.0458936
390 0.606621 0.131892 0.0458368
391 0.606621 0.139682 0.0487056
392 0.606621 0.137839 0.0525468
393 0.606621 0.108539 0.0450562
394 0.606621 0.10753 0.0446662
395 0.606621 0.111418 0.0448698
396 0.606621 0.120609 0.0500107
397 0.606621 0.119852 0.0447742
398 0.606621 0.11167 0.0439269
399 0.606621 0.125088 0.0432938
400 0.606621 0.112672 0.0445237
401 0.606621 0.113756 0.0493146
402 0.606621 0.106716 0.0475786
403 0.606621 0.122229 0.0466834
404 0.606621 0.120124 0.0457918
405 0.607024 0.135398 0.052544
406 0.607024 0.115134 0.0454389
407 0.607024 0.118235 0.044225
408 0.607024 0.111813 0.0428722
409 0.607024 0.105097 0.043698
410 0.60769 0.119286 0.0489693
411 0.60769 0.12027 0.0459584
412 0.60769 0.142295 0.0517258
413 0.60769 0.117617 0.0484404
414 0.60769 0.113687 0.0477401
415 0.60769 0.0938554 0.0428468
416 0.60769 0.100172 0.0435943
417 0.60769 0.106756 0.0443253
418 0.60769 0.0944052 0.0392404
419 0.60769 0.106961 0.044445
420 0.60769 0.110579 0.045731
421 0.60769 0.100711 0.040602
422 0.60769 0.131608 0.0508485
423 0.60769 0.128725 0.0510038
424 0.60769 0.126002 0.0489862
425 0.60769 0.112793 0.0454972
426 0.60769 0.113059 0.0447127
427 0.60769 0.135129 0.0532759
428 0.60769 0.12437 0.0493317
429 0.60769 0.107962 0.0430226
430 0.60769 0.109496 0.0451606
431 0.60769 0.112561 0.0437049
432 0.60769 0.102921 0.045267
433 0.60769 0.106343 0.0455588
434 0.60769 0.12712 0.0511125
435 0.60769 0.130044 0.0534161
436 0.60769 0.130809 0.050398
437 0.60769 0.143827 0.0498444
438 0.60769 0.118225 0.0420321
439 0.60769 0.11606 0.0456103
440 0.60769 0.11924 0.0458766
441 0.60769 0.141779 0.0476745
442 0.60769 0.139907 0.0490248
443 0.60769 0.150939 0.048381
444 0.60769 0.142021 0.0501255
445 0.60769 0.147787 0.0517344
446 0.60769 0.145702 0.0485181
447 0.60769 0.142469 0.0528906
448 0.60769 0.129155 0.0516012
449 0.60769 0.130189 0.0495133
450 0.60769 0.110649 0.0428146
451 0.60769 0.130312 0.0465349
452 0.60769 0.118885 0.0447574
453 0.608503 0.124668 0.0473683
454 0.608503 0.118749 0.0472768
455 0.608503 0.127267 0.0475488
456 0.608503 0.135277 0.0494232
457 0.608503 0.127879 0.0484831
458 0.608503 0.14296 0.0529673
459 0.608503 0.133875 0.0491317
460 0.608503 0.13611 0.0512918
461 0.608503 0.141155 0.0475154
462 0.608503 0.165832 0.0530648
463 0.608503 0.149603 0.0523356
464 0.608503 0.132612 0.0477556
465 0.608503 0.147149 0.0535333
466 0.608503 0.146194 0.0531303
467 0.608503 0.139185 0.0507317
468 0.608503 0.135726 0.0477179
469 0.608503 0.12088 0.0415708
470 0.608503 0.115892 0.0450414
471 0.608503 0.140105 0.0514146
472 0.608503 0.119917 0.0480634
473 0.608503 0.138795 0.0492269
474 0.608503 0.140793 0.0510881
475 0.608503 0.134777 0.052534
476 0.608503 0.137379 0.0499321
477 0.608503 0.169234 0.0599248
478 0.608503 0.123889 0.0494768
479 0.608503 0.121199 0.0466612
480 0.608503 0.147865 0.0488958
481 0.608503 0.16122 0.0566277
482 0.608503 0.167399 0.0563707
483 0.608503 0.142406 0.0512254
484 0.608503 0.152075 0.0504444
485 0.608503 0.145085 0.054646
486 0.608503 0.138943 0.0537867
487 0.608503 0.130896 0.0484319
488 0.608503 0.122927 0.0460543
489 0.608503 0.122315 0.0445488
490 0.608503 0.12522 0.0494754
491 0.608503 0.137159 0.0495189
492 0.608503 0.137305 0.0509773
493 0.608503 0.111676 0.0451281
494 0.608503 0.118144 0.044932
495 0.608503 0.140707 0.0501885
496 0.608503 0.14424 0.0496452
497 0.608503 0.141846 0.0526412
498 0.608503 0.155343 0.0522416
499 0.608503 0.111237 0.0414784
500 0.608503 0.135355 0.0485474
501 0.608503 0.124149 0.0448009
502 0.608503 0.12999 0.051535
503 0.608503 0.120145 0.0473289
504 0.608503 0.120548 0.0451358
505 0.608503 0.149058 0.054561
506 0.608503 0.124037 0.0471757
507 0.608503 0.126403 0.0498921
508 0.608503 0.120567 0.0445438
509 0.608503 0.123972 0.0474398
510 0.608503 0.127375 0.0489146
511 0.608503 0.144625 0.056587
512 0.608503 0.132799 0.0462228
513 0.608503 0.14177 0.0535757
514 0.608503 0.134817 0.0496437
515 0.608503 0.120839 0.0482331
516 0.608503 0.141683 0.0488234
517 0.608503 0.135574 0.0486409
518 0.608503 0.131025 0.0497564
519 0.608503 0.119658 0.051429
520 0.608503 0.122202 0.0468602
521 0.608503 0.115894 0.0495778
522 0.608503 0.126909 0.0496497
523 0.608503 0.131471 0.0470469
524 0.608503 0.132127 0.0477004
525 0.608503 0.134785 0.0452007
526 0.608503 0.130541 0.0483931
527 0.608503 0.131462 0.0488066
528 0.608503 0.133836 0.0452805
529 0.608503 0.148157 0.0494139
530 0.608503 0.154882 0.0511106
531 0.608503 0.109833 0.0442904
532 0.608503 0.135713 0.0491813
533 0.608503 0.165331 0.0543906
534 0.608503 0.128046 0.0433482
535 0.608503 0.142136 0.0452217
536 0.608503 0.143909 0.0492849
537 0.608503 0.159878 0.0572562
538 0.608503 0.1386 0.0481492
539 0.608503 0.14171 0.0497774
540 0.608503 0.144654 0.0512766
541 0.608503 0.136073 0.0494164
542 0.608503 0.11976 0.0446525
543 0.608503 0.113102 0.0412954
544 0.608503 0.145525 0.0488348
545 0.608503 0.107953 0.0448393
546 0.608503 0.117941 0.0478759
547 0.608503 0.127278 0.0470151
548 0.608503 0.14691 0.053484
549 0.608503 0.0977947 0.0403196
550 0.608503 0.112335 0.0455496
551 0.608503 0.117741 0.0448727
552 0.608503 0.115984 0.0446276
553 0.608503 0.155977 0.055029
554 0.608503 0.131131 0.0486119
555 0.608503 0.150377 0.0509793
556 0.608503 0.145822 0.0539992
557 0.608503 0.14195 0.051501
558 0.608503 0.135625 0.0467123
559 0.608503 0.148381 0.0532324
560 0.608503 0.158456 0.0553265
561 0.608503 0.137766 0.053434
562 0.608503 0.125758 0.0498254
563 0.608503 0.116592 0.0479057
564 0.608503 0.138852 0.052089
565 0.608503 0.134883 0.0487933
566 0.608509 0.149194 0.0502192
567 0.608509 0.140034 0.0522623
568 0.608509 0.15693 0.0562395
569 0.608509 0.157474 0.0582399
570 0.608509 0.142072 0.0529627
571 0.608509 0.139313 0.0477715
572 0.608509 0.135491 0.0519842
573 0.608509 0.115379 0.0441541
574 0.608509 0.150487 0.0515231
575 0.608509 0.117913 0.0446153
576 0.608509 0.130752 0.0461332
577 0.608509 0.122734 0.0458721
578 0.608509 0.136874 0.0532771
579 0.608509 0.141968 0.0524765
580 0.608509 0.168312 0.0556269
581 0.608509 0.162452 0.0539471
582 0.608509 0.147249 0.0526084
583 0.608509 0.134861 0.0464685
584 0.608509 0.151936 0.0507504
585 0.608509 0.122767 0.0449066
586 0.608509 0.136986 0.0519268
587 0.608509 0.129348 0.0500536
588 0.608509 0.132585 0.0475385
589 0.608509 0.157556 0.0562413
590 0.608509 0.151642 0.04996
591 0.60853 0.167101 0.0583416
592 0.60853 0.129069 0.0499131
593 0.60853 0.141704 0.0485465
594 0.60853 0.148105 0.0492075
595 0.60853 0.137113 0.0477828
596 0.60853 0.135133 0.0451682
597 0.60853 0.152602 0.0513176
598 0.60853 0.139176 0.0477913
599 0.60853 0.131563 0.0460369
600 0.60853 0.123348 0.0470406
601 0.60853 0.131026 0.0484411
602 0.60853 0.118482 0.0494688
603 0.60853 0.140493 0.0501853
604 0.60853 0.119473 0.0417436
605 0.60853 0.125886 0.0436799
606 0.60853 0.120902 0.0430739
607 0.60853 0.133452 0.0431413
608 0.60853 0.134777 0.0475118
609 0.60853 0.126672 0.0484362
610 0.60853 0.104642 0.043801
611 0.60853 0.155966 0.0539622
612 0.60853 0.141318 0.0486079
613 0.60853 0.141977 0.0470243
614 0.60853 0.131206 0.0494327
615 0.60853 0.153237 0.0509529
616 0.60853 0.151198 0.0528569
617 0.60853 0.142638 0.0513719
618 0.60853 0.146755 0.0505539
619 0.60853 0.161979 0.0552782
620 0.60853 0.147181 0.0518736
621 0.60853 0.14836 0.04861
622 0.60853 0.14976 0.0542818
623 0.60853 0.151093 0.0515968
624 0.60853 0.163226 0.0532708
625 0.60853 0.203064 0.056982
626 0.60853 0.170105 0.0533045
627 0.60853 0.136453 0.0494264
628 0.60853 0.148688 0.047278
629 0.60853 0.121041 0.0464275
630 0.60853 0.13298 0.0498197
631 0.60853 0.130492 0.0476716
632 0.60853 0.138199 0.0490485
633 0.60853 0.120723 0.0455612
634 0.60853 0.111788 0.0418311
635 0.60853 0.125438 0.0446142
636 0.60853 0.14198 0.0472749
637 0.60853 0.158197 0.0558418
638 0.60853 0.141783 0.051238
639 0.60853 0.118242 0.0465686
640 0.60853 0.173179 0.0600889
641 0.60853 0.157453 0.0494569
642 0.60853 0.160707 0.0504498
643 0.60853 0.171871 0.0548577
644 0.60853 0.151541 0.0487859
645 0.60853 0.141742 0.0487173
646 0.60853 0.135502 0.0453345
647 0.60853 0.128009 0.0487282
648 0.60853 0.142582 0.0508281
649 0.60853 0.135294 0.0493531
650 0.60853 0.145592 0.0516941
651 0.60853 0.128891 0.0461319
652 0.60853 0.11739 0.0434874
653 0.60853 0.109231 0.0457728
654 0.60853 0.122677 0.0455388
655 0.60853 0.103848 0.0408745
656 0.60853 0.116137 0.0445235
657 0.60853 0.106194 0.043074
658 0.60853 0.120014 0.0438266
659 0.60853 0.124098 0.0477
660 0.60853 0.124933 0.0484647
661 0.60853 0.135325 0.0487404
662 0.60853 0.13712 0.0523372
663 0.60853 0.158528 0.0518985
664 0.60853 0.167828 0.055499
665 0.60853 0.125143 0.0459968
666 0.60853 0.130701 0.0442167
667 0.60853 0.13763 0.0455476
668 0.60853 0.143244 0.0523884
669 0.60853 0.15005 0.0510024
670 0.60853 0.138615 0.0442256
671 0.60853 0.150005 0.0515809
672 0.60853 0.138389 0.045232
673 0.60853 0.137293 0.0447867
674 0.60853 0.129569 0.0439083
675 0.60853 0.122911 0.0449402
676 0.60853 0.145874 0.0475154
677 0.60853 0.121596 0.0413373
678 0.60853 0.128894 0.0465811
679 0.60853 0.145112 0.0507877
680 0.60853 0.134333 0.0478569
681 0.60853 0.133829 0.0491439
682 0.60853 0.122189 0.0445989
683 0.60853 0.1488 0.0502544
684 0.60853 0.154701 0.0519347
685 0.60853 0.144942 0.0499655
686 0.60853 0.139828 0.0460432
687 0.60853 0.1489 0.0474402
688 0.60853 0.138913 0.0439038
689 0.60853 0.141315 0.0489601
690 0.60853 0.111577 0.0436734
691 0.60853 0.113919 0.0447791
692 0.60853 0.136717 0.0462494
693 0.60853 0.140994 0.044748
694 0.60853 0.174276 0.0522225
695 0.60853 0.159286 0.0550623
696 0.60853 0.162577 0.05061
697 0.60853 0.130859 0.0444896
698 0.60853 0.134387 0.0497176
699 0.60853 0.130417 0.0509532
700 0.60853 0.158285 0.0541721
701 0.60853 0.128465 0.0447777
702 0.60853 0.134248 0.0463009
703 0.60853 0.12532 0.047327
704 0.60853 0.128078 0.0490506
705 0.60853 0.148248 0.0486674
706 0.60853 0.166703 0.0534678
707 0.60853 0.1791 0.0567227
708 0.60853 0.149635 0.0535169
709 0.60853 0.149659 0.051186
710 0.60853 0.140897 0.0480476
711 0.60853 0.113125 0.0461323
712 0.60853 0.111366 0.0446808
713 0.60853 0.143224 0.0510871
714 0.60853 0.133146 0.0491591
715 0.60853 0.115087 0.0457605
716 0.60853 0.136322 0.0536197
717 0.60853 0.150584 0.0567652
718 0.60853 0.146291 0.0541323
719 0.60853 0.117648 0.0438686
720 0.60853 0.122664 0.0421762
721 0.60853 0.119965 0.0453087
722 0.60853 0.135307 0.0454245
723 0.60853 0.14246 0.0507386
724 0.60853 0.124938 0.0477542
725 0.60853 0.170585 0.056186
726 0.60853 0.158744 0.0481371
727 0.60853 0.166609 0.0518072
728 0.60853 0.129265 0.0443537
729 0.60853 0.121381 0.046478
730 0.60853 0.122217 0.0473245
731 0.60853 0.110291 0.0428834
732 0.60853 0.111033 0.044372
733 0.60853 0.130558 0.0522895
734 0.60853 0.117026 0.0486234
735 0.60853 0.120192 0.0476946
736 0.60853 0.127415 0.043121
737 0.60853 0.129566 0.0483298
738 0.60853 0.125505 0.0463541
739 0.60853 0.130617 0.0475593
740 0.60853 0.137981 0.0518905
741 0.60853 0.139358 0.0489722
742 0.60853 0.155891 0.0533008
743 0.60853 0.156247 0.0512545
744 0.60853 0.173688 0.0524135
745 0.60853 0.149677 0.0493108
746 0.60853 0.143931 0.048708
747 0.60853 0.123824 0.0431253
748 0.60853 0.135896 0.0470615
749 0.60853 0.146883 0.0541917
750 0.60853 0.127119 0.0465276
751 0.60853 0.125953 0.0486678
752 0.60853 0.101586 0.0395516
753 0.60853 0.107873 0.0443026
754 0.60853 0.0981853 0.0400494
755 0.60853 0.132341 0.0484978
756 0.60853 0.143032 0.0496954
757 0.60853 0.137812 0.0493165
758 0.60853 0.110621 0.0425379
759 0.60853 0.130479 0.0495446
760 0.60853 0.130407 0.0469307
761 0.60853 0.134079 0.0495511
762 0.60853 0.116765 0.0507136
763 0.60853 0.114037 0.0459408
764 0.60853 0.107827 0.0430267
765 0.60853 0.108008 0.0445661
766 0.60853 0.107906 0.0419979
767 0.60853 0.133515 0.0504655
768 0.60853 0.126136 0.047709
769 0.60853 0.143624 0.0527649
770 0.60853 0.134931 0.0493418
771 0.60853 0.138946 0.0513612
772 0.60853 0.136187 0.0520343
773 0.60853 0.119953 0.0439429
774 0.60853 0.119655 0.0417123
775 0.60853 0.133784 0.0448242
776 0.60853 0.127359 0.0461503
777 0.60853 0.129257 0.0498778
778 0.60853 0.120016 0.0444793
779 0.60853 0.152524 0.0513027
780 0.60853 0.141167 0.0492553
781 0.60853 0.135826 0.0480023
782 0.60853 0.144587 0.0483151
783 0.60853 0.137482 0.0516411
784 0.60853 0.124943 0.0458919
785 0.60853 0.160527 0.054258
786 0.60853 0.151201 0.0523415
787 0.60853 0.149924 0.0528094
788 0.60853 0.133995 0.0469936
789 0.60853 0.140105 0.0473404
790 0.60853 0.133211 0.0475537
791 0.60853 0.147753 0.0451259
792 0.60853 0.157401 0.0540364
793 0.60853 0.146883 0.0503511
794 0.60853 0.155021 0.0516006
795 0.60853 0.13696 0.0496451
796 0.60853 0.142279 0.0491209
797 0.60853 0.121415 0.0445941
798 0.60853 0.113877 0.0401947
799 0.60853 0.137533 0.0485229
800 0.60853 0.135421 0.0485005
801 0.60853 0.114854 0.0422337
802 0.60853 0.123542 0.0481205
803 0.60853 0.111795 0.041756
804 0.60853 0.117162 0.0446366
805 0.60853 0.14389 0.0505797
806 0.60853 0.109015 0.0416868
807 0.60853 0.14191 0.0528193
808 0.60853 0.134586 0.0467484
809 0.60853 0.137432 0.0510095
810 0.60853 0.151347 0.0561938
811 0.60853 0.137037 0.0509286
812 0.60853 0.122809 0.0475073
813 0.60853 0.143557 0.0461039
814 0.60853 0.139683 0.0481519
815 0.60853 0.140311 0.0486505
816 0.60853 0.126396 0.0435716
817 0.60853 0.13969 0.0462061
818 0.60853 0.163931 0.0528173
819 0.60853 0.15361 0.0473408
820 0.60853 0.140546 0.0505019
821 0.60853 0.122634 0.0473645
822 0.60853 0.126459 0.0491232
823 0.60853 0.141474 0.0504463
824 0.60853 0.14482 0.0490268
825 0.60853 0.128976 0.0455418
826 0.60853 0.117705 0.0470825
827 0.60853 0.133179 0.0479375
828 0.60853 0.121226 0.0457441
829 0.60853 0.126894 0.0457264
830 0.60853 0.134751 0.0473604
831 0.60853 0.143733 0.0557693
832 0.60853 0.153708 0.0513352
833 0.60853 0.143103 0.0490536
834 0.60853 0.1512 0.0487837
835 0.60853 0.164867 0.054683
836 0.60853 0.138322 0.0530398
837 0.60853 0.115041 0.0440353
838 0.60853 0.131616 0.0504654
839 0.60853 0.149558 0.049314
840 0.60853 0.145135 0.0502815
841 0.60853 0.142673 0.0519521
842 0.60853 0.129227 0.0477383
843 0.60853 0.120665 0.0444509
844 0.60853 0.117252 0.0452718
845 0.60853 0.116075 0.0425678
846 0.60853 0.136098 0.048004
847 0.60853 0.119389 0.0441673
848 0.60853 0.132713 0.046458
849 0.60853 0.1288 0.0465169
850 0.60853 0.11578 0.0464312
851 0.60853 0.131887 0.051812
852 0.60853 0.135362 0.053711
853 0.60853 0.103644 0.0473947
854 0.60853 0.100987 0.0427778
855 0.60853 0.127129 0.0525168
856 0.60853 0.104573 0.0449275
857 0.60853 0.111627 0.0436774
858 0.60853 0.117221 0.0450784
859 0.60853 0.100777 0.0411163
860 0.60853 0.112791 0.0440971
861 0.60853 0.151966 0.0500789
862 0.60853 0.115812 0.0437681
863 0.60853 0.139167 0.0514591
864 0.60853 0.118369 0.0484599
865 0.60853 0.121154 0.0478131
866 0.60853 0.136853 0.0467593
867 0.60853 0.152955 0.0508076
868 0.60853 0.141664 0.0475697
869 0.60853 0.154518 0.0511243
870 0.60853 0.140227 0.0505767
871 0.60853 0.128099 0.0477004
872 0.60853 0.121001 0.0483622
873 0.60853 0.150024 0.0537547
874 0.60853 0.122308 0.0436534
875 0.60853 0.14036 0.0503381
876 0.60853 0.127883 0.0453778
877 0.60853 0.141294 0.0498741
878 0.60853 0.128598 0.0459566
879 0.60853 0.133345 0.0503938
880 0.60853 0.163881 0.056072
881 0.60853 0.160305 0.0518793
882 0.60853 0.157994 0.0479523
883 0.60853 0.149336 0.0462453
884 0.60853 0.185763 0.0575999
885 0.60853 0.194327 0.0617975
886 0.60853 0.15853 0.05265
887 0.60853 0.136765 0.0500315
888 0.60853 0.131227 0.0488381
889 0.60853 0.127245 0.0429526
890 0.60853 0.139508 0.049676
891 0.60853 0.113638 0.0446679
892 0.60853 0.129888 0.0477345
893 0.60853 0.130873 0.04836
894 0.60853 0.135048 0.049191
895 0.60853 0.148646 0.0511368
896 0.60853 0.125318 0.0445437
897 0.60853 0.140274 0.0458743
898 0.60853 0.127797 0.0437551
899 0.60853 0.144133 0.0462502
900 0.60853 0.138659 0.0450916
901 0.60853 0.122272 0.0442097
902 0.60853 0.105724 0.0418185
903 0.60853 0.147974 0.0455252
904 0.60853 0.134773 0.0459479
905 0.60853 0.132539 0.045237
906 0.60853 0.127531 0.0493313
907 0.60853 0.13729 0.0495259
908 0.60853 0.144289 0.0527092
909 0.60853 0.127633 0.0470161
910 0.60853 0.11106 0.0449493
911 0.60853 0.126029 0.0501749
912 0.60853 0.113846 0.0431494
913 0.60853 0.131824 0.0476214
914 0.60853 0.141906 0.0526383
915 0.60853 0.151661 0.0530193
916 0.60853 0.155945 0.053286
917 0.60853 0.148375 0.0510609
918 0.60853 0.128962 0.0492009
919 0.60853 0.122263 0.0452539
920 0.60853 0.13326 0.0488317
921 0.60853 0.127987 0.0486383
922 0.60853 0.124352 0.0514394
923 0.60853 0.141146 0.0512214
924 0.60853 0.131035 0.0478929
925 0.60853 0.127662 0.0487366
926 0.60853 0.145462 0.0565649
927 0.60853 0.129433 0.0495301
928 0.60853 0.10737 0.0461558
929 0.60853 0.135723 0.0534619
930 0.60853 0.129019 0.0496357
931 0.60853 0.171751 0.0571099
932 0.60853 0.141019 0.0482296
933 0.60853 0.164963 0.051388
934 0.60853 0.148682 0.0491224
935 0.60853 0.138081 0.0484136
936 0.60853 0.139103 0.0502919
937 0.60853 0.13409 0.0499323
938 0.60853 0.153308 0.0520332
939 0.60853 0.157156 0.0504824
940 0.60853 0.162988 0.0533769
941 0.60853 0.15278 0.0519009
942 0.60853 0.154769 0.0549589
943 0.60853 0.11554 0.0430132
944 0.60853 0.0983678 0.0409534
945 0.60853 0.133662 0.0516957
946 0.60853 0.134015 0.0437714
947 0.60853 0.155259 0.0492049
948 0.60853 0.169713 0.0532665
949 0.60853 0.129681 0.0444336
950 0.60853 0.12235 0.041796
951 0.60853 0.145703 0.0524607
952 0.60853 0.138185 0.0483468
953 0.60853 0.142492 0.0522703
954 0.60853 0.16184 0.0522692
955 0.60853 0.147688 0.049973
956 0.60853 0.143088 0.0486454
957 0.60853 0.157774 0.0495027
958 0.60853 0.132208 0.0464442
959 0.60853 0.133862 0.0466958
960 0.60853 0.111722 0.0437278
961 0.60853 0.130984 0.0461116
962 0.60853 0.121318 0.0451208
963 0.60853 0.14147 0.0543492
964 0.60853 0.139011 0.0519008
965 0.60853 0.137235 0.0503908
966 0.60853 0.153969 0.0521006
967 0.60853 0.142235 0.0522271
968 0.60853 0.156802 0.0545041
969 0.60853 0.136191 0.0477119
970 0.60853 0.11873 0.0449804
971 0.60853 0.133225 0.047607
972 0.60853 0.148188 0.0510373
973 0.60853 0.152214 0.0534097
974 0.60853 0.153682 0.0527232
975 0.60853 0.141245 0.0517243
976 0.60853 0.133671 0.0500365
977 0.60853 0.107643 0.0423516
978 0.60853 0.113746 0.0429372
979 0.60853 0.121873 0.047386
980 0.60853 0.135804 0.0534655
981 0.60853 0.134035 0.0509276
982 0.60853 0.128869 0.0489241
983 0.60853 0.134694 0.0422676
984 0.60853 0.122291 0.0470914
985 0.60853 0.121069 0.0485789
986 0.60853 0.128374 0.0462032
987 0.60853 0.130093 0.0477183
988 0.60853 0.153357 0.0508603
989 0.60853 0.138974 0.0538146
990 0.60853 0.149956 0.0563618
991 0.60853 0.133403 0.0485794
992 0.60853 0.111881 0.0427901
993 0.60853 0.140756 0.0498949
994 0.60853 0.133798 0.0461818
995 0.60853 0.139633 0.0516032
996 0.60853 0.131683 0.0483515
997 0.60853 0.142938 0.0549462
998 0.60853 0.11684 0.0436617
999 0.60853 0.110015 0.0436269
1000 0.60853 0.129636 0.0521991
