0 0.125276 0.0628898 0.00391491
1 0.125276 0.0726021 0.00381486
2 0.125276 0.0739718 0.00380929
3 0.125276 0.0814394 0.00358406
4 0.125276 0.0862089 0.00330808
5 0.125276 0.0935988 0.00292403
6 0.125276 0.0977242 0.00269458
7 0.125276 0.0972963 0.00269947
8 0.125278 0.0989729 0.00259784
9 0.125278 0.102743 0.00230989
10 0.173018 0.108127 0.00194194
11 0.173018 0.113027 0.00145512
12 0.178355 0.112593 0.00158506
13 0.178355 0.113911 0.00150787
14 0.178355 0.117796 0.0010779
15 0.18415 0.117354 0.00128171
16 0.18415 0.116886 0.00142266
17 0.18465 0.116911 0.0014976
18 0.185384 0.114079 0.00199755
19 0.185384 0.113379 0.00234607
20 0.185384 0.111549 0.00254777
21 0.446166 0.122462 0.00294728
22 0.446166 0.118271 0.00339432
23 0.446166 0.110945 0.00390537
24 0.446166 0.114852 0.00465758
25 0.446166 0.110187 0.00599451
26 0.446166 0.123708 0.00591351
27 0.446166 0.124636 0.00671837
28 0.446166 0.131511 0.0083781
29 0.446166 0.132988 0.00886983
30 0.446166 0.144206 0.00990803
31 0.446166 0.14108 0.0109323
32 0.500496 0.144107 0.0134299
32 0.507905 0.0586754 0.020491
33 0.507905 0.0563929 0.0211512
34 0.507905 0.0652723 0.0228706
35 0.507905 0.0707713 0.0237407
36 0.507905 0.0746532 0.0247792
37 0.507905 0.0622378 0.0238954
38 0.507905 0.0664443 0.0245655
39 0.507905 0.0758427 0.0254688
40 0.507905 0.0756189 0.0253534
41 0.507905 0.0771043 0.0265151
42 0.507905 0.0862975 0.0280767
43 0.507905 0.0971012 0.0330043
44 0.507905 0.0872133 0.0303771
45 0.507905 0.0784011 0.0291458
46 0.507905 0.0735455 0.0275701
47 0.507905 0.0714886 0.0261389
48 0.507905 0.0728896 0.0265141
49 0.507905 0.0722698 0.0263102
50 0.507905 0.0912064 0.0295711
51 0.537458 0.10481 0.0346882
52 0.537458 0.0736296 0.0254847
53 0.537458 0.112328 0.0352288
54 0.557622 0.0963778 0.0341282
55 0.557622 0.0896127 0.0294992
56 0.558038 0.102331 0.0334924
57 0.563929 0.104179 0.0354725
58 0.563929 0.0890399 0.0318122
59 0.563929 0.10496 0.033915
60 0.563929 0.113351 0.0366858
61 0.563929 0.104022 0.0354215
62 0.563929 0.120591 0.0388077
63 0.563929 0.119528 0.0357873
64 0.563929 0.128831 0.0385027
65 0.563929 0.117959 0.0371855
66 0.564902 0.122955 0.0391543
67 0.564902 0.111896 0.0394434
68 0.564902 0.121966 0.0381421
69 0.564902 0.123188 0.037966
70 0.564902 0.119435 0.0376629
71 0.564902 0.122523 0.0387264
72 0.564902 0.138606 0.0414878
73 0.564902 0.138607 0.0445649
74 0.564902 0.149972 0.0457439
75 0.564902 0.14823 0.0448502
76 0.564902 0.106973 0.0375374
77 0.564902 0.103585 0.0398823
78 0.564902 0.109228 0.0394387
79 0.564902 0.144078 0.0461153
80 0.564902 0.149451 0.0450233
81 0.564902 0.130834 0.0404168
82 0.564902 0.146453 0.0439385
83 0.564902 0.129973 0.0405179
84 0.564902 0.133655 0.0435531
85 0.564902 0.13628 0.0423017
86 0.564902 0.108501 0.0360054
87 0.564902 0.133981 0.0432958
88 0.564902 0.132841 0.0415843
89 0.564902 0.146377 0.0436782
90 0.564902 0.171142 0.0482837
91 0.564902 0.168864 0.0483943
92 0.564902 0.135274 0.0447266
93 0.564902 0.134549 0.0432546
94 0.564902 0.124411 0.041048
95 0.564902 0.131574 0.0460276
96 0.564902 0.134907 0.0431
97 0.564902 0.120532 0.0400326
98 0.564902 0.131279 0.044002
99 0.564902 0.13859 0.0467853
100 0.564902 0.135148 0.0423913
101 0.564902 0.116047 0.0382731
102 0.564902 0.112953 0.0389426
103 0.564902 0.129564 0.0404372
104 0.564902 0.133414 0.0403345
105 0.564902 0.13886 0.0423592
106 0.564902 0.135158 0.0431724
107 0.564902 0.132756 0.0394342
108 0.564902 0.12564 0.0394861
109 0.564902 0.130828 0.0435523
110 0.564902 0.14726 0.0435236
111 0.564902 0.145199 0.0423684
112 0.564902 0.137376 0.0421044
113 0.564902 0.128389 0.0400172
114 0.564902 0.13788 0.0457808
115 0.564902 0.147452 0.0432045
116 0.564902 0.127812 0.0422071
117 0.564902 0.150828 0.0442008
118 0.570217 0.148082 0.0448773
119 0.570217 0.148698 0.046898
120 0.570217 0.133722 0.0442117
121 0.570217 0.138759 0.0441754
122 0.570217 0.120324 0.0379205
123 0.570217 0.149772 0.0430573
124 0.570217 0.157601 0.0451628
125 0.571046 0.173327 0.0480622
126 0.571046 0.161309 0.0444339
127 0.571046 0.185424 0.0446681
128 0.571046 0.181142 0.050785
129 0.571046 0.176853 0.0467124
130 0.571046 0.168325 0.0475621
131 0.571046 0.158617 0.0456029
132 0.571046 0.168949 0.0490897
133 0.571046 0.156584 0.0433188
134 0.571046 0.140517 0.0452163
135 0.571046 0.157424 0.0464616
136 0.571046 0.1477 0.0440985
137 0.571046 0.140246 0.0427789
138 0.571046 0.156251 0.0447812
139 0.571046 0.165404 0.0483942
140 0.571046 0.165018 0.0450701
141 0.571046 0.171907 0.0504152
142 0.571046 0.177515 0.0484439
143 0.571046 0.158089 0.0453142
144 0.571046 0.164638 0.0433306
145 0.571046 0.133633 0.0398726
146 0.571046 0.133191 0.0394031
147 0.573423 0.130462 0.0404069
148 0.573423 0.153821 0.0433692
149 0.573423 0.175839 0.0445173
150 0.575522 0.174108 0.0492105
151 0.575522 0.16447 0.0474609
152 0.575522 0.193781 0.0516737
153 0.575522 0.179739 0.0491486
154 0.575522 0.16511 0.0437478
155 0.576995 0.178032 0.0462216
156 0.576995 0.177211 0.0503727
157 0.576995 0.186553 0.0469095
158 0.576995 0.174678 0.0445279
159 0.576995 0.161541 0.0443575
160 0.576995 0.161701 0.0420801
161 0.579202 0.181373 0.0529719
162 0.579202 0.183884 0.0492585
163 0.579202 0.196681 0.0473354
164 0.579202 0.177732 0.0459985
165 0.579202 0.168668 0.0443727
166 0.579202 0.158234 0.0461044
167 0.579202 0.16951 0.0500337
168 0.579202 0.154027 0.0481255
169 0.579202 0.187278 0.0459324
170 0.579202 0.197984 0.0480592
171 0.579202 0.185911 0.0474636
172 0.579202 0.206389 0.0549684
173 0.579202 0.20484 0.0500525
174 0.579202 0.186031 0.0545608
175 0.579202 0.155038 0.0467289
176 0.579202 0.155177 0.0455076
177 0.579202 0.176908 0.0461944
178 0.579846 0.17372 0.0474564
179 0.579846 0.173477 0.0473253
180 0.579846 0.186135 0.0484896
181 0.579846 0.163964 0.0444419
182 0.579846 0.175317 0.0488674
183 0.579846 0.216191 0.0522555
184 0.579846 0.182218 0.051645
185 0.579846 0.180051 0.0483657
186 0.579846 0.208919 0.0528789
187 0.579846 0.210486 0.048496
188 0.579846 0.197988 0.0483866
189 0.579846 0.189069 0.0459506
190 0.579846 0.219069 0.0536213
191 0.579846 0.24279 0.0541637
192 0.579846 0.201564 0.0510538
193 0.579846 0.229765 0.0539027
194 0.579846 0.210121 0.0521828
195 0.579846 0.192848 0.0497403
196 0.579846 0.205779 0.0504913
197 0.579846 0.213904 0.0493962
198 0.579846 0.221601 0.0517658
199 0.579846 0.225174 0.0483433
200 0.579846 0.234975 0.0494273
201 0.579846 0.222051 0.0524033
202 0.579846 0.221702 0.05218
203 0.579846 0.22875 0.0524817
204 0.579846 0.239815 0.0481851
205 0.579846 0.223163 0.0479324
206 0.579846 0.21026 0.0477477
207 0.58053 0.227702 0.0583436
208 0.58053 0.233682 0.0573943
209 0.58053 0.218221 0.0574077
210 0.58053 0.194436 0.0519935
211 0.58053 0.221816 0.0519538
212 0.58053 0.222132 0.0491627
213 0.58053 0.253552 0.0549029
214 0.58053 0.224315 0.0518627
215 0.58053 0.191532 0.0553316
216 0.58053 0.187612 0.0552306
217 0.58053 0.184668 0.054096
218 0.58053 0.186112 0.0487183
219 0.58053 0.176658 0.0482845
220 0.58053 0.203619 0.0517219
221 0.58053 0.210276 0.053296
222 0.58053 0.222251 0.0556114
223 0.58053 0.199599 0.0523634
224 0.58053 0.220381 0.0513301
225 0.58053 0.209873 0.0497964
226 0.58053 0.234568 0.0478149
227 0.596294 0.249803 0.05404
228 0.596294 0.244591 0.0518188
229 0.596294 0.213891 0.0535222
230 0.596294 0.209681 0.0510487
231 0.596294 0.18599 0.0526464
232 0.596294 0.174358 0.0492244
233 0.596294 0.228049 0.0472245
234 0.596294 0.203461 0.0534408
235 0.596294 0.223241 0.0528187
236 0.596294 0.228813 0.0592716
237 0.596294 0.229664 0.0525654
238 0.596294 0.224216 0.0536975
239 0.596294 0.226528 0.0536619
240 0.596294 0.221164 0.0572847
241 0.596294 0.232895 0.054399
242 0.596294 0.221694 0.052974
243 0.596294 0.225871 0.0538611
244 0.596294 0.200666 0.0537153
245 0.596294 0.194058 0.0512339
246 0.598997 0.17419 0.0501645
247 0.598997 0.208602 0.052179
248 0.598997 0.236701 0.0506103
249 0.598997 0.207515 0.0513659
250 0.598997 0.238154 0.0498319
251 0.598997 0.210823 0.0489644
252 0.598997 0.197165 0.0523763
253 0.598997 0.197608 0.0500954
254 0.598997 0.217333 0.0526846
255 0.598997 0.176147 0.0487373
256 0.598997 0.17108 0.0485263
257 0.598997 0.208178 0.0529385
258 0.598997 0.211132 0.0492851
259 0.598997 0.202384 0.0463567
260 0.598997 0.190029 0.0475832
261 0.598997 0.194029 0.0499761
262 0.598997 0.21187 0.04798
263 0.598997 0.210499 0.0537318
264 0.598997 0.222327 0.0491199
265 0.598997 0.204894 0.05076
266 0.598997 0.212785 0.0529437
267 0.598997 0.238053 0.0537626
268 0.598997 0.191723 0.0502679
269 0.598997 0.224912 0.0515515
270 0.598997 0.22564 0.052893
271 0.598997 0.231125 0.0529164
272 0.598997 0.191366 0.0537163
273 0.598997 0.175439 0.052802
274 0.598997 0.161682 0.0504163
275 0.598997 0.196752 0.0527188
276 0.598997 0.225167 0.0583452
277 0.598997 0.205603 0.054046
278 0.598997 0.206579 0.0548352
279 0.598997 0.156642 0.0508283
280 0.598997 0.16017 0.0502598
281 0.598997 0.176114 0.0496202
282 0.598997 0.196283 0.0552977
283 0.599786 0.201326 0.0492893
284 0.599786 0.2019 0.0505193
285 0.599786 0.188886 0.0481738
286 0.599786 0.182993 0.0527253
287 0.599786 0.161245 0.0497964
288 0.599786 0.180991 0.051626
289 0.599786 0.180738 0.0483175
290 0.599786 0.201766 0.0494175
291 0.599786 0.2085 0.0496413
292 0.599786 0.209471 0.0496048
293 0.600717 0.207801 0.0496025
294 0.600717 0.192405 0.0480168
295 0.600717 0.190947 0.0533108
296 0.600717 0.170771 0.0479077
297 0.600717 0.201851 0.0498584
298 0.600717 0.202545 0.0467556
299 0.600717 0.188409 0.0514043
300 0.600717 0.192856 0.0562452
301 0.600717 0.198585 0.0511505
302 0.600717 0.175829 0.0508588
303 0.600717 0.162965 0.0501675
304 0.600717 0.177864 0.0547117
305 0.600717 0.188843 0.049234
306 0.600717 0.198471 0.0507487
307 0.600717 0.218152 0.0520214
308 0.600717 0.223998 0.0531893
309 0.600717 0.18156 0.0499307
310 0.600717 0.193733 0.0553459
311 0.600717 0.202385 0.0513365
312 0.600717 0.193931 0.0445371
313 0.600717 0.201256 0.049999
314 0.600717 0.199584 0.056825
315 0.600717 0.197214 0.0565843
316 0.600717 0.189443 0.049036
317 0.600717 0.16758 0.0475858
318 0.600717 0.172187 0.0471652
319 0.600717 0.1855 0.0482311
320 0.600717 0.180756 0.0494708
321 0.600717 0.176732 0.0492282
322 0.600717 0.167525 0.0496424
323 0.600717 0.172031 0.0502651
324 0.600717 0.179125 0.050475
325 0.600717 0.183079 0.0545913
326 0.600717 0.204054 0.0540592
327 0.600717 0.184944 0.0485897
328 0.600717 0.181016 0.0521248
329 0.600717 0.173307 0.049368
330 0.600717 0.200484 0.0555094
331 0.600717 0.1582 0.0452074
332 0.600717 0.172058 0.0514698
333 0.600717 0.184419 0.0532161
334 0.600717 0.163219 0.0524337
335 0.600717 0.174936 0.0513207
336 0.600717 0.167905 0.049698
337 0.600717 0.174315 0.0477094
338 0.600717 0.22396 0.0507757
339 0.600717 0.195908 0.0478429
340 0.600717 0.184238 0.0494975
341 0.600717 0.215082 0.0525414
342 0.600717 0.18083 0.049647
343 0.600717 0.191642 0.0487751
344 0.600717 0.191935 0.0506376
345 0.600717 0.208587 0.0515739
346 0.600717 0.20733 0.0518548
347 0.600717 0.220584 0.0537162
348 0.600717 0.193148 0.0525063
349 0.600717 0.200282 0.0523037
350 0.600717 0.197724 0.0538756
351 0.600717 0.191203 0.0542338
352 0.600717 0.184576 0.0538232
353 0.600717 0.19048 0.0525442
354 0.600717 0.205747 0.0520876
355 0.600717 0.193391 0.0523243
356 0.600717 0.196256 0.0493289
357 0.600717 0.20241 0.0504388
358 0.600717 0.196713 0.0538266
359 0.600717 0.201924 0.0484727
360 0.600717 0.202567 0.0499453
361 0.600717 0.173025 0.052173
362 0.600717 0.188282 0.0551427
363 0.600717 0.184737 0.04862
364 0.600717 0.251916 0.0540708
365 0.600717 0.232328 0.0530022
366 0.600717 0.184234 0.0528457
367 0.600717 0.180559 0.0522937
368 0.600717 0.216698 0.0540337
369 0.600717 0.19174 0.051154
370 0.600717 0.174398 0.0494114
371 0.600717 0.161329 0.0461481
372 0.600717 0.188881 0.0538058
373 0.600717 0.206709 0.0560713
374 0.600717 0.18661 0.0513994
375 0.600717 0.191261 0.0553248
376 0.600717 0.161716 0.0487621
377 0.600717 0.146447 0.0471389
378 0.600717 0.16926 0.0475993
379 0.600717 0.188499 0.0501217
380 0.600717 0.188164 0.0491303
381 0.600717 0.214792 0.050401
382 0.600717 0.179822 0.0506716
383 0.600717 0.186126 0.0523264
384 0.600717 0.196916 0.0532256
385 0.600717 0.214261 0.0555174
386 0.600717 0.245104 0.0571155
387 0.600717 0.211132 0.0543964
388 0.600722 0.188961 0.0521805
389 0.600722 0.194774 0.0506326
390 0.600722 0.2235 0.0538342
391 0.600722 0.186968 0.054177
392 0.600722 0.165346 0.0519675
393 0.600722 0.182912 0.0545509
394 0.600722 0.189335 0.0528859
395 0.600722 0.210517 0.0548016
396 0.600722 0.177275 0.053418
397 0.600722 0.175695 0.0529734
398 0.600722 0.211141 0.0550366
399 0.600722 0.230341 0.0536925
400 0.600722 0.213334 0.0482053
401 0.600722 0.21631 0.0517283
402 0.600722 0.19579 0.0504182
403 0.600722 0.201013 0.0510243
404 0.600722 0.205339 0.0565789
405 0.600722 0.177724 0.0527037
406 0.601343 0.195928 0.0527539
407 0.601343 0.195156 0.0512836
408 0.601343 0.166839 0.044954
409 0.601343 0.197114 0.052489
410 0.601343 0.206512 0.0539894
411 0.601343 0.20109 0.0505979
412 0.601343 0.191818 0.0505787
413 0.601343 0.166537 0.046624
414 0.601343 0.168469 0.0487293
415 0.601343 0.181179 0.0511773
416 0.601343 0.191783 0.0528297
417 0.601343 0.197434 0.0528756
418 0.601343 0.180556 0.050802
419 0.601343 0.171976 0.0511572
420 0.602545 0.19996 0.0531603
421 0.602545 0.185143 0.0490307
422 0.602545 0.183716 0.0475375
423 0.602545 0.172438 0.0525783
424 0.602545 0.201221 0.0520663
425 0.602545 0.213251 0.0523455
426 0.602545 0.203508 0.0525074
427 0.602545 0.178329 0.0485952
428 0.602545 0.190177 0.0502719
429 0.602545 0.191851 0.0540737
430 0.602545 0.184531 0.0512606
431 0.602545 0.178224 0.0508498
432 0.602545 0.172485 0.0530988
433 0.602545 0.212755 0.0542761
434 0.602545 0.174546 0.0498325
435 0.602545 0.15958 0.045907
436 0.602545 0.180692 0.0509596
437 0.602545 0.182231 0.0489448
438 0.602545 0.19634 0.0488495
439 0.602545 0.220633 0.053707
440 0.602545 0.233188 0.0534892
441 0.602545 0.198702 0.0492454
442 0.602545 0.202684 0.052714
443 0.602545 0.191676 0.0485135
444 0.602545 0.203055 0.0518979
445 0.602545 0.196806 0.0508722
446 0.602545 0.181512 0.0490166
447 0.602545 0.16085 0.0464863
448 0.602545 0.201816 0.0525225
449 0.602545 0.185738 0.0479275
450 0.602545 0.183475 0.0496904
451 0.602545 0.194774 0.0495232
452 0.602545 0.186089 0.0497046
453 0.602545 0.173825 0.0521559
454 0.602545 0.175773 0.0497372
455 0.602545 0.16801 0.0518029
456 0.607448 0.180874 0.050188
457 0.607448 0.175676 0.0518875
458 0.607448 0.148645 0.047894
459 0.607448 0.169741 0.0504225
460 0.607448 0.187181 0.0515188
461 0.607448 0.183376 0.0490375
462 0.607448 0.193348 0.0513838
463 0.607448 0.198363 0.0544628
464 0.607448 0.187631 0.0476315
465 0.607448 0.174363 0.0480833
466 0.607448 0.159585 0.0468942
467 0.607448 0.170575 0.0511171
468 0.607448 0.180136 0.0479019
469 0.607448 0.204311 0.0510311
470 0.607448 0.17759 0.0457534
471 0.607448 0.175662 0.0497578
472 0.607448 0.17251 0.0507109
473 0.607448 0.179268 0.0509077
474 0.607448 0.20297 0.0520451
475 0.607448 0.184666 0.0513414
476 0.607448 0.167068 0.0525353
477 0.607448 0.191524 0.0535295
478 0.607448 0.194529 0.0530555
479 0.607448 0.198299 0.0507862
480 0.607448 0.192748 0.0455482
481 0.607448 0.186229 0.0476875
482 0.607448 0.185317 0.0519342
483 0.607448 0.180199 0.0489394
484 0.607448 0.174161 0.0455986
485 0.607448 0.150169 0.0436674
486 0.607448 0.163397 0.0443329
487 0.607448 0.16497 0.0463807
488 0.607448 0.161429 0.0467646
489 0.607448 0.160419 0.0469959
490 0.607448 0.138986 0.0423343
491 0.607448 0.155922 0.0439775
492 0.607448 0.155515 0.0436414
493 0.607448 0.179453 0.0440329
494 0.607448 0.189165 0.0490977
495 0.607448 0.14856 0.0474879
496 0.607448 0.162182 0.0461656
497 0.607823 0.183405 0.0557312
498 0.60822 0.207308 0.0548804
499 0.60822 0.187397 0.0516547
500 0.60822 0.179359 0.0491532
501 0.60822 0.182384 0.046941
502 0.60822 0.173928 0.0464344
503 0.60822 0.16569 0.0467073
504 0.60822 0.162193 0.0467021
505 0.60822 0.178425 0.0523731
506 0.60822 0.163833 0.0490519
507 0.60822 0.154427 0.0450628
508 0.60822 0.1574 0.0461156
509 0.60822 0.169899 0.050325
510 0.60822 0.15273 0.0449877
511 0.60822 0.141031 0.0450443
512 0.60822 0.134679 0.0442434
513 0.60822 0.146552 0.0474912
514 0.60822 0.144709 0.0476616
515 0.60822 0.148239 0.0440597
516 0.60822 0.147603 0.0439363
517 0.60822 0.161152 0.0496121
518 0.609226 0.181895 0.0492473
519 0.609226 0.151132 0.0456905
520 0.609226 0.155421 0.0461615
521 0.609226 0.166137 0.0524433
522 0.609226 0.138119 0.0451911
523 0.609226 0.142547 0.0451125
524 0.609226 0.145213 0.0430842
525 0.609226 0.135805 0.041606
526 0.609226 0.165532 0.0485299
527 0.609226 0.135595 0.0398147
528 0.609226 0.13926 0.0439178
529 0.609226 0.129641 0.0421181
530 0.609226 0.151268 0.044289
531 0.609226 0.130004 0.040959
532 0.609226 0.157365 0.0414289
533 0.609226 0.142281 0.0483116
534 0.609226 0.148456 0.0489659
535 0.609226 0.127693 0.0465453
536 0.609226 0.128722 0.0435144
537 0.609226 0.167598 0.0474444
538 0.609226 0.181049 0.0485166
539 0.609226 0.17989 0.0480187
540 0.609226 0.147628 0.0429216
541 0.609226 0.188007 0.0498421
542 0.609226 0.155624 0.0458843
543 0.609226 0.169571 0.0501656
544 0.609226 0.154063 0.0467951
545 0.609226 0.145043 0.0432867
546 0.609226 0.150494 0.0494558
547 0.609226 0.133247 0.0470432
548 0.609226 0.160326 0.0530321
549 0.609226 0.146034 0.0500431
550 0.609226 0.189736 0.0602498
551 0.609226 0.181084 0.0569776
552 0.609226 0.171956 0.0528936
553 0.609226 0.125389 0.0425173
554 0.609226 0.149696 0.0496275
555 0.609226 0.143287 0.0463937
556 0.609226 0.109592 0.0378555
557 0.609226 0.117847 0.0411236
558 0.609226 0.149582 0.0479175
559 0.609226 0.143927 0.0497755
560 0.609226 0.1647 0.0518579
561 0.609226 0.164714 0.0527134
562 0.609226 0.141164 0.0487576
563 0.609226 0.168058 0.0512126
564 0.609226 0.178025 0.0480463
565 0.609226 0.168558 0.0474199
566 0.609226 0.159271 0.0436332
567 0.609226 0.162735 0.0495003
568 0.609226 0.179568 0.0531636
569 0.609226 0.136922 0.044453
570 0.609226 0.13635 0.0462301
571 0.611245 0.150932 0.0520039
572 0.611245 0.126266 0.0443702
573 0.611245 0.142437 0.0485231
574 0.611245 0.125741 0.0470185
575 0.611245 0.168252 0.0545077
576 0.611245 0.180674 0.0582245
577 0.611245 0.149041 0.0523396
578 0.611245 0.154458 0.0487946
579 0.611245 0.150644 0.0466869
580 0.611245 0.165153 0.0499433
581 0.611245 0.166801 0.0505005
582 0.611245 0.162158 0.0534102
583 0.611245 0.195213 0.0549895
584 0.611245 0.181464 0.0526244
585 0.611245 0.179519 0.0509706
586 0.611245 0.160366 0.0476421
587 0.611245 0.169218 0.0514093
588 0.611245 0.169082 0.0512542
589 0.611245 0.168648 0.0445864
590 0.611245 0.15496 0.0456702
591 0.611245 0.172396 0.0464849
592 0.61147 0.162176 0.049901
593 0.61147 0.140104 0.0484884
594 0.61147 0.168958 0.0509812
595 0.61147 0.169641 0.049008
596 0.61147 0.172833 0.0488742
597 0.61147 0.184819 0.0561243
598 0.61147 0.177651 0.0526858
599 0.61147 0.168163 0.053445
600 0.612307 0.181426 0.0540437
601 0.612307 0.181689 0.0558146
602 0.612307 0.196586 0.0568255
603 0.612307 0.198946 0.0567633
604 0.612307 0.196835 0.0543819
605 0.612307 0.182454 0.0473973
606 0.612307 0.180523 0.0438567
607 0.612307 0.182193 0.0524504
608 0.612307 0.172743 0.0504382
609 0.612307 0.200029 0.0528425
610 0.612307 0.169796 0.0495684
611 0.612307 0.183792 0.0517062
612 0.612307 0.167787 0.0523378
613 0.612655 0.156665 0.0522555
614 0.612655 0.13822 0.0518657
615 0.612655 0.150981 0.0480324
616 0.612655 0.155676 0.0499894
617 0.612655 0.176553 0.0529401
618 0.612655 0.168608 0.0522264
619 0.612655 0.203019 0.0548594
620 0.612655 0.191581 0.053503
621 0.612655 0.18023 0.0500038
622 0.612655 0.171715 0.0510147
623 0.612655 0.163699 0.047459
624 0.612655 0.159596 0.0481706
625 0.612655 0.149875 0.0469894
626 0.612655 0.154112 0.0454981
627 0.612655 0.157943 0.0475016
628 0.612655 0.173843 0.0523554
629 0.612655 0.147064 0.0467951
630 0.612655 0.168379 0.0530987
631 0.612655 0.156479 0.0513139
632 0.612655 0.164402 0.0498312
633 0.612655 0.187918 0.0560293
634 0.612655 0.193624 0.0516449
635 0.612655 0.190587 0.0549688
636 0.612655 0.166815 0.0489044
637 0.612655 0.146553 0.0449632
638 0.612655 0.184945 0.0478921
639 0.612655 0.170464 0.0472573
640 0.612655 0.161693 0.0515219
641 0.612655 0.143894 0.0467394
642 0.612655 0.163697 0.050449
643 0.612655 0.157236 0.0511872
644 0.612655 0.151628 0.0506073
645 0.612655 0.150554 0.0493851
646 0.612655 0.138342 0.0479068
647 0.612655 0.145882 0.0483002
648 0.612655 0.140499 0.0484688
649 0.612655 0.154879 0.0500482
650 0.612655 0.155362 0.0500751
651 0.612655 0.179863 0.0508952
652 0.612655 0.160654 0.0484873
653 0.612655 0.157861 0.0524131
654 0.612655 0.15192 0.0483698
655 0.612655 0.154759 0.0497382
656 0.612655 0.163883 0.0505352
657 0.612655 0.182329 0.050796
658 0.612655 0.173947 0.0489182
659 0.612655 0.181247 0.0546778
660 0.612655 0.15457 0.048459
661 0.612655 0.179317 0.0548256
662 0.612655 0.143759 0.047485
663 0.612655 0.180181 0.0541449
664 0.612655 0.171337 0.0534649
665 0.612655 0.182191 0.05339
666 0.612655 0.183764 0.0563474
667 0.612655 0.161725 0.0532162
668 0.612655 0.151604 0.0491372
669 0.612655 0.170881 0.0532198
670 0.612655 0.148563 0.0489387
671 0.612655 0.167783 0.052002
672 0.612655 0.193704 0.0578218
673 0.612655 0.189427 0.05326
674 0.612655 0.181815 0.05177
675 0.612655 0.13975 0.0474905
676 0.612655 0.143763 0.0477031
677 0.612655 0.170465 0.0530645
678 0.612655 0.158948 0.0505823
679 0.612655 0.158559 0.0522902
680 0.612655 0.174873 0.0565884
681 0.612655 0.166759 0.0555027
682 0.612655 0.144311 0.0467854
683 0.612655 0.172557 0.0552956
684 0.612655 0.170613 0.0500118
685 0.612655 0.121632 0.0435196
686 0.612655 0.15658 0.049047
687 0.612655 0.153953 0.0498866
688 0.612655 0.153643 0.0537879
689 0.612655 0.155275 0.0562828
690 0.612655 0.135168 0.0471534
691 0.612655 0.167688 0.0449846
692 0.612655 0.177479 0.0504492
693 0.612655 0.159719 0.050643
694 0.612655 0.15244 0.047537
695 0.612655 0.150547 0.0487056
696 0.612655 0.15683 0.0530054
697 0.612655 0.142813 0.0462427
698 0.612655 0.156008 0.0505453
699 0.612655 0.155136 0.0514056
700 0.612655 0.15691 0.0490805
701 0.612655 0.155629 0.0511289
702 0.612655 0.158935 0.0506253
703 0.612655 0.164877 0.0519615
704 0.612655 0.181686 0.0501552
705 0.612655 0.143984 0.044218
706 0.612655 0.15273 0.0480567
707 0.612655 0.143989 0.0477433
708 0.612655 0.166514 0.0516839
709 0.612655 0.162688 0.0527646
710 0.612655 0.159718 0.0493768
711 0.612655 0.159634 0.0499744
712 0.612655 0.17286 0.0539957
713 0.612655 0.172844 0.0501634
714 0.613243 0.182249 0.0534805
715 0.613243 0.175758 0.0516868
716 0.613243 0.19022 0.0540253
717 0.613243 0.179685 0.0476786
718 0.613243 0.192402 0.0497123
719 0.613243 0.202862 0.0483955
720 0.613243 0.17725 0.0535458
721 0.613243 0.17177 0.0543231
722 0.613243 0.176199 0.0546264
723 0.613243 0.17195 0.0526215
724 0.613243 0.17191 0.0548518
725 0.613243 0.18057 0.0555307
726 0.613243 0.173278 0.0545327
727 0.613243 0.17462 0.0499736
728 0.613243 0.15056 0.0497243
729 0.613243 0.13078 0.0453238
730 0.613243 0.153044 0.0514584
731 0.613243 0.145013 0.0484596
732 0.613243 0.15109 0.049522
733 0.613243 0.199517 0.0581518
734 0.613243 0.190489 0.0530762
735 0.613243 0.175404 0.0564538
736 0.613243 0.159044 0.0528241
737 0.613243 0.162255 0.0525237
738 0.61342 0.182455 0.050664
739 0.61342 0.155591 0.0495706
740 0.61342 0.171827 0.0475668
741 0.61342 0.158131 0.0510732
742 0.61342 0.174322 0.05129
743 0.61342 0.139067 0.0447393
744 0.61342 0.169711 0.0497916
745 0.61342 0.150004 0.0456113
746 0.61342 0.14139 0.0471169
747 0.61342 0.153845 0.0502298
748 0.61342 0.153022 0.0486573
749 0.61342 0.155764 0.0500087
750 0.61342 0.149518 0.050573
751 0.61342 0.155251 0.051349
752 0.61342 0.17597 0.0522306
753 0.61342 0.150638 0.0499867
754 0.61342 0.140113 0.0500818
755 0.61342 0.149857 0.0497213
756 0.61342 0.163286 0.0521313
757 0.61342 0.15722 0.0505156
758 0.61342 0.171033 0.0538362
759 0.61342 0.164903 0.0538186
760 0.61342 0.162368 0.0534937
761 0.61342 0.151462 0.0511638
762 0.61342 0.122586 0.044873
763 0.61342 0.136732 0.0458452
764 0.61342 0.158507 0.0526402
765 0.61342 0.160533 0.0470475
766 0.61342 0.163397 0.0507225
767 0.61342 0.133712 0.0460912
768 0.61342 0.168375 0.0528961
769 0.61342 0.175647 0.0540815
770 0.61342 0.169335 0.05307
771 0.61342 0.163932 0.0502066
772 0.61342 0.153417 0.0523923
773 0.61342 0.151363 0.0559063
774 0.61342 0.156771 0.04615
775 0.61342 0.173603 0.0547267
776 0.61342 0.186674 0.0554558
777 0.61342 0.183607 0.0596397
778 0.61342 0.17726 0.0527298
779 0.61342 0.208306 0.05768
780 0.61342 0.176999 0.0516557
781 0.61342 0.216799 0.0587708
782 0.61342 0.196974 0.0518899
783 0.61342 0.19737 0.0488445
784 0.61342 0.176287 0.0484621
785 0.61342 0.170611 0.0531259
786 0.61342 0.18759 0.0521434
787 0.61342 0.155557 0.0470799
788 0.61342 0.179823 0.0535923
789 0.61342 0.176977 0.0510945
790 0.61342 0.171997 0.0530474
791 0.61342 0.158556 0.0500582
792 0.61342 0.179631 0.053174
793 0.61342 0.19378 0.0511887
794 0.61342 0.172895 0.0505002
795 0.61342 0.189465 0.0565369
796 0.61342 0.17602 0.0522318
797 0.61342 0.172908 0.0510722
798 0.61342 0.166243 0.0466735
799 0.61342 0.175766 0.0534975
800 0.61342 0.18102 0.0578957
801 0.61342 0.180265 0.0568089
802 0.61342 0.150762 0.0508269
803 0.61342 0.163849 0.0556155
804 0.61342 0.176884 0.0518885
805 0.61342 0.169487 0.0540312
806 0.61342 0.160021 0.0565344
807 0.61342 0.160109 0.054898
808 0.61342 0.16629 0.0521107
809 0.61342 0.145005 0.0532655
810 0.61342 0.16796 0.0530055
811 0.61342 0.184778 0.052155
812 0.61342 0.200839 0.0548099
813 0.61342 0.180049 0.0518119
814 0.61342 0.183215 0.0549258
815 0.61342 0.17716 0.0517198
816 0.61342 0.170375 0.0532995
817 0.61342 0.210505 0.0552641
818 0.61342 0.18321 0.0541011
819 0.613912 0.200512 0.0602833
820 0.613912 0.169303 0.0531001
821 0.613912 0.173195 0.0512476
822 0.613912 0.172944 0.052793
823 0.613912 0.188027 0.0527529
824 0.613912 0.199518 0.0544666
825 0.613912 0.195034 0.0567643
826 0.613912 0.211043 0.0569387
827 0.613912 0.206305 0.0578573
828 0.613912 0.190703 0.0507943
829 0.613912 0.198354 0.0545576
830 0.613912 0.186652 0.0509296
831 0.613912 0.172984 0.0473919
832 0.613912 0.156232 0.0470756
833 0.613912 0.179774 0.047659
834 0.613912 0.161335 0.0429063
835 0.613912 0.171167 0.0499749
836 0.613912 0.157549 0.0451269
837 0.613912 0.157589 0.0511771
838 0.613912 0.15227 0.0448774
839 0.613912 0.131617 0.046937
840 0.613912 0.171479 0.0574422
841 0.613912 0.181792 0.0621305
842 0.613912 0.146457 0.0551436
843 0.613912 0.13892 0.0536096
844 0.613912 0.130877 0.0495179
845 0.613912 0.1293 0.0475199
846 0.613912 0.146587 0.0502422
847 0.613912 0.169947 0.0545452
848 0.613912 0.156171 0.0516342
849 0.613912 0.124504 0.0459699
850 0.613912 0.144861 0.0512097
851 0.613912 0.13068 0.0464147
852 0.613912 0.16468 0.0524516
853 0.613912 0.177456 0.0524337
854 0.613912 0.168541 0.0544427
855 0.613912 0.174703 0.0526149
856 0.613912 0.150848 0.0482617
857 0.613912 0.17276 0.0541644
858 0.613912 0.141693 0.0521445
859 0.613912 0.172382 0.0518503
860 0.613912 0.150963 0.0516099
861 0.613912 0.149146 0.0484242
862 0.613912 0.166904 0.0492247
863 0.613912 0.177388 0.0521488
864 0.613912 0.186512 0.054129
865 0.613912 0.183632 0.0510847
866 0.613912 0.18253 0.0514978
867 0.613912 0.192896 0.0541085
868 0.613912 0.209823 0.0536578
869 0.613912 0.184888 0.0553602
870 0.613912 0.147197 0.0480463
871 0.613912 0.167225 0.0521176
872 0.613912 0.174163 0.0517038
873 0.613912 0.162638 0.0457817
874 0.613912 0.157137 0.0463771
875 0.613912 0.155429 0.0511876
876 0.613912 0.17277 0.0516651
877 0.613912 0.163033 0.0497911
878 0.613912 0.190122 0.056864
879 0.613912 0.168686 0.0544346
880 0.613912 0.173796 0.0532562
881 0.613912 0.160267 0.053269
882 0.613912 0.136048 0.050163
883 0.613912 0.200954 0.0557353
884 0.613912 0.1806 0.0524596
885 0.613912 0.174859 0.0525347
886 0.613912 0.170933 0.0555501
887 0.613912 0.17204 0.0545792
888 0.613912 0.188574 0.0562517
889 0.613912 0.203792 0.0566177
890 0.613912 0.18597 0.0503108
891 0.613912 0.15761 0.0494268
892 0.613912 0.184607 0.0499172
893 0.613912 0.169666 0.0456843
894 0.613912 0.179268 0.0482456
895 0.613912 0.185898 0.0518442
896 0.613912 0.187922 0.0539462
897 0.613912 0.185116 0.0561742
898 0.613912 0.205021 0.0543633
899 0.613912 0.191413 0.0531093
900 0.613912 0.185211 0.0539836
901 0.613912 0.182609 0.0560665
902 0.613912 0.166206 0.0516174
903 0.613912 0.152718 0.0516752
904 0.613912 0.130941 0.0477895
905 0.613912 0.130562 0.0488702
906 0.613912 0.165372 0.0545936
907 0.613912 0.187621 0.0566146
908 0.613912 0.169257 0.0533003
909 0.613912 0.188823 0.0512378
910 0.613912 0.158735 0.0445219
911 0.613912 0.164832 0.0500174
912 0.613912 0.162972 0.0486736
913 0.613912 0.155721 0.0490332
914 0.613912 0.184178 0.0492403
915 0.613912 0.177441 0.0556303
916 0.613912 0.160521 0.0525138
917 0.613912 0.184455 0.0562404
918 0.613912 0.159845 0.0525171
919 0.613912 0.146413 0.048641
920 0.613912 0.166836 0.0531729
921 0.613912 0.183812 0.0535695
922 0.613912 0.195031 0.0533505
923 0.613912 0.205069 0.0576861
924 0.613912 0.199278 0.0521899
925 0.613912 0.213413 0.052854
926 0.613912 0.208406 0.0568639
927 0.613912 0.200786 0.0500603
928 0.613912 0.215147 0.0474816
929 0.613912 0.208125 0.0500721
930 0.613912 0.192023 0.0536307
931 0.613912 0.179103 0.0515212
932 0.613912 0.185398 0.0529595
933 0.613912 0.176514 0.0466867
934 0.613912 0.169283 0.045438
935 0.613912 0.179885 0.0502188
936 0.613912 0.189208 0.0535186
937 0.613912 0.172988 0.0505575
938 0.613912 0.173165 0.0504747
939 0.613912 0.148324 0.0466583
940 0.613912 0.164697 0.0493262
941 0.613912 0.17933 0.0488437
942 0.613912 0.186437 0.0511647
943 0.613912 0.178821 0.0480745
944 0.613912 0.180921 0.0493617
945 0.613912 0.164292 0.0508775
946 0.613912 0.172115 0.0467141
947 0.613912 0.19019 0.0514699
948 0.613912 0.193662 0.0510579
949 0.613912 0.146273 0.0436142
950 0.613912 0.166017 0.0498672
951 0.613912 0.170379 0.0493008
952 0.613912 0.152771 0.046423
953 0.613912 0.181187 0.054138
954 0.613912 0.188841 0.0485551
955 0.613912 0.1902 0.0522337
956 0.613912 0.16754 0.0520987
957 0.613912 0.176301 0.0512448
958 0.613912 0.182544 0.0498532
959 0.613912 0.174245 0.0470919
960 0.613912 0.173359 0.0503106
961 0.613912 0.181024 0.0506739
962 0.613912 0.169 0.0457727
963 0.613912 0.183705 0.055821
964 0.613912 0.165115 0.0460711
965 0.613912 0.174899 0.0496046
966 0.613912 0.184045 0.0582924
967 0.613912 0.173335 0.0486196
968 0.613912 0.174058 0.0503058
969 0.613912 0.16555 0.049679
970 0.613912 0.183481 0.051909
971 0.613912 0.181408 0.0478962
972 0.613912 0.160973 0.0503474
973 0.613912 0.155502 0.0506599
974 0.613912 0.163899 0.050816
975 0.613912 0.179744 0.0528042
976 0.613912 0.183157 0.0511754
977 0.613912 0.147899 0.0478779
978 0.613912 0.160394 0.050219
979 0.613912 0.165211 0.0530423
980 0.613912 0.168162 0.053229
981 0.613912 0.142138 0.0492302
982 0.613912 0.149839 0.0510495
983 0.613912 0.173853 0.0559356
984 0.613912 0.200895 0.0570658
985 0.613912 0.189292 0.0504101
986 0.613912 0.163321 0.0497636
987 0.613912 0.171303 0.0497844
988 0.613912 0.150085 0.044197
989 0.613912 0.151635 0.0497716
990 0.613912 0.193241 0.0578836
991 0.613912 0.175663 0.0520841
992 0.613912 0.196703 0.0536506
993 0.613912 0.19789 0.0557169
994 0.613912 0.201119 0.0541529
995 0.613912 0.205259 0.051799
996 0.613912 0.199285 0.0478216
997 0.613912 0.196387 0.0515328
998 0.613912 0.190103 0.0515451
999 0.613912 0.189187 0.0535417
1000 0.613912 0.17739 0.0529728
