0 0.125276 0.0575915 0.00392587
1 0.125276 0.0613456 0.00395085
2 0.125277 0.0689064 0.00390603
3 0.125277 0.0815511 0.0035655
4 0.125277 0.074105 0.00378876
5 0.125277 0.0853886 0.00339836
6 0.125277 0.0880351 0.00325662
7 0.125277 0.0915524 0.00308204
8 0.125277 0.100189 0.00251487
9 0.125277 0.101814 0.00234908
10 0.145921 0.105811 0.00204607
11 0.145921 0.104249 0.00221094
12 0.154373 0.104444 0.00225258
13 0.154373 0.103776 0.00231505
14 0.154373 0.104822 0.00220975
15 0.370269 0.112602 0.00250466
16 0.370269 0.119727 0.00305008
17 0.520139 0.128703 0.00445653
17 0.522848 0.0330106 0.00697564
18 0.522848 0.0349856 0.00733317
19 0.522848 0.0318658 0.00736378
20 0.522848 0.0462338 0.0104852
21 0.522848 0.0544876 0.0135108
22 0.522848 0.0606868 0.0164946
23 0.522848 0.0802756 0.021474
24 0.522848 0.100692 0.0275326
25 0.522848 0.0810734 0.0264769
26 0.543586 0.110673 0.0340269
27 0.543586 0.104284 0.0312628
28 0.543586 0.112123 0.0333967
29 0.543586 0.113417 0.0341454
30 0.548392 0.125087 0.0397563
31 0.548392 0.0934046 0.0333783
32 0.55638 0.102831 0.0346221
33 0.55638 0.106922 0.0385327
34 0.55638 0.128392 0.0439674
35 0.562814 0.139538 0.0402235
36 0.562814 0.145253 0.0455518
37 0.575104 0.141807 0.0409132
38 0.575104 0.158087 0.041995
39 0.575104 0.138242 0.0420972
40 0.575104 0.144415 0.0436652
41 0.579402 0.164049 0.0463943
42 0.579402 0.140138 0.0459918
43 0.579402 0.144724 0.0468854
44 0.579402 0.161952 0.0465878
45 0.579402 0.157612 0.0468061
46 0.579402 0.135466 0.0450928
47 0.595634 0.154993 0.0485874
48 0.595634 0.148707 0.0487157
49 0.595634 0.136752 0.0411839
50 0.595634 0.179608 0.0499902
51 0.595634 0.154613 0.0449435
52 0.595634 0.175928 0.0488536
53 0.595634 0.130925 0.0439746
54 0.595634 0.151455 0.0440808
55 0.595634 0.160554 0.045631
56 0.595634 0.172496 0.0444595
57 0.595634 0.180934 0.050724
58 0.595634 0.188723 0.050473
59 0.595634 0.174971 0.0473773
60 0.595634 0.172471 0.0478236
61 0.604327 0.165206 0.0496633
62 0.604327 0.139906 0.0449792
63 0.604327 0.157397 0.0474327
64 0.604327 0.122487 0.0400598
65 0.604327 0.143088 0.047687
66 0.604327 0.13464 0.0439594
67 0.604327 0.131767 0.0405297
68 0.604327 0.154116 0.045497
69 0.604327 0.181681 0.0487362
70 0.604327 0.182675 0.0527663
71 0.604327 0.145725 0.0506334
72 0.604327 0.145509 0.0460376
73 0.604327 0.132483 0.0447789
74 0.604327 0.117483 0.0424298
75 0.604327 0.136851 0.0438941
76 0.604327 0.140801 0.0476767
77 0.604327 0.15399 0.0505948
78 0.604327 0.137234 0.0469447
79 0.604327 0.153989 0.0519118
80 0.604327 0.151213 0.0478182
81 0.604327 0.164005 0.0493219
82 0.604327 0.189972 0.0503803
83 0.604327 0.185263 0.0509348
84 0.604327 0.172429 0.0445138
85 0.604327 0.165845 0.0468974
86 0.604327 0.158597 0.0434917
87 0.604327 0.158072 0.0457563
88 0.604327 0.167212 0.0473018
89 0.604327 0.179641 0.0476715
90 0.604327 0.173161 0.0444658
91 0.604327 0.173704 0.0472139
92 0.604327 0.155695 0.0481699
93 0.604327 0.180447 0.0501579
94 0.604327 0.185724 0.0547783
95 0.604327 0.156992 0.0462065
96 0.604327 0.175588 0.0485012
97 0.604327 0.154916 0.0467034
98 0.604327 0.149889 0.0511586
99 0.604327 0.150726 0.0449427
100 0.604327 0.157101 0.0466771
101 0.604327 0.172113 0.0473967
102 0.604327 0.191331 0.053218
103 0.604327 0.194258 0.0485113
104 0.60875 0.178131 0.0493813
105 0.60875 0.173826 0.048529
106 0.60875 0.163778 0.0512781
107 0.60875 0.148299 0.0479543
108 0.60875 0.181676 0.0542639
109 0.60875 0.139107 0.0461612
110 0.60875 0.149485 0.0483179
111 0.60875 0.155918 0.0454582
112 0.60875 0.181783 0.0507278
113 0.60875 0.202856 0.0524605
114 0.60875 0.203638 0.0481263
115 0.60875 0.193027 0.0449575
116 0.60875 0.178827 0.0470545
117 0.60875 0.171031 0.0458675
118 0.60875 0.178884 0.0450453
119 0.60875 0.19192 0.0495308
120 0.60875 0.216366 0.0575675
121 0.60875 0.21014 0.0488454
122 0.60875 0.19563 0.0467253
123 0.60875 0.18042 0.0435651
124 0.609541 0.218057 0.050551
125 0.609541 0.204308 0.0487756
126 0.609541 0.230889 0.0581049
127 0.609541 0.196632 0.0529245
128 0.609541 0.201937 0.0491923
129 0.609541 0.215935 0.0540559
130 0.609541 0.198156 0.0511691
131 0.613331 0.190073 0.0502067
132 0.613331 0.189373 0.0508471
133 0.613331 0.202217 0.058723
134 0.613331 0.213588 0.0569606
135 0.613331 0.186919 0.0462841
136 0.613331 0.200735 0.0551368
137 0.613331 0.190761 0.0538452
138 0.613331 0.200379 0.0507545
139 0.613331 0.193602 0.050726
140 0.613331 0.196111 0.0522055
141 0.613331 0.178368 0.0494409
142 0.613331 0.193348 0.0491258
143 0.613331 0.203417 0.0580659
144 0.613331 0.190244 0.0530795
145 0.613331 0.197081 0.0550089
146 0.613331 0.223997 0.0558508
147 0.613331 0.192047 0.0520513
148 0.613331 0.204546 0.0552887
149 0.613331 0.203494 0.0567824
150 0.613331 0.203007 0.0557251
151 0.613331 0.194431 0.0543462
152 0.613331 0.181428 0.0531561
153 0.613331 0.177946 0.0489271
154 0.613331 0.181427 0.0524385
155 0.613331 0.197141 0.0549553
156 0.613331 0.198153 0.0535171
157 0.613331 0.189882 0.0529178
158 0.613331 0.175028 0.0489889
159 0.613331 0.177767 0.0503189
160 0.613331 0.202569 0.0528483
161 0.613331 0.152571 0.0447452
162 0.613331 0.147663 0.0462977
163 0.613331 0.167473 0.0421032
164 0.613331 0.180921 0.0462557
165 0.613331 0.182191 0.0496983
166 0.613331 0.175775 0.0513202
167 0.613331 0.210879 0.0503169
168 0.613331 0.201787 0.0515854
169 0.613331 0.18505 0.0509436
170 0.613331 0.234277 0.0533749
171 0.613331 0.214417 0.0518861
172 0.613331 0.231221 0.0532042
173 0.613331 0.236289 0.0547486
174 0.613331 0.202879 0.0501195
175 0.613331 0.214996 0.0521433
176 0.616331 0.221828 0.051651
177 0.616558 0.199572 0.0473405
178 0.616558 0.203745 0.0525573
179 0.616558 0.196408 0.0496416
180 0.616558 0.216029 0.0530971
181 0.616558 0.20617 0.0517042
182 0.616558 0.212734 0.0542098
183 0.616558 0.206373 0.0525651
184 0.616558 0.183659 0.0536427
185 0.616558 0.201005 0.0521172
186 0.616558 0.179318 0.0512717
187 0.616558 0.16148 0.0471941
188 0.616558 0.147071 0.0457589
189 0.616558 0.150199 0.0435668
190 0.616558 0.146266 0.0475812
191 0.616558 0.178413 0.0526703
192 0.616558 0.162666 0.0480748
193 0.616558 0.187679 0.0519131
194 0.616558 0.196225 0.0519075
195 0.616558 0.209202 0.0561708
196 0.616709 0.200937 0.0569761
197 0.616709 0.189052 0.0555412
198 0.616709 0.169909 0.0559339
199 0.616709 0.171398 0.0567352
200 0.616709 0.194567 0.04883
201 0.616709 0.186603 0.0463945
202 0.616709 0.200351 0.0538024
203 0.616709 0.217823 0.0544312
204 0.616709 0.196889 0.0504971
205 0.616709 0.193675 0.0526319
206 0.616709 0.181128 0.0551254
207 0.616709 0.198308 0.0538973
208 0.616709 0.185936 0.0516943
209 0.616709 0.204533 0.0534643
210 0.616709 0.206372 0.0538644
211 0.616709 0.205783 0.05686
212 0.616709 0.200613 0.0575882
213 0.616709 0.203663 0.0516179
214 0.616709 0.196667 0.0537508
215 0.618978 0.206173 0.0532939
216 0.618978 0.198916 0.052117
217 0.618978 0.204558 0.0517587
218 0.618978 0.186196 0.0467104
219 0.618978 0.209068 0.0549323
220 0.618978 0.227433 0.0541203
221 0.618978 0.224178 0.0529805
222 0.618978 0.239866 0.0530827
223 0.618978 0.222331 0.0540733
224 0.618978 0.23235 0.0569928
225 0.618978 0.203783 0.0549925
226 0.618978 0.228811 0.0540275
227 0.618978 0.210988 0.0554723
228 0.618978 0.2188 0.0497032
229 0.618978 0.225181 0.0509617
230 0.618978 0.235673 0.0561776
231 0.618978 0.21079 0.0533659
232 0.618978 0.195386 0.0512833
233 0.618978 0.197936 0.0534381
234 0.618978 0.170853 0.0488405
235 0.618978 0.181374 0.0536611
236 0.618978 0.16449 0.0474956
237 0.618978 0.183684 0.0535383
238 0.618978 0.199812 0.0485739
239 0.618978 0.19368 0.0545411
240 0.618978 0.190014 0.0531542
241 0.618978 0.193337 0.0543221
242 0.618978 0.196274 0.0521784
243 0.618978 0.199619 0.0499511
244 0.618978 0.227757 0.0553644
245 0.618978 0.230794 0.0507134
246 0.618978 0.225231 0.0493506
247 0.618978 0.195549 0.0474439
248 0.618978 0.180462 0.0508076
249 0.618978 0.171673 0.047898
250 0.618978 0.193989 0.0474035
251 0.618978 0.21093 0.051469
252 0.618978 0.211163 0.0547311
253 0.618978 0.171559 0.0488525
254 0.618978 0.171602 0.0485263
255 0.618978 0.21378 0.0522146
256 0.618978 0.200868 0.0539731
257 0.618978 0.19721 0.0598259
258 0.618978 0.194868 0.0548753
259 0.618978 0.212734 0.0564385
260 0.618978 0.207477 0.0501751
261 0.618978 0.206315 0.04904
262 0.618978 0.209353 0.0519247
263 0.618978 0.19911 0.0501986
264 0.618978 0.169883 0.0494027
265 0.618978 0.190019 0.0492046
266 0.618978 0.19334 0.0505697
267 0.618978 0.193703 0.0485845
268 0.618978 0.194328 0.0521172
269 0.618978 0.171295 0.0498153
270 0.618978 0.172382 0.0501849
271 0.618978 0.20461 0.0536129
272 0.618978 0.21552 0.0494185
273 0.618978 0.202236 0.0524086
274 0.618978 0.189688 0.0542074
275 0.618978 0.162639 0.0473213
276 0.618978 0.168953 0.0494855
277 0.618978 0.181688 0.0478405
278 0.618978 0.182955 0.045304
279 0.618978 0.193901 0.0497796
280 0.618978 0.196784 0.052249
281 0.618978 0.186011 0.0522084
282 0.618978 0.185931 0.0514089
283 0.618978 0.196393 0.0543448
284 0.618978 0.202313 0.0543227
285 0.618978 0.187961 0.0497508
286 0.618978 0.214416 0.0563031
287 0.618978 0.206269 0.0525944
288 0.618978 0.195442 0.0500514
289 0.618978 0.188747 0.0496109
290 0.618978 0.178501 0.0480297
291 0.618978 0.187811 0.0469401
292 0.618978 0.219054 0.0532498
293 0.618978 0.190818 0.0560741
294 0.618978 0.188344 0.05404
295 0.618978 0.19807 0.0530924
296 0.618978 0.208678 0.05119
297 0.618978 0.227258 0.0587161
298 0.618978 0.259402 0.0591297
299 0.618978 0.216213 0.0520288
300 0.618978 0.243327 0.0546579
301 0.618978 0.200224 0.0473999
302 0.618978 0.187532 0.0502713
303 0.618978 0.193626 0.0511171
304 0.618978 0.197749 0.0519606
305 0.618978 0.211573 0.0538649
306 0.618978 0.210182 0.0500706
307 0.618978 0.211041 0.0465045
308 0.618978 0.211101 0.0503326
309 0.618978 0.204249 0.0497584
310 0.618978 0.203211 0.0536417
311 0.618978 0.199576 0.0549407
312 0.618978 0.197882 0.0548528
313 0.618978 0.163392 0.0459339
314 0.618978 0.199811 0.052703
315 0.618978 0.213545 0.057989
316 0.618978 0.213783 0.0556819
317 0.618978 0.204654 0.0540491
318 0.618978 0.218426 0.0566805
319 0.618978 0.195411 0.0533417
320 0.618978 0.197432 0.0508472
321 0.618978 0.214924 0.0489635
322 0.618978 0.218463 0.0527371
323 0.618978 0.199187 0.0509568
324 0.618978 0.182963 0.0471266
325 0.618978 0.189961 0.0488342
326 0.618978 0.224246 0.0535548
327 0.618978 0.218786 0.0540127
328 0.618978 0.219649 0.0517539
329 0.618978 0.202693 0.0517166
330 0.618978 0.195244 0.0484301
331 0.618978 0.189192 0.0513097
332 0.618978 0.190061 0.0524262
333 0.618978 0.209115 0.0513015
334 0.618978 0.195384 0.0502917
335 0.618978 0.211314 0.0576566
336 0.618978 0.222434 0.0549875
337 0.618978 0.202166 0.0552354
338 0.618978 0.205411 0.0490157
339 0.618978 0.198791 0.055249
340 0.618978 0.211075 0.0536712
341 0.618978 0.183864 0.0468238
342 0.618978 0.200602 0.0497122
343 0.618978 0.212231 0.0549228
344 0.618978 0.210223 0.0493243
345 0.618978 0.20023 0.049052
346 0.618978 0.207082 0.0522752
347 0.618978 0.198889 0.0474339
348 0.618978 0.194784 0.0510175
349 0.618978 0.191375 0.0529042
350 0.618978 0.201087 0.0510325
351 0.618978 0.205528 0.0486682
352 0.618978 0.212186 0.0494544
353 0.618978 0.191692 0.0478064
354 0.618978 0.192959 0.0509881
355 0.618978 0.198294 0.0511818
356 0.618978 0.195691 0.0504035
357 0.618978 0.198025 0.0499006
358 0.618978 0.198759 0.0494406
359 0.618978 0.169716 0.05001
360 0.618978 0.192292 0.0505404
361 0.618978 0.204366 0.0503897
362 0.618978 0.171006 0.0524849
363 0.618978 0.183664 0.0530953
364 0.618978 0.195666 0.0515499
365 0.618978 0.185415 0.0493654
366 0.618978 0.170178 0.0483901
367 0.618978 0.183127 0.0507173
368 0.618978 0.177148 0.0471855
369 0.618978 0.20722 0.0508183
370 0.618978 0.206075 0.052887
371 0.618978 0.17913 0.0518982
372 0.618978 0.186083 0.0549563
373 0.618978 0.14955 0.0475956
374 0.618978 0.170488 0.0484499
375 0.618978 0.161341 0.0465401
376 0.618978 0.181021 0.0523948
377 0.618978 0.165845 0.0534577
378 0.618978 0.17477 0.0513706
379 0.618978 0.167486 0.0524032
380 0.618978 0.161908 0.0538706
381 0.618978 0.156623 0.0495627
382 0.618978 0.185017 0.0533486
383 0.618978 0.197758 0.0555974
384 0.618978 0.199019 0.053995
385 0.618978 0.179473 0.0525992
386 0.618978 0.210428 0.06122
387 0.618978 0.171078 0.0477331
388 0.618978 0.199637 0.0482693
389 0.618978 0.185259 0.0499221
390 0.618978 0.20025 0.0530354
391 0.618978 0.207047 0.0510902
392 0.618978 0.194572 0.0498094
393 0.618978 0.226503 0.0531292
394 0.618978 0.198686 0.0502465
395 0.618978 0.200782 0.0510432
396 0.618978 0.190805 0.0513789
397 0.618978 0.180532 0.0477867
398 0.618978 0.192414 0.051598
399 0.618978 0.172013 0.0541061
400 0.618978 0.197297 0.0567104
401 0.618978 0.187366 0.0516912
402 0.618978 0.202713 0.0533422
403 0.618978 0.19175 0.05589
404 0.618978 0.212509 0.0554436
405 0.618978 0.192973 0.0534782
406 0.618978 0.19742 0.0585145
407 0.618978 0.1831 0.057875
408 0.618978 0.175096 0.0558244
409 0.618978 0.159305 0.0505324
410 0.618978 0.15969 0.0517622
411 0.618978 0.206854 0.0538565
412 0.618978 0.20046 0.0542789
413 0.618978 0.186846 0.0510688
414 0.618978 0.227265 0.0545868
415 0.618978 0.208337 0.0525747
416 0.618978 0.19205 0.0509382
417 0.618978 0.219574 0.0546466
418 0.618978 0.211367 0.0568398
419 0.618978 0.218882 0.054421
420 0.618978 0.201857 0.0550017
421 0.618978 0.195652 0.0552733
422 0.618978 0.205912 0.0560867
423 0.618978 0.22348 0.0556602
424 0.618978 0.231214 0.0531612
425 0.618978 0.193759 0.0509249
426 0.618978 0.221333 0.0567341
427 0.618978 0.230812 0.0566748
428 0.618978 0.216322 0.0581333
429 0.618978 0.198309 0.0494315
430 0.618978 0.224747 0.0530863
431 0.618978 0.203984 0.0496035
432 0.618978 0.181136 0.0494512
433 0.618978 0.165222 0.0501149
434 0.618978 0.196144 0.0542953
435 0.618978 0.217605 0.0531062
436 0.618978 0.211581 0.0571707
437 0.618978 0.235037 0.0575651
438 0.618978 0.217834 0.0538672
439 0.618978 0.206856 0.0582163
440 0.618978 0.176233 0.0553252
441 0.618978 0.212693 0.0542846
442 0.618978 0.18819 0.0494054
443 0.618978 0.200903 0.0546017
444 0.618978 0.190974 0.0540371
445 0.618978 0.183445 0.05435
446 0.618978 0.19099 0.0516463
447 0.618978 0.192685 0.0559009
448 0.618978 0.174177 0.0535096
449 0.618978 0.180183 0.0531048
450 0.618978 0.193307 0.0519927
451 0.618978 0.196334 0.0541828
452 0.618978 0.197823 0.0547488
453 0.618978 0.210789 0.0565157
454 0.618978 0.200867 0.0560285
455 0.618978 0.211931 0.0556416
456 0.618978 0.225028 0.0598725
457 0.618978 0.219301 0.0584581
458 0.618978 0.20659 0.0591979
459 0.618978 0.193651 0.0521226
460 0.618978 0.183138 0.0534875
461 0.618978 0.212094 0.0556571
462 0.618978 0.212852 0.0545667
463 0.618978 0.172972 0.0475872
464 0.618978 0.188862 0.0554911
465 0.618978 0.190658 0.0546571
466 0.618978 0.163595 0.051696
467 0.618978 0.176604 0.0546579
468 0.618978 0.162891 0.053474
469 0.618978 0.168554 0.0565686
470 0.618978 0.173533 0.055384
471 0.618978 0.185546 0.0507478
472 0.618978 0.173985 0.047029
473 0.618978 0.172622 0.050417
474 0.618978 0.178857 0.0502542
475 0.618978 0.179802 0.0498727
476 0.618978 0.205839 0.0506684
477 0.618978 0.204816 0.054022
478 0.618978 0.210188 0.0522424
479 0.618978 0.238569 0.0496722
480 0.618978 0.230224 0.0514747
481 0.618978 0.205658 0.0530815
482 0.618978 0.203811 0.0526892
483 0.618978 0.219277 0.0481106
484 0.618978 0.221075 0.0535997
485 0.618978 0.195536 0.0522201
486 0.618978 0.205769 0.0548955
487 0.618978 0.185458 0.0524938
488 0.618978 0.172369 0.048088
489 0.618978 0.196728 0.051534
490 0.618978 0.208739 0.0534337
491 0.618978 0.197192 0.0536816
492 0.618978 0.189834 0.0561494
493 0.618978 0.205631 0.0545624
494 0.618978 0.19737 0.0538464
495 0.618978 0.180022 0.0516168
496 0.618978 0.172262 0.0454476
497 0.618978 0.198549 0.0481929
498 0.618978 0.186003 0.0485368
499 0.618978 0.196316 0.0529117
500 0.618978 0.211341 0.0522926
501 0.618978 0.18152 0.0524697
502 0.618978 0.200155 0.0547867
503 0.618978 0.174313 0.0525441
504 0.618978 0.171829 0.0527645
505 0.618978 0.183079 0.0568792
506 0.618978 0.177988 0.0545659
507 0.618978 0.174253 0.050566
508 0.618978 0.219458 0.0531763
509 0.618978 0.24404 0.0527743
510 0.618978 0.229526 0.054406
511 0.618978 0.211913 0.0545795
512 0.618978 0.21435 0.0541813
513 0.618978 0.237145 0.0572755
514 0.618978 0.226183 0.0557437
515 0.618978 0.192714 0.0551133
516 0.618978 0.207053 0.0574727
517 0.618978 0.205481 0.0537708
518 0.618978 0.207403 0.0528235
519 0.618978 0.197956 0.0499478
520 0.618978 0.189085 0.0543852
521 0.618978 0.187788 0.0557432
522 0.618978 0.172824 0.0549439
523 0.618978 0.204336 0.0519889
524 0.618978 0.188137 0.0503625
525 0.618978 0.169494 0.0480471
526 0.618978 0.177079 0.0502715
527 0.618978 0.198392 0.0585534
528 0.618978 0.18828 0.0551053
529 0.618978 0.200343 0.0531689
530 0.618978 0.191025 0.0487801
531 0.618978 0.203405 0.0506269
532 0.618978 0.2051 0.0566066
533 0.618978 0.209302 0.0579986
534 0.618978 0.237635 0.0544285
535 0.618978 0.18462 0.0488802
536 0.618978 0.183011 0.050701
537 0.618978 0.181175 0.0528996
538 0.618978 0.207078 0.0526312
539 0.618978 0.219321 0.0529298
540 0.618978 0.222183 0.0530543
541 0.618978 0.200957 0.0506789
542 0.618978 0.177956 0.0440183
543 0.618978 0.172839 0.046037
544 0.618978 0.145848 0.0456313
545 0.618978 0.174489 0.0476305
546 0.618978 0.196876 0.0496983
547 0.618978 0.162395 0.0489952
548 0.618978 0.184212 0.0489669
549 0.618978 0.183649 0.0499602
550 0.618978 0.195619 0.0515159
551 0.618978 0.16924 0.0492239
552 0.618978 0.180921 0.0512527
553 0.618978 0.177504 0.0499531
554 0.618978 0.187154 0.052185
555 0.618978 0.166935 0.0465837
556 0.618978 0.171534 0.0557107
557 0.618978 0.169241 0.0538457
558 0.618978 0.171159 0.052682
559 0.618978 0.178956 0.0506423
560 0.618978 0.189743 0.0518535
561 0.618978 0.188409 0.0541377
562 0.618978 0.201033 0.0597617
563 0.618978 0.224045 0.0594386
564 0.618978 0.21826 0.0507262
565 0.618978 0.174619 0.0502027
566 0.618978 0.188442 0.0495795
567 0.618978 0.146591 0.047643
568 0.618978 0.169634 0.0497133
569 0.618978 0.194384 0.0494294
570 0.618978 0.178669 0.0477298
571 0.618978 0.197976 0.0512976
572 0.618978 0.18616 0.0522094
573 0.618978 0.178203 0.0457093
574 0.618978 0.176256 0.0436575
575 0.618978 0.183292 0.0459492
576 0.618978 0.208458 0.0577198
577 0.618978 0.162233 0.0467831
578 0.618978 0.183317 0.0490026
579 0.618978 0.19333 0.0464759
580 0.618978 0.177478 0.0493165
581 0.618978 0.175713 0.047091
582 0.618978 0.188763 0.0515287
583 0.618978 0.197643 0.0501278
584 0.618978 0.211912 0.0511516
585 0.618978 0.209066 0.0580951
586 0.618978 0.221641 0.0548168
587 0.618978 0.210378 0.0537551
588 0.618978 0.20247 0.0557443
589 0.618978 0.227758 0.0536245
590 0.618978 0.221945 0.0486222
591 0.618978 0.219091 0.0479328
592 0.618978 0.225886 0.0530596
593 0.618978 0.204531 0.0509602
594 0.618978 0.210166 0.0533011
595 0.618978 0.20946 0.053985
596 0.618978 0.206215 0.0555934
597 0.618978 0.208329 0.0537532
598 0.618978 0.202096 0.0537186
599 0.618978 0.166688 0.0481356
600 0.618978 0.177108 0.0478734
601 0.618978 0.18112 0.0525659
602 0.618978 0.201754 0.0594468
603 0.618978 0.188958 0.0561391
604 0.618978 0.159095 0.0495626
605 0.618978 0.168793 0.0515457
606 0.618978 0.186313 0.0537759
607 0.618978 0.202957 0.0551373
608 0.618978 0.190386 0.0522616
609 0.618978 0.224079 0.0527433
610 0.618978 0.203216 0.0578857
611 0.618978 0.234357 0.0595981
612 0.618978 0.213738 0.0498849
613 0.618978 0.217249 0.0538877
614 0.618978 0.202703 0.0559348
615 0.618978 0.191973 0.0520109
616 0.618978 0.199693 0.0499336
617 0.618978 0.189342 0.0520283
618 0.618978 0.229678 0.0513763
619 0.618978 0.217268 0.0528088
620 0.618978 0.200204 0.0514073
621 0.618978 0.17956 0.048854
622 0.618978 0.166178 0.0510446
623 0.618978 0.17384 0.0537484
624 0.618978 0.189219 0.0583373
625 0.618978 0.1919 0.0565875
626 0.618978 0.166433 0.0491724
627 0.618978 0.162863 0.0520529
628 0.618978 0.175347 0.0514046
629 0.618978 0.190867 0.0545411
630 0.618978 0.188913 0.0508116
631 0.618978 0.192495 0.0515158
632 0.618978 0.184414 0.0506672
633 0.618978 0.179016 0.0492849
634 0.618978 0.173931 0.0493693
635 0.618978 0.171372 0.0515376
636 0.618978 0.195437 0.0541492
637 0.618978 0.18854 0.056247
638 0.618978 0.180858 0.0492519
639 0.618978 0.176976 0.0494149
640 0.618978 0.164531 0.0512879
641 0.618978 0.184293 0.0566105
642 0.618978 0.182389 0.0544597
643 0.618978 0.160334 0.0475008
644 0.618978 0.182321 0.0468976
645 0.618978 0.167263 0.0439658
646 0.618978 0.191138 0.0526443
647 0.618978 0.18615 0.0513554
648 0.618978 0.212253 0.0475436
649 0.618978 0.21968 0.0473547
650 0.618978 0.191318 0.0510385
651 0.618978 0.204684 0.0510362
652 0.618978 0.195784 0.0518698
653 0.618978 0.21916 0.0552877
654 0.618978 0.20501 0.0499995
655 0.618978 0.205397 0.0494824
656 0.618978 0.20965 0.0515276
657 0.618978 0.221368 0.0540088
658 0.618978 0.207155 0.0517427
659 0.618978 0.205891 0.0514464
660 0.618978 0.208415 0.0533116
661 0.618978 0.200526 0.0485613
662 0.618978 0.174645 0.0449255
663 0.618978 0.190454 0.0502376
664 0.618978 0.186508 0.0539877
665 0.618978 0.17692 0.0482387
666 0.618978 0.173234 0.045321
667 0.618978 0.186292 0.0533687
668 0.618978 0.190752 0.0540212
669 0.618978 0.16066 0.0472411
670 0.618978 0.170759 0.0499129
671 0.618978 0.187456 0.0509595
672 0.618978 0.190926 0.0534153
673 0.618978 0.20551 0.0500547
674 0.618978 0.207302 0.0534048
675 0.618978 0.190431 0.0481517
676 0.618978 0.189379 0.049394
677 0.618978 0.197385 0.055666
678 0.618978 0.185387 0.0510451
679 0.618978 0.18577 0.0501967
680 0.618978 0.189778 0.0560174
681 0.618978 0.165267 0.0506994
682 0.618978 0.169563 0.0521988
683 0.618978 0.178583 0.0520615
684 0.618978 0.188708 0.0524381
685 0.618978 0.17873 0.0526736
686 0.618978 0.183302 0.0488048
687 0.618978 0.203033 0.0526547
688 0.618978 0.202283 0.0572798
689 0.618978 0.180852 0.05136
690 0.618978 0.180351 0.0500911
691 0.618978 0.156676 0.0496671
692 0.618978 0.171604 0.05221
693 0.618978 0.179246 0.0516332
694 0.618978 0.201948 0.0523948
695 0.618978 0.175937 0.0490874
696 0.618978 0.16718 0.0472402
697 0.618978 0.189848 0.0529751
698 0.618978 0.158814 0.047108
699 0.618978 0.144221 0.044969
700 0.618978 0.188703 0.0467653
701 0.618978 0.165709 0.0470555
702 0.618978 0.179721 0.0478211
703 0.618978 0.206534 0.0513461
704 0.618978 0.216604 0.0525151
705 0.618978 0.21014 0.0543083
706 0.618978 0.196707 0.0499281
707 0.618978 0.188371 0.0527161
708 0.618978 0.19984 0.0490843
709 0.618978 0.196002 0.04242
710 0.618978 0.193327 0.0469237
711 0.618978 0.205667 0.0536073
712 0.618978 0.223533 0.0563423
713 0.618978 0.222948 0.0559406
714 0.618978 0.229154 0.0500506
715 0.618978 0.224869 0.0493839
716 0.618978 0.208234 0.0507052
717 0.618978 0.199764 0.0551733
718 0.618978 0.201297 0.0551391
719 0.618978 0.188494 0.0516055
720 0.618978 0.187884 0.0527859
721 0.618978 0.181199 0.0513754
722 0.618978 0.185116 0.0510693
723 0.618978 0.157743 0.0470814
724 0.618978 0.163939 0.0499508
725 0.618978 0.183937 0.0541634
726 0.618978 0.18233 0.0496885
727 0.618978 0.186394 0.0508579
728 0.618978 0.18663 0.0462032
729 0.618978 0.185207 0.0450976
730 0.618978 0.155368 0.0453017
731 0.618978 0.143933 0.0454229
732 0.618978 0.162311 0.0476519
733 0.618978 0.166979 0.0502519
734 0.618978 0.162469 0.0510259
735 0.618978 0.16114 0.0480537
736 0.618978 0.155224 0.048947
737 0.618978 0.14889 0.0473725
738 0.618978 0.147548 0.0487534
739 0.618978 0.157622 0.0518453
740 0.618978 0.178904 0.0489567
741 0.618978 0.168142 0.0472618
742 0.618978 0.166685 0.0483777
743 0.618978 0.180144 0.0491236
744 0.618978 0.188977 0.0500065
745 0.618978 0.177233 0.049696
746 0.618978 0.193256 0.0509556
747 0.618978 0.1792 0.0517973
748 0.618978 0.179401 0.0514594
749 0.618978 0.177186 0.0480918
750 0.618978 0.187876 0.0492726
751 0.618978 0.177936 0.0475364
752 0.618978 0.190355 0.0522209
753 0.618978 0.190664 0.0524434
754 0.618978 0.18395 0.0540634
755 0.618978 0.173677 0.0490505
756 0.618978 0.180715 0.0471444
757 0.618978 0.175346 0.0525437
758 0.618978 0.156013 0.0459483
759 0.618978 0.169178 0.0492311
760 0.618978 0.185688 0.0520062
761 0.618978 0.196996 0.0573123
762 0.618978 0.168451 0.0521439
763 0.618978 0.196292 0.0514148
764 0.618978 0.20992 0.0556329
765 0.618978 0.197794 0.0505868
766 0.618978 0.190915 0.0536593
767 0.618978 0.205523 0.0553697
768 0.618978 0.230333 0.0511647
769 0.618978 0.237289 0.0518743
770 0.618978 0.214052 0.049582
771 0.618978 0.195207 0.0491099
772 0.618978 0.202882 0.0529357
773 0.618978 0.182787 0.0483841
774 0.618978 0.164043 0.0480374
775 0.618978 0.15473 0.0467891
776 0.618978 0.161681 0.0517587
777 0.618978 0.16181 0.0482739
778 0.618978 0.174889 0.0471393
779 0.618978 0.187877 0.0532921
780 0.618978 0.180702 0.0540477
781 0.618978 0.173989 0.0510818
782 0.618978 0.160627 0.0521327
783 0.618978 0.18271 0.0517695
784 0.618978 0.181895 0.0525941
785 0.618978 0.193371 0.0551579
786 0.618978 0.185281 0.0549212
787 0.618978 0.167697 0.0518237
788 0.618978 0.180049 0.0497171
789 0.618978 0.191857 0.0544263
790 0.618978 0.193906 0.0562239
791 0.618978 0.187925 0.0544053
792 0.618978 0.213498 0.0513609
793 0.618978 0.204087 0.0540646
794 0.618978 0.193792 0.0467119
795 0.618978 0.200084 0.0472675
796 0.618978 0.217951 0.0486663
797 0.618978 0.233858 0.0540832
798 0.618978 0.252733 0.0501416
799 0.618978 0.248465 0.0517337
800 0.618978 0.241167 0.0566208
801 0.618978 0.200757 0.0533809
802 0.618978 0.198355 0.054156
803 0.618978 0.176174 0.0539601
804 0.618978 0.198714 0.0592698
805 0.618978 0.199541 0.0597234
806 0.618978 0.182209 0.0500176
807 0.618978 0.170215 0.0475784
808 0.618978 0.194122 0.0557825
809 0.618978 0.171892 0.0510267
810 0.618978 0.177025 0.0508474
811 0.618978 0.183979 0.050499
812 0.618978 0.163878 0.049098
813 0.618978 0.200288 0.0496966
814 0.618978 0.205798 0.0538771
815 0.618978 0.196932 0.0506501
816 0.618978 0.190153 0.0498268
817 0.618978 0.185945 0.0519228
818 0.618978 0.187423 0.0539519
819 0.618978 0.202848 0.0571214
820 0.618978 0.149888 0.0466997
821 0.618978 0.165596 0.0509933
822 0.618978 0.153412 0.0468319
823 0.618978 0.1665 0.0521235
824 0.618978 0.183449 0.0506095
825 0.618978 0.181541 0.0477704
826 0.618978 0.202756 0.0519887
827 0.618978 0.194785 0.053433
828 0.618978 0.185841 0.0517367
829 0.618978 0.153316 0.0525063
830 0.618978 0.165249 0.0454704
831 0.618978 0.173344 0.0478279
832 0.618978 0.167996 0.0456365
833 0.618978 0.164099 0.0486249
834 0.618978 0.158706 0.0499564
835 0.618978 0.159426 0.0482135
836 0.618978 0.162569 0.0460505
837 0.618978 0.174306 0.0437946
838 0.618978 0.167146 0.0458254
839 0.618978 0.155308 0.0425493
840 0.618978 0.185176 0.0500405
841 0.618978 0.160675 0.0497279
842 0.618978 0.165803 0.0516053
843 0.618978 0.160305 0.0502182
844 0.618978 0.159714 0.051896
845 0.618978 0.169498 0.0522312
846 0.618978 0.168748 0.0546965
847 0.618978 0.173747 0.0541549
848 0.618978 0.185611 0.0517591
849 0.618978 0.155537 0.0469552
850 0.618978 0.177339 0.05238
851 0.618978 0.180859 0.0514568
852 0.618978 0.177135 0.0471948
853 0.618978 0.170564 0.0486288
854 0.618978 0.169159 0.0470228
855 0.618978 0.203355 0.0532417
856 0.618978 0.16755 0.0481689
857 0.618978 0.170871 0.0496536
858 0.618978 0.160024 0.0432082
859 0.618978 0.169407 0.0470212
860 0.618978 0.185249 0.0527393
861 0.618978 0.181903 0.0557928
862 0.618978 0.191666 0.0514576
863 0.618978 0.203234 0.0543434
864 0.618978 0.168387 0.0459778
865 0.618978 0.204568 0.0540803
866 0.618978 0.192288 0.0468126
867 0.618978 0.240652 0.0544651
868 0.618978 0.195528 0.0554549
869 0.618978 0.188931 0.0515717
870 0.618978 0.203669 0.0533657
871 0.618978 0.186905 0.0477858
872 0.618978 0.190141 0.0511938
873 0.618978 0.179874 0.050357
874 0.618978 0.177796 0.047508
875 0.618978 0.177968 0.0499181
876 0.618978 0.194924 0.0558847
877 0.618978 0.163136 0.050292
878 0.618978 0.172821 0.0488452
879 0.618978 0.171612 0.051244
880 0.618978 0.199779 0.0523028
881 0.618978 0.163815 0.0499474
882 0.618978 0.178358 0.0523147
883 0.618978 0.208327 0.0541316
884 0.618978 0.192497 0.0544793
885 0.618978 0.190831 0.0524441
886 0.618978 0.185457 0.0524741
887 0.618978 0.179342 0.0506724
888 0.618978 0.158601 0.0502913
889 0.618978 0.163084 0.0488361
890 0.618978 0.150057 0.0479813
891 0.618978 0.182271 0.0542848
892 0.618978 0.153687 0.0439507
893 0.618978 0.167241 0.0494787
894 0.618978 0.168038 0.0498666
895 0.618978 0.17454 0.0523914
896 0.618978 0.159857 0.0490913
897 0.618978 0.171153 0.049838
898 0.618978 0.16988 0.0532945
899 0.618978 0.161355 0.0483816
900 0.618978 0.161106 0.0480687
901 0.618978 0.162474 0.0510899
902 0.618978 0.181588 0.0512079
903 0.618978 0.17963 0.0475294
904 0.618978 0.162305 0.0516685
905 0.618978 0.167971 0.0518323
906 0.618978 0.19085 0.0577667
907 0.618978 0.162948 0.0503445
908 0.618978 0.164144 0.0494495
909 0.618978 0.177468 0.0521497
910 0.618978 0.174673 0.0526107
911 0.618978 0.166926 0.0466969
912 0.618978 0.18407 0.0505099
913 0.618978 0.197655 0.0526142
914 0.618978 0.186951 0.0456752
915 0.618978 0.203348 0.0516068
916 0.618978 0.203874 0.0514054
917 0.618978 0.217214 0.0542132
918 0.618978 0.171708 0.0500564
919 0.618978 0.209398 0.0523157
920 0.618978 0.206453 0.0543864
921 0.618978 0.202706 0.0510403
922 0.618978 0.190773 0.0549277
923 0.618978 0.194026 0.0564593
924 0.618978 0.186369 0.055174
925 0.618978 0.175045 0.0513736
926 0.618978 0.185201 0.0508132
927 0.618978 0.192014 0.0518021
928 0.618978 0.207908 0.0579594
929 0.618978 0.194532 0.0538227
930 0.618978 0.214901 0.0597967
931 0.618978 0.178806 0.0544403
932 0.618978 0.195617 0.0590481
933 0.618978 0.184719 0.0569509
934 0.618978 0.190171 0.0528618
935 0.618978 0.203004 0.0520255
936 0.618978 0.195563 0.0528984
937 0.618978 0.176041 0.0526378
938 0.618978 0.202331 0.0554799
939 0.618978 0.19961 0.0552788
940 0.618978 0.217446 0.0531376
941 0.618978 0.20302 0.0535539
942 0.618978 0.19661 0.0543677
943 0.618978 0.180793 0.0519233
944 0.618978 0.181436 0.0567167
945 0.618978 0.193167 0.0571699
946 0.618978 0.211694 0.0591482
947 0.618978 0.201106 0.0614344
948 0.618978 0.231989 0.0583905
949 0.618978 0.248234 0.057625
950 0.618978 0.185143 0.0486585
951 0.618978 0.207407 0.0559356
952 0.618978 0.185257 0.0500923
953 0.618978 0.215805 0.0580187
954 0.618978 0.198572 0.0502708
955 0.618978 0.201559 0.0497724
956 0.618978 0.182127 0.0506008
957 0.618978 0.210282 0.0520255
958 0.618978 0.208213 0.0540747
959 0.618978 0.224758 0.0526926
960 0.618978 0.221688 0.0529912
961 0.618978 0.181198 0.0500102
962 0.618978 0.189542 0.0540053
963 0.618978 0.191341 0.0539551
964 0.618978 0.161167 0.0515783
965 0.618978 0.185652 0.0481808
966 0.618978 0.167682 0.0506153
967 0.618978 0.174629 0.0514227
968 0.618978 0.208875 0.0500291
969 0.618978 0.204416 0.0493931
970 0.618978 0.200364 0.0481876
971 0.618978 0.188994 0.0520837
972 0.618978 0.174737 0.0507705
973 0.618978 0.169627 0.0509461
974 0.618978 0.183935 0.0486043
975 0.618978 0.173091 0.0480395
976 0.618978 0.186018 0.0494129
977 0.618978 0.193182 0.0515649
978 0.618978 0.179282 0.04739
979 0.618978 0.179731 0.0477985
980 0.618978 0.165397 0.049568
981 0.618978 0.200053 0.0534893
982 0.618978 0.198418 0.052031
983 0.618978 0.192619 0.0538521
984 0.618978 0.164473 0.0473952
985 0.618978 0.170877 0.0463374
986 0.618978 0.172099 0.0513413
987 0.618978 0.182348 0.0551645
988 0.618978 0.207208 0.0548321
989 0.618978 0.176695 0.051002
990 0.618978 0.169464 0.0528146
991 0.618978 0.181204 0.053974
992 0.618978 0.170215 0.0536492
993 0.618978 0.170829 0.055648
994 0.618978 0.174003 0.0536895
995 0.618978 0.151495 0.0494695
996 0.618978 0.158411 0.049964
997 0.618978 0.187138 0.0519325
998 0.618978 0.180346 0.0507165
999 0.618978 0.188033 0.049205
1000 0.618978 0.209506 0.0538613
