0 0.12527 0.0640069 0.0039296
1 0.12527 0.069083 0.00388365
2 0.125273 0.0765428 0.00373585
3 0.125273 0.0864742 0.00336465
4 0.125278 0.0901495 0.00318359
5 0.125278 0.1015 0.00240905
6 0.125278 0.10522 0.00210757
7 0.125278 0.109003 0.00176341
8 0.125278 0.109006 0.00176205
9 0.125278 0.113863 0.0012952
10 0.125278 0.106593 0.0019736
11 0.125278 0.10647 0.00199677
12 0.125278 0.115292 0.00112922
13 0.187742 0.108361 0.00194406
14 0.339055 0.108148 0.00267951
15 0.339055 0.114943 0.00198688
16 0.339055 0.113148 0.00216832
17 0.339055 0.105853 0.00290951
18 0.339055 0.103004 0.00335487
19 0.339055 0.102077 0.00352329
20 0.35122 0.110652 0.00388062
21 0.469071 0.123138 0.0053677
22 0.469071 0.123463 0.00600043
23 0.469071 0.142431 0.00738769
24 0.469071 0.139174 0.00981863
25 0.496387 0.148904 0.0132117
26 0.496387 0.161306 0.0177041
27 0.496387 0.164229 0.0191061
28 0.496387 0.149071 0.0197454
29 0.500645 0.167249 0.021424
29 0.531456 0.100685 0.0325147
30 0.531456 0.134909 0.0402231
31 0.534116 0.1109 0.0361238
32 0.551433 0.116045 0.0353791
33 0.551433 0.133662 0.0396228
34 0.551433 0.137109 0.0410962
35 0.551433 0.143167 0.0409927
36 0.551433 0.143077 0.0438791
37 0.551433 0.147978 0.0409986
38 0.579241 0.175179 0.0455676
39 0.579241 0.175406 0.0443974
40 0.579241 0.164816 0.0437396
41 0.579241 0.175172 0.0438501
42 0.579241 0.204742 0.049108
43 0.579241 0.189001 0.0463059
44 0.579241 0.180979 0.044474
45 0.579241 0.181399 0.0483776
46 0.579241 0.197865 0.0526612
47 0.579241 0.168826 0.0483586
48 0.579241 0.160643 0.047386
49 0.579241 0.182758 0.0490658
50 0.579241 0.194318 0.0487565
51 0.579241 0.212521 0.0490998
52 0.579241 0.216116 0.050374
53 0.579241 0.227131 0.0528199
54 0.579241 0.199835 0.0506137
55 0.579241 0.193821 0.048732
56 0.579241 0.198393 0.0497742
57 0.579241 0.179853 0.0484839
58 0.579241 0.202474 0.0517921
59 0.579241 0.17874 0.0532057
60 0.579241 0.180928 0.0471509
61 0.579241 0.195217 0.0505117
62 0.579241 0.182613 0.0498339
63 0.579241 0.188456 0.0482584
64 0.579241 0.205606 0.0515871
65 0.579241 0.19704 0.0478341
66 0.579241 0.196709 0.050903
67 0.579241 0.194184 0.0494504
68 0.582864 0.203126 0.0505332
69 0.582864 0.190156 0.047912
70 0.582864 0.200002 0.0472875
71 0.582864 0.189827 0.0506762
72 0.582864 0.205419 0.0531155
73 0.582864 0.200817 0.0500056
74 0.582864 0.191264 0.0460288
75 0.584548 0.188983 0.0492531
76 0.584548 0.182232 0.0480826
77 0.588306 0.212636 0.0521685
78 0.588306 0.238402 0.0540429
79 0.588306 0.248213 0.0499998
80 0.588306 0.19243 0.0504583
81 0.588306 0.182203 0.0476197
82 0.588306 0.178379 0.0477563
83 0.588306 0.225251 0.0489742
84 0.588306 0.215382 0.0508138
85 0.588306 0.23141 0.0490696
86 0.588306 0.229724 0.0474696
87 0.588306 0.232132 0.0489186
88 0.588306 0.23789 0.0552709
89 0.588306 0.232082 0.0498831
90 0.588306 0.215847 0.0503923
91 0.588306 0.216772 0.051752
92 0.588306 0.225802 0.0504423
93 0.588306 0.208467 0.0500383
94 0.588306 0.218067 0.047819
95 0.588306 0.237304 0.0486689
96 0.588306 0.217132 0.0490134
97 0.588306 0.21736 0.0516324
98 0.588306 0.233905 0.0490527
99 0.588306 0.237842 0.0508646
100 0.588306 0.227947 0.049222
101 0.588306 0.228052 0.0502955
102 0.588306 0.243565 0.0540085
103 0.588306 0.209464 0.0566687
104 0.588306 0.201631 0.0500501
105 0.588306 0.213574 0.0495534
106 0.588306 0.248756 0.0510217
107 0.588306 0.228148 0.0509211
108 0.588306 0.237015 0.0509776
109 0.588306 0.257121 0.0533678
110 0.588306 0.236694 0.0509081
111 0.588306 0.247512 0.0543678
112 0.588306 0.249754 0.0523514
113 0.588306 0.214903 0.0557402
114 0.588306 0.195831 0.0496486
115 0.588306 0.200927 0.0502637
116 0.588306 0.206905 0.0508824
117 0.588306 0.222898 0.0518448
118 0.588306 0.206212 0.0534551
119 0.588306 0.22451 0.0525595
120 0.588306 0.206487 0.0460444
121 0.588306 0.229971 0.051282
122 0.588306 0.22643 0.0518739
123 0.588306 0.226404 0.055484
124 0.588306 0.234186 0.0511336
125 0.588306 0.230507 0.051371
126 0.588306 0.245889 0.0516328
127 0.588306 0.22605 0.0510708
128 0.588306 0.204905 0.0438014
129 0.588306 0.234042 0.0531906
130 0.588306 0.218147 0.0518736
131 0.588306 0.220942 0.0473137
132 0.588306 0.241458 0.0512399
133 0.588306 0.216019 0.0510032
134 0.588306 0.224851 0.0502741
135 0.588306 0.20624 0.0525915
136 0.588306 0.224736 0.0548482
137 0.588306 0.23632 0.0550128
138 0.588306 0.221227 0.0500336
139 0.588306 0.243517 0.0473485
140 0.588306 0.222399 0.0502616
141 0.588306 0.214813 0.0531497
142 0.588306 0.217411 0.0515502
143 0.588306 0.22677 0.0527694
144 0.588306 0.202624 0.0489396
145 0.588306 0.210485 0.0488874
146 0.588306 0.221266 0.055127
147 0.588306 0.208253 0.0501938
148 0.588306 0.197143 0.0494505
149 0.588306 0.201114 0.0540801
150 0.588306 0.188134 0.0513415
151 0.588306 0.194814 0.0512829
152 0.588306 0.179526 0.0501006
153 0.588306 0.181336 0.0484461
154 0.588306 0.173359 0.0504114
155 0.588306 0.206397 0.0476924
156 0.588306 0.19046 0.0493536
157 0.588306 0.194282 0.0481131
158 0.588306 0.217115 0.0518721
159 0.588306 0.210596 0.0539071
160 0.588306 0.211742 0.0535725
161 0.588306 0.201581 0.0538264
162 0.588306 0.215657 0.0522469
163 0.588306 0.21708 0.0504084
164 0.588306 0.213017 0.0559124
165 0.588306 0.219302 0.0531385
166 0.588306 0.212136 0.0523378
167 0.588306 0.199369 0.0493556
168 0.588306 0.206017 0.0518122
169 0.588306 0.190951 0.0472293
170 0.588306 0.174406 0.0469599
171 0.588306 0.197653 0.0489827
172 0.588306 0.183637 0.0461029
173 0.588306 0.175786 0.0476151
174 0.588306 0.172525 0.0479315
175 0.588521 0.187663 0.0528403
176 0.588521 0.205587 0.0472565
177 0.588521 0.225408 0.0483178
178 0.588521 0.211509 0.0513528
179 0.588521 0.178173 0.0479673
180 0.588521 0.181151 0.0503941
181 0.588521 0.185291 0.0463093
182 0.588521 0.186805 0.0481376
183 0.588521 0.199089 0.0539577
184 0.588521 0.185116 0.0485286
185 0.588521 0.188008 0.050392
186 0.588521 0.213313 0.0527868
187 0.589431 0.217791 0.0554139
188 0.589431 0.216518 0.0550487
189 0.589431 0.207811 0.0527885
190 0.589431 0.220015 0.0518377
191 0.589431 0.196442 0.0500797
192 0.589431 0.179171 0.0497069
193 0.591265 0.185651 0.051239
194 0.591265 0.157661 0.0452818
195 0.591265 0.181988 0.0503392
196 0.591265 0.167154 0.0449719
197 0.591265 0.188207 0.0505956
198 0.591265 0.185893 0.0522479
199 0.591265 0.167168 0.0445606
200 0.591265 0.196442 0.0488468
201 0.591265 0.177313 0.0506179
202 0.591265 0.171871 0.0484882
203 0.591265 0.166304 0.0499094
204 0.591265 0.170094 0.0463981
205 0.591265 0.147547 0.0439647
206 0.591265 0.172349 0.0507719
207 0.591265 0.184095 0.0521952
208 0.591265 0.169534 0.0467189
209 0.591265 0.176153 0.04526
210 0.591265 0.180108 0.0466368
211 0.591265 0.183519 0.0474883
212 0.591265 0.178126 0.0507799
213 0.591265 0.175671 0.0485687
214 0.591265 0.174247 0.0520529
215 0.591265 0.167105 0.0479816
216 0.591265 0.167231 0.0505188
217 0.591265 0.170734 0.0487307
218 0.591265 0.175235 0.051907
219 0.591265 0.152394 0.0465537
220 0.591265 0.166108 0.0471039
221 0.591265 0.148409 0.0464073
222 0.591265 0.135567 0.0416045
223 0.591265 0.153788 0.0450833
224 0.591265 0.147943 0.0428139
225 0.591265 0.1518 0.0465964
226 0.591265 0.205263 0.0544763
227 0.591265 0.218497 0.052438
228 0.591265 0.198556 0.052576
229 0.591265 0.192839 0.0500125
230 0.591265 0.215807 0.0525057
231 0.591265 0.211509 0.0570921
232 0.591265 0.177243 0.0534661
233 0.591265 0.186074 0.0495532
234 0.591265 0.198499 0.0528349
235 0.591265 0.198633 0.0504948
236 0.591265 0.16819 0.044919
237 0.591265 0.188862 0.0497541
238 0.591265 0.201789 0.0506619
239 0.592847 0.237244 0.0523144
240 0.592847 0.218657 0.0494877
241 0.592847 0.21742 0.0470413
242 0.592847 0.203568 0.0491029
243 0.592847 0.196633 0.0481953
244 0.592847 0.192471 0.0501594
245 0.592847 0.190808 0.0507242
246 0.592847 0.205576 0.0491049
247 0.592847 0.208751 0.0489473
248 0.592847 0.208349 0.0539093
249 0.592847 0.205866 0.051026
250 0.592847 0.200124 0.0537964
251 0.592847 0.204354 0.0523664
252 0.592847 0.216134 0.0540914
253 0.592847 0.209885 0.0499478
254 0.592847 0.21153 0.0530192
255 0.592847 0.225515 0.0556473
256 0.592847 0.192397 0.0547863
257 0.592847 0.167994 0.0510122
258 0.592847 0.171333 0.0521854
259 0.592847 0.181457 0.0534886
260 0.592847 0.206043 0.0588649
261 0.593734 0.213731 0.0597286
262 0.594287 0.228741 0.0535381
263 0.594287 0.209614 0.0538453
264 0.594287 0.217454 0.0525414
265 0.594287 0.224972 0.0540615
266 0.594287 0.232807 0.0515301
267 0.594287 0.214203 0.0527811
268 0.594287 0.221518 0.0498764
269 0.594287 0.212335 0.0519491
270 0.594287 0.206685 0.0505994
271 0.594287 0.210275 0.0517206
272 0.594287 0.204522 0.0488937
273 0.594287 0.214934 0.0509839
274 0.594287 0.202789 0.0530705
275 0.594287 0.196241 0.0508366
276 0.594287 0.174329 0.0497065
277 0.594287 0.206031 0.0538557
278 0.594287 0.212097 0.0539054
279 0.594287 0.217094 0.0507863
280 0.594287 0.206744 0.0486562
281 0.594287 0.225007 0.0575459
282 0.594287 0.215377 0.0568089
283 0.594287 0.241959 0.0516411
284 0.594287 0.243322 0.0510626
285 0.594287 0.231664 0.0528506
286 0.594287 0.202114 0.0527517
287 0.594287 0.174391 0.0499912
288 0.594287 0.163377 0.0482462
289 0.594287 0.209121 0.0525984
290 0.594287 0.19411 0.0510217
291 0.594287 0.207587 0.0533671
292 0.594287 0.229108 0.0529107
293 0.594287 0.230998 0.0537666
294 0.594287 0.204718 0.0528429
295 0.594287 0.212879 0.0529984
296 0.594287 0.196322 0.048054
297 0.594287 0.188394 0.0474388
298 0.594287 0.206468 0.0516011
299 0.594287 0.208954 0.0543144
300 0.594287 0.197321 0.0483393
301 0.594287 0.193777 0.0509045
302 0.594287 0.202857 0.0497813
303 0.594287 0.209935 0.0495758
304 0.594287 0.226065 0.0499926
305 0.595851 0.193932 0.0510742
306 0.595851 0.203803 0.0495451
307 0.595851 0.219835 0.0516823
308 0.595851 0.190539 0.0508997
309 0.595851 0.177303 0.0483668
310 0.595851 0.186182 0.0523649
311 0.595851 0.184036 0.0504757
312 0.595851 0.189255 0.052414
313 0.595851 0.193371 0.0541308
314 0.595851 0.207237 0.0573037
315 0.595851 0.203952 0.0558916
316 0.595851 0.202138 0.0554703
317 0.595851 0.197142 0.0521447
318 0.595851 0.190333 0.0539452
319 0.595851 0.198199 0.0545205
320 0.595851 0.189273 0.0538472
321 0.595851 0.193382 0.0526076
322 0.595851 0.205794 0.0540485
323 0.595851 0.19073 0.0515395
324 0.595851 0.202335 0.0478643
325 0.595851 0.192194 0.0466617
326 0.595851 0.212928 0.0541408
327 0.595851 0.20414 0.0501456
328 0.595851 0.193432 0.051269
329 0.595851 0.183983 0.0472154
330 0.595851 0.202996 0.0539142
331 0.595851 0.207944 0.0523122
332 0.595851 0.189152 0.0502384
333 0.595851 0.202071 0.0533466
334 0.595851 0.205298 0.052613
335 0.595851 0.219275 0.0521842
336 0.595851 0.213345 0.0541369
337 0.595851 0.193245 0.0529939
338 0.595851 0.209598 0.052912
339 0.595851 0.197967 0.0540035
340 0.595851 0.172287 0.0486291
341 0.595851 0.181828 0.0545622
342 0.595851 0.171661 0.0531749
343 0.595851 0.19823 0.0534132
344 0.595851 0.190602 0.0555038
345 0.595851 0.196927 0.0539633
346 0.595851 0.161514 0.052027
347 0.595851 0.163102 0.0562478
348 0.595851 0.152007 0.0512099
349 0.595851 0.195812 0.05217
350 0.595851 0.18775 0.0504699
351 0.595851 0.267551 0.0566743
352 0.595851 0.229096 0.0591857
353 0.595851 0.230388 0.0566153
354 0.595851 0.223036 0.0514766
355 0.595851 0.261792 0.0558893
356 0.595851 0.239936 0.0494431
357 0.595851 0.241136 0.0520001
358 0.595851 0.217954 0.0502557
359 0.596455 0.201045 0.0508475
360 0.596455 0.22064 0.0518088
361 0.596455 0.212112 0.0514265
362 0.596455 0.204614 0.0536304
363 0.596455 0.201917 0.0509464
364 0.596455 0.194675 0.0440566
365 0.596455 0.186883 0.047541
366 0.596455 0.189274 0.0508718
367 0.596455 0.213159 0.0561583
368 0.596455 0.21494 0.0567911
369 0.596455 0.167957 0.0504825
370 0.596455 0.191204 0.0523133
371 0.596455 0.20468 0.0562527
372 0.596455 0.212495 0.0603804
373 0.596455 0.215285 0.056447
374 0.596455 0.200515 0.0516438
375 0.596455 0.199866 0.0518282
376 0.596455 0.227732 0.0594988
377 0.596455 0.209523 0.0583133
378 0.596455 0.19178 0.0545773
379 0.596455 0.192659 0.0537604
380 0.596455 0.186303 0.0475558
381 0.596455 0.231014 0.0579821
382 0.596455 0.229558 0.0529865
383 0.596455 0.213264 0.0546395
384 0.596455 0.20528 0.0536368
385 0.596455 0.246404 0.0562158
386 0.596455 0.249055 0.0544531
387 0.596455 0.222779 0.0521727
388 0.596455 0.228346 0.0536922
389 0.596455 0.249578 0.0478533
390 0.596455 0.225385 0.0506131
391 0.596455 0.240123 0.0523142
392 0.596455 0.257607 0.0494905
393 0.596455 0.227391 0.0535134
394 0.596455 0.229484 0.0584327
395 0.596455 0.2274 0.0581212
396 0.596455 0.209347 0.0519783
397 0.596455 0.209203 0.0534803
398 0.596455 0.214296 0.0525976
399 0.596455 0.224648 0.0510545
400 0.596455 0.215885 0.050123
401 0.596455 0.232194 0.0525498
402 0.596455 0.211729 0.0522822
403 0.596455 0.193032 0.0503699
404 0.596455 0.190513 0.0531313
405 0.596455 0.168896 0.0532555
406 0.596455 0.17561 0.054994
407 0.596455 0.165071 0.0523387
408 0.596455 0.177155 0.0530646
409 0.599021 0.159111 0.0497244
410 0.599021 0.192207 0.0536374
411 0.599021 0.185375 0.0539947
412 0.599021 0.189126 0.0520357
413 0.599021 0.191363 0.051638
414 0.599021 0.189823 0.0518626
415 0.599021 0.19276 0.0558412
416 0.599021 0.166269 0.0513888
417 0.599021 0.178261 0.0516277
418 0.599021 0.175396 0.0529699
419 0.599021 0.190301 0.0454985
420 0.599021 0.197268 0.0495553
421 0.599021 0.175625 0.0532618
422 0.599021 0.184589 0.0533958
423 0.599021 0.198355 0.0562076
424 0.599021 0.180382 0.0523036
425 0.599021 0.199035 0.0540367
426 0.599021 0.190024 0.0528277
427 0.599021 0.19603 0.0547313
428 0.599021 0.191738 0.0540314
429 0.599021 0.192322 0.0553512
430 0.599021 0.198793 0.0539165
431 0.599021 0.20328 0.0583775
432 0.599021 0.196265 0.0540267
433 0.599021 0.190128 0.0546319
434 0.599021 0.188982 0.0544387
435 0.599021 0.191159 0.0521995
436 0.601475 0.209937 0.0553258
437 0.601475 0.21352 0.0579004
438 0.601475 0.214197 0.053701
439 0.601475 0.21454 0.049578
440 0.601475 0.217308 0.0533842
441 0.601475 0.178731 0.0519597
442 0.601475 0.179013 0.0530539
443 0.601475 0.191582 0.0537992
444 0.601475 0.18864 0.0539776
445 0.601475 0.200046 0.0506275
446 0.601475 0.199918 0.0525051
447 0.601475 0.196867 0.0536429
448 0.601475 0.191371 0.0498923
449 0.601475 0.238409 0.0522499
450 0.601475 0.23259 0.0532186
451 0.601475 0.22275 0.0536428
452 0.601475 0.238991 0.0555473
453 0.601475 0.225707 0.0544111
454 0.601475 0.221728 0.0540817
455 0.601475 0.221586 0.0575727
456 0.601475 0.213033 0.0572418
457 0.601475 0.208766 0.0559009
458 0.601475 0.227222 0.0553702
459 0.601475 0.222034 0.0607011
460 0.601475 0.213014 0.0554301
461 0.601475 0.217202 0.0564257
462 0.602272 0.217393 0.0564801
463 0.602272 0.202841 0.054794
464 0.602272 0.222591 0.0568504
465 0.602272 0.206214 0.0550127
466 0.602272 0.186274 0.0517796
467 0.602272 0.224144 0.0570879
468 0.602272 0.208149 0.055182
469 0.602272 0.200682 0.0543583
470 0.602272 0.195996 0.0525796
471 0.602272 0.163233 0.0522174
472 0.602272 0.17965 0.0568953
473 0.602272 0.165263 0.0544881
474 0.602272 0.206812 0.0557169
475 0.602272 0.149372 0.0471292
476 0.602272 0.15636 0.0488123
477 0.602272 0.12947 0.0463536
478 0.602272 0.1611 0.0547768
479 0.602272 0.185387 0.0573078
480 0.602272 0.183568 0.0551504
481 0.602272 0.205583 0.0551497
482 0.602272 0.2093 0.0555097
483 0.602272 0.180099 0.051219
484 0.602272 0.218482 0.0574706
485 0.602272 0.237013 0.0565144
486 0.602272 0.225554 0.0536365
487 0.603462 0.193949 0.0570703
488 0.603462 0.192288 0.0561042
489 0.603462 0.18827 0.0554521
490 0.603462 0.190713 0.0544023
491 0.603462 0.186066 0.053573
492 0.603462 0.179188 0.0552652
493 0.603462 0.201312 0.0579369
494 0.603462 0.209491 0.0544416
495 0.603462 0.207079 0.0587151
496 0.603462 0.209822 0.0568782
497 0.603462 0.232935 0.0579376
498 0.603462 0.247888 0.0557214
499 0.604944 0.226903 0.0549975
500 0.604944 0.214591 0.0559734
501 0.604944 0.230221 0.0574745
502 0.604944 0.205264 0.0509647
503 0.604944 0.208191 0.0516064
504 0.604944 0.213011 0.0558071
505 0.604944 0.217386 0.051339
506 0.604944 0.186601 0.0515615
507 0.604944 0.19534 0.0552347
508 0.604944 0.179477 0.0560661
509 0.604944 0.185922 0.0588849
510 0.604944 0.205072 0.0578044
511 0.604944 0.197378 0.0551211
512 0.604944 0.184926 0.0519901
513 0.604944 0.19334 0.0583723
514 0.604944 0.181847 0.0562809
515 0.604944 0.16211 0.0560227
516 0.604944 0.163866 0.0542235
517 0.604944 0.184449 0.0585898
518 0.604944 0.203223 0.0618225
519 0.604944 0.221665 0.0570714
520 0.604944 0.195543 0.0577359
521 0.604944 0.227596 0.0537995
522 0.604944 0.201559 0.0549538
523 0.604944 0.21777 0.0589944
524 0.604944 0.214197 0.0555825
525 0.604944 0.195751 0.0594359
526 0.604944 0.212183 0.0576955
527 0.604944 0.215336 0.054965
528 0.604944 0.212545 0.0594747
529 0.605233 0.225301 0.0547198
530 0.605233 0.232997 0.0580833
531 0.605233 0.22446 0.0529014
532 0.606152 0.1994 0.0545341
533 0.606152 0.24162 0.057537
534 0.606152 0.224871 0.0577274
535 0.606152 0.214216 0.0579961
536 0.606152 0.209828 0.0585214
537 0.607475 0.203303 0.0595873
538 0.607475 0.209435 0.059436
539 0.607475 0.196351 0.0549332
540 0.607475 0.17976 0.0509093
541 0.607475 0.183155 0.0547153
542 0.609051 0.188494 0.0576245
543 0.609561 0.191193 0.0535108
544 0.609561 0.188338 0.0547626
545 0.609561 0.209423 0.0586627
546 0.609561 0.203987 0.0603134
547 0.609561 0.187022 0.0546177
548 0.609561 0.209535 0.0567232
549 0.609561 0.227294 0.0570008
550 0.609561 0.239651 0.0558179
551 0.609561 0.219013 0.0585483
552 0.609561 0.20518 0.0594085
553 0.609561 0.196271 0.0572351
554 0.609561 0.235435 0.0586161
555 0.609561 0.221841 0.0543828
556 0.609561 0.196863 0.0522752
557 0.609561 0.179116 0.0519565
558 0.609561 0.235724 0.0587336
559 0.609561 0.196472 0.054854
560 0.609561 0.209659 0.0564885
561 0.609561 0.19876 0.0588274
562 0.609561 0.217775 0.0582471
563 0.609561 0.207223 0.0573399
564 0.609561 0.190785 0.0575926
565 0.609561 0.217131 0.0549823
566 0.609561 0.198531 0.0566552
567 0.609561 0.208148 0.0555239
568 0.609561 0.217583 0.0560637
569 0.609561 0.193264 0.0614576
570 0.609561 0.195016 0.0558824
571 0.609561 0.163602 0.0542793
572 0.609561 0.191835 0.0618485
573 0.609561 0.195696 0.062393
574 0.609903 0.169104 0.0588981
575 0.610573 0.166802 0.0532237
576 0.610573 0.19785 0.056703
577 0.610573 0.191869 0.055664
578 0.610573 0.203517 0.0569749
579 0.610573 0.204338 0.0565853
580 0.610573 0.188247 0.058802
581 0.610573 0.175341 0.0571847
582 0.610573 0.194741 0.0597807
583 0.610573 0.178492 0.0593394
584 0.610614 0.179953 0.0594667
585 0.610614 0.175768 0.0568183
586 0.610614 0.1983 0.0581091
587 0.610614 0.206103 0.0571181
588 0.610614 0.206536 0.0596674
589 0.610614 0.216459 0.0595328
590 0.610614 0.191664 0.0573915
591 0.610614 0.215993 0.0569116
592 0.610614 0.236301 0.0587485
593 0.610614 0.231816 0.0607425
594 0.610614 0.215136 0.0560931
595 0.610614 0.197979 0.0533513
596 0.610614 0.227898 0.0560576
597 0.610614 0.258182 0.0615234
598 0.610614 0.217425 0.0555261
599 0.610614 0.202446 0.0531607
600 0.610614 0.19852 0.055308
601 0.610614 0.176711 0.0492394
602 0.610614 0.183222 0.0504246
603 0.610614 0.198226 0.0524736
604 0.610614 0.193012 0.0550992
605 0.610614 0.184983 0.0548141
606 0.610614 0.218669 0.0583258
607 0.610614 0.214593 0.0580688
608 0.610614 0.199325 0.0522616
609 0.610614 0.215239 0.0534111
610 0.610614 0.239526 0.0593393
611 0.610614 0.221851 0.0564725
612 0.610614 0.245589 0.0564694
613 0.610614 0.212905 0.0586294
614 0.610614 0.20108 0.0548989
615 0.610614 0.184506 0.0556719
616 0.610614 0.180009 0.0504912
617 0.610614 0.18035 0.0530059
618 0.610614 0.193199 0.0565967
619 0.610614 0.195398 0.052878
620 0.610614 0.192269 0.053352
621 0.610614 0.175373 0.0540922
622 0.610614 0.175404 0.0532162
623 0.610614 0.198274 0.0558278
624 0.610614 0.202007 0.0561699
625 0.610614 0.184239 0.0562953
626 0.610614 0.192919 0.0635066
627 0.610614 0.199707 0.0608781
628 0.610614 0.190165 0.0570221
629 0.611334 0.208416 0.0532887
630 0.611334 0.213695 0.0498422
631 0.611334 0.218184 0.0582696
632 0.611334 0.213481 0.0581292
633 0.611334 0.232668 0.0635508
634 0.611334 0.245801 0.060093
635 0.611334 0.219209 0.0535439
636 0.611334 0.225985 0.0543051
637 0.611334 0.219045 0.0507847
638 0.611334 0.255167 0.0572751
639 0.611334 0.240263 0.056972
640 0.611334 0.233689 0.0546357
641 0.611334 0.186652 0.0469325
642 0.611334 0.203823 0.0487678
643 0.611334 0.210856 0.054548
644 0.611334 0.210909 0.056128
645 0.611334 0.219131 0.0586905
646 0.611334 0.234833 0.0580962
647 0.611334 0.231382 0.057581
648 0.611334 0.214357 0.0599539
649 0.611334 0.197441 0.0595158
650 0.611334 0.194312 0.052621
651 0.611334 0.21261 0.0576134
652 0.611334 0.168573 0.053574
653 0.611334 0.192634 0.059042
654 0.611334 0.184922 0.0528984
655 0.611334 0.1788 0.0544464
656 0.611334 0.175031 0.0544116
657 0.611334 0.185978 0.0558813
658 0.611334 0.194745 0.0532163
659 0.611334 0.184814 0.0559202
660 0.611334 0.184702 0.0553016
661 0.611334 0.201431 0.0559506
662 0.611334 0.189949 0.0600706
663 0.611334 0.163542 0.0522627
664 0.611334 0.157926 0.0517955
665 0.611334 0.168976 0.0548438
666 0.611334 0.204494 0.0593314
667 0.611334 0.188599 0.0559167
668 0.611334 0.204701 0.0559907
669 0.611334 0.20063 0.0581378
670 0.611334 0.206532 0.0529405
671 0.611334 0.245266 0.0558549
672 0.611334 0.197652 0.0539035
673 0.611334 0.179579 0.0524849
674 0.611334 0.211217 0.05528
675 0.611334 0.199739 0.0553609
676 0.611334 0.206869 0.0577765
677 0.611334 0.195111 0.0552266
678 0.611334 0.205637 0.0540214
679 0.611334 0.185662 0.0515453
680 0.611334 0.206645 0.0531559
681 0.611334 0.220612 0.0564021
682 0.611334 0.197661 0.0527243
683 0.611334 0.205715 0.0543632
684 0.611334 0.226827 0.0546487
685 0.611334 0.237627 0.0520282
686 0.611334 0.246214 0.0536876
687 0.611334 0.214521 0.0528729
688 0.611334 0.213105 0.0537794
689 0.611334 0.212607 0.0555778
690 0.611334 0.212878 0.0512363
691 0.611334 0.213666 0.0545435
692 0.611334 0.204195 0.058709
693 0.611334 0.197428 0.0594876
694 0.611334 0.203944 0.0567072
695 0.611334 0.203097 0.0570889
696 0.611334 0.205365 0.0570844
697 0.611334 0.20446 0.0561778
698 0.611334 0.185999 0.0599032
699 0.611334 0.201701 0.0604659
700 0.611334 0.182493 0.0579814
701 0.611334 0.192045 0.059474
702 0.611334 0.163574 0.0563048
703 0.611334 0.181047 0.057231
704 0.611334 0.153011 0.0479223
705 0.611334 0.16298 0.0549451
706 0.611334 0.157868 0.0555409
707 0.611334 0.168849 0.0497933
708 0.611334 0.190202 0.0532135
709 0.611334 0.19078 0.0571859
710 0.611334 0.195168 0.0584989
711 0.611334 0.195733 0.059755
712 0.611334 0.184412 0.0558336
713 0.611334 0.210204 0.0576692
714 0.611334 0.214522 0.0593949
715 0.611334 0.198672 0.0588713
716 0.611334 0.203341 0.0571283
717 0.611334 0.205681 0.0570662
718 0.611334 0.192308 0.0547754
719 0.611334 0.190095 0.0597122
720 0.611334 0.188695 0.05367
721 0.611334 0.184093 0.0539787
722 0.611334 0.171883 0.0521459
723 0.611334 0.183433 0.0584243
724 0.611334 0.183441 0.0548267
725 0.611334 0.149846 0.0474137
726 0.611334 0.189496 0.056078
727 0.611334 0.19512 0.0553682
728 0.611334 0.185309 0.0552702
729 0.611334 0.179074 0.0546089
730 0.611334 0.186982 0.0580486
731 0.611334 0.186598 0.0546684
732 0.611334 0.200637 0.0606853
733 0.611334 0.20281 0.055871
734 0.611334 0.209921 0.0573447
735 0.611334 0.217901 0.0577967
736 0.611334 0.223896 0.0574008
737 0.611334 0.252331 0.0584291
738 0.611334 0.229179 0.0566046
739 0.611334 0.217275 0.0549608
740 0.611334 0.23942 0.0566087
741 0.611334 0.202218 0.0552278
742 0.611334 0.194908 0.0536371
743 0.611334 0.221587 0.0566731
744 0.611334 0.2323 0.0602805
745 0.611334 0.217862 0.0582756
746 0.611334 0.21132 0.0614703
747 0.611334 0.194189 0.0596345
748 0.611334 0.174481 0.0542366
749 0.611334 0.181305 0.0567159
750 0.611334 0.170452 0.0573434
751 0.611334 0.178794 0.055749
752 0.611334 0.186128 0.0593114
753 0.611334 0.19405 0.0597007
754 0.611334 0.208773 0.06086
755 0.612357 0.15972 0.0526466
756 0.612357 0.203849 0.0581096
757 0.612357 0.180902 0.0569009
758 0.612357 0.211516 0.0628785
759 0.612357 0.222562 0.0579328
760 0.612357 0.20445 0.0552962
761 0.612357 0.234189 0.0578699
762 0.612357 0.214223 0.058627
763 0.612357 0.211155 0.0598844
764 0.612357 0.242522 0.0613307
765 0.612357 0.246092 0.0608464
766 0.612357 0.273698 0.0520358
767 0.612357 0.218261 0.0557918
768 0.612357 0.229857 0.0529358
769 0.612357 0.209083 0.0524486
770 0.612357 0.210548 0.0486849
771 0.612357 0.204975 0.0529337
772 0.612357 0.243814 0.0609817
773 0.612357 0.247499 0.0561698
774 0.612357 0.25203 0.0553693
775 0.612357 0.242397 0.0558847
776 0.612357 0.211092 0.0586964
777 0.612357 0.204163 0.0542568
778 0.612357 0.204428 0.0547415
779 0.612357 0.216089 0.0566557
780 0.612357 0.211733 0.0579592
781 0.612357 0.184345 0.0535441
782 0.612357 0.20597 0.0578559
783 0.612357 0.182523 0.0518828
784 0.612357 0.194659 0.0531067
785 0.612357 0.190671 0.0515579
786 0.612357 0.165695 0.0487575
787 0.612357 0.208583 0.0513443
788 0.612357 0.218663 0.0596728
789 0.612357 0.237234 0.054645
790 0.612357 0.207072 0.0547939
791 0.612357 0.187155 0.0556996
792 0.612357 0.201277 0.0547816
793 0.612357 0.183963 0.0550104
794 0.612357 0.192896 0.0547076
795 0.612357 0.204784 0.055643
796 0.612357 0.202888 0.05458
797 0.612357 0.20077 0.0533796
798 0.612357 0.191177 0.0556815
799 0.612357 0.194863 0.0490399
800 0.612357 0.192129 0.0516951
801 0.612357 0.228358 0.0566896
802 0.612357 0.217988 0.0552297
803 0.612357 0.213644 0.0551374
804 0.612357 0.228033 0.054806
805 0.612357 0.252227 0.0558415
806 0.612357 0.242757 0.0592932
807 0.612357 0.212652 0.0527753
808 0.612357 0.204758 0.051213
809 0.612357 0.230783 0.0574686
810 0.612357 0.23743 0.058625
811 0.612357 0.246482 0.0622953
812 0.612357 0.234928 0.0573523
813 0.612357 0.236478 0.0592091
814 0.612357 0.255895 0.057617
815 0.612357 0.202392 0.0541487
816 0.612357 0.193556 0.0526804
817 0.612357 0.186719 0.0564865
818 0.612357 0.191761 0.0529856
819 0.612357 0.199053 0.0515703
820 0.612357 0.199845 0.052591
821 0.612357 0.188706 0.0547362
822 0.612357 0.208396 0.0587059
823 0.612357 0.16801 0.0535036
824 0.612357 0.194373 0.0560504
825 0.612357 0.169457 0.0527765
826 0.612357 0.193145 0.0563198
827 0.612357 0.211462 0.0570836
828 0.612357 0.227789 0.0612908
829 0.612357 0.21233 0.0591062
830 0.612357 0.213587 0.0612632
831 0.612357 0.230567 0.0557866
832 0.612357 0.202312 0.0554679
833 0.612357 0.190902 0.0532526
834 0.612357 0.214254 0.0593659
835 0.612357 0.216261 0.063384
836 0.612357 0.224709 0.0583601
837 0.612357 0.206401 0.0563487
838 0.612357 0.194858 0.0560169
839 0.612357 0.195949 0.0516423
840 0.612357 0.186681 0.0554055
841 0.612357 0.206514 0.0578102
842 0.612357 0.202709 0.0566664
843 0.612357 0.225218 0.0561073
844 0.612357 0.187051 0.0525608
845 0.612357 0.198713 0.0566128
846 0.612357 0.207304 0.0605188
847 0.612357 0.162473 0.0525042
848 0.612357 0.196952 0.0512562
849 0.612357 0.195949 0.0529577
850 0.612357 0.184477 0.0554792
851 0.612357 0.192629 0.0538338
852 0.612357 0.184268 0.0532559
853 0.612357 0.162699 0.05192
854 0.612357 0.184488 0.0566876
855 0.612357 0.172814 0.053037
856 0.612357 0.180915 0.056508
857 0.612357 0.184484 0.0538055
858 0.612357 0.173723 0.0557513
859 0.612357 0.161878 0.0555864
860 0.612357 0.176305 0.0594386
861 0.612357 0.200424 0.0555702
862 0.612357 0.19148 0.0577535
863 0.612357 0.200812 0.0623033
864 0.612357 0.174134 0.0570384
865 0.612357 0.175319 0.0556908
866 0.612357 0.16858 0.0572284
867 0.612357 0.183247 0.0547798
868 0.612357 0.146854 0.0490019
869 0.612357 0.177641 0.0580349
870 0.612357 0.181866 0.0583997
871 0.612357 0.195912 0.0610851
872 0.612357 0.20543 0.0629132
873 0.612357 0.209122 0.0653112
874 0.612357 0.182582 0.0544994
875 0.612357 0.173617 0.0523693
876 0.612357 0.155431 0.0505717
877 0.612357 0.164112 0.0523432
878 0.612357 0.15739 0.0499623
879 0.612357 0.203159 0.0595141
880 0.612357 0.181977 0.0557007
881 0.612357 0.196161 0.0548431
882 0.612357 0.203908 0.0597657
883 0.612357 0.193139 0.0555344
884 0.612357 0.174535 0.0496257
885 0.612357 0.173175 0.0470566
886 0.612357 0.18031 0.0487973
887 0.612357 0.178562 0.05118
888 0.612357 0.191931 0.0507814
889 0.612357 0.194978 0.0532268
890 0.612357 0.199808 0.0564903
891 0.612357 0.211767 0.0529197
892 0.612357 0.215193 0.0506323
893 0.612357 0.247678 0.0572306
894 0.612357 0.230018 0.0586502
895 0.612357 0.186245 0.053782
896 0.612357 0.212819 0.0567288
897 0.612357 0.229762 0.0553936
898 0.612357 0.223261 0.0604607
899 0.612357 0.232864 0.0589454
900 0.612357 0.217373 0.0572413
901 0.612357 0.219252 0.0550612
902 0.612357 0.225264 0.0590902
903 0.612357 0.22016 0.0602297
904 0.612357 0.172113 0.0506257
905 0.612357 0.196957 0.0521247
906 0.612357 0.209647 0.0548266
907 0.612357 0.191965 0.0528054
908 0.612357 0.229133 0.056747
909 0.612357 0.198301 0.0596603
910 0.612357 0.185833 0.0571275
911 0.612357 0.189494 0.0563789
912 0.612357 0.187262 0.0543496
913 0.612357 0.174777 0.0568599
914 0.612357 0.198258 0.0534882
915 0.612357 0.202272 0.0559513
916 0.612357 0.214286 0.0538018
917 0.612357 0.205188 0.0491075
918 0.612357 0.197705 0.0470281
919 0.612357 0.177044 0.04878
920 0.612357 0.177045 0.0479406
921 0.612357 0.161193 0.0490597
922 0.612357 0.164339 0.053047
923 0.612357 0.18315 0.0534615
924 0.612357 0.222402 0.0568425
925 0.612357 0.23287 0.0575858
926 0.612357 0.223428 0.0588566
927 0.612357 0.205518 0.0553235
928 0.612357 0.184702 0.0530008
929 0.612357 0.225163 0.0586537
930 0.612357 0.211833 0.0573954
931 0.612357 0.218482 0.0619459
932 0.612357 0.240069 0.0597806
933 0.612357 0.213386 0.0534515
934 0.612357 0.25097 0.0607638
935 0.612357 0.233167 0.0592767
936 0.612357 0.212396 0.0573141
937 0.612357 0.223603 0.0602526
938 0.612357 0.205327 0.059022
939 0.612357 0.218653 0.058929
940 0.612357 0.227963 0.0594089
941 0.612357 0.213828 0.0568619
942 0.612357 0.23934 0.0589978
943 0.612357 0.210742 0.0567092
944 0.612357 0.226567 0.0562581
945 0.612357 0.216615 0.0545267
946 0.612357 0.222301 0.054925
947 0.612357 0.200636 0.0548145
948 0.612357 0.188563 0.0512116
949 0.612357 0.180613 0.0483043
950 0.612357 0.175273 0.0505653
951 0.612357 0.166217 0.0497107
952 0.612357 0.193242 0.0564478
953 0.612357 0.181117 0.0511478
954 0.612357 0.193198 0.0554165
955 0.612357 0.20147 0.0517313
956 0.612357 0.221633 0.0563099
957 0.612357 0.223539 0.0588504
958 0.612357 0.193824 0.0541524
959 0.612357 0.221553 0.0559485
960 0.612357 0.194421 0.054744
961 0.612357 0.186743 0.0524392
962 0.612357 0.165284 0.054117
963 0.612357 0.170675 0.0556439
964 0.612357 0.158385 0.0559945
965 0.612357 0.214153 0.0592524
966 0.612357 0.230494 0.0617717
967 0.612357 0.204619 0.0611666
968 0.612357 0.198225 0.0564001
969 0.612357 0.185455 0.0503049
970 0.612357 0.174491 0.0510414
971 0.612357 0.205243 0.0548789
972 0.612357 0.189595 0.0516571
973 0.612357 0.194296 0.0545324
974 0.612357 0.192917 0.0535352
975 0.612357 0.183667 0.0555563
976 0.612357 0.186325 0.0529639
977 0.612357 0.214702 0.0547089
978 0.612357 0.189367 0.0482975
979 0.612357 0.185038 0.052177
980 0.612357 0.193409 0.0482599
981 0.612357 0.188064 0.0523387
982 0.612357 0.205859 0.0533406
983 0.612357 0.213585 0.0560007
984 0.612357 0.187287 0.0517755
985 0.612357 0.199099 0.0569204
986 0.612357 0.224456 0.0566951
987 0.612357 0.221906 0.0566808
988 0.612357 0.204868 0.0497515
989 0.612357 0.190456 0.0532573
990 0.612357 0.187201 0.0528709
991 0.612357 0.203356 0.0538684
992 0.612357 0.235494 0.0576295
993 0.612357 0.218171 0.0565242
994 0.612357 0.204846 0.0574765
995 0.612357 0.187395 0.0591549
996 0.612357 0.193763 0.0581112
997 0.612357 0.223072 0.0577781
998 0.612357 0.230595 0.0606975
999 0.612357 0.209037 0.055449
1000 0.612357 0.211584 0.0531417
