0 0.125272 0.0703087 0.00386665
1 0.125272 0.0790669 0.00362301
2 0.125272 0.081453 0.00358291
3 0.125272 0.0958585 0.00279311
4 0.127431 0.101423 0.00243146
5 0.127431 0.101512 0.0024166
6 0.127431 0.102622 0.00230897
7 0.127431 0.10848 0.00175623
8 0.127431 0.100921 0.00240401
9 0.157005 0.111673 0.00149032
10 0.157005 0.109789 0.00164147
11 0.157005 0.10957 0.00163998
12 0.157005 0.107914 0.001841
13 0.274335 0.111332 0.00193741
14 0.274335 0.10939 0.00215375
15 0.274335 0.100234 0.00290684
16 0.274335 0.0948002 0.00333678
17 0.505443 0.0988659 0.00497459
17 0.525336 0.00761762 0.00329366
18 0.525336 0.0110273 0.00404874
19 0.525336 0.0212904 0.00755978
20 0.525336 0.0282076 0.00893799
21 0.525336 0.0570077 0.0179479
22 0.525336 0.0823956 0.0275582
23 0.525336 0.0881937 0.0304227
24 0.557029 0.0815063 0.028306
25 0.557029 0.0849902 0.0292425
26 0.557029 0.0927057 0.0318417
27 0.557029 0.103702 0.036206
28 0.557029 0.110079 0.0369836
29 0.557029 0.112211 0.0368096
30 0.557029 0.128094 0.044185
31 0.557029 0.128521 0.0421963
32 0.557029 0.136974 0.0423718
33 0.557029 0.147936 0.041797
34 0.563075 0.16261 0.0489381
35 0.563075 0.165834 0.0508765
36 0.564087 0.172995 0.049739
37 0.565382 0.161372 0.0463046
38 0.565382 0.165902 0.0465025
39 0.565382 0.176418 0.0469361
40 0.565382 0.207796 0.0469151
41 0.565382 0.170102 0.0459646
42 0.565382 0.159141 0.0437769
43 0.565382 0.189405 0.0471618
44 0.565382 0.185085 0.0479788
45 0.565382 0.157576 0.0458465
46 0.565382 0.146757 0.0425699
47 0.565382 0.16075 0.0453533
48 0.565382 0.150583 0.0422959
49 0.565382 0.140824 0.0417587
50 0.565382 0.144376 0.0396304
51 0.565382 0.160113 0.0460966
52 0.565382 0.145221 0.0431127
53 0.565382 0.148656 0.0448857
54 0.565382 0.156918 0.0467874
55 0.565382 0.145789 0.0431451
56 0.565382 0.156487 0.0426207
57 0.565382 0.179381 0.0447166
58 0.565382 0.197494 0.0444209
59 0.565382 0.209181 0.0445558
60 0.568579 0.225276 0.0479001
61 0.568579 0.198532 0.0457412
62 0.568579 0.205792 0.051216
63 0.568579 0.193254 0.0482849
64 0.570776 0.213448 0.0487928
65 0.570776 0.230373 0.0493582
66 0.570776 0.228586 0.0486729
67 0.570776 0.203416 0.0510675
68 0.570776 0.195432 0.0495905
69 0.573218 0.208191 0.0513631
70 0.573218 0.205342 0.0524504
71 0.573218 0.211582 0.0520702
72 0.573218 0.225202 0.0477744
73 0.573218 0.239122 0.0487407
74 0.573218 0.238238 0.0486611
75 0.573218 0.230095 0.0500339
76 0.573218 0.248447 0.0532035
77 0.573218 0.250261 0.050611
78 0.574316 0.253472 0.0495715
79 0.574316 0.239405 0.050737
80 0.574316 0.245515 0.0536289
81 0.574316 0.269516 0.0499118
82 0.574316 0.250213 0.0495391
83 0.574316 0.265048 0.044897
84 0.574316 0.255255 0.0478736
85 0.574316 0.236994 0.0505137
86 0.574316 0.239788 0.0470007
87 0.577954 0.251542 0.0521936
88 0.577954 0.239716 0.056255
89 0.577954 0.254395 0.0567733
90 0.577954 0.251837 0.0523003
91 0.577954 0.257041 0.0517174
92 0.577954 0.260353 0.0504527
93 0.577954 0.258029 0.0536157
94 0.577954 0.266115 0.0504003
95 0.577954 0.252327 0.0473395
96 0.577954 0.260703 0.0492935
97 0.577954 0.251073 0.0524739
98 0.577954 0.244283 0.0520971
99 0.577954 0.273302 0.0504105
100 0.577954 0.272765 0.0503337
101 0.577954 0.247778 0.0536192
102 0.577954 0.232495 0.0506034
103 0.577954 0.224816 0.0504692
104 0.577954 0.251026 0.0504184
105 0.577954 0.211022 0.0480503
106 0.577954 0.205649 0.0477701
107 0.577954 0.225439 0.0540246
108 0.577954 0.224181 0.0493951
109 0.577954 0.216905 0.0474766
110 0.577954 0.214483 0.0523561
111 0.577954 0.235495 0.0530783
112 0.577954 0.240751 0.0575093
113 0.577954 0.233094 0.0477015
114 0.577954 0.214768 0.0494387
115 0.579959 0.252271 0.0495474
116 0.579959 0.264256 0.0467166
117 0.579959 0.274521 0.0477483
118 0.579959 0.223333 0.0492955
119 0.579959 0.252463 0.0478634
120 0.579959 0.233243 0.0487196
121 0.579959 0.230729 0.0491891
122 0.579959 0.228188 0.0493372
123 0.579959 0.23397 0.0492259
124 0.579959 0.218612 0.0468662
125 0.579959 0.209995 0.047422
126 0.579959 0.232706 0.0482208
127 0.579959 0.219163 0.0491721
128 0.579959 0.214477 0.0534144
129 0.579959 0.241618 0.0492562
130 0.580604 0.228185 0.0515749
131 0.580604 0.203378 0.0486626
132 0.580604 0.23101 0.053477
133 0.580604 0.231926 0.0511887
134 0.580604 0.233497 0.0511577
135 0.580604 0.215761 0.0515686
136 0.580604 0.204584 0.0509962
137 0.580604 0.249111 0.0492983
138 0.580604 0.247462 0.0524831
139 0.580604 0.268093 0.0495493
140 0.580761 0.280025 0.0471802
141 0.582777 0.243231 0.0446292
142 0.583123 0.209639 0.0501876
143 0.583123 0.223295 0.051817
144 0.583123 0.256454 0.0509536
145 0.583123 0.249408 0.053971
146 0.583123 0.240504 0.0500642
147 0.583123 0.228693 0.0474878
148 0.583123 0.230824 0.0428117
149 0.583602 0.228168 0.0477881
150 0.583602 0.226186 0.0517831
151 0.583602 0.223092 0.0520346
152 0.583602 0.232164 0.0562513
153 0.583602 0.220444 0.0541542
154 0.583602 0.221177 0.0540194
155 0.585515 0.253682 0.0555695
156 0.585515 0.23918 0.0526201
157 0.585515 0.234343 0.0544025
158 0.585515 0.215455 0.048821
159 0.585515 0.201763 0.047147
160 0.585515 0.215185 0.0491113
161 0.585515 0.250673 0.0492849
162 0.586071 0.247827 0.0510751
163 0.586071 0.24074 0.0521595
164 0.586071 0.241136 0.0531571
165 0.586071 0.241706 0.049949
166 0.590901 0.233624 0.0526479
167 0.590901 0.243789 0.0507685
168 0.590901 0.238653 0.0535323
169 0.590901 0.257581 0.0562126
170 0.590901 0.241261 0.0573625
171 0.590901 0.268251 0.0510855
172 0.590901 0.277448 0.0512618
173 0.590901 0.257002 0.0511194
174 0.590901 0.262998 0.048485
175 0.590901 0.286365 0.0486852
176 0.590901 0.251962 0.0481403
177 0.590901 0.234428 0.0556554
178 0.590901 0.236076 0.0554357
179 0.590901 0.22958 0.055285
180 0.590901 0.235406 0.0527947
181 0.590901 0.255549 0.0498795
182 0.590901 0.231381 0.0482534
183 0.590901 0.239598 0.0518825
184 0.590901 0.23789 0.0504427
185 0.590901 0.255293 0.0527465
186 0.590901 0.224902 0.0513577
187 0.590901 0.228854 0.0539481
188 0.590901 0.253028 0.0532652
189 0.590901 0.234581 0.0499751
190 0.590901 0.213943 0.0532702
191 0.590901 0.210909 0.0534778
192 0.590901 0.228074 0.0548655
193 0.590901 0.215951 0.0509379
194 0.590901 0.228918 0.0528725
195 0.590901 0.246969 0.052176
196 0.590901 0.234581 0.05585
197 0.590901 0.237018 0.0554451
198 0.590901 0.209291 0.0551324
199 0.590901 0.23257 0.0591799
200 0.59368 0.211771 0.0570304
201 0.59368 0.235123 0.0570155
202 0.59368 0.234456 0.0568235
203 0.59368 0.215063 0.0526139
204 0.59368 0.236691 0.0514679
205 0.59368 0.233135 0.0552767
206 0.59368 0.203642 0.0509556
207 0.59368 0.194179 0.0532353
208 0.59368 0.205153 0.0535477
209 0.59368 0.184251 0.0515684
210 0.59368 0.211076 0.0561707
211 0.59368 0.216535 0.0554016
212 0.59368 0.217554 0.0555064
213 0.59368 0.216958 0.0518686
214 0.59368 0.203733 0.0502075
215 0.59368 0.178944 0.0495953
216 0.59368 0.180239 0.0527272
217 0.59368 0.171128 0.0529705
218 0.59368 0.206421 0.0532039
219 0.59368 0.191072 0.0520592
220 0.59368 0.208116 0.0520181
221 0.59368 0.215439 0.050705
222 0.59368 0.199594 0.0534539
223 0.59368 0.194876 0.0528567
224 0.597544 0.253627 0.0509952
225 0.597544 0.254547 0.0545063
226 0.597544 0.255208 0.0590009
227 0.597544 0.217847 0.0591918
228 0.597544 0.238314 0.0548117
229 0.597544 0.245599 0.0524716
230 0.597544 0.276905 0.0574952
231 0.597544 0.255187 0.0572688
232 0.597544 0.269791 0.0536601
233 0.597544 0.253432 0.0523828
234 0.597544 0.267818 0.0452636
235 0.597544 0.251313 0.0487485
236 0.597544 0.238486 0.0512663
237 0.597544 0.258225 0.051113
238 0.597544 0.261723 0.0592686
239 0.597544 0.216708 0.0517707
240 0.597544 0.228952 0.0548152
241 0.597544 0.233004 0.050517
242 0.597544 0.220283 0.0518203
243 0.597544 0.224015 0.0556426
244 0.597544 0.254427 0.0546186
245 0.597544 0.235184 0.0492673
246 0.597544 0.209862 0.05131
247 0.597544 0.211213 0.05523
248 0.597544 0.205138 0.0494177
249 0.597544 0.220374 0.0532859
250 0.597544 0.195603 0.0546039
251 0.597544 0.207068 0.0536835
252 0.597544 0.200462 0.0518087
253 0.597544 0.202434 0.0542496
254 0.597544 0.216068 0.0505577
255 0.597544 0.215216 0.0539065
256 0.597544 0.206518 0.0510222
257 0.597544 0.189558 0.0522556
258 0.597544 0.194473 0.0507137
259 0.597544 0.190525 0.0526962
260 0.597544 0.221131 0.0534312
261 0.597544 0.245994 0.0559435
262 0.597544 0.231655 0.0536968
263 0.597544 0.213171 0.0519844
264 0.597544 0.226621 0.0541075
265 0.597544 0.241952 0.0553701
266 0.597544 0.232064 0.060051
267 0.597544 0.208165 0.0566073
268 0.597544 0.221211 0.0560678
269 0.597544 0.233497 0.0583725
270 0.597544 0.232712 0.0587285
271 0.597544 0.222785 0.0573352
272 0.597544 0.237521 0.0561892
273 0.597544 0.233962 0.051593
274 0.597544 0.248165 0.050483
275 0.597544 0.219772 0.0511904
276 0.597544 0.238474 0.0576087
277 0.597544 0.229842 0.055825
278 0.597544 0.212904 0.0585592
279 0.597544 0.206156 0.0542072
280 0.597544 0.19353 0.0499971
281 0.597544 0.191789 0.0519981
282 0.597544 0.208015 0.054909
283 0.597544 0.207958 0.0536975
284 0.597544 0.199192 0.0518779
285 0.597544 0.224328 0.0543231
286 0.597544 0.213145 0.0563322
287 0.597544 0.230365 0.0546899
288 0.597544 0.232922 0.052272
289 0.597544 0.248196 0.0580309
290 0.597544 0.264252 0.0545709
291 0.597544 0.254657 0.056483
292 0.597544 0.217433 0.0524432
293 0.597544 0.239504 0.0531685
294 0.597544 0.204038 0.055806
295 0.597544 0.222835 0.0591284
296 0.597544 0.203466 0.0534593
297 0.597544 0.228003 0.0554127
298 0.597544 0.22705 0.0506278
299 0.597544 0.241756 0.0502225
300 0.597544 0.232317 0.0564807
301 0.597544 0.219943 0.0552504
302 0.597544 0.227768 0.052422
303 0.597544 0.200405 0.0532375
304 0.597544 0.212974 0.0545393
305 0.597544 0.179672 0.0504679
306 0.597695 0.200499 0.05467
307 0.597695 0.190084 0.0497202
308 0.597695 0.219066 0.052963
309 0.597695 0.230744 0.0543538
310 0.597695 0.239198 0.0564545
311 0.597695 0.230958 0.0559608
312 0.603366 0.245748 0.0551273
313 0.603366 0.231789 0.0612949
314 0.603366 0.214187 0.0533933
315 0.603366 0.2403 0.0524221
316 0.603366 0.229357 0.0507307
317 0.603366 0.246192 0.0500868
318 0.603366 0.233808 0.0523677
319 0.603366 0.205898 0.0486898
320 0.603366 0.194101 0.0468137
321 0.603366 0.209434 0.0530643
322 0.603366 0.215551 0.055236
323 0.603366 0.210761 0.0514245
324 0.603366 0.218325 0.0505584
325 0.603366 0.222062 0.0529457
326 0.603366 0.238861 0.0517195
327 0.603366 0.244571 0.0547079
328 0.603366 0.244291 0.0559518
329 0.603366 0.21865 0.05517
330 0.603366 0.249843 0.0547665
331 0.603366 0.22242 0.054855
332 0.603366 0.216563 0.053223
333 0.603366 0.201839 0.051941
334 0.603366 0.2188 0.0542198
335 0.603366 0.223113 0.0553445
336 0.603366 0.248882 0.0553168
337 0.603366 0.248294 0.0543484
338 0.603366 0.243906 0.0512915
339 0.603366 0.256564 0.0533072
340 0.603366 0.231959 0.0493593
341 0.603366 0.23205 0.0537376
342 0.603366 0.256965 0.0498309
343 0.603366 0.253295 0.0534335
344 0.603366 0.230947 0.054686
345 0.603366 0.25281 0.0580758
346 0.603366 0.252624 0.0565706
347 0.603366 0.25366 0.0555835
348 0.603366 0.266599 0.0513352
349 0.603366 0.231429 0.0537492
350 0.603366 0.243477 0.0546921
351 0.603366 0.273051 0.0565461
352 0.603366 0.290869 0.0507851
353 0.603366 0.262373 0.0474916
354 0.603366 0.248354 0.0534524
355 0.603366 0.263914 0.0499744
356 0.603366 0.285368 0.0498769
357 0.603366 0.26999 0.0517485
358 0.603366 0.262011 0.0523931
359 0.603366 0.271522 0.0494728
360 0.603366 0.237888 0.0500168
361 0.603366 0.239728 0.0515388
362 0.603366 0.230399 0.0573038
363 0.603366 0.250684 0.0542409
364 0.603366 0.220851 0.0539956
365 0.603366 0.229391 0.0567915
366 0.603366 0.219929 0.0564464
367 0.603366 0.231523 0.056167
368 0.603366 0.209957 0.0523933
369 0.603366 0.238267 0.0521325
370 0.603366 0.23744 0.0558691
371 0.603366 0.234469 0.0561299
372 0.603366 0.227191 0.0552496
373 0.603366 0.253377 0.0492637
374 0.603366 0.238578 0.054193
375 0.603366 0.243444 0.0478178
376 0.603366 0.223732 0.0511484
377 0.603366 0.236285 0.0525313
378 0.603366 0.241837 0.0522613
379 0.603366 0.26117 0.051916
380 0.603366 0.257564 0.0517761
381 0.603366 0.255215 0.0517963
382 0.603366 0.243228 0.0523963
383 0.603366 0.259061 0.0515403
384 0.603366 0.255036 0.050205
385 0.603366 0.271336 0.0508934
386 0.603366 0.247013 0.0524666
387 0.603366 0.227278 0.0553851
388 0.603366 0.209762 0.0536766
389 0.603366 0.262294 0.04863
390 0.603366 0.264089 0.0477537
391 0.603366 0.258262 0.0504827
392 0.603366 0.244429 0.0500317
393 0.603366 0.243056 0.0506993
394 0.603366 0.262492 0.0516495
395 0.603366 0.245765 0.0498704
396 0.603366 0.266265 0.0517527
397 0.603366 0.279855 0.0488083
398 0.603366 0.254053 0.0498996
399 0.603366 0.262675 0.0496652
400 0.603366 0.282501 0.0493763
401 0.603366 0.266427 0.0448206
402 0.603366 0.249821 0.051205
403 0.603366 0.278396 0.0487424
404 0.603366 0.292796 0.0469914
405 0.603366 0.270599 0.0515934
406 0.603366 0.279877 0.0486624
407 0.603366 0.267427 0.049368
408 0.603366 0.254883 0.0537737
409 0.603366 0.247655 0.0539987
410 0.603366 0.263645 0.0528052
411 0.603366 0.232309 0.0512421
412 0.603366 0.237534 0.0514696
413 0.603366 0.235823 0.0529887
414 0.603366 0.239603 0.0516446
415 0.603366 0.210286 0.0514013
416 0.603366 0.246345 0.0497992
417 0.603366 0.224559 0.0468223
418 0.603366 0.233796 0.04548
419 0.603366 0.219491 0.0510124
420 0.603366 0.242624 0.0526085
421 0.603366 0.261882 0.0517417
422 0.603366 0.257556 0.0507533
423 0.603366 0.250822 0.0497553
424 0.603924 0.257399 0.0540828
425 0.603924 0.264042 0.0522398
426 0.603924 0.272241 0.0514864
427 0.603924 0.244109 0.0539591
428 0.603924 0.258786 0.0560132
429 0.603924 0.262968 0.0525307
430 0.603924 0.22968 0.0527151
431 0.603924 0.259652 0.0578334
432 0.603924 0.260929 0.0536266
433 0.603924 0.224604 0.0508448
434 0.603924 0.196723 0.049828
435 0.603924 0.228687 0.0525933
436 0.603924 0.202711 0.0515376
437 0.603924 0.190656 0.0540439
438 0.603924 0.18652 0.0538174
439 0.603924 0.205081 0.0524609
440 0.603924 0.22396 0.0511417
441 0.603924 0.252686 0.0567969
442 0.603924 0.250048 0.0573855
443 0.603924 0.243945 0.0556555
444 0.603924 0.240633 0.0562652
445 0.603924 0.232622 0.0514111
446 0.603924 0.214506 0.0496552
447 0.603924 0.229458 0.0446362
448 0.603924 0.233767 0.0480408
449 0.603924 0.223784 0.0501685
450 0.603924 0.257319 0.0530683
451 0.603924 0.233931 0.0529554
452 0.603924 0.222785 0.0528524
453 0.604117 0.219067 0.0509412
454 0.604117 0.236541 0.0534786
455 0.604117 0.247193 0.0514156
456 0.604117 0.259282 0.0531738
457 0.604117 0.275337 0.0532694
458 0.604117 0.229651 0.0527152
459 0.604117 0.23396 0.0529269
460 0.604251 0.251276 0.0545947
461 0.604251 0.258398 0.0537027
462 0.604251 0.243857 0.0485006
463 0.604251 0.258496 0.0510934
464 0.604251 0.231118 0.0469132
465 0.604251 0.245785 0.0551312
466 0.604251 0.246892 0.0525685
467 0.604251 0.241647 0.0544946
468 0.604251 0.280892 0.0562789
469 0.604251 0.246146 0.0566231
470 0.604251 0.229418 0.055253
471 0.604251 0.212695 0.0512241
472 0.604251 0.217016 0.0519004
473 0.604251 0.214383 0.0530875
474 0.604251 0.204949 0.0518207
475 0.604251 0.206299 0.0539206
476 0.604251 0.205236 0.0527207
477 0.604251 0.194616 0.0491265
478 0.604251 0.22197 0.0494404
479 0.604251 0.218581 0.0559856
480 0.604251 0.216694 0.057091
481 0.604251 0.198343 0.0551736
482 0.604251 0.250719 0.0546632
483 0.604251 0.257604 0.0566106
484 0.604251 0.270037 0.0545841
485 0.604251 0.289584 0.0533913
486 0.604251 0.279028 0.0529359
487 0.604251 0.244494 0.0518414
488 0.604251 0.24168 0.0537935
489 0.604251 0.257199 0.0564089
490 0.604251 0.223388 0.0564322
491 0.604251 0.226883 0.0555489
492 0.604251 0.235337 0.0510089
493 0.604251 0.229672 0.054687
494 0.604251 0.231883 0.0536228
495 0.604251 0.205052 0.0507016
496 0.604251 0.223742 0.049517
497 0.604251 0.220211 0.0509257
498 0.604251 0.246515 0.0559674
499 0.604251 0.243472 0.0577808
500 0.604251 0.253185 0.0528387
501 0.604251 0.26518 0.0511986
502 0.604251 0.264992 0.0479117
503 0.604251 0.250169 0.0500612
504 0.604251 0.234043 0.0492342
505 0.604251 0.270763 0.0522933
506 0.604251 0.263638 0.0542457
507 0.604251 0.252615 0.0538202
508 0.604251 0.241114 0.0564922
509 0.604251 0.249184 0.0524801
510 0.604251 0.254164 0.0488821
511 0.604251 0.283354 0.0527684
512 0.604251 0.261701 0.0483554
513 0.604251 0.242787 0.0464458
514 0.604251 0.238386 0.0511584
515 0.604251 0.238934 0.0483903
516 0.604251 0.245565 0.0514965
517 0.604251 0.238113 0.0542835
518 0.604251 0.219233 0.0500415
519 0.604251 0.228295 0.0445954
520 0.604251 0.242634 0.0485279
521 0.604251 0.254096 0.0470864
522 0.604251 0.241713 0.0456683
523 0.604251 0.229715 0.047626
524 0.604251 0.247597 0.0488239
525 0.604251 0.236778 0.0496172
526 0.604251 0.221889 0.0475723
527 0.604251 0.230591 0.0483603
528 0.604251 0.245112 0.0516388
529 0.604251 0.228823 0.0468797
530 0.604251 0.251528 0.0476077
531 0.604251 0.217487 0.0489117
532 0.604251 0.278745 0.0517991
533 0.604251 0.241716 0.0470379
534 0.604251 0.247215 0.0516611
535 0.604251 0.249335 0.0488084
536 0.604251 0.291852 0.0543165
537 0.604251 0.254597 0.0555377
538 0.604251 0.248946 0.0543835
539 0.604251 0.22476 0.051836
540 0.604251 0.217299 0.0519448
541 0.604386 0.250771 0.0537485
542 0.604386 0.225216 0.0515134
543 0.604386 0.246188 0.0543593
544 0.604386 0.248944 0.0555114
545 0.604386 0.236625 0.0520999
546 0.604386 0.264078 0.0498636
547 0.604386 0.282747 0.0524305
548 0.604386 0.253565 0.0483328
549 0.604386 0.258122 0.0508023
550 0.604386 0.248234 0.0512549
551 0.604386 0.25569 0.0534747
552 0.604386 0.265517 0.0520193
553 0.604386 0.222382 0.0532374
554 0.604386 0.24194 0.0497699
555 0.604386 0.227871 0.0538051
556 0.604386 0.236945 0.0511851
557 0.604386 0.262063 0.0492482
558 0.604386 0.252713 0.045626
559 0.604386 0.245303 0.0527271
560 0.604386 0.219562 0.0486302
561 0.604386 0.241384 0.0470359
562 0.604386 0.252141 0.050334
563 0.604386 0.227064 0.0500967
564 0.604386 0.247982 0.0503393
565 0.604386 0.23189 0.0506337
566 0.604386 0.224378 0.0544912
567 0.604386 0.250988 0.0489316
568 0.604386 0.243873 0.048061
569 0.604386 0.255949 0.0480997
570 0.604386 0.268904 0.0474534
571 0.604386 0.236578 0.0531436
572 0.604386 0.259019 0.0517086
573 0.604386 0.26817 0.0526175
574 0.604386 0.250474 0.0578947
575 0.604386 0.258209 0.0498754
576 0.604386 0.237906 0.0530923
577 0.604386 0.226985 0.0505303
578 0.604386 0.228498 0.0528555
579 0.604386 0.238768 0.0548097
580 0.604386 0.258048 0.050298
581 0.604386 0.267137 0.0498605
582 0.604386 0.255843 0.0545279
583 0.604386 0.22229 0.0559353
584 0.604386 0.219883 0.0583271
585 0.604386 0.229722 0.0529697
586 0.604386 0.199201 0.0518294
587 0.604386 0.207817 0.0538486
588 0.604386 0.20697 0.0507949
589 0.604386 0.212532 0.0494906
590 0.604386 0.239103 0.0494855
591 0.604386 0.249122 0.0506893
592 0.604386 0.229469 0.052045
593 0.604386 0.23818 0.0532293
594 0.604386 0.233778 0.0579071
595 0.604386 0.211376 0.0499958
596 0.604386 0.196449 0.0494133
597 0.604386 0.198745 0.0524748
598 0.604386 0.192822 0.050456
599 0.604386 0.203701 0.0545308
600 0.604386 0.216626 0.0538687
601 0.604386 0.213946 0.0528789
602 0.604386 0.21165 0.0543157
603 0.604386 0.239031 0.0592791
604 0.604386 0.20284 0.0547336
605 0.604386 0.240494 0.0492825
606 0.604386 0.273338 0.0465543
607 0.604386 0.25869 0.0451173
608 0.604386 0.225275 0.0518976
609 0.604386 0.269506 0.047943
610 0.604386 0.244551 0.0533992
611 0.604386 0.225747 0.0457231
612 0.604386 0.230338 0.0521409
613 0.604386 0.199081 0.0491496
614 0.604386 0.227149 0.0549229
615 0.604386 0.247747 0.0507373
616 0.604386 0.245329 0.0447556
617 0.604386 0.251479 0.0530536
618 0.604386 0.269329 0.0487925
619 0.604386 0.239068 0.0499165
620 0.604386 0.261502 0.0552544
621 0.604386 0.247171 0.0623741
622 0.604386 0.201908 0.0528708
623 0.604386 0.208977 0.0529763
624 0.604386 0.245952 0.0551511
625 0.604386 0.258583 0.05769
626 0.604386 0.265611 0.0503577
627 0.604386 0.25094 0.0511031
628 0.605533 0.22204 0.0498134
629 0.605533 0.265764 0.056052
630 0.605533 0.248823 0.0528809
631 0.605533 0.222944 0.0515002
632 0.605533 0.232596 0.0518359
633 0.605533 0.223054 0.0530998
634 0.605533 0.242996 0.0503553
635 0.605533 0.231478 0.0510301
636 0.605533 0.252132 0.0519045
637 0.605533 0.266613 0.0527208
638 0.605533 0.246582 0.0522996
639 0.605533 0.264144 0.0572107
640 0.605533 0.241861 0.0551979
641 0.605533 0.230177 0.0523053
642 0.605533 0.25467 0.0489863
643 0.605533 0.262961 0.0490329
644 0.605533 0.242823 0.0520932
645 0.605533 0.252459 0.0472624
646 0.605533 0.2605 0.0486875
647 0.605533 0.255871 0.0515587
648 0.605533 0.245874 0.0496967
649 0.605533 0.218747 0.04963
650 0.605533 0.228133 0.0524803
651 0.605533 0.202969 0.0495447
652 0.605533 0.216442 0.0524708
653 0.605533 0.197697 0.0511021
654 0.605533 0.210625 0.0522408
655 0.605533 0.237711 0.0501022
656 0.605533 0.250135 0.0532117
657 0.605533 0.214291 0.0519458
658 0.605533 0.22976 0.0542705
659 0.605533 0.213783 0.0528435
660 0.605533 0.228217 0.0579011
661 0.605533 0.24254 0.0559243
662 0.605533 0.266427 0.0544483
663 0.605533 0.245971 0.0550322
664 0.605533 0.246451 0.0587057
665 0.605533 0.234076 0.0596904
666 0.605533 0.223906 0.0540839
667 0.605533 0.195249 0.0491741
668 0.605533 0.227691 0.051906
669 0.605533 0.224246 0.050803
670 0.605533 0.266805 0.0499878
671 0.605533 0.247901 0.0467162
672 0.605533 0.263932 0.0531959
673 0.605533 0.243933 0.050418
674 0.605533 0.255833 0.0525657
675 0.605533 0.221795 0.0502357
676 0.605533 0.236611 0.0518666
677 0.605533 0.253536 0.0473164
678 0.605533 0.254261 0.0544667
679 0.605533 0.259634 0.0509158
680 0.605533 0.269623 0.0529378
681 0.605533 0.265677 0.049279
682 0.605533 0.286281 0.0516447
683 0.605533 0.236216 0.0498256
684 0.605533 0.234344 0.0489797
685 0.605533 0.254333 0.0533512
686 0.605533 0.26312 0.0487182
687 0.605533 0.315504 0.0463894
688 0.605533 0.299738 0.0434924
689 0.605533 0.281644 0.0473169
690 0.605533 0.248724 0.0476505
691 0.605533 0.258593 0.0503859
692 0.605533 0.220982 0.0488049
693 0.605533 0.228621 0.0548165
694 0.605533 0.23827 0.0515887
695 0.605533 0.244876 0.0494112
696 0.605533 0.234192 0.0525855
697 0.605533 0.285222 0.0560702
698 0.605533 0.27413 0.0552602
699 0.605533 0.26394 0.0517072
700 0.60641 0.256746 0.0520341
701 0.60641 0.224789 0.0490939
702 0.60641 0.197261 0.0511268
703 0.60641 0.213623 0.0507685
704 0.60641 0.225108 0.053242
705 0.60641 0.210106 0.058594
706 0.60641 0.224667 0.0575342
707 0.60641 0.23664 0.0521045
708 0.60641 0.260573 0.0522943
709 0.60641 0.268341 0.0515589
710 0.60641 0.23928 0.0481771
711 0.60641 0.265143 0.0506088
712 0.60641 0.226447 0.0521874
713 0.60641 0.240332 0.0526513
714 0.60641 0.248477 0.0514723
715 0.60641 0.245506 0.0551988
716 0.60641 0.228596 0.0513922
717 0.60641 0.231513 0.0544513
718 0.60641 0.232076 0.0567954
719 0.60641 0.264974 0.0517438
720 0.60641 0.22921 0.0474051
721 0.60641 0.25567 0.0469604
722 0.60641 0.238105 0.048415
723 0.60641 0.217797 0.052497
724 0.60641 0.224906 0.0496166
725 0.60641 0.232152 0.0512744
726 0.60641 0.22322 0.050254
727 0.60641 0.233258 0.0518569
728 0.60641 0.219936 0.0500468
729 0.60641 0.253296 0.0550646
730 0.60641 0.202912 0.0518565
731 0.60641 0.223812 0.0532754
732 0.60641 0.244042 0.0555659
733 0.60641 0.184402 0.0536898
734 0.60641 0.208358 0.0564345
735 0.60641 0.243064 0.052985
736 0.606609 0.222659 0.0555152
737 0.606609 0.221696 0.0557619
738 0.606609 0.235448 0.0529151
739 0.606609 0.24661 0.0537857
740 0.606609 0.25031 0.053539
741 0.606609 0.2598 0.0520517
742 0.606609 0.250055 0.0528607
743 0.606609 0.229486 0.0488598
744 0.606609 0.237692 0.0522218
745 0.606609 0.2322 0.0484152
746 0.606609 0.242251 0.0528999
747 0.606609 0.258931 0.0516696
748 0.606609 0.259502 0.0500487
749 0.606609 0.256933 0.0519508
750 0.606609 0.261794 0.0505712
751 0.606609 0.241775 0.0506692
752 0.606609 0.264544 0.0584799
753 0.606609 0.238518 0.0532434
754 0.606609 0.269199 0.0556616
755 0.607662 0.219418 0.0529247
756 0.607662 0.230414 0.054389
757 0.607662 0.244638 0.0513347
758 0.607662 0.232351 0.0531601
759 0.607662 0.249798 0.0543673
760 0.607662 0.25058 0.0553729
761 0.607662 0.255035 0.0472973
762 0.607662 0.27849 0.050262
763 0.607662 0.273248 0.0467969
764 0.607662 0.244816 0.0475421
765 0.607662 0.217856 0.0459516
766 0.607662 0.20435 0.0447025
767 0.607662 0.22522 0.0478188
768 0.607662 0.217641 0.047984
769 0.607662 0.209237 0.0505384
770 0.607662 0.223423 0.0470933
771 0.607662 0.226748 0.0525276
772 0.607662 0.243684 0.051499
773 0.607662 0.265533 0.0521944
774 0.607662 0.299326 0.0527292
775 0.607662 0.267089 0.0582515
776 0.607662 0.28088 0.0587652
777 0.607662 0.251432 0.0561082
778 0.607662 0.223223 0.0541803
779 0.607662 0.229081 0.050507
780 0.607662 0.214137 0.0479591
781 0.607662 0.257029 0.0537462
782 0.607662 0.264219 0.0518656
783 0.607662 0.272478 0.0494859
784 0.607662 0.231869 0.0545655
785 0.607662 0.254933 0.0559672
786 0.607662 0.254168 0.0530922
787 0.607662 0.240708 0.0568648
788 0.607662 0.245376 0.0535863
789 0.607662 0.237578 0.0531387
790 0.607662 0.236826 0.0509675
791 0.607662 0.240061 0.0538791
792 0.607662 0.227622 0.0525293
793 0.607662 0.230982 0.0555982
794 0.607662 0.219796 0.0531196
795 0.607662 0.207108 0.0520493
796 0.607662 0.234159 0.0511045
797 0.607662 0.23437 0.0516113
798 0.607662 0.23521 0.0580632
799 0.607662 0.224037 0.05425
800 0.607662 0.225941 0.0535739
801 0.607662 0.235874 0.0540068
802 0.607662 0.260274 0.0543477
803 0.607662 0.242918 0.0583128
804 0.607662 0.23612 0.0505008
805 0.607662 0.230335 0.0582483
806 0.607662 0.232117 0.0537125
807 0.607662 0.205894 0.0549792
808 0.607662 0.208941 0.0531435
809 0.607662 0.228008 0.0520279
810 0.607662 0.226792 0.0515962
811 0.607662 0.236062 0.0552104
812 0.607662 0.222527 0.0590944
813 0.607662 0.220726 0.0554142
814 0.607662 0.197362 0.0537616
815 0.607662 0.195782 0.0527396
816 0.607662 0.211482 0.05474
817 0.607662 0.219687 0.0559694
818 0.607662 0.233168 0.0548014
819 0.607662 0.262513 0.0576937
820 0.607662 0.220351 0.0530548
821 0.607662 0.24083 0.0527125
822 0.607662 0.241719 0.0528243
823 0.607662 0.209281 0.0509774
824 0.607662 0.236704 0.060017
825 0.607662 0.248075 0.0551027
826 0.607662 0.23178 0.0598257
827 0.607662 0.235164 0.0536634
828 0.607662 0.231297 0.0516336
829 0.607662 0.251183 0.052254
830 0.607662 0.234049 0.053649
831 0.607662 0.2478 0.0583355
832 0.607662 0.254573 0.0553244
833 0.607662 0.266987 0.0521546
834 0.607662 0.264016 0.0516755
835 0.607662 0.252616 0.0526837
836 0.607662 0.260024 0.0527656
837 0.607662 0.277551 0.0500228
838 0.607662 0.247409 0.0522254
839 0.607662 0.252339 0.051416
840 0.607662 0.228709 0.049929
841 0.607662 0.232652 0.0554919
842 0.607662 0.259223 0.0533632
843 0.607662 0.234189 0.053756
844 0.607662 0.234025 0.0564225
845 0.607662 0.24979 0.0530489
846 0.607662 0.226495 0.0554585
847 0.607662 0.27292 0.0501462
848 0.607662 0.275124 0.0551644
849 0.607662 0.264949 0.0537417
850 0.607662 0.2639 0.054627
851 0.607662 0.22167 0.0558711
852 0.607662 0.266325 0.0505139
853 0.607662 0.26711 0.046244
854 0.607662 0.257048 0.0477925
855 0.607662 0.231567 0.0463875
856 0.607662 0.227824 0.0524392
857 0.607662 0.249948 0.0527811
858 0.607662 0.244009 0.0517701
859 0.607662 0.217543 0.0525942
860 0.607662 0.220142 0.0492798
861 0.607662 0.239232 0.0540299
862 0.607662 0.256038 0.0498386
863 0.607662 0.23125 0.049906
864 0.607662 0.24813 0.0516594
865 0.607662 0.256797 0.0536205
866 0.607662 0.254888 0.0580975
867 0.607662 0.271322 0.0621065
868 0.607662 0.22891 0.0523291
869 0.607662 0.270856 0.0557031
870 0.607662 0.248622 0.0571194
871 0.607662 0.272567 0.0552831
872 0.607662 0.257547 0.0538638
873 0.607662 0.245147 0.0536915
874 0.607662 0.248837 0.0521548
875 0.607662 0.25411 0.0535754
876 0.607662 0.237455 0.0473983
877 0.607662 0.23992 0.048074
878 0.607662 0.237218 0.051889
879 0.607662 0.272435 0.0530609
880 0.607662 0.270071 0.0499931
881 0.607662 0.226236 0.0495721
882 0.607662 0.234338 0.0593423
883 0.607662 0.234141 0.057531
884 0.607662 0.233823 0.0566364
885 0.607662 0.206191 0.0520055
886 0.607662 0.207707 0.0532059
887 0.607662 0.205395 0.0530524
888 0.607662 0.187569 0.0498148
889 0.607662 0.216103 0.0496344
890 0.607662 0.221292 0.0516522
891 0.607662 0.220942 0.0520757
892 0.607662 0.203876 0.0535609
893 0.607662 0.207566 0.0573194
894 0.607662 0.226502 0.0530283
895 0.607662 0.237385 0.0568179
896 0.607662 0.234998 0.0596095
897 0.608666 0.240804 0.0579175
898 0.608666 0.261302 0.0532441
899 0.608666 0.238392 0.0544293
900 0.608666 0.216232 0.0507887
901 0.608666 0.217849 0.0518148
902 0.608666 0.214114 0.0515881
903 0.608666 0.187726 0.0490776
904 0.608666 0.204043 0.0551397
905 0.608666 0.223657 0.0547926
906 0.608666 0.226259 0.0546572
907 0.608666 0.209272 0.0562936
908 0.608666 0.20683 0.0537847
909 0.608666 0.211573 0.0536366
910 0.608666 0.207476 0.0518911
911 0.608666 0.235585 0.0586938
912 0.608666 0.256756 0.054307
913 0.608666 0.240391 0.057171
914 0.608666 0.227605 0.0566729
915 0.608666 0.260813 0.05916
916 0.608666 0.227015 0.0587282
917 0.608666 0.204248 0.0530962
918 0.608666 0.236737 0.0523661
919 0.608666 0.237427 0.0546241
920 0.608666 0.237173 0.0512242
921 0.608666 0.210269 0.0542606
922 0.608666 0.233891 0.0575075
923 0.608666 0.211246 0.0557475
924 0.608666 0.217816 0.050771
925 0.611121 0.23474 0.0557573
926 0.611121 0.228275 0.0564228
927 0.611121 0.189704 0.0541515
928 0.611121 0.207673 0.0529601
929 0.611121 0.226352 0.0574433
930 0.611121 0.212723 0.0539856
931 0.611121 0.214792 0.0559105
932 0.611121 0.230752 0.0536948
933 0.611121 0.25216 0.0527434
934 0.611121 0.221968 0.0512684
935 0.611121 0.252141 0.0526671
936 0.611121 0.238927 0.0492167
937 0.611121 0.224009 0.0501293
938 0.611121 0.219195 0.0539733
939 0.611121 0.199047 0.0537321
940 0.611121 0.165658 0.0485077
941 0.611121 0.188017 0.0508305
942 0.611121 0.218918 0.0529043
943 0.611121 0.214883 0.053682
944 0.611121 0.2101 0.0509479
945 0.611121 0.186255 0.0462617
946 0.611121 0.221367 0.0482772
947 0.611121 0.259356 0.0485493
948 0.611121 0.229578 0.0445784
949 0.611121 0.186419 0.0469729
950 0.611121 0.206557 0.04911
951 0.611121 0.205852 0.051251
952 0.611121 0.211087 0.0506475
953 0.611121 0.203439 0.0477727
954 0.611121 0.210293 0.0565904
955 0.611121 0.21179 0.0560084
956 0.611121 0.215146 0.0526212
957 0.611121 0.200458 0.0487146
958 0.611121 0.212201 0.0477271
959 0.611121 0.216409 0.0510674
960 0.611121 0.198752 0.0499724
961 0.611121 0.20466 0.0473418
962 0.611121 0.183662 0.0505728
963 0.611121 0.148663 0.045804
964 0.611121 0.177069 0.0508947
965 0.611121 0.213382 0.0529604
966 0.611121 0.209367 0.0546637
967 0.611121 0.204404 0.0531603
968 0.611121 0.217662 0.0497697
969 0.611121 0.217756 0.0518832
970 0.611121 0.222234 0.0561488
971 0.611121 0.230884 0.0589227
972 0.611121 0.218579 0.0560688
973 0.611121 0.234231 0.0548617
974 0.611121 0.222956 0.0514841
975 0.611121 0.219617 0.0550612
976 0.611121 0.225629 0.0546555
977 0.611121 0.258984 0.0549349
978 0.611121 0.24827 0.0485334
979 0.611121 0.261603 0.0482823
980 0.611121 0.249744 0.0490667
981 0.611121 0.26501 0.0502071
982 0.611121 0.222215 0.0512466
983 0.611121 0.198636 0.0544585
984 0.611121 0.177598 0.045677
985 0.611121 0.188327 0.0507006
986 0.611121 0.181635 0.0491049
987 0.611121 0.222311 0.0567292
988 0.611121 0.213098 0.0517494
989 0.611121 0.215926 0.0520465
990 0.611121 0.194104 0.052448
991 0.611121 0.181082 0.0515563
992 0.611121 0.223463 0.0529682
993 0.611121 0.230726 0.0517896
994 0.611121 0.209152 0.051745
995 0.611121 0.21032 0.0518756
996 0.611121 0.218728 0.0522058
997 0.611121 0.187831 0.0538128
998 0.611121 0.212261 0.0563565
999 0.611121 0.212278 0.0526746
1000 0.611121 0.200541 0.0498998
