0 0.125274 0.0700869 0.00383718
1 0.125274 0.079188 0.00363572
2 0.127146 0.0802333 0.00362691
3 0.13678 0.0866042 0.00337771
4 0.139371 0.0854068 0.00346375
5 0.139371 0.0900969 0.00318509
6 0.300512 0.0934348 0.00354853
7 0.327187 0.101156 0.00369796
8 0.327187 0.0949416 0.0042693
9 0.345521 0.096664 0.00484093
10 0.364276 0.095874 0.00590869
11 0.379091 0.102297 0.00647524
12 0.429068 0.111037 0.00926457
13 0.429068 0.131479 0.0119718
14 0.48031 0.148869 0.0163831
15 0.487506 0.155591 0.0183483
16 0.563696 0.175069 0.0208358
16 0.552584 0.101783 0.0292203
17 0.570029 0.107362 0.0368837
18 0.570029 0.0873769 0.0303306
19 0.570029 0.0919545 0.0347871
20 0.570029 0.119692 0.0394707
21 0.570029 0.118664 0.0375932
22 0.570029 0.116594 0.0375544
23 0.570029 0.11946 0.0413514
24 0.570029 0.123984 0.0410034
25 0.570029 0.129207 0.0429689
26 0.573364 0.141661 0.045475
27 0.573364 0.113706 0.03377
28 0.573364 0.105898 0.0353609
29 0.573364 0.143962 0.0469011
30 0.573364 0.11664 0.0415388
31 0.573364 0.135379 0.045044
32 0.583917 0.135831 0.0439747
33 0.593334 0.138677 0.0473334
34 0.593334 0.165282 0.0501695
35 0.593334 0.160029 0.0489674
36 0.593334 0.150812 0.045592
37 0.593334 0.192043 0.0518023
38 0.593334 0.167822 0.0498766
39 0.593334 0.188458 0.0515764
40 0.593334 0.201025 0.0556763
41 0.593334 0.187166 0.0519215
42 0.593334 0.153632 0.0450284
43 0.593334 0.14649 0.0455794
44 0.593334 0.154412 0.0475682
45 0.593334 0.17941 0.0520443
46 0.593334 0.202783 0.0508132
47 0.593334 0.205301 0.0550484
48 0.593334 0.197566 0.054562
49 0.593334 0.217099 0.0526144
50 0.593334 0.231686 0.051906
51 0.593334 0.199959 0.0513865
52 0.593334 0.198675 0.054102
53 0.593334 0.207474 0.0518422
54 0.593334 0.238137 0.0498165
55 0.593334 0.205255 0.0478741
56 0.593334 0.21758 0.0551892
57 0.593334 0.209731 0.0517677
58 0.593334 0.210195 0.048896
59 0.593334 0.174007 0.050075
60 0.593334 0.164876 0.0462495
61 0.593334 0.186533 0.0518226
62 0.593334 0.179606 0.0518823
63 0.593334 0.19707 0.0498142
64 0.593334 0.202703 0.0528492
65 0.593334 0.211536 0.0507048
66 0.596219 0.229712 0.0547064
67 0.596219 0.24098 0.0514663
68 0.596219 0.229934 0.0525977
69 0.596219 0.214139 0.0498985
70 0.596219 0.21576 0.0487925
71 0.596219 0.195614 0.0494203
72 0.596219 0.190561 0.050174
73 0.596219 0.172104 0.0476055
74 0.596219 0.183272 0.0480874
75 0.596219 0.189839 0.0498092
76 0.596219 0.200625 0.049
77 0.596219 0.190027 0.050286
78 0.596219 0.175834 0.0528731
79 0.596219 0.172232 0.0505882
80 0.596219 0.187764 0.0538999
81 0.596219 0.214894 0.054814
82 0.596219 0.197566 0.0553602
83 0.596219 0.173802 0.0506741
84 0.596219 0.202085 0.0521795
85 0.596219 0.176668 0.0502805
86 0.596219 0.200024 0.0556607
87 0.596219 0.220343 0.056519
88 0.596219 0.220641 0.0518236
89 0.596219 0.212794 0.0523972
90 0.596219 0.196985 0.0512799
91 0.596219 0.207643 0.0487222
92 0.596219 0.190978 0.0480221
93 0.596219 0.199287 0.0514663
94 0.596219 0.225022 0.0570932
95 0.596219 0.206194 0.0570009
96 0.596219 0.179868 0.0506962
97 0.596219 0.212571 0.0550976
98 0.596219 0.188448 0.0515494
99 0.596219 0.196024 0.0498874
100 0.596219 0.212761 0.0549547
101 0.596219 0.207861 0.0513209
102 0.596219 0.189417 0.0530624
103 0.596219 0.199323 0.0501401
104 0.596219 0.212127 0.0488543
105 0.596219 0.205214 0.0501512
106 0.596219 0.229799 0.0542676
107 0.596219 0.222502 0.0565632
108 0.596219 0.180573 0.0516112
109 0.596219 0.200947 0.0573099
110 0.596219 0.181772 0.052838
111 0.596219 0.18411 0.0535952
112 0.599154 0.177213 0.0530564
113 0.599154 0.187835 0.0525127
114 0.599154 0.187833 0.0527576
115 0.599154 0.188311 0.0521312
116 0.599154 0.189349 0.0524138
117 0.599154 0.213927 0.0545435
118 0.599154 0.196206 0.0490902
119 0.599154 0.207839 0.052155
120 0.599154 0.20305 0.0538601
121 0.599154 0.176115 0.0454921
122 0.599154 0.182783 0.0499009
123 0.599154 0.186525 0.0507825
124 0.599154 0.207454 0.0532258
125 0.599154 0.20221 0.0526043
126 0.599154 0.191068 0.0550485
127 0.599154 0.217909 0.0551793
128 0.599154 0.182267 0.0519163
129 0.599154 0.229681 0.0502641
130 0.599154 0.194693 0.054084
131 0.599154 0.219949 0.0527
132 0.599154 0.212593 0.0531209
133 0.599154 0.228206 0.0507615
134 0.599154 0.221055 0.0526131
135 0.599154 0.217823 0.0540378
136 0.599154 0.209027 0.0514181
137 0.599154 0.206049 0.0505749
138 0.599154 0.221747 0.0522967
139 0.599154 0.229032 0.0515845
140 0.599154 0.216109 0.0534109
141 0.599154 0.227587 0.0506297
142 0.599154 0.213755 0.0515291
143 0.599154 0.190999 0.0513443
144 0.599154 0.186959 0.0529006
145 0.599154 0.179715 0.0543838
146 0.599154 0.182725 0.0497223
147 0.599154 0.204062 0.0527941
148 0.599154 0.228204 0.0489196
149 0.599154 0.20963 0.055439
150 0.599154 0.174562 0.0467463
151 0.599154 0.164083 0.0486909
152 0.599154 0.169755 0.0488258
153 0.599154 0.198872 0.0497165
154 0.599154 0.193278 0.0559235
155 0.599154 0.21463 0.0556341
156 0.599154 0.201658 0.0556296
157 0.599154 0.190207 0.0530192
158 0.599154 0.190073 0.0536058
159 0.599154 0.171577 0.0537926
160 0.5997 0.178209 0.0528419
161 0.600839 0.191109 0.0585919
162 0.600839 0.207443 0.0593677
163 0.600839 0.19981 0.0564689
164 0.600839 0.177968 0.0552104
165 0.600839 0.202834 0.0577
166 0.601328 0.186204 0.0538209
167 0.601328 0.154979 0.050752
168 0.601328 0.160496 0.0534954
169 0.601328 0.146156 0.0501205
170 0.601328 0.167561 0.0512736
171 0.601328 0.169456 0.0572279
172 0.601328 0.176571 0.0551877
173 0.601328 0.182915 0.0550851
174 0.601328 0.179904 0.0559311
175 0.601328 0.152864 0.0497976
176 0.601328 0.166341 0.052121
177 0.601328 0.169768 0.0539947
178 0.601328 0.178211 0.0524252
179 0.601328 0.168004 0.050772
180 0.601328 0.149293 0.05135
181 0.601328 0.167693 0.0517746
182 0.601328 0.156095 0.0463382
183 0.601328 0.171213 0.0527547
184 0.601328 0.176573 0.0520876
185 0.601328 0.174231 0.05333
186 0.601328 0.184603 0.0566868
187 0.601328 0.214579 0.0597685
188 0.601328 0.204535 0.0558448
189 0.601328 0.187234 0.0556183
190 0.601328 0.213315 0.0526098
191 0.601328 0.207468 0.0509833
192 0.601328 0.191935 0.0540771
193 0.601328 0.203563 0.0552782
194 0.601328 0.170474 0.049662
195 0.601504 0.172915 0.0534214
196 0.601504 0.173151 0.0482964
197 0.601504 0.171032 0.0502801
198 0.601504 0.186604 0.05456
199 0.601504 0.19079 0.0554977
200 0.601504 0.185486 0.0532362
201 0.601504 0.222488 0.055707
202 0.601504 0.188067 0.0541254
203 0.601504 0.162189 0.0504414
204 0.601504 0.185605 0.052867
205 0.601504 0.196522 0.0574677
206 0.601925 0.2235 0.0600433
207 0.601925 0.178419 0.0552589
208 0.601925 0.160146 0.0533783
209 0.601925 0.176989 0.0566385
210 0.601925 0.163484 0.0514356
211 0.601925 0.167047 0.0493374
212 0.601925 0.180554 0.0563115
213 0.601925 0.162525 0.0513734
214 0.601925 0.182089 0.0539024
215 0.601925 0.220935 0.058758
216 0.601925 0.222675 0.0598531
217 0.601925 0.197687 0.055861
218 0.601925 0.212691 0.054816
219 0.601925 0.196971 0.0550238
220 0.601925 0.195966 0.0519516
221 0.601925 0.195391 0.0542305
222 0.601925 0.198896 0.0532843
223 0.601925 0.211538 0.0534871
224 0.601925 0.189528 0.0528905
225 0.601925 0.18894 0.0545911
226 0.601925 0.1987 0.0547888
227 0.601925 0.212434 0.0546266
228 0.602116 0.205497 0.0549894
229 0.602116 0.198946 0.0508039
230 0.602116 0.184875 0.0537633
231 0.602116 0.186298 0.0559135
232 0.602116 0.165284 0.0521614
233 0.602116 0.144157 0.0490934
234 0.602116 0.184416 0.0559711
235 0.602116 0.183485 0.0565831
236 0.602116 0.189621 0.050998
237 0.602116 0.179912 0.0522339
238 0.602116 0.169904 0.0525401
239 0.602847 0.17794 0.0563735
240 0.602847 0.185732 0.0571535
241 0.602847 0.198418 0.0632756
242 0.602847 0.191267 0.0582242
243 0.602847 0.181189 0.0547774
244 0.602847 0.159112 0.0543143
245 0.602847 0.148854 0.0502447
246 0.602847 0.216895 0.0572061
247 0.602847 0.220233 0.0540431
248 0.602847 0.19013 0.0498764
249 0.602847 0.168342 0.0527591
250 0.602847 0.161088 0.0489651
251 0.602847 0.203415 0.0505993
252 0.602847 0.209168 0.059167
253 0.602847 0.205078 0.0520935
254 0.602847 0.191666 0.0574119
255 0.602847 0.230331 0.0572962
256 0.602847 0.229087 0.0568042
257 0.602847 0.257088 0.0559504
258 0.602847 0.233905 0.0551535
259 0.602847 0.211053 0.0543648
260 0.602847 0.220319 0.0582377
261 0.602847 0.20215 0.0522755
262 0.602847 0.203427 0.053231
263 0.602847 0.204328 0.0550449
264 0.602847 0.201206 0.0499869
265 0.602847 0.210191 0.0537598
266 0.602847 0.217343 0.0564791
267 0.602847 0.244913 0.056169
268 0.602847 0.224409 0.0545314
269 0.602847 0.219324 0.0535814
270 0.602847 0.217442 0.0574254
271 0.602847 0.22233 0.0551612
272 0.602847 0.202663 0.0557285
273 0.602847 0.219938 0.054859
274 0.602847 0.250862 0.0523367
275 0.602847 0.266084 0.052901
276 0.602847 0.227643 0.0543909
277 0.602847 0.2087 0.0502249
278 0.602847 0.190676 0.049651
279 0.602847 0.205472 0.0521911
280 0.602847 0.204284 0.0514735
281 0.602847 0.200069 0.0505117
282 0.602847 0.223949 0.0569348
283 0.602847 0.223232 0.0539466
284 0.602847 0.23191 0.0542081
285 0.602847 0.214093 0.0542357
286 0.602847 0.226177 0.0509832
287 0.602847 0.230402 0.0465058
288 0.602847 0.235762 0.0530103
289 0.602847 0.22616 0.0481652
290 0.602847 0.230247 0.0552812
291 0.602847 0.212213 0.0546206
292 0.602847 0.214474 0.0571632
293 0.602847 0.198802 0.054227
294 0.602847 0.168663 0.0492421
295 0.602847 0.209844 0.0557674
296 0.602847 0.19962 0.0505432
297 0.602847 0.237751 0.054429
298 0.602847 0.219584 0.0520637
299 0.602847 0.214737 0.0523585
300 0.602847 0.216773 0.0504486
301 0.602847 0.20403 0.0569057
302 0.602847 0.194337 0.0514794
303 0.602847 0.22315 0.0525341
304 0.602847 0.229945 0.04986
305 0.602847 0.223075 0.0567095
306 0.602847 0.194626 0.0573454
307 0.602847 0.199124 0.0539604
308 0.602847 0.179699 0.0555959
309 0.602847 0.184822 0.0536801
310 0.602847 0.196228 0.0544465
311 0.602847 0.224153 0.0559196
312 0.602847 0.202314 0.0560817
313 0.602847 0.187275 0.0527187
314 0.602847 0.209299 0.0561038
315 0.602847 0.192731 0.056122
316 0.602847 0.193304 0.0523237
317 0.602847 0.204069 0.0537396
318 0.602847 0.226256 0.0566792
319 0.602847 0.163496 0.0505268
320 0.602847 0.160764 0.0465946
321 0.602847 0.167119 0.0494554
322 0.602847 0.17336 0.0531756
323 0.602847 0.202226 0.0546643
324 0.602847 0.182049 0.0534132
325 0.602847 0.173005 0.0554743
326 0.602847 0.169228 0.0544081
327 0.602847 0.175159 0.0579142
328 0.602847 0.19125 0.0558918
329 0.602847 0.212194 0.052125
330 0.602847 0.189662 0.050501
331 0.602847 0.185218 0.0511855
332 0.602847 0.189851 0.051401
333 0.602847 0.208264 0.0558526
334 0.602847 0.195911 0.0537705
335 0.602847 0.19872 0.0534522
336 0.602847 0.179418 0.05601
337 0.602847 0.189803 0.0588726
338 0.602847 0.182655 0.0533176
339 0.602847 0.185529 0.0558677
340 0.602847 0.182513 0.0537378
341 0.602847 0.186596 0.0494407
342 0.602847 0.158096 0.0471919
343 0.602847 0.209774 0.0559829
344 0.602847 0.199832 0.0534662
345 0.602847 0.183673 0.0517462
346 0.602847 0.153531 0.0488168
347 0.602847 0.170946 0.0493599
348 0.602847 0.184194 0.0524419
349 0.602847 0.187767 0.0512177
350 0.602847 0.190953 0.0540583
351 0.602847 0.197043 0.0529445
352 0.602847 0.202151 0.0523031
353 0.602847 0.226607 0.0548609
354 0.602847 0.200991 0.0564453
355 0.602847 0.21777 0.055259
356 0.602847 0.192303 0.0552048
357 0.602847 0.188016 0.0536075
358 0.602847 0.188041 0.0573436
359 0.602847 0.161971 0.0523908
360 0.602847 0.208745 0.0553889
361 0.602847 0.208003 0.0579395
362 0.602847 0.18307 0.0578949
363 0.602847 0.228119 0.057366
364 0.602847 0.234325 0.0582046
365 0.602847 0.205335 0.0579358
366 0.602847 0.175242 0.0514575
367 0.602847 0.226162 0.0582464
368 0.602847 0.219979 0.0582618
369 0.602847 0.227564 0.0578824
370 0.602847 0.221727 0.0543056
371 0.602847 0.221581 0.0557996
372 0.602847 0.229001 0.0565205
373 0.602847 0.213323 0.0576119
374 0.602847 0.203569 0.0590499
375 0.602847 0.223553 0.0569076
376 0.602847 0.201402 0.0526263
377 0.602847 0.20549 0.053641
378 0.602847 0.213918 0.0585029
379 0.602847 0.201737 0.0524964
380 0.602847 0.190243 0.0574597
381 0.602847 0.196372 0.0548747
382 0.602847 0.184152 0.0537706
383 0.602847 0.214745 0.0580729
384 0.602847 0.207364 0.0521717
385 0.602847 0.212112 0.0591203
386 0.602847 0.205144 0.0541665
387 0.602847 0.207417 0.0550267
388 0.602847 0.194845 0.0503418
389 0.602847 0.155738 0.0506297
390 0.602847 0.147261 0.0491119
391 0.602847 0.181849 0.0518911
392 0.602847 0.167146 0.0510706
393 0.602847 0.179343 0.0569396
394 0.602847 0.194875 0.0526002
395 0.602847 0.182013 0.048371
396 0.602847 0.205507 0.049897
397 0.602847 0.217236 0.051546
398 0.602847 0.200989 0.0520633
399 0.602847 0.215553 0.053565
400 0.602847 0.241443 0.0534054
401 0.602847 0.228207 0.0557276
402 0.602847 0.2132 0.0561968
403 0.602847 0.201962 0.0566532
404 0.602847 0.190365 0.0593877
405 0.602847 0.195082 0.0569062
406 0.602847 0.227723 0.0621647
407 0.602847 0.192975 0.0553247
408 0.602847 0.188567 0.0568836
409 0.602847 0.188349 0.0568681
410 0.602847 0.177665 0.0506431
411 0.602847 0.195225 0.0552333
412 0.602847 0.196131 0.0542932
413 0.602847 0.204049 0.0560968
414 0.602847 0.224929 0.0543507
415 0.602847 0.202068 0.0561459
416 0.602847 0.218397 0.0559225
417 0.602847 0.221676 0.0552431
418 0.602847 0.222376 0.0542195
419 0.602847 0.196209 0.0551932
420 0.602847 0.151355 0.0483274
421 0.602847 0.15609 0.0506523
422 0.602847 0.137608 0.0484336
423 0.602847 0.163246 0.0518477
424 0.602847 0.139714 0.0503193
425 0.602847 0.202591 0.0538964
426 0.602847 0.196414 0.0547354
427 0.602847 0.205726 0.0529401
428 0.602847 0.190406 0.0527525
429 0.602847 0.22182 0.0587158
430 0.602847 0.214513 0.0565432
431 0.602847 0.212826 0.0556203
432 0.602847 0.208439 0.0546548
433 0.602847 0.212657 0.0545191
434 0.602847 0.192254 0.0485615
435 0.602847 0.23013 0.0532355
436 0.602847 0.197111 0.0494616
437 0.602847 0.200362 0.0581444
438 0.602847 0.218677 0.0596671
439 0.602847 0.208838 0.0533418
440 0.602847 0.215724 0.0519045
441 0.602847 0.196018 0.0495902
442 0.602847 0.203385 0.0522821
443 0.602847 0.182731 0.0495717
444 0.602847 0.196242 0.0530235
445 0.602847 0.20089 0.0521538
446 0.602847 0.185578 0.0488382
447 0.602847 0.207199 0.0568999
448 0.602847 0.193428 0.0488378
449 0.602847 0.209204 0.0498217
450 0.602847 0.204819 0.0529159
451 0.602847 0.213799 0.0513817
452 0.602847 0.187037 0.0568784
453 0.602847 0.175131 0.0506228
454 0.602847 0.185315 0.0509907
455 0.602847 0.187976 0.0541159
456 0.602847 0.175068 0.0492558
457 0.602847 0.180217 0.0517093
458 0.602847 0.185695 0.0523916
459 0.602847 0.200491 0.0551075
460 0.602847 0.202695 0.0506143
461 0.602847 0.196858 0.056585
462 0.602847 0.1991 0.052211
463 0.602847 0.195123 0.051668
464 0.602847 0.169091 0.0532189
465 0.602847 0.169857 0.0539602
466 0.602847 0.164501 0.0531773
467 0.602847 0.153018 0.0523097
468 0.602847 0.136133 0.0492622
469 0.602847 0.157945 0.0494914
470 0.602847 0.200801 0.0541201
471 0.602847 0.188915 0.0559386
472 0.602847 0.178995 0.0509546
473 0.602847 0.158457 0.0485738
474 0.602847 0.172235 0.0508483
475 0.602847 0.173848 0.0536602
476 0.602847 0.1682 0.0517926
477 0.602847 0.167528 0.0503147
478 0.602847 0.15838 0.0467708
479 0.602847 0.147695 0.0495364
480 0.602847 0.172442 0.0554672
481 0.602847 0.189707 0.0523909
482 0.602847 0.169368 0.0471811
483 0.602847 0.211529 0.0509435
484 0.602847 0.210678 0.0494691
485 0.602847 0.195312 0.0523995
486 0.602847 0.207008 0.0531225
487 0.602847 0.16801 0.0501341
488 0.602847 0.12204 0.0424716
489 0.602847 0.170412 0.0496778
490 0.602847 0.170446 0.0542205
491 0.602847 0.196447 0.0551352
492 0.602847 0.200305 0.0528186
493 0.602847 0.191606 0.0527506
494 0.602847 0.178815 0.0500939
495 0.602847 0.19416 0.0480834
496 0.602847 0.202364 0.051051
497 0.602847 0.23007 0.0548678
498 0.602847 0.174896 0.0509855
499 0.602847 0.200302 0.0587442
500 0.602847 0.175248 0.0555293
501 0.602847 0.190677 0.0590049
502 0.602847 0.157085 0.0522168
503 0.602847 0.178323 0.0583057
504 0.602847 0.190628 0.0524605
505 0.602847 0.198027 0.054953
506 0.602847 0.195168 0.0559043
507 0.602847 0.187597 0.0522856
508 0.602847 0.170612 0.0568707
509 0.602847 0.182837 0.0532588
510 0.602847 0.192071 0.0539051
511 0.602847 0.184711 0.0532911
512 0.602847 0.18157 0.0538367
513 0.602847 0.189657 0.053299
514 0.602847 0.193538 0.0527307
515 0.602847 0.188032 0.0523103
516 0.602847 0.196078 0.0544791
517 0.602847 0.204952 0.0541124
518 0.602847 0.201542 0.0547368
519 0.602847 0.197345 0.058403
520 0.602847 0.195474 0.0536448
521 0.602847 0.18974 0.0530475
522 0.602847 0.208188 0.0551077
523 0.602847 0.203327 0.0538596
524 0.602847 0.201461 0.0521537
525 0.602847 0.198988 0.0519335
526 0.602847 0.202746 0.0533227
527 0.602847 0.196388 0.054877
528 0.602847 0.180271 0.0500052
529 0.602847 0.170048 0.052146
530 0.602847 0.180782 0.0522018
531 0.602847 0.206232 0.0582733
532 0.602847 0.20653 0.0581846
533 0.602847 0.223537 0.0583877
534 0.602847 0.194606 0.0555972
535 0.602847 0.194296 0.0528439
536 0.602847 0.20991 0.0531973
537 0.602847 0.209771 0.051835
538 0.602847 0.187083 0.0516058
539 0.602847 0.19148 0.0508466
540 0.602847 0.20615 0.0546298
541 0.602847 0.177302 0.0525624
542 0.602847 0.185874 0.053106
543 0.602847 0.178255 0.0543017
544 0.602847 0.20288 0.0571249
545 0.602847 0.172753 0.0526472
546 0.602847 0.175956 0.0531177
547 0.602847 0.158805 0.0517196
548 0.602847 0.185676 0.0561589
549 0.602847 0.181809 0.0536342
550 0.602847 0.203362 0.0530226
551 0.602847 0.205353 0.0502879
552 0.602847 0.178091 0.0500981
553 0.602847 0.173427 0.0493905
554 0.602847 0.183507 0.0523723
555 0.602847 0.187911 0.05392
556 0.602847 0.192956 0.0550612
557 0.602847 0.209429 0.0521527
558 0.602847 0.243881 0.0578334
559 0.602847 0.226342 0.0548005
560 0.602847 0.204824 0.0572746
561 0.602847 0.207356 0.0534058
562 0.602847 0.195358 0.0523486
563 0.602847 0.200956 0.0525791
564 0.602847 0.20454 0.054732
565 0.602847 0.195083 0.0520595
566 0.602847 0.206313 0.0522883
567 0.602847 0.2094 0.0510122
568 0.602847 0.210097 0.0517323
569 0.602847 0.1996 0.0547286
570 0.602847 0.188213 0.0514724
571 0.602847 0.196608 0.0564497
572 0.602847 0.212059 0.0543721
573 0.602847 0.213026 0.0547059
574 0.602847 0.191363 0.0540695
575 0.602847 0.189373 0.052367
576 0.602847 0.174318 0.0544355
577 0.602847 0.225077 0.0586008
578 0.602847 0.222546 0.0587839
579 0.602847 0.221944 0.0500664
580 0.602847 0.205873 0.0511279
581 0.602847 0.197011 0.0515456
582 0.602847 0.191659 0.0486019
583 0.602847 0.18487 0.0496407
584 0.602847 0.197031 0.0534902
585 0.602847 0.196397 0.0516293
586 0.602847 0.201024 0.0525581
587 0.602847 0.183834 0.0527985
588 0.602847 0.200601 0.0512859
589 0.602847 0.197063 0.0530191
590 0.602847 0.215824 0.0574307
591 0.602847 0.196475 0.0505416
592 0.602847 0.223744 0.0539224
593 0.602847 0.222343 0.0524405
594 0.602847 0.213762 0.0536364
595 0.602847 0.212585 0.0499484
596 0.602847 0.206412 0.0524827
597 0.602847 0.208536 0.0532079
598 0.602847 0.185961 0.0549405
599 0.602847 0.209284 0.059773
600 0.602847 0.168573 0.0519809
601 0.602847 0.201874 0.0548508
602 0.602847 0.203779 0.0527609
603 0.602847 0.218058 0.0487103
604 0.602847 0.208917 0.0490974
605 0.602847 0.206731 0.0493592
606 0.602847 0.18871 0.0523758
607 0.602847 0.188055 0.0522215
608 0.602847 0.195489 0.0530844
609 0.602847 0.201935 0.057666
610 0.602847 0.171037 0.0491279
611 0.602847 0.169252 0.0510001
612 0.602847 0.186914 0.0548935
613 0.602847 0.194904 0.0536093
614 0.602847 0.21784 0.0561727
615 0.602847 0.182063 0.0519939
616 0.602847 0.184647 0.0533799
617 0.602847 0.191568 0.0559656
618 0.602847 0.187592 0.0552052
619 0.602847 0.208448 0.0550014
620 0.602847 0.195455 0.0552906
621 0.602847 0.194152 0.0507672
622 0.602847 0.207785 0.0550666
623 0.602847 0.193162 0.054836
624 0.602847 0.197102 0.0551544
625 0.602847 0.16866 0.0480517
626 0.602847 0.178652 0.050732
627 0.602847 0.20712 0.0567476
628 0.602847 0.211694 0.0566732
629 0.602847 0.198869 0.0527346
630 0.602847 0.212879 0.0556482
631 0.602847 0.213253 0.053229
632 0.602847 0.191998 0.0547303
633 0.602847 0.19527 0.0541023
634 0.602847 0.19841 0.0570545
635 0.602847 0.22138 0.0555428
636 0.602847 0.216893 0.0546681
637 0.602847 0.206172 0.056948
638 0.602847 0.217379 0.0544554
639 0.602847 0.186182 0.0510636
640 0.602847 0.175449 0.0496789
641 0.602847 0.201194 0.055478
642 0.602847 0.19852 0.0549079
643 0.602847 0.162478 0.0495897
644 0.602847 0.174367 0.0523888
645 0.602847 0.195058 0.0505971
646 0.602847 0.158457 0.0515563
647 0.602847 0.166116 0.0505052
648 0.602847 0.1658 0.0509751
649 0.602847 0.183972 0.0555967
650 0.602847 0.160734 0.050113
651 0.602847 0.18824 0.0548711
652 0.602847 0.154887 0.0500155
653 0.602847 0.167766 0.0510751
654 0.602847 0.155984 0.0520367
655 0.602847 0.197817 0.0555779
656 0.602847 0.18364 0.0572393
657 0.602847 0.17895 0.0555802
658 0.602847 0.160801 0.0499599
659 0.602847 0.185962 0.0559169
660 0.602847 0.159167 0.051076
661 0.602847 0.185243 0.0539216
662 0.602847 0.203984 0.0550549
663 0.602847 0.184856 0.0534841
664 0.602847 0.184358 0.053081
665 0.602847 0.186085 0.0580746
666 0.602847 0.209132 0.0561571
667 0.602847 0.174995 0.0548664
668 0.602847 0.166901 0.0538526
669 0.602847 0.174727 0.0569732
670 0.602847 0.191416 0.0586839
671 0.602847 0.187261 0.0577759
672 0.602847 0.189005 0.0541402
673 0.602847 0.208628 0.0571216
674 0.602847 0.202995 0.052677
675 0.602847 0.223293 0.0564271
676 0.602847 0.203873 0.0523387
677 0.602847 0.225852 0.0544625
678 0.602847 0.214174 0.0558359
679 0.602847 0.220207 0.055421
680 0.602847 0.21337 0.0539445
681 0.602847 0.230019 0.0547653
682 0.602847 0.230565 0.0519118
683 0.602847 0.222825 0.0556601
684 0.602847 0.224506 0.0548533
685 0.602847 0.220136 0.0568304
686 0.602847 0.215569 0.0538026
687 0.602847 0.227319 0.0500002
688 0.602847 0.223995 0.0541585
689 0.602847 0.248986 0.0580533
690 0.602847 0.178166 0.0510172
691 0.602847 0.197996 0.0552901
692 0.602847 0.1994 0.0560936
693 0.602847 0.191406 0.0529971
694 0.602847 0.205228 0.0573325
695 0.602847 0.230172 0.0556029
696 0.602847 0.207419 0.0533579
697 0.602847 0.208928 0.0545254
698 0.602847 0.207621 0.056558
699 0.602847 0.223803 0.057222
700 0.602847 0.202827 0.0553513
701 0.602847 0.187396 0.0512899
702 0.602847 0.186475 0.0494799
703 0.602847 0.188238 0.053125
704 0.602847 0.18345 0.0523328
705 0.602847 0.192128 0.0559154
706 0.602847 0.193859 0.0576463
707 0.602847 0.211428 0.0526516
708 0.602847 0.220968 0.054277
709 0.602847 0.217287 0.0572324
710 0.602847 0.213405 0.0595034
711 0.602847 0.176803 0.0520312
712 0.602847 0.176333 0.0491656
713 0.602847 0.186597 0.0530323
714 0.602847 0.20245 0.0519309
715 0.602847 0.18943 0.0548033
716 0.602847 0.210548 0.0579796
717 0.602847 0.192954 0.053326
718 0.602847 0.188629 0.0556166
719 0.602847 0.17528 0.0512994
720 0.602847 0.183672 0.0539105
721 0.602847 0.174361 0.0470527
722 0.602847 0.187501 0.0501296
723 0.602847 0.209053 0.0534389
724 0.602847 0.23623 0.0557933
725 0.602847 0.238001 0.0556703
726 0.602847 0.229476 0.054442
727 0.602847 0.222765 0.0549027
728 0.602847 0.197165 0.0506844
729 0.602847 0.209971 0.0510432
730 0.602847 0.235178 0.0535846
731 0.602847 0.219921 0.0561155
732 0.602847 0.188429 0.0572026
733 0.602847 0.198686 0.0552884
734 0.602847 0.173723 0.0515636
735 0.602847 0.168992 0.0516693
736 0.602847 0.181826 0.0563088
737 0.602847 0.202369 0.0538116
738 0.602847 0.212195 0.0565228
739 0.602847 0.215745 0.0525309
740 0.602847 0.197819 0.0550585
741 0.602847 0.214498 0.0581521
742 0.602847 0.218748 0.0550072
743 0.602847 0.203964 0.0574213
744 0.602847 0.238107 0.0551556
745 0.602847 0.210809 0.0583521
746 0.602847 0.170516 0.0525389
747 0.602847 0.192481 0.0560717
748 0.602847 0.211816 0.0577808
749 0.602847 0.185734 0.0522832
750 0.602847 0.191219 0.054021
751 0.602847 0.191064 0.0519418
752 0.602847 0.186801 0.0574984
753 0.602847 0.184974 0.0522604
754 0.602847 0.211268 0.0554861
755 0.602847 0.218574 0.0562557
756 0.602847 0.207637 0.0568721
757 0.602847 0.192231 0.0528671
758 0.602847 0.211976 0.0530705
759 0.602847 0.205276 0.054405
760 0.602847 0.215531 0.0582495
761 0.602847 0.204509 0.0582513
762 0.602847 0.186058 0.0562583
763 0.602847 0.198594 0.055834
764 0.602847 0.201894 0.0544826
765 0.602847 0.194358 0.0542822
766 0.602847 0.20733 0.0565172
767 0.602847 0.188635 0.0553421
768 0.602847 0.195536 0.0569481
769 0.602847 0.204342 0.0543782
770 0.602847 0.195186 0.0529598
771 0.602847 0.197888 0.0544506
772 0.602847 0.193448 0.0500262
773 0.602847 0.169046 0.048221
774 0.602847 0.163287 0.0541245
775 0.602847 0.173065 0.0532326
776 0.602847 0.188285 0.0563307
777 0.602847 0.16822 0.0535736
778 0.602847 0.177729 0.056127
779 0.602847 0.18735 0.0542537
780 0.602847 0.174715 0.0546696
781 0.602847 0.187483 0.0553877
782 0.602847 0.193743 0.0573818
783 0.602847 0.177607 0.0509019
784 0.602847 0.207891 0.053623
785 0.602847 0.185566 0.0519789
786 0.602847 0.150998 0.0485527
787 0.602847 0.20293 0.0566806
788 0.602847 0.202118 0.0513346
789 0.602847 0.180447 0.0511079
790 0.602847 0.209606 0.0535456
791 0.602847 0.187299 0.0533034
792 0.602847 0.216138 0.0541339
793 0.602847 0.199906 0.0559891
794 0.602847 0.202894 0.0554968
795 0.602847 0.186691 0.0564408
796 0.602847 0.185295 0.053302
797 0.602847 0.216532 0.057102
798 0.602847 0.219086 0.052719
799 0.602847 0.213668 0.054151
800 0.602847 0.19827 0.0548652
801 0.602847 0.197387 0.0520108
802 0.602847 0.196241 0.0579163
803 0.602847 0.182312 0.0532016
804 0.602847 0.186841 0.0563745
805 0.602847 0.218274 0.0628824
806 0.602847 0.23384 0.0580401
807 0.602847 0.209929 0.0563548
808 0.602847 0.173164 0.0528075
809 0.602847 0.179495 0.0538708
810 0.602847 0.190904 0.05454
811 0.602847 0.179178 0.0535463
812 0.602847 0.198825 0.0546469
813 0.602847 0.201967 0.0543443
814 0.602847 0.208039 0.0502528
815 0.602847 0.215992 0.0551723
816 0.602847 0.181054 0.0517098
817 0.602847 0.17937 0.0484711
818 0.602847 0.191298 0.0536065
819 0.602847 0.227826 0.0574041
820 0.602847 0.218176 0.0584582
821 0.602847 0.230264 0.0576091
822 0.602847 0.225045 0.0569629
823 0.602847 0.225528 0.0587152
824 0.602847 0.206526 0.0549162
825 0.602847 0.190562 0.0505959
826 0.602847 0.203989 0.0526919
827 0.602847 0.200705 0.0495593
828 0.602847 0.206986 0.0555369
829 0.602847 0.210041 0.0573357
830 0.602847 0.204208 0.054554
831 0.602847 0.187879 0.0540326
832 0.602847 0.200733 0.0556189
833 0.602847 0.196602 0.0549809
834 0.602847 0.176262 0.0535025
835 0.602847 0.179381 0.0561474
836 0.602847 0.210388 0.0522582
837 0.602847 0.178679 0.0493174
838 0.602847 0.20459 0.0507518
839 0.602847 0.187448 0.0558969
840 0.602847 0.19811 0.0526681
841 0.602847 0.199376 0.0505636
842 0.602847 0.194333 0.0526143
843 0.602847 0.182477 0.0495668
844 0.602847 0.193074 0.0561084
845 0.602847 0.18588 0.05483
846 0.602847 0.218608 0.0535564
847 0.602847 0.25139 0.0571419
848 0.602847 0.207426 0.0550258
849 0.602847 0.234361 0.0550339
850 0.602847 0.224932 0.0553225
851 0.602847 0.207458 0.05262
852 0.602847 0.203268 0.0542322
853 0.602847 0.231217 0.0596153
854 0.602847 0.195787 0.0560732
855 0.602847 0.185482 0.0544661
856 0.602847 0.164042 0.0557808
857 0.602847 0.186269 0.0532511
858 0.602847 0.218322 0.0535173
859 0.602847 0.202895 0.0512673
860 0.602847 0.181949 0.0501032
861 0.602847 0.171581 0.0535961
862 0.602847 0.192082 0.0568484
863 0.602847 0.207338 0.0595277
864 0.602847 0.223001 0.055161
865 0.602847 0.21048 0.0546247
866 0.602847 0.181065 0.0525734
867 0.602847 0.19602 0.0558628
868 0.602847 0.189311 0.0567776
869 0.602847 0.221272 0.0547807
870 0.602847 0.218625 0.0532208
871 0.602847 0.206005 0.0511539
872 0.602847 0.209511 0.0551355
873 0.602847 0.208961 0.0604005
874 0.602847 0.180181 0.0544108
875 0.602847 0.215369 0.058654
876 0.602847 0.235091 0.0557093
877 0.602847 0.214777 0.0519249
878 0.602847 0.237283 0.0582462
879 0.602847 0.253578 0.0577123
880 0.602847 0.250659 0.0554824
881 0.602847 0.250208 0.0554174
882 0.602847 0.21211 0.0566887
883 0.602847 0.21481 0.059199
884 0.602847 0.182057 0.0532218
885 0.602847 0.19202 0.0519797
886 0.602847 0.17899 0.0541133
887 0.602847 0.20509 0.0564005
888 0.602847 0.194914 0.0562665
889 0.602847 0.191849 0.0496578
890 0.602847 0.183567 0.0508377
891 0.602847 0.17756 0.0521527
892 0.602847 0.191148 0.0533178
893 0.602847 0.209732 0.0560851
894 0.602847 0.221593 0.0604748
895 0.602847 0.223006 0.0551416
896 0.602847 0.192673 0.056537
897 0.602847 0.210796 0.0563056
898 0.602847 0.222799 0.0552118
899 0.602847 0.19298 0.0537315
900 0.602847 0.188933 0.0513612
901 0.602847 0.172534 0.0509803
902 0.602847 0.179146 0.052559
903 0.602847 0.17974 0.0517776
904 0.602847 0.197829 0.0543974
905 0.602847 0.19059 0.0472763
906 0.602847 0.162885 0.043937
907 0.602847 0.163799 0.0469542
908 0.602847 0.159189 0.0487263
909 0.602847 0.178285 0.0500114
910 0.602847 0.171506 0.0538056
911 0.602847 0.165173 0.0514693
912 0.602847 0.167031 0.0557442
913 0.602847 0.142668 0.0487391
914 0.602847 0.179397 0.0523265
915 0.602847 0.194672 0.0551718
916 0.602847 0.179255 0.0562352
917 0.602847 0.187707 0.0583467
918 0.602847 0.179646 0.0557449
919 0.602847 0.190468 0.0573904
920 0.602847 0.199222 0.0528312
921 0.602847 0.210017 0.0523773
922 0.602847 0.19653 0.0527679
923 0.602847 0.191467 0.056
924 0.602847 0.194099 0.0559554
925 0.602847 0.211063 0.0553908
926 0.602847 0.182178 0.0542308
927 0.602847 0.191396 0.0578845
928 0.602847 0.176915 0.0481854
929 0.602847 0.191495 0.0522647
930 0.602847 0.197924 0.054656
931 0.602847 0.192666 0.054169
932 0.602847 0.191483 0.0551065
933 0.602847 0.198465 0.0539517
934 0.602847 0.184335 0.051765
935 0.602847 0.219175 0.0547644
936 0.602847 0.228943 0.0511171
937 0.602847 0.21641 0.0505557
938 0.602847 0.179293 0.0468468
939 0.602847 0.174974 0.0488776
940 0.602847 0.203021 0.0547707
941 0.602847 0.210631 0.0574219
942 0.602847 0.199822 0.053765
943 0.602847 0.214396 0.0520515
944 0.602847 0.175977 0.0533697
945 0.602847 0.213257 0.0585404
946 0.602847 0.198766 0.0532314
947 0.602847 0.18577 0.0527434
948 0.602847 0.22015 0.0603721
949 0.602847 0.222191 0.0579819
950 0.602847 0.219374 0.0563727
951 0.602847 0.188422 0.0584293
952 0.602847 0.181175 0.0558243
953 0.602847 0.195853 0.0569502
954 0.602847 0.219948 0.0579132
955 0.602847 0.217915 0.0573245
956 0.602847 0.220483 0.0571544
957 0.602847 0.239468 0.0556755
958 0.602847 0.267235 0.0511788
959 0.602847 0.255806 0.0502007
960 0.602847 0.225499 0.0467514
961 0.602847 0.246045 0.0549793
962 0.602847 0.204042 0.0523073
963 0.602847 0.184653 0.0500089
964 0.602847 0.21127 0.0567281
965 0.602847 0.215091 0.051554
966 0.602847 0.20859 0.0528703
967 0.602847 0.219741 0.0553973
968 0.602847 0.252981 0.0599837
969 0.602847 0.222119 0.0568168
970 0.602847 0.184459 0.0530782
971 0.602847 0.198507 0.0587764
972 0.602847 0.201599 0.0573563
973 0.602847 0.211039 0.0596799
974 0.602847 0.200779 0.0536325
975 0.602847 0.202476 0.0522565
976 0.602847 0.224813 0.0575128
977 0.602847 0.213585 0.0530015
978 0.602847 0.230588 0.052455
979 0.602847 0.244237 0.052964
980 0.602847 0.242117 0.0539316
981 0.602847 0.249714 0.0584854
982 0.602847 0.222196 0.0561252
983 0.602847 0.216926 0.0542876
984 0.602847 0.208392 0.0555819
985 0.602847 0.208042 0.0513191
986 0.602847 0.182295 0.0512396
987 0.602847 0.200914 0.0536976
988 0.602847 0.181954 0.056146
989 0.602847 0.179674 0.0522775
990 0.602847 0.188756 0.056848
991 0.602847 0.207935 0.0561625
992 0.602847 0.223382 0.0592819
993 0.602847 0.236464 0.0570502
994 0.602847 0.207425 0.0546548
995 0.602847 0.20285 0.0557806
996 0.602847 0.188263 0.0522801
997 0.602847 0.175503 0.050747
998 0.602847 0.180663 0.0540441
999 0.602847 0.170909 0.046743
1000 0.602847 0.18864 0.05334
