0 0.125275 0.0625722 0.00387377
1 0.125275 0.0788546 0.00368545
2 0.125275 0.0819245 0.00352616
3 0.125275 0.0951457 0.00287731
4 0.125275 0.0898128 0.00317069
5 0.125275 0.0882217 0.00323882
6 0.125275 0.0976412 0.00271105
7 0.125275 0.0901376 0.00318562
8 0.125275 0.102677 0.00232515
9 0.125275 0.102974 0.00226931
10 0.125275 0.103041 0.0022589
11 0.125275 0.10526 0.00209898
12 0.125275 0.0983562 0.00259913
13 0.304907 0.110089 0.00218696
14 0.304907 0.111297 0.00206319
15 0.304907 0.113282 0.00190093
16 0.304907 0.104013 0.00269115
17 0.304907 0.107121 0.00248191
18 0.304907 0.105817 0.00258412
19 0.304907 0.108534 0.00234298
20 0.304907 0.116527 0.00195225
21 0.304907 0.109789 0.00267166
22 0.304907 0.114249 0.00216906
23 0.304907 0.115128 0.00210858
24 0.367006 0.114764 0.0030642
25 0.367006 0.114592 0.00307565
26 0.367006 0.112111 0.00335258
27 0.367006 0.118362 0.00268674
28 0.367006 0.119966 0.00292085
29 0.367006 0.116233 0.00365146
30 0.367006 0.11613 0.00367418
31 0.367006 0.117381 0.00353719
32 0.367006 0.118312 0.00419145
33 0.367006 0.123354 0.00396799
34 0.367006 0.126956 0.00478555
35 0.372936 0.121157 0.00642555
36 0.376883 0.123623 0.0070916
37 0.376883 0.118564 0.00836848
38 0.467499 0.121805 0.00931069
39 0.467499 0.133029 0.012201
40 0.467499 0.122022 0.014451
41 0.500576 0.118592 0.016257
41 0.479488 0.0583463 0.018721
42 0.479488 0.0582326 0.0186893
43 0.479488 0.0600052 0.0205355
44 0.479488 0.0632823 0.0206417
45 0.479488 0.0722153 0.0238596
46 0.479488 0.0680785 0.0238219
47 0.479488 0.0602592 0.0222593
48 0.479488 0.0813604 0.0256199
49 0.479488 0.0728384 0.0232052
50 0.479488 0.0738044 0.0240164
51 0.479488 0.0746158 0.023802
52 0.490786 0.0814357 0.0246221
53 0.519795 0.0794472 0.0246585
54 0.519795 0.0786617 0.0267054
55 0.519795 0.0661867 0.0235401
56 0.538976 0.0834597 0.0290905
57 0.538976 0.0766561 0.0274239
58 0.538976 0.0847756 0.0279965
59 0.538976 0.0949108 0.0311809
60 0.538976 0.101274 0.0335033
61 0.538976 0.0871041 0.0297646
62 0.538976 0.10082 0.0328479
63 0.538976 0.1164 0.0360663
64 0.538976 0.096681 0.0319828
65 0.569513 0.111551 0.0371932
66 0.569513 0.10004 0.0338598
67 0.569513 0.0990163 0.035194
68 0.569513 0.105628 0.0361839
69 0.569513 0.117336 0.0373009
70 0.569513 0.111075 0.034179
71 0.569513 0.122225 0.0388227
72 0.569513 0.114694 0.0348399
73 0.569513 0.116713 0.0349959
74 0.569513 0.116457 0.0402016
75 0.569513 0.119919 0.0388749
76 0.569513 0.101171 0.0361419
77 0.569513 0.104891 0.0343211
78 0.569513 0.0998691 0.0356226
79 0.569513 0.0940008 0.0343717
80 0.569513 0.103665 0.0331141
81 0.569513 0.0922381 0.0325211
82 0.569513 0.124134 0.0400609
83 0.569513 0.116819 0.0374035
84 0.569513 0.105592 0.0358259
85 0.572549 0.113969 0.0389904
86 0.572549 0.106843 0.0353929
87 0.572549 0.110005 0.0360764
88 0.572549 0.113046 0.0386251
89 0.572549 0.0980277 0.0361484
90 0.572549 0.111608 0.0391277
91 0.572549 0.0978163 0.034943
92 0.572549 0.11606 0.0384269
93 0.572549 0.0992305 0.0343747
94 0.572549 0.107407 0.0360968
95 0.572549 0.116995 0.0366355
96 0.572549 0.125218 0.0398999
97 0.572549 0.108444 0.0380236
98 0.572549 0.106007 0.0360178
99 0.572549 0.116792 0.0375362
100 0.572549 0.113594 0.03832
101 0.572549 0.121876 0.0430777
102 0.572549 0.114081 0.0408924
103 0.581269 0.11379 0.0397195
104 0.581269 0.119013 0.0437908
105 0.581269 0.11229 0.0402052
106 0.581269 0.121981 0.0408358
107 0.581269 0.125341 0.0430908
108 0.581269 0.107718 0.0379408
109 0.581269 0.102982 0.0381816
110 0.581269 0.118484 0.0426554
111 0.581269 0.107314 0.0391987
112 0.581269 0.115797 0.0420512
113 0.581269 0.0980997 0.0365744
114 0.581269 0.118786 0.0399358
115 0.581269 0.0867192 0.0332041
116 0.581269 0.121075 0.0403943
117 0.581269 0.117898 0.0386439
118 0.581269 0.136886 0.0430176
119 0.581269 0.12053 0.0407779
120 0.581269 0.11549 0.0381732
121 0.581269 0.123625 0.0379427
122 0.581269 0.139326 0.0405077
123 0.581269 0.123922 0.0414508
124 0.581269 0.12883 0.0388348
125 0.581269 0.12179 0.0417241
126 0.581269 0.120693 0.0407043
127 0.581269 0.11871 0.0396347
128 0.581269 0.115223 0.0404021
129 0.581269 0.119127 0.039244
130 0.581269 0.119883 0.039776
131 0.581269 0.13571 0.0394448
132 0.581269 0.109268 0.0363035
133 0.581269 0.115483 0.0365665
134 0.581269 0.124502 0.0393579
135 0.583153 0.10677 0.0367585
136 0.583153 0.104007 0.0373217
137 0.583153 0.109696 0.035808
138 0.583153 0.132161 0.043143
139 0.583153 0.111254 0.0361446
140 0.583153 0.0978391 0.0349468
141 0.583153 0.0923994 0.0351298
142 0.583153 0.110529 0.0410599
143 0.583153 0.108347 0.0361622
144 0.583153 0.111263 0.036634
145 0.583153 0.11166 0.037512
146 0.583153 0.122945 0.039784
147 0.583153 0.117133 0.0424021
148 0.583153 0.0874497 0.0323741
149 0.583153 0.103197 0.0393747
150 0.583153 0.0995156 0.0357412
151 0.583153 0.093095 0.0353156
152 0.583153 0.101535 0.0378658
153 0.583153 0.116484 0.0372173
154 0.583153 0.113409 0.0369254
155 0.583153 0.113573 0.0379158
156 0.583153 0.127859 0.0420865
157 0.583153 0.115929 0.0387318
158 0.583153 0.14264 0.0435734
159 0.583153 0.125134 0.0385909
160 0.583153 0.133543 0.0396966
161 0.583153 0.141643 0.0448274
162 0.583153 0.109921 0.0376987
163 0.583153 0.115105 0.0392974
164 0.583153 0.123023 0.0381413
165 0.583153 0.124699 0.0446909
166 0.583153 0.110055 0.03924
167 0.583153 0.105867 0.0393016
168 0.583153 0.118042 0.0409405
169 0.583153 0.11937 0.0388093
170 0.583153 0.0924624 0.0331483
171 0.583153 0.120295 0.040563
172 0.583153 0.116483 0.0386166
173 0.583153 0.134106 0.0408778
174 0.583153 0.154574 0.0443767
175 0.591042 0.154725 0.047075
176 0.591042 0.121183 0.0423908
177 0.591042 0.116081 0.0407881
178 0.591042 0.125544 0.0398678
179 0.591042 0.119865 0.0400038
180 0.591042 0.114996 0.0411927
181 0.591042 0.142851 0.0416993
182 0.591042 0.128847 0.0414939
183 0.591042 0.141869 0.0451452
184 0.591042 0.136426 0.0419809
185 0.591042 0.12835 0.0400861
186 0.591042 0.140821 0.0422976
187 0.591042 0.107222 0.0350277
188 0.591042 0.107564 0.0371113
189 0.591042 0.108553 0.0346722
190 0.591042 0.120117 0.03678
191 0.591042 0.11128 0.0378856
192 0.591042 0.11544 0.0407798
193 0.591042 0.127973 0.0430361
194 0.591042 0.133217 0.0430611
195 0.591042 0.124296 0.0421342
196 0.591042 0.107101 0.038786
197 0.591042 0.0949696 0.0362693
198 0.591042 0.114794 0.0431629
199 0.591042 0.116599 0.0421791
200 0.591042 0.125171 0.0451943
201 0.591042 0.114198 0.0417416
202 0.591042 0.111846 0.0399701
203 0.591042 0.0941674 0.035067
204 0.591042 0.118938 0.0417784
205 0.591042 0.120102 0.0380312
206 0.591042 0.112369 0.0385752
207 0.591042 0.110979 0.0396837
208 0.591042 0.118163 0.039705
209 0.591042 0.128094 0.0408257
210 0.591042 0.114105 0.0394262
211 0.591042 0.118583 0.0429552
212 0.591042 0.126504 0.0426383
213 0.591042 0.137438 0.0461895
214 0.591042 0.144434 0.0461104
215 0.591042 0.1387 0.0465267
216 0.591042 0.12467 0.042235
217 0.591042 0.108762 0.0385952
218 0.591042 0.115563 0.0419139
219 0.591042 0.115305 0.0435895
220 0.591042 0.106427 0.0391869
221 0.593956 0.133726 0.045032
222 0.593956 0.1176 0.0415176
223 0.593956 0.111361 0.0414328
224 0.593956 0.104841 0.0371681
225 0.593956 0.121481 0.0419918
226 0.593956 0.108618 0.0390513
227 0.593956 0.105779 0.0357276
228 0.593956 0.100618 0.0357784
229 0.593956 0.121485 0.0409256
230 0.593956 0.101357 0.0381724
231 0.593956 0.119542 0.0438498
232 0.593956 0.113078 0.0409307
233 0.593956 0.116861 0.0445233
234 0.593956 0.109188 0.0373667
235 0.593956 0.14222 0.0475038
236 0.593956 0.128006 0.0424422
237 0.593956 0.127794 0.0425978
238 0.593956 0.125194 0.0411661
239 0.593956 0.104792 0.0369907
240 0.593956 0.106065 0.0404297
241 0.593956 0.0944422 0.0357913
242 0.593956 0.114843 0.0401928
243 0.593956 0.122479 0.0408632
244 0.593956 0.100515 0.0375228
245 0.593956 0.0981199 0.0383401
246 0.593956 0.106468 0.0379098
247 0.593956 0.145172 0.0429356
248 0.593956 0.113989 0.0395074
249 0.593956 0.11204 0.0382482
250 0.593956 0.104773 0.0387403
251 0.593956 0.114987 0.0391131
252 0.593956 0.115254 0.04261
253 0.593956 0.0972067 0.0348949
254 0.593956 0.118003 0.0414356
255 0.593956 0.122643 0.0393863
256 0.593956 0.14492 0.0472413
257 0.593956 0.125791 0.0416645
258 0.593956 0.116759 0.0409571
259 0.593956 0.106003 0.0375281
260 0.593956 0.11368 0.0370342
261 0.593956 0.120885 0.0376431
262 0.593956 0.128955 0.0413225
263 0.594946 0.130312 0.0390792
264 0.594946 0.135528 0.0426654
265 0.594946 0.137454 0.0441543
266 0.594946 0.130134 0.0417738
267 0.594946 0.142543 0.0444589
268 0.594946 0.133387 0.0405642
269 0.594946 0.145534 0.0458494
270 0.594946 0.136031 0.0431764
271 0.594946 0.135585 0.0447743
272 0.594946 0.119877 0.0413193
273 0.594946 0.108925 0.0385216
274 0.594946 0.101461 0.0378501
275 0.594946 0.121243 0.0378251
276 0.594946 0.126301 0.0407907
277 0.594946 0.110738 0.0377579
278 0.594946 0.0931348 0.0351742
279 0.594946 0.101474 0.0390063
280 0.594946 0.103795 0.0372371
281 0.594946 0.125004 0.0425822
282 0.594946 0.113055 0.0376981
283 0.594946 0.133041 0.041791
284 0.594946 0.12579 0.0431265
285 0.594946 0.10987 0.0401124
286 0.594946 0.129571 0.0423763
287 0.594946 0.107539 0.0374282
288 0.594946 0.116959 0.0416972
289 0.594946 0.106521 0.039968
290 0.594946 0.114594 0.0415495
291 0.594946 0.122531 0.0431567
292 0.594946 0.114638 0.0399408
293 0.594946 0.118216 0.0382559
294 0.594946 0.121348 0.039984
295 0.594946 0.11524 0.0429221
296 0.594946 0.0912313 0.0375172
297 0.594946 0.0986257 0.0395465
298 0.594946 0.100206 0.0392511
299 0.594946 0.103635 0.0403613
300 0.594946 0.113445 0.0404597
301 0.594946 0.110524 0.0394561
302 0.594946 0.0974834 0.0391177
303 0.594946 0.10471 0.0398067
304 0.594946 0.1173 0.0401675
305 0.594946 0.116424 0.0365284
306 0.594946 0.123103 0.0426106
307 0.594946 0.137124 0.0427714
308 0.594946 0.124873 0.0420825
309 0.594946 0.104593 0.0379791
310 0.594946 0.101006 0.0409495
311 0.594946 0.118314 0.043587
312 0.594946 0.133039 0.0427313
313 0.595199 0.149074 0.0522187
314 0.595199 0.12689 0.0452723
315 0.595199 0.12133 0.0427156
316 0.595199 0.110042 0.0407297
317 0.595199 0.121765 0.0454693
318 0.595199 0.132064 0.047441
319 0.595199 0.121736 0.0420367
320 0.595199 0.133428 0.0450144
321 0.595199 0.141985 0.0447217
322 0.596214 0.130789 0.0436266
323 0.596214 0.138685 0.0476528
324 0.596214 0.0993084 0.0360419
325 0.596214 0.0922976 0.0369362
326 0.596214 0.125108 0.0406802
327 0.596214 0.130443 0.0482231
328 0.596214 0.10664 0.0384146
329 0.596214 0.130084 0.0413026
330 0.596214 0.126975 0.0429046
331 0.596214 0.131755 0.0446447
332 0.596214 0.141419 0.0464759
333 0.596214 0.133454 0.0435804
334 0.596214 0.120815 0.0397981
335 0.596214 0.117174 0.0410419
336 0.596214 0.104965 0.0390587
337 0.596214 0.107785 0.0427882
338 0.596214 0.107028 0.0400465
339 0.596214 0.107178 0.0379284
340 0.596214 0.128196 0.0434165
341 0.596214 0.126064 0.0414072
342 0.596214 0.146689 0.0453022
343 0.596214 0.103582 0.0363992
344 0.596214 0.124982 0.0395005
345 0.596214 0.129824 0.040244
346 0.596214 0.119717 0.0387071
347 0.596214 0.0990894 0.0355887
348 0.596214 0.10715 0.0368908
349 0.596214 0.128377 0.0376809
350 0.596214 0.124597 0.0391756
351 0.596214 0.119102 0.0437313
352 0.596214 0.10169 0.0398461
353 0.596214 0.101782 0.037702
354 0.596214 0.0941367 0.0372737
355 0.596214 0.107704 0.0384757
356 0.596214 0.111231 0.0423576
357 0.596214 0.120586 0.0366086
358 0.596214 0.113488 0.0396144
359 0.596214 0.116327 0.0362903
360 0.596214 0.122043 0.0395694
361 0.596214 0.115017 0.0411519
362 0.596214 0.110733 0.0376626
363 0.596214 0.106027 0.0359324
364 0.596214 0.148951 0.0474179
365 0.596214 0.1213 0.0414116
366 0.596214 0.130048 0.0428178
367 0.596214 0.117485 0.0391846
368 0.596214 0.103055 0.0382119
369 0.596214 0.104865 0.041233
370 0.596214 0.115 0.041292
371 0.596214 0.126627 0.0429912
372 0.596214 0.115906 0.0381685
373 0.596214 0.122931 0.0415307
374 0.596214 0.124802 0.0421277
375 0.596214 0.112938 0.0367315
376 0.596214 0.134138 0.0426617
377 0.596214 0.117087 0.0386878
378 0.596214 0.131491 0.0453698
379 0.596214 0.145906 0.0489088
380 0.596214 0.115892 0.0373869
381 0.596214 0.13397 0.0423871
382 0.596214 0.110002 0.0384211
383 0.596214 0.110022 0.0387977
384 0.596214 0.117257 0.0409243
385 0.596214 0.143038 0.044517
386 0.596214 0.125582 0.0417179
387 0.596214 0.134398 0.0445361
388 0.596214 0.144093 0.044976
389 0.596214 0.134848 0.0436069
390 0.596214 0.125588 0.0407259
391 0.596214 0.128816 0.0431606
392 0.596214 0.136434 0.0457007
393 0.596214 0.113357 0.0417919
394 0.596214 0.116226 0.0370061
395 0.596214 0.128973 0.042225
396 0.596214 0.13035 0.0427122
397 0.596214 0.117831 0.0344111
398 0.596214 0.109104 0.0391812
399 0.596214 0.124327 0.0427367
400 0.596214 0.106023 0.0402804
401 0.596214 0.105166 0.0387699
402 0.596214 0.0894631 0.0363387
403 0.596214 0.106277 0.0402747
404 0.596214 0.108501 0.0377583
405 0.596214 0.113562 0.0399471
406 0.596214 0.106016 0.0370847
407 0.596214 0.112856 0.0397139
408 0.596214 0.123181 0.0446419
409 0.596214 0.106431 0.0416471
410 0.596214 0.0992213 0.0386605
411 0.596214 0.0883086 0.0345868
412 0.596214 0.102113 0.0365716
413 0.596214 0.11535 0.0405704
414 0.596214 0.115709 0.0421573
415 0.596214 0.105354 0.0368728
416 0.596214 0.11578 0.0362126
417 0.596214 0.116616 0.0387231
418 0.596214 0.125548 0.0444359
419 0.596214 0.103374 0.037949
420 0.596214 0.129401 0.0456675
421 0.596214 0.138828 0.0472765
422 0.596214 0.121822 0.0413122
423 0.596214 0.115967 0.0391596
424 0.596214 0.126227 0.0412253
425 0.596214 0.125658 0.0415381
426 0.596214 0.120446 0.0430261
427 0.596214 0.0957542 0.0352566
428 0.596214 0.111701 0.039682
429 0.596214 0.115432 0.0392884
430 0.596214 0.151802 0.0452078
431 0.596214 0.122565 0.040981
432 0.596214 0.102797 0.0355121
433 0.596214 0.0961898 0.033822
434 0.596214 0.109481 0.0377175
435 0.596214 0.117829 0.0388843
436 0.596214 0.122105 0.0404803
437 0.596214 0.127159 0.0434949
438 0.596214 0.124489 0.0406155
439 0.596214 0.116353 0.0381073
440 0.596214 0.12979 0.0442837
441 0.596214 0.124176 0.0427956
442 0.596214 0.133926 0.0443795
443 0.596214 0.11443 0.0361206
444 0.596214 0.130806 0.04098
445 0.596214 0.119087 0.039238
446 0.596214 0.120758 0.0392707
447 0.596214 0.112167 0.039047
448 0.596214 0.133942 0.0420934
449 0.596214 0.103077 0.0369123
450 0.596214 0.094706 0.0381545
451 0.596214 0.10214 0.0425379
452 0.596214 0.0897951 0.0367049
453 0.596214 0.100245 0.0373093
454 0.596214 0.12835 0.0425541
455 0.596214 0.121783 0.040115
456 0.596214 0.111319 0.0392022
457 0.596214 0.121432 0.0422841
458 0.596214 0.12693 0.0415056
459 0.596214 0.114056 0.0383574
460 0.596214 0.113645 0.0385172
461 0.596214 0.124456 0.0412908
462 0.596214 0.130397 0.0419599
463 0.596214 0.131252 0.041483
464 0.596214 0.108276 0.0341489
465 0.596214 0.118013 0.038659
466 0.596214 0.132237 0.0418071
467 0.596214 0.122181 0.041474
468 0.596214 0.119436 0.0406952
469 0.596214 0.10572 0.0387303
470 0.596214 0.122013 0.041453
471 0.596214 0.137246 0.04726
472 0.596214 0.104919 0.0367462
473 0.596214 0.115545 0.0407722
474 0.596214 0.11496 0.0410976
475 0.596214 0.117858 0.0427593
476 0.596214 0.13763 0.0447686
477 0.596214 0.143233 0.0425218
478 0.596214 0.135601 0.0385103
479 0.596214 0.142027 0.0427872
480 0.596214 0.114837 0.0367451
481 0.596214 0.110375 0.038984
482 0.596214 0.123343 0.0411514
483 0.596214 0.125563 0.041573
484 0.596214 0.124175 0.0393375
485 0.596214 0.123101 0.0402065
486 0.596214 0.115733 0.0399589
487 0.596214 0.149964 0.0429204
488 0.596214 0.148133 0.0463146
489 0.596214 0.133063 0.0428885
490 0.596214 0.127498 0.0435149
491 0.596214 0.100495 0.0369474
492 0.596214 0.117107 0.0408897
493 0.596214 0.116038 0.0392883
494 0.596214 0.134237 0.0451589
495 0.596214 0.137435 0.0477476
496 0.596214 0.123759 0.0419697
497 0.596214 0.114401 0.040032
498 0.596214 0.112881 0.0371443
499 0.596214 0.136415 0.0448736
500 0.596214 0.141065 0.0426845
501 0.596214 0.107804 0.0384484
502 0.596214 0.0939889 0.0352287
503 0.596214 0.103488 0.0385692
504 0.596214 0.108617 0.0398614
505 0.596214 0.102319 0.0380969
506 0.596214 0.109186 0.0431928
507 0.596214 0.117627 0.0412822
508 0.596214 0.114901 0.0420512
509 0.596214 0.126313 0.0409386
510 0.596214 0.135699 0.0458556
511 0.596214 0.104009 0.0423137
512 0.596214 0.126895 0.0431121
513 0.596214 0.120781 0.0432503
514 0.596214 0.110826 0.0412876
515 0.596214 0.124164 0.0436238
516 0.596214 0.128848 0.0444526
517 0.596214 0.118818 0.0407627
518 0.596214 0.122302 0.0405972
519 0.596214 0.130854 0.0438656
520 0.596214 0.134704 0.0424604
521 0.596214 0.127185 0.0434735
522 0.596214 0.132759 0.0448275
523 0.596214 0.123105 0.0419184
524 0.596214 0.114171 0.0395277
525 0.596214 0.0934995 0.03854
526 0.596214 0.109002 0.0399509
527 0.596214 0.100537 0.0381459
528 0.596214 0.110659 0.0390184
529 0.596214 0.126619 0.043531
530 0.596214 0.130346 0.0440202
531 0.596214 0.133421 0.0394452
532 0.596214 0.130108 0.0409815
533 0.596214 0.116276 0.0400321
534 0.596214 0.112039 0.0392137
535 0.596214 0.12408 0.0446725
536 0.596214 0.0935662 0.0341724
537 0.596214 0.100066 0.0374901
538 0.596214 0.100856 0.0385312
539 0.596214 0.0967693 0.0394334
540 0.596214 0.119208 0.0456691
541 0.596214 0.113364 0.0410427
542 0.596214 0.110971 0.0398317
543 0.596214 0.109548 0.039611
544 0.596214 0.106284 0.038118
545 0.596214 0.143525 0.0433862
546 0.596214 0.135452 0.0403147
547 0.596214 0.138376 0.0418938
548 0.596214 0.123518 0.0410077
549 0.596214 0.117607 0.0392665
550 0.596214 0.110993 0.0366184
551 0.596214 0.108272 0.0403209
552 0.596214 0.119635 0.0414858
553 0.596214 0.135021 0.0429237
554 0.596214 0.132163 0.0390646
555 0.596214 0.151328 0.0450543
556 0.596214 0.125517 0.0386616
557 0.596214 0.114867 0.0404059
558 0.596214 0.123107 0.0435636
559 0.596214 0.125472 0.0423228
560 0.596214 0.130298 0.0446374
561 0.596214 0.13415 0.0459411
562 0.596214 0.132287 0.0435183
563 0.596214 0.113317 0.0392563
564 0.596214 0.123269 0.0404933
565 0.596214 0.105364 0.0375317
566 0.596214 0.10658 0.0363679
567 0.596214 0.155726 0.0471392
568 0.596214 0.141306 0.0411666
569 0.596214 0.118829 0.0418778
570 0.596214 0.150428 0.0467158
571 0.596214 0.133388 0.0441634
572 0.596214 0.108747 0.0412045
573 0.596214 0.116496 0.0386614
574 0.596214 0.101018 0.036677
575 0.596214 0.0909446 0.0358963
576 0.596214 0.100289 0.0364932
577 0.596214 0.108819 0.0392402
578 0.596214 0.112818 0.0404893
579 0.596214 0.127337 0.0417217
580 0.596214 0.107837 0.0388366
581 0.596214 0.111613 0.0429819
582 0.596214 0.138924 0.0433616
583 0.596214 0.108081 0.0368046
584 0.596214 0.11044 0.0366565
585 0.596214 0.125935 0.0425784
586 0.596214 0.11241 0.0376689
587 0.596214 0.113815 0.0377552
588 0.596214 0.11379 0.0422506
589 0.596214 0.12233 0.043234
590 0.596214 0.11335 0.0413957
591 0.596214 0.113981 0.0442234
592 0.596214 0.111116 0.0383628
593 0.596214 0.104865 0.0385381
594 0.596214 0.0999676 0.0369043
595 0.596214 0.110442 0.0369795
596 0.596214 0.111454 0.0381024
597 0.596214 0.115004 0.0372125
598 0.596214 0.107431 0.0383495
599 0.596214 0.10567 0.0369075
600 0.596214 0.114915 0.043941
601 0.596214 0.119972 0.0405304
602 0.596214 0.123456 0.0424937
603 0.596214 0.120648 0.0408347
604 0.596214 0.106358 0.0387147
605 0.596214 0.120926 0.0410592
606 0.596214 0.127612 0.0456557
607 0.596214 0.109855 0.0428182
608 0.596214 0.120261 0.0418656
609 0.596214 0.112033 0.0367633
610 0.596214 0.118208 0.0402242
611 0.596214 0.109252 0.0372279
612 0.596214 0.123642 0.0429515
613 0.596214 0.103842 0.0360836
614 0.596214 0.109017 0.0343746
615 0.596214 0.127395 0.0405324
616 0.596214 0.135174 0.0417461
617 0.596214 0.123323 0.0382956
618 0.596214 0.126602 0.0436554
619 0.596214 0.121616 0.043421
620 0.596214 0.11311 0.0387636
621 0.596214 0.118206 0.042519
622 0.596214 0.12047 0.0396065
623 0.596214 0.118218 0.0410447
624 0.596214 0.131189 0.0435717
625 0.596214 0.102312 0.0375211
626 0.596214 0.125106 0.0442024
627 0.596214 0.0939643 0.0348675
628 0.596214 0.100745 0.0349417
629 0.596214 0.105609 0.0394128
630 0.596214 0.11442 0.0362237
631 0.596214 0.124463 0.0428112
632 0.596214 0.141647 0.0438314
633 0.596214 0.12617 0.0437845
634 0.596214 0.124652 0.0431221
635 0.596214 0.123927 0.0425023
636 0.596214 0.114006 0.0421587
637 0.596214 0.143793 0.0467296
638 0.596214 0.135911 0.0444613
639 0.596214 0.114001 0.041457
640 0.596214 0.1252 0.0430543
641 0.596214 0.126076 0.0415234
642 0.596214 0.137433 0.0470249
643 0.596214 0.136981 0.0443645
644 0.596214 0.148631 0.0461213
645 0.596214 0.136361 0.0442623
646 0.596214 0.119345 0.0391196
647 0.596214 0.118533 0.03585
648 0.596214 0.123252 0.0398515
649 0.596214 0.128201 0.0427254
650 0.596214 0.117951 0.0402207
651 0.596214 0.102188 0.0365374
652 0.596214 0.107425 0.0412737
653 0.596214 0.10812 0.0392225
654 0.596214 0.11811 0.0400394
655 0.596214 0.114631 0.0393159
656 0.596214 0.13431 0.0438816
657 0.596214 0.126612 0.0443663
658 0.596214 0.115996 0.04177
659 0.596214 0.100581 0.0353117
660 0.596214 0.111592 0.0371979
661 0.596214 0.133752 0.0407893
662 0.596214 0.143185 0.0419079
663 0.596214 0.111233 0.0411954
664 0.596214 0.114182 0.0434522
665 0.596214 0.113073 0.0432787
666 0.596214 0.0957174 0.0368238
667 0.596214 0.102525 0.0388802
668 0.596214 0.0940262 0.0331289
669 0.596214 0.0937537 0.0363241
670 0.596214 0.106659 0.0401149
671 0.596214 0.116099 0.0380377
672 0.596214 0.127404 0.0404658
673 0.596214 0.134131 0.0451053
674 0.596214 0.104729 0.0390274
675 0.596214 0.119512 0.0400786
676 0.596214 0.110268 0.0385412
677 0.596214 0.118613 0.0435553
678 0.596214 0.10155 0.0393282
679 0.596214 0.103945 0.0402853
680 0.596214 0.113583 0.0434662
681 0.596214 0.112706 0.039968
682 0.596214 0.137633 0.0430345
683 0.596214 0.102515 0.0365671
684 0.596214 0.0911995 0.033773
685 0.596214 0.111527 0.0433963
686 0.596214 0.118281 0.0433042
687 0.596214 0.116898 0.0450376
688 0.596214 0.12289 0.0437532
689 0.596214 0.109972 0.0397246
690 0.596214 0.123909 0.0471082
691 0.596214 0.121978 0.0423316
692 0.596214 0.119031 0.0412147
693 0.596214 0.140683 0.0474232
694 0.596214 0.140072 0.0438758
695 0.596214 0.134238 0.0433602
696 0.596214 0.126448 0.0404673
697 0.596214 0.134736 0.0433099
698 0.596214 0.121412 0.0375669
699 0.596214 0.118512 0.0381231
700 0.596214 0.112645 0.0400841
701 0.596214 0.107541 0.0400291
702 0.596214 0.10254 0.0387968
703 0.596214 0.123423 0.041585
704 0.596214 0.109392 0.0412049
705 0.596214 0.103951 0.0371777
706 0.596214 0.0975231 0.0379179
707 0.596214 0.121699 0.0397314
708 0.596214 0.13212 0.0410148
709 0.596214 0.13479 0.0412994
710 0.596214 0.124188 0.0414019
711 0.596214 0.120542 0.0421975
712 0.596214 0.129531 0.0411191
713 0.596214 0.113124 0.0381062
714 0.596214 0.105157 0.0409352
715 0.596214 0.129979 0.0426573
716 0.596214 0.107912 0.0388986
717 0.596214 0.0976155 0.0377326
718 0.596214 0.109113 0.0381189
719 0.596214 0.103624 0.0371536
720 0.596214 0.142491 0.0438885
721 0.596214 0.129624 0.0423363
722 0.596214 0.100536 0.0362707
723 0.596214 0.107289 0.0392186
724 0.596214 0.11472 0.0382694
725 0.596214 0.124044 0.0430234
726 0.596214 0.122297 0.0385
727 0.596214 0.107524 0.0385645
728 0.596214 0.102586 0.0381165
729 0.596214 0.134668 0.0468556
730 0.596214 0.121767 0.041691
731 0.596214 0.122552 0.0419667
732 0.596214 0.127061 0.0423876
733 0.596214 0.110875 0.0398542
734 0.596214 0.116686 0.0410247
735 0.596214 0.11476 0.0420949
736 0.596214 0.126248 0.0384095
737 0.596214 0.117162 0.036601
738 0.596214 0.13769 0.0384667
739 0.596214 0.113146 0.0364523
740 0.596214 0.149308 0.0460193
741 0.596214 0.142882 0.0433418
742 0.596214 0.130732 0.0400565
743 0.596214 0.115103 0.0395197
744 0.596214 0.123443 0.0460312
745 0.596214 0.129867 0.046007
746 0.596214 0.128947 0.0454489
747 0.596214 0.108605 0.0378156
748 0.596214 0.110308 0.0402187
749 0.596214 0.101848 0.0396929
750 0.596214 0.114777 0.0418433
751 0.596214 0.124461 0.0446633
752 0.596214 0.113428 0.0416638
753 0.596214 0.0997411 0.0371344
754 0.596214 0.126473 0.04515
755 0.596214 0.115926 0.0410454
756 0.596214 0.0936451 0.0365093
757 0.596214 0.117797 0.0403448
758 0.596214 0.101033 0.0338579
759 0.596214 0.0984904 0.0366895
760 0.596214 0.1015 0.0378128
761 0.596214 0.11131 0.0422533
762 0.596214 0.118481 0.0421575
763 0.596214 0.119079 0.043738
764 0.596214 0.147291 0.0465493
765 0.596214 0.152342 0.0443122
766 0.596214 0.145902 0.0426491
767 0.596214 0.147609 0.0445178
768 0.596214 0.146568 0.0468955
769 0.596214 0.104915 0.0377624
770 0.596214 0.124419 0.0394828
771 0.596214 0.144853 0.0430456
772 0.596214 0.136913 0.0458685
773 0.596214 0.0970741 0.0356531
774 0.596214 0.13012 0.0449252
775 0.596214 0.109578 0.0367212
776 0.596214 0.110075 0.0368315
777 0.596214 0.114135 0.036572
778 0.596214 0.111817 0.0388495
779 0.596214 0.136369 0.0429528
780 0.596214 0.108788 0.0371215
781 0.596214 0.133398 0.0430652
782 0.596214 0.113367 0.0368324
783 0.596214 0.120153 0.0411511
784 0.596214 0.126286 0.0400428
785 0.596214 0.128127 0.0466763
786 0.596214 0.112976 0.0408396
787 0.596214 0.116118 0.0368247
788 0.596214 0.105128 0.0362748
789 0.596214 0.107066 0.0405695
790 0.596214 0.109768 0.0413911
791 0.596214 0.0997206 0.0399725
792 0.596214 0.107409 0.0390571
793 0.596214 0.0894801 0.0386854
794 0.596214 0.11844 0.0454199
795 0.596214 0.123463 0.0456383
796 0.596214 0.123457 0.0447715
797 0.596214 0.104994 0.03891
798 0.596214 0.124772 0.0443848
799 0.596214 0.116978 0.0420704
800 0.596214 0.124805 0.044441
801 0.596214 0.117568 0.0404665
802 0.596214 0.111823 0.0380601
803 0.596214 0.0995368 0.037831
804 0.596214 0.11509 0.044005
805 0.596214 0.124131 0.0435787
806 0.596214 0.124655 0.0443055
807 0.596214 0.122932 0.0440482
808 0.596214 0.105658 0.0392574
809 0.596214 0.0939031 0.0358363
810 0.596214 0.121601 0.0458823
811 0.596214 0.107816 0.0383362
812 0.596214 0.10401 0.0401571
813 0.596214 0.0925686 0.036201
814 0.596214 0.107303 0.0402061
815 0.596214 0.0966278 0.0370906
816 0.596214 0.098884 0.0393929
817 0.596214 0.0913508 0.0360712
818 0.596214 0.127518 0.0467916
819 0.596214 0.123663 0.0432608
820 0.596214 0.121624 0.04313
821 0.596214 0.11727 0.0421595
822 0.596214 0.132316 0.0429146
823 0.596214 0.135045 0.03956
824 0.596214 0.124028 0.0403406
825 0.596214 0.11315 0.0361726
826 0.596214 0.125532 0.0413713
827 0.596214 0.100699 0.0350275
828 0.596214 0.113093 0.0387597
829 0.596214 0.0966737 0.0369075
830 0.596214 0.11765 0.0420185
831 0.596214 0.125305 0.0429869
832 0.596214 0.11879 0.0419878
833 0.596214 0.121302 0.0411161
834 0.596214 0.138687 0.0428959
835 0.596214 0.113929 0.0396335
836 0.596214 0.119115 0.0407377
837 0.596214 0.114994 0.04086
838 0.596214 0.130552 0.0420994
839 0.596214 0.116364 0.0415858
840 0.596214 0.130397 0.0411651
841 0.596214 0.131098 0.0429108
842 0.596214 0.146231 0.0419722
843 0.596214 0.128871 0.0459867
844 0.596214 0.106197 0.038612
845 0.596214 0.110478 0.0389653
846 0.596214 0.114393 0.0405868
847 0.596214 0.122583 0.0410036
848 0.596214 0.125288 0.0417984
849 0.596214 0.124816 0.0388248
850 0.596214 0.119628 0.0426331
851 0.596214 0.113442 0.0407475
852 0.596214 0.125634 0.0458643
853 0.596214 0.130421 0.0448464
854 0.596214 0.11294 0.0397348
855 0.596214 0.10399 0.0367194
856 0.596214 0.124703 0.0406039
857 0.596214 0.115183 0.0402347
858 0.596214 0.0947622 0.0350598
859 0.596214 0.113172 0.0386269
860 0.596214 0.141172 0.0472203
861 0.596214 0.120635 0.0428451
862 0.596214 0.10832 0.0410319
863 0.596214 0.128403 0.045369
864 0.596214 0.126139 0.0423522
865 0.596214 0.152388 0.0477833
866 0.596214 0.125821 0.0395979
867 0.596214 0.123459 0.0414714
868 0.596214 0.103485 0.0353792
869 0.596214 0.105688 0.0397852
870 0.596214 0.100737 0.0365853
871 0.596214 0.0944112 0.0361778
872 0.596214 0.122794 0.0451959
873 0.596214 0.118498 0.0417602
874 0.596214 0.120655 0.0421813
875 0.596214 0.102646 0.0380269
876 0.596214 0.101783 0.0358503
877 0.596214 0.112751 0.0403466
878 0.596214 0.115462 0.040703
879 0.596214 0.11556 0.0405121
880 0.596214 0.0948476 0.0348083
881 0.596214 0.105899 0.0393679
882 0.596214 0.112468 0.0433434
883 0.596214 0.0979789 0.0367823
884 0.596214 0.106392 0.0390637
885 0.596214 0.100817 0.0392243
886 0.596214 0.127198 0.0417086
887 0.596214 0.106901 0.0375381
888 0.596214 0.103258 0.0368816
889 0.596214 0.116739 0.0407445
890 0.596214 0.122193 0.0430506
891 0.596214 0.116296 0.0427483
892 0.596214 0.125557 0.0405219
893 0.596214 0.113055 0.0393116
894 0.596214 0.12703 0.0422915
895 0.596214 0.0991022 0.0402205
896 0.596214 0.0935554 0.0352867
897 0.596214 0.107437 0.0399682
898 0.596214 0.10107 0.0376017
899 0.596214 0.138979 0.0478821
900 0.596214 0.117235 0.0422744
901 0.596214 0.112412 0.0399336
902 0.596214 0.120357 0.0433908
903 0.596214 0.139822 0.0447079
904 0.596214 0.121595 0.0395962
905 0.596214 0.139772 0.0459819
906 0.596214 0.134789 0.0382347
907 0.596214 0.108226 0.0354673
908 0.596214 0.120844 0.0400139
909 0.596214 0.137073 0.0438737
910 0.596214 0.125831 0.041917
911 0.596214 0.117969 0.038518
912 0.596214 0.124232 0.0402166
913 0.596214 0.126432 0.0415146
914 0.596214 0.111057 0.0392455
915 0.596214 0.11804 0.0403234
916 0.596214 0.108861 0.0384208
917 0.596214 0.117561 0.0386877
918 0.596214 0.111885 0.0379479
919 0.596214 0.112366 0.0402671
920 0.596214 0.109803 0.0409769
921 0.596214 0.118095 0.0415474
922 0.596214 0.10321 0.0380713
923 0.596214 0.123793 0.0431291
924 0.596214 0.124425 0.0405382
925 0.596214 0.112778 0.0386344
926 0.596214 0.119073 0.0417104
927 0.596214 0.12717 0.0445936
928 0.596214 0.118491 0.0421657
929 0.596214 0.115458 0.0399411
930 0.596214 0.130273 0.0434569
931 0.596214 0.133959 0.0449268
932 0.596214 0.125448 0.0407909
933 0.596214 0.118195 0.038891
934 0.596214 0.117483 0.0405689
935 0.596214 0.136299 0.0454126
936 0.596214 0.119921 0.0414066
937 0.596214 0.115321 0.0375637
938 0.596214 0.128569 0.0440519
939 0.596214 0.113987 0.0380027
940 0.596214 0.11117 0.038933
941 0.596214 0.128087 0.0442802
942 0.596214 0.117583 0.041138
943 0.596214 0.131584 0.0413908
944 0.596214 0.107648 0.037627
945 0.596214 0.116397 0.0440211
946 0.596214 0.0891573 0.0333502
947 0.596214 0.105198 0.0375129
948 0.596214 0.117261 0.0398952
949 0.596214 0.120315 0.0402062
950 0.596214 0.128368 0.0449002
951 0.596214 0.131033 0.0416428
952 0.596214 0.129881 0.0404102
953 0.596214 0.124423 0.0442916
954 0.596214 0.11485 0.038792
955 0.596214 0.118522 0.0378888
956 0.596214 0.127671 0.038827
957 0.596214 0.122833 0.0396935
958 0.596214 0.129243 0.0433487
959 0.596214 0.11713 0.0417446
960 0.596214 0.104383 0.0413024
961 0.596214 0.11997 0.042313
962 0.596214 0.113014 0.0400505
963 0.596214 0.100633 0.0390033
964 0.596214 0.10442 0.0400159
965 0.596214 0.119588 0.0442444
966 0.596214 0.125408 0.0419382
967 0.596214 0.134222 0.0474656
968 0.596214 0.0941517 0.0353465
969 0.596214 0.122389 0.0456317
970 0.596214 0.139491 0.0481279
971 0.596214 0.119518 0.0440296
972 0.596214 0.135519 0.0449229
973 0.596214 0.13367 0.0411737
974 0.596214 0.141171 0.0436027
975 0.596214 0.145102 0.0455613
976 0.596214 0.115601 0.0421369
977 0.596214 0.115212 0.0416478
978 0.596214 0.116635 0.0391328
979 0.596214 0.12531 0.0439928
980 0.596214 0.139195 0.0476251
981 0.596214 0.119835 0.0422124
982 0.596214 0.115779 0.042271
983 0.596214 0.129279 0.0453559
984 0.596214 0.12103 0.0390781
985 0.596214 0.143501 0.0437159
986 0.596214 0.125299 0.0388166
987 0.596214 0.137123 0.0449004
988 0.596214 0.117236 0.0410143
989 0.596214 0.11879 0.0392982
990 0.596214 0.103774 0.04003
991 0.596214 0.106269 0.0371694
992 0.596214 0.119668 0.0414939
993 0.596214 0.121861 0.0417806
994 0.596214 0.116149 0.0387641
995 0.596214 0.148105 0.0474683
996 0.596214 0.123545 0.0397958
997 0.596214 0.132189 0.0416654
998 0.596214 0.140441 0.0437819
999 0.596214 0.124169 0.0416816
1000 0.596214 0.100241 0.0358475
