0 0.125275 0.0651721 0.00393303
1 0.125275 0.0741373 0.00378212
2 0.125277 0.0801583 0.00363652
3 0.125277 0.0940936 0.00292519
4 0.125277 0.0939866 0.00294271
5 0.125277 0.095233 0.00286379
6 0.125277 0.102738 0.00231145
7 0.125277 0.108925 0.00177926
8 0.125277 0.112852 0.00137621
9 0.125277 0.114014 0.00126567
10 0.125277 0.115194 0.00115056
11 0.125277 0.118064 0.000808986
12 0.125277 0.114001 0.00127286
13 0.125277 0.117649 0.000890469
14 0.125278 0.116426 0.00102142
15 0.125278 0.109481 0.00167258
16 0.125278 0.111272 0.0014821
17 0.125278 0.11532 0.00106415
18 0.125278 0.112987 0.00134517
19 0.125278 0.114072 0.00125321
20 0.125278 0.113889 0.00119277
21 0.125278 0.117552 0.000841281
22 0.125278 0.113709 0.001254
23 0.125278 0.113861 0.00126895
24 0.125278 0.113456 0.00127327
25 0.125278 0.114017 0.00126861
26 0.125278 0.116555 0.000996942
27 0.125278 0.115139 0.00116373
28 0.125278 0.112913 0.0013689
29 0.125278 0.112693 0.0014114
30 0.125278 0.120143 0.000607273
31 0.125278 0.118897 0.000751188
32 0.125278 0.120179 0.000598379
33 0.125278 0.118947 0.000739786
34 0.125278 0.120137 0.000607312
35 0.125278 0.118889 0.000751194
36 0.125278 0.116394 0.00102893
37 0.125278 0.115151 0.00115969
38 0.125278 0.118893 0.000750701
39 0.125278 0.118881 0.000751323
40 0.125278 0.118896 0.000750003
41 0.125278 0.115214 0.00114517
42 0.125278 0.117677 0.000880515
43 0.125278 0.118956 0.000734751
44 0.125278 0.121453 0.000446082
45 0.125278 0.112777 0.001392
46 0.125278 0.11889 0.000750534
47 0.125278 0.12015 0.000606449
48 0.125278 0.120139 0.00060679
49 0.125278 0.121401 0.000459722
50 0.125278 0.121398 0.000458007
51 0.125278 0.120152 0.000605166
52 0.125278 0.120164 0.000605061
53 0.125278 0.123907 0.000155381
54 0.125278 0.125148 6.58954e-09
55 0.125278 0.1239 0.000156635
56 0.125278 0.121298 0.000459607
57 0.125278 0.121403 0.0004604
58 0.125278 0.1239 0.000156633
59 0.125278 0.122654 0.000310128
60 0.125278 0.122648 0.0003101
61 0.125278 0.12265 0.000310107
62 0.125278 0.122652 0.000310116
63 0.125278 0.1239 0.000156634
64 0.125278 0.122662 0.000310171
65 0.125278 0.123907 0.000156653
66 0.125278 0.121834 0.000372273
67 0.125278 0.121406 0.000460465
68 0.125278 0.12141 0.000460401
69 0.125278 0.122649 0.0003101
70 0.125278 0.122652 0.000310116
71 0.125278 0.120356 0.000559897
72 0.125278 0.121628 0.000409696
73 0.125278 0.123906 0.000156376
74 0.125278 0.122651 0.000309316
75 0.125278 0.122653 0.000309676
76 0.125278 0.123912 0.00015659
77 0.125278 0.120143 0.000607516
78 0.125278 0.121403 0.000460447
79 0.125278 0.120157 0.000607237
80 0.125278 0.122655 0.000309884
81 0.125278 0.122652 0.000309642
82 0.125278 0.122648 0.0003101
83 0.125278 0.125157 6.7421e-09
84 0.125278 0.125149 6.19236e-09
85 0.125278 0.121404 0.000460453
86 0.125278 0.120161 0.000603781
87 0.125278 0.121399 0.000460407
88 0.125278 0.121408 0.000460475
89 0.125278 0.117656 0.000892105
90 0.125278 0.116391 0.00102991
91 0.125278 0.117655 0.0008925
92 0.125278 0.115144 0.00116454
93 0.125278 0.116398 0.00103008
94 0.125278 0.121393 0.000460372
95 0.125278 0.120144 0.000607522
96 0.125278 0.118908 0.000751692
97 0.125278 0.117649 0.00089242
98 0.125278 0.116387 0.00102989
99 0.125278 0.116393 0.00102999
100 0.125278 0.115142 0.00116147
101 0.125278 0.117654 0.000892486
102 0.125278 0.121401 0.000458688
103 0.125278 0.123902 0.000156639
104 0.125278 0.122657 0.000310146
105 0.125278 0.123895 0.000156624
106 0.125278 0.122652 0.000310118
107 0.125278 0.122658 0.000310147
108 0.125278 0.118881 0.000751339
109 0.125278 0.120133 0.000607412
110 0.125278 0.117647 0.000892388
111 0.125278 0.117658 0.000892554
112 0.125278 0.113907 0.00129618
113 0.125278 0.118889 0.000751451
114 0.125278 0.121397 0.000460401
115 0.125278 0.120156 0.000607431
116 0.125278 0.1214 0.000460241
117 0.125278 0.123899 0.000156632
118 0.125278 0.125162 4.93656e-09
119 0.125279 0.123895 0.000156622
120 0.125279 0.122644 0.000310079
121 0.125279 0.123894 0.00015662
122 0.125279 0.122645 0.000310084
123 0.125279 0.121402 0.000460441
124 0.125279 0.121402 0.000460383
125 0.125279 0.122652 0.000310119
126 0.125279 0.121398 0.00046041
127 0.125279 0.122656 0.000310136
128 0.125279 0.121398 0.000460405
129 0.125279 0.120154 0.000607622
130 0.125279 0.120145 0.00060753
131 0.125279 0.121405 0.000460427
132 0.125279 0.12265 0.000310109
133 0.125279 0.122653 0.000310123
134 0.125279 0.121402 0.000460437
135 0.125279 0.121395 0.000460387
136 0.125279 0.121403 0.000460444
137 0.125279 0.121399 0.000460418
138 0.125279 0.120142 0.000607506
139 0.125279 0.122661 0.000310162
140 0.125279 0.122662 0.000310166
141 0.125279 0.121238 0.000461603
142 0.125279 0.122638 0.000310045
143 0.125279 0.120143 0.000607475
144 0.125279 0.117642 0.000892126
145 0.125279 0.115139 0.00116389
146 0.125279 0.117655 0.000891295
147 0.125279 0.120152 0.000607579
148 0.125279 0.1214 0.000458317
149 0.125279 0.120186 0.000599632
150 0.125279 0.120166 0.000602207
151 0.125279 0.121408 0.000460484
152 0.125279 0.118901 0.0007516
153 0.125279 0.122661 0.000310163
154 0.125279 0.122653 0.000310127
155 0.125279 0.122662 0.000309159
156 0.125279 0.122645 0.000309159
157 0.125279 0.122644 0.000310079
158 0.125279 0.121401 0.000460411
159 0.125279 0.120138 0.000607291
160 0.125279 0.121407 0.000460367
161 0.125279 0.121412 0.000460404
162 0.125279 0.121397 0.000460291
163 0.125279 0.12015 0.000606646
164 0.125279 0.121415 0.000459609
165 0.125279 0.117983 0.000824451
166 0.125279 0.116535 0.000996813
167 0.125279 0.11547 0.00109817
168 0.125279 0.118891 0.00075147
169 0.125279 0.121389 0.000460339
170 0.125279 0.122639 0.000310054
171 0.125279 0.120143 0.00060751
172 0.125279 0.11889 0.000751457
173 0.125279 0.118895 0.000751521
174 0.125279 0.117638 0.000892244
175 0.125279 0.121391 0.000460357
176 0.125279 0.120144 0.00060748
177 0.125279 0.122641 0.000310063
178 0.125279 0.121401 0.000460412
179 0.125279 0.120865 0.000484805
180 0.125279 0.119632 0.000629563
181 0.125279 0.121403 0.000460448
182 0.125279 0.116399 0.00103011
183 0.125279 0.117647 0.000892249
184 0.125279 0.120136 0.000607439
185 0.125279 0.118892 0.000751488
186 0.125279 0.116384 0.00102984
187 0.125279 0.113899 0.00129282
188 0.125279 0.116412 0.00102715
189 0.125279 0.120142 0.000607506
190 0.125279 0.121409 0.000460489
191 0.125279 0.120146 0.000607548
192 0.125279 0.121408 0.000460484
193 0.125279 0.121397 0.0004604
194 0.125279 0.121406 0.000460011
195 0.125279 0.121388 0.000460334
196 0.125279 0.118895 0.000750521
197 0.125279 0.117641 0.000891861
198 0.125279 0.122643 0.000310074
199 0.125279 0.122653 0.000309778
200 0.125279 0.120151 0.00060759
201 0.125279 0.120149 0.000606708
202 0.125279 0.118902 0.00075147
203 0.125279 0.122647 0.000310093
204 0.125279 0.121404 0.000460456
205 0.125279 0.120153 0.000607612
206 0.125279 0.122652 0.000310119
207 0.125279 0.123908 0.000156654
208 0.125279 0.123898 0.00015663
209 0.125279 0.123908 0.000156657
210 0.125279 0.120148 0.000607431
211 0.125279 0.116409 0.00102568
212 0.125279 0.118911 0.000747287
213 0.125279 0.122662 0.000309899
214 0.125279 0.122653 0.000310037
215 0.125279 0.121385 0.000460223
216 0.125279 0.120167 0.000606602
217 0.125279 0.122648 0.0003101
218 0.125279 0.1239 0.000156636
219 0.125279 0.123895 0.000156623
220 0.125279 0.120144 0.000607526
221 0.125279 0.120139 0.000607241
222 0.125279 0.120142 0.000607462
223 0.125279 0.117642 0.000892308
224 0.125279 0.116385 0.00102986
225 0.125279 0.117639 0.000892011
226 0.125279 0.116399 0.00103009
227 0.125279 0.113635 0.00129572
228 0.125279 0.113885 0.00129569
229 0.125279 0.118888 0.00075143
230 0.125279 0.1189 0.000751585
231 0.125279 0.117638 0.000892022
232 0.125279 0.117647 0.000892393
233 0.125279 0.117645 0.00089236
234 0.125279 0.118906 0.000751659
235 0.125279 0.121398 0.000460408
236 0.125279 0.122647 0.000310095
237 0.125279 0.122643 0.000310075
238 0.125279 0.117955 0.00082851
239 0.125279 0.120145 0.000607527
240 0.125279 0.12015 0.000607582
241 0.125279 0.1214 0.000460424
242 0.125279 0.123901 0.000156639
243 0.125279 0.120141 0.000607493
244 0.125279 0.122661 0.000310162
245 0.125279 0.122656 0.000310133
246 0.125279 0.118888 0.000751433
247 0.125279 0.118892 0.000751482
248 0.125279 0.120157 0.000607537
249 0.125279 0.118899 0.000751577
250 0.125279 0.122656 0.000310137
251 0.125279 0.122652 0.00031012
252 0.125279 0.121396 0.000460397
253 0.125279 0.120149 0.000607572
254 0.125279 0.120157 0.000606398
255 0.125279 0.120132 0.000607397
256 0.125279 0.118893 0.0007515
257 0.125279 0.117657 0.000892228
258 0.125279 0.121402 0.000460437
259 0.125279 0.11892 0.000746247
260 0.125279 0.118902 0.000750847
261 0.125279 0.121397 0.000460203
262 0.125279 0.121419 0.000459859
263 0.125279 0.121397 0.000460401
264 0.125279 0.120148 0.000607452
265 0.125279 0.120159 0.000607297
266 0.125279 0.118891 0.000751194
267 0.125279 0.118896 0.00075154
268 0.125279 0.117652 0.000892465
269 0.125279 0.120157 0.000607656
270 0.125279 0.121404 0.000460456
271 0.125279 0.122655 0.000310132
272 0.125279 0.122659 0.000310153
273 0.125279 0.120159 0.000607678
274 0.125279 0.122646 0.000310091
275 0.125279 0.121392 0.000460363
276 0.125279 0.11894 0.000742893
277 0.125279 0.118903 0.000748394
278 0.125279 0.123893 0.000156617
279 0.125279 0.120376 0.000558189
280 0.125279 0.121425 0.000458266
281 0.125279 0.118912 0.000747221
282 0.125279 0.12126 0.000459657
283 0.125279 0.117667 0.000887797
284 0.125279 0.118897 0.000749395
285 0.125279 0.1214 0.000460377
286 0.125279 0.122654 0.000310124
287 0.125279 0.116869 0.000940357
288 0.125279 0.119353 0.000662429
289 0.125279 0.115152 0.00116109
290 0.125279 0.117643 0.000892024
291 0.125279 0.116382 0.00102968
292 0.125279 0.117654 0.000889664
293 0.125279 0.118908 0.000749004
294 0.125279 0.12015 0.000607527
295 0.125279 0.121415 0.00045734
296 0.125279 0.118907 0.000751679
297 0.125279 0.116408 0.00103024
298 0.125279 0.116424 0.00102431
299 0.125279 0.120144 0.000607509
300 0.125279 0.120144 0.000607522
301 0.125279 0.1214 0.000460129
302 0.125279 0.121393 0.000460373
303 0.125279 0.120158 0.000606591
304 0.125279 0.120139 0.000607469
305 0.125279 0.116384 0.00102935
306 0.125279 0.116394 0.0010297
307 0.125279 0.117669 0.000889434
308 0.125279 0.118892 0.00075149
309 0.125279 0.120164 0.000600899
310 0.125279 0.120142 0.000607501
311 0.125279 0.118918 0.000751192
312 0.125279 0.120158 0.000606295
313 0.125279 0.117658 0.000889403
314 0.125279 0.119638 0.000629829
315 0.125279 0.118895 0.000751367
316 0.125279 0.12265 0.000310108
317 0.125279 0.122654 0.000310125
318 0.125279 0.121404 0.000460456
319 0.125279 0.120149 0.00060757
320 0.125279 0.121403 0.000460448
321 0.125279 0.122653 0.000310123
322 0.125279 0.120146 0.000607541
323 0.125279 0.122651 0.000310112
324 0.125279 0.123897 0.000156628
325 0.125279 0.123892 0.000156615
326 0.125279 0.123905 0.000156649
327 0.125279 0.122653 0.000309997
328 0.125279 0.123904 0.00015653
329 0.125279 0.125147 6.00871e-09
330 0.125279 0.12516 5.80801e-09
331 0.125279 0.122656 0.000310139
332 0.125279 0.120148 0.000607173
333 0.125279 0.12016 0.000607117
334 0.125279 0.117656 0.000891926
335 0.125279 0.118892 0.000751483
336 0.125279 0.121402 0.000460438
337 0.125279 0.122659 0.00031015
338 0.125279 0.118905 0.000751649
339 0.125279 0.121406 0.000460467
340 0.125279 0.121396 0.000460393
341 0.125279 0.120572 0.000521935
342 0.125279 0.121394 0.000460377
343 0.125279 0.122662 0.00031015
344 0.125279 0.121397 0.0004604
345 0.125279 0.116398 0.00103009
346 0.125279 0.115133 0.00116355
347 0.125279 0.115137 0.00116438
348 0.125279 0.11639 0.00102995
349 0.125279 0.118889 0.000751356
350 0.125279 0.116389 0.00102992
351 0.125279 0.117642 0.000892218
352 0.125279 0.118905 0.000751644
353 0.125279 0.120173 0.00060537
354 0.125279 0.118895 0.000751391
355 0.125279 0.117636 0.000892126
356 0.125279 0.117651 0.000892449
357 0.125279 0.11764 0.000892239
358 0.125279 0.120158 0.000607507
359 0.125279 0.118895 0.000751519
360 0.125279 0.118894 0.000751507
361 0.125279 0.120151 0.000607594
362 0.125279 0.117638 0.000892253
363 0.125279 0.113878 0.00129552
364 0.125279 0.114896 0.00116562
365 0.125279 0.113883 0.00129565
366 0.125279 0.115143 0.00116452
367 0.125279 0.112626 0.00142364
368 0.125279 0.116382 0.00102979
369 0.125279 0.116404 0.0010302
370 0.125279 0.118209 0.000789816
371 0.125279 0.118897 0.00075155
372 0.125279 0.118896 0.000751272
373 0.125279 0.121407 0.000460479
374 0.125279 0.121415 0.000460538
375 0.125279 0.118898 0.000751528
376 0.125279 0.121389 0.000460339
377 0.125279 0.116397 0.00102867
378 0.125279 0.112643 0.00142314
379 0.125279 0.118898 0.000751562
380 0.125279 0.117655 0.000890652
381 0.125279 0.117642 0.00089225
382 0.125279 0.116385 0.00102975
383 0.125279 0.121393 0.000460183
384 0.125279 0.116391 0.00102884
385 0.125279 0.115146 0.00116449
386 0.125279 0.117647 0.000892123
387 0.125279 0.115143 0.00116429
388 0.125279 0.116426 0.00102335
389 0.125279 0.117637 0.000892058
390 0.125279 0.120145 0.000607528
391 0.125279 0.121406 0.000460472
392 0.125279 0.123896 0.000156626
393 0.125279 0.125147 6.51157e-09
394 0.125279 0.125148 6.2487e-09
395 0.125279 0.123909 0.000156658
396 0.125279 0.121401 0.000459494
397 0.125279 0.125147 7.61316e-09
398 0.125279 0.123914 0.000156671
399 0.125279 0.123908 0.000156656
400 0.125279 0.12391 0.00015658
401 0.125279 0.122651 0.000310108
402 0.125279 0.123386 0.000181455
403 0.125279 0.12265 0.000309979
404 0.125279 0.125148 7.17916e-09
405 0.125279 0.122659 0.000309979
406 0.125279 0.1239 0.000156635
407 0.125279 0.118884 0.000751387
408 0.320873 0.122114 0.00101045
409 0.320873 0.125635 0.000810768
410 0.320873 0.124299 0.000969101
411 0.320873 0.126337 0.00135473
412 0.320873 0.128971 0.00127938
413 0.320873 0.1249 0.00209685
414 0.320873 0.127742 0.00204459
415 0.459767 0.12856 0.00404404
416 0.517825 0.135939 0.00683315
416 0.505299 0.0477615 0.0115157
417 0.505299 0.0608194 0.0154987
418 0.505299 0.0679245 0.0175108
419 0.505299 0.0684457 0.0176081
420 0.51769 0.0804524 0.0225094
421 0.51769 0.0709051 0.0211833
422 0.51769 0.0765775 0.0234675
423 0.51769 0.092275 0.0278429
424 0.51769 0.10341 0.0289482
425 0.51769 0.10067 0.0294336
426 0.51769 0.115224 0.0327176
427 0.51769 0.127287 0.0343401
428 0.51769 0.122113 0.0345153
429 0.539956 0.102976 0.0346391
430 0.539956 0.097766 0.0318211
431 0.539956 0.129915 0.0377424
432 0.539956 0.108181 0.0323441
433 0.541832 0.127241 0.0355392
434 0.541832 0.133902 0.0365391
435 0.562834 0.151145 0.0408039
436 0.562834 0.12846 0.0346747
437 0.562834 0.124485 0.0373754
438 0.562834 0.129402 0.0405161
439 0.562834 0.113524 0.0339604
440 0.562834 0.134123 0.0406376
441 0.563254 0.133394 0.039646
442 0.563254 0.14976 0.0425856
443 0.563254 0.15535 0.0395775
444 0.563254 0.147652 0.0414049
445 0.563254 0.131942 0.0409171
446 0.563254 0.147055 0.0422245
447 0.564463 0.133451 0.0424599
448 0.580784 0.150487 0.045748
449 0.580784 0.164502 0.0471772
450 0.580784 0.147027 0.0469831
451 0.580784 0.170033 0.0510668
452 0.580784 0.166738 0.0519004
453 0.584387 0.176539 0.0504284
454 0.584387 0.164286 0.0490178
455 0.584387 0.166302 0.0513861
456 0.584387 0.160485 0.0475935
457 0.584387 0.157658 0.048235
458 0.584387 0.15027 0.0494812
459 0.584387 0.178983 0.0525768
460 0.588176 0.197776 0.0550396
461 0.588176 0.156201 0.0484438
462 0.588176 0.170734 0.0484127
463 0.588176 0.207927 0.0515669
464 0.588176 0.207433 0.0506493
465 0.588176 0.204795 0.0518975
466 0.588176 0.200867 0.0507897
467 0.588176 0.202377 0.0498942
468 0.588176 0.163728 0.0450323
469 0.588176 0.179836 0.0465024
470 0.588176 0.173228 0.0498299
471 0.588176 0.183347 0.0476475
472 0.588176 0.178452 0.0464971
473 0.588176 0.162647 0.0491523
474 0.588176 0.158402 0.0494181
475 0.588176 0.193696 0.0525301
476 0.588176 0.187178 0.0494277
477 0.588176 0.182441 0.0524154
478 0.588176 0.172452 0.0539731
479 0.588176 0.183512 0.0531239
480 0.588176 0.191761 0.0557849
481 0.588176 0.187593 0.0529457
482 0.588176 0.161603 0.0498045
483 0.588176 0.18433 0.0540946
484 0.588176 0.193125 0.0522275
485 0.588176 0.168419 0.0512333
486 0.588176 0.206348 0.0524915
487 0.588176 0.186375 0.0489341
488 0.588176 0.190419 0.0521337
489 0.588176 0.177567 0.0485967
490 0.588176 0.163359 0.0473577
491 0.588176 0.171945 0.0501243
492 0.588176 0.172974 0.0517734
493 0.588176 0.183425 0.0501027
494 0.588176 0.189243 0.0494339
495 0.588176 0.174435 0.0490774
496 0.588176 0.154938 0.0466409
497 0.588176 0.144779 0.0465771
498 0.588176 0.148086 0.048843
499 0.588176 0.178309 0.0498749
500 0.588176 0.182765 0.0494578
501 0.58907 0.185597 0.0497491
502 0.58907 0.189123 0.0526199
503 0.58907 0.201862 0.0500256
504 0.58907 0.202549 0.0507076
505 0.58907 0.174048 0.0455501
506 0.58907 0.179446 0.0462815
507 0.58907 0.183734 0.0500421
508 0.58907 0.184888 0.0502752
509 0.58907 0.203154 0.0487047
510 0.58907 0.195303 0.0531845
511 0.58907 0.166612 0.0518036
512 0.600402 0.176022 0.0544901
513 0.600402 0.183716 0.0504364
514 0.600402 0.192638 0.0468161
515 0.600402 0.171962 0.0487358
516 0.600402 0.182267 0.049621
517 0.600402 0.179694 0.0526098
518 0.600402 0.186279 0.0554734
519 0.600402 0.18683 0.0528992
520 0.600402 0.151787 0.047718
521 0.600402 0.167871 0.0524803
522 0.600402 0.179363 0.0521404
523 0.600402 0.210378 0.0502431
524 0.600402 0.209298 0.0540365
525 0.600402 0.243008 0.0565109
526 0.600402 0.193254 0.0534834
527 0.600402 0.202305 0.0527212
528 0.600402 0.198668 0.0512025
529 0.600402 0.19324 0.0536971
530 0.600402 0.195417 0.0494081
531 0.600402 0.19166 0.0510578
532 0.600402 0.189107 0.053574
533 0.600402 0.185917 0.0523129
534 0.600402 0.183612 0.04829
535 0.600402 0.186914 0.055594
536 0.600402 0.157146 0.049658
537 0.600402 0.171873 0.0491516
538 0.600402 0.148025 0.0463726
539 0.600402 0.167563 0.0476582
540 0.600402 0.174204 0.0501563
541 0.600402 0.188662 0.0478107
542 0.600402 0.223238 0.0529148
543 0.600402 0.205312 0.0498169
544 0.600402 0.192982 0.0466443
545 0.600402 0.193081 0.0508453
546 0.600402 0.181925 0.04927
547 0.600402 0.197516 0.0501707
548 0.600402 0.207524 0.0500582
549 0.600402 0.196119 0.0516688
550 0.600402 0.214635 0.0530087
551 0.600402 0.21241 0.0501989
552 0.600402 0.200633 0.0516233
553 0.600402 0.194156 0.0502711
554 0.600402 0.189655 0.047001
555 0.600402 0.183063 0.0492243
556 0.600402 0.202387 0.0547641
557 0.600402 0.165616 0.0438605
558 0.600402 0.17414 0.0457428
559 0.600402 0.144986 0.0430846
560 0.600402 0.181544 0.0475113
561 0.600402 0.186609 0.0501985
562 0.600402 0.180464 0.0504235
563 0.600402 0.185196 0.0488256
564 0.600402 0.186361 0.046724
565 0.600402 0.178395 0.0460146
566 0.600402 0.189668 0.0537285
567 0.600402 0.181575 0.0519609
568 0.600402 0.173527 0.0506492
569 0.600402 0.17648 0.0537826
570 0.600402 0.151884 0.0483556
571 0.600402 0.167861 0.0536163
572 0.600402 0.162244 0.0510729
573 0.600402 0.187857 0.0519283
574 0.600402 0.175934 0.0571067
575 0.604053 0.163685 0.0527122
576 0.604053 0.173971 0.0517887
577 0.604053 0.176886 0.0535377
578 0.604053 0.17035 0.0505403
579 0.604053 0.177095 0.0500926
580 0.604053 0.19584 0.0537326
581 0.604053 0.175434 0.0544812
582 0.604053 0.164059 0.0498331
583 0.604053 0.189211 0.0517403
584 0.604053 0.169922 0.0509249
585 0.604053 0.163486 0.0552707
586 0.604053 0.174156 0.054933
587 0.604053 0.195351 0.057575
588 0.608104 0.178774 0.0520133
589 0.608104 0.171825 0.0546733
590 0.608104 0.156352 0.05047
591 0.608734 0.161089 0.0517293
592 0.608734 0.167635 0.0539432
593 0.608734 0.195938 0.0556003
594 0.608734 0.183166 0.052655
595 0.608734 0.169223 0.0527455
596 0.608734 0.165032 0.0535536
597 0.608734 0.142639 0.0472574
598 0.60994 0.145513 0.0504787
599 0.60994 0.151777 0.0491049
600 0.60994 0.166019 0.0471044
601 0.60994 0.165593 0.0488048
602 0.60994 0.189497 0.0569332
603 0.60994 0.164449 0.0525073
604 0.60994 0.158866 0.0481617
605 0.60994 0.190408 0.0494749
606 0.60994 0.168358 0.0492806
607 0.60994 0.205136 0.0545027
608 0.60994 0.175276 0.0514562
609 0.60994 0.176809 0.0498937
610 0.60994 0.167702 0.0504692
611 0.60994 0.149708 0.0506443
612 0.60994 0.16182 0.0478461
613 0.60994 0.143266 0.0481428
614 0.60994 0.154427 0.049087
615 0.60994 0.174725 0.055214
616 0.60994 0.170792 0.0505307
617 0.60994 0.165387 0.0522787
618 0.60994 0.154415 0.0492134
619 0.60994 0.171944 0.0523355
620 0.60994 0.167178 0.0513375
621 0.60994 0.129222 0.0445247
622 0.60994 0.144242 0.0484561
623 0.60994 0.138522 0.0458211
624 0.60994 0.136674 0.0443102
625 0.60994 0.164448 0.0497959
626 0.60994 0.138891 0.0442299
627 0.60994 0.127853 0.0445397
628 0.60994 0.133957 0.0461981
629 0.60994 0.136314 0.0475069
630 0.60994 0.159511 0.0513567
631 0.60994 0.129697 0.0466448
632 0.60994 0.111802 0.0416369
633 0.60994 0.123151 0.0453578
634 0.60994 0.145059 0.0482844
635 0.60994 0.134224 0.047428
636 0.60994 0.119104 0.0445585
637 0.60994 0.144835 0.0510893
638 0.60994 0.125734 0.0421027
639 0.60994 0.155443 0.0500001
640 0.60994 0.129034 0.0481816
641 0.60994 0.146014 0.0480606
642 0.60994 0.15442 0.051227
643 0.60994 0.179225 0.0538569
644 0.60994 0.16678 0.0528628
645 0.60994 0.171954 0.0527513
646 0.6105 0.191725 0.0513767
647 0.6105 0.177903 0.0504516
648 0.6105 0.169408 0.0525774
649 0.611828 0.15414 0.0517653
650 0.611828 0.181969 0.0574284
651 0.611828 0.180546 0.051804
652 0.611828 0.193641 0.0567398
653 0.611828 0.218327 0.0565337
654 0.611828 0.205547 0.0514498
655 0.611828 0.17071 0.0504301
656 0.611828 0.181848 0.0518633
657 0.611828 0.157687 0.0439138
658 0.611828 0.153672 0.0513017
659 0.611828 0.145723 0.0491192
660 0.611828 0.155237 0.0503131
661 0.611828 0.17669 0.0545366
662 0.611828 0.146314 0.0518261
663 0.611828 0.158705 0.0508635
664 0.611828 0.128066 0.0448019
665 0.611828 0.152228 0.0535036
666 0.611828 0.142717 0.0521465
667 0.611828 0.133919 0.0500585
668 0.611828 0.152643 0.0516587
669 0.611828 0.156934 0.0474085
670 0.611828 0.144449 0.0473992
671 0.611828 0.145651 0.0505151
672 0.611828 0.130463 0.0469986
673 0.611828 0.141521 0.0530442
674 0.611828 0.130767 0.0494342
675 0.611828 0.144354 0.0499878
676 0.611828 0.143568 0.0482226
677 0.611828 0.141571 0.0459883
678 0.611828 0.117682 0.0426788
679 0.611828 0.130882 0.0465517
680 0.611828 0.140035 0.0489814
681 0.611828 0.153516 0.0490258
682 0.611828 0.175216 0.0568106
683 0.611828 0.161396 0.05437
684 0.611828 0.159283 0.0493976
685 0.611828 0.155436 0.0481457
686 0.611828 0.153014 0.0534041
687 0.611828 0.154156 0.0521232
688 0.611828 0.165793 0.0562895
689 0.611828 0.14915 0.0533752
690 0.611828 0.151504 0.0521992
691 0.611828 0.159261 0.0530723
692 0.611828 0.142838 0.0505234
693 0.611828 0.145872 0.0480014
694 0.611828 0.14863 0.049318
695 0.611828 0.145008 0.0493071
696 0.611828 0.178394 0.0545923
697 0.611828 0.157324 0.0470323
698 0.611828 0.153436 0.0491946
699 0.611828 0.159611 0.0474722
700 0.611828 0.164394 0.053633
701 0.611828 0.150749 0.0503051
702 0.611828 0.155195 0.0510441
703 0.611828 0.156049 0.047389
704 0.611828 0.166101 0.0528329
705 0.611828 0.145766 0.0475416
706 0.611828 0.163115 0.0482969
707 0.611828 0.153033 0.0502784
708 0.611828 0.142576 0.0462568
709 0.611828 0.172982 0.0541446
710 0.611828 0.17999 0.0582903
711 0.611828 0.16879 0.0521104
712 0.611828 0.160752 0.054966
713 0.611828 0.160396 0.0529791
714 0.611828 0.138315 0.0482282
715 0.611828 0.136715 0.0494276
716 0.611828 0.13835 0.0488058
717 0.611828 0.154788 0.0451063
718 0.611828 0.164845 0.0517702
719 0.611828 0.141958 0.0470224
720 0.611828 0.135541 0.0470606
721 0.611828 0.133537 0.0443614
722 0.611828 0.145411 0.0460613
723 0.611828 0.164856 0.0525413
724 0.611828 0.155282 0.0491599
725 0.611828 0.159248 0.0487965
726 0.611828 0.153957 0.0541049
727 0.611828 0.144678 0.0497172
728 0.611828 0.155781 0.0525082
729 0.611828 0.181643 0.0524675
730 0.611828 0.161671 0.0527595
731 0.611828 0.156753 0.0508738
732 0.611828 0.176148 0.0528351
733 0.611828 0.142963 0.0434461
734 0.611828 0.149291 0.0511083
735 0.611828 0.142415 0.0492702
736 0.611828 0.139838 0.0467171
737 0.611828 0.158008 0.0522344
738 0.611828 0.165937 0.0482718
739 0.611828 0.157194 0.0467095
740 0.611828 0.154869 0.0488981
741 0.611828 0.151418 0.0442392
742 0.611828 0.171022 0.0496703
743 0.611828 0.171687 0.0470086
744 0.611828 0.176442 0.0469551
745 0.611828 0.176965 0.0497962
746 0.611828 0.181449 0.0546006
747 0.611828 0.15359 0.0519315
748 0.611828 0.14582 0.0475901
749 0.611828 0.149504 0.0488728
750 0.611828 0.168556 0.0514018
751 0.611828 0.180065 0.0582659
752 0.611828 0.157922 0.0537778
753 0.611828 0.139697 0.0507029
754 0.611828 0.148334 0.0523288
755 0.611828 0.14755 0.0508031
756 0.611828 0.140935 0.051578
757 0.611828 0.14425 0.053066
758 0.611828 0.138744 0.0496482
759 0.611828 0.116704 0.0437074
760 0.611828 0.117868 0.0463862
761 0.611828 0.112244 0.0481257
762 0.611828 0.149565 0.0481521
763 0.611828 0.13812 0.0488964
764 0.611828 0.136214 0.0497695
765 0.611828 0.141418 0.0543353
766 0.611828 0.14204 0.0518134
767 0.611828 0.148904 0.0514108
768 0.611828 0.15951 0.0509111
769 0.611828 0.175567 0.0564863
770 0.611828 0.193573 0.058913
771 0.611828 0.155728 0.0509911
772 0.611828 0.145144 0.0532485
773 0.611828 0.143371 0.0490289
774 0.611828 0.153926 0.0473671
775 0.611828 0.137181 0.0481792
776 0.611828 0.160214 0.0516938
777 0.611828 0.176147 0.0530022
778 0.611828 0.151485 0.0493293
779 0.611828 0.138879 0.0495311
780 0.611828 0.161636 0.0518776
781 0.611828 0.165948 0.0511567
782 0.611828 0.165977 0.0491576
783 0.611828 0.15922 0.0502496
784 0.611828 0.127482 0.0441464
785 0.611828 0.135628 0.0480267
786 0.611828 0.122787 0.04811
787 0.611828 0.152016 0.054389
788 0.611828 0.147237 0.0503373
789 0.611828 0.157262 0.0542139
790 0.611828 0.139466 0.0498174
791 0.611828 0.152796 0.0531265
792 0.611828 0.160496 0.0502448
793 0.611828 0.134226 0.0475938
794 0.611828 0.138086 0.0463973
795 0.611828 0.142692 0.0468002
796 0.611828 0.104222 0.0400611
797 0.611828 0.145543 0.0485574
798 0.611828 0.150848 0.0547551
799 0.611828 0.138378 0.0512102
800 0.611828 0.144764 0.0504336
801 0.611828 0.146964 0.051402
802 0.611828 0.132851 0.0443247
803 0.611828 0.138292 0.0468862
804 0.611828 0.133678 0.0454197
805 0.611828 0.167204 0.0538584
806 0.611828 0.175235 0.0578063
807 0.611828 0.166235 0.0506064
808 0.611828 0.168649 0.0546768
809 0.611828 0.140941 0.0497327
810 0.611828 0.150174 0.053477
811 0.611828 0.147273 0.0514933
812 0.611828 0.148421 0.0488974
813 0.611828 0.150163 0.0484739
814 0.611828 0.142096 0.0452068
815 0.611828 0.163087 0.0562393
816 0.611828 0.146747 0.0493043
817 0.611828 0.146076 0.0501702
818 0.611828 0.189428 0.0567013
819 0.611828 0.162321 0.0548222
820 0.611828 0.153752 0.0464999
821 0.611828 0.143851 0.0459059
822 0.611828 0.16377 0.0498308
823 0.611828 0.156129 0.0518028
824 0.611828 0.184631 0.0558461
825 0.611828 0.140211 0.0478399
826 0.611828 0.15399 0.0556044
827 0.611828 0.15954 0.0536058
828 0.611828 0.116762 0.0439959
829 0.611828 0.156732 0.0515689
830 0.611828 0.144823 0.050751
831 0.611828 0.141096 0.0495314
832 0.611828 0.171557 0.0525074
833 0.611828 0.168732 0.0509198
834 0.611828 0.164103 0.0545077
835 0.611828 0.161369 0.0535658
836 0.611828 0.135765 0.0483024
837 0.611828 0.163992 0.0505781
838 0.611828 0.183343 0.0586925
839 0.611828 0.134855 0.0474253
840 0.611828 0.171147 0.0558499
841 0.611828 0.173766 0.0577551
842 0.611828 0.13848 0.049339
843 0.611828 0.16343 0.0496096
844 0.611828 0.15335 0.0480289
845 0.611828 0.17643 0.0555235
846 0.611828 0.146226 0.0504654
847 0.611828 0.152464 0.0494243
848 0.611828 0.139059 0.0432674
849 0.611828 0.148832 0.0470786
850 0.611828 0.146583 0.0445715
851 0.611828 0.154448 0.0488703
852 0.611828 0.170171 0.0520972
853 0.611828 0.170756 0.0539647
854 0.611828 0.163955 0.0531487
855 0.611828 0.165628 0.0492763
856 0.611828 0.154214 0.0460956
857 0.611828 0.163594 0.0522569
858 0.611828 0.157673 0.0518907
859 0.611828 0.139571 0.0475273
860 0.611828 0.16077 0.057263
861 0.611828 0.179968 0.0593569
862 0.611828 0.179156 0.0580217
863 0.611828 0.148983 0.050939
864 0.611828 0.119024 0.0479039
865 0.611828 0.116433 0.0459283
866 0.611828 0.115907 0.0475738
867 0.611828 0.110888 0.0412695
868 0.611828 0.129263 0.0468461
869 0.611828 0.133366 0.0468341
870 0.611828 0.129975 0.0451547
871 0.611828 0.115754 0.0444197
872 0.611828 0.121154 0.0415604
873 0.611828 0.155628 0.0505494
874 0.611828 0.150131 0.047608
875 0.611828 0.158559 0.048701
876 0.611828 0.144924 0.0482516
877 0.611828 0.16045 0.0527848
878 0.611828 0.17584 0.0537312
879 0.611828 0.167371 0.0555197
880 0.611828 0.144172 0.0495914
881 0.611828 0.131013 0.0488407
882 0.611828 0.155871 0.0489281
883 0.611828 0.139123 0.0465727
884 0.611828 0.139234 0.0511559
885 0.611828 0.150015 0.0499598
886 0.611828 0.135295 0.0506005
887 0.611828 0.128805 0.0474362
888 0.611828 0.144072 0.0523893
889 0.611828 0.136702 0.0495917
890 0.611828 0.133794 0.0470519
891 0.611828 0.127507 0.0481873
892 0.611828 0.146565 0.0515198
893 0.611828 0.134111 0.0490307
894 0.611828 0.111766 0.0421526
895 0.611828 0.147569 0.0520024
896 0.611828 0.159298 0.0540831
897 0.611828 0.158517 0.0526641
898 0.611828 0.144739 0.0489949
899 0.611828 0.148322 0.0554149
900 0.611828 0.139429 0.0495024
901 0.611828 0.126799 0.0461396
902 0.611828 0.162203 0.048621
903 0.611828 0.141056 0.0504202
904 0.611828 0.145882 0.0498362
905 0.611828 0.148501 0.0501449
906 0.611828 0.148126 0.0502282
907 0.611828 0.162495 0.0531155
908 0.611828 0.169111 0.0494865
909 0.611828 0.148261 0.047213
910 0.611828 0.134302 0.0419676
911 0.611828 0.143882 0.048115
912 0.611828 0.123876 0.043526
913 0.611828 0.138612 0.0477297
914 0.611828 0.159484 0.0501732
915 0.611828 0.169465 0.0544791
916 0.611828 0.16003 0.0534829
917 0.611828 0.163267 0.0493689
918 0.611828 0.154502 0.048761
919 0.611828 0.136893 0.0452179
920 0.611828 0.171325 0.0497006
921 0.611828 0.142076 0.0498656
922 0.611828 0.134109 0.0471085
923 0.611828 0.137158 0.0484375
924 0.611828 0.172087 0.0556467
925 0.611828 0.163007 0.0542908
926 0.611828 0.159525 0.0523885
927 0.611828 0.149169 0.0505199
928 0.611828 0.168122 0.053968
929 0.611828 0.157125 0.0530754
930 0.611828 0.165666 0.0536291
931 0.611828 0.155788 0.051143
932 0.611828 0.171894 0.0526308
933 0.611828 0.185989 0.0496533
934 0.611828 0.153106 0.0473954
935 0.611828 0.178044 0.0527922
936 0.611828 0.157073 0.0464924
937 0.611828 0.143974 0.052589
938 0.611828 0.135129 0.0467145
939 0.611828 0.159913 0.0523515
940 0.611828 0.161135 0.0469165
941 0.611828 0.153871 0.0498467
942 0.611828 0.149181 0.0489657
943 0.611828 0.141759 0.0472141
944 0.611828 0.113928 0.0424921
945 0.611828 0.131361 0.0476103
946 0.611828 0.123036 0.0477402
947 0.611828 0.13867 0.0491895
948 0.611828 0.133677 0.0444994
949 0.611828 0.140348 0.0506094
950 0.611828 0.152738 0.0473645
951 0.611828 0.145714 0.044107
952 0.611828 0.143272 0.0465994
953 0.611828 0.158967 0.0501961
954 0.611828 0.161924 0.049938
955 0.611828 0.127307 0.0447208
956 0.611828 0.13647 0.0466482
957 0.611828 0.132954 0.0445687
958 0.611828 0.148037 0.0488996
959 0.611828 0.152775 0.0485054
960 0.611828 0.162866 0.051773
961 0.611828 0.159971 0.0514934
962 0.611828 0.151537 0.0538132
963 0.611828 0.154284 0.0538704
964 0.611828 0.154625 0.0518211
965 0.611828 0.147408 0.0511075
966 0.611828 0.119548 0.046431
967 0.611828 0.133077 0.046731
968 0.611828 0.142155 0.0494061
969 0.611828 0.148597 0.0491677
970 0.611828 0.16706 0.0515945
971 0.611828 0.131856 0.0466159
972 0.611828 0.147067 0.0482672
973 0.611828 0.152193 0.0465555
974 0.611828 0.168121 0.0534933
975 0.611828 0.166239 0.0444258
976 0.611828 0.148868 0.0471474
977 0.611828 0.159003 0.0505036
978 0.611828 0.156755 0.0473103
979 0.611828 0.169695 0.0519373
980 0.611828 0.175915 0.0499487
981 0.611828 0.167795 0.0502606
982 0.611828 0.144807 0.0458492
983 0.611828 0.135682 0.0479536
984 0.611828 0.132941 0.045281
985 0.611828 0.1565 0.0526117
986 0.611828 0.139332 0.0472273
987 0.611828 0.144344 0.0458973
988 0.611828 0.14856 0.0451868
989 0.611828 0.160969 0.0486811
990 0.611828 0.178673 0.0566578
991 0.611828 0.151133 0.0530939
992 0.611828 0.137107 0.046491
993 0.611828 0.132017 0.048011
994 0.611828 0.164122 0.0507717
995 0.611828 0.150635 0.0492281
996 0.611828 0.158954 0.0503482
997 0.611828 0.148505 0.0513114
998 0.611828 0.153502 0.0530056
999 0.611828 0.168126 0.0525174
1000 0.611828 0.161064 0.0475666
