0 0.125255 0.0550789 0.00389402
1 0.125255 0.0601015 0.00394352
2 0.125277 0.0702232 0.0038803
3 0.125277 0.074257 0.00377743
4 0.125277 0.0813715 0.003594
5 0.125277 0.080022 0.00357408
6 0.155406 0.0843101 0.00350798
7 0.155406 0.0829596 0.003578
8 0.375379 0.0882877 0.00423937
9 0.375379 0.0892062 0.00422833
10 0.375379 0.0937323 0.00391505
11 0.375379 0.103221 0.00427446
12 0.375379 0.0946166 0.00486852
13 0.375379 0.0972269 0.0052053
14 0.375379 0.10114 0.00556828
15 0.375379 0.110694 0.00685603
16 0.375379 0.118788 0.00915524
17 0.500814 0.130513 0.0117401
17 0.473407 0.0575893 0.0141299
18 0.473407 0.0696101 0.0171808
19 0.47536 0.0750624 0.020354
20 0.47536 0.0815016 0.0218251
21 0.489934 0.0969397 0.025524
22 0.489934 0.103115 0.0285816
23 0.504288 0.111222 0.030624
24 0.504288 0.103454 0.0313332
25 0.504288 0.118331 0.0303758
26 0.504288 0.117837 0.0331579
27 0.535862 0.13429 0.0337818
28 0.535862 0.126541 0.0347272
29 0.535862 0.144119 0.0384597
30 0.535862 0.119777 0.0309302
31 0.535862 0.130515 0.0360294
32 0.535862 0.125536 0.0404808
33 0.564735 0.14329 0.0415838
34 0.564735 0.155841 0.0434242
35 0.564735 0.176125 0.0443468
36 0.564735 0.185804 0.0445121
37 0.564735 0.199968 0.0459578
38 0.564735 0.17613 0.0444641
39 0.564735 0.171521 0.0435263
40 0.564735 0.18797 0.0455232
41 0.564735 0.175152 0.0414788
42 0.566789 0.155028 0.0420874
43 0.566789 0.154619 0.0392123
44 0.566789 0.174411 0.043206
45 0.566789 0.191124 0.0444576
46 0.566789 0.188225 0.0430551
47 0.566789 0.201762 0.0470709
48 0.566789 0.189505 0.0466021
49 0.569183 0.213681 0.0462377
50 0.571615 0.193155 0.0446211
51 0.571615 0.213474 0.0501292
52 0.571615 0.217459 0.0507138
53 0.571615 0.224813 0.0447715
54 0.571615 0.206328 0.0439929
55 0.571615 0.213782 0.044951
56 0.571615 0.214555 0.0463205
57 0.571615 0.223813 0.0485394
58 0.571615 0.199096 0.0472266
59 0.571615 0.194472 0.044756
60 0.571615 0.221969 0.0477227
61 0.571615 0.219101 0.0464161
62 0.571615 0.225325 0.0505859
63 0.571615 0.184892 0.0453136
64 0.571615 0.197218 0.0495416
65 0.571615 0.203197 0.0529319
66 0.571615 0.197957 0.0452364
67 0.571615 0.216666 0.0464904
68 0.571615 0.190405 0.0458252
69 0.572195 0.199299 0.0498171
70 0.572195 0.200031 0.0488334
71 0.572195 0.200854 0.0505289
72 0.572195 0.19442 0.0457793
73 0.572195 0.217339 0.0497847
74 0.572195 0.230703 0.0472966
75 0.572195 0.225595 0.046371
76 0.572195 0.223269 0.0457695
77 0.572195 0.22925 0.0451953
78 0.572195 0.227532 0.0505703
79 0.572195 0.200508 0.0473879
80 0.573853 0.190607 0.0478079
81 0.573853 0.198983 0.0502254
82 0.573853 0.216221 0.0501426
83 0.573853 0.257994 0.0504871
84 0.573853 0.237766 0.0499819
85 0.573853 0.202513 0.04799
86 0.573853 0.19297 0.0442621
87 0.573853 0.192836 0.0506774
88 0.57755 0.220403 0.0528911
89 0.57755 0.198234 0.0508891
90 0.57755 0.207979 0.0491565
91 0.57755 0.207925 0.047258
92 0.57755 0.223824 0.0497364
93 0.57755 0.235727 0.0461432
94 0.57755 0.255385 0.0475543
95 0.57755 0.229904 0.0522299
96 0.57755 0.233733 0.0498728
97 0.57755 0.2358 0.0510837
98 0.57755 0.209061 0.0502361
99 0.57755 0.209964 0.0473955
100 0.57755 0.214202 0.0484636
101 0.57755 0.231946 0.0506613
102 0.57755 0.20475 0.0523956
103 0.57755 0.209619 0.0495975
104 0.57755 0.191994 0.0500404
105 0.57755 0.200883 0.0501974
106 0.57755 0.228021 0.0544291
107 0.57755 0.205406 0.0516691
108 0.57755 0.213291 0.0529571
109 0.583062 0.195157 0.0521022
110 0.583062 0.217338 0.051978
111 0.583062 0.209432 0.0507551
112 0.584381 0.243186 0.0484764
113 0.584381 0.224298 0.0491629
114 0.584381 0.218386 0.0486755
115 0.584381 0.19313 0.04838
116 0.584381 0.193342 0.049648
117 0.584381 0.207572 0.0471802
118 0.584381 0.212799 0.0448833
119 0.584381 0.21605 0.0432818
120 0.584381 0.206543 0.0464997
121 0.584381 0.227666 0.0455355
122 0.584381 0.221215 0.0500059
123 0.584381 0.226522 0.0504314
124 0.584381 0.215579 0.0492557
125 0.584381 0.234995 0.0498953
126 0.584381 0.251681 0.0494151
127 0.584381 0.240769 0.0460743
128 0.584381 0.231564 0.0474554
129 0.584381 0.22222 0.0472835
130 0.584381 0.204388 0.044176
131 0.584381 0.220355 0.0494382
132 0.584381 0.205352 0.0476879
133 0.584381 0.232081 0.050918
134 0.584381 0.214852 0.0512701
135 0.584381 0.19455 0.0465975
136 0.584381 0.215407 0.0471011
137 0.584381 0.224638 0.0498267
138 0.584381 0.221133 0.0458218
139 0.584381 0.215547 0.046415
140 0.584381 0.238712 0.0491677
141 0.584381 0.199565 0.0453812
142 0.584381 0.198554 0.0505615
143 0.584381 0.205954 0.048378
144 0.584381 0.190079 0.047588
145 0.584381 0.21643 0.0502033
146 0.584381 0.222258 0.0519342
147 0.584381 0.222431 0.0539223
148 0.584381 0.244072 0.0520124
149 0.584381 0.235201 0.0502388
150 0.584381 0.225486 0.0510539
151 0.584381 0.224686 0.053642
152 0.584381 0.239772 0.0537792
153 0.584381 0.264249 0.051524
154 0.584381 0.268505 0.0460752
155 0.584381 0.260527 0.0477012
156 0.584381 0.246273 0.0478269
157 0.584381 0.237581 0.0515375
158 0.584381 0.255606 0.0477193
159 0.587137 0.265441 0.0492387
160 0.587137 0.254519 0.054766
161 0.587137 0.23753 0.051497
162 0.588943 0.277356 0.0471608
163 0.588943 0.24822 0.0408157
164 0.588943 0.231252 0.0453021
165 0.588943 0.243096 0.0461485
166 0.588943 0.237078 0.0471313
167 0.588943 0.264534 0.0487344
168 0.588943 0.256717 0.0485173
169 0.588943 0.255451 0.0471676
170 0.588943 0.246829 0.0475501
171 0.588943 0.224138 0.0487916
172 0.588943 0.246071 0.0504623
173 0.588943 0.235829 0.0469754
174 0.588943 0.264568 0.0509742
175 0.588943 0.245985 0.0513618
176 0.588943 0.256403 0.0491999
177 0.588943 0.233773 0.0489125
178 0.588943 0.220589 0.0506331
179 0.588943 0.199819 0.0524644
180 0.588943 0.209245 0.0498693
181 0.588943 0.209037 0.0476166
182 0.588943 0.203046 0.0468841
183 0.588943 0.193936 0.0506254
184 0.588943 0.235383 0.051006
185 0.588943 0.231553 0.0498147
186 0.588943 0.242734 0.0511339
187 0.588943 0.260244 0.0513131
188 0.588943 0.238472 0.0511401
189 0.588943 0.220004 0.0519656
190 0.588943 0.233671 0.0548827
191 0.588943 0.219185 0.0531252
192 0.588943 0.238703 0.0551181
193 0.588943 0.252875 0.0522116
194 0.588943 0.270804 0.0533999
195 0.588943 0.245672 0.0510866
196 0.588943 0.262992 0.0557568
197 0.588943 0.221019 0.0532078
198 0.588943 0.222214 0.0572145
199 0.588943 0.220385 0.0526314
200 0.588943 0.213034 0.0520107
201 0.588943 0.21846 0.053528
202 0.588943 0.202161 0.0500231
203 0.588943 0.205771 0.0504661
204 0.588943 0.194454 0.0489638
205 0.588943 0.22904 0.0493716
206 0.588943 0.208656 0.0456946
207 0.588943 0.218553 0.0499589
208 0.588943 0.215657 0.0500159
209 0.588943 0.252681 0.0519699
210 0.588943 0.251006 0.0538282
211 0.588943 0.240011 0.0532918
212 0.588943 0.259034 0.0522618
213 0.588943 0.233627 0.0536485
214 0.588943 0.252208 0.0502358
215 0.588943 0.233455 0.0510877
216 0.588943 0.197018 0.0488282
217 0.588943 0.244092 0.0495091
218 0.588943 0.209812 0.0471567
219 0.588943 0.217932 0.0526583
220 0.588943 0.237288 0.0533295
221 0.588943 0.222953 0.0497746
222 0.588943 0.19329 0.0492701
223 0.588943 0.217113 0.0528188
224 0.588943 0.208027 0.0494125
225 0.588943 0.262578 0.0561435
226 0.588943 0.242471 0.0553526
227 0.588943 0.249887 0.0492244
228 0.588943 0.248845 0.0514148
229 0.588943 0.236124 0.0465342
230 0.588943 0.235826 0.0514801
231 0.588943 0.22876 0.0505152
232 0.588943 0.230643 0.0483718
233 0.588943 0.199327 0.0512111
234 0.588943 0.202286 0.052986
235 0.588943 0.206476 0.0552827
236 0.588943 0.236462 0.051954
237 0.588943 0.237461 0.0529772
238 0.588943 0.250743 0.0522509
239 0.588943 0.255735 0.049917
240 0.588943 0.248351 0.0542221
241 0.588943 0.234409 0.0522367
242 0.588943 0.231778 0.049247
243 0.588943 0.254194 0.0496512
244 0.588943 0.245775 0.0486138
245 0.588943 0.235115 0.0539112
246 0.588943 0.243288 0.0542827
247 0.588943 0.249707 0.0513365
248 0.588943 0.240841 0.0495366
249 0.588943 0.247461 0.0501242
250 0.588943 0.236688 0.0526204
251 0.588943 0.215286 0.0520416
252 0.588943 0.224545 0.0487128
253 0.588943 0.254759 0.0504078
254 0.588943 0.239732 0.0497115
255 0.588943 0.233168 0.0468768
256 0.588943 0.237164 0.0524538
257 0.588943 0.254075 0.0518152
258 0.588943 0.22044 0.0493473
259 0.588943 0.205949 0.05237
260 0.588943 0.190439 0.0504825
261 0.588943 0.212269 0.0483815
262 0.588943 0.198878 0.0487971
263 0.588943 0.248818 0.0478735
264 0.588943 0.212647 0.0490904
265 0.589529 0.23959 0.052756
266 0.589529 0.220124 0.0494643
267 0.589529 0.223109 0.0524223
268 0.589529 0.221746 0.0537
269 0.589529 0.225689 0.0523028
270 0.589529 0.275982 0.0531833
271 0.589529 0.248491 0.0540235
272 0.589529 0.228253 0.0542132
273 0.589529 0.242372 0.0511688
274 0.589529 0.239558 0.0487625
275 0.589529 0.226995 0.0505334
276 0.589529 0.225089 0.0509007
277 0.589529 0.215692 0.0473739
278 0.589529 0.239508 0.0509395
279 0.589529 0.241593 0.0493298
280 0.589529 0.214926 0.0558357
281 0.589529 0.239034 0.051712
282 0.589529 0.241014 0.0524263
283 0.589529 0.243568 0.0516804
284 0.589529 0.257087 0.0472271
285 0.589529 0.245032 0.0474618
286 0.589863 0.253945 0.0492681
287 0.589863 0.229021 0.0479581
288 0.589863 0.238947 0.0526536
289 0.589863 0.255011 0.0515802
290 0.589863 0.224153 0.0559142
291 0.589863 0.215872 0.0535001
292 0.589863 0.248618 0.0537699
293 0.589863 0.245851 0.0480329
294 0.589863 0.234839 0.051018
295 0.589863 0.222947 0.047421
296 0.589863 0.214844 0.0515124
297 0.589863 0.246001 0.0505695
298 0.589863 0.222426 0.0477463
299 0.589863 0.211189 0.0522539
300 0.589863 0.22737 0.0511399
301 0.589863 0.203118 0.0494561
302 0.589863 0.218484 0.0488135
303 0.589863 0.232797 0.0498407
304 0.589863 0.228018 0.0485172
305 0.589863 0.221637 0.0459886
306 0.589863 0.229041 0.0456416
307 0.589863 0.244539 0.0540584
308 0.589863 0.241243 0.0505006
309 0.589863 0.229719 0.0495229
310 0.589863 0.215043 0.049931
311 0.589863 0.211427 0.0514659
312 0.589863 0.228342 0.0541941
313 0.590411 0.207899 0.0509876
314 0.590411 0.232814 0.048038
315 0.590411 0.231632 0.048481
316 0.590411 0.222284 0.0484894
317 0.590411 0.226663 0.0492297
318 0.590411 0.250583 0.0492711
319 0.590411 0.245367 0.0510838
320 0.590411 0.260838 0.0521441
321 0.590411 0.267968 0.051869
322 0.590411 0.25466 0.0497047
323 0.590411 0.252547 0.0500065
324 0.590411 0.240736 0.049659
325 0.590411 0.254111 0.0511102
326 0.590411 0.266822 0.0540706
327 0.590411 0.264948 0.0474277
328 0.590411 0.230236 0.0454906
329 0.590411 0.218689 0.0510983
330 0.590411 0.243191 0.0514662
331 0.590411 0.266427 0.0499168
332 0.590411 0.250597 0.0462887
333 0.590411 0.220515 0.0522305
334 0.590411 0.22395 0.0523124
335 0.590411 0.223768 0.054691
336 0.590411 0.229326 0.0530951
337 0.590411 0.216082 0.0504161
338 0.590411 0.206972 0.0492353
339 0.590411 0.237785 0.0508737
340 0.590411 0.219052 0.0501207
341 0.590411 0.219693 0.0515886
342 0.590411 0.247444 0.0493128
343 0.590411 0.241753 0.0533181
344 0.590411 0.186286 0.0497259
345 0.590411 0.216765 0.050473
346 0.590411 0.209645 0.0499225
347 0.590411 0.217747 0.0538655
348 0.590411 0.195287 0.0484157
349 0.590411 0.206882 0.0484744
350 0.590411 0.232611 0.0537493
351 0.590411 0.232097 0.0560527
352 0.590411 0.214771 0.0553072
353 0.590411 0.239927 0.0527359
354 0.590411 0.242087 0.0511207
355 0.590411 0.210349 0.0522713
356 0.590411 0.21368 0.0508748
357 0.590411 0.227971 0.0515512
358 0.590411 0.248384 0.0510521
359 0.590411 0.254209 0.0546407
360 0.590411 0.242546 0.0564201
361 0.590411 0.274645 0.0580745
362 0.590411 0.252099 0.0504499
363 0.590411 0.233211 0.0492068
364 0.590411 0.233016 0.0489801
365 0.590411 0.239981 0.0516449
366 0.590411 0.227251 0.053651
367 0.590411 0.233401 0.0548862
368 0.590411 0.244109 0.0540154
369 0.590411 0.221535 0.0549641
370 0.590411 0.222359 0.0513911
371 0.590411 0.23843 0.0504454
372 0.590411 0.22629 0.0518912
373 0.590411 0.223561 0.0539966
374 0.590411 0.238233 0.0504046
375 0.590411 0.257541 0.0526603
376 0.590411 0.214773 0.051616
377 0.590411 0.207809 0.0527754
378 0.590411 0.207583 0.0471054
379 0.590411 0.222039 0.0483236
380 0.590411 0.228531 0.0537824
381 0.590411 0.200977 0.053896
382 0.590411 0.211426 0.0565202
383 0.590411 0.218841 0.0568719
384 0.590411 0.225161 0.0573745
385 0.590411 0.231923 0.0579302
386 0.590411 0.243175 0.057732
387 0.590411 0.238159 0.0525122
388 0.590411 0.244316 0.0545696
389 0.590411 0.263181 0.048594
390 0.590411 0.269899 0.0506348
391 0.590411 0.262293 0.0534646
392 0.590411 0.247448 0.0503048
393 0.590411 0.26628 0.0529307
394 0.590411 0.265427 0.0505048
395 0.590411 0.247844 0.0538516
396 0.590411 0.229432 0.0507171
397 0.590411 0.2556 0.0490152
398 0.590411 0.269279 0.0479156
399 0.590411 0.232407 0.0525525
400 0.590411 0.222013 0.0533961
401 0.590411 0.242195 0.0537314
402 0.590411 0.235308 0.0526054
403 0.590411 0.235249 0.0486944
404 0.590411 0.216275 0.048148
405 0.590411 0.242035 0.0457249
406 0.590411 0.227301 0.0496318
407 0.590411 0.221355 0.0479752
408 0.590411 0.23732 0.0523975
409 0.590411 0.263825 0.0480349
410 0.590411 0.252432 0.0521015
411 0.590411 0.246666 0.0448863
412 0.590411 0.251864 0.0487142
413 0.590411 0.234848 0.0491044
414 0.590411 0.252573 0.0468137
415 0.590411 0.280134 0.0444948
416 0.590411 0.278379 0.0466283
417 0.590411 0.259984 0.0453425
418 0.590411 0.261979 0.0473369
419 0.590411 0.212567 0.0529155
420 0.590411 0.22934 0.0572523
421 0.590411 0.244368 0.0497278
422 0.590411 0.21479 0.050375
423 0.590411 0.249207 0.0519443
424 0.590411 0.276611 0.0490219
425 0.590411 0.264309 0.0476105
426 0.590411 0.262019 0.0521184
427 0.590411 0.273204 0.049062
428 0.590411 0.25986 0.0477217
429 0.590411 0.285335 0.0489857
430 0.590411 0.278318 0.0472713
431 0.590411 0.285309 0.0548472
432 0.590411 0.287757 0.0494089
433 0.590411 0.294025 0.0503157
434 0.590411 0.263043 0.0546784
435 0.590411 0.251236 0.0535431
436 0.590411 0.230497 0.051967
437 0.590411 0.23837 0.0529129
438 0.590411 0.293667 0.0521157
439 0.590411 0.265955 0.0526029
440 0.590411 0.254685 0.0558326
441 0.590411 0.254773 0.0490148
442 0.590411 0.246684 0.0529214
443 0.590411 0.221907 0.0516543
444 0.590411 0.214734 0.0477877
445 0.590411 0.223222 0.0541912
446 0.590411 0.190306 0.051077
447 0.590411 0.228606 0.0510904
448 0.590411 0.209153 0.0522295
449 0.590411 0.253092 0.050822
450 0.590411 0.231605 0.0454626
451 0.590411 0.21934 0.0468747
452 0.590411 0.232761 0.049688
453 0.590411 0.244163 0.0555021
454 0.590411 0.227348 0.0533122
455 0.590411 0.217493 0.0493399
456 0.590411 0.240183 0.0535737
457 0.590411 0.268927 0.0527589
458 0.590411 0.2462 0.0544442
459 0.590411 0.219194 0.0512428
460 0.590411 0.217643 0.0544505
461 0.590411 0.217896 0.0487819
462 0.590411 0.234366 0.0535271
463 0.590411 0.23373 0.052591
464 0.590411 0.231029 0.0511502
465 0.590411 0.233997 0.0554819
466 0.590411 0.239964 0.0522217
467 0.590411 0.243793 0.051225
468 0.590411 0.251494 0.0493061
469 0.590411 0.255366 0.0503559
470 0.590411 0.253804 0.0538407
471 0.590411 0.222586 0.0500385
472 0.590411 0.248971 0.0514561
473 0.590411 0.242577 0.0517211
474 0.590411 0.215254 0.0554861
475 0.590411 0.238323 0.0534984
476 0.590411 0.238365 0.0538878
477 0.590411 0.225961 0.0538172
478 0.590411 0.243151 0.0532903
479 0.590411 0.252893 0.0517451
480 0.590411 0.248572 0.0502337
481 0.590411 0.281065 0.0506777
482 0.590411 0.29256 0.0512744
483 0.590411 0.279809 0.0531306
484 0.590411 0.250308 0.0519811
485 0.590411 0.24087 0.0522981
486 0.590411 0.248039 0.0513304
487 0.590411 0.241199 0.0509202
488 0.590411 0.248714 0.053448
489 0.590411 0.232727 0.0569591
490 0.590411 0.177758 0.0545574
491 0.590411 0.198721 0.0541465
492 0.59086 0.208467 0.0503035
493 0.59086 0.226473 0.0512118
494 0.59086 0.260164 0.0499537
495 0.59086 0.239785 0.0545703
496 0.59086 0.225686 0.0517517
497 0.59086 0.228953 0.057536
498 0.59086 0.208273 0.0541703
499 0.59086 0.211473 0.0519899
500 0.591883 0.220121 0.0555399
501 0.591883 0.239809 0.0522419
502 0.591883 0.251905 0.0496798
503 0.591883 0.252644 0.0512139
504 0.591883 0.258421 0.0520537
505 0.591883 0.234006 0.0481663
506 0.591883 0.230766 0.0496107
507 0.591883 0.223886 0.050934
508 0.591883 0.268932 0.0521997
509 0.591883 0.261225 0.0506199
510 0.591883 0.25118 0.0479657
511 0.591883 0.265189 0.0529718
512 0.591883 0.266911 0.0527005
513 0.591883 0.236958 0.0505161
514 0.591883 0.230902 0.0554469
515 0.591883 0.217081 0.0476748
516 0.591883 0.253097 0.0499929
517 0.591883 0.215744 0.0519484
518 0.591883 0.236798 0.049171
519 0.591883 0.26942 0.0494659
520 0.591883 0.267537 0.0506322
521 0.591883 0.266602 0.0515063
522 0.591883 0.24301 0.0470436
523 0.591883 0.261454 0.0508913
524 0.591883 0.273329 0.053421
525 0.591883 0.259982 0.0491249
526 0.591883 0.266901 0.0515108
527 0.591883 0.289769 0.0462008
528 0.591883 0.283277 0.0509168
529 0.591883 0.2818 0.0523512
530 0.591883 0.275851 0.0460572
531 0.591883 0.26366 0.0497873
532 0.591883 0.266482 0.0499749
533 0.591883 0.272395 0.0472916
534 0.591883 0.254141 0.0523547
535 0.591883 0.272603 0.0491054
536 0.591883 0.262613 0.048283
537 0.591883 0.261665 0.0479332
538 0.591883 0.245899 0.0502963
539 0.591883 0.253772 0.0502332
540 0.591883 0.293392 0.048134
541 0.591883 0.263142 0.0474266
542 0.591883 0.252341 0.0510137
543 0.591883 0.278334 0.0486346
544 0.591883 0.236821 0.0469362
545 0.591883 0.241614 0.0475112
546 0.591883 0.248518 0.0527117
547 0.591883 0.231081 0.0479612
548 0.591883 0.251538 0.0450909
549 0.591883 0.245094 0.0479414
550 0.591883 0.239206 0.051082
551 0.591883 0.235003 0.0514726
552 0.591883 0.225771 0.0496381
553 0.591883 0.22708 0.0506753
554 0.591883 0.225119 0.0521266
555 0.591883 0.237943 0.0504898
556 0.591883 0.235644 0.0500383
557 0.591883 0.24733 0.0464962
558 0.591883 0.224321 0.0510781
559 0.591883 0.208934 0.0486698
560 0.591883 0.233397 0.0560798
561 0.591883 0.218504 0.0550176
562 0.591883 0.208057 0.0566305
563 0.591883 0.18713 0.0545558
564 0.591883 0.193612 0.0521186
565 0.591883 0.18939 0.0481204
566 0.591883 0.168968 0.0449666
567 0.591883 0.191279 0.0499032
568 0.591883 0.195164 0.0507774
569 0.591883 0.209637 0.0527203
570 0.591883 0.223724 0.0525099
571 0.591883 0.216889 0.0538065
572 0.591883 0.24203 0.0571013
573 0.591883 0.248208 0.0507842
574 0.591883 0.246203 0.0548777
575 0.591883 0.24339 0.0558941
576 0.591883 0.267342 0.0520425
577 0.591883 0.262394 0.0523337
578 0.591883 0.276176 0.0535754
579 0.591883 0.247917 0.0494776
580 0.591883 0.267561 0.0525449
581 0.591883 0.275479 0.0538339
582 0.591883 0.230782 0.0565211
583 0.591883 0.251989 0.05474
584 0.591883 0.258629 0.0539918
585 0.591883 0.229057 0.049509
586 0.591883 0.21933 0.050832
587 0.592959 0.225061 0.0527819
588 0.592959 0.20306 0.0499157
589 0.592959 0.235956 0.0537983
590 0.592959 0.216197 0.0541659
591 0.592959 0.229544 0.0531598
592 0.592959 0.221286 0.051954
593 0.592959 0.247716 0.054645
594 0.592959 0.249615 0.0527787
595 0.592959 0.230201 0.0499052
596 0.592959 0.254681 0.0516517
597 0.592959 0.25524 0.0493038
598 0.592959 0.257418 0.0546328
599 0.592959 0.235572 0.0526875
600 0.592959 0.199854 0.0472023
601 0.592959 0.219238 0.055508
602 0.592959 0.22688 0.053277
603 0.592959 0.244483 0.0541465
604 0.592959 0.236406 0.0532429
605 0.592959 0.24811 0.0524656
606 0.592959 0.26012 0.0540373
607 0.592959 0.248859 0.0536173
608 0.592959 0.258005 0.0510287
609 0.592959 0.237687 0.0533107
610 0.592959 0.232878 0.0533794
611 0.592959 0.226182 0.0522488
612 0.592959 0.248756 0.054157
613 0.592959 0.260092 0.0560661
614 0.592959 0.221617 0.0520081
615 0.592959 0.210526 0.0461616
616 0.592959 0.228181 0.0465409
617 0.592959 0.262052 0.0465048
618 0.592959 0.228838 0.0509135
619 0.592959 0.231028 0.0478806
620 0.592959 0.223826 0.0504414
621 0.592959 0.210907 0.0523333
622 0.592959 0.183939 0.0485486
623 0.592959 0.206768 0.0500495
624 0.592959 0.214097 0.0502527
625 0.592959 0.244943 0.0545624
626 0.592959 0.257866 0.0494162
627 0.592959 0.239878 0.0540353
628 0.592959 0.21324 0.0496411
629 0.592959 0.219082 0.0497695
630 0.592959 0.18196 0.0496569
631 0.592959 0.198624 0.0508517
632 0.592959 0.195383 0.0535932
633 0.592959 0.196349 0.050675
634 0.592959 0.206501 0.0508924
635 0.592959 0.20002 0.0504339
636 0.592959 0.209133 0.0501616
637 0.592959 0.210072 0.0528498
638 0.592959 0.227757 0.053764
639 0.592959 0.227851 0.0509122
640 0.592959 0.225171 0.0544955
641 0.592959 0.211887 0.0549958
642 0.592959 0.239288 0.0548382
643 0.592959 0.223579 0.0535248
644 0.592959 0.242211 0.0515673
645 0.592959 0.232652 0.054339
646 0.592959 0.250358 0.0539674
647 0.592959 0.251809 0.0504496
648 0.592959 0.25231 0.0498168
649 0.592959 0.229013 0.0537683
650 0.592959 0.234589 0.0531115
651 0.592959 0.23029 0.0522224
652 0.592959 0.236772 0.0484042
653 0.592959 0.24022 0.0447925
654 0.592959 0.255141 0.0457998
655 0.592959 0.259359 0.0478529
656 0.592959 0.242075 0.0474365
657 0.592959 0.237032 0.0540449
658 0.592959 0.241042 0.0531609
659 0.592959 0.25073 0.0487778
660 0.592959 0.228059 0.0526057
661 0.592959 0.231723 0.0497791
662 0.592959 0.223044 0.0497468
663 0.592959 0.222992 0.0482392
664 0.592959 0.233982 0.0504567
665 0.592959 0.251922 0.049935
666 0.592959 0.215972 0.0542945
667 0.592959 0.228727 0.0502803
668 0.592959 0.250418 0.0478915
669 0.592959 0.230805 0.0495443
670 0.592959 0.225812 0.0523565
671 0.592959 0.236982 0.0531852
672 0.592959 0.236056 0.050126
673 0.592959 0.248259 0.0528196
674 0.592959 0.270204 0.0514985
675 0.592959 0.242199 0.0506087
676 0.592959 0.242397 0.0530314
677 0.592959 0.249723 0.0493745
678 0.592959 0.247542 0.0468685
679 0.592959 0.267867 0.0520054
680 0.592959 0.24793 0.0515602
681 0.592959 0.239518 0.0533451
682 0.592959 0.235475 0.0464823
683 0.592959 0.227425 0.0504104
684 0.592959 0.205001 0.0454472
685 0.592959 0.23977 0.0453736
686 0.592959 0.261113 0.04846
687 0.592959 0.257736 0.0498169
688 0.592959 0.255459 0.0490545
689 0.592959 0.252665 0.0483534
690 0.592959 0.266172 0.0540707
691 0.592959 0.256435 0.0515196
692 0.592959 0.226245 0.0512049
693 0.592959 0.232253 0.0551675
694 0.592959 0.239733 0.0559566
695 0.592959 0.25645 0.0515005
696 0.592959 0.268295 0.0507578
697 0.592959 0.24878 0.048679
698 0.592959 0.256313 0.0526744
699 0.592959 0.248777 0.052828
700 0.592959 0.240459 0.0532903
701 0.592959 0.223789 0.0581892
702 0.592959 0.230796 0.0530839
703 0.592959 0.216508 0.0557958
704 0.592959 0.199113 0.0546494
705 0.592959 0.205111 0.0526437
706 0.592959 0.214566 0.0546573
707 0.592959 0.214749 0.0516937
708 0.592959 0.233024 0.0547367
709 0.592959 0.230615 0.0571481
710 0.592959 0.209295 0.0539779
711 0.592959 0.254783 0.0472803
712 0.592959 0.249798 0.0515354
713 0.592959 0.252599 0.0517866
714 0.592959 0.249186 0.0539237
715 0.592959 0.271649 0.0521064
716 0.592959 0.248716 0.0523211
717 0.592959 0.274084 0.0506162
718 0.592959 0.251228 0.0567766
719 0.592959 0.226682 0.0546678
720 0.592959 0.231459 0.0530397
721 0.592959 0.255315 0.0489197
722 0.592959 0.28305 0.0470475
723 0.592959 0.252442 0.0476949
724 0.592959 0.253397 0.0400575
725 0.592959 0.247008 0.0456822
726 0.592959 0.231504 0.0467085
727 0.592959 0.249034 0.0518145
728 0.592959 0.237429 0.0484809
729 0.592959 0.238922 0.0497778
730 0.592959 0.210279 0.0542019
731 0.592959 0.224639 0.0481074
732 0.592959 0.224533 0.0508611
733 0.592959 0.237728 0.0481377
734 0.592959 0.259655 0.0474792
735 0.592959 0.254938 0.0495246
736 0.592959 0.255372 0.0470782
737 0.592959 0.253036 0.0542638
738 0.592959 0.258148 0.0454595
739 0.592959 0.224339 0.046803
740 0.592959 0.220641 0.0472472
741 0.592959 0.240359 0.047564
742 0.592959 0.230141 0.0509639
743 0.592959 0.233433 0.0508549
744 0.592959 0.239496 0.0504896
745 0.592959 0.263288 0.0473976
746 0.592959 0.238409 0.0499723
747 0.592959 0.213504 0.0522058
748 0.592959 0.247003 0.0484834
749 0.592959 0.262341 0.0503174
750 0.592959 0.271923 0.0511267
751 0.592959 0.26006 0.0505291
752 0.592959 0.241358 0.053669
753 0.592959 0.245345 0.0541379
754 0.592959 0.26201 0.0510686
755 0.592959 0.232997 0.0531175
756 0.592959 0.26162 0.0531704
757 0.592959 0.240158 0.0507851
758 0.592959 0.215286 0.0575133
759 0.592959 0.214313 0.0515826
760 0.592959 0.208996 0.0543143
761 0.592959 0.205066 0.0555571
762 0.592959 0.212716 0.0537955
763 0.592959 0.190135 0.0491763
764 0.592959 0.20739 0.0537024
765 0.592959 0.223119 0.0582929
766 0.592959 0.199097 0.0538987
767 0.592959 0.219619 0.0546584
768 0.592959 0.215258 0.0520592
769 0.592959 0.18466 0.0489679
770 0.592959 0.184275 0.0534764
771 0.592959 0.189984 0.051192
772 0.592959 0.170655 0.0495826
773 0.592959 0.167497 0.0490707
774 0.592959 0.166028 0.049612
775 0.592959 0.194837 0.0511999
776 0.592959 0.218719 0.0513834
777 0.592959 0.205782 0.0472484
778 0.592959 0.206387 0.0534261
779 0.592959 0.240183 0.0534638
780 0.592959 0.236994 0.0511643
781 0.592959 0.230119 0.054595
782 0.592959 0.251897 0.0496941
783 0.592959 0.236201 0.0461835
784 0.592959 0.240084 0.0503896
785 0.592959 0.243065 0.0487175
786 0.592959 0.254739 0.045665
787 0.592959 0.221554 0.0433593
788 0.592959 0.232509 0.0510079
789 0.592959 0.21736 0.0480463
790 0.592959 0.209676 0.0533793
791 0.592959 0.210313 0.0513681
792 0.592959 0.212028 0.0529576
793 0.592959 0.193973 0.0537539
794 0.592959 0.200092 0.0470815
795 0.592959 0.20369 0.0493078
796 0.592959 0.201289 0.0501218
797 0.592959 0.2193 0.0497464
798 0.592959 0.236363 0.0527216
799 0.592959 0.222544 0.0583889
800 0.592959 0.23575 0.0526584
801 0.592959 0.243583 0.0515267
802 0.592959 0.247298 0.0499757
803 0.592959 0.285504 0.0486749
804 0.592959 0.256738 0.0475073
805 0.592959 0.254745 0.046611
806 0.592959 0.25431 0.0491365
807 0.592959 0.246337 0.045887
808 0.592959 0.248945 0.0511038
809 0.592959 0.229029 0.0461406
810 0.592959 0.229801 0.0479959
811 0.592959 0.230043 0.0525631
812 0.592959 0.24594 0.0546759
813 0.592959 0.241605 0.0497553
814 0.592959 0.231756 0.0530154
815 0.592959 0.251556 0.0495106
816 0.592959 0.252774 0.0524362
817 0.592959 0.283877 0.0490892
818 0.592959 0.264868 0.0489226
819 0.592959 0.262678 0.0505131
820 0.592959 0.257314 0.0492158
821 0.592959 0.237484 0.0514208
822 0.592959 0.228694 0.0488185
823 0.592959 0.248187 0.0483996
824 0.592959 0.26837 0.0484745
825 0.592959 0.275464 0.052931
826 0.592959 0.24019 0.0512622
827 0.592959 0.236776 0.0525098
828 0.592959 0.239937 0.0528832
829 0.592959 0.218492 0.0533634
830 0.592959 0.230635 0.0475765
831 0.592959 0.236805 0.0526818
832 0.592959 0.229007 0.050684
833 0.592959 0.243316 0.0528262
834 0.592959 0.267229 0.0526253
835 0.592959 0.257084 0.0524857
836 0.592959 0.244585 0.0524864
837 0.592959 0.226581 0.049367
838 0.592959 0.215309 0.0493641
839 0.592959 0.201277 0.0490626
840 0.592959 0.20349 0.048721
841 0.592959 0.219342 0.0505363
842 0.592959 0.227766 0.0528931
843 0.592959 0.238192 0.0503872
844 0.592959 0.225625 0.0476726
845 0.592959 0.222625 0.0447103
846 0.592959 0.24323 0.0492252
847 0.592959 0.244187 0.0486631
848 0.592959 0.246498 0.0519139
849 0.592959 0.264289 0.050199
850 0.592959 0.244181 0.0525265
851 0.592959 0.239341 0.0543365
852 0.592959 0.232041 0.0541684
853 0.592959 0.20784 0.0516219
854 0.592959 0.220767 0.0522975
855 0.592959 0.254846 0.0545257
856 0.592959 0.212241 0.0513652
857 0.592959 0.222149 0.0516437
858 0.592959 0.196537 0.053144
859 0.592959 0.1967 0.0531464
860 0.592959 0.211771 0.0584882
861 0.592959 0.194922 0.0522292
862 0.592959 0.176254 0.0490023
863 0.592959 0.188644 0.0514992
864 0.592959 0.207259 0.052693
865 0.592959 0.212589 0.0541053
866 0.592959 0.238265 0.0521207
867 0.592959 0.234426 0.0538935
868 0.592959 0.234152 0.0541253
869 0.592959 0.235723 0.0518043
870 0.592959 0.251153 0.050271
871 0.592959 0.235549 0.0490327
872 0.592959 0.260696 0.0517803
873 0.592959 0.266595 0.0492838
874 0.592959 0.245953 0.0481721
875 0.592959 0.240171 0.0518433
876 0.592959 0.241888 0.0489792
877 0.592959 0.252434 0.0496492
878 0.592959 0.246256 0.0476037
879 0.592959 0.209593 0.0473698
880 0.592959 0.230384 0.0487694
881 0.592959 0.233093 0.0506921
882 0.592959 0.225726 0.0482414
883 0.592959 0.212823 0.0455926
884 0.592959 0.189519 0.0460779
885 0.592959 0.197669 0.048569
886 0.592959 0.238422 0.0548064
887 0.592959 0.23188 0.0558687
888 0.592959 0.219288 0.0530529
889 0.592959 0.218652 0.0555279
890 0.592959 0.226731 0.052594
891 0.592959 0.217506 0.0488502
892 0.592959 0.238709 0.0515761
893 0.592959 0.225525 0.0512769
894 0.592959 0.230557 0.051886
895 0.592959 0.240127 0.0556838
896 0.592959 0.224235 0.0551105
897 0.592959 0.221786 0.0535344
898 0.592959 0.222527 0.0578364
899 0.592959 0.190421 0.0473693
900 0.592959 0.203601 0.0514523
901 0.592959 0.208787 0.0500964
902 0.592959 0.205633 0.0493525
903 0.592959 0.206282 0.0513546
904 0.592959 0.231736 0.0523093
905 0.592959 0.238314 0.0522508
906 0.592959 0.214407 0.050517
907 0.592959 0.266383 0.0535045
908 0.592959 0.253229 0.0515211
909 0.594606 0.236491 0.0509001
910 0.594606 0.234056 0.0529023
911 0.594606 0.232314 0.0540144
912 0.594606 0.218073 0.0543595
913 0.594606 0.19023 0.0500195
914 0.594606 0.204034 0.0523972
915 0.594606 0.220388 0.0545545
916 0.594606 0.21351 0.0531002
917 0.594606 0.220321 0.0498313
918 0.594606 0.21726 0.0509585
919 0.594606 0.242381 0.0474381
920 0.594606 0.226746 0.0485619
921 0.594606 0.241404 0.0485522
922 0.594606 0.258766 0.0479521
923 0.594606 0.247996 0.0485145
924 0.594606 0.229392 0.0505383
925 0.594606 0.238402 0.0496043
926 0.594606 0.231837 0.0475975
927 0.594606 0.234851 0.0457962
928 0.594606 0.212154 0.0466651
929 0.594606 0.237366 0.0509402
930 0.594606 0.222185 0.048904
931 0.594606 0.23075 0.0507287
932 0.594606 0.222412 0.0505469
933 0.594606 0.206409 0.0522318
934 0.594606 0.209883 0.051034
935 0.594606 0.205242 0.0522611
936 0.594606 0.245472 0.0507616
937 0.594606 0.23592 0.0483618
938 0.594606 0.222373 0.0498489
939 0.594606 0.233194 0.0516717
940 0.594606 0.211264 0.0529151
941 0.594606 0.204586 0.0498233
942 0.594606 0.23538 0.0558951
943 0.594606 0.208377 0.0537788
944 0.594606 0.206861 0.0568353
945 0.594606 0.212319 0.0527227
946 0.594606 0.226484 0.0546205
947 0.594606 0.219338 0.0526871
948 0.594606 0.219958 0.0502582
949 0.594606 0.23803 0.0481328
950 0.594606 0.251166 0.0504108
951 0.594606 0.258222 0.0543131
952 0.594606 0.249529 0.0492681
953 0.594606 0.259607 0.0495443
954 0.594606 0.230281 0.0503476
955 0.594606 0.225369 0.0524704
956 0.594606 0.231443 0.0539026
957 0.594606 0.230623 0.0535003
958 0.594606 0.238032 0.0514784
959 0.594606 0.234944 0.0488478
960 0.594606 0.264572 0.0503824
961 0.594606 0.24969 0.0492117
962 0.594606 0.253878 0.0481799
963 0.594606 0.264181 0.0495095
964 0.594606 0.254044 0.0493873
965 0.594606 0.252945 0.0496049
966 0.594606 0.263185 0.0511898
967 0.594606 0.227103 0.050531
968 0.594606 0.247857 0.0505138
969 0.594606 0.24163 0.0513262
970 0.594606 0.21584 0.049158
971 0.594606 0.224179 0.0539424
972 0.594606 0.227548 0.0515313
973 0.594606 0.259714 0.0461567
974 0.594606 0.268292 0.0475042
975 0.594606 0.268753 0.045802
976 0.594606 0.22079 0.0529275
977 0.594606 0.25966 0.0555956
978 0.594606 0.240675 0.0519336
979 0.594705 0.235769 0.0531907
980 0.594705 0.208035 0.0503153
981 0.594705 0.202144 0.0505419
982 0.594705 0.208997 0.0570323
983 0.594705 0.216083 0.0579935
984 0.594705 0.2252 0.0550252
985 0.594705 0.236489 0.0569778
986 0.594705 0.206903 0.0553692
987 0.594705 0.230769 0.0491393
988 0.594705 0.219046 0.0502629
989 0.594705 0.210327 0.0500316
990 0.594705 0.221521 0.0555912
991 0.594705 0.238245 0.0512868
992 0.594705 0.227368 0.0521749
993 0.594705 0.241845 0.0538726
994 0.594705 0.24682 0.0520216
995 0.594705 0.23298 0.0564867
996 0.594705 0.233063 0.0492851
997 0.594705 0.24007 0.0523512
998 0.594705 0.252101 0.0576963
999 0.594705 0.281201 0.0558155
1000 0.597011 0.302302 0.0539107
