0 0.125276 0.0614604 0.00393329
1 0.125276 0.0627004 0.00394068
2 0.125276 0.0689634 0.00389715
3 0.125276 0.0776149 0.00372534
4 0.125276 0.0888417 0.00324943
5 0.125276 0.0893412 0.0031827
6 0.125276 0.0953228 0.00284635
7 0.125276 0.0938911 0.0028948
8 0.125276 0.0949632 0.00285401
9 0.125276 0.102313 0.00232738
10 0.125276 0.102659 0.00232823
11 0.125278 0.106659 0.00196526
12 0.125278 0.107955 0.00184361
13 0.125278 0.108903 0.00178996
14 0.125278 0.107633 0.00190494
15 0.125278 0.108929 0.00178241
16 0.125278 0.108909 0.00178521
17 0.125634 0.106394 0.00201633
18 0.125634 0.103973 0.00221903
19 0.125634 0.111429 0.00154193
20 0.125634 0.106393 0.00201484
21 0.125634 0.10765 0.00190321
22 0.125634 0.105154 0.0021239
23 0.125839 0.103978 0.00221758
24 0.125839 0.113913 0.00129454
25 0.125839 0.117662 0.000892624
26 0.125839 0.112657 0.00142445
27 0.125843 0.116436 0.0010266
28 0.125912 0.115201 0.00115901
29 0.125912 0.112685 0.00142105
30 0.126467 0.115216 0.00116469
31 0.126467 0.112703 0.00142305
32 0.126467 0.100232 0.00252735
33 0.126467 0.0978505 0.00268779
34 0.244028 0.0976742 0.0030115
35 0.244028 0.0954678 0.00310175
36 0.244028 0.0882418 0.00369312
37 0.244028 0.0945218 0.00332234
38 0.370666 0.0979666 0.00398563
39 0.370666 0.091779 0.00522382
40 0.370666 0.107207 0.00468457
41 0.370666 0.0955792 0.00561218
42 0.370666 0.0979039 0.00634109
43 0.370666 0.100161 0.00709749
44 0.370666 0.0989652 0.00803879
45 0.417088 0.109498 0.00802309
46 0.440343 0.116718 0.009817
47 0.500236 0.12332 0.0109615
47 0.470391 0.0451146 0.0119904
48 0.470391 0.0491978 0.0140011
49 0.470391 0.0590329 0.0160332
50 0.470391 0.0624781 0.0188373
51 0.497129 0.0747484 0.0222406
52 0.497129 0.0626835 0.0193039
53 0.497129 0.0752797 0.022129
54 0.497129 0.0904483 0.0270812
55 0.518502 0.0727555 0.0238141
56 0.518502 0.0804655 0.0262989
57 0.518502 0.0973196 0.0292253
58 0.525969 0.121898 0.0342814
59 0.525969 0.121907 0.0351752
60 0.525969 0.11725 0.0341259
61 0.525969 0.0918997 0.0293049
62 0.525969 0.11573 0.0326692
63 0.525969 0.0867111 0.0293041
64 0.525969 0.0917198 0.0315523
65 0.525969 0.101614 0.0335033
66 0.55214 0.12864 0.0410581
67 0.55214 0.119555 0.0398154
68 0.55214 0.140457 0.0436806
69 0.55214 0.141916 0.0450055
70 0.558359 0.141461 0.0412909
71 0.558359 0.169721 0.0424829
72 0.558359 0.173668 0.042226
73 0.558359 0.149932 0.0407758
74 0.558359 0.122046 0.037153
75 0.558359 0.139637 0.0408396
76 0.558359 0.144975 0.0452521
77 0.558359 0.162317 0.0509494
78 0.558359 0.170336 0.0489599
79 0.58216 0.175586 0.0476564
80 0.58216 0.186467 0.045775
81 0.58216 0.189143 0.048141
82 0.58216 0.192858 0.047836
83 0.58216 0.204228 0.0492862
84 0.58216 0.242877 0.0527686
85 0.58216 0.202792 0.0477236
86 0.58216 0.193253 0.0498887
87 0.58216 0.187014 0.0468485
88 0.58216 0.203582 0.0500683
89 0.58216 0.209567 0.0549638
90 0.58216 0.231793 0.052424
91 0.58216 0.220614 0.0550964
92 0.58216 0.209539 0.0564235
93 0.58216 0.217739 0.0556533
94 0.58216 0.247641 0.0568736
95 0.58216 0.222842 0.0528535
96 0.58216 0.217716 0.0498237
97 0.58216 0.2381 0.0502514
98 0.58216 0.244602 0.045935
99 0.58216 0.231258 0.0456953
100 0.58216 0.232954 0.0483205
101 0.58216 0.22378 0.0486458
102 0.58216 0.232986 0.0479649
103 0.58216 0.221719 0.0499987
104 0.58216 0.263311 0.0514645
105 0.58216 0.245033 0.0517348
106 0.58216 0.22419 0.0497802
107 0.58216 0.234976 0.0481847
108 0.58216 0.255711 0.0500735
109 0.58216 0.252941 0.048091
110 0.58216 0.239955 0.0531358
111 0.58216 0.244043 0.0524962
112 0.58216 0.238862 0.0485971
113 0.58216 0.249148 0.044709
114 0.58216 0.249735 0.0453846
115 0.58216 0.244452 0.0510365
116 0.58216 0.244899 0.0516743
117 0.58216 0.222467 0.0527696
118 0.58216 0.199995 0.0525389
119 0.58216 0.183994 0.047548
120 0.58216 0.214976 0.0501895
121 0.58216 0.184695 0.0487721
122 0.58216 0.184971 0.0487864
123 0.58216 0.189893 0.0530597
124 0.58216 0.191026 0.0512394
125 0.58216 0.204415 0.0522697
126 0.58216 0.209897 0.0518706
127 0.58216 0.210736 0.0497998
128 0.58216 0.211338 0.050059
129 0.586248 0.22196 0.0531284
130 0.586248 0.243667 0.0532336
131 0.586248 0.207424 0.0533473
132 0.586248 0.207798 0.0459701
133 0.586248 0.20084 0.050529
134 0.586248 0.199421 0.0511716
135 0.586311 0.219147 0.0559982
136 0.586311 0.193434 0.0510665
137 0.586311 0.196692 0.0526358
138 0.586311 0.216317 0.0534273
139 0.586311 0.227498 0.0492498
140 0.589212 0.261622 0.0573041
141 0.589212 0.252182 0.0541928
142 0.590349 0.235605 0.0504962
143 0.590349 0.228395 0.0513523
144 0.590349 0.240785 0.052524
145 0.590349 0.222681 0.0513915
146 0.590349 0.229474 0.049873
147 0.590349 0.252174 0.0502447
148 0.590349 0.256474 0.0525595
149 0.590434 0.200903 0.0519067
150 0.590434 0.243188 0.0542245
151 0.590434 0.234696 0.0534012
152 0.590434 0.226846 0.0507111
153 0.590434 0.22662 0.0508695
154 0.591781 0.210117 0.0494374
155 0.59197 0.218328 0.055287
156 0.59197 0.234316 0.056209
157 0.59197 0.211486 0.053516
158 0.59197 0.204432 0.0546382
159 0.59197 0.221685 0.058429
160 0.59197 0.222637 0.0552014
161 0.59197 0.247636 0.0577518
162 0.59197 0.227501 0.0527743
163 0.59197 0.23979 0.0493728
164 0.59197 0.300041 0.0456244
165 0.595903 0.284805 0.0474867
166 0.595903 0.285018 0.0479021
167 0.595903 0.257063 0.0474132
168 0.595903 0.246578 0.0475135
169 0.597992 0.241305 0.0531091
170 0.597992 0.252727 0.0576899
171 0.597992 0.242692 0.0522711
172 0.597992 0.244604 0.0519558
173 0.597992 0.237472 0.0507922
174 0.597992 0.226945 0.0546027
175 0.597992 0.23177 0.0509238
176 0.597992 0.262145 0.051662
177 0.597992 0.235891 0.0479487
178 0.597992 0.245389 0.0513003
179 0.597992 0.237013 0.0509973
180 0.597992 0.219493 0.0493002
181 0.597992 0.213471 0.0464172
182 0.597992 0.251107 0.0488421
183 0.597992 0.245709 0.0527941
184 0.597992 0.231067 0.0549241
185 0.597992 0.248826 0.0522471
186 0.597992 0.252341 0.0529819
187 0.597992 0.251398 0.0521793
188 0.597992 0.252634 0.0549245
189 0.597992 0.265713 0.0544402
190 0.597992 0.260958 0.0572794
191 0.597992 0.25471 0.0538105
192 0.597992 0.267379 0.0528545
193 0.597992 0.273717 0.0504684
194 0.597992 0.263548 0.051978
195 0.597992 0.252926 0.0522749
196 0.597992 0.256556 0.0528512
197 0.597992 0.271766 0.0499778
198 0.597992 0.252043 0.0518692
199 0.597992 0.242117 0.0479886
200 0.597992 0.258048 0.0516526
201 0.597992 0.261688 0.0525185
202 0.597992 0.279626 0.0519744
203 0.597992 0.268351 0.0510773
204 0.597992 0.26949 0.049245
205 0.597992 0.238326 0.0539298
206 0.597992 0.225243 0.0517137
207 0.597992 0.239635 0.0521739
208 0.597992 0.247694 0.0552533
209 0.597992 0.242235 0.0519516
210 0.597992 0.246216 0.0514096
211 0.597992 0.263877 0.0526855
212 0.597992 0.280787 0.0529267
213 0.597992 0.274346 0.0549951
214 0.597992 0.249065 0.0535635
215 0.597992 0.230081 0.0529945
216 0.597992 0.222514 0.0559244
217 0.597992 0.230097 0.0525499
218 0.597992 0.252992 0.0491667
219 0.597992 0.276733 0.0482369
220 0.597992 0.246042 0.0505661
221 0.597992 0.236674 0.0533912
222 0.597992 0.224122 0.0524555
223 0.597992 0.25609 0.0540677
224 0.597992 0.261081 0.051299
225 0.597992 0.258396 0.0531438
226 0.597992 0.237187 0.0529314
227 0.597992 0.232785 0.0578695
228 0.597992 0.225257 0.0528556
229 0.597992 0.229929 0.0536261
230 0.597992 0.250914 0.0540814
231 0.597992 0.249689 0.0530763
232 0.597992 0.238707 0.0542839
233 0.597992 0.228057 0.0523519
234 0.597992 0.232232 0.0515884
235 0.597992 0.25262 0.0552686
236 0.597992 0.256854 0.0566302
237 0.597992 0.265963 0.0560077
238 0.597992 0.265638 0.0539273
239 0.597992 0.245808 0.0553401
240 0.597992 0.240117 0.0532678
241 0.597992 0.241714 0.0556823
242 0.597992 0.218178 0.0564009
243 0.597992 0.222315 0.0508692
244 0.597992 0.208397 0.0482827
245 0.597992 0.223156 0.0487645
246 0.597992 0.188999 0.0491769
247 0.597992 0.229809 0.0521029
248 0.597992 0.233305 0.0551774
249 0.597992 0.229046 0.0551107
250 0.597992 0.247744 0.0517898
251 0.597992 0.240237 0.0564646
252 0.597992 0.202393 0.0487155
253 0.597992 0.217851 0.0560972
254 0.597992 0.241502 0.0525549
255 0.597992 0.22005 0.0593967
256 0.597992 0.217259 0.0591634
257 0.597992 0.227875 0.055269
258 0.597992 0.236093 0.0578481
259 0.597992 0.219559 0.0559168
260 0.597992 0.217784 0.0553791
261 0.598136 0.227902 0.0593171
262 0.598136 0.222326 0.0586621
263 0.598136 0.247322 0.0584002
264 0.598136 0.241507 0.0546413
265 0.598136 0.23961 0.0514334
266 0.598136 0.256268 0.0513491
267 0.598136 0.224674 0.0505272
268 0.598136 0.248808 0.0547651
269 0.598136 0.254233 0.0540323
270 0.598136 0.223325 0.0486494
271 0.598136 0.235937 0.0533964
272 0.598136 0.244118 0.0536347
273 0.598136 0.2404 0.0536055
274 0.598136 0.239283 0.0502478
275 0.598136 0.267083 0.0534484
276 0.598136 0.280569 0.0490579
277 0.598136 0.245544 0.0520003
278 0.598136 0.23069 0.0561207
279 0.598136 0.24854 0.0559753
280 0.598136 0.26068 0.0574861
281 0.598136 0.253135 0.0580968
282 0.598136 0.26943 0.0531564
283 0.598136 0.266173 0.0525047
284 0.598136 0.25333 0.0522822
285 0.598136 0.273075 0.0575305
286 0.598136 0.225401 0.0535395
287 0.598136 0.239836 0.0560845
288 0.598136 0.217229 0.0509589
289 0.598136 0.251681 0.0524298
290 0.598136 0.249944 0.0520097
291 0.598136 0.251495 0.0565944
292 0.598338 0.26718 0.0531164
293 0.598338 0.257088 0.0541271
294 0.598338 0.258368 0.0521302
295 0.598338 0.271739 0.0495276
296 0.598338 0.279311 0.051249
297 0.598338 0.26151 0.0518442
298 0.598338 0.269235 0.051286
299 0.598338 0.282386 0.0486055
300 0.598338 0.282683 0.0485135
301 0.598338 0.260325 0.0500973
302 0.598338 0.27175 0.0528082
303 0.598338 0.248253 0.0552595
304 0.598338 0.261769 0.0509111
305 0.598338 0.236075 0.0518678
306 0.598338 0.234356 0.0516864
307 0.598338 0.227048 0.0513877
308 0.598338 0.253511 0.0483858
309 0.598338 0.235897 0.0537539
310 0.598338 0.233181 0.0542219
311 0.598338 0.225575 0.0557127
312 0.598338 0.218843 0.0526138
313 0.598338 0.223453 0.0535606
314 0.598338 0.245549 0.0574376
315 0.598338 0.235444 0.0562373
316 0.598338 0.258319 0.0563836
317 0.598338 0.259138 0.0543635
318 0.598338 0.260045 0.0551671
319 0.598338 0.278992 0.0486876
320 0.598338 0.259215 0.0568386
321 0.598338 0.234698 0.0623554
322 0.598338 0.234855 0.0570846
323 0.598338 0.208163 0.0522709
324 0.598338 0.221024 0.0521399
325 0.598338 0.220769 0.0537157
326 0.598338 0.217087 0.0555264
327 0.598338 0.232566 0.0519938
328 0.598338 0.253075 0.0505792
329 0.598338 0.259563 0.0521835
330 0.598338 0.259365 0.0492769
331 0.598338 0.242597 0.0530336
332 0.598338 0.230351 0.0512138
333 0.598338 0.274271 0.0520473
334 0.598338 0.262335 0.0543328
335 0.598338 0.286024 0.050939
336 0.598338 0.296352 0.0535342
337 0.598338 0.275825 0.0547961
338 0.598338 0.25718 0.0589618
339 0.598338 0.254256 0.0587862
340 0.598338 0.241059 0.0558938
341 0.598338 0.255495 0.0514162
342 0.598338 0.236213 0.0522843
343 0.598338 0.235767 0.0572546
344 0.598338 0.222748 0.0540769
345 0.598338 0.226278 0.055075
346 0.598338 0.203247 0.0531538
347 0.598338 0.208069 0.0542734
348 0.598338 0.220309 0.0517149
349 0.598338 0.196846 0.0508161
350 0.598338 0.21158 0.0465261
351 0.598338 0.205256 0.0486207
352 0.598338 0.259368 0.0538643
353 0.598338 0.255093 0.0575009
354 0.598338 0.226217 0.0536697
355 0.598338 0.235558 0.0533482
356 0.598338 0.25342 0.0533584
357 0.598338 0.239561 0.0508928
358 0.598338 0.251782 0.0545131
359 0.598338 0.234142 0.0526043
360 0.598338 0.253606 0.055341
361 0.598338 0.246847 0.0519574
362 0.598338 0.268951 0.0461293
363 0.598338 0.283884 0.0494118
364 0.598338 0.273917 0.04879
365 0.598338 0.247214 0.0518571
366 0.598338 0.259723 0.0569668
367 0.598338 0.263775 0.0553834
368 0.598338 0.250823 0.0541379
369 0.598338 0.248279 0.0527195
370 0.598338 0.255455 0.0543481
371 0.598338 0.271093 0.0561805
372 0.598338 0.264214 0.054178
373 0.598338 0.268537 0.0552827
374 0.598338 0.265684 0.0553776
375 0.598338 0.251031 0.0545759
376 0.598338 0.243991 0.0584244
377 0.598338 0.235953 0.0592647
378 0.598338 0.251196 0.0563442
379 0.598338 0.258472 0.0552711
380 0.598338 0.259964 0.0539399
381 0.598338 0.231143 0.0548678
382 0.598338 0.237571 0.0551743
383 0.598338 0.230673 0.0542872
384 0.598338 0.231932 0.0523221
385 0.598338 0.227463 0.0530066
386 0.598338 0.240842 0.0555473
387 0.598338 0.226452 0.0558787
388 0.598338 0.223573 0.0545038
389 0.598338 0.23891 0.0601434
390 0.598338 0.253459 0.052677
391 0.598338 0.2668 0.0500104
392 0.598338 0.270908 0.0503134
393 0.598338 0.275428 0.0534968
394 0.598338 0.260708 0.0544089
395 0.598338 0.233797 0.05059
396 0.598338 0.269629 0.0516718
397 0.598338 0.273343 0.0534085
398 0.598338 0.25283 0.0550069
399 0.598338 0.241474 0.0555364
400 0.598338 0.234857 0.0539924
401 0.598338 0.23655 0.0490242
402 0.598338 0.245482 0.0527365
403 0.598338 0.260971 0.0548279
404 0.598338 0.266104 0.0470591
405 0.598338 0.281093 0.0434796
406 0.598338 0.300792 0.0465831
407 0.598338 0.280913 0.0532642
408 0.598338 0.284018 0.0527856
409 0.598338 0.273347 0.0509044
410 0.598338 0.277082 0.0459826
411 0.598338 0.275977 0.0471015
412 0.598338 0.251298 0.0496482
413 0.598338 0.237112 0.0515545
414 0.598338 0.244301 0.0524831
415 0.598338 0.24147 0.0508466
416 0.598338 0.263295 0.0525607
417 0.598338 0.233555 0.0478253
418 0.598338 0.267361 0.0535955
419 0.598338 0.26489 0.0493813
420 0.598338 0.254024 0.0522673
421 0.598338 0.199445 0.0496434
422 0.598338 0.220906 0.0523254
423 0.598338 0.21767 0.0521576
424 0.598338 0.214208 0.0524737
425 0.598338 0.23722 0.05211
426 0.598338 0.243442 0.0573466
427 0.598338 0.24194 0.0563677
428 0.598338 0.267809 0.0579132
429 0.598338 0.254773 0.0573663
430 0.598338 0.264259 0.0513362
431 0.598338 0.237948 0.0516913
432 0.598338 0.246931 0.0508505
433 0.598338 0.258969 0.0516817
434 0.598338 0.239855 0.0491828
435 0.598338 0.234833 0.0499183
436 0.598338 0.249806 0.0549352
437 0.598338 0.244941 0.056571
438 0.598338 0.228869 0.0552451
439 0.598338 0.23175 0.0537509
440 0.598338 0.218914 0.0498882
441 0.598338 0.247294 0.0496645
442 0.598338 0.230359 0.0541785
443 0.598338 0.253652 0.0537291
444 0.598338 0.228647 0.0544088
445 0.598338 0.234498 0.0571123
446 0.598338 0.235851 0.0554933
447 0.598338 0.23897 0.0558436
448 0.598338 0.245125 0.052387
449 0.598338 0.240351 0.0485881
450 0.598338 0.22712 0.0515098
451 0.598338 0.210934 0.0520765
452 0.598338 0.226264 0.0510314
453 0.598338 0.236744 0.0545028
454 0.598338 0.228925 0.0550435
455 0.598338 0.207083 0.0515105
456 0.598338 0.233915 0.0500716
457 0.598338 0.226846 0.053297
458 0.598338 0.240267 0.0557946
459 0.598338 0.239958 0.048656
460 0.598338 0.231074 0.0560041
461 0.598338 0.245495 0.0528445
462 0.598338 0.244315 0.0528282
463 0.598338 0.242733 0.0487204
464 0.598338 0.242166 0.0474451
465 0.598338 0.268225 0.0500907
466 0.598338 0.278475 0.0496652
467 0.598338 0.297967 0.0444707
468 0.598338 0.273589 0.0465227
469 0.598338 0.286197 0.0465087
470 0.598338 0.251111 0.0551235
471 0.598338 0.266898 0.0492041
472 0.598338 0.270972 0.0512096
473 0.598338 0.24082 0.0544333
474 0.598338 0.239201 0.0540104
475 0.599342 0.249836 0.0552888
476 0.599342 0.273789 0.0579208
477 0.599342 0.252581 0.0525879
478 0.599342 0.233724 0.0520989
479 0.599342 0.299588 0.0458614
480 0.599342 0.246436 0.0465693
481 0.599342 0.245335 0.048655
482 0.599342 0.253273 0.0514766
483 0.599342 0.245529 0.0535136
484 0.599342 0.243556 0.052761
485 0.599342 0.254537 0.0503069
486 0.599342 0.237942 0.0507682
487 0.599342 0.252366 0.0501651
488 0.599342 0.264088 0.0463556
489 0.599342 0.252951 0.0497592
490 0.599342 0.257645 0.0544669
491 0.599342 0.244549 0.0545565
492 0.599342 0.225548 0.053308
493 0.599342 0.257324 0.0503084
494 0.599342 0.258564 0.0521476
495 0.599342 0.213952 0.0506862
496 0.599342 0.228058 0.0491332
497 0.599342 0.217031 0.053013
498 0.599342 0.226278 0.0484052
499 0.599342 0.196026 0.0504794
500 0.599342 0.221623 0.0512268
501 0.599342 0.233401 0.0524716
502 0.599342 0.237973 0.0555634
503 0.599342 0.213954 0.0517622
504 0.599342 0.243275 0.0529703
505 0.599342 0.217249 0.0532392
506 0.599342 0.233557 0.051093
507 0.599342 0.223184 0.0490973
508 0.599342 0.218238 0.0526438
509 0.599342 0.22482 0.0558623
510 0.599342 0.268775 0.0544432
511 0.599342 0.238242 0.0575884
512 0.599342 0.256395 0.0562077
513 0.599342 0.232033 0.0536121
514 0.599342 0.209791 0.0532662
515 0.599342 0.238995 0.0519305
516 0.599342 0.254195 0.0533572
517 0.599342 0.246376 0.0526745
518 0.599342 0.257856 0.0536351
519 0.599342 0.231723 0.0529129
520 0.599342 0.237203 0.0538887
521 0.599342 0.253738 0.0568313
522 0.599342 0.268549 0.0568921
523 0.599342 0.259827 0.0524458
524 0.599342 0.262882 0.0521098
525 0.599342 0.280241 0.0528894
526 0.599342 0.30572 0.0465436
527 0.599342 0.279096 0.0471883
528 0.599342 0.267912 0.0503277
529 0.599342 0.231975 0.0503286
530 0.599342 0.254021 0.0518776
531 0.599342 0.247701 0.0538266
532 0.599342 0.240937 0.0531525
533 0.599342 0.243943 0.0531282
534 0.599342 0.223442 0.0510089
535 0.599342 0.229624 0.0521317
536 0.599342 0.24761 0.0517235
537 0.599342 0.254081 0.0495676
538 0.599342 0.268738 0.0523005
539 0.599342 0.249738 0.0468772
540 0.599342 0.258049 0.0511856
541 0.599342 0.27979 0.0587724
542 0.599342 0.245088 0.0578055
543 0.599342 0.251569 0.0532937
544 0.599342 0.247376 0.0461583
545 0.599342 0.238805 0.0466048
546 0.599342 0.249565 0.0498966
547 0.599342 0.28572 0.0467465
548 0.599342 0.263074 0.0523465
549 0.599342 0.27787 0.0545836
550 0.599342 0.290908 0.0527119
551 0.599342 0.268326 0.0523237
552 0.599342 0.259339 0.0498514
553 0.599342 0.252065 0.0491918
554 0.599342 0.268603 0.0508054
555 0.599342 0.257943 0.051292
556 0.599342 0.240258 0.0482766
557 0.599342 0.239212 0.0513095
558 0.599342 0.240792 0.0478395
559 0.599342 0.249167 0.0495938
560 0.599342 0.213509 0.0514989
561 0.599342 0.235167 0.04968
562 0.599342 0.220136 0.0508415
563 0.599342 0.231109 0.0506449
564 0.599342 0.226871 0.0483049
565 0.599342 0.231718 0.0507721
566 0.599342 0.207009 0.0511158
567 0.599342 0.229942 0.0524629
568 0.599342 0.237621 0.0510327
569 0.599342 0.234791 0.0500254
570 0.599342 0.254445 0.0499809
571 0.599342 0.254169 0.0499041
572 0.599342 0.28026 0.0490311
573 0.599342 0.283577 0.0481315
574 0.599342 0.270468 0.0501361
575 0.599342 0.255663 0.0496146
576 0.599342 0.268915 0.0483456
577 0.599342 0.283149 0.052959
578 0.599342 0.266597 0.0532857
579 0.605073 0.275696 0.0505222
580 0.605073 0.288395 0.0482118
581 0.605073 0.285439 0.0475898
582 0.605073 0.272271 0.053308
583 0.605073 0.209898 0.0541968
584 0.605073 0.230271 0.0528777
585 0.605073 0.234532 0.052355
586 0.605073 0.262361 0.0513446
587 0.605073 0.288751 0.0494371
588 0.605073 0.253545 0.05062
589 0.605073 0.260607 0.0523706
590 0.605073 0.244848 0.0535954
591 0.605073 0.249783 0.0540715
592 0.605073 0.247928 0.055511
593 0.605073 0.27011 0.0507437
594 0.605073 0.269983 0.0502311
595 0.605073 0.258115 0.0520549
596 0.605073 0.237289 0.0557068
597 0.605073 0.243528 0.0532373
598 0.605073 0.260803 0.0544105
599 0.605073 0.22203 0.0551574
600 0.605073 0.233958 0.0559609
601 0.605073 0.232083 0.054008
602 0.605073 0.242132 0.0555947
603 0.605073 0.236373 0.0583017
604 0.605073 0.199439 0.0497807
605 0.605099 0.200803 0.0471313
606 0.605099 0.220345 0.0494311
607 0.605099 0.222482 0.0548616
608 0.605099 0.210332 0.055629
609 0.605099 0.197066 0.0535338
610 0.605099 0.238528 0.0528847
611 0.605099 0.244911 0.056661
612 0.605099 0.234082 0.0568273
613 0.605099 0.246213 0.0596415
614 0.605099 0.213046 0.0562647
615 0.605099 0.202485 0.0521995
616 0.605099 0.199476 0.0557076
617 0.605099 0.179085 0.0570846
618 0.60529 0.160155 0.0574754
619 0.60529 0.149454 0.0538045
620 0.60529 0.179296 0.0518579
621 0.60529 0.154969 0.0493936
622 0.60529 0.200287 0.0552701
623 0.60529 0.232505 0.0597495
624 0.60529 0.235535 0.0609965
625 0.60529 0.228061 0.057101
626 0.60529 0.200452 0.0591304
627 0.60529 0.2457 0.0594665
628 0.60529 0.240859 0.0545869
629 0.605453 0.213875 0.0577257
630 0.605453 0.199118 0.0585039
631 0.605453 0.187024 0.0589575
632 0.605801 0.208436 0.0582358
633 0.605801 0.212116 0.0578333
634 0.605801 0.207133 0.055133
635 0.605801 0.218856 0.0561782
636 0.605801 0.217424 0.0564668
637 0.605801 0.220326 0.0580944
638 0.605801 0.209665 0.0532281
639 0.605801 0.231812 0.0560584
640 0.605801 0.224968 0.0514346
641 0.605801 0.222344 0.052799
642 0.607721 0.202502 0.0543421
643 0.607721 0.220371 0.0543633
644 0.607721 0.237396 0.0558621
645 0.607721 0.235224 0.0573913
646 0.607721 0.249947 0.05345
647 0.607721 0.229095 0.059149
648 0.607721 0.263297 0.0571092
649 0.607721 0.253916 0.0543291
650 0.607721 0.222301 0.0572066
651 0.607721 0.231173 0.0579862
652 0.607721 0.228764 0.0568814
653 0.608107 0.25697 0.0647798
654 0.608107 0.28944 0.0583614
655 0.608107 0.239121 0.0583593
656 0.608107 0.235399 0.0585334
657 0.608107 0.216646 0.0559852
658 0.608107 0.243447 0.0532155
659 0.608107 0.247037 0.055399
660 0.608107 0.234453 0.0518706
661 0.608107 0.241679 0.0575663
662 0.608107 0.246598 0.0585636
663 0.608107 0.238138 0.0593113
664 0.608107 0.219799 0.0583814
665 0.608107 0.24136 0.0591852
666 0.608107 0.242294 0.0550722
667 0.608107 0.24349 0.0550581
668 0.608107 0.239249 0.0545907
669 0.608107 0.221156 0.0540635
670 0.608107 0.216209 0.0543378
671 0.608107 0.217274 0.051823
672 0.608107 0.228788 0.0559073
673 0.608107 0.270651 0.0541792
674 0.608107 0.242288 0.0564767
675 0.609875 0.229891 0.0579896
676 0.609875 0.203269 0.0537211
677 0.609875 0.237424 0.0556191
678 0.609875 0.238697 0.060101
679 0.609875 0.243257 0.057376
680 0.609875 0.253003 0.0544324
681 0.609875 0.252435 0.0535606
682 0.609875 0.2609 0.0606058
683 0.609875 0.253859 0.0544368
684 0.609875 0.247056 0.0521567
685 0.609875 0.243248 0.0510027
686 0.609875 0.208459 0.0526801
687 0.609875 0.190477 0.0534108
688 0.609875 0.21277 0.053609
689 0.609875 0.212839 0.0548569
690 0.609875 0.221106 0.0541514
691 0.609875 0.230368 0.0517872
692 0.609875 0.226284 0.054201
693 0.609875 0.260396 0.0564342
694 0.609875 0.240485 0.0637152
695 0.609875 0.229688 0.0610512
696 0.609875 0.210054 0.0528771
697 0.609875 0.196175 0.0529967
698 0.609875 0.237844 0.060273
699 0.609875 0.209242 0.058114
700 0.609875 0.20377 0.0563286
701 0.609875 0.206221 0.0553254
702 0.609875 0.184232 0.0527525
703 0.610091 0.20945 0.0566104
704 0.610091 0.226552 0.0612292
705 0.610091 0.219813 0.0570462
706 0.610091 0.204183 0.0570939
707 0.610091 0.197071 0.0557284
708 0.610091 0.21448 0.0511777
709 0.610091 0.239281 0.0564156
710 0.610091 0.234639 0.0561339
711 0.610091 0.231049 0.0544115
712 0.610091 0.242008 0.0589326
713 0.61011 0.257085 0.0571016
714 0.61011 0.246207 0.0537896
715 0.61011 0.203575 0.0541505
716 0.61011 0.234845 0.0559687
717 0.61011 0.224309 0.0577122
718 0.61011 0.237246 0.0535996
719 0.61011 0.213109 0.0548761
720 0.61011 0.20811 0.0546355
721 0.61011 0.209146 0.0575384
722 0.61011 0.219128 0.0573091
723 0.61011 0.204128 0.0549391
724 0.61011 0.210933 0.0592343
725 0.61011 0.229299 0.0516759
726 0.61011 0.188742 0.0498897
727 0.61011 0.186458 0.0507723
728 0.61011 0.232778 0.060198
729 0.61011 0.222754 0.0564893
730 0.61011 0.219576 0.0637661
731 0.61011 0.233387 0.0620365
732 0.61011 0.228411 0.0546646
733 0.61011 0.22467 0.0540158
734 0.61011 0.242486 0.0542772
735 0.61011 0.253028 0.0601479
736 0.61011 0.24969 0.0550789
737 0.61011 0.241882 0.054878
738 0.61011 0.245943 0.0506774
739 0.61011 0.261438 0.0530081
740 0.61011 0.225154 0.0549696
741 0.61011 0.230156 0.0563547
742 0.61011 0.216607 0.053296
743 0.61011 0.2243 0.0576922
744 0.61011 0.201123 0.0585775
745 0.61011 0.192774 0.0569286
746 0.61011 0.216216 0.0623061
747 0.61011 0.233428 0.0619565
748 0.61011 0.266708 0.0552086
749 0.61011 0.258174 0.0566895
750 0.61011 0.216005 0.0585174
751 0.61011 0.197386 0.0540964
752 0.61011 0.199233 0.054209
753 0.61011 0.205671 0.0577623
754 0.61011 0.259462 0.0590127
755 0.61011 0.23144 0.0572959
756 0.61011 0.236293 0.0545865
757 0.61011 0.270705 0.0585504
758 0.61011 0.23728 0.0557609
759 0.61011 0.224912 0.0535369
760 0.61011 0.200071 0.0505798
761 0.61011 0.230644 0.0580526
762 0.61011 0.251605 0.0515129
763 0.61011 0.23283 0.0546186
764 0.61011 0.229887 0.052782
765 0.61011 0.21414 0.0469901
766 0.61011 0.195186 0.0509461
767 0.61011 0.216312 0.05225
768 0.61011 0.221015 0.0471622
769 0.61011 0.23245 0.05116
770 0.61011 0.241085 0.0557179
771 0.61011 0.234926 0.0531623
772 0.61011 0.22284 0.0533247
773 0.61011 0.216813 0.0499929
774 0.61011 0.219813 0.0505679
775 0.61011 0.20333 0.0584628
776 0.61011 0.192361 0.0581089
777 0.61011 0.199633 0.0562194
778 0.61011 0.197681 0.0568649
779 0.61011 0.187606 0.0568195
780 0.61011 0.203216 0.0579096
781 0.61011 0.225949 0.0517397
782 0.61011 0.232336 0.0537324
783 0.61011 0.201358 0.056544
784 0.61011 0.202202 0.0524151
785 0.61011 0.213813 0.0538408
786 0.61011 0.222404 0.0539281
787 0.61011 0.231377 0.0546082
788 0.61011 0.228433 0.0580972
789 0.61011 0.226787 0.0587499
790 0.61011 0.195018 0.0561228
791 0.61011 0.196941 0.0515919
792 0.61011 0.221146 0.0560253
793 0.61011 0.218447 0.0560705
794 0.61011 0.215542 0.0532913
795 0.61011 0.224432 0.0576407
796 0.61011 0.214812 0.0526418
797 0.61011 0.221539 0.0547286
798 0.61011 0.225326 0.0547609
799 0.61011 0.216653 0.0549644
800 0.61011 0.194234 0.050485
801 0.61011 0.220579 0.054196
802 0.61011 0.203246 0.0542061
803 0.61011 0.206708 0.0531448
804 0.61011 0.182132 0.049547
805 0.61011 0.19394 0.0555172
806 0.61011 0.187108 0.0525785
807 0.61011 0.194892 0.0556508
808 0.61011 0.219643 0.0568545
809 0.61011 0.235895 0.0560891
810 0.61011 0.226398 0.0533538
811 0.61011 0.187204 0.0554496
812 0.61011 0.20245 0.0600005
813 0.61011 0.207359 0.0506428
814 0.61011 0.198419 0.0580334
815 0.61011 0.207624 0.0556749
816 0.61011 0.234381 0.0548466
817 0.61011 0.211778 0.0557241
818 0.61011 0.251873 0.0589843
819 0.61011 0.203955 0.0591592
820 0.61011 0.19922 0.0566623
821 0.61011 0.204132 0.0605224
822 0.61011 0.205664 0.0526014
823 0.61011 0.207762 0.050007
824 0.61011 0.232749 0.0485486
825 0.61011 0.221195 0.0487865
826 0.61011 0.216178 0.051656
827 0.61011 0.215234 0.0558773
828 0.61011 0.233287 0.0550937
829 0.61011 0.196776 0.0515485
830 0.61011 0.203099 0.0494744
831 0.61011 0.227688 0.0509675
832 0.61011 0.212133 0.0532512
833 0.61011 0.190707 0.0521611
834 0.61011 0.201731 0.0536603
835 0.61011 0.212634 0.0554507
836 0.61011 0.196044 0.0600574
837 0.61011 0.206101 0.0543384
838 0.61011 0.197513 0.0492253
839 0.61011 0.208461 0.0527704
840 0.61011 0.208496 0.0593763
841 0.61011 0.214482 0.0605334
842 0.61011 0.236471 0.0629497
843 0.61011 0.231987 0.0600868
844 0.61011 0.235179 0.0601994
845 0.61011 0.220125 0.0576518
846 0.61011 0.203979 0.0566026
847 0.61011 0.195699 0.0517533
848 0.61011 0.196637 0.0558153
849 0.61011 0.190819 0.052122
850 0.61011 0.1895 0.0548743
851 0.61011 0.212153 0.0539951
852 0.61011 0.227159 0.0564185
853 0.61011 0.211178 0.057723
854 0.61011 0.235316 0.0576297
855 0.61011 0.248917 0.0572528
856 0.61011 0.247641 0.0579984
857 0.610127 0.248591 0.0578499
858 0.610127 0.254104 0.0614206
859 0.610127 0.216026 0.0548504
860 0.610127 0.2046 0.054681
861 0.610127 0.217641 0.0575517
862 0.610127 0.231282 0.0567304
863 0.610127 0.256379 0.0566585
864 0.610127 0.215265 0.0573206
865 0.610127 0.225092 0.0556694
866 0.610127 0.251525 0.0589123
867 0.610127 0.244331 0.0583646
868 0.610127 0.239567 0.0619649
869 0.610127 0.253573 0.0590141
870 0.610127 0.214485 0.0538861
871 0.610127 0.198094 0.05299
872 0.610127 0.193303 0.0508395
873 0.610127 0.199703 0.0515898
874 0.610127 0.231529 0.057072
875 0.610127 0.240891 0.0535397
876 0.610127 0.248671 0.0528073
877 0.610127 0.253465 0.0558475
878 0.610127 0.251523 0.0561557
879 0.610127 0.264843 0.0591495
880 0.610127 0.25383 0.0541182
881 0.610127 0.227949 0.0528875
882 0.610127 0.215003 0.0506776
883 0.610127 0.226057 0.052245
884 0.610127 0.217851 0.0561514
885 0.610127 0.254311 0.0604995
886 0.610127 0.252951 0.05559
887 0.610127 0.242015 0.0579517
888 0.610127 0.253369 0.0530652
889 0.610127 0.237257 0.0512877
890 0.610127 0.236569 0.051043
891 0.610127 0.233157 0.0533342
892 0.610127 0.210186 0.0538093
893 0.610127 0.200527 0.0567176
894 0.610127 0.221007 0.0562461
895 0.610127 0.220192 0.0566384
896 0.610127 0.240988 0.0584139
897 0.610127 0.227383 0.0550832
898 0.610127 0.231596 0.0576381
899 0.611329 0.239865 0.0602885
900 0.611329 0.219794 0.054044
901 0.611329 0.219396 0.0545167
902 0.611329 0.227885 0.0601098
903 0.611329 0.18778 0.0592528
904 0.611329 0.16416 0.0508597
905 0.611329 0.195807 0.0530367
906 0.611329 0.22052 0.0573652
907 0.611329 0.190843 0.055328
908 0.611329 0.224436 0.053387
909 0.611329 0.201678 0.0507131
910 0.611329 0.213203 0.0535427
911 0.611329 0.249972 0.0534693
912 0.611329 0.226174 0.0530193
913 0.611329 0.223123 0.0523226
914 0.611329 0.209066 0.0515081
915 0.611329 0.232089 0.0548117
916 0.611329 0.222219 0.0523284
917 0.611329 0.245652 0.0534962
918 0.611329 0.203304 0.0543108
919 0.611329 0.233786 0.0552627
920 0.611329 0.233537 0.0567428
921 0.611329 0.231993 0.0586128
922 0.611329 0.238756 0.0574011
923 0.611329 0.220691 0.054469
924 0.611329 0.203817 0.0526802
925 0.611329 0.198312 0.0569983
926 0.611329 0.179033 0.0552036
927 0.611329 0.159255 0.0497716
928 0.611329 0.186597 0.0611864
929 0.611369 0.214706 0.0608974
930 0.611369 0.227096 0.0575383
931 0.611369 0.185533 0.0537266
932 0.611369 0.206677 0.055229
933 0.611369 0.225227 0.0508829
934 0.611369 0.199854 0.0503541
935 0.611369 0.186214 0.0531726
936 0.611369 0.206817 0.0624361
937 0.611369 0.213946 0.0548579
938 0.611369 0.21522 0.0544535
939 0.611369 0.204107 0.0514196
940 0.611369 0.206043 0.0561874
941 0.611369 0.202965 0.0536721
942 0.611369 0.229396 0.0540169
943 0.611369 0.231394 0.0535479
944 0.611369 0.246974 0.0526157
945 0.611369 0.219256 0.0541352
946 0.611369 0.251605 0.0608703
947 0.611369 0.256436 0.0585056
948 0.611369 0.218534 0.0602496
949 0.611369 0.223285 0.0574141
950 0.611369 0.194711 0.0547114
951 0.611369 0.233843 0.058401
952 0.611369 0.215954 0.0546216
953 0.611369 0.239205 0.0548086
954 0.611369 0.222583 0.0549467
955 0.611369 0.234608 0.0515338
956 0.611369 0.219534 0.0486285
957 0.611369 0.254313 0.0539899
958 0.611369 0.270969 0.0529265
959 0.611369 0.258737 0.0566918
960 0.611369 0.294285 0.0549591
961 0.611369 0.285774 0.0520972
962 0.611369 0.250171 0.0535615
963 0.611369 0.234523 0.0566509
964 0.611369 0.234734 0.0569408
965 0.611369 0.216871 0.062236
966 0.611369 0.242009 0.0564237
967 0.611369 0.218142 0.0557289
968 0.611369 0.210853 0.052351
969 0.611369 0.231121 0.0545877
970 0.611369 0.220417 0.0535265
971 0.611369 0.203126 0.0555804
972 0.611369 0.237979 0.0552107
973 0.611369 0.219073 0.0565715
974 0.611369 0.230093 0.0590353
975 0.611369 0.209056 0.0517856
976 0.611369 0.214705 0.0555054
977 0.611369 0.217388 0.0562526
978 0.611369 0.210251 0.0562728
979 0.611369 0.205125 0.0529422
980 0.611369 0.214897 0.0531509
981 0.611369 0.200871 0.0567188
982 0.611369 0.209767 0.0528772
983 0.611369 0.199368 0.0556397
984 0.611369 0.207755 0.0550889
985 0.611369 0.167851 0.0541601
986 0.611369 0.165247 0.0544338
987 0.611369 0.182296 0.0520266
988 0.611369 0.213039 0.0565041
989 0.611369 0.215236 0.0590461
990 0.611369 0.225422 0.0588757
991 0.611369 0.211695 0.0542798
992 0.611369 0.200199 0.0502264
993 0.611369 0.224265 0.0548667
994 0.611369 0.213451 0.0559571
995 0.611369 0.226113 0.0526612
996 0.611369 0.213433 0.0564997
997 0.611369 0.2581 0.058361
998 0.611369 0.247989 0.0528121
999 0.611369 0.231908 0.0553757
1000 0.611369 0.220997 0.0506119
