0 0.125252 0.0578883 0.00389126
1 0.125257 0.0715067 0.00385283
2 0.393316 0.0890326 0.00431158
3 0.423367 0.0958688 0.00516038
4 0.423367 0.0988194 0.00491604
5 0.423367 0.103951 0.00465497
6 0.423367 0.0992194 0.00502495
7 0.548394 0.110604 0.00847285
7 0.54704 0.0221301 0.00919357
8 0.54704 0.0308728 0.011199
9 0.54704 0.047388 0.0143995
10 0.54704 0.0714814 0.0208511
11 0.54704 0.0868162 0.0260031
12 0.54704 0.0953596 0.0313726
13 0.54704 0.12336 0.0400097
14 0.54704 0.113628 0.0382414
15 0.550138 0.122929 0.0413139
16 0.550138 0.142214 0.0427442
17 0.550138 0.148626 0.0435496
18 0.550138 0.135328 0.0396088
19 0.550138 0.156715 0.043699
20 0.550138 0.153242 0.0419953
21 0.550138 0.134372 0.0415282
22 0.568477 0.145656 0.0451577
23 0.568785 0.155306 0.0448808
24 0.568785 0.161929 0.044727
25 0.568785 0.156565 0.0417292
26 0.568785 0.157344 0.039738
27 0.568785 0.181731 0.0390974
28 0.568785 0.176426 0.0443479
29 0.568785 0.168749 0.0469854
30 0.568785 0.16916 0.047671
31 0.568785 0.180188 0.0454535
32 0.568785 0.161527 0.0416327
33 0.568785 0.216964 0.051514
34 0.575898 0.187372 0.043867
35 0.575898 0.167992 0.0414761
36 0.575898 0.184827 0.044813
37 0.575898 0.185453 0.0450196
38 0.575898 0.176732 0.0423719
39 0.575898 0.177842 0.0464608
40 0.575898 0.197146 0.0481222
41 0.575898 0.183161 0.0450921
42 0.575898 0.162968 0.0414768
43 0.575898 0.193656 0.0489651
44 0.575898 0.190054 0.0482578
45 0.575898 0.191961 0.0472623
46 0.575898 0.174258 0.0448508
47 0.575898 0.167247 0.0430962
48 0.575898 0.163624 0.0460198
49 0.575898 0.187051 0.0493957
50 0.575898 0.200433 0.0467247
51 0.575898 0.199135 0.0486264
52 0.575898 0.185122 0.0495205
53 0.575898 0.183245 0.0502709
54 0.575898 0.187273 0.0515809
55 0.575898 0.161827 0.0482792
56 0.575898 0.199121 0.045782
57 0.575898 0.197623 0.0492673
58 0.575898 0.207778 0.0460615
59 0.575898 0.201885 0.0451435
60 0.575898 0.19735 0.0444489
61 0.575898 0.179097 0.0455065
62 0.575898 0.179454 0.0434188
63 0.575898 0.205049 0.0468932
64 0.575898 0.206779 0.0455261
65 0.575898 0.216611 0.0437724
66 0.577828 0.222155 0.0469375
67 0.577828 0.213155 0.0449655
68 0.577828 0.216217 0.0457937
69 0.577828 0.22116 0.0458871
70 0.577828 0.203405 0.050845
71 0.577828 0.18271 0.0454261
72 0.577828 0.184932 0.046084
73 0.577828 0.203748 0.0527333
74 0.577828 0.183647 0.0459594
75 0.577828 0.20064 0.0468095
76 0.577828 0.203848 0.0468347
77 0.577828 0.205215 0.046287
78 0.577828 0.206435 0.0454028
79 0.580428 0.203459 0.0506407
80 0.580428 0.195848 0.0458589
81 0.580428 0.202018 0.0476393
82 0.580428 0.190975 0.0516839
83 0.580428 0.143263 0.0425387
84 0.580597 0.155737 0.0449661
85 0.580597 0.179223 0.0473928
86 0.580597 0.168773 0.0483706
87 0.580597 0.224671 0.0579874
88 0.582032 0.190118 0.0545373
89 0.582032 0.174033 0.0522378
90 0.582032 0.182724 0.0494669
91 0.582032 0.16341 0.0475026
92 0.582032 0.181067 0.0508137
93 0.582032 0.182334 0.0524417
94 0.582032 0.19317 0.0510262
95 0.582032 0.19318 0.0504371
96 0.582032 0.217544 0.0516925
97 0.582032 0.189985 0.0478629
98 0.582032 0.186301 0.0488587
99 0.582032 0.158916 0.0498405
100 0.582032 0.174187 0.0538656
101 0.582032 0.17786 0.0512446
102 0.582032 0.16567 0.0480975
103 0.582032 0.173056 0.0486136
104 0.582032 0.176914 0.0486587
105 0.582125 0.186621 0.0492884
106 0.582125 0.20208 0.0511726
107 0.582125 0.169045 0.0479926
108 0.582125 0.144869 0.0448288
109 0.582125 0.164709 0.0525173
110 0.582125 0.1818 0.0535784
111 0.582125 0.193298 0.0545759
112 0.582125 0.203394 0.0520498
113 0.582125 0.198417 0.0514512
114 0.582125 0.158078 0.0510867
115 0.582125 0.172319 0.0511874
116 0.582125 0.155133 0.0502398
117 0.582125 0.16859 0.0524647
118 0.582125 0.185507 0.0548486
119 0.582125 0.163855 0.0526632
120 0.582125 0.136237 0.0446657
121 0.582125 0.16667 0.053553
122 0.582437 0.182292 0.0527809
123 0.582437 0.184959 0.0465804
124 0.582437 0.162462 0.0483725
125 0.582437 0.156714 0.0494767
126 0.582437 0.159004 0.0490335
127 0.582437 0.186682 0.0528401
128 0.582437 0.201224 0.054783
129 0.582437 0.209344 0.0525751
130 0.582437 0.207521 0.0557114
131 0.582437 0.199483 0.0576586
132 0.582437 0.184709 0.053531
133 0.582437 0.1923 0.0555989
134 0.582437 0.187292 0.0520071
135 0.582437 0.179658 0.0481999
136 0.582437 0.159903 0.0495583
137 0.582437 0.179064 0.0501523
138 0.582437 0.166187 0.0478336
139 0.582437 0.170434 0.0482408
140 0.582437 0.177601 0.0494161
141 0.582437 0.179119 0.0482903
142 0.582437 0.195869 0.0516727
143 0.582437 0.184399 0.0462034
144 0.582437 0.177729 0.0472242
145 0.582437 0.185264 0.0507143
146 0.582437 0.18986 0.0477734
147 0.582437 0.163793 0.0452389
148 0.582437 0.172416 0.0531474
149 0.582437 0.159002 0.0510719
150 0.582437 0.159615 0.0456665
151 0.582437 0.175305 0.0453084
152 0.582437 0.163334 0.0432383
153 0.583519 0.188365 0.0442169
154 0.583519 0.18678 0.044547
155 0.583519 0.200842 0.0494737
156 0.583519 0.183117 0.0484096
157 0.583519 0.195548 0.0502589
158 0.583519 0.18315 0.048875
159 0.583519 0.171984 0.0517822
160 0.583519 0.187783 0.0535976
161 0.583519 0.181972 0.0500254
162 0.583519 0.197275 0.0513488
163 0.583519 0.183167 0.050826
164 0.583519 0.216016 0.0483076
165 0.583519 0.197365 0.048437
166 0.583519 0.188166 0.0532545
167 0.583519 0.191893 0.0512533
168 0.583519 0.216385 0.0520508
169 0.583519 0.217525 0.0586725
170 0.583519 0.206284 0.0573356
171 0.583519 0.201908 0.0527697
172 0.583519 0.193236 0.0491798
173 0.583519 0.216055 0.0530735
174 0.583519 0.183716 0.0476181
175 0.583519 0.181996 0.0501366
176 0.583519 0.189051 0.0549933
177 0.583519 0.176796 0.0476099
178 0.583519 0.175738 0.0493698
179 0.583519 0.177657 0.0466121
180 0.584534 0.205215 0.050123
181 0.584534 0.178298 0.0453566
182 0.584987 0.186702 0.0507295
183 0.584987 0.228367 0.0563256
184 0.584987 0.210787 0.0522301
185 0.584987 0.202341 0.0534434
186 0.585839 0.184805 0.0495996
187 0.585839 0.158974 0.0446197
188 0.585839 0.161692 0.0457195
189 0.585839 0.153024 0.0480806
190 0.585839 0.180095 0.0536862
191 0.585839 0.19164 0.0556655
192 0.585839 0.193022 0.0524974
193 0.585839 0.18336 0.0482129
194 0.585839 0.198228 0.0524147
195 0.585839 0.19049 0.0520626
196 0.585839 0.165932 0.0522675
197 0.585839 0.185993 0.0510402
198 0.585839 0.161375 0.0514072
199 0.585839 0.148984 0.0440395
200 0.585839 0.173685 0.0465237
201 0.585839 0.170133 0.049773
202 0.585839 0.185908 0.0521266
203 0.585839 0.201324 0.0513483
204 0.585839 0.196372 0.0519118
205 0.585839 0.186748 0.0502618
206 0.585839 0.195453 0.0545139
207 0.585839 0.18385 0.053356
208 0.585839 0.152609 0.0454686
209 0.585839 0.147983 0.0473498
210 0.585839 0.166258 0.054879
211 0.585839 0.158804 0.0517084
212 0.585839 0.171678 0.0533415
213 0.585839 0.179103 0.0516512
214 0.585839 0.174432 0.0511264
215 0.585839 0.168475 0.052872
216 0.585839 0.165926 0.0508837
217 0.585839 0.186375 0.0528118
218 0.59078 0.192813 0.0515508
219 0.59078 0.196894 0.0509686
220 0.59078 0.20026 0.0494637
221 0.59078 0.21294 0.052733
222 0.59078 0.241553 0.0503232
223 0.59078 0.215087 0.0530159
224 0.59078 0.199418 0.0473293
225 0.59078 0.171001 0.0471139
226 0.59078 0.178593 0.0494348
227 0.59078 0.202724 0.0538378
228 0.59078 0.201891 0.0482645
229 0.59078 0.22853 0.0541343
230 0.59078 0.224387 0.0496631
231 0.59078 0.219628 0.05051
232 0.59078 0.217025 0.0512322
233 0.59078 0.220346 0.0510231
234 0.59078 0.220723 0.0524515
235 0.59078 0.190477 0.04903
236 0.59078 0.171416 0.0478823
237 0.59078 0.202318 0.0561232
238 0.59078 0.209914 0.0518497
239 0.59078 0.18982 0.0506652
240 0.59078 0.195725 0.0497228
241 0.59078 0.197627 0.049771
242 0.59078 0.192061 0.048034
243 0.59078 0.190302 0.0474806
244 0.59078 0.200467 0.0482346
245 0.59078 0.197992 0.0507778
246 0.59078 0.206608 0.0525362
247 0.59078 0.193394 0.0499355
248 0.59078 0.20853 0.0517845
249 0.59078 0.208249 0.0564961
250 0.59078 0.19769 0.0526465
251 0.59078 0.204353 0.0550339
252 0.59078 0.197924 0.0569122
253 0.59078 0.19203 0.0579375
254 0.59078 0.168128 0.051543
255 0.59078 0.148182 0.0509444
256 0.59078 0.166576 0.051476
257 0.59078 0.184373 0.0487024
258 0.59078 0.180581 0.0497719
259 0.59078 0.17498 0.0549752
260 0.59078 0.161041 0.0525592
261 0.59078 0.173634 0.0502875
262 0.59078 0.171234 0.0524153
263 0.59078 0.153404 0.0478812
264 0.59078 0.160566 0.0457334
265 0.59078 0.190981 0.0489919
266 0.59078 0.184102 0.0504786
267 0.59078 0.198641 0.0549434
268 0.59078 0.197723 0.0540523
269 0.59078 0.169075 0.0513634
270 0.59078 0.172792 0.0498843
271 0.59078 0.171782 0.0500301
272 0.59078 0.165897 0.0485111
273 0.59078 0.186127 0.0515679
274 0.59078 0.187236 0.0495832
275 0.59078 0.189087 0.0513635
276 0.591222 0.209984 0.0571616
277 0.591222 0.189499 0.0519735
278 0.591222 0.203513 0.054968
279 0.591222 0.169507 0.0483749
280 0.598261 0.206995 0.0512049
281 0.598261 0.196751 0.04987
282 0.598261 0.191509 0.0534511
283 0.598261 0.186911 0.0491766
284 0.598261 0.177054 0.0482108
285 0.602047 0.181532 0.0518743
286 0.602047 0.194392 0.0517741
287 0.602047 0.193236 0.0482938
288 0.602047 0.174774 0.0492511
289 0.602047 0.172932 0.0480843
290 0.602047 0.16844 0.0514156
291 0.602047 0.176921 0.0478632
292 0.602047 0.176614 0.0513329
293 0.602047 0.16368 0.0460954
294 0.602047 0.164167 0.0471727
295 0.602047 0.147971 0.0466787
296 0.602047 0.15087 0.0487628
297 0.602047 0.171727 0.0477798
298 0.602047 0.171416 0.0502651
299 0.602047 0.153142 0.0484503
300 0.602047 0.167538 0.0523366
301 0.602047 0.176073 0.0525948
302 0.602047 0.181002 0.0545572
303 0.602047 0.178715 0.0515958
304 0.602047 0.170202 0.0497539
305 0.602047 0.171036 0.0506931
306 0.602047 0.147769 0.0520182
307 0.602047 0.130286 0.04432
308 0.602047 0.149989 0.0504987
309 0.602047 0.16022 0.0545561
310 0.602047 0.141006 0.0456272
311 0.602047 0.127271 0.042004
312 0.602047 0.161223 0.0504552
313 0.602047 0.164005 0.0531353
314 0.602047 0.162469 0.0492414
315 0.602047 0.1651 0.0503811
316 0.602047 0.159729 0.0525832
317 0.602047 0.169518 0.0478524
318 0.602047 0.17874 0.0506742
319 0.602047 0.200619 0.0523969
320 0.602047 0.206745 0.0532499
321 0.602047 0.193778 0.0551269
322 0.602047 0.199405 0.0565564
323 0.602047 0.180987 0.0561192
324 0.602047 0.165012 0.0516147
325 0.602047 0.182924 0.0584641
326 0.602047 0.175702 0.052475
327 0.602047 0.182777 0.0524426
328 0.602047 0.192899 0.0549191
329 0.602047 0.196382 0.0554158
330 0.602047 0.18402 0.0556751
331 0.602047 0.195597 0.0580287
332 0.602047 0.190713 0.0540934
333 0.602047 0.218315 0.0511346
334 0.602047 0.214205 0.0538901
335 0.602047 0.183783 0.0509481
336 0.602047 0.182617 0.0508025
337 0.602047 0.161025 0.0495892
338 0.602047 0.141867 0.0411779
339 0.602047 0.161302 0.0469859
340 0.602047 0.137234 0.0459413
341 0.602047 0.151396 0.0484532
342 0.602047 0.153275 0.0463209
343 0.602047 0.149371 0.0490492
344 0.602047 0.150516 0.0496593
345 0.602047 0.161994 0.0539011
346 0.602047 0.133605 0.0465338
347 0.602047 0.122153 0.0424093
348 0.602047 0.125712 0.0467099
349 0.602047 0.126866 0.0464606
350 0.602047 0.147439 0.0528362
351 0.602047 0.14196 0.0500032
352 0.602047 0.149455 0.0491273
353 0.602047 0.1315 0.0459695
354 0.602047 0.155843 0.0466851
355 0.602047 0.170074 0.0499381
356 0.602047 0.159993 0.0507407
357 0.602047 0.19202 0.0579911
358 0.602047 0.186375 0.0574207
359 0.602047 0.18842 0.0575496
360 0.602047 0.172625 0.0528011
361 0.60231 0.181041 0.0516746
362 0.60231 0.169925 0.0490847
363 0.602471 0.175396 0.0478196
364 0.602471 0.184079 0.0459462
365 0.602471 0.182957 0.0510763
366 0.602471 0.153735 0.0491426
367 0.602471 0.18017 0.0538056
368 0.602471 0.170787 0.0523945
369 0.602471 0.182635 0.0480827
370 0.602471 0.157415 0.0478712
371 0.602471 0.152316 0.0489279
372 0.602471 0.158914 0.0518533
373 0.602471 0.174831 0.0549923
374 0.602471 0.210157 0.0576037
375 0.602471 0.194535 0.0543958
376 0.602471 0.17616 0.0507352
377 0.602471 0.184474 0.0542588
378 0.602471 0.163675 0.0491979
379 0.602471 0.150053 0.0471689
380 0.602471 0.164478 0.0526956
381 0.602471 0.164211 0.0529835
382 0.602471 0.156706 0.0517685
383 0.602471 0.171063 0.0538553
384 0.602471 0.18379 0.0536431
385 0.602471 0.182745 0.0515187
386 0.602471 0.166331 0.0521899
387 0.602471 0.199734 0.0573235
388 0.602471 0.196603 0.0539116
389 0.602471 0.197878 0.051759
390 0.602471 0.195085 0.0517316
391 0.602471 0.194724 0.0507558
392 0.602471 0.181821 0.0503171
393 0.602471 0.169828 0.0515801
394 0.602471 0.173706 0.0542088
395 0.602471 0.152563 0.0490318
396 0.602471 0.174798 0.0537669
397 0.602471 0.162452 0.052294
398 0.602471 0.160694 0.0489313
399 0.602471 0.193796 0.0544107
400 0.602471 0.201239 0.0536523
401 0.602471 0.184342 0.0539565
402 0.602471 0.166965 0.0495519
403 0.602471 0.181876 0.0515649
404 0.602471 0.177987 0.0516842
405 0.602537 0.178223 0.055554
406 0.602537 0.168142 0.0504769
407 0.602537 0.178803 0.0497433
408 0.602537 0.176167 0.0479811
409 0.602537 0.189306 0.0525087
410 0.602537 0.174711 0.0504113
411 0.602537 0.163106 0.0460101
412 0.602537 0.181643 0.0524003
413 0.602537 0.196451 0.0539395
414 0.603091 0.189013 0.0493625
415 0.603091 0.21108 0.0522212
416 0.603091 0.167113 0.0479176
417 0.603091 0.13914 0.047435
418 0.603091 0.166579 0.0506126
419 0.603091 0.16727 0.0497384
420 0.603091 0.18377 0.0504977
421 0.603091 0.201801 0.0550375
422 0.603091 0.186408 0.0511047
423 0.603091 0.205355 0.0485304
424 0.603091 0.202545 0.0510193
425 0.603091 0.17228 0.0503633
426 0.603091 0.168464 0.0494494
427 0.603091 0.142498 0.0466562
428 0.603091 0.18752 0.0524016
429 0.603091 0.169778 0.0499346
430 0.603091 0.178439 0.0523832
431 0.603091 0.205017 0.0556038
432 0.603091 0.19427 0.0553019
433 0.603091 0.19821 0.0569027
434 0.603091 0.188781 0.0521229
435 0.603091 0.204186 0.0543186
436 0.603091 0.202841 0.0532462
437 0.603091 0.205803 0.0539364
438 0.603091 0.193457 0.0545186
439 0.603091 0.196724 0.0494626
440 0.603091 0.18434 0.0519571
441 0.603091 0.179198 0.0494586
442 0.603091 0.181576 0.0485644
443 0.603091 0.201126 0.056189
444 0.603091 0.187196 0.0533466
445 0.603091 0.187913 0.0546818
446 0.603091 0.174207 0.052479
447 0.603091 0.168478 0.0508595
448 0.603091 0.14124 0.0476734
449 0.603091 0.148909 0.0473124
450 0.603091 0.150331 0.0512819
451 0.603091 0.166793 0.0541917
452 0.603091 0.142037 0.0491615
453 0.603091 0.138938 0.0483122
454 0.603091 0.141065 0.0519167
455 0.603091 0.173181 0.0553435
456 0.603091 0.167017 0.0527184
457 0.603091 0.174861 0.056104
458 0.603091 0.160359 0.055289
459 0.603091 0.146944 0.0496833
460 0.603091 0.156899 0.0487451
461 0.603091 0.148189 0.0483466
462 0.603091 0.172816 0.0512375
463 0.603091 0.182265 0.057238
464 0.603091 0.175856 0.0542895
465 0.603091 0.191818 0.0554962
466 0.603091 0.183454 0.0561387
467 0.603091 0.180562 0.0538727
468 0.603091 0.176148 0.0509679
469 0.603091 0.171002 0.0495054
470 0.603091 0.181014 0.0523615
471 0.603091 0.193191 0.0557791
472 0.603091 0.162304 0.0509219
473 0.603091 0.196991 0.0538779
474 0.603091 0.195251 0.0498833
475 0.603091 0.203193 0.0511362
476 0.603091 0.188283 0.0506321
477 0.603091 0.163135 0.0472637
478 0.603091 0.167452 0.0477706
479 0.603091 0.17683 0.0481971
480 0.603091 0.168443 0.04868
481 0.603091 0.180318 0.0481407
482 0.603091 0.154714 0.0475169
483 0.603091 0.145877 0.0462834
484 0.603091 0.173121 0.0507744
485 0.603091 0.193345 0.0562385
486 0.603091 0.192223 0.0552539
487 0.603091 0.184788 0.0541059
488 0.603091 0.193602 0.0541126
489 0.603091 0.167801 0.0487473
490 0.603091 0.152343 0.0483757
491 0.603091 0.155273 0.0518104
492 0.603787 0.182186 0.0566755
493 0.603787 0.156003 0.0472334
494 0.603787 0.189124 0.0572385
495 0.603787 0.1717 0.0521926
496 0.603787 0.159975 0.0501581
497 0.603787 0.159622 0.0533024
498 0.603787 0.15519 0.0495877
499 0.603787 0.154655 0.0492416
500 0.603787 0.146519 0.0494863
501 0.603787 0.177774 0.0459769
502 0.603787 0.150451 0.0475075
503 0.603787 0.17179 0.052416
504 0.603787 0.164465 0.0497978
505 0.603787 0.172091 0.0487672
506 0.603787 0.165058 0.0494905
507 0.603787 0.149594 0.0479042
508 0.603787 0.160315 0.0473831
509 0.603787 0.165436 0.0524391
510 0.603787 0.173648 0.0542338
511 0.603787 0.183547 0.0541008
512 0.603787 0.20661 0.0541422
513 0.603787 0.195169 0.0504209
514 0.603787 0.182395 0.0494254
515 0.603787 0.170349 0.0482519
516 0.603787 0.164785 0.0431397
517 0.603787 0.186481 0.048122
518 0.603787 0.187383 0.0519423
519 0.603787 0.17971 0.051969
520 0.603787 0.170117 0.0514397
521 0.603787 0.183316 0.059106
522 0.603787 0.171976 0.054553
523 0.603787 0.163614 0.0523096
524 0.603787 0.170144 0.0545079
525 0.603787 0.169015 0.0467255
526 0.603787 0.176319 0.0508637
527 0.603787 0.191412 0.0572022
528 0.603787 0.176241 0.0504937
529 0.603787 0.185986 0.0541043
530 0.603787 0.182467 0.0514834
531 0.603787 0.17077 0.0503493
532 0.603787 0.162547 0.0467093
533 0.603787 0.177587 0.0480334
534 0.603787 0.176835 0.0457493
535 0.603787 0.183382 0.0490289
536 0.603787 0.188092 0.0540062
537 0.603787 0.184206 0.0548906
538 0.603787 0.210054 0.0565843
539 0.603787 0.220064 0.0566405
540 0.603787 0.185219 0.0477376
541 0.603787 0.188924 0.0531545
542 0.603787 0.179301 0.0496628
543 0.603787 0.184196 0.0508703
544 0.603787 0.1964 0.0519955
545 0.603787 0.198906 0.053455
546 0.603787 0.207076 0.0581981
547 0.603787 0.194063 0.0572084
548 0.603787 0.197736 0.053855
549 0.603787 0.161618 0.0469697
550 0.603787 0.181987 0.0543413
551 0.603787 0.178051 0.0530916
552 0.603787 0.192449 0.0536412
553 0.603787 0.197031 0.0499017
554 0.603787 0.188151 0.0515141
555 0.603787 0.172056 0.0510753
556 0.603787 0.195158 0.0547199
557 0.603787 0.185746 0.0464415
558 0.603787 0.195043 0.0540891
559 0.603787 0.174859 0.0496279
560 0.603787 0.191058 0.051873
561 0.603787 0.179476 0.0556392
562 0.603787 0.180945 0.0568695
563 0.603787 0.135504 0.0449358
564 0.603787 0.140257 0.0473427
565 0.603787 0.151006 0.0513344
566 0.603787 0.144615 0.0511562
567 0.603787 0.143938 0.0481533
568 0.603787 0.12727 0.0469236
569 0.603787 0.137783 0.0484247
570 0.603787 0.131118 0.0465217
571 0.603787 0.151303 0.0468334
572 0.603787 0.151849 0.0503426
573 0.603787 0.176598 0.0530662
574 0.603787 0.165549 0.0519108
575 0.603787 0.182883 0.0536031
576 0.603787 0.186422 0.0526594
577 0.603787 0.190733 0.0545372
578 0.603787 0.159385 0.0474495
579 0.603787 0.152643 0.0486665
580 0.603787 0.176564 0.0526222
581 0.603787 0.179849 0.0506239
582 0.603787 0.16208 0.0507295
583 0.603787 0.153193 0.0480579
584 0.603787 0.158406 0.0512747
585 0.603787 0.173337 0.0517356
586 0.603787 0.163934 0.0501044
587 0.603787 0.185626 0.0493993
588 0.603787 0.184448 0.0549706
589 0.603787 0.174271 0.0507217
590 0.603787 0.16368 0.0507104
591 0.603787 0.170327 0.0540961
592 0.603787 0.157605 0.0510275
593 0.603787 0.156664 0.0494432
594 0.603787 0.169081 0.0491061
595 0.603787 0.156286 0.0471968
596 0.603787 0.171491 0.0484842
597 0.603787 0.140759 0.0421894
598 0.603787 0.172512 0.0491653
599 0.603787 0.214672 0.0536578
600 0.603787 0.187854 0.0507539
601 0.603787 0.209636 0.0493498
602 0.603787 0.208222 0.0544502
603 0.603787 0.16743 0.04773
604 0.603787 0.181656 0.0493481
605 0.603787 0.179476 0.050953
606 0.603787 0.178394 0.0496964
607 0.603787 0.1666 0.051537
608 0.603787 0.183306 0.0541428
609 0.603787 0.167221 0.0500646
610 0.603787 0.179486 0.0518024
611 0.603787 0.146942 0.0477211
612 0.603787 0.19057 0.0553131
613 0.603787 0.175876 0.0511668
614 0.603787 0.16165 0.0505127
615 0.603787 0.200347 0.0539678
616 0.603787 0.171343 0.0492078
617 0.603787 0.173912 0.0507239
618 0.603787 0.176989 0.0515027
619 0.603787 0.165817 0.0492101
620 0.603787 0.182246 0.0518003
621 0.603787 0.177233 0.0539294
622 0.603787 0.153004 0.0494896
623 0.603787 0.142545 0.0480684
624 0.603787 0.146088 0.0478333
625 0.603787 0.15571 0.0450881
626 0.603787 0.174279 0.0498225
627 0.603787 0.159019 0.045263
628 0.603787 0.152888 0.0450678
629 0.603787 0.181893 0.0465398
630 0.603787 0.176157 0.045653
631 0.603787 0.156233 0.0456044
632 0.603787 0.179225 0.0522065
633 0.603787 0.172425 0.0538831
634 0.603787 0.177373 0.0486739
635 0.603787 0.185101 0.0553261
636 0.603787 0.171619 0.0490265
637 0.603787 0.168935 0.0485583
638 0.603787 0.173095 0.0505683
639 0.603787 0.193684 0.0508008
640 0.603787 0.193688 0.0517871
641 0.603787 0.208818 0.0537779
642 0.603787 0.188686 0.0531248
643 0.603787 0.178035 0.0532527
644 0.603787 0.185921 0.054544
645 0.603787 0.184328 0.0477067
646 0.603787 0.162607 0.0489532
647 0.603787 0.176037 0.049727
648 0.603787 0.171132 0.0462804
649 0.603787 0.187629 0.0495367
650 0.603787 0.193918 0.0532285
651 0.603787 0.189451 0.0523424
652 0.603787 0.205864 0.0543713
653 0.603787 0.176632 0.0541404
654 0.603787 0.16582 0.0509504
655 0.603787 0.158208 0.0509092
656 0.603787 0.149205 0.0472974
657 0.603787 0.166779 0.05089
658 0.603787 0.151033 0.0462374
659 0.603787 0.189504 0.0531792
660 0.603787 0.145777 0.0481637
661 0.603787 0.1515 0.0485153
662 0.603787 0.178241 0.0540063
663 0.603787 0.190367 0.0499328
664 0.603787 0.167992 0.0460128
665 0.603787 0.124573 0.0440162
666 0.603787 0.14506 0.0511632
667 0.603787 0.15775 0.0516019
668 0.603787 0.13694 0.0460978
669 0.603787 0.138025 0.048635
670 0.603787 0.161215 0.0501512
671 0.603787 0.154179 0.0510578
672 0.603787 0.140959 0.0473881
673 0.603787 0.146769 0.0479502
674 0.603787 0.193646 0.0557226
675 0.603787 0.154108 0.0492545
676 0.603787 0.152954 0.0493546
677 0.603787 0.152429 0.0473254
678 0.603787 0.151204 0.0455855
679 0.603787 0.178347 0.0490286
680 0.603787 0.165014 0.0453039
681 0.603787 0.172441 0.0492201
682 0.603787 0.165492 0.0509525
683 0.603787 0.188588 0.054469
684 0.603787 0.186417 0.0510099
685 0.603787 0.165943 0.046823
686 0.603787 0.1681 0.0458438
687 0.603787 0.191672 0.0474638
688 0.603787 0.20338 0.0539719
689 0.603787 0.201298 0.0551235
690 0.603787 0.176316 0.0532039
691 0.603787 0.181228 0.0530745
692 0.603787 0.166936 0.0523935
693 0.603787 0.165965 0.051429
694 0.603787 0.175217 0.0539426
695 0.603787 0.178111 0.0496313
696 0.603787 0.171757 0.0497181
697 0.603787 0.193535 0.0543515
698 0.603787 0.150942 0.0478419
699 0.603787 0.190114 0.0498714
700 0.603787 0.205533 0.0520871
701 0.603787 0.175789 0.052824
702 0.603787 0.168783 0.0502245
703 0.603787 0.177524 0.0513702
704 0.603787 0.161009 0.0490394
705 0.603787 0.176893 0.0505667
706 0.603787 0.193736 0.0528123
707 0.603787 0.208671 0.055761
708 0.603787 0.205629 0.0529902
709 0.603787 0.18345 0.0497986
710 0.603787 0.171135 0.0505287
711 0.603787 0.16132 0.0480645
712 0.603787 0.153297 0.0478636
713 0.603787 0.114812 0.0401908
714 0.603787 0.140916 0.045731
715 0.603787 0.152198 0.0488444
716 0.603787 0.178658 0.0523398
717 0.603787 0.176695 0.0513187
718 0.603787 0.178626 0.0526217
719 0.603787 0.176548 0.0507541
720 0.603787 0.155195 0.0494101
721 0.603787 0.133432 0.0469494
722 0.603787 0.157054 0.0517485
723 0.603787 0.148055 0.0452944
724 0.603787 0.151631 0.0499939
725 0.603787 0.161668 0.0481374
726 0.603787 0.142576 0.0494434
727 0.603787 0.157778 0.0492133
728 0.603787 0.130347 0.0435847
729 0.603787 0.182928 0.0510046
730 0.603787 0.202536 0.0537287
731 0.603787 0.166408 0.049691
732 0.603787 0.182041 0.0496061
733 0.603787 0.174111 0.0498938
734 0.603787 0.172835 0.0558205
735 0.603787 0.162104 0.0464191
736 0.603787 0.18399 0.0533701
737 0.603787 0.181359 0.0563974
738 0.603787 0.163545 0.0471064
739 0.603787 0.162823 0.0517438
740 0.603787 0.162191 0.0457808
741 0.603787 0.160989 0.0493852
742 0.603787 0.16712 0.052343
743 0.603787 0.174374 0.0525213
744 0.603787 0.179589 0.0519734
745 0.603787 0.176018 0.0501127
746 0.603787 0.1863 0.048807
747 0.603787 0.192408 0.0487268
748 0.603787 0.203214 0.0480632
749 0.603787 0.220284 0.0533685
750 0.603787 0.22024 0.0572651
751 0.603787 0.211412 0.0544719
752 0.603787 0.227082 0.0508223
753 0.603787 0.220821 0.0535703
754 0.603787 0.197887 0.050635
755 0.603787 0.183032 0.0485925
756 0.603787 0.171496 0.0516152
757 0.603787 0.179534 0.0497161
758 0.603787 0.185209 0.0462916
759 0.603787 0.158187 0.0447831
760 0.603787 0.200367 0.0528187
761 0.603787 0.18206 0.0526326
762 0.603787 0.187947 0.0546445
763 0.603787 0.15114 0.0466104
764 0.603787 0.174539 0.0510787
765 0.603787 0.166438 0.052158
766 0.603787 0.16642 0.0481952
767 0.603787 0.199492 0.0534323
768 0.603787 0.20437 0.0492696
769 0.603787 0.15634 0.0441033
770 0.603787 0.178582 0.0495679
771 0.603787 0.168484 0.0516024
772 0.603787 0.150305 0.0477692
773 0.603787 0.162829 0.0461643
774 0.603787 0.162857 0.0503074
775 0.603787 0.184054 0.0541122
776 0.603787 0.18688 0.0486507
777 0.603787 0.197198 0.0555115
778 0.603787 0.165711 0.0506039
779 0.603787 0.197503 0.0488386
780 0.603879 0.209037 0.0511447
781 0.603879 0.207656 0.0549749
782 0.603879 0.19004 0.0466299
783 0.603879 0.187764 0.0506309
784 0.603879 0.189082 0.0524699
785 0.603879 0.218344 0.0556743
786 0.603879 0.204241 0.0540171
787 0.603879 0.208287 0.0533032
788 0.603879 0.209114 0.0522671
789 0.603879 0.19578 0.0525297
790 0.603879 0.190625 0.0481023
791 0.603879 0.164606 0.0464783
792 0.603879 0.185891 0.0485124
793 0.603879 0.192911 0.0472453
794 0.603879 0.214058 0.0506903
795 0.603879 0.181801 0.0492344
796 0.603879 0.190483 0.051737
797 0.603879 0.204006 0.0493493
798 0.603879 0.173654 0.0503191
799 0.603879 0.182051 0.0486786
800 0.603879 0.174229 0.0498102
801 0.603879 0.164465 0.0481814
802 0.603879 0.168674 0.0498807
803 0.603879 0.178681 0.049057
804 0.603879 0.193424 0.0497457
805 0.603879 0.195463 0.0504121
806 0.603879 0.205542 0.0517735
807 0.603879 0.197412 0.053475
808 0.603879 0.176939 0.0516373
809 0.603879 0.172925 0.0518706
810 0.604301 0.181452 0.0507817
811 0.604301 0.184712 0.0518915
812 0.604301 0.185788 0.0553275
813 0.604301 0.207084 0.0497149
814 0.604301 0.198382 0.0517436
815 0.604301 0.20201 0.0530653
816 0.604301 0.21529 0.04911
817 0.604301 0.209277 0.0508893
818 0.604301 0.196255 0.050414
819 0.604301 0.178407 0.0496173
820 0.604301 0.181925 0.05164
821 0.604301 0.192894 0.0550853
822 0.604301 0.177802 0.0514342
823 0.604301 0.17479 0.0484266
824 0.604301 0.179439 0.052855
825 0.604301 0.204843 0.0550119
826 0.604301 0.180004 0.050652
827 0.604301 0.17991 0.0504324
828 0.604301 0.180074 0.052491
829 0.604301 0.210508 0.0547189
830 0.604301 0.168305 0.053098
831 0.604301 0.168302 0.0526285
832 0.604301 0.210094 0.0550507
833 0.604301 0.201168 0.0527473
834 0.604301 0.192208 0.0504068
835 0.604301 0.175704 0.0503156
836 0.604301 0.153814 0.0447081
837 0.604301 0.168792 0.0528947
838 0.604301 0.173752 0.0514743
839 0.604301 0.152937 0.046684
840 0.604301 0.18629 0.0496937
841 0.604301 0.192379 0.0550112
842 0.604301 0.202207 0.0519455
843 0.604301 0.20059 0.0527622
844 0.604301 0.184146 0.0523008
845 0.604301 0.168502 0.0529149
846 0.604301 0.169352 0.0507596
847 0.604301 0.179741 0.0521017
848 0.604301 0.161867 0.0492116
849 0.604301 0.147678 0.0493596
850 0.604301 0.157304 0.0455325
851 0.604301 0.136317 0.0475092
852 0.604301 0.158278 0.0510155
853 0.604301 0.172859 0.0561818
854 0.604301 0.166384 0.0544117
855 0.604301 0.140491 0.047356
856 0.604301 0.140866 0.0429
857 0.604301 0.170514 0.0508696
858 0.604301 0.159837 0.05297
859 0.604301 0.167278 0.0477771
860 0.604301 0.15953 0.0494
861 0.604301 0.169827 0.0510779
862 0.604301 0.161566 0.0507724
863 0.604301 0.170221 0.0527629
864 0.604301 0.148601 0.0486374
865 0.604301 0.179318 0.0555751
866 0.604301 0.167135 0.0523133
867 0.604301 0.1699 0.0514663
868 0.604301 0.167742 0.0513385
869 0.604301 0.154593 0.0504558
870 0.604301 0.167337 0.0543038
871 0.604301 0.176344 0.0516746
872 0.604301 0.19256 0.0517114
873 0.604301 0.206382 0.0523333
874 0.604301 0.189532 0.0543077
875 0.604301 0.162267 0.0534591
876 0.604301 0.150473 0.0511923
877 0.604301 0.164575 0.0525852
878 0.604301 0.175759 0.0539554
879 0.604301 0.165502 0.0494309
880 0.604301 0.17384 0.0537469
881 0.604301 0.179521 0.0554838
882 0.604301 0.161562 0.0495997
883 0.604301 0.174485 0.0522546
884 0.604301 0.183708 0.0515417
885 0.604301 0.16605 0.0497961
886 0.604301 0.18933 0.0520707
887 0.604301 0.189972 0.0507566
888 0.604301 0.194282 0.0494437
889 0.604301 0.184432 0.0511547
890 0.604301 0.171507 0.049085
891 0.604301 0.2046 0.0542372
892 0.604301 0.179682 0.0540883
893 0.604301 0.160723 0.0535067
894 0.604301 0.166228 0.0526704
895 0.604301 0.167241 0.0538103
896 0.604301 0.184947 0.0532214
897 0.604301 0.186886 0.0559055
898 0.604301 0.194905 0.0544306
899 0.604301 0.173821 0.0529611
900 0.604301 0.176466 0.0511889
901 0.604301 0.167936 0.0499692
902 0.604301 0.143072 0.0460357
903 0.604301 0.147701 0.0468881
904 0.604301 0.156334 0.0492183
905 0.604301 0.159692 0.0484703
906 0.604301 0.199781 0.0501221
907 0.604301 0.169716 0.0514315
908 0.604301 0.174842 0.0506571
909 0.604301 0.179437 0.0501084
910 0.604301 0.190363 0.0491769
911 0.604301 0.204579 0.049856
912 0.604301 0.199448 0.0491637
913 0.604301 0.180852 0.0500925
914 0.604301 0.183845 0.0520351
915 0.604301 0.195361 0.0584456
916 0.604301 0.198471 0.0519913
917 0.604301 0.195059 0.0556608
918 0.604301 0.175972 0.0514098
919 0.604301 0.165726 0.0483866
920 0.604301 0.167956 0.0537804
921 0.604301 0.205322 0.056763
922 0.604301 0.189751 0.0527395
923 0.604301 0.204335 0.0540121
924 0.604301 0.182841 0.0480243
925 0.605738 0.201941 0.0531295
926 0.605738 0.171911 0.04681
927 0.605738 0.191754 0.0524352
928 0.605738 0.207762 0.0540941
929 0.605738 0.185796 0.050152
930 0.605738 0.180532 0.0473614
931 0.605738 0.170445 0.0505774
932 0.605738 0.142295 0.047461
933 0.605738 0.132612 0.0448899
934 0.605738 0.183124 0.051463
935 0.605738 0.169634 0.0504875
936 0.605738 0.176434 0.0501756
937 0.605738 0.190441 0.051866
938 0.605738 0.169559 0.0478681
939 0.605738 0.15969 0.0480808
940 0.605738 0.158295 0.0503309
941 0.605738 0.145399 0.0474565
942 0.605738 0.142178 0.0492955
943 0.605738 0.172109 0.0531743
944 0.605738 0.167823 0.0488798
945 0.605738 0.187067 0.0523884
946 0.605738 0.169961 0.0507041
947 0.605738 0.185607 0.0508561
948 0.605738 0.215735 0.0562891
949 0.605738 0.170089 0.0515242
950 0.605738 0.193847 0.0557404
951 0.605738 0.169819 0.052833
952 0.605738 0.174975 0.053415
953 0.605738 0.190125 0.0547946
954 0.605738 0.183956 0.0581636
955 0.605738 0.191999 0.058956
956 0.605738 0.19508 0.0546657
957 0.605738 0.200572 0.0532676
958 0.605738 0.172957 0.051745
959 0.605738 0.202456 0.0514135
960 0.605738 0.20318 0.0544365
961 0.605738 0.177788 0.0506169
962 0.605738 0.187054 0.0548871
963 0.605738 0.192357 0.0497851
964 0.605738 0.182535 0.0512784
965 0.605738 0.196427 0.055152
966 0.605738 0.193723 0.0535988
967 0.605738 0.182632 0.0543865
968 0.605738 0.190624 0.0530053
969 0.605738 0.172557 0.0534065
970 0.605738 0.185906 0.0525263
971 0.605738 0.183568 0.0498078
972 0.605738 0.188217 0.0537391
973 0.605738 0.165932 0.0441758
974 0.605738 0.197062 0.0536033
975 0.605738 0.150264 0.048065
976 0.605738 0.168073 0.0522576
977 0.605738 0.175329 0.0508966
978 0.605738 0.167095 0.0471865
979 0.605738 0.177759 0.0543325
980 0.605738 0.190926 0.0555812
981 0.605738 0.199748 0.0530127
982 0.605738 0.186404 0.0545823
983 0.605738 0.19279 0.0532972
984 0.605738 0.208186 0.0538515
985 0.605738 0.194301 0.0551251
986 0.605738 0.166551 0.0481713
987 0.605738 0.160131 0.049448
988 0.605738 0.178337 0.0515549
989 0.605738 0.172452 0.0522289
990 0.605738 0.202594 0.0570351
991 0.605738 0.223889 0.0547255
992 0.605738 0.210594 0.0533135
993 0.605738 0.183904 0.0504498
994 0.605738 0.177586 0.0522243
995 0.605738 0.172653 0.0512278
996 0.605738 0.154072 0.048311
997 0.605738 0.18666 0.0491276
998 0.605738 0.18747 0.0501377
999 0.605738 0.198978 0.0564149
1000 0.605738 0.187705 0.051709
