0 0.125253 0.0620604 0.00387498
1 0.125255 0.0706376 0.00382625
2 0.125273 0.0793934 0.00361181
3 0.125276 0.0846795 0.00340205
4 0.125276 0.0877199 0.00330216
5 0.125276 0.0910747 0.00309238
6 0.125276 0.0864402 0.00336977
7 0.125276 0.0949601 0.00287111
8 0.192292 0.103296 0.00241057
9 0.192292 0.0957951 0.00297147
10 0.192292 0.0984564 0.0028092
11 0.192292 0.0947055 0.00306735
12 0.230204 0.0875942 0.00383353
13 0.230204 0.0940514 0.00348909
14 0.230204 0.101459 0.00305337
15 0.230204 0.102244 0.00302239
16 0.427877 0.112489 0.00456331
17 0.427877 0.11138 0.00456797
18 0.472081 0.106776 0.00679223
19 0.472081 0.109219 0.00783031
20 0.472081 0.114628 0.00900326
21 0.500588 0.118129 0.0124891
21 0.493061 0.0479665 0.0144074
22 0.517371 0.0576991 0.0189942
23 0.577236 0.0658359 0.0225895
24 0.577236 0.0736488 0.0284901
25 0.577236 0.0709598 0.0295206
26 0.577236 0.0884748 0.0350079
27 0.577236 0.0918473 0.0346562
28 0.577236 0.078083 0.0306211
29 0.577236 0.0915114 0.0367333
30 0.577236 0.0903539 0.0356621
31 0.577236 0.0972667 0.03875
32 0.577236 0.102247 0.040652
33 0.577236 0.114587 0.0430547
34 0.577236 0.117652 0.0428886
35 0.577236 0.121282 0.0415796
36 0.580929 0.118943 0.0411521
37 0.580929 0.12873 0.0436863
38 0.580929 0.117351 0.0441473
39 0.580929 0.125966 0.0448555
40 0.580929 0.129481 0.045273
41 0.580929 0.115058 0.040354
42 0.580929 0.122864 0.0428386
43 0.580929 0.125212 0.0402502
44 0.586666 0.124466 0.0427871
45 0.598227 0.14241 0.0455848
46 0.598227 0.154581 0.0485565
47 0.598227 0.162263 0.0493343
48 0.598227 0.144228 0.0434461
49 0.598227 0.159059 0.0493017
50 0.598227 0.140326 0.0476939
51 0.598227 0.141118 0.0416302
52 0.598227 0.15626 0.0441031
53 0.598227 0.154015 0.0504077
54 0.598227 0.153366 0.0460407
55 0.598227 0.181749 0.0519323
56 0.598227 0.181367 0.0526078
57 0.599387 0.177307 0.0515407
58 0.599387 0.183548 0.0493169
59 0.599387 0.183783 0.0525802
60 0.599387 0.176444 0.0496817
61 0.599387 0.186728 0.0513478
62 0.607971 0.19408 0.0509028
63 0.607971 0.196958 0.0502266
64 0.607971 0.213755 0.0493036
65 0.607971 0.218576 0.0517547
66 0.607971 0.212961 0.0551351
67 0.607971 0.187326 0.0492511
68 0.607971 0.195872 0.0525802
69 0.607971 0.193352 0.0505897
70 0.607971 0.202675 0.0519479
71 0.607971 0.202601 0.0550393
72 0.607971 0.175926 0.051389
73 0.607971 0.165898 0.0497766
74 0.607971 0.187314 0.055163
75 0.607971 0.173547 0.0469199
76 0.607971 0.177405 0.0458982
77 0.607971 0.195941 0.05238
78 0.607971 0.207033 0.0556796
79 0.607971 0.191268 0.0510659
80 0.607971 0.196903 0.0528737
81 0.608675 0.207206 0.0543508
82 0.608675 0.200385 0.0545541
83 0.608675 0.223935 0.0579586
84 0.608675 0.171838 0.051992
85 0.608675 0.180892 0.0512344
86 0.608675 0.183723 0.0517313
87 0.608675 0.170997 0.0494861
88 0.608675 0.20763 0.0491884
89 0.608675 0.228657 0.0571672
90 0.608675 0.18808 0.0513751
91 0.608675 0.193581 0.0495813
92 0.608675 0.20061 0.0535028
93 0.608675 0.191273 0.0544585
94 0.608675 0.172909 0.0533376
95 0.608675 0.197056 0.0565968
96 0.608675 0.204966 0.0550922
97 0.608675 0.194261 0.0515863
98 0.608675 0.203554 0.0515783
99 0.608675 0.200172 0.057804
100 0.608742 0.200395 0.0542032
101 0.609044 0.182114 0.0513349
102 0.609044 0.187033 0.0547805
103 0.609044 0.204202 0.0558328
104 0.609044 0.198419 0.0560371
105 0.609044 0.209981 0.0545055
106 0.609044 0.191596 0.0474975
107 0.609044 0.210966 0.0529124
108 0.609044 0.195453 0.0527968
109 0.609044 0.181775 0.049779
110 0.609044 0.18119 0.0515295
111 0.609044 0.178517 0.0549402
112 0.609044 0.177283 0.0545891
113 0.609044 0.195555 0.0557242
114 0.609044 0.178726 0.0487623
115 0.609044 0.178126 0.0494293
116 0.609044 0.190118 0.0534548
117 0.609044 0.187281 0.0497048
118 0.609044 0.199878 0.052078
119 0.609044 0.182956 0.0491198
120 0.609044 0.166483 0.0491681
121 0.609044 0.158553 0.0460545
122 0.609044 0.201209 0.0537564
123 0.609044 0.223404 0.0574686
124 0.609044 0.195094 0.053431
125 0.609044 0.188976 0.0472855
126 0.609044 0.183978 0.0524939
127 0.609044 0.197176 0.053653
128 0.609044 0.196563 0.0504911
129 0.609044 0.185804 0.0467966
130 0.609044 0.215754 0.0518515
131 0.609044 0.217454 0.0464637
132 0.609044 0.204918 0.0482977
133 0.609044 0.179804 0.0452461
134 0.609044 0.193138 0.0491326
135 0.609044 0.191822 0.0487986
136 0.609044 0.185848 0.0493304
137 0.609044 0.191274 0.0534299
138 0.609044 0.191691 0.0521452
139 0.609044 0.187191 0.0523341
140 0.609044 0.197505 0.0500402
141 0.609044 0.178919 0.0523331
142 0.609044 0.177789 0.0487741
143 0.609044 0.199292 0.0541743
144 0.609044 0.20943 0.0558998
145 0.609044 0.194295 0.0489269
146 0.609044 0.191643 0.054486
147 0.609044 0.214121 0.0542263
148 0.609044 0.21888 0.0527589
149 0.609044 0.20606 0.0564225
150 0.609044 0.216299 0.0551209
151 0.609044 0.211991 0.0525767
152 0.609044 0.214719 0.0559067
153 0.609044 0.194032 0.0517205
154 0.609044 0.198912 0.0530356
155 0.609044 0.219917 0.0567972
156 0.609044 0.219461 0.0558347
157 0.609044 0.2529 0.060998
158 0.609044 0.270191 0.0556351
159 0.609044 0.232773 0.0519461
160 0.609044 0.228557 0.0510881
161 0.609044 0.18897 0.0494441
162 0.609044 0.197144 0.0495441
163 0.609703 0.211152 0.0536332
164 0.609703 0.219221 0.0536843
165 0.609703 0.202824 0.0496523
166 0.609703 0.213717 0.0484013
167 0.609703 0.231249 0.0497188
168 0.609703 0.211022 0.0493207
169 0.609703 0.220533 0.0454025
170 0.609703 0.214361 0.0478795
171 0.609703 0.217152 0.0501207
172 0.609703 0.235899 0.0550687
173 0.609703 0.224136 0.0512622
174 0.609703 0.214495 0.0447676
175 0.609703 0.248725 0.0502461
176 0.609703 0.235165 0.047048
177 0.609703 0.233303 0.0535485
178 0.609703 0.227762 0.0496668
179 0.609703 0.223868 0.049726
180 0.609703 0.207141 0.0541328
181 0.609703 0.205183 0.055605
182 0.609703 0.188913 0.051362
183 0.609703 0.202262 0.0535184
184 0.609703 0.229569 0.056678
185 0.609703 0.196491 0.0517297
186 0.609703 0.216854 0.0512263
187 0.609703 0.222926 0.054354
188 0.609703 0.194937 0.0526096
189 0.609703 0.190977 0.0503593
190 0.609703 0.22351 0.054121
191 0.609703 0.205814 0.0535645
192 0.609703 0.209934 0.050931
193 0.609703 0.176937 0.0462472
194 0.609703 0.178712 0.0492404
195 0.609703 0.206032 0.0549004
196 0.609703 0.198747 0.057546
197 0.609703 0.189355 0.0519742
198 0.609703 0.210991 0.0541186
199 0.609703 0.23815 0.0587812
200 0.609703 0.23002 0.0536393
201 0.609703 0.210932 0.05164
202 0.609703 0.21365 0.0522997
203 0.609703 0.197681 0.0489166
204 0.609703 0.202326 0.0503813
205 0.609703 0.20136 0.050536
206 0.609703 0.210536 0.0505533
207 0.609703 0.227158 0.0544954
208 0.609703 0.179545 0.0515023
209 0.609703 0.172797 0.0482561
210 0.609703 0.182305 0.0509153
211 0.609703 0.17542 0.0514468
212 0.609703 0.203539 0.0555606
213 0.609703 0.190511 0.0555218
214 0.609703 0.186366 0.0536042
215 0.609703 0.187494 0.0502772
216 0.609703 0.170067 0.0515619
217 0.609703 0.204395 0.0539215
218 0.609703 0.201967 0.050169
219 0.609703 0.173387 0.048553
220 0.609703 0.192623 0.0508477
221 0.609703 0.200753 0.0524911
222 0.609703 0.195107 0.0464298
223 0.609703 0.208464 0.0521167
224 0.609703 0.215599 0.0506915
225 0.609703 0.240492 0.0541337
226 0.609703 0.197825 0.0552609
227 0.609703 0.200332 0.052902
228 0.609703 0.204771 0.0559479
229 0.609703 0.221618 0.0527581
230 0.609703 0.207291 0.0511329
231 0.609703 0.221258 0.052197
232 0.609703 0.223153 0.0540113
233 0.609703 0.201429 0.0518087
234 0.609703 0.184401 0.0450002
235 0.609703 0.216533 0.0561974
236 0.609703 0.204687 0.0495689
237 0.609703 0.215937 0.0496563
238 0.609703 0.226739 0.0510316
239 0.609703 0.259477 0.052105
240 0.609703 0.229238 0.0473546
241 0.609703 0.208119 0.0463878
242 0.609703 0.195713 0.0508959
243 0.609703 0.196865 0.0529807
244 0.609703 0.215034 0.0503687
245 0.609703 0.208207 0.0491766
246 0.609703 0.189746 0.0520658
247 0.609703 0.209588 0.0525161
248 0.609703 0.200905 0.052141
249 0.609703 0.217807 0.047628
250 0.609703 0.219144 0.051808
251 0.609703 0.235379 0.0533237
252 0.609703 0.243863 0.0560624
253 0.609703 0.214501 0.054433
254 0.609703 0.198898 0.0548724
255 0.609703 0.19654 0.0527431
256 0.609703 0.209369 0.0510309
257 0.609703 0.191762 0.0508149
258 0.609703 0.184768 0.0495379
259 0.609703 0.179383 0.0494261
260 0.609703 0.173661 0.0487726
261 0.609703 0.194199 0.0499925
262 0.609703 0.191622 0.0550836
263 0.609703 0.196422 0.0529132
264 0.609703 0.190935 0.050209
265 0.609703 0.184502 0.0461818
266 0.609703 0.203576 0.0545563
267 0.609703 0.219232 0.0538372
268 0.609703 0.205609 0.050003
269 0.609703 0.187523 0.0482143
270 0.609703 0.190518 0.0500462
271 0.609703 0.216193 0.0554222
272 0.609703 0.182482 0.0471423
273 0.609703 0.17796 0.0509438
274 0.609703 0.183054 0.0471638
275 0.609703 0.192919 0.0532538
276 0.609703 0.191963 0.053055
277 0.609703 0.219276 0.0525683
278 0.609703 0.181142 0.0448502
279 0.609703 0.184128 0.0427599
280 0.609703 0.170783 0.0460763
281 0.609703 0.204631 0.0509764
282 0.609703 0.202881 0.050309
283 0.609703 0.19157 0.0510708
284 0.609703 0.193617 0.0517423
285 0.609703 0.200367 0.0525975
286 0.609703 0.217929 0.0520518
287 0.609703 0.191079 0.0526376
288 0.610146 0.20341 0.0522358
289 0.610146 0.19246 0.0475528
290 0.610146 0.186797 0.0520534
291 0.610146 0.196599 0.0502458
292 0.610146 0.169348 0.0491095
293 0.610146 0.214822 0.0575215
294 0.610146 0.197059 0.0532741
295 0.610146 0.185871 0.0530432
296 0.610146 0.198302 0.0556765
297 0.610146 0.198041 0.0536048
298 0.610146 0.202824 0.0493805
299 0.610146 0.196896 0.0489477
300 0.610146 0.206902 0.0480087
301 0.610146 0.20499 0.0543607
302 0.610146 0.211285 0.0503848
303 0.610146 0.218336 0.0563465
304 0.610146 0.205751 0.0609993
305 0.610146 0.156648 0.048833
306 0.610146 0.164567 0.050705
307 0.610146 0.172888 0.0487717
308 0.610146 0.177443 0.0545361
309 0.610146 0.180397 0.05322
310 0.610146 0.167341 0.0537524
311 0.610146 0.155752 0.0500065
312 0.610146 0.153354 0.048866
313 0.610146 0.206977 0.0547143
314 0.610146 0.199398 0.0546431
315 0.610146 0.209202 0.056893
316 0.610146 0.207288 0.055108
317 0.610146 0.207256 0.0537613
318 0.610146 0.222638 0.0584771
319 0.610146 0.220501 0.0557047
320 0.610146 0.200245 0.0526473
321 0.610146 0.204877 0.0501041
322 0.610146 0.202589 0.0549183
323 0.610146 0.210398 0.060533
324 0.610146 0.196591 0.053991
325 0.610146 0.173114 0.0555384
326 0.610146 0.202314 0.0570338
327 0.610146 0.187313 0.0512142
328 0.610146 0.170388 0.0537011
329 0.610146 0.191837 0.0528417
330 0.610146 0.169752 0.0495276
331 0.610146 0.194124 0.0515874
332 0.610146 0.176885 0.0516435
333 0.610146 0.18067 0.0525318
334 0.610146 0.179216 0.0521681
335 0.610146 0.198345 0.0562731
336 0.610146 0.18856 0.0534154
337 0.610146 0.179473 0.0445345
338 0.610146 0.178334 0.0509003
339 0.610146 0.160046 0.0472678
340 0.610146 0.183478 0.0495416
341 0.610146 0.232145 0.0491902
342 0.610146 0.208032 0.0486345
343 0.610146 0.208218 0.0488929
344 0.610146 0.184615 0.0492214
345 0.610146 0.185872 0.0537818
346 0.610472 0.20281 0.0572644
347 0.610472 0.17376 0.046476
348 0.610472 0.180966 0.0462526
349 0.610472 0.16585 0.0484398
350 0.610472 0.168322 0.0522649
351 0.610472 0.168968 0.0500526
352 0.610472 0.158469 0.0482425
353 0.610472 0.17743 0.0473051
354 0.610472 0.184357 0.0493508
355 0.610472 0.198155 0.0525806
356 0.610472 0.188429 0.0506742
357 0.610472 0.173546 0.0468558
358 0.610472 0.187307 0.0494656
359 0.610472 0.201184 0.045197
360 0.610472 0.217806 0.0512866
361 0.610472 0.211294 0.0504261
362 0.610472 0.218942 0.052222
363 0.610472 0.197966 0.0553175
364 0.610472 0.207185 0.0542846
365 0.610472 0.231023 0.0578622
366 0.610472 0.218198 0.0555236
367 0.610472 0.209261 0.0535465
368 0.610472 0.209542 0.0551505
369 0.610472 0.213361 0.0574279
370 0.610472 0.186363 0.0559353
371 0.610472 0.202451 0.0549452
372 0.610472 0.203501 0.0582621
373 0.610472 0.219069 0.0578994
374 0.610472 0.217304 0.0562878
375 0.610472 0.200529 0.0526962
376 0.610472 0.182762 0.0516867
377 0.610472 0.208837 0.0537062
378 0.610472 0.201513 0.0478117
379 0.610536 0.207885 0.0522393
380 0.610536 0.191372 0.0496851
381 0.610536 0.175622 0.0497804
382 0.610536 0.200073 0.0549717
383 0.610536 0.218868 0.0527739
384 0.6107 0.216455 0.0577117
385 0.6107 0.231637 0.0536537
386 0.6107 0.20618 0.0523938
387 0.6107 0.192596 0.0448003
388 0.6107 0.22097 0.0496898
389 0.6107 0.194573 0.0513963
390 0.6107 0.186087 0.0503306
391 0.610824 0.209599 0.0538275
392 0.610824 0.192271 0.0514344
393 0.610824 0.198647 0.0533864
394 0.610824 0.202797 0.0536581
395 0.610824 0.217391 0.0571113
396 0.610824 0.228524 0.0525142
397 0.610824 0.208374 0.0542735
398 0.610824 0.196695 0.0484636
399 0.610824 0.201273 0.0513812
400 0.610824 0.209727 0.0517089
401 0.610824 0.205938 0.0523704
402 0.610824 0.20563 0.0527095
403 0.610824 0.222494 0.0550854
404 0.610824 0.207628 0.0540862
405 0.610824 0.208144 0.0582475
406 0.610824 0.202648 0.0579886
407 0.610824 0.179949 0.0515772
408 0.610824 0.197894 0.0545946
409 0.610824 0.167482 0.0492884
410 0.610824 0.166002 0.0501706
411 0.610824 0.157271 0.0472493
412 0.610824 0.183569 0.0573237
413 0.610824 0.148093 0.0499057
414 0.610824 0.163517 0.0497335
415 0.610824 0.162825 0.0519489
416 0.610824 0.148498 0.0500484
417 0.610824 0.153678 0.0528562
418 0.610824 0.172898 0.0574627
419 0.610824 0.193596 0.0542146
420 0.610824 0.194367 0.0532038
421 0.610824 0.186172 0.0518557
422 0.610824 0.207592 0.0555585
423 0.610824 0.179207 0.0530068
424 0.610824 0.1989 0.0538449
425 0.610824 0.199018 0.0562919
426 0.610824 0.187121 0.0551136
427 0.610824 0.184024 0.0547685
428 0.610824 0.172835 0.0494995
429 0.610824 0.203834 0.0586065
430 0.610824 0.185248 0.0588815
431 0.610824 0.184707 0.0521079
432 0.610824 0.188338 0.052009
433 0.61085 0.196884 0.0534679
434 0.611145 0.206858 0.0597965
435 0.611145 0.172537 0.0504177
436 0.611145 0.175648 0.0501615
437 0.611145 0.198998 0.0537514
438 0.611145 0.197187 0.0570966
439 0.611145 0.18951 0.0503626
440 0.611145 0.188357 0.0543514
441 0.611145 0.18394 0.0545722
442 0.611145 0.204439 0.0597445
443 0.611145 0.212661 0.0589473
444 0.611145 0.184228 0.0519105
445 0.611145 0.211012 0.0519882
446 0.611145 0.211016 0.05426
447 0.611145 0.206924 0.054596
448 0.611145 0.186572 0.0469858
449 0.611145 0.206276 0.0537671
450 0.611145 0.209765 0.0574168
451 0.611145 0.214003 0.0570732
452 0.611145 0.210959 0.0543583
453 0.611145 0.215287 0.0569335
454 0.611145 0.222341 0.0535535
455 0.611145 0.219161 0.0547514
456 0.611145 0.203261 0.051647
457 0.611483 0.205641 0.0571307
458 0.611483 0.201887 0.0549118
459 0.611483 0.219854 0.054752
460 0.611483 0.214715 0.0532753
461 0.611483 0.212182 0.0510128
462 0.611483 0.19243 0.049666
463 0.611483 0.191604 0.0476175
464 0.611483 0.230045 0.0494902
465 0.611483 0.210572 0.0512998
466 0.611483 0.20644 0.0506059
467 0.611483 0.219552 0.0502261
468 0.611483 0.197858 0.0541628
469 0.611483 0.208847 0.0548737
470 0.611483 0.223434 0.0525471
471 0.611483 0.212277 0.0504564
472 0.611483 0.209332 0.0470354
473 0.611483 0.221992 0.0526947
474 0.611483 0.205414 0.0517694
475 0.611483 0.208134 0.0515122
476 0.611483 0.240559 0.0510842
477 0.611483 0.202379 0.0528863
478 0.611483 0.201429 0.0536359
479 0.611483 0.177312 0.0504135
480 0.611483 0.221425 0.0525911
481 0.611483 0.196656 0.0512383
482 0.611483 0.174697 0.0495992
483 0.611483 0.201514 0.0523501
484 0.611483 0.189498 0.0555482
485 0.611483 0.215551 0.0572609
486 0.611483 0.200204 0.0543014
487 0.611483 0.210132 0.0544221
488 0.611483 0.211232 0.0515043
489 0.611483 0.208719 0.051362
490 0.611483 0.207214 0.0515142
491 0.611483 0.20951 0.0522832
492 0.611483 0.222452 0.0515772
493 0.611483 0.226861 0.051538
494 0.611483 0.220489 0.0458538
495 0.611483 0.198714 0.0480898
496 0.611483 0.199219 0.0522326
497 0.611483 0.216835 0.0514936
498 0.611483 0.199707 0.0533115
499 0.611483 0.218531 0.0529662
500 0.611483 0.205921 0.054278
501 0.611483 0.215416 0.0518702
502 0.611483 0.192396 0.0543841
503 0.611483 0.163284 0.0496681
504 0.611483 0.164275 0.0495471
505 0.611483 0.151219 0.0442942
506 0.611483 0.175633 0.0496368
507 0.611483 0.179974 0.0535868
508 0.611483 0.155386 0.0499238
509 0.611483 0.16097 0.0513419
510 0.611483 0.170195 0.0539883
511 0.611483 0.178863 0.0531157
512 0.611483 0.181894 0.0505581
513 0.611483 0.170812 0.0507246
514 0.611483 0.183998 0.05316
515 0.611483 0.165591 0.0494739
516 0.611483 0.15766 0.0497265
517 0.611483 0.217954 0.0625543
518 0.611483 0.209471 0.0579015
519 0.611483 0.228884 0.0567426
520 0.611483 0.188886 0.0494864
521 0.611483 0.193677 0.0525939
522 0.611483 0.178501 0.0482036
523 0.611483 0.186861 0.0539403
524 0.611483 0.188092 0.0538387
525 0.611483 0.188455 0.0540828
526 0.611483 0.197343 0.0554091
527 0.611483 0.200583 0.0487911
528 0.611483 0.192248 0.0496308
529 0.611483 0.202338 0.0551859
530 0.611483 0.186443 0.0569133
531 0.611483 0.196262 0.0488577
532 0.611483 0.163411 0.0494183
533 0.611483 0.20196 0.0514403
534 0.611483 0.196886 0.0553916
535 0.611483 0.195847 0.0539591
536 0.611509 0.171949 0.0462792
537 0.611509 0.184918 0.0521337
538 0.611509 0.186691 0.0539494
539 0.611509 0.165727 0.0548141
540 0.611509 0.174881 0.0542144
541 0.611509 0.175388 0.0506666
542 0.611509 0.174967 0.0550692
543 0.611509 0.196255 0.0520598
544 0.611509 0.200031 0.056425
545 0.611509 0.211255 0.053782
546 0.611509 0.232475 0.0552719
547 0.611509 0.225235 0.053221
548 0.611509 0.213399 0.0532296
549 0.611509 0.188494 0.0541325
550 0.611509 0.215788 0.0564579
551 0.611509 0.199619 0.0477
552 0.611509 0.211641 0.0526879
553 0.611509 0.194862 0.0459995
554 0.611509 0.21293 0.0503488
555 0.611509 0.227957 0.0514568
556 0.611509 0.235244 0.0568191
557 0.611509 0.2481 0.0593613
558 0.611509 0.252922 0.0539414
559 0.611509 0.239059 0.0511289
560 0.611509 0.214438 0.0514726
561 0.611509 0.217146 0.0557116
562 0.611509 0.21268 0.0567588
563 0.611509 0.234272 0.0560443
564 0.611509 0.223624 0.054324
565 0.611509 0.20331 0.0485348
566 0.611509 0.210331 0.0504457
567 0.611509 0.221382 0.0529288
568 0.611509 0.210869 0.0503786
569 0.611509 0.188104 0.0535309
570 0.611509 0.18676 0.0539609
571 0.611509 0.199936 0.0582459
572 0.611509 0.21338 0.0561237
573 0.611657 0.189168 0.0556146
574 0.611657 0.150057 0.046441
575 0.611657 0.174388 0.054719
576 0.611657 0.228825 0.0545248
577 0.611657 0.22346 0.0583296
578 0.611657 0.178356 0.0528889
579 0.611657 0.209682 0.0514318
580 0.611657 0.230346 0.0526076
581 0.611657 0.197603 0.0539145
582 0.611657 0.197096 0.0534482
583 0.611657 0.206185 0.0525159
584 0.611657 0.224895 0.0538439
585 0.611657 0.209268 0.0532754
586 0.611657 0.217235 0.0558669
587 0.611657 0.222179 0.0549107
588 0.611657 0.247696 0.0558857
589 0.611657 0.238217 0.0589246
590 0.611657 0.240377 0.0581143
591 0.611657 0.215819 0.0557914
592 0.611657 0.218543 0.0611435
593 0.611657 0.230694 0.0580353
594 0.611657 0.218563 0.0592453
595 0.611657 0.225718 0.0592776
596 0.611657 0.199684 0.0534774
597 0.611657 0.216176 0.055082
598 0.611657 0.182689 0.0523854
599 0.611657 0.213879 0.0597522
600 0.611657 0.201734 0.0523911
601 0.611657 0.187272 0.0511452
602 0.611657 0.210999 0.0522616
603 0.611657 0.208158 0.0500053
604 0.611657 0.192956 0.0526696
605 0.611657 0.188264 0.054351
606 0.611657 0.211498 0.054827
607 0.611657 0.195307 0.0565856
608 0.611657 0.188539 0.0538144
609 0.611657 0.181494 0.0515776
610 0.611657 0.177699 0.0509345
611 0.611657 0.189791 0.0563217
612 0.611657 0.192609 0.0560512
613 0.611657 0.230408 0.0594595
614 0.611657 0.209317 0.0568366
615 0.611657 0.222365 0.0599222
616 0.611657 0.197765 0.0542567
617 0.611657 0.205108 0.0512451
618 0.611657 0.228522 0.0514423
619 0.611657 0.211245 0.0577991
620 0.611657 0.208286 0.0540104
621 0.611657 0.185431 0.048631
622 0.611657 0.199848 0.0523249
623 0.611657 0.177803 0.0526042
624 0.611657 0.172642 0.0490909
625 0.611657 0.156971 0.0512152
626 0.611657 0.174917 0.0577979
627 0.611657 0.195607 0.0617574
628 0.611657 0.189052 0.0517522
629 0.611657 0.211124 0.0554608
630 0.611657 0.236813 0.0519896
631 0.611657 0.224496 0.0515314
632 0.611657 0.216498 0.0511625
633 0.611657 0.203968 0.0517738
634 0.611657 0.188526 0.0533846
635 0.611657 0.172395 0.0507396
636 0.611657 0.186505 0.0538083
637 0.611657 0.206284 0.0561845
638 0.611657 0.20095 0.0558834
639 0.611657 0.212131 0.0593592
640 0.611657 0.188015 0.0508357
641 0.611657 0.22913 0.0534449
642 0.611657 0.196929 0.049666
643 0.611657 0.214597 0.0500899
644 0.611657 0.174247 0.0463522
645 0.611657 0.207562 0.0503142
646 0.611657 0.187256 0.0496281
647 0.611657 0.199107 0.0518541
648 0.611657 0.187945 0.0507067
649 0.611657 0.211466 0.0545324
650 0.611657 0.222453 0.0596853
651 0.611657 0.216146 0.0524255
652 0.611657 0.223133 0.0547505
653 0.611657 0.227242 0.0510014
654 0.611657 0.182914 0.0499416
655 0.611657 0.176973 0.0553606
656 0.611657 0.197299 0.0503723
657 0.611657 0.189664 0.0509312
658 0.611657 0.210021 0.0574723
659 0.611657 0.207296 0.0571667
660 0.611657 0.193811 0.0593795
661 0.611657 0.212511 0.0525222
662 0.611657 0.214169 0.0515339
663 0.611657 0.213613 0.0497441
664 0.611657 0.22374 0.0548526
665 0.611657 0.230611 0.0536215
666 0.611657 0.227309 0.0535468
667 0.611657 0.234619 0.0565695
668 0.611657 0.198077 0.0499042
669 0.611657 0.20013 0.0506503
670 0.611657 0.221388 0.0575366
671 0.611657 0.223707 0.059536
672 0.611657 0.211768 0.0553381
673 0.611657 0.196674 0.0592206
674 0.611657 0.215869 0.0565404
675 0.611657 0.191055 0.0560422
676 0.611657 0.171939 0.0487623
677 0.611657 0.175472 0.0515766
678 0.611657 0.194191 0.0516438
679 0.611657 0.219116 0.0580686
680 0.611657 0.198599 0.0522455
681 0.611657 0.204166 0.0510052
682 0.611657 0.191543 0.0534098
683 0.611657 0.185295 0.0519357
684 0.611657 0.212605 0.0555579
685 0.611657 0.207091 0.056274
686 0.611657 0.201288 0.0500019
687 0.611657 0.193597 0.0532062
688 0.611657 0.210063 0.055892
689 0.611657 0.216394 0.0573617
690 0.611657 0.19239 0.0486763
691 0.611657 0.230965 0.0541687
692 0.611657 0.175352 0.0463954
693 0.611657 0.185093 0.051052
694 0.611657 0.184109 0.0520892
695 0.611657 0.206919 0.0601434
696 0.611657 0.19736 0.0529519
697 0.611657 0.217496 0.061114
698 0.611657 0.203762 0.0536276
699 0.611657 0.172222 0.0471777
700 0.611657 0.186691 0.0529542
701 0.611657 0.174281 0.0509624
702 0.611657 0.19991 0.0535294
703 0.611657 0.192556 0.0527656
704 0.611657 0.202935 0.050705
705 0.611657 0.209331 0.0502203
706 0.611657 0.223251 0.0534762
707 0.611657 0.197869 0.0543377
708 0.611657 0.201957 0.0522817
709 0.611657 0.198384 0.0519213
710 0.611657 0.195472 0.0525621
711 0.611657 0.198135 0.0512806
712 0.611657 0.200751 0.0488518
713 0.611657 0.216794 0.0529191
714 0.611657 0.218517 0.0556192
715 0.611657 0.252991 0.0613748
716 0.611657 0.192132 0.0521045
717 0.611803 0.18677 0.0511232
718 0.611803 0.191407 0.0467415
719 0.611803 0.181874 0.0504307
720 0.611803 0.176034 0.0504187
721 0.611803 0.180256 0.0540314
722 0.611803 0.198347 0.0542981
723 0.611803 0.18499 0.0515107
724 0.611803 0.207296 0.0523926
725 0.611803 0.197194 0.0555536
726 0.611803 0.18708 0.0509791
727 0.611803 0.176078 0.0480356
728 0.611803 0.170026 0.0502188
729 0.611803 0.159968 0.048395
730 0.611803 0.166992 0.0562363
731 0.611803 0.166339 0.054988
732 0.611803 0.1722 0.0521843
733 0.611803 0.192349 0.0553132
734 0.611803 0.191353 0.0527537
735 0.611803 0.223599 0.0582172
736 0.611803 0.232814 0.054515
737 0.613049 0.22629 0.0560194
738 0.613049 0.206642 0.0564644
739 0.613049 0.198202 0.0538131
740 0.613049 0.229014 0.0545772
741 0.613049 0.212784 0.0566405
742 0.613049 0.209354 0.0588487
743 0.613049 0.171435 0.0565568
744 0.613049 0.20417 0.055215
745 0.613049 0.194047 0.0565352
746 0.613049 0.166126 0.0534878
747 0.613049 0.175439 0.0560984
748 0.613049 0.189699 0.0587771
749 0.613049 0.208121 0.0583429
750 0.613049 0.201892 0.0580659
751 0.613049 0.179518 0.0550321
752 0.613049 0.196889 0.0555166
753 0.613049 0.214217 0.0564885
754 0.613049 0.207889 0.0551621
755 0.613049 0.223616 0.0592311
756 0.613049 0.247195 0.0569132
757 0.613049 0.247039 0.0580642
758 0.613049 0.217728 0.0540023
759 0.613049 0.222429 0.0488921
760 0.613049 0.185381 0.0497091
761 0.613049 0.165951 0.0469468
762 0.613049 0.189231 0.0532606
763 0.613049 0.185865 0.0508057
764 0.613049 0.185774 0.0497826
765 0.613049 0.222183 0.0584435
766 0.613049 0.181219 0.0524569
767 0.613049 0.225882 0.0596487
768 0.613049 0.185161 0.0561256
769 0.613049 0.172167 0.0548322
770 0.613049 0.192809 0.0485058
771 0.613049 0.22773 0.0531209
772 0.613049 0.22318 0.0531745
773 0.613049 0.219934 0.0580217
774 0.613049 0.174614 0.0482234
775 0.613049 0.189202 0.05271
776 0.613049 0.187067 0.0503193
777 0.613049 0.182083 0.0483431
778 0.613049 0.200412 0.0542588
779 0.613049 0.201737 0.0556589
780 0.613049 0.207342 0.0538587
781 0.613049 0.183124 0.0511528
782 0.613049 0.187497 0.0515158
783 0.613049 0.1722 0.0475006
784 0.613049 0.140343 0.0443365
785 0.613049 0.166359 0.0532
786 0.613049 0.180283 0.05172
787 0.613049 0.146424 0.0476589
788 0.613049 0.17939 0.0548262
789 0.613049 0.180105 0.0517772
790 0.613049 0.18326 0.0559178
791 0.613049 0.147395 0.0493376
792 0.613049 0.17594 0.0494163
793 0.613049 0.197388 0.0513873
794 0.613049 0.17439 0.0506229
795 0.613049 0.179713 0.055256
796 0.613049 0.165792 0.0490644
797 0.613049 0.150382 0.0467572
798 0.613049 0.182391 0.0511224
799 0.613049 0.189327 0.058839
800 0.613049 0.170256 0.0502353
801 0.613049 0.198089 0.0575035
802 0.613049 0.175904 0.0485025
803 0.613049 0.171677 0.0539985
804 0.613049 0.153899 0.0507841
805 0.613049 0.175415 0.0534713
806 0.613049 0.174554 0.0509476
807 0.613049 0.180353 0.0517325
808 0.613049 0.199832 0.0521553
809 0.613049 0.202998 0.0537237
810 0.613049 0.190083 0.0528168
811 0.613049 0.203825 0.0507992
812 0.613049 0.204533 0.0508532
813 0.613049 0.185277 0.055533
814 0.613049 0.172754 0.0499518
815 0.613049 0.18474 0.0543033
816 0.613049 0.200041 0.0576244
817 0.613049 0.203844 0.0511619
818 0.613049 0.210967 0.0527559
819 0.613049 0.227156 0.0563317
820 0.613049 0.218511 0.0516929
821 0.613049 0.212502 0.0525243
822 0.613049 0.209507 0.0574492
823 0.613049 0.206044 0.0588785
824 0.613049 0.18341 0.0555996
825 0.613049 0.182298 0.0561485
826 0.613049 0.229038 0.0573974
827 0.613049 0.222644 0.0589253
828 0.613049 0.209174 0.0616634
829 0.613049 0.197034 0.0583488
830 0.613049 0.203254 0.0598695
831 0.613049 0.171706 0.0516273
832 0.613049 0.199111 0.0523674
833 0.613049 0.238361 0.0538659
834 0.613049 0.231174 0.0516442
835 0.613049 0.225155 0.0534113
836 0.613049 0.20911 0.0537751
837 0.613049 0.219606 0.0540861
838 0.613049 0.204134 0.0499454
839 0.613049 0.231544 0.0503387
840 0.613049 0.213941 0.0558031
841 0.613049 0.191349 0.0558648
842 0.613049 0.19244 0.0531994
843 0.613049 0.191333 0.0531674
844 0.613049 0.176652 0.0503255
845 0.613049 0.165512 0.0512813
846 0.613049 0.185422 0.052358
847 0.613049 0.202607 0.0550292
848 0.613049 0.193147 0.0505912
849 0.613049 0.191155 0.0490254
850 0.613049 0.201947 0.0542153
851 0.613049 0.225171 0.0572566
852 0.613049 0.205977 0.0537877
853 0.613049 0.231813 0.0576918
854 0.613049 0.170138 0.0532734
855 0.613049 0.180849 0.0536826
856 0.613049 0.201151 0.053828
857 0.613049 0.187288 0.0490454
858 0.613049 0.168844 0.0490863
859 0.613049 0.178941 0.0522213
860 0.613049 0.187583 0.0519787
861 0.613049 0.161415 0.0479135
862 0.613049 0.168858 0.0490274
863 0.613049 0.177415 0.0470622
864 0.613049 0.176976 0.0500071
865 0.613049 0.19574 0.0533908
866 0.613049 0.209082 0.0539943
867 0.613049 0.213324 0.0542635
868 0.613049 0.21133 0.0531804
869 0.613049 0.201065 0.0554194
870 0.613049 0.212218 0.0570813
871 0.613049 0.194772 0.0548497
872 0.613049 0.186835 0.0527122
873 0.613049 0.196298 0.0540078
874 0.613049 0.208989 0.0523146
875 0.613049 0.216672 0.0546731
876 0.613049 0.229684 0.057197
877 0.613049 0.220498 0.0543151
878 0.613049 0.198514 0.0509331
879 0.613049 0.177436 0.0495201
880 0.613049 0.174658 0.0524304
881 0.613049 0.180034 0.054723
882 0.613049 0.189273 0.053538
883 0.613049 0.161114 0.0516048
884 0.613049 0.173257 0.0496026
885 0.613049 0.155482 0.0448951
886 0.613049 0.175817 0.0473288
887 0.613049 0.170205 0.0497083
888 0.613049 0.171725 0.0489807
889 0.613049 0.179812 0.0548473
890 0.613049 0.195223 0.0572357
891 0.613049 0.209236 0.0553558
892 0.613049 0.196985 0.0518822
893 0.613049 0.191166 0.0506552
894 0.613049 0.192984 0.0556957
895 0.613049 0.1897 0.0517685
896 0.613049 0.205138 0.0512636
897 0.613049 0.187982 0.0533614
898 0.613049 0.206683 0.0549665
899 0.613049 0.224151 0.0554058
900 0.613049 0.200761 0.0562019
901 0.613049 0.216484 0.0555201
902 0.613049 0.202566 0.0530542
903 0.613049 0.179063 0.0555436
904 0.613049 0.177508 0.048557
905 0.613049 0.191502 0.0574175
906 0.613049 0.175217 0.0482493
907 0.613049 0.183545 0.0503641
908 0.613049 0.219248 0.0565876
909 0.613049 0.209021 0.0531824
910 0.613049 0.238771 0.0536282
911 0.613049 0.224798 0.052188
912 0.613049 0.220329 0.054792
913 0.613049 0.186054 0.0500632
914 0.613049 0.211602 0.0530759
915 0.613049 0.213792 0.058658
916 0.613049 0.221384 0.0566902
917 0.613049 0.22138 0.0578113
918 0.613049 0.20661 0.0567645
919 0.613049 0.186266 0.052312
920 0.613049 0.211172 0.054956
921 0.613049 0.197571 0.0523285
922 0.613049 0.182675 0.0496896
923 0.613049 0.172482 0.0527841
924 0.613049 0.187695 0.0529888
925 0.613049 0.181062 0.051222
926 0.613049 0.169877 0.0472735
927 0.613049 0.167758 0.0448505
928 0.613049 0.191258 0.0479116
929 0.613049 0.186936 0.0436569
930 0.613049 0.197739 0.0511064
931 0.613049 0.197786 0.0489497
932 0.613049 0.189926 0.0459737
933 0.613049 0.181865 0.0518448
934 0.613049 0.202664 0.0560244
935 0.613049 0.216685 0.0523697
936 0.613049 0.192762 0.0513269
937 0.613049 0.182394 0.0499631
938 0.613049 0.169614 0.0464439
939 0.613049 0.185814 0.0525326
940 0.613049 0.139664 0.0474657
941 0.613049 0.182248 0.051902
942 0.613049 0.184144 0.0453914
943 0.613049 0.223273 0.0474786
944 0.613049 0.243323 0.0514751
945 0.613049 0.235627 0.0471863
946 0.613049 0.215719 0.0532953
947 0.613049 0.194794 0.0539541
948 0.613049 0.217289 0.0545519
949 0.613049 0.188994 0.0525926
950 0.613049 0.191837 0.0559048
951 0.613049 0.175516 0.0547096
952 0.613049 0.19407 0.053672
953 0.613049 0.178902 0.052958
954 0.613049 0.204641 0.0506269
955 0.613049 0.195688 0.05113
956 0.613049 0.191046 0.0538991
957 0.613049 0.218544 0.0581874
958 0.613049 0.180566 0.0547945
959 0.613049 0.219776 0.0604505
960 0.613049 0.220343 0.0598161
961 0.613049 0.229637 0.0574343
962 0.613049 0.170431 0.0498743
963 0.613049 0.170225 0.0552867
964 0.613049 0.186448 0.0531411
965 0.613049 0.18883 0.0532384
966 0.613049 0.213225 0.0552284
967 0.613049 0.202317 0.0590838
968 0.613049 0.199404 0.0566039
969 0.613049 0.196696 0.0547549
970 0.613049 0.190887 0.0563891
971 0.613049 0.209919 0.0563753
972 0.613049 0.21013 0.052431
973 0.613049 0.179742 0.0523876
974 0.613049 0.192803 0.0564587
975 0.613049 0.188065 0.0542888
976 0.613049 0.190463 0.0563332
977 0.613049 0.207025 0.0568342
978 0.613049 0.208451 0.0601626
979 0.613049 0.213624 0.0599437
980 0.613049 0.226331 0.0627997
981 0.613049 0.199986 0.0597521
982 0.613049 0.197262 0.0532217
983 0.613049 0.191837 0.0537032
984 0.613049 0.183695 0.0505412
985 0.613049 0.187019 0.0535787
986 0.613049 0.180152 0.0541707
987 0.613049 0.172851 0.0487426
988 0.613049 0.160106 0.0494503
989 0.613049 0.190256 0.0557011
990 0.613049 0.188578 0.0474426
991 0.613049 0.164073 0.0533956
992 0.613049 0.160449 0.0491897
993 0.613049 0.177247 0.053079
994 0.613049 0.217962 0.0568523
995 0.613049 0.186797 0.0529698
996 0.613049 0.178929 0.0547462
997 0.613049 0.17985 0.0539899
998 0.613049 0.219176 0.0573123
999 0.613049 0.197728 0.0582792
1000 0.613049 0.190267 0.0506999
