0 0.138979 0.05771 0.00394757
1 0.138979 0.0714555 0.0038863
2 0.138979 0.0790989 0.00368425
3 0.138979 0.0802924 0.00366039
4 0.138979 0.0904706 0.0031722
5 0.138979 0.104256 0.00220309
6 0.138979 0.10421 0.00220988
7 0.138979 0.108025 0.00186899
8 0.138979 0.099315 0.00258443
9 0.138979 0.103949 0.00221976
10 0.138979 0.101682 0.00234618
11 0.138979 0.100409 0.00252682
12 0.151427 0.103125 0.00235121
13 0.151427 0.104529 0.00222601
14 0.151427 0.106028 0.00210193
15 0.263067 0.106301 0.00244287
16 0.263067 0.104763 0.00249329
17 0.291054 0.101576 0.0032854
18 0.332741 0.100685 0.00460277
19 0.50012 0.100139 0.00663713
19 0.478434 0.0258589 0.00696765
20 0.478434 0.0418989 0.010435
21 0.478434 0.044262 0.0118709
22 0.478434 0.0484247 0.013177
23 0.478434 0.0576262 0.0176375
24 0.479959 0.0547579 0.0178609
25 0.479959 0.0570235 0.019114
26 0.499305 0.0711188 0.0238881
27 0.568857 0.0728009 0.0260669
28 0.590565 0.092825 0.0327917
29 0.590565 0.0775081 0.0293
30 0.590565 0.0914922 0.0323773
31 0.590565 0.0825806 0.0330234
32 0.590565 0.0857995 0.0337314
33 0.590565 0.0976226 0.0338456
34 0.590565 0.095569 0.0358941
35 0.590565 0.0928531 0.0358623
36 0.590565 0.0862499 0.0333357
37 0.590565 0.0987596 0.0371056
38 0.590565 0.0897497 0.035514
39 0.590565 0.0988108 0.0391462
40 0.594029 0.123004 0.0427504
41 0.594029 0.120439 0.0420216
42 0.594029 0.117267 0.0406009
43 0.594029 0.110494 0.0394193
44 0.594029 0.127719 0.045565
45 0.594029 0.133299 0.0479566
46 0.594029 0.118571 0.0426278
47 0.594029 0.141815 0.0444734
48 0.594029 0.14221 0.0449238
49 0.594029 0.154785 0.0487863
50 0.594029 0.14196 0.0430635
51 0.594029 0.138217 0.042859
52 0.594029 0.13512 0.0445891
53 0.594029 0.137371 0.0431592
54 0.594029 0.113461 0.0388182
55 0.594029 0.127949 0.0408712
56 0.594029 0.126344 0.0418664
57 0.594029 0.140995 0.0438684
58 0.603711 0.145304 0.044644
59 0.603711 0.182529 0.0533786
60 0.603711 0.159944 0.0478133
61 0.603711 0.147911 0.0452346
62 0.603711 0.155948 0.0526296
63 0.603711 0.150789 0.0483171
64 0.603711 0.146753 0.0477887
65 0.603711 0.128997 0.0437245
66 0.604395 0.148773 0.0500534
67 0.604589 0.16773 0.0563422
68 0.604589 0.169128 0.0537562
69 0.604589 0.155393 0.0535119
70 0.604589 0.155073 0.0539513
71 0.604589 0.160493 0.0538077
72 0.604589 0.160692 0.0529307
73 0.604589 0.155766 0.0512229
74 0.604589 0.146386 0.0494235
75 0.604589 0.134324 0.0438742
76 0.604589 0.137142 0.0462907
77 0.604589 0.177263 0.0543253
78 0.604589 0.166547 0.055221
79 0.604589 0.151769 0.052736
80 0.604589 0.168862 0.0536015
81 0.610505 0.186142 0.055452
82 0.610505 0.172245 0.049391
83 0.610505 0.179486 0.0524471
84 0.610505 0.196369 0.0571261
85 0.610505 0.175877 0.0532235
86 0.610505 0.162255 0.0492127
87 0.610505 0.157426 0.050476
88 0.610505 0.163976 0.0517424
89 0.610505 0.152175 0.0481071
90 0.610505 0.15647 0.0506001
91 0.610505 0.153178 0.0498538
92 0.610505 0.135168 0.0466757
93 0.610505 0.141043 0.0495103
94 0.610505 0.149695 0.0529602
95 0.610505 0.159236 0.0545639
96 0.610505 0.173723 0.0550513
97 0.611575 0.169413 0.0546329
98 0.611575 0.158303 0.050173
99 0.611575 0.162592 0.0504402
100 0.611575 0.16106 0.0510649
101 0.611575 0.14209 0.0475856
102 0.611575 0.145089 0.0490081
103 0.611575 0.175398 0.0569417
104 0.611575 0.175867 0.0598307
105 0.611575 0.185024 0.0531044
106 0.611575 0.188634 0.0517125
107 0.611575 0.195249 0.0519318
108 0.611575 0.210046 0.0556114
109 0.611575 0.20973 0.0526818
110 0.611575 0.2114 0.0550635
111 0.611575 0.213836 0.0566369
112 0.611575 0.207474 0.0568274
113 0.611575 0.161549 0.0521998
114 0.611575 0.170487 0.0526793
115 0.611575 0.172966 0.0503758
116 0.611575 0.159066 0.0484824
117 0.611575 0.180895 0.0509882
118 0.611575 0.169255 0.0445226
119 0.611575 0.188908 0.0503451
120 0.611575 0.169231 0.045422
121 0.611575 0.170478 0.0419344
122 0.611575 0.159728 0.0449612
123 0.611575 0.176324 0.0484037
124 0.611575 0.183751 0.0495776
125 0.611575 0.184321 0.0498965
126 0.611575 0.19651 0.0515355
127 0.611575 0.202986 0.0554661
128 0.611575 0.192716 0.0585058
129 0.611575 0.167547 0.0525566
130 0.611575 0.152113 0.046358
131 0.611575 0.175025 0.0505219
132 0.611575 0.188709 0.0561205
133 0.611575 0.167945 0.0504312
134 0.611575 0.149216 0.0487183
135 0.611575 0.171585 0.0503943
136 0.611575 0.14204 0.042661
137 0.611575 0.173402 0.0510114
138 0.611575 0.159185 0.0432995
139 0.611575 0.174956 0.052726
140 0.611575 0.168909 0.0505124
141 0.611575 0.167051 0.0532176
142 0.611575 0.164325 0.0529918
143 0.611575 0.174182 0.0519828
144 0.611575 0.184098 0.0552565
145 0.611575 0.168905 0.0527415
146 0.612408 0.168138 0.0508956
147 0.612408 0.175671 0.0538164
148 0.612408 0.181434 0.0551493
149 0.612408 0.150684 0.0497381
150 0.612408 0.162081 0.0523839
151 0.612408 0.181206 0.057123
152 0.612408 0.166615 0.0523163
153 0.612408 0.160269 0.0500856
154 0.612408 0.157362 0.0544082
155 0.612408 0.1528 0.0463481
156 0.612408 0.176883 0.0558674
157 0.612408 0.175817 0.0535028
158 0.612408 0.170065 0.0513612
159 0.612408 0.173522 0.0525187
160 0.612408 0.188977 0.0516263
161 0.612408 0.172941 0.0475173
162 0.612408 0.189341 0.0527466
163 0.612408 0.185021 0.0549095
164 0.612408 0.167393 0.051253
165 0.612408 0.182884 0.0524139
166 0.612408 0.193704 0.0526389
167 0.612408 0.225029 0.0594294
168 0.612408 0.206261 0.0495544
169 0.612408 0.194935 0.0552626
170 0.612408 0.164092 0.0507962
171 0.612408 0.162412 0.0514344
172 0.612408 0.169701 0.0559906
173 0.612408 0.184454 0.0524383
174 0.612408 0.199385 0.0551452
175 0.612408 0.143074 0.0528935
176 0.612408 0.149001 0.0484482
177 0.612408 0.185578 0.0533881
178 0.612408 0.180963 0.0535725
179 0.612408 0.182184 0.0502767
180 0.612408 0.191671 0.0552785
181 0.612408 0.167543 0.0513638
182 0.612408 0.178284 0.0517531
183 0.612408 0.153721 0.05067
184 0.612408 0.159946 0.0474067
185 0.612408 0.18232 0.0518707
186 0.612408 0.157327 0.0471148
187 0.612408 0.169394 0.0496743
188 0.612408 0.159913 0.0524373
189 0.612408 0.172658 0.053117
190 0.612408 0.17089 0.0543418
191 0.612408 0.151825 0.0492417
192 0.612408 0.138318 0.0481527
193 0.612408 0.126193 0.0460076
194 0.612408 0.124223 0.0439452
195 0.612408 0.153722 0.0563857
196 0.612408 0.130857 0.0435976
197 0.612408 0.145886 0.0487149
198 0.612408 0.152125 0.0545198
199 0.612408 0.16658 0.0541949
200 0.612408 0.18021 0.055723
201 0.612408 0.177689 0.058186
202 0.612408 0.199343 0.0585759
203 0.612408 0.180287 0.0546252
204 0.612408 0.171645 0.0506406
205 0.612408 0.184493 0.052684
206 0.612408 0.164153 0.0494525
207 0.612408 0.173244 0.0558096
208 0.612408 0.169614 0.0547694
209 0.612408 0.1943 0.0581593
210 0.612408 0.179897 0.0550488
211 0.612408 0.184271 0.0545728
212 0.612408 0.186197 0.0537877
213 0.612408 0.180995 0.0525852
214 0.612408 0.194654 0.0537145
215 0.612408 0.197353 0.0560567
216 0.612408 0.158311 0.0477887
217 0.612408 0.173441 0.0522104
218 0.612408 0.183589 0.0564589
219 0.612408 0.177824 0.0596712
220 0.612408 0.163278 0.0553796
221 0.612408 0.135043 0.0463405
222 0.612408 0.175903 0.0499009
223 0.612517 0.174038 0.0515972
224 0.612517 0.210014 0.0586229
225 0.612517 0.20965 0.0558143
226 0.612517 0.195567 0.0568875
227 0.612517 0.167708 0.0517813
228 0.612517 0.188857 0.0518464
229 0.612517 0.229476 0.0572947
230 0.612517 0.203489 0.0492291
231 0.612517 0.191375 0.0525414
232 0.612517 0.180561 0.0519978
233 0.612517 0.185258 0.0532523
234 0.612517 0.213878 0.0595186
235 0.612517 0.184191 0.060337
236 0.612517 0.191584 0.0601957
237 0.612517 0.196298 0.054306
238 0.612517 0.190187 0.0544915
239 0.612517 0.200162 0.0548837
240 0.612517 0.180497 0.0497175
241 0.612517 0.191434 0.0545022
242 0.612517 0.20589 0.0576411
243 0.612517 0.189569 0.0495713
244 0.612517 0.194346 0.0509595
245 0.612517 0.177228 0.055635
246 0.612517 0.170071 0.052291
247 0.612517 0.183306 0.0563432
248 0.612517 0.201394 0.062184
249 0.612517 0.133087 0.0513534
250 0.612517 0.139603 0.0530555
251 0.612517 0.124883 0.0479563
252 0.612517 0.146927 0.0528622
253 0.612517 0.138035 0.0531562
254 0.612517 0.144009 0.0525529
255 0.612517 0.12287 0.0489699
256 0.612517 0.137386 0.0488722
257 0.612517 0.157527 0.055121
258 0.612517 0.16512 0.0554069
259 0.612517 0.164475 0.0563089
260 0.612517 0.139183 0.0482226
261 0.612517 0.151289 0.051393
262 0.612517 0.165353 0.0545767
263 0.612517 0.159117 0.0521615
264 0.612517 0.180361 0.0561597
265 0.612517 0.167302 0.0551345
266 0.612517 0.149623 0.0507846
267 0.612517 0.183334 0.0547495
268 0.612517 0.16536 0.0480895
269 0.612517 0.16595 0.0515539
270 0.612517 0.175016 0.0538803
271 0.612517 0.151979 0.0485669
272 0.612517 0.171621 0.0512056
273 0.612517 0.167948 0.0534521
274 0.612517 0.170884 0.0526885
275 0.612517 0.196814 0.0615056
276 0.612517 0.168331 0.0558184
277 0.612517 0.16477 0.0525084
278 0.612517 0.197861 0.0552215
279 0.612517 0.181256 0.0553454
280 0.612517 0.154381 0.0489386
281 0.612517 0.16924 0.0557324
282 0.612517 0.175038 0.0524645
283 0.612517 0.176011 0.0549661
284 0.612517 0.178556 0.057901
285 0.612517 0.186633 0.0566579
286 0.612517 0.179387 0.0525947
287 0.612517 0.171778 0.0520163
288 0.612517 0.159057 0.0487687
289 0.612517 0.157763 0.0510568
290 0.612517 0.161531 0.0473445
291 0.612517 0.168044 0.052342
292 0.612517 0.157148 0.0475208
293 0.612517 0.191694 0.0531493
294 0.612517 0.169916 0.0549093
295 0.612517 0.193949 0.0561377
296 0.612517 0.178539 0.0530362
297 0.612517 0.189004 0.0572199
298 0.612517 0.178504 0.053632
299 0.612517 0.201758 0.0551794
300 0.612517 0.183 0.0531839
301 0.612517 0.149691 0.0517085
302 0.612517 0.181424 0.0589391
303 0.612517 0.192904 0.0546299
304 0.612517 0.162498 0.0511392
305 0.612517 0.172328 0.0546959
306 0.612517 0.19328 0.0604192
307 0.612517 0.172566 0.055571
308 0.612517 0.16224 0.051657
309 0.612517 0.135957 0.0460804
310 0.612517 0.14925 0.051663
311 0.612517 0.187309 0.0616374
312 0.612517 0.190316 0.0558695
313 0.612517 0.186959 0.0578595
314 0.612517 0.185755 0.0581768
315 0.612517 0.149154 0.0494013
316 0.612517 0.172021 0.0553814
317 0.612517 0.16236 0.0523812
318 0.612517 0.148822 0.0506569
319 0.612517 0.176247 0.0549567
320 0.612517 0.179326 0.0549724
321 0.612517 0.152477 0.0493938
322 0.612517 0.155011 0.0472836
323 0.612517 0.172178 0.0562472
324 0.612517 0.173909 0.0535021
325 0.612517 0.180638 0.0552569
326 0.612517 0.157061 0.0501996
327 0.612517 0.149098 0.0497401
328 0.612517 0.148889 0.0484461
329 0.612517 0.159796 0.0530075
330 0.612517 0.166483 0.0538094
331 0.612517 0.187648 0.0549087
332 0.612517 0.142992 0.0474208
333 0.612517 0.177396 0.0544592
334 0.612517 0.155337 0.0499503
335 0.612517 0.171622 0.0550065
336 0.612517 0.168377 0.0526066
337 0.612517 0.173944 0.0546351
338 0.612517 0.157276 0.0487127
339 0.612517 0.172916 0.050979
340 0.612517 0.154211 0.0483475
341 0.612517 0.149604 0.0490243
342 0.612517 0.180616 0.0565051
343 0.612517 0.165164 0.0520126
344 0.612517 0.173891 0.0526967
345 0.612517 0.175092 0.0551124
346 0.612517 0.171613 0.0538983
347 0.612517 0.170049 0.054082
348 0.612517 0.146108 0.0465717
349 0.612517 0.1504 0.0449735
350 0.612517 0.164184 0.0473725
351 0.612517 0.172722 0.0477625
352 0.612517 0.163002 0.0504127
353 0.612517 0.152389 0.0443844
354 0.612517 0.154312 0.0474904
355 0.612517 0.151392 0.0533667
356 0.612517 0.162824 0.0563595
357 0.612517 0.177832 0.0538032
358 0.612517 0.175411 0.0555747
359 0.612517 0.192089 0.0577487
360 0.612517 0.190497 0.0545841
361 0.612517 0.161696 0.0547427
362 0.612517 0.148757 0.0519123
363 0.612517 0.133754 0.0507548
364 0.612517 0.158001 0.0553837
365 0.612517 0.124109 0.0461127
366 0.612517 0.149224 0.0518138
367 0.612517 0.161939 0.0545109
368 0.612517 0.159232 0.0517163
369 0.612517 0.177014 0.0533459
370 0.612517 0.174098 0.054826
371 0.612517 0.193474 0.0575591
372 0.612517 0.181218 0.0550483
373 0.612517 0.168429 0.0582127
374 0.612517 0.159508 0.0559431
375 0.612517 0.145162 0.0517243
376 0.612517 0.159737 0.0507673
377 0.612517 0.172778 0.0535038
378 0.612517 0.16876 0.0525472
379 0.612517 0.169909 0.0508288
380 0.612517 0.188814 0.0508736
381 0.612517 0.162238 0.0487219
382 0.612517 0.16676 0.0482278
383 0.612517 0.14876 0.044884
384 0.612517 0.155685 0.0495765
385 0.612517 0.157931 0.0502033
386 0.612517 0.172534 0.0542093
387 0.612517 0.152041 0.0469884
388 0.612517 0.185418 0.0541464
389 0.612517 0.200839 0.055519
390 0.612517 0.193484 0.0531179
391 0.612517 0.197608 0.0535988
392 0.612517 0.19638 0.0557106
393 0.612517 0.176628 0.0521464
394 0.612517 0.165225 0.052933
395 0.612517 0.14561 0.0447139
396 0.612517 0.136178 0.045696
397 0.612517 0.142257 0.0451634
398 0.612517 0.147537 0.0481506
399 0.612517 0.150765 0.0523724
400 0.612517 0.161723 0.0509962
401 0.612517 0.157545 0.0500613
402 0.612517 0.152896 0.0504733
403 0.612517 0.185853 0.0538597
404 0.612517 0.165979 0.0505452
405 0.612517 0.179507 0.0552307
406 0.612517 0.164997 0.052385
407 0.612517 0.178751 0.0535249
408 0.612517 0.174769 0.0547916
409 0.612517 0.151386 0.0488043
410 0.612517 0.159624 0.0519896
411 0.612517 0.152468 0.0504114
412 0.612517 0.148909 0.0510557
413 0.612517 0.15825 0.0538183
414 0.612517 0.157639 0.0509439
415 0.612517 0.169849 0.0559675
416 0.612517 0.180472 0.0549147
417 0.612517 0.152542 0.0522506
418 0.612517 0.141824 0.0494201
419 0.612517 0.14771 0.0487908
420 0.612517 0.153736 0.0470491
421 0.612517 0.139005 0.0464108
422 0.612517 0.174065 0.0563168
423 0.612517 0.158252 0.0484352
424 0.612517 0.163624 0.05176
425 0.612517 0.151279 0.0489517
426 0.612517 0.190944 0.0573007
427 0.612517 0.201548 0.0536243
428 0.612517 0.186148 0.0529984
429 0.612517 0.203219 0.0594274
430 0.612517 0.188677 0.0538867
431 0.612517 0.14618 0.0477948
432 0.612517 0.172515 0.0502811
433 0.612517 0.191318 0.0556508
434 0.612517 0.17297 0.0557727
435 0.612517 0.195717 0.054637
436 0.612517 0.177538 0.0524323
437 0.612517 0.152599 0.0512051
438 0.612517 0.184883 0.0548499
439 0.612517 0.166614 0.0525527
440 0.612517 0.151462 0.0503689
441 0.612517 0.15311 0.0474687
442 0.612517 0.165063 0.0508685
443 0.612517 0.152117 0.0520093
444 0.612517 0.157989 0.0512935
445 0.612517 0.152732 0.0503098
446 0.612517 0.169544 0.0529881
447 0.612517 0.17206 0.0561822
448 0.612517 0.190258 0.0545539
449 0.612517 0.174264 0.0515761
450 0.612517 0.146722 0.0469261
451 0.612517 0.147923 0.0488711
452 0.612517 0.138405 0.0443625
453 0.612517 0.181547 0.0547541
454 0.612517 0.193272 0.0559659
455 0.612517 0.177933 0.0498809
456 0.612517 0.197831 0.0566956
457 0.612517 0.177921 0.0533191
458 0.612517 0.183036 0.0528344
459 0.612517 0.162538 0.0476602
460 0.612517 0.180856 0.0503058
461 0.612517 0.189675 0.0509012
462 0.612517 0.190487 0.0531051
463 0.612517 0.20307 0.0592286
464 0.612517 0.195036 0.0549099
465 0.612517 0.165293 0.0481462
466 0.612517 0.180362 0.0487054
467 0.612517 0.210182 0.0555241
468 0.612517 0.189363 0.0522921
469 0.612517 0.167189 0.0484444
470 0.612517 0.176001 0.0484835
471 0.612517 0.144738 0.047326
472 0.612517 0.17583 0.0535512
473 0.612517 0.176625 0.0549618
474 0.612517 0.192588 0.0564189
475 0.612517 0.181096 0.0586422
476 0.612517 0.161213 0.0518837
477 0.612517 0.184469 0.054215
478 0.612517 0.154392 0.0498443
479 0.612517 0.179031 0.0568635
480 0.612517 0.161137 0.0508776
481 0.612517 0.1791 0.0552686
482 0.612517 0.191815 0.0586364
483 0.612517 0.163625 0.0505982
484 0.612517 0.168748 0.050976
485 0.612517 0.142392 0.0504084
486 0.612517 0.128164 0.0455562
487 0.612517 0.155162 0.0505751
488 0.612517 0.166753 0.0529982
489 0.612517 0.175732 0.0552029
490 0.612517 0.172235 0.0511402
491 0.612517 0.158158 0.0515133
492 0.612517 0.183443 0.0532816
493 0.612517 0.152078 0.0503696
494 0.612517 0.157 0.0489213
495 0.612517 0.149332 0.0521866
496 0.612517 0.148942 0.0524634
497 0.612517 0.118639 0.0430346
498 0.612517 0.143388 0.0493334
499 0.612517 0.130054 0.0465094
500 0.612517 0.15622 0.0478149
501 0.612517 0.193037 0.0527618
502 0.612517 0.179681 0.0507746
503 0.612517 0.172988 0.050041
504 0.612517 0.162346 0.0492425
505 0.612517 0.166505 0.053092
506 0.612517 0.184962 0.0566752
507 0.612517 0.176593 0.0509802
508 0.612517 0.174729 0.0542965
509 0.612517 0.180086 0.0517966
510 0.612517 0.208525 0.0563943
511 0.612517 0.182398 0.0557022
512 0.612517 0.178726 0.0563596
513 0.612517 0.178379 0.0550584
514 0.612517 0.168666 0.0507539
515 0.612517 0.178651 0.0520392
516 0.612517 0.177869 0.0516491
517 0.612517 0.164052 0.0507087
518 0.612517 0.185687 0.0478592
519 0.612517 0.174148 0.0493542
520 0.612517 0.203441 0.0577907
521 0.612517 0.20794 0.0555616
522 0.612517 0.221272 0.0543517
523 0.612517 0.149706 0.0485972
524 0.612517 0.162189 0.0505563
525 0.612517 0.177377 0.0524593
526 0.612517 0.184658 0.0577215
527 0.612517 0.198406 0.0613322
528 0.612517 0.190333 0.0554279
529 0.612517 0.219669 0.0559629
530 0.612517 0.165333 0.0512434
531 0.612517 0.180536 0.0527236
532 0.612517 0.177064 0.0491784
533 0.612517 0.18397 0.0509512
534 0.612517 0.181044 0.0537585
535 0.612517 0.165708 0.0501493
536 0.612517 0.1711 0.0501015
537 0.612517 0.164153 0.0535033
538 0.612517 0.15422 0.0512888
539 0.612517 0.184682 0.0561452
540 0.612517 0.196066 0.0553177
541 0.612517 0.219724 0.054345
542 0.612517 0.195987 0.0522454
543 0.612517 0.188799 0.055774
544 0.612517 0.199747 0.0533343
545 0.612517 0.186443 0.0548902
546 0.612517 0.204305 0.0535581
547 0.612517 0.163524 0.0496634
548 0.612517 0.17403 0.0483965
549 0.612517 0.149116 0.0455295
550 0.612517 0.150978 0.0460923
551 0.612517 0.133248 0.0465303
552 0.612517 0.158326 0.0493717
553 0.612517 0.201393 0.0557898
554 0.612517 0.194981 0.0574125
555 0.612517 0.186468 0.0584085
556 0.612517 0.190773 0.056081
557 0.612517 0.169088 0.0512851
558 0.612517 0.154574 0.0485296
559 0.612517 0.194433 0.0543521
560 0.612517 0.176651 0.054172
561 0.612517 0.198535 0.057117
562 0.612517 0.211399 0.0541579
563 0.612517 0.199244 0.0533386
564 0.612517 0.165876 0.0472686
565 0.612517 0.184762 0.0529701
566 0.612517 0.211241 0.053576
567 0.612517 0.198021 0.0515034
568 0.612517 0.190092 0.0521779
569 0.612517 0.197994 0.0551329
570 0.612517 0.171667 0.0521683
571 0.612517 0.177655 0.0502612
572 0.612517 0.146347 0.0479885
573 0.612517 0.167786 0.0528248
574 0.612517 0.18154 0.0522539
575 0.612517 0.177423 0.0513129
576 0.612517 0.206411 0.0597551
577 0.612517 0.184897 0.054638
578 0.612517 0.182713 0.0552549
579 0.612517 0.16596 0.0521177
580 0.612517 0.187738 0.0549496
581 0.612517 0.19214 0.055763
582 0.612517 0.220695 0.0562112
583 0.612517 0.179238 0.0557555
584 0.612517 0.192641 0.0523698
585 0.612517 0.178598 0.0514262
586 0.612517 0.148255 0.047541
587 0.612517 0.153016 0.0466069
588 0.612517 0.173465 0.0526349
589 0.612517 0.187133 0.0564968
590 0.612517 0.191213 0.0582404
591 0.612517 0.20022 0.0566274
592 0.612517 0.180442 0.0544043
593 0.612517 0.174495 0.0563528
594 0.612517 0.173059 0.0532918
595 0.612517 0.166291 0.0562263
596 0.612517 0.147092 0.049127
597 0.612517 0.165912 0.0514624
598 0.612517 0.160681 0.0484669
599 0.612517 0.178938 0.0505349
600 0.612517 0.19298 0.0479415
601 0.612517 0.19307 0.0546974
602 0.612517 0.189324 0.0539881
603 0.612517 0.172222 0.0526696
604 0.612517 0.158829 0.0448064
605 0.612517 0.159416 0.0451327
606 0.612517 0.152666 0.0471621
607 0.612517 0.168652 0.0503076
608 0.612517 0.184615 0.0571808
609 0.612517 0.177463 0.0547371
610 0.612517 0.171175 0.0559869
611 0.612517 0.181137 0.0563004
612 0.612517 0.181763 0.0577935
613 0.612517 0.180657 0.0585845
614 0.612517 0.175097 0.0546393
615 0.612517 0.140562 0.0504296
616 0.612517 0.138762 0.0492332
617 0.612517 0.188938 0.058059
618 0.612517 0.15604 0.0545991
619 0.612517 0.190048 0.0613622
620 0.612517 0.199488 0.0619069
621 0.612517 0.206157 0.0565464
622 0.612517 0.203857 0.0575879
623 0.612517 0.210745 0.0545495
624 0.612517 0.181228 0.0538101
625 0.612517 0.164651 0.0484777
626 0.612517 0.176122 0.0519048
627 0.612517 0.179279 0.0506044
628 0.612517 0.236134 0.0593983
629 0.612517 0.21187 0.0551217
630 0.612517 0.219811 0.0529041
631 0.612517 0.195568 0.0503837
632 0.612517 0.188811 0.0537683
633 0.612517 0.180158 0.0535057
634 0.612517 0.188655 0.0520535
635 0.612517 0.183614 0.0507644
636 0.612517 0.17646 0.0518369
637 0.612517 0.172289 0.0490967
638 0.612517 0.130772 0.0447338
639 0.612517 0.129335 0.0469537
640 0.612517 0.15381 0.0561767
641 0.612517 0.173092 0.0540416
642 0.612517 0.155558 0.0525621
643 0.612517 0.16409 0.0533442
644 0.612517 0.154691 0.0554318
645 0.612517 0.156766 0.0489798
646 0.612517 0.144866 0.0507813
647 0.612517 0.14998 0.0491289
648 0.612517 0.152181 0.0510617
649 0.612517 0.170865 0.0553064
650 0.612517 0.147274 0.0516324
651 0.612517 0.138942 0.0518323
652 0.612517 0.14226 0.0487072
653 0.612517 0.171772 0.0514069
654 0.612517 0.135819 0.047018
655 0.612517 0.134827 0.0486083
656 0.61272 0.153701 0.0538849
657 0.61272 0.161788 0.0504041
658 0.61272 0.151547 0.0501948
659 0.61272 0.166962 0.0508603
660 0.61272 0.170972 0.050857
661 0.61272 0.14289 0.0480175
662 0.61272 0.168323 0.0543254
663 0.61272 0.173325 0.0497489
664 0.61272 0.183147 0.0520723
665 0.61272 0.157673 0.0511786
666 0.61272 0.169089 0.0497676
667 0.61272 0.197269 0.0542705
668 0.61272 0.194207 0.053221
669 0.61272 0.162584 0.0494662
670 0.61272 0.170732 0.0442586
671 0.61272 0.186976 0.0510927
672 0.61272 0.149967 0.0476351
673 0.61272 0.154574 0.0484154
674 0.61272 0.143224 0.0461654
675 0.61272 0.17528 0.046991
676 0.61272 0.173438 0.0527232
677 0.61272 0.208333 0.0567477
678 0.61272 0.217409 0.0574136
679 0.61272 0.196836 0.0541394
680 0.61272 0.166044 0.0502291
681 0.61272 0.164821 0.0528961
682 0.61272 0.166222 0.0486007
683 0.61272 0.143046 0.0458511
684 0.61272 0.178292 0.0515159
685 0.61272 0.152256 0.0467177
686 0.61272 0.149795 0.0474399
687 0.61272 0.14223 0.0472202
688 0.61272 0.156763 0.0511781
689 0.61272 0.148887 0.0489461
690 0.61272 0.152291 0.0501547
691 0.61272 0.145906 0.0469311
692 0.61272 0.156317 0.0480873
693 0.61272 0.168073 0.0508946
694 0.61272 0.16697 0.0513523
695 0.61272 0.167589 0.0471171
696 0.61272 0.179603 0.053037
697 0.61272 0.170942 0.0512136
698 0.61272 0.141598 0.0494087
699 0.61272 0.141312 0.0440132
700 0.61272 0.160523 0.052101
701 0.61272 0.159509 0.0514864
702 0.61272 0.188128 0.056566
703 0.61272 0.156688 0.0526751
704 0.61272 0.164515 0.0547466
705 0.61272 0.133912 0.0496162
706 0.61272 0.128384 0.0476632
707 0.61272 0.140537 0.0513805
708 0.61272 0.169324 0.0546131
709 0.61272 0.170755 0.0557737
710 0.61272 0.195186 0.0576203
711 0.61272 0.194388 0.053083
712 0.61272 0.186853 0.050105
713 0.61272 0.230052 0.0537051
714 0.61272 0.2316 0.0528328
715 0.61272 0.203367 0.0545226
716 0.61272 0.210513 0.0560203
717 0.61272 0.210344 0.0493938
718 0.61272 0.189046 0.0535999
719 0.61272 0.21202 0.0549343
720 0.61272 0.210135 0.0555765
721 0.61272 0.199076 0.0567845
722 0.61272 0.189175 0.0544698
723 0.61272 0.164494 0.0472094
724 0.61272 0.198773 0.0570628
725 0.61272 0.187475 0.0518936
726 0.61272 0.188062 0.0541294
727 0.61272 0.206492 0.0510797
728 0.61272 0.187598 0.0523367
729 0.61272 0.208848 0.0542016
730 0.61272 0.205017 0.0555964
731 0.61272 0.166871 0.0532192
732 0.61272 0.188789 0.0530297
733 0.61272 0.204905 0.0563246
734 0.61272 0.171881 0.0517094
735 0.61272 0.16852 0.0500889
736 0.61272 0.14303 0.0487212
737 0.61272 0.16424 0.0493948
738 0.61272 0.194306 0.0510495
739 0.61272 0.173673 0.0512411
740 0.61272 0.179783 0.0533916
741 0.61272 0.170522 0.0519291
742 0.61272 0.162774 0.0487067
743 0.61272 0.171075 0.0513409
744 0.61272 0.212546 0.0583733
745 0.61272 0.166448 0.0521441
746 0.61272 0.174351 0.0539899
747 0.61272 0.182832 0.0546022
748 0.61272 0.157774 0.0530961
749 0.61272 0.159536 0.0536961
750 0.61272 0.175177 0.0517642
751 0.61272 0.17945 0.0517187
752 0.61272 0.161931 0.0456556
753 0.61272 0.142808 0.0455681
754 0.61272 0.154048 0.0451943
755 0.61272 0.177374 0.0468657
756 0.61272 0.197861 0.0549164
757 0.61272 0.215012 0.0583338
758 0.61272 0.213416 0.0578844
759 0.61272 0.198923 0.0548818
760 0.61272 0.170085 0.0506747
761 0.61272 0.193165 0.0511661
762 0.61272 0.172317 0.0532974
763 0.61272 0.179825 0.056461
764 0.61272 0.168844 0.054383
765 0.61272 0.153794 0.0512906
766 0.61272 0.170698 0.0552319
767 0.61272 0.16396 0.0536408
768 0.61272 0.144778 0.0487386
769 0.61272 0.155805 0.0488409
770 0.61272 0.164576 0.0517271
771 0.61272 0.158082 0.0505777
772 0.61272 0.161452 0.0491705
773 0.61272 0.182945 0.0535762
774 0.61272 0.177901 0.054752
775 0.61272 0.162455 0.0572152
776 0.61272 0.168349 0.0504582
777 0.61272 0.177266 0.05405
778 0.61272 0.1729 0.0551327
779 0.61272 0.183078 0.0546489
780 0.61272 0.163081 0.0514191
781 0.61272 0.188331 0.0530195
782 0.61272 0.18929 0.0527519
783 0.61272 0.164348 0.0486776
784 0.61272 0.162346 0.0530571
785 0.61272 0.166171 0.0515446
786 0.61272 0.167729 0.0499062
787 0.61272 0.157895 0.0490919
788 0.61272 0.186694 0.0546148
789 0.61272 0.163821 0.05073
790 0.61272 0.171836 0.0508312
791 0.61272 0.164258 0.0503067
792 0.61272 0.187006 0.0535826
793 0.61272 0.158224 0.0527498
794 0.61272 0.17353 0.0485395
795 0.61272 0.163076 0.0488254
796 0.61272 0.153407 0.0513896
797 0.61272 0.156944 0.0537996
798 0.61272 0.164632 0.054503
799 0.61272 0.17027 0.0581354
800 0.61272 0.150466 0.0494057
801 0.61272 0.183215 0.0559263
802 0.61272 0.172423 0.0526195
803 0.61272 0.155687 0.052106
804 0.61272 0.17759 0.0547119
805 0.61272 0.17996 0.0509614
806 0.61272 0.176656 0.0545986
807 0.61272 0.191821 0.0579757
808 0.61272 0.187875 0.0641562
809 0.61272 0.181905 0.0602375
810 0.61272 0.161247 0.0555533
811 0.61272 0.141229 0.0491852
812 0.61272 0.177445 0.0568535
813 0.61272 0.209797 0.059785
814 0.61272 0.218106 0.0599365
815 0.61272 0.188617 0.0567687
816 0.61272 0.193543 0.0522564
817 0.61272 0.187908 0.0521895
818 0.61272 0.182024 0.0567339
819 0.61272 0.185917 0.0522762
820 0.61272 0.193533 0.0519621
821 0.61272 0.172641 0.0536795
822 0.61272 0.165999 0.0549071
823 0.61272 0.149567 0.0526298
824 0.61272 0.139459 0.0521351
825 0.61272 0.16132 0.0544188
826 0.61272 0.152376 0.0497126
827 0.61272 0.142511 0.0463965
828 0.61272 0.172402 0.0498558
829 0.61272 0.145252 0.0493592
830 0.61272 0.165307 0.0489871
831 0.61272 0.18816 0.0515893
832 0.61272 0.178025 0.0536157
833 0.61272 0.186494 0.0530893
834 0.61272 0.192218 0.0545154
835 0.61272 0.178479 0.0517791
836 0.61272 0.181507 0.0586159
837 0.61272 0.163133 0.0506675
838 0.61272 0.167246 0.050299
839 0.61272 0.180721 0.0534005
840 0.61272 0.170136 0.049014
841 0.61272 0.156863 0.0479726
842 0.61272 0.177367 0.050657
843 0.61272 0.172379 0.0533529
844 0.61272 0.181411 0.053815
845 0.61272 0.186783 0.0530422
846 0.61272 0.183179 0.0527388
847 0.61272 0.163671 0.0520631
848 0.61272 0.182385 0.0548451
849 0.61272 0.18038 0.0508883
850 0.61272 0.201409 0.0573678
851 0.61272 0.169806 0.0509447
852 0.61272 0.154935 0.0526261
853 0.61272 0.154039 0.0495142
854 0.61272 0.164452 0.0503901
855 0.61272 0.153862 0.0493285
856 0.61272 0.178584 0.0553781
857 0.61272 0.167927 0.050812
858 0.61272 0.146712 0.0478462
859 0.61272 0.142997 0.0470938
860 0.61272 0.140804 0.0466759
861 0.61272 0.147321 0.0480377
862 0.61272 0.158598 0.0499509
863 0.61272 0.1446 0.0460717
864 0.61272 0.146994 0.0514404
865 0.61272 0.133172 0.047227
866 0.61272 0.150273 0.0480708
867 0.61272 0.181647 0.0548011
868 0.61272 0.166969 0.0566295
869 0.61272 0.183017 0.0594331
870 0.61272 0.152177 0.0523695
871 0.61272 0.166607 0.0543478
872 0.61272 0.156859 0.05242
873 0.61272 0.146799 0.0488717
874 0.61272 0.163275 0.0522151
875 0.61272 0.17025 0.0571574
876 0.61272 0.1852 0.0570846
877 0.61272 0.187498 0.0576084
878 0.61272 0.179064 0.0556386
879 0.61272 0.16995 0.0509824
880 0.61272 0.175364 0.0542073
881 0.61272 0.16344 0.0499342
882 0.61272 0.155327 0.0502705
883 0.61272 0.168869 0.0529984
884 0.61272 0.180117 0.0493744
885 0.61272 0.168158 0.0505742
886 0.61272 0.147184 0.0464915
887 0.61272 0.164688 0.0513741
888 0.61272 0.1755 0.0508683
889 0.61272 0.184066 0.0547788
890 0.61272 0.213671 0.0578277
891 0.61272 0.199123 0.0547101
892 0.61272 0.171706 0.048544
893 0.61272 0.187401 0.0502558
894 0.61272 0.173 0.0492098
895 0.61272 0.192793 0.0498024
896 0.61272 0.170212 0.0507292
897 0.61272 0.169624 0.0500149
898 0.61272 0.162678 0.0503811
899 0.61272 0.159873 0.0508395
900 0.61272 0.177336 0.0530631
901 0.61272 0.180776 0.0528268
902 0.61272 0.185697 0.0519888
903 0.61272 0.171498 0.0546177
904 0.61272 0.169818 0.0513507
905 0.61272 0.154072 0.0495225
906 0.61272 0.147978 0.0478435
907 0.61272 0.171133 0.0510833
908 0.61272 0.171524 0.0501114
909 0.61272 0.163407 0.0528032
910 0.61272 0.175166 0.0533566
911 0.61272 0.152547 0.0493428
912 0.61272 0.132824 0.0459393
913 0.61272 0.139279 0.0489355
914 0.61272 0.15206 0.0513337
915 0.61272 0.153136 0.0489868
916 0.61272 0.160769 0.05253
917 0.61272 0.176441 0.0546614
918 0.61272 0.190808 0.0592803
919 0.61272 0.174589 0.0550544
920 0.61272 0.178196 0.0559477
921 0.61272 0.163705 0.0536846
922 0.61272 0.152978 0.0495233
923 0.61272 0.15041 0.0482801
924 0.61272 0.183889 0.0518744
925 0.61272 0.193157 0.0516709
926 0.61272 0.183426 0.0541296
927 0.61272 0.168897 0.0511133
928 0.61272 0.162486 0.0485525
929 0.61272 0.177172 0.0578862
930 0.61272 0.170406 0.0549354
931 0.61272 0.164419 0.0562362
932 0.61272 0.145643 0.0500683
933 0.61272 0.175994 0.0562445
934 0.61272 0.156173 0.0468234
935 0.61272 0.13597 0.0467056
936 0.61272 0.138228 0.0480186
937 0.61272 0.150096 0.0504581
938 0.61272 0.139416 0.0510594
939 0.61272 0.178669 0.0549932
940 0.61272 0.160215 0.0545624
941 0.61272 0.153323 0.053642
942 0.61272 0.173763 0.0536584
943 0.61272 0.177522 0.0538614
944 0.61272 0.193147 0.0548664
945 0.61272 0.173064 0.0517982
946 0.61272 0.189968 0.0514353
947 0.61272 0.192837 0.0550897
948 0.61272 0.162103 0.0513643
949 0.61272 0.167842 0.0534023
950 0.61272 0.186419 0.0553348
951 0.61272 0.164431 0.0505637
952 0.61272 0.180692 0.0524805
953 0.61272 0.186927 0.0552104
954 0.61272 0.17842 0.0542378
955 0.61272 0.200115 0.0581626
956 0.61272 0.178167 0.0541142
957 0.61272 0.177151 0.0587079
958 0.61272 0.169991 0.0558986
959 0.61272 0.167559 0.0527882
960 0.61272 0.177256 0.056258
961 0.61272 0.18694 0.0582495
962 0.61272 0.215394 0.0601239
963 0.61272 0.190863 0.0619205
964 0.61272 0.199736 0.0587191
965 0.61272 0.163457 0.0541037
966 0.61272 0.145789 0.0478942
967 0.61272 0.160079 0.049667
968 0.61272 0.141143 0.0491098
969 0.61272 0.148737 0.0502555
970 0.61272 0.163025 0.046861
971 0.61272 0.179141 0.0542994
972 0.61272 0.179969 0.0556625
973 0.61272 0.192248 0.0557641
974 0.61272 0.18721 0.0536066
975 0.61272 0.188788 0.0532145
976 0.61272 0.159193 0.0502855
977 0.61272 0.145356 0.0490686
978 0.61272 0.174489 0.0547789
979 0.61272 0.158275 0.0550788
980 0.61272 0.156303 0.053121
981 0.61272 0.159032 0.0526008
982 0.61272 0.14495 0.0508162
983 0.61272 0.17048 0.0530354
984 0.61272 0.155096 0.0499051
985 0.61272 0.168272 0.0507465
986 0.61272 0.181024 0.0533613
987 0.61272 0.188477 0.0539552
988 0.61272 0.167688 0.0531458
989 0.61272 0.168538 0.0511443
990 0.61272 0.182715 0.0541589
991 0.61272 0.162564 0.0539655
992 0.61272 0.193373 0.0613769
993 0.61272 0.2012 0.0583951
994 0.61272 0.18975 0.0552237
995 0.61272 0.178357 0.0545985
996 0.61272 0.183858 0.0504741
997 0.61272 0.158401 0.0507634
998 0.61272 0.172598 0.0559279
999 0.61272 0.189124 0.0552024
1000 0.61272 0.172382 0.0490352
