0 0.12526 0.0561287 0.00388053
1 0.125267 0.0589262 0.0039281
2 0.125267 0.0702475 0.00387439
3 0.125267 0.0805885 0.00356997
4 0.125269 0.084058 0.00346411
5 0.125273 0.0876487 0.00331668
6 0.125273 0.0913634 0.00311787
7 0.125273 0.0926322 0.00304133
8 0.125273 0.0988633 0.00262439
9 0.125273 0.0989809 0.0026022
10 0.125276 0.0988743 0.00262266
11 0.125276 0.100135 0.00252945
12 0.125276 0.107639 0.00190509
13 0.125276 0.106446 0.00200721
14 0.125278 0.10645 0.00200444
15 0.125278 0.110121 0.00166933
16 0.125278 0.110134 0.00167044
17 0.125278 0.115682 0.00106806
18 0.125278 0.113893 0.00129569
19 0.125278 0.113893 0.00129586
20 0.125278 0.117655 0.000890399
21 0.125278 0.121397 0.000459635
22 0.125278 0.121415 0.000458466
23 0.125278 0.121412 0.000459791
24 0.125278 0.118913 0.00074934
25 0.125278 0.11766 0.000892024
26 0.125278 0.116416 0.00102724
27 0.125278 0.115195 0.00114843
28 0.125278 0.117644 0.000891061
29 0.125278 0.12272 0.000291834
30 0.125278 0.120188 0.000598764
31 0.125278 0.123909 0.000156656
32 0.125278 0.122645 0.000310083
33 0.125278 0.118892 0.000751486
34 0.125278 0.121391 0.000460354
35 0.125278 0.125162 6.90286e-09
36 0.125278 0.125142 7.00443e-09
37 0.125278 0.125143 7.86509e-09
38 0.125278 0.12516 7.4703e-09
39 0.125278 0.125145 7.97378e-09
40 0.125278 0.125146 6.27759e-09
41 0.125278 0.125149 7.32573e-09
42 0.125278 0.125163 6.24709e-09
43 0.125278 0.125157 5.94765e-09
44 0.125278 0.124499 4.24523e-05
45 0.125278 0.123918 0.000155261
46 0.125278 0.123919 0.000154664
47 0.125278 0.125155 7.66811e-09
48 0.125278 0.125157 6.72626e-09
49 0.125278 0.125163 6.98365e-09
50 0.125278 0.125157 7.03691e-09
51 0.125279 0.125158 7.3108e-09
52 0.125279 0.125169 6.4137e-09
53 0.125279 0.125165 7.59388e-09
54 0.125279 0.125167 6.56337e-09
55 0.125279 0.125168 7.08395e-09
56 0.125279 0.125152 8.02326e-09
57 0.125279 0.125149 7.71462e-09
58 0.125279 0.125148 7.25725e-09
59 0.125279 0.122655 0.000310134
60 0.125279 0.123909 0.000156661
61 0.125279 0.123904 0.000156646
62 0.125279 0.123902 0.000156641
63 0.125279 0.123877 0.000156616
64 0.125279 0.122646 0.00031009
65 0.125279 0.123914 0.000156672
66 0.125279 0.125153 7.90274e-09
67 0.125279 0.125166 6.91826e-09
68 0.125279 0.125161 8.0077e-09
69 0.125279 0.122673 0.000305488
70 0.125279 0.125158 6.83659e-09
71 0.125279 0.125157 7.34126e-09
72 0.125279 0.125152 7.2995e-09
73 0.125279 0.125161 7.30772e-09
74 0.125279 0.125158 7.7055e-09
75 0.125279 0.125153 7.32552e-09
76 0.125279 0.125155 7.75785e-09
77 0.125279 0.125163 7.30775e-09
78 0.125279 0.125173 7.20234e-09
79 0.125279 0.125174 6.78844e-09
80 0.125279 0.12515 7.81265e-09
81 0.125279 0.125156 8.25913e-09
82 0.125279 0.125167 6.8511e-09
83 0.125279 0.12516 7.74422e-09
84 0.125279 0.123919 0.000156682
85 0.125279 0.125149 7.18056e-09
86 0.125279 0.125144 8.68745e-09
87 0.125279 0.125145 8.42197e-09
88 0.125279 0.125157 6.90177e-09
89 0.125279 0.12516 7.27436e-09
90 0.125279 0.125159 7.52135e-09
91 0.125279 0.125164 8.20764e-09
92 0.125279 0.125166 7.41368e-09
93 0.125279 0.125154 7.90281e-09
94 0.125279 0.125152 7.78112e-09
95 0.125279 0.125158 7.32488e-09
96 0.125279 0.125161 8.1037e-09
97 0.125279 0.125167 7.15741e-09
98 0.125279 0.12518 6.26154e-09
99 0.125279 0.125155 7.83777e-09
100 0.125279 0.125162 8.37162e-09
101 0.125279 0.125158 8.26873e-09
102 0.125279 0.125165 7.19848e-09
103 0.125279 0.125164 6.52255e-09
104 0.125279 0.125155 7.80112e-09
105 0.125279 0.125161 7.74762e-09
106 0.125279 0.125158 7.60249e-09
107 0.125279 0.125158 7.08874e-09
108 0.125279 0.125152 8.52056e-09
109 0.125279 0.125151 7.30965e-09
110 0.125279 0.125154 7.99177e-09
111 0.125279 0.125167 6.87444e-09
112 0.125279 0.125145 7.84014e-09
113 0.125279 0.125163 8.22289e-09
114 0.125279 0.12515 8.10953e-09
115 0.125279 0.125153 8.01827e-09
116 0.125279 0.125141 7.77403e-09
117 0.125279 0.125158 7.0638e-09
118 0.125279 0.125171 6.05172e-09
119 0.125279 0.125167 6.72999e-09
120 0.125279 0.125152 7.06191e-09
121 0.125279 0.123902 0.000156641
122 0.125279 0.125157 6.7188e-09
123 0.125279 0.125157 7.88095e-09
124 0.125279 0.125158 6.71041e-09
125 0.125279 0.125158 7.18598e-09
126 0.125279 0.125149 7.85502e-09
127 0.125279 0.125148 7.50645e-09
128 0.125279 0.125158 7.26881e-09
129 0.125279 0.125154 7.46802e-09
130 0.125279 0.123899 0.000156634
131 0.125279 0.125161 8.08641e-09
132 0.125279 0.125155 7.69745e-09
133 0.125279 0.12516 7.26199e-09
134 0.125279 0.12517 6.43213e-09
135 0.125279 0.125158 7.96792e-09
136 0.125279 0.123908 0.000156657
137 0.125279 0.125167 7.04115e-09
138 0.125279 0.123901 0.00015664
139 0.125279 0.12266 0.000310159
140 0.125279 0.122661 0.000310164
141 0.125279 0.123906 0.000156652
142 0.125279 0.123904 0.000156646
143 0.125279 0.123909 0.000156658
144 0.125279 0.12391 0.000156661
145 0.125279 0.122667 0.000310194
146 0.125279 0.121407 0.000460476
147 0.125279 0.122654 0.000310129
148 0.125279 0.118894 0.000751509
149 0.125279 0.121409 0.000460493
150 0.125279 0.125165 7.42077e-09
151 0.125279 0.125168 7.27974e-09
152 0.125279 0.125172 5.97089e-09
153 0.125279 0.125165 6.79762e-09
154 0.125279 0.123913 0.000156668
155 0.125279 0.12392 0.000156687
156 0.125279 0.123913 0.000156669
157 0.125279 0.125168 6.84768e-09
158 0.125279 0.125158 6.97389e-09
159 0.125279 0.125158 7.89005e-09
160 0.125279 0.125168 6.52547e-09
161 0.125279 0.123899 0.000156634
162 0.125279 0.12516 7.87325e-09
163 0.125279 0.125176 6.6562e-09
164 0.125279 0.125176 7.25395e-09
165 0.125279 0.125162 7.87599e-09
166 0.125279 0.125169 7.55022e-09
167 0.125279 0.125162 8.63155e-09
168 0.125279 0.12443 5.25439e-05
169 0.125279 0.125164 7.62514e-09
170 0.125279 0.125154 7.81488e-09
171 0.125279 0.125163 7.53634e-09
172 0.125279 0.125169 7.35815e-09
173 0.125279 0.125177 7.98765e-09
174 0.125279 0.125157 7.32694e-09
175 0.125279 0.125165 6.87588e-09
176 0.125279 0.125163 7.79516e-09
177 0.125279 0.125156 7.67421e-09
178 0.125279 0.125158 6.66349e-09
179 0.125279 0.125157 6.95497e-09
180 0.125279 0.125164 8.5867e-09
181 0.125279 0.125162 7.71763e-09
182 0.125279 0.125168 8.4424e-09
183 0.125279 0.125154 8.64412e-09
184 0.125279 0.125169 6.84078e-09
185 0.125279 0.125154 7.62463e-09
186 0.125279 0.125156 7.62857e-09
187 0.125279 0.125162 7.51744e-09
188 0.125279 0.125156 6.77027e-09
189 0.125279 0.125162 6.38048e-09
190 0.125279 0.125163 7.52964e-09
191 0.125279 0.125152 7.50541e-09
192 0.125279 0.125162 6.46803e-09
193 0.125279 0.12515 7.17688e-09
194 0.125279 0.123899 0.000156635
195 0.125279 0.123913 0.000156669
196 0.125279 0.125153 7.80003e-09
197 0.125279 0.125154 7.02027e-09
198 0.125279 0.125157 7.61157e-09
199 0.125279 0.125158 7.01464e-09
200 0.125279 0.125168 6.33127e-09
201 0.125279 0.125166 7.64793e-09
202 0.125279 0.125166 6.78822e-09
203 0.125279 0.125152 7.43896e-09
204 0.125279 0.123908 0.000156656
205 0.125279 0.125157 7.05825e-09
206 0.125279 0.123921 0.000156689
207 0.125279 0.125155 7.39386e-09
208 0.125279 0.125151 8.55261e-09
209 0.125279 0.125154 7.28165e-09
210 0.125279 0.125156 7.9076e-09
211 0.125279 0.125169 7.14594e-09
212 0.125279 0.125163 7.47297e-09
213 0.125279 0.125163 7.6878e-09
214 0.125279 0.125161 7.29317e-09
215 0.125279 0.125148 7.58042e-09
216 0.125279 0.12516 7.83671e-09
217 0.125279 0.123907 0.000156655
218 0.125279 0.12516 7.11487e-09
219 0.125279 0.125153 8.25823e-09
220 0.125279 0.125155 7.40703e-09
221 0.125279 0.125158 7.24723e-09
222 0.125279 0.125167 6.39003e-09
223 0.125279 0.125167 6.98959e-09
224 0.125279 0.125161 7.15286e-09
225 0.125279 0.125158 8.36165e-09
226 0.125279 0.125145 7.08592e-09
227 0.125279 0.125168 7.04116e-09
228 0.125279 0.123905 0.000156651
229 0.125279 0.125166 7.7431e-09
230 0.125279 0.125179 7.01568e-09
231 0.125279 0.125166 7.5471e-09
232 0.125279 0.125163 6.88302e-09
233 0.125279 0.122648 0.000310101
234 0.125279 0.125165 7.72548e-09
235 0.125279 0.123904 0.000156648
236 0.125279 0.125145 7.87231e-09
237 0.125279 0.125165 6.71884e-09
238 0.125279 0.12391 0.000156663
239 0.125279 0.123902 0.000156642
240 0.125279 0.123908 0.000156657
241 0.125279 0.12516 7.24413e-09
242 0.125279 0.125149 8.51372e-09
243 0.125279 0.125147 8.92525e-09
244 0.125279 0.125153 8.38479e-09
245 0.125279 0.125154 7.21603e-09
246 0.125279 0.125161 7.78137e-09
247 0.125279 0.125162 7.20775e-09
248 0.125279 0.125147 7.93313e-09
249 0.125279 0.125145 7.05697e-09
250 0.125279 0.125147 7.51807e-09
251 0.125279 0.125157 7.13179e-09
252 0.125279 0.125163 6.62584e-09
253 0.125279 0.125161 6.55975e-09
254 0.125279 0.125164 6.47842e-09
255 0.125279 0.125147 7.90435e-09
256 0.125279 0.125157 7.96662e-09
257 0.125279 0.125151 7.57379e-09
258 0.125279 0.125156 7.09597e-09
259 0.125279 0.125157 6.68529e-09
260 0.125279 0.125151 6.69522e-09
261 0.125279 0.123907 0.000156655
262 0.125279 0.125157 7.65217e-09
263 0.125279 0.125165 6.95753e-09
264 0.125279 0.125169 5.40292e-09
265 0.125279 0.125167 6.44525e-09
266 0.125279 0.125176 6.60904e-09
267 0.125279 0.125159 6.36632e-09
268 0.125279 0.125156 6.55445e-09
269 0.125279 0.12516 7.96604e-09
270 0.125279 0.125168 7.28401e-09
271 0.125279 0.125146 8.69084e-09
272 0.125279 0.125162 7.00907e-09
273 0.125279 0.125172 7.13946e-09
274 0.125279 0.125151 7.24461e-09
275 0.125279 0.125173 6.69333e-09
276 0.125279 0.123903 0.000156643
277 0.125279 0.123901 0.000156637
278 0.125279 0.125156 7.27678e-09
279 0.125279 0.125164 7.21016e-09
280 0.125279 0.125157 7.21451e-09
281 0.125279 0.125164 7.69506e-09
282 0.125279 0.125157 7.26822e-09
283 0.125279 0.125158 7.30652e-09
284 0.125279 0.125153 8.27707e-09
285 0.125279 0.125168 7.96561e-09
286 0.125279 0.12517 8.12838e-09
287 0.125279 0.125156 8.59702e-09
288 0.125279 0.125163 7.14808e-09
289 0.125279 0.125162 7.28307e-09
290 0.125279 0.125152 6.34585e-09
291 0.125279 0.12517 6.32829e-09
292 0.125279 0.125169 6.6444e-09
293 0.125279 0.125176 7.45267e-09
294 0.125279 0.123922 0.000156692
295 0.125279 0.123906 0.000156652
296 0.125279 0.122662 0.000310169
297 0.125279 0.123912 0.000156665
298 0.125279 0.12516 6.45152e-09
299 0.125279 0.125155 7.13192e-09
300 0.125279 0.125157 7.55229e-09
301 0.125279 0.12516 7.3338e-09
302 0.125279 0.125158 7.45872e-09
303 0.125279 0.125153 6.88317e-09
304 0.125279 0.125158 8.26998e-09
305 0.125279 0.125155 6.50542e-09
306 0.125279 0.125147 7.36575e-09
307 0.125279 0.125151 7.28394e-09
308 0.125279 0.125143 6.9645e-09
309 0.125279 0.125148 6.62898e-09
310 0.125279 0.12515 6.9114e-09
311 0.125279 0.125155 6.43924e-09
312 0.125279 0.125148 6.63242e-09
313 0.125279 0.125173 4.70676e-09
314 0.125279 0.125154 7.94657e-09
315 0.125279 0.125166 7.16529e-09
316 0.125279 0.125176 6.59993e-09
317 0.125279 0.123914 0.000156671
318 0.125279 0.125166 7.62691e-09
319 0.125279 0.125169 7.36771e-09
320 0.125279 0.125179 6.07266e-09
321 0.125279 0.123916 0.000156675
322 0.125279 0.125157 6.99627e-09
323 0.125279 0.125156 7.92912e-09
324 0.125279 0.125154 6.84386e-09
325 0.125279 0.12515 7.41658e-09
326 0.125279 0.125148 7.01659e-09
327 0.125279 0.125152 7.13881e-09
328 0.125279 0.125166 7.72714e-09
329 0.125279 0.12516 8.33366e-09
330 0.125279 0.125153 7.40139e-09
331 0.125279 0.125163 8.7918e-09
332 0.125279 0.125141 9.03719e-09
333 0.125279 0.125168 7.53425e-09
334 0.125279 0.125164 7.3532e-09
335 0.125279 0.125154 8.31121e-09
336 0.125279 0.125152 8.46239e-09
337 0.125279 0.125159 9.03902e-09
338 0.125279 0.125153 7.90665e-09
339 0.125279 0.125151 7.60306e-09
340 0.125279 0.125162 6.93827e-09
341 0.125279 0.125155 7.8802e-09
342 0.125279 0.125152 7.48989e-09
343 0.125279 0.125155 7.81769e-09
344 0.125279 0.125174 6.18326e-09
345 0.125279 0.125148 7.92738e-09
346 0.125279 0.125162 7.36848e-09
347 0.125279 0.125155 7.5934e-09
348 0.125279 0.125152 7.76603e-09
349 0.125279 0.125156 7.76835e-09
350 0.125279 0.123901 0.00015664
351 0.125279 0.122641 0.000310065
352 0.125279 0.123906 0.000156652
353 0.125279 0.1239 0.000156639
354 0.125279 0.121397 0.000460399
355 0.125279 0.122653 0.000310125
356 0.125279 0.123912 0.000156666
357 0.125279 0.122655 0.000310137
358 0.125279 0.120147 0.00060755
359 0.125279 0.120146 0.000607542
360 0.125279 0.118908 0.000751692
361 0.125279 0.12516 7.27768e-09
362 0.125279 0.122652 0.00031012
363 0.125279 0.122665 0.000310182
364 0.125279 0.123914 0.000156672
365 0.125279 0.121418 0.000460558
366 0.125279 0.123911 0.000156664
367 0.125279 0.123915 0.000156673
368 0.125279 0.123912 0.000156665
369 0.125279 0.125158 7.68834e-09
370 0.125279 0.123919 0.000156684
371 0.125279 0.125138 7.80561e-09
372 0.125279 0.12515 8.2382e-09
373 0.125279 0.125156 7.59753e-09
374 0.125279 0.125158 7.35854e-09
375 0.125279 0.12516 6.93117e-09
376 0.125279 0.125157 7.75817e-09
377 0.125279 0.125153 8.99775e-09
378 0.125279 0.125155 7.46808e-09
379 0.125279 0.125159 7.70659e-09
380 0.125279 0.125157 7.8049e-09
381 0.125279 0.125151 7.51725e-09
382 0.125279 0.125155 7.56306e-09
383 0.125279 0.125163 7.43639e-09
384 0.125279 0.125147 7.68936e-09
385 0.125279 0.125157 7.81482e-09
386 0.125279 0.125162 7.48922e-09
387 0.125279 0.125163 7.91967e-09
388 0.125279 0.125162 7.8878e-09
389 0.125279 0.125159 8.27613e-09
390 0.125279 0.125154 9.16454e-09
391 0.125279 0.125162 8.13382e-09
392 0.125279 0.12516 7.88237e-09
393 0.125279 0.125168 7.37241e-09
394 0.125279 0.125163 7.72538e-09
395 0.125279 0.123907 0.000156657
396 0.125279 0.125141 8.56209e-09
397 0.125279 0.125151 7.81088e-09
398 0.125279 0.125161 8.48053e-09
399 0.125279 0.125161 7.24717e-09
400 0.125279 0.125155 8.76619e-09
401 0.125279 0.125156 7.19454e-09
402 0.125279 0.125157 7.12372e-09
403 0.125279 0.123919 0.000156684
404 0.125279 0.125156 6.70574e-09
405 0.125279 0.125156 7.28304e-09
406 0.125279 0.123906 0.000156653
407 0.125279 0.123901 0.000156639
408 0.125279 0.12517 6.60148e-09
409 0.125279 0.125158 8.69626e-09
410 0.125279 0.125162 8.20226e-09
411 0.125279 0.125171 7.11883e-09
412 0.125279 0.125161 7.7933e-09
413 0.125279 0.125169 6.9049e-09
414 0.125279 0.125163 7.3014e-09
415 0.125279 0.125155 7.10919e-09
416 0.125279 0.125166 6.16906e-09
417 0.125279 0.125151 6.89928e-09
418 0.125279 0.123901 0.00015664
419 0.125279 0.123914 0.000156672
420 0.125279 0.125164 6.99754e-09
421 0.125279 0.125147 7.50017e-09
422 0.125279 0.125167 7.52836e-09
423 0.125279 0.125164 7.72962e-09
424 0.125279 0.12516 8.0218e-09
425 0.125279 0.125166 8.15637e-09
426 0.125279 0.125174 7.83468e-09
427 0.125279 0.125166 7.73398e-09
428 0.125279 0.125157 8.32525e-09
429 0.125279 0.125155 6.68769e-09
430 0.125279 0.125169 6.78059e-09
431 0.125279 0.12516 8.35314e-09
432 0.125279 0.125172 7.5502e-09
433 0.125279 0.125164 6.84381e-09
434 0.125279 0.125155 7.54553e-09
435 0.125279 0.125149 8.01487e-09
436 0.125279 0.125156 7.81345e-09
437 0.125279 0.125158 7.96156e-09
438 0.125279 0.125158 7.83336e-09
439 0.125279 0.125148 8.32301e-09
440 0.125279 0.123916 0.000156677
441 0.125279 0.123902 0.000156642
442 0.125279 0.125143 7.67925e-09
443 0.125279 0.125155 8.00516e-09
444 0.125279 0.125153 8.01947e-09
445 0.125279 0.125166 6.55421e-09
446 0.125279 0.123915 0.000156673
447 0.125279 0.122666 0.00031019
448 0.125279 0.125166 6.53802e-09
449 0.125279 0.125154 6.72012e-09
450 0.125279 0.125158 7.40843e-09
451 0.125279 0.125162 7.72896e-09
452 0.125279 0.125166 7.08586e-09
453 0.125279 0.123903 0.000156643
454 0.125279 0.125154 7.20623e-09
455 0.125279 0.122665 0.000310182
456 0.125279 0.123913 0.00015667
457 0.125279 0.123911 0.000156663
458 0.125279 0.12515 7.18696e-09
459 0.125279 0.125161 6.65249e-09
460 0.125279 0.12515 7.31629e-09
461 0.125279 0.125149 7.81969e-09
462 0.125279 0.125153 6.54064e-09
463 0.125279 0.12516 6.44685e-09
464 0.125279 0.125159 7.27468e-09
465 0.125279 0.123904 0.000156647
466 0.125279 0.123914 0.00015667
467 0.125279 0.1239 0.000156638
468 0.125279 0.12391 0.000156376
469 0.125279 0.125149 8.28518e-09
470 0.125279 0.125153 8.50731e-09
471 0.125279 0.123908 0.000156658
472 0.125279 0.12392 0.000156685
473 0.125279 0.12265 0.000310111
474 0.125279 0.125149 7.08474e-09
475 0.125279 0.12516 7.10528e-09
476 0.125279 0.125169 7.49561e-09
477 0.125279 0.125172 6.90802e-09
478 0.125279 0.125157 6.95144e-09
479 0.125279 0.125165 8.08313e-09
480 0.125279 0.1239 0.000156638
481 0.125279 0.121407 0.000460481
482 0.125279 0.122652 0.000310121
483 0.125279 0.12391 0.000156662
484 0.125279 0.125159 8.02458e-09
485 0.125279 0.123989 0.000138395
486 0.125279 0.125159 7.25405e-09
487 0.125279 0.121416 0.000460497
488 0.125279 0.122642 0.000310033
489 0.125279 0.122649 0.000310072
490 0.125279 0.122644 0.000310056
491 0.125279 0.122649 0.000310105
492 0.125279 0.125156 6.73966e-09
493 0.125279 0.125157 7.00092e-09
494 0.125279 0.125159 6.34132e-09
495 0.125279 0.123904 0.000156647
496 0.125279 0.125163 6.48015e-09
497 0.125279 0.123906 0.000156651
498 0.125279 0.12516 7.56191e-09
499 0.125279 0.125164 7.20261e-09
500 0.125279 0.125168 6.26016e-09
501 0.125279 0.125166 6.63312e-09
502 0.125279 0.125163 7.79081e-09
503 0.125279 0.12515 8.45847e-09
504 0.125279 0.125166 6.79511e-09
505 0.125279 0.125161 7.08185e-09
506 0.125279 0.125171 6.51526e-09
507 0.125279 0.125178 6.82566e-09
508 0.125279 0.12516 8.20921e-09
509 0.125279 0.125158 6.84185e-09
510 0.125279 0.125166 7.90289e-09
511 0.125279 0.125157 7.54135e-09
512 0.125279 0.125174 6.77321e-09
513 0.125279 0.125156 7.74424e-09
514 0.125279 0.125158 6.75026e-09
515 0.125279 0.125161 7.25389e-09
516 0.125279 0.125164 7.02245e-09
517 0.125279 0.125158 6.79389e-09
518 0.125279 0.12516 7.38008e-09
519 0.125279 0.125165 7.49514e-09
520 0.125279 0.12517 6.83717e-09
521 0.125279 0.125158 7.74988e-09
522 0.125279 0.125165 7.80003e-09
523 0.125279 0.125164 7.55144e-09
524 0.125279 0.123922 0.000156691
525 0.125279 0.125179 5.61837e-09
526 0.125279 0.125163 6.94723e-09
527 0.125279 0.123911 0.000156664
528 0.125279 0.125173 7.1331e-09
529 0.125279 0.125158 8.88238e-09
530 0.125279 0.125172 7.05839e-09
531 0.125279 0.125164 7.567e-09
532 0.125279 0.125154 7.99396e-09
533 0.125279 0.125165 6.77448e-09
534 0.125279 0.125172 6.69122e-09
535 0.125279 0.125153 7.25513e-09
536 0.125279 0.125167 6.80588e-09
537 0.125279 0.125147 6.54728e-09
538 0.125279 0.123917 0.000156678
539 0.125279 0.122663 0.000310176
540 0.125279 0.121411 0.000460507
541 0.125279 0.123911 0.000156664
542 0.125279 0.125146 8.30405e-09
543 0.125279 0.125156 7.93266e-09
544 0.125279 0.125156 7.63699e-09
545 0.125279 0.125152 7.98879e-09
546 0.125279 0.125152 7.81023e-09
547 0.125279 0.125159 7.81367e-09
548 0.125279 0.123899 0.000156635
549 0.125279 0.12515 7.86506e-09
550 0.125279 0.123908 0.000156658
551 0.125279 0.125166 6.88504e-09
552 0.125279 0.125143 8.88484e-09
553 0.125279 0.125149 8.3438e-09
554 0.125279 0.125155 7.90849e-09
555 0.125279 0.125156 7.63606e-09
556 0.125279 0.125158 7.55809e-09
557 0.125279 0.125168 8.02035e-09
558 0.125279 0.125167 7.51496e-09
559 0.125279 0.125161 7.67808e-09
560 0.125279 0.125158 7.41634e-09
561 0.125279 0.125163 7.16059e-09
562 0.125279 0.125135 8.06387e-09
563 0.125279 0.125143 8.26672e-09
564 0.125279 0.125156 7.56097e-09
565 0.125279 0.125147 8.18554e-09
566 0.125279 0.125152 8.60662e-09
567 0.125279 0.125154 7.19102e-09
568 0.125279 0.124481 4.68574e-05
569 0.125279 0.123914 0.000156671
570 0.125279 0.124467 5.02174e-05
571 0.125279 0.125173 6.24405e-09
572 0.125279 0.125161 6.8789e-09
573 0.125279 0.125168 6.69322e-09
574 0.125279 0.125156 7.07022e-09
575 0.125279 0.125163 6.83129e-09
576 0.125279 0.123904 0.000156647
577 0.125279 0.125155 8.27293e-09
578 0.125279 0.123904 0.000156647
579 0.125279 0.125165 6.90405e-09
580 0.125279 0.123903 0.000156643
581 0.125279 0.125163 7.48522e-09
582 0.125279 0.125155 7.12202e-09
583 0.125279 0.125147 7.69732e-09
584 0.125279 0.125154 8.2657e-09
585 0.125279 0.125161 8.12497e-09
586 0.125279 0.125163 7.91459e-09
587 0.125279 0.123907 0.000156655
588 0.125279 0.125153 7.67094e-09
589 0.125279 0.125158 7.58449e-09
590 0.125279 0.125149 7.59296e-09
591 0.125279 0.125164 7.26015e-09
592 0.125279 0.125162 8.49654e-09
593 0.125279 0.125152 7.63337e-09
594 0.125279 0.12517 5.78085e-09
595 0.125279 0.123919 0.000156684
596 0.125279 0.123914 0.000156672
597 0.125279 0.123909 0.000156659
598 0.125279 0.123909 0.000156659
599 0.125279 0.123932 0.000156717
600 0.125279 0.125164 7.85186e-09
601 0.125279 0.125167 6.43231e-09
602 0.125279 0.125168 7.08406e-09
603 0.125279 0.123913 0.000156669
604 0.125279 0.122669 0.000310205
605 0.125279 0.121408 0.000460485
606 0.125279 0.123905 0.000156649
607 0.125279 0.125171 7.221e-09
608 0.125279 0.125159 7.7876e-09
609 0.125279 0.125135 7.3516e-09
610 0.125279 0.125147 7.09454e-09
611 0.125279 0.125152 7.8613e-09
612 0.125279 0.125155 7.26912e-09
613 0.125279 0.12515 7.61137e-09
614 0.125279 0.122643 0.000310074
615 0.125279 0.122655 0.000310136
616 0.125279 0.122657 0.000310145
617 0.125279 0.123921 0.000156688
618 0.125279 0.125154 8.15045e-09
619 0.125279 0.123903 0.000156645
620 0.125279 0.121406 0.000460471
621 0.125279 0.125168 6.01342e-09
622 0.125279 0.121412 0.000460518
623 0.125279 0.122659 0.000310152
624 0.125279 0.123909 0.00015666
625 0.125279 0.123917 0.00015668
626 0.125279 0.125158 7.08358e-09
627 0.125279 0.125159 7.07962e-09
628 0.125279 0.125159 8.1765e-09
629 0.125279 0.125156 7.64023e-09
630 0.125279 0.125147 7.80606e-09
631 0.125279 0.125159 7.3725e-09
632 0.125279 0.125164 6.1681e-09
633 0.125279 0.125142 7.70042e-09
634 0.125279 0.123903 0.000156646
635 0.125279 0.125155 7.88909e-09
636 0.125279 0.125162 8.44012e-09
637 0.125279 0.12515 8.00902e-09
638 0.125279 0.125163 8.13606e-09
639 0.125279 0.125171 6.93656e-09
640 0.125279 0.125157 7.09714e-09
641 0.125279 0.125156 7.87323e-09
642 0.125279 0.125157 7.69169e-09
643 0.125279 0.125143 7.1e-09
644 0.125279 0.125153 7.99591e-09
645 0.125279 0.125161 7.5375e-09
646 0.125279 0.125156 7.2748e-09
647 0.125279 0.125167 6.8127e-09
648 0.125279 0.125163 7.37164e-09
649 0.125279 0.125155 7.54728e-09
650 0.125279 0.125148 7.82493e-09
651 0.125279 0.125147 8.17755e-09
652 0.125279 0.125161 7.45363e-09
653 0.125279 0.125163 7.38413e-09
654 0.125279 0.123912 0.000156666
655 0.125279 0.123903 0.000156644
656 0.125279 0.12516 7.98935e-09
657 0.125279 0.125164 7.05716e-09
658 0.125279 0.125155 7.63203e-09
659 0.125279 0.123903 0.000156644
660 0.125279 0.121403 0.000460408
661 0.125279 0.122655 0.000310132
662 0.125279 0.123908 0.000156656
663 0.125279 0.1239 0.000156638
664 0.125279 0.123902 0.00015664
665 0.125279 0.123909 0.000156659
666 0.125279 0.121402 0.000460439
667 0.125279 0.121402 0.000460437
668 0.125279 0.123919 0.000156684
669 0.125279 0.123155 0.000211281
670 0.125279 0.122648 0.000310098
671 0.125279 0.122651 0.000310116
672 0.125279 0.122651 0.000310114
673 0.125279 0.122657 0.000310145
674 0.125279 0.123921 0.000156689
675 0.125279 0.123905 0.000156651
676 0.125279 0.125159 6.88958e-09
677 0.125279 0.125157 7.43413e-09
678 0.125279 0.125165 6.97263e-09
679 0.125279 0.125174 7.28333e-09
680 0.125279 0.125156 7.82087e-09
681 0.125279 0.123906 0.000156652
682 0.125279 0.122662 0.000310166
683 0.125279 0.123894 0.000156621
684 0.125279 0.123901 0.000156638
685 0.125279 0.123908 0.000156658
686 0.125279 0.121398 0.000460413
687 0.125279 0.120152 0.000607609
688 0.125279 0.121398 0.000460411
689 0.125279 0.121392 0.000460364
690 0.125279 0.122646 0.000310087
691 0.125279 0.122653 0.000310122
692 0.125279 0.123913 0.000156669
693 0.125279 0.123898 0.000156633
694 0.125279 0.125161 7.40025e-09
695 0.125279 0.123906 0.000156653
696 0.125279 0.125157 7.38178e-09
697 0.125279 0.125154 8.2166e-09
698 0.125279 0.12516 6.67416e-09
699 0.125279 0.125154 7.29449e-09
700 0.125279 0.125154 7.05956e-09
701 0.125279 0.125161 6.20405e-09
702 0.125279 0.125165 7.83183e-09
703 0.125279 0.125153 8.58704e-09
704 0.125279 0.123914 0.000156673
705 0.125279 0.123907 0.000156655
706 0.125279 0.123914 0.000156671
707 0.125279 0.123908 0.000156656
708 0.125279 0.125161 6.36539e-09
709 0.125279 0.124583 3.34797e-05
710 0.125279 0.122647 0.000309046
711 0.125279 0.1214 0.000459333
712 0.125279 0.125169 6.44222e-09
713 0.125279 0.125169 6.82849e-09
714 0.125279 0.125161 6.59527e-09
715 0.125279 0.12392 0.000156686
716 0.125279 0.125159 7.80151e-09
717 0.125279 0.125158 7.38256e-09
718 0.125279 0.125162 7.83767e-09
719 0.125279 0.125161 7.16845e-09
720 0.125279 0.125157 7.4768e-09
721 0.125279 0.125151 8.24092e-09
722 0.125279 0.125157 8.64898e-09
723 0.125279 0.123921 0.000156689
724 0.125279 0.122656 0.000310141
725 0.125279 0.125165 8.84307e-09
726 0.125279 0.125157 7.68789e-09
727 0.125279 0.122655 0.000310133
728 0.125279 0.122668 0.000310202
729 0.125279 0.123914 0.000156671
730 0.125279 0.123908 0.000156656
731 0.125279 0.123919 0.000156682
732 0.125279 0.122653 0.000310125
733 0.125279 0.123908 0.000156657
734 0.125279 0.123899 0.000156635
735 0.125279 0.12265 0.000310108
736 0.125279 0.125171 6.32426e-09
737 0.125279 0.123933 0.000150597
738 0.125279 0.122668 0.00030483
739 0.125279 0.122668 0.000308966
740 0.125279 0.123918 0.000155666
741 0.125279 0.125159 6.90518e-09
742 0.125279 0.125153 7.10516e-09
743 0.125279 0.125145 6.75454e-09
744 0.125279 0.125147 6.94707e-09
745 0.125279 0.125152 6.29963e-09
746 0.125279 0.125157 6.4364e-09
747 0.125279 0.125154 6.08083e-09
748 0.125279 0.125144 7.28626e-09
749 0.125279 0.125158 6.87258e-09
750 0.125279 0.125142 7.15726e-09
751 0.125279 0.125153 6.41825e-09
752 0.125279 0.125144 7.25493e-09
753 0.125279 0.125159 6.05935e-09
754 0.125279 0.125159 7.12013e-09
755 0.125279 0.125159 7.43395e-09
756 0.125279 0.125155 6.58386e-09
757 0.125279 0.125162 6.76346e-09
758 0.125279 0.123908 0.000156656
759 0.125279 0.12391 0.000156661
760 0.125279 0.123899 0.000156634
761 0.125279 0.125168 7.69743e-09
762 0.125279 0.123913 0.000153234
763 0.125279 0.125153 7.40626e-09
764 0.125279 0.12517 7.44907e-09
765 0.125279 0.125165 6.31809e-09
766 0.125279 0.125161 6.89693e-09
767 0.125279 0.125156 7.60817e-09
768 0.125279 0.125162 7.4427e-09
769 0.125279 0.125163 6.77908e-09
770 0.125279 0.125171 6.56395e-09
771 0.125279 0.123916 0.000156677
772 0.125279 0.123921 0.00015669
773 0.125279 0.125155 7.98273e-09
774 0.125279 0.125147 7.77245e-09
775 0.125279 0.125163 8.13098e-09
776 0.125279 0.125151 8.08079e-09
777 0.125279 0.125157 7.38193e-09
778 0.125279 0.12516 7.8566e-09
779 0.125279 0.125148 8.41728e-09
780 0.125279 0.123898 0.000156631
781 0.125279 0.122638 0.000310051
782 0.125279 0.1239 0.000156637
783 0.125279 0.122659 0.000310153
784 0.125279 0.12515 7.7898e-09
785 0.125279 0.125166 7.36588e-09
786 0.125279 0.125154 8.08486e-09
787 0.125279 0.125168 6.74936e-09
788 0.125279 0.125154 7.65869e-09
789 0.125279 0.125159 8.40714e-09
790 0.125279 0.125164 7.37282e-09
791 0.125279 0.125168 7.3645e-09
792 0.125279 0.125166 6.69838e-09
793 0.125279 0.125152 7.83157e-09
794 0.125279 0.125151 6.60269e-09
795 0.125279 0.125161 7.21474e-09
796 0.125279 0.125154 6.64149e-09
797 0.125279 0.123923 0.000156693
798 0.125279 0.122653 0.000310122
799 0.125279 0.123901 0.00015664
800 0.125279 0.12517 7.3522e-09
801 0.125279 0.125162 6.63676e-09
802 0.125279 0.125163 6.10006e-09
803 0.125279 0.125166 6.42555e-09
804 0.125279 0.123919 0.000156686
805 0.125279 0.125162 6.98586e-09
806 0.125279 0.125157 7.55678e-09
807 0.125279 0.123905 0.000156649
808 0.125279 0.123908 0.000156657
809 0.125279 0.125161 6.29061e-09
810 0.125279 0.125163 6.27104e-09
811 0.125279 0.125168 6.71456e-09
812 0.125279 0.12516 8.93974e-09
813 0.125279 0.123912 0.000156667
814 0.125279 0.122656 0.00031014
815 0.125279 0.121419 0.000460568
816 0.125279 0.122655 0.000310137
817 0.125279 0.121418 0.00046056
818 0.125279 0.123908 0.000156655
819 0.125279 0.122651 0.000310114
820 0.125279 0.121411 0.000460507
821 0.125279 0.122646 0.000310088
822 0.125279 0.121393 0.000460369
823 0.125279 0.12265 0.000310109
824 0.125279 0.121403 0.000460447
825 0.125279 0.123906 0.000156652
826 0.125279 0.123907 0.000156655
827 0.125279 0.123912 0.000156667
828 0.125279 0.123907 0.000156655
829 0.125279 0.123903 0.000156643
830 0.125279 0.123911 0.000156665
831 0.125279 0.125154 8.2861e-09
832 0.125279 0.125156 8.34794e-09
833 0.125279 0.125143 8.17579e-09
834 0.125279 0.121401 0.000460372
835 0.125279 0.121394 0.000460382
836 0.125279 0.121407 0.000460477
837 0.125279 0.1229 0.000256888
838 0.125279 0.123937 0.000150107
839 0.125279 0.125151 8.25185e-09
840 0.125279 0.123898 0.000156632
841 0.125279 0.123893 0.000156619
842 0.125279 0.125163 6.44685e-09
843 0.125279 0.123904 0.000156647
844 0.125279 0.123903 0.000156643
845 0.125279 0.120186 0.00060058
846 0.125279 0.124009 0.000130385
847 0.125279 0.122657 0.00030942
848 0.125279 0.122653 0.000309399
849 0.125279 0.122647 0.000310094
850 0.125279 0.122658 0.00031015
851 0.125279 0.121405 0.000460465
852 0.125279 0.123903 0.000156643
853 0.125279 0.12015 0.000607582
854 0.125279 0.121399 0.000460413
855 0.125279 0.122665 0.000310186
856 0.125279 0.122654 0.00031013
857 0.125279 0.123918 0.00015668
858 0.125279 0.123911 0.000156665
859 0.125279 0.125161 8.12007e-09
860 0.125279 0.125159 7.30083e-09
861 0.125279 0.122641 0.000310064
862 0.125279 0.122661 0.000310165
863 0.125279 0.122658 0.000310147
864 0.125279 0.1239 0.000156638
865 0.125279 0.123909 0.000156657
866 0.125279 0.125144 7.5127e-09
867 0.125279 0.12515 8.54613e-09
868 0.125279 0.125164 7.54829e-09
869 0.125279 0.125163 7.53403e-09
870 0.125279 0.125163 7.18521e-09
871 0.125279 0.125152 6.82776e-09
872 0.125279 0.12517 7.28331e-09
873 0.125279 0.12516 6.9915e-09
874 0.125279 0.125168 5.94916e-09
875 0.125279 0.125162 6.9046e-09
876 0.125279 0.125162 7.54311e-09
877 0.125279 0.125158 7.08853e-09
878 0.125279 0.125152 7.41971e-09
879 0.125279 0.12516 6.59688e-09
880 0.125279 0.125163 7.1206e-09
881 0.125279 0.125169 7.18654e-09
882 0.125279 0.125163 6.81213e-09
883 0.125279 0.125173 7.26524e-09
884 0.125279 0.125156 6.46719e-09
885 0.125279 0.125156 7.29919e-09
886 0.125279 0.125165 6.9659e-09
887 0.125279 0.123907 0.000156654
888 0.125279 0.12391 0.000156661
889 0.125279 0.123902 0.000156642
890 0.125279 0.123903 0.000156645
891 0.125279 0.125149 7.95224e-09
892 0.125279 0.125152 8.1924e-09
893 0.125279 0.125181 7.06808e-09
894 0.125279 0.125164 8.22683e-09
895 0.125279 0.125139 8.88231e-09
896 0.125279 0.123922 0.000156692
897 0.125279 0.123904 0.000156646
898 0.125279 0.123912 0.000156666
899 0.125279 0.123897 0.000156628
900 0.125279 0.125157 7.95095e-09
901 0.125279 0.125136 8.3282e-09
902 0.125279 0.125164 7.53886e-09
903 0.125279 0.125158 7.87199e-09
904 0.125279 0.125158 7.9703e-09
905 0.125279 0.125155 8.81458e-09
906 0.125279 0.12516 7.67412e-09
907 0.125279 0.125152 8.29001e-09
908 0.125279 0.12517 8.62148e-09
909 0.125279 0.12515 7.90522e-09
910 0.125279 0.125153 7.37857e-09
911 0.125279 0.125163 7.78335e-09
912 0.125279 0.125157 6.87269e-09
913 0.125279 0.125164 6.86929e-09
914 0.125279 0.125174 7.9106e-09
915 0.125279 0.125182 6.64765e-09
916 0.125279 0.125151 8.46295e-09
917 0.125279 0.125156 8.37844e-09
918 0.125279 0.123902 0.000156643
919 0.125279 0.123909 0.000156658
920 0.125279 0.122671 0.000310215
921 0.125279 0.125168 6.89915e-09
922 0.125279 0.123905 0.00015665
923 0.125279 0.122654 0.000310129
924 0.125279 0.121397 0.000460404
925 0.125279 0.122653 0.000310123
926 0.125279 0.12392 0.000156686
927 0.125279 0.122657 0.000310145
928 0.125279 0.122656 0.00031014
929 0.125279 0.123907 0.000156654
930 0.125279 0.125174 7.5678e-09
931 0.125279 0.123918 0.000156682
932 0.125279 0.123908 0.000156657
933 0.125279 0.125158 8.31707e-09
934 0.125279 0.123912 0.000156667
935 0.125279 0.122658 0.000310152
936 0.125279 0.122663 0.000310173
937 0.125279 0.122662 0.000310167
938 0.125279 0.122664 0.000310178
939 0.125279 0.12267 0.000310208
940 0.125279 0.122655 0.000310134
941 0.125279 0.121413 0.000460524
942 0.125279 0.120156 0.000607644
943 0.125279 0.121403 0.000460448
944 0.125279 0.123912 0.000156666
945 0.125279 0.123898 0.000156631
946 0.125279 0.123919 0.000156684
947 0.125279 0.123922 0.000156691
948 0.125279 0.123891 0.000156615
949 0.125279 0.123913 0.00015667
950 0.125279 0.123898 0.000156633
951 0.125279 0.122659 0.000310154
952 0.125279 0.121405 0.000460461
953 0.125279 0.121394 0.000460379
954 0.125279 0.122659 0.000310153
955 0.125279 0.122664 0.00031018
956 0.125279 0.120159 0.000607676
957 0.125279 0.121403 0.000460447
958 0.125279 0.122644 0.000310077
959 0.125279 0.121396 0.000460392
960 0.125279 0.120153 0.000607618
961 0.125279 0.118903 0.000749652
962 0.125279 0.121441 0.000452264
963 0.125279 0.121401 0.00046043
964 0.125279 0.122667 0.000310194
965 0.125279 0.122656 0.000310139
966 0.125279 0.122656 0.00031014
967 0.125279 0.123905 0.00015665
968 0.125279 0.125172 6.81914e-09
969 0.125279 0.125163 7.4833e-09
970 0.125279 0.123902 0.000156641
971 0.125279 0.123912 0.000156667
972 0.125279 0.125161 6.95022e-09
973 0.125279 0.122657 0.000310142
974 0.125279 0.122643 0.000310076
975 0.125279 0.124082 0.000114661
976 0.125279 0.123899 0.000156634
977 0.125279 0.125155 6.78221e-09
978 0.125279 0.123906 0.000156652
979 0.125279 0.12392 0.000156687
980 0.125279 0.122668 0.000310198
981 0.125279 0.123914 0.000156673
982 0.125279 0.12516 6.8837e-09
983 0.125279 0.123909 0.000156659
984 0.125279 0.125163 6.68832e-09
985 0.125279 0.125156 7.53214e-09
986 0.125279 0.12517 5.75771e-09
987 0.125279 0.12515 8.24897e-09
988 0.125279 0.125163 7.12147e-09
989 0.125279 0.125168 7.60591e-09
990 0.125279 0.125154 6.99893e-09
991 0.125279 0.12517 6.02198e-09
992 0.125279 0.125159 6.72629e-09
993 0.125279 0.125154 7.18152e-09
994 0.125279 0.125166 6.99758e-09
995 0.125279 0.125159 8.2531e-09
996 0.125279 0.12516 6.19862e-09
997 0.125279 0.12517 7.26507e-09
998 0.125279 0.125152 6.98362e-09
999 0.125279 0.125154 7.59303e-09
1000 0.125279 0.125155 7.7397e-09
1000 0 0 0
