0 0.125251 0.0575728 0.00392658
1 0.125272 0.0701117 0.00389177
2 0.125274 0.075163 0.00378791
3 0.479371 0.0866419 0.00502811
4 0.479371 0.0870058 0.00499048
5 0.479371 0.090523 0.00486696
6 0.479371 0.0943115 0.00461326
7 0.479371 0.0950329 0.00459742
8 0.479371 0.0985449 0.00562965
9 0.479371 0.108379 0.0059244
10 0.479371 0.112837 0.0066152
11 0.479371 0.124398 0.00885062
12 0.494087 0.139883 0.0135382
13 0.500649 0.152686 0.0186268
13 0.535093 0.0848794 0.0290817
14 0.535093 0.0838738 0.0322823
15 0.548284 0.0798629 0.0306374
16 0.548284 0.0903488 0.0334404
17 0.548284 0.104566 0.0370472
18 0.548284 0.114454 0.0380212
19 0.552943 0.119521 0.0416862
20 0.552943 0.114568 0.0389078
21 0.552943 0.111141 0.0343023
22 0.552943 0.122813 0.0410167
23 0.552943 0.128439 0.0414607
24 0.552943 0.130618 0.0420351
25 0.552943 0.166307 0.0464112
26 0.552943 0.157935 0.0452943
27 0.552943 0.175969 0.0485995
28 0.562103 0.168317 0.0484275
29 0.564203 0.15523 0.0444913
30 0.564203 0.144005 0.0433251
31 0.564203 0.153186 0.0461059
32 0.564203 0.159789 0.0445563
33 0.57319 0.168052 0.0440812
34 0.57319 0.185648 0.0461968
35 0.57319 0.177083 0.0466244
36 0.57319 0.188674 0.0497523
37 0.57319 0.189259 0.0513684
38 0.57319 0.17711 0.0494385
39 0.57319 0.149161 0.0434111
40 0.57319 0.192849 0.0496036
41 0.57319 0.18525 0.0494352
42 0.57319 0.192776 0.0483958
43 0.57319 0.157774 0.0429513
44 0.57319 0.187223 0.0455613
45 0.57319 0.207756 0.0509676
46 0.57319 0.166688 0.0511748
47 0.57319 0.145377 0.0461342
48 0.57319 0.144253 0.0459094
49 0.57319 0.194975 0.0519324
50 0.57319 0.205735 0.0539203
51 0.57319 0.170511 0.0459923
52 0.57319 0.180935 0.048366
53 0.57319 0.170189 0.0412652
54 0.57319 0.13567 0.0414324
55 0.57319 0.169762 0.048158
56 0.57319 0.18415 0.049334
57 0.57319 0.166242 0.0481705
58 0.579272 0.172317 0.0467002
59 0.579272 0.157536 0.0479465
60 0.579272 0.15937 0.0463073
61 0.579272 0.171619 0.0454529
62 0.579272 0.163863 0.0446242
63 0.579272 0.185194 0.0522298
64 0.579272 0.20935 0.0510835
65 0.579272 0.233604 0.0497878
66 0.579272 0.201521 0.0478666
67 0.579272 0.203688 0.0502348
68 0.579272 0.19035 0.0480377
69 0.59069 0.210901 0.0479563
70 0.59069 0.194264 0.0486179
71 0.59069 0.175786 0.0457492
72 0.59069 0.199504 0.0473163
73 0.59069 0.202223 0.0489927
74 0.59069 0.203681 0.0444802
75 0.59069 0.204056 0.0511472
76 0.59069 0.211257 0.0540281
77 0.59069 0.197975 0.0518542
78 0.59069 0.199266 0.0520522
79 0.59069 0.191324 0.0571409
80 0.59069 0.204683 0.0509702
81 0.59069 0.191448 0.051455
82 0.59069 0.207468 0.0482496
83 0.59069 0.20337 0.0463032
84 0.59069 0.201239 0.0466645
85 0.59069 0.208524 0.0519046
86 0.59069 0.190366 0.0510778
87 0.59069 0.179877 0.0480343
88 0.59069 0.185011 0.0495795
89 0.59069 0.216431 0.0494029
90 0.59069 0.212828 0.0542904
91 0.59069 0.221774 0.0546074
92 0.59069 0.198276 0.0544952
93 0.59069 0.171108 0.0496418
94 0.59069 0.185231 0.0512964
95 0.59069 0.180264 0.0508584
96 0.59069 0.174753 0.0490015
97 0.59069 0.181309 0.05176
98 0.59069 0.183574 0.0484893
99 0.59069 0.183104 0.0473039
100 0.59069 0.195035 0.05479
101 0.59069 0.196942 0.0556592
102 0.59069 0.202607 0.0569862
103 0.59069 0.193649 0.0539276
104 0.59069 0.190679 0.0539022
105 0.59069 0.181121 0.0513172
106 0.592162 0.192578 0.0586156
107 0.592162 0.219482 0.059857
108 0.592162 0.210804 0.0555429
109 0.592162 0.237122 0.0533338
110 0.592162 0.21742 0.0518309
111 0.592162 0.227597 0.0504991
112 0.592162 0.247887 0.0571209
113 0.592162 0.23777 0.0556958
114 0.592162 0.222873 0.0572368
115 0.592162 0.18805 0.0536708
116 0.592162 0.211922 0.0543476
117 0.592162 0.222764 0.0551785
118 0.592162 0.220738 0.0532742
119 0.592162 0.189924 0.0487612
120 0.592162 0.222903 0.0587671
121 0.592162 0.245762 0.0569718
122 0.592162 0.232398 0.0527397
123 0.592162 0.233417 0.0547077
124 0.592162 0.213486 0.0529794
125 0.592162 0.230533 0.0581277
126 0.59273 0.227766 0.0571102
127 0.59273 0.198781 0.0507957
128 0.59273 0.234513 0.0577636
129 0.59273 0.208916 0.0572215
130 0.59273 0.232438 0.0552292
131 0.59273 0.233692 0.0564409
132 0.59273 0.239807 0.0534079
133 0.59273 0.244208 0.0556331
134 0.59273 0.218874 0.0560356
135 0.59273 0.222982 0.0527199
136 0.59273 0.221559 0.0478825
137 0.59273 0.227066 0.0498319
138 0.59273 0.228428 0.0541771
139 0.59273 0.206863 0.050527
140 0.59273 0.213822 0.0513188
141 0.59273 0.196238 0.051053
142 0.59273 0.223698 0.052826
143 0.59273 0.208938 0.0544923
144 0.59273 0.202919 0.0559316
145 0.593619 0.206038 0.0534604
146 0.593619 0.204622 0.0545648
147 0.593619 0.231951 0.057952
148 0.593619 0.2137 0.0499454
149 0.593619 0.22084 0.0519999
150 0.593619 0.233084 0.0511765
151 0.593619 0.191913 0.0509539
152 0.593619 0.196166 0.0563101
153 0.593619 0.191562 0.0532092
154 0.593619 0.194442 0.0550794
155 0.593619 0.201312 0.0529832
156 0.593619 0.232208 0.0558176
157 0.593619 0.203945 0.0552904
158 0.593619 0.226339 0.0568135
159 0.593619 0.207337 0.0513855
160 0.593619 0.189701 0.0505201
161 0.593619 0.221091 0.0509808
162 0.593619 0.23823 0.0582875
163 0.593619 0.217055 0.0567139
164 0.593619 0.264067 0.0542059
165 0.593619 0.235146 0.0517771
166 0.593619 0.225978 0.056107
167 0.593619 0.234528 0.055287
168 0.593619 0.223835 0.0517556
169 0.593619 0.225606 0.051688
170 0.593619 0.254778 0.0578493
171 0.593619 0.237042 0.0579529
172 0.593619 0.244007 0.0529452
173 0.593619 0.23405 0.0510212
174 0.593619 0.218029 0.0506925
175 0.593619 0.220057 0.0578887
176 0.593619 0.233586 0.0550336
177 0.593619 0.223286 0.05466
178 0.593619 0.237494 0.0552213
179 0.593619 0.203336 0.0523097
180 0.593619 0.192797 0.0543039
181 0.593619 0.236253 0.0571917
182 0.593619 0.226938 0.0560389
183 0.593619 0.235534 0.0563788
184 0.593619 0.245705 0.0528004
185 0.593619 0.23509 0.0511712
186 0.593619 0.247851 0.0534967
187 0.593619 0.223574 0.0537692
188 0.593619 0.224461 0.0554902
189 0.593619 0.228053 0.0542069
190 0.593619 0.200225 0.0520609
191 0.593619 0.189814 0.0474492
192 0.593619 0.207488 0.055724
193 0.593619 0.202724 0.0546967
194 0.593619 0.18567 0.0535302
195 0.593619 0.222062 0.0524269
196 0.593619 0.199356 0.0557258
197 0.593619 0.193601 0.0514923
198 0.593619 0.21605 0.0567063
199 0.593619 0.198889 0.0544801
200 0.593619 0.18975 0.0493504
201 0.593619 0.206209 0.0541237
202 0.593619 0.192924 0.0509128
203 0.593619 0.204803 0.0510882
204 0.593619 0.244185 0.0540953
205 0.593619 0.254586 0.0527822
206 0.593619 0.234776 0.0550128
207 0.593619 0.217483 0.0551889
208 0.593619 0.202814 0.0528874
209 0.593619 0.252029 0.0529419
210 0.593619 0.250474 0.0565425
211 0.593619 0.24107 0.053201
212 0.593619 0.244654 0.0551062
213 0.593619 0.261707 0.0555739
214 0.593619 0.260443 0.0525753
215 0.593619 0.245071 0.0525556
216 0.593619 0.226149 0.0501913
217 0.593619 0.208049 0.0508687
218 0.593619 0.219134 0.0502665
219 0.593619 0.22919 0.0517665
220 0.593619 0.213816 0.0551878
221 0.593619 0.229271 0.0577272
222 0.593619 0.187951 0.0561404
223 0.593619 0.185702 0.0536444
224 0.593619 0.205652 0.0581143
225 0.593619 0.199306 0.0546234
226 0.593619 0.198574 0.0520203
227 0.593619 0.189493 0.0525054
228 0.593619 0.182455 0.0543149
229 0.593619 0.211928 0.0574154
230 0.593619 0.195536 0.0527458
231 0.593619 0.199517 0.0555642
232 0.593619 0.194322 0.0503723
233 0.593619 0.179352 0.0511585
234 0.593619 0.165671 0.0473691
235 0.593619 0.184393 0.0472818
236 0.593619 0.196718 0.048759
237 0.593619 0.204396 0.0542042
238 0.593619 0.239341 0.0547817
239 0.593619 0.247607 0.0538161
240 0.593619 0.219324 0.053867
241 0.593619 0.227757 0.0526982
242 0.593619 0.249255 0.0574364
243 0.593619 0.240404 0.0575438
244 0.593619 0.235609 0.0595018
245 0.593619 0.213158 0.0564395
246 0.593619 0.271897 0.0573419
247 0.593619 0.241691 0.0590891
248 0.593619 0.265227 0.0575218
249 0.593619 0.264363 0.0560558
250 0.593619 0.254409 0.0547996
251 0.593619 0.270312 0.0571788
252 0.593619 0.232085 0.0574246
253 0.593619 0.22831 0.0569486
254 0.593619 0.236177 0.0528041
255 0.593619 0.237241 0.051015
256 0.593619 0.227582 0.0551675
257 0.593619 0.231747 0.0531931
258 0.593619 0.234879 0.0553351
259 0.593619 0.200225 0.0528091
260 0.593619 0.224406 0.0576478
261 0.593619 0.215838 0.0529024
262 0.593619 0.233515 0.0498048
263 0.593619 0.228124 0.0537774
264 0.593619 0.238216 0.0581585
265 0.593619 0.240957 0.0542573
266 0.593619 0.240781 0.0545938
267 0.593619 0.251031 0.0561241
268 0.593619 0.229244 0.0527191
269 0.593619 0.189778 0.0482684
270 0.593619 0.18347 0.0482976
271 0.593619 0.208009 0.0562771
272 0.593619 0.219368 0.0585626
273 0.593619 0.22195 0.057929
274 0.593619 0.21095 0.0560393
275 0.593619 0.218759 0.0572467
276 0.593636 0.232291 0.0589166
277 0.593636 0.242558 0.0535972
278 0.593636 0.225731 0.0562997
279 0.593636 0.237911 0.0589339
280 0.593636 0.195895 0.053551
281 0.593636 0.201771 0.052963
282 0.593636 0.211234 0.0582446
283 0.593636 0.211824 0.0575531
284 0.593636 0.234495 0.0600065
285 0.593687 0.221186 0.0580218
286 0.593687 0.217022 0.0575443
287 0.593687 0.212615 0.0553284
288 0.593687 0.190115 0.0557668
289 0.593687 0.174241 0.0513329
290 0.593687 0.194583 0.0543385
291 0.593687 0.180599 0.052478
292 0.593687 0.18662 0.0590226
293 0.593687 0.204084 0.0573849
294 0.593687 0.205989 0.0585546
295 0.593687 0.206586 0.052768
296 0.593687 0.198772 0.0532552
297 0.593687 0.211769 0.0556824
298 0.593687 0.249941 0.0533197
299 0.593687 0.218099 0.0564891
300 0.593687 0.204421 0.0524958
301 0.593687 0.236844 0.0524186
302 0.593687 0.223215 0.0514881
303 0.593687 0.221042 0.0521511
304 0.593687 0.231557 0.0513153
305 0.593687 0.210657 0.0506534
306 0.593687 0.204716 0.0498483
307 0.593687 0.201647 0.0505001
308 0.593687 0.22469 0.050296
309 0.593687 0.242681 0.0520508
310 0.593687 0.229778 0.0473476
311 0.593687 0.243688 0.052472
312 0.593687 0.225949 0.0542397
313 0.593687 0.225658 0.0559962
314 0.593687 0.213275 0.0573241
315 0.593687 0.216833 0.0541392
316 0.593687 0.234635 0.0527229
317 0.593687 0.204606 0.0537688
318 0.593687 0.210373 0.0579226
319 0.593687 0.238163 0.0555316
320 0.593687 0.225589 0.0587163
321 0.593687 0.225812 0.0559835
322 0.593687 0.223752 0.0551119
323 0.593687 0.224844 0.0548501
324 0.593687 0.234443 0.0528397
325 0.593687 0.268456 0.0513154
326 0.593687 0.213866 0.0517032
327 0.593687 0.237948 0.0556267
328 0.593687 0.224107 0.0541691
329 0.593687 0.228709 0.0554255
330 0.593687 0.246104 0.0588013
331 0.593687 0.241461 0.0528846
332 0.593687 0.247898 0.056956
333 0.593687 0.239519 0.053554
334 0.593687 0.242376 0.0566451
335 0.593687 0.228181 0.0545146
336 0.593687 0.233273 0.052086
337 0.593687 0.271849 0.0565249
338 0.593687 0.260071 0.0546062
339 0.593687 0.250028 0.051235
340 0.593749 0.253051 0.0486511
341 0.593749 0.238441 0.0466036
342 0.593749 0.232273 0.0488216
343 0.594239 0.24084 0.0548477
344 0.594239 0.235296 0.0557753
345 0.594239 0.196448 0.0538013
346 0.594239 0.226639 0.0537629
347 0.594239 0.236434 0.0502385
348 0.594239 0.235211 0.0539587
349 0.594239 0.179572 0.0521905
350 0.594239 0.192665 0.0548837
351 0.594239 0.236045 0.056853
352 0.594239 0.195256 0.0532095
353 0.594239 0.173124 0.047527
354 0.594239 0.18964 0.0488088
355 0.594239 0.202609 0.0523405
356 0.594239 0.218512 0.0570236
357 0.594239 0.214902 0.0592109
358 0.594239 0.215985 0.0547738
359 0.594239 0.231374 0.053734
360 0.594239 0.228317 0.058593
361 0.594239 0.233282 0.0568067
362 0.594239 0.239981 0.0572372
363 0.594239 0.244163 0.0525642
364 0.594239 0.253289 0.0515126
365 0.594239 0.242213 0.0530261
366 0.594239 0.190656 0.0457068
367 0.594239 0.207209 0.056467
368 0.594239 0.193592 0.0496608
369 0.594239 0.211464 0.055118
370 0.594239 0.196397 0.0509608
371 0.594239 0.196666 0.0539046
372 0.594239 0.213729 0.0537267
373 0.594239 0.230598 0.0544789
374 0.594239 0.21925 0.0556793
375 0.594239 0.219476 0.0551995
376 0.594239 0.210219 0.052966
377 0.594239 0.238169 0.0564841
378 0.594239 0.23253 0.0583651
379 0.594239 0.224708 0.0541958
380 0.594239 0.231253 0.0525354
381 0.594239 0.202976 0.0531254
382 0.594239 0.203712 0.0570392
383 0.594239 0.207487 0.0581227
384 0.594239 0.193214 0.0542092
385 0.594239 0.199361 0.0543528
386 0.594239 0.184945 0.0511396
387 0.594239 0.188641 0.0509759
388 0.594239 0.189212 0.0522652
389 0.594239 0.183538 0.0483964
390 0.594239 0.240992 0.0586177
391 0.594239 0.235233 0.0604255
392 0.594239 0.221379 0.0579372
393 0.594239 0.178228 0.0507414
394 0.594239 0.202714 0.0564874
395 0.594239 0.19904 0.0516444
396 0.594239 0.207422 0.0526328
397 0.594239 0.226692 0.0541559
398 0.594239 0.197444 0.0518239
399 0.594239 0.235133 0.0558763
400 0.594239 0.247881 0.0544952
401 0.594239 0.256486 0.0571211
402 0.594239 0.215216 0.0544526
403 0.594239 0.207727 0.0547673
404 0.594239 0.200509 0.0551743
405 0.594239 0.234289 0.0554681
406 0.594239 0.22521 0.0543929
407 0.594239 0.207947 0.0488507
408 0.594239 0.207513 0.0492393
409 0.594239 0.242502 0.0547468
410 0.594239 0.229356 0.0592277
411 0.594239 0.224222 0.0558623
412 0.594239 0.214431 0.0564267
413 0.594239 0.21441 0.058582
414 0.594239 0.2023 0.0537421
415 0.594239 0.183155 0.053198
416 0.594239 0.200493 0.0547782
417 0.594239 0.184534 0.0496677
418 0.594239 0.167065 0.048822
419 0.594239 0.174353 0.0549606
420 0.594239 0.178739 0.0527885
421 0.594239 0.18399 0.0582704
422 0.594239 0.197273 0.0599938
423 0.594239 0.20669 0.0556038
424 0.594239 0.196849 0.0578187
425 0.594239 0.181124 0.0529318
426 0.594239 0.193643 0.0509497
427 0.594239 0.213447 0.0519074
428 0.594239 0.207243 0.0501372
429 0.594239 0.18317 0.0496252
430 0.594239 0.1603 0.048993
431 0.594239 0.180242 0.0527878
432 0.594239 0.184783 0.0510528
433 0.594239 0.239793 0.0583635
434 0.594239 0.217412 0.0573405
435 0.594239 0.182362 0.050162
436 0.594239 0.194417 0.0479663
437 0.594239 0.183467 0.0482257
438 0.594239 0.195969 0.0546684
439 0.594239 0.1915 0.0491373
440 0.594239 0.221086 0.0556788
441 0.594239 0.209637 0.0507804
442 0.594239 0.217269 0.0566805
443 0.594239 0.18898 0.0538815
444 0.594239 0.188807 0.0553247
445 0.594239 0.210311 0.053655
446 0.594239 0.220229 0.0542154
447 0.594239 0.231141 0.0530931
448 0.594239 0.228312 0.0531638
449 0.594239 0.233989 0.0501893
450 0.594239 0.265004 0.0571894
451 0.594239 0.245183 0.0522557
452 0.594239 0.227524 0.0558114
453 0.594239 0.230274 0.0568939
454 0.594239 0.253703 0.0565511
455 0.594239 0.233273 0.0555439
456 0.594239 0.242195 0.0561452
457 0.594239 0.201873 0.0538054
458 0.594239 0.195826 0.0534667
459 0.594239 0.204831 0.0543281
460 0.594239 0.187503 0.0561833
461 0.594239 0.176999 0.0546913
462 0.594239 0.212663 0.0580801
463 0.594239 0.210529 0.0561528
464 0.594239 0.179662 0.0534011
465 0.594239 0.181535 0.0581232
466 0.594239 0.179116 0.0501299
467 0.594239 0.191947 0.0566542
468 0.594239 0.200457 0.056124
469 0.594239 0.194859 0.0562937
470 0.594239 0.188421 0.0532836
471 0.594239 0.188129 0.0516553
472 0.594239 0.22992 0.0567916
473 0.594239 0.217956 0.0562604
474 0.594239 0.210416 0.0577054
475 0.594239 0.208894 0.0571966
476 0.594239 0.178531 0.0498809
477 0.594239 0.191958 0.054818
478 0.594239 0.197624 0.0577424
479 0.594239 0.172406 0.0542647
480 0.594239 0.189182 0.0562335
481 0.594239 0.183959 0.0542161
482 0.594239 0.174226 0.0552329
483 0.594239 0.19921 0.0541747
484 0.594239 0.166899 0.0519366
485 0.594239 0.182602 0.0536031
486 0.594239 0.190744 0.0543149
487 0.594239 0.209654 0.0539637
488 0.594239 0.197181 0.0526113
489 0.594239 0.219378 0.0529913
490 0.594239 0.239159 0.0565052
491 0.594239 0.190329 0.0525335
492 0.594239 0.226449 0.0529985
493 0.594239 0.212515 0.0532521
494 0.594239 0.201195 0.0482946
495 0.594239 0.197973 0.0514133
496 0.594239 0.200203 0.0519973
497 0.594239 0.192795 0.0522246
498 0.594239 0.22039 0.0563286
499 0.594239 0.182265 0.0527422
500 0.594239 0.220373 0.0562865
501 0.594239 0.203958 0.0576562
502 0.594239 0.189576 0.0523248
503 0.594239 0.214463 0.0538226
504 0.594239 0.196557 0.0511335
505 0.594239 0.189152 0.0530327
506 0.594239 0.185683 0.0534835
507 0.594239 0.201466 0.0534768
508 0.594239 0.18504 0.0552694
509 0.594239 0.188117 0.0528033
510 0.594239 0.175181 0.0544809
511 0.594239 0.210088 0.0540104
512 0.594239 0.186753 0.0503504
513 0.594239 0.18864 0.0541852
514 0.594239 0.174849 0.053895
515 0.594239 0.166686 0.0496551
516 0.594239 0.172198 0.0495757
517 0.594239 0.200235 0.0536398
518 0.594239 0.202189 0.0532734
519 0.594239 0.214737 0.0537179
520 0.594239 0.225388 0.0611911
521 0.594239 0.241044 0.0595716
522 0.594239 0.215882 0.0585564
523 0.594239 0.224205 0.058771
524 0.594239 0.202179 0.0536
525 0.594239 0.218166 0.0551741
526 0.594239 0.238432 0.0556052
527 0.594239 0.218192 0.0556753
528 0.594239 0.234326 0.0548997
529 0.594239 0.239462 0.0549612
530 0.594239 0.230969 0.0550985
531 0.594239 0.204287 0.0539302
532 0.594239 0.195901 0.0512708
533 0.594239 0.208488 0.0555146
534 0.594239 0.240618 0.0530195
535 0.594239 0.227425 0.0566448
536 0.594239 0.238395 0.0547667
537 0.594239 0.193583 0.051732
538 0.594239 0.23118 0.0571081
539 0.5945 0.219436 0.0537422
540 0.5945 0.237969 0.0526315
541 0.5945 0.216178 0.0540846
542 0.5945 0.193559 0.054814
543 0.5945 0.191806 0.0517704
544 0.5945 0.219612 0.056728
545 0.5945 0.217943 0.0594308
546 0.5945 0.204795 0.0552867
547 0.5945 0.204718 0.0522097
548 0.5945 0.202236 0.0512578
549 0.5945 0.210525 0.0518549
550 0.5945 0.199497 0.0524932
551 0.5945 0.230805 0.0527896
552 0.5945 0.208578 0.0558991
553 0.5945 0.192836 0.0524961
554 0.5945 0.197735 0.0538145
555 0.5945 0.228691 0.0563672
556 0.5945 0.208916 0.0515084
557 0.5945 0.235813 0.0530321
558 0.5945 0.228355 0.0564017
559 0.5945 0.228737 0.054009
560 0.602793 0.216658 0.0514277
561 0.602793 0.226764 0.0536261
562 0.602793 0.19871 0.0522074
563 0.602793 0.201605 0.0521102
564 0.602793 0.18511 0.0527981
565 0.602793 0.182071 0.0494362
566 0.602793 0.206017 0.0516157
567 0.602793 0.192849 0.0530922
568 0.602793 0.203414 0.0555866
569 0.602793 0.237199 0.0531238
570 0.602793 0.211152 0.0478629
571 0.602793 0.204238 0.0548715
572 0.602793 0.212821 0.0559984
573 0.602793 0.201359 0.0558938
574 0.602793 0.201026 0.056222
575 0.602793 0.209016 0.0484588
576 0.602793 0.21308 0.0495324
577 0.602793 0.2063 0.0501955
578 0.602793 0.220601 0.0509861
579 0.602793 0.203883 0.0516939
580 0.602793 0.195183 0.0495369
581 0.602793 0.211962 0.0550607
582 0.602793 0.224047 0.0575177
583 0.602793 0.220604 0.0535246
584 0.602793 0.218161 0.0504254
585 0.602793 0.215022 0.0525319
586 0.602793 0.19492 0.0506228
587 0.602793 0.176449 0.0559303
588 0.602793 0.185429 0.0573468
589 0.602793 0.189521 0.0600487
590 0.602793 0.181253 0.0577722
591 0.602793 0.213164 0.0518107
592 0.602793 0.180462 0.0505855
593 0.602793 0.189911 0.055098
594 0.602793 0.208892 0.0568354
595 0.602793 0.205042 0.058158
596 0.602793 0.197346 0.05388
597 0.602793 0.210285 0.051676
598 0.602793 0.234867 0.054345
599 0.602793 0.216134 0.0543125
600 0.602793 0.207842 0.0522026
601 0.602793 0.219642 0.0561252
602 0.602793 0.206291 0.053381
603 0.602793 0.215883 0.054693
604 0.602793 0.230658 0.0575609
605 0.602793 0.220187 0.0548692
606 0.602793 0.166462 0.0488897
607 0.602793 0.197293 0.0527123
608 0.602793 0.187107 0.0540431
609 0.602793 0.184881 0.0558556
610 0.602793 0.172561 0.0560999
611 0.602793 0.168027 0.0554688
612 0.602793 0.187727 0.053263
613 0.602793 0.193892 0.0517721
614 0.602793 0.207634 0.0567005
615 0.602793 0.218807 0.0518217
616 0.602793 0.210392 0.0510564
617 0.602793 0.202162 0.0539066
618 0.602793 0.205457 0.0577566
619 0.602793 0.178749 0.0573085
620 0.602793 0.17294 0.0530734
621 0.602793 0.185528 0.0557734
622 0.602793 0.208437 0.061931
623 0.602793 0.207699 0.0567017
624 0.602793 0.217797 0.0549564
625 0.602793 0.231692 0.0582842
626 0.602793 0.181218 0.0536955
627 0.602793 0.172965 0.0504939
628 0.602793 0.180963 0.0560962
629 0.602793 0.193295 0.0531357
630 0.602793 0.207048 0.0549251
631 0.602793 0.223191 0.05266
632 0.602793 0.222754 0.0547338
633 0.602793 0.217763 0.0551427
634 0.602793 0.232668 0.0543318
635 0.602793 0.220362 0.0542843
636 0.602793 0.211632 0.0589596
637 0.602793 0.207314 0.0518603
638 0.602793 0.201672 0.0541916
639 0.602793 0.200651 0.0524646
640 0.602793 0.175882 0.0497688
641 0.602793 0.215591 0.0555153
642 0.602793 0.229092 0.0550663
643 0.602793 0.199797 0.0544866
644 0.602793 0.189493 0.0543775
645 0.602793 0.209863 0.0552907
646 0.602793 0.177162 0.0544718
647 0.602793 0.171963 0.0529782
648 0.603111 0.182856 0.0555251
649 0.603111 0.199606 0.0541626
650 0.603111 0.208732 0.0541429
651 0.603111 0.227998 0.0549536
652 0.603111 0.222427 0.0552
653 0.603111 0.203976 0.0539329
654 0.603111 0.208289 0.0538752
655 0.603111 0.213287 0.058145
656 0.603111 0.202067 0.0591975
657 0.603111 0.211376 0.0568579
658 0.603111 0.19987 0.0553965
659 0.603111 0.206849 0.0540165
660 0.603111 0.178964 0.0508027
661 0.603111 0.174638 0.0534365
662 0.603111 0.173848 0.0534604
663 0.603111 0.197729 0.0610102
664 0.603111 0.18703 0.0527962
665 0.603111 0.173664 0.0496846
666 0.603111 0.202791 0.053178
667 0.603111 0.194139 0.0533203
668 0.603111 0.183251 0.0538373
669 0.603111 0.191818 0.0553795
670 0.603111 0.210296 0.0565173
671 0.603111 0.199932 0.0521708
672 0.603111 0.215459 0.0496011
673 0.603111 0.218774 0.0517983
674 0.603111 0.201638 0.0547267
675 0.603111 0.222606 0.0546653
676 0.603111 0.217578 0.0572904
677 0.603111 0.199173 0.0558839
678 0.603111 0.188555 0.0527626
679 0.603111 0.230469 0.05552
680 0.603111 0.226341 0.054991
681 0.603111 0.239095 0.0572331
682 0.605107 0.200659 0.0553086
683 0.605107 0.207065 0.0518187
684 0.605107 0.190739 0.0502537
685 0.605107 0.195545 0.0515613
686 0.605107 0.184644 0.0549422
687 0.605107 0.228609 0.055299
688 0.605107 0.216195 0.0554023
689 0.605107 0.22153 0.0536298
690 0.605107 0.218557 0.052294
691 0.605107 0.211491 0.0507152
692 0.605107 0.184767 0.0478153
693 0.60589 0.210585 0.0533954
694 0.60589 0.225184 0.0554865
695 0.60589 0.226538 0.0552479
696 0.60589 0.234873 0.0533788
697 0.60589 0.215413 0.05223
698 0.60589 0.210149 0.0515369
699 0.60589 0.238499 0.0550338
700 0.60589 0.227119 0.0539929
701 0.60589 0.188258 0.0529135
702 0.60589 0.20507 0.0604451
703 0.60589 0.213693 0.0606073
704 0.60589 0.219339 0.0570565
705 0.60589 0.210973 0.0579966
706 0.60589 0.227728 0.0558187
707 0.60589 0.226276 0.0576618
708 0.60589 0.230647 0.0549563
709 0.60589 0.240383 0.0599546
710 0.60589 0.222137 0.0573341
711 0.60589 0.232959 0.054301
712 0.60589 0.196956 0.0478991
713 0.60589 0.236193 0.0509144
714 0.60589 0.231786 0.0513478
715 0.60589 0.229828 0.0536105
716 0.60589 0.208375 0.0567773
717 0.60589 0.23372 0.0582131
718 0.60589 0.223299 0.0584929
719 0.60589 0.236726 0.0580025
720 0.60589 0.22609 0.0568336
721 0.60589 0.223675 0.0546847
722 0.60589 0.21536 0.0563074
723 0.60589 0.229403 0.0550955
724 0.60589 0.24132 0.0572695
725 0.60589 0.238888 0.0587312
726 0.60589 0.22815 0.057053
727 0.60589 0.218589 0.0588026
728 0.60589 0.23415 0.0553632
729 0.60589 0.231493 0.0525625
730 0.60589 0.228299 0.0538463
731 0.605925 0.220437 0.0536399
732 0.605925 0.19495 0.0505911
733 0.605925 0.178343 0.0526057
734 0.605925 0.186746 0.0520051
735 0.605925 0.191079 0.0517948
736 0.605925 0.195285 0.0550442
737 0.605925 0.206599 0.0562062
738 0.605925 0.197394 0.0527236
739 0.605925 0.216418 0.0635636
740 0.605925 0.201847 0.0571137
741 0.605925 0.196265 0.0547046
742 0.605925 0.194808 0.0563343
743 0.605925 0.200282 0.0530809
744 0.605925 0.218844 0.0599782
745 0.605925 0.190809 0.0559219
746 0.605925 0.183695 0.0579252
747 0.605925 0.19703 0.0547948
748 0.605925 0.196166 0.0545403
749 0.605925 0.221665 0.0560904
750 0.605925 0.220811 0.0546076
751 0.606022 0.222188 0.0513944
752 0.606022 0.21296 0.055615
753 0.606022 0.195937 0.0553154
754 0.606022 0.221627 0.0592504
755 0.606022 0.193113 0.0482184
756 0.606022 0.191378 0.0517602
757 0.606022 0.211316 0.0494854
758 0.606022 0.197602 0.0568259
759 0.606022 0.197461 0.0529827
760 0.606022 0.191287 0.0529348
761 0.606022 0.195158 0.0466872
762 0.606022 0.186381 0.0469723
763 0.606022 0.20231 0.053617
764 0.606022 0.213214 0.0542251
765 0.606022 0.238407 0.0572539
766 0.606022 0.258993 0.0596004
767 0.606022 0.24439 0.0536075
768 0.606022 0.222252 0.0527947
769 0.606022 0.25127 0.0523887
770 0.606022 0.226843 0.052916
771 0.606022 0.251946 0.0521622
772 0.606022 0.25494 0.0559765
773 0.606022 0.208283 0.0559391
774 0.606022 0.229627 0.0534623
775 0.606022 0.218293 0.0484643
776 0.606022 0.195057 0.0493327
777 0.606022 0.18425 0.0486213
778 0.606022 0.175215 0.0494409
779 0.606133 0.175857 0.0544038
780 0.606133 0.192429 0.0576045
781 0.606133 0.193311 0.0559573
782 0.606133 0.20301 0.0558804
783 0.606133 0.206722 0.0602219
784 0.606133 0.185034 0.0559832
785 0.606133 0.206082 0.0537238
786 0.606133 0.216088 0.0535441
787 0.606133 0.200667 0.0531162
788 0.606133 0.207005 0.0523625
789 0.606133 0.216223 0.0535917
790 0.606133 0.205515 0.0543132
791 0.606133 0.206961 0.0555655
792 0.606463 0.205879 0.0564927
793 0.606463 0.234326 0.0569462
794 0.606463 0.232078 0.0522518
795 0.606463 0.238872 0.054297
796 0.606463 0.222879 0.0555513
797 0.606463 0.253427 0.0566858
798 0.606463 0.260031 0.0568291
799 0.606463 0.261451 0.051775
800 0.606463 0.246258 0.0498243
801 0.606463 0.247472 0.0531768
802 0.606463 0.245117 0.0535752
803 0.606463 0.226833 0.0552581
804 0.606463 0.220431 0.0536522
805 0.606463 0.210117 0.0525681
806 0.606463 0.19728 0.056436
807 0.606463 0.226082 0.0555834
808 0.606463 0.226711 0.0549673
809 0.606463 0.196148 0.0499937
810 0.606463 0.206507 0.0480916
811 0.606463 0.217896 0.0544095
812 0.606463 0.206703 0.0531665
813 0.606463 0.205562 0.0517526
814 0.606463 0.229443 0.0570359
815 0.606463 0.202983 0.0573324
816 0.606463 0.174513 0.0534819
817 0.606463 0.186956 0.0540696
818 0.606463 0.216359 0.0584955
819 0.606463 0.200105 0.0550967
820 0.606463 0.206193 0.0498941
821 0.606463 0.21152 0.0505872
822 0.606463 0.207996 0.0530697
823 0.606463 0.175131 0.0509299
824 0.606463 0.184827 0.0499383
825 0.606463 0.220479 0.0515802
826 0.606463 0.221207 0.0528073
827 0.606463 0.200901 0.055602
828 0.606463 0.199269 0.0589578
829 0.606463 0.191526 0.0569628
830 0.606463 0.19638 0.0587485
831 0.606463 0.196805 0.0531634
832 0.606463 0.20112 0.0555844
833 0.606463 0.239696 0.0537663
834 0.606463 0.258181 0.0578621
835 0.606463 0.237323 0.0518123
836 0.606463 0.221723 0.05689
837 0.606463 0.255277 0.0543621
838 0.606463 0.236848 0.0557389
839 0.606463 0.232721 0.053663
840 0.606463 0.210605 0.0551458
841 0.606463 0.23187 0.0563076
842 0.606463 0.222445 0.0539487
843 0.606463 0.205891 0.0526123
844 0.606463 0.213708 0.0528023
845 0.606463 0.211711 0.0568879
846 0.606463 0.193514 0.0498605
847 0.606463 0.209395 0.051206
848 0.606463 0.229899 0.0505978
849 0.606463 0.249169 0.0553623
850 0.606463 0.226155 0.0570592
851 0.606463 0.227195 0.05976
852 0.606463 0.210133 0.0566486
853 0.606463 0.219243 0.0578867
854 0.606463 0.253035 0.0520883
855 0.606463 0.255083 0.0560374
856 0.606463 0.262909 0.0563977
857 0.606463 0.241037 0.0508731
858 0.606463 0.265563 0.0530648
859 0.606463 0.244837 0.0496504
860 0.606463 0.232307 0.0566655
861 0.606463 0.23152 0.0571587
862 0.606463 0.235206 0.0540469
863 0.606463 0.240193 0.0604233
864 0.606463 0.225185 0.0647458
865 0.606463 0.224889 0.0615493
866 0.606463 0.234608 0.0582713
867 0.606463 0.220793 0.0586535
868 0.606463 0.213859 0.0575158
869 0.606463 0.223506 0.0565891
870 0.606463 0.202272 0.0569517
871 0.606463 0.218611 0.0572006
872 0.606463 0.252133 0.0570446
873 0.606463 0.208012 0.0568036
874 0.606463 0.18448 0.0541824
875 0.606463 0.208836 0.0546426
876 0.606463 0.211237 0.0568805
877 0.606463 0.180246 0.0527973
878 0.606463 0.184403 0.0535262
879 0.606463 0.202152 0.0561485
880 0.606463 0.2209 0.0565858
881 0.606463 0.231728 0.0545252
882 0.606463 0.230064 0.0575932
883 0.606463 0.244517 0.0518473
884 0.606463 0.246915 0.0567645
885 0.606463 0.233441 0.0536377
886 0.606463 0.217583 0.0539146
887 0.606463 0.236773 0.0588484
888 0.606463 0.234816 0.0567807
889 0.606463 0.265733 0.0594734
890 0.606463 0.265738 0.0594597
891 0.606463 0.235122 0.0554031
892 0.606463 0.22289 0.0513445
893 0.606463 0.20335 0.0546924
894 0.606463 0.243594 0.0535804
895 0.606463 0.224049 0.0549463
896 0.606463 0.232906 0.0559335
897 0.606463 0.218391 0.0535486
898 0.606463 0.218321 0.0552386
899 0.606463 0.224036 0.0566959
900 0.606463 0.175945 0.0522635
901 0.606463 0.169466 0.0546375
902 0.606463 0.176358 0.0550417
903 0.606463 0.184938 0.0550447
904 0.606463 0.177705 0.0506994
905 0.606463 0.195482 0.0511778
906 0.606463 0.18868 0.0521332
907 0.606463 0.211573 0.0527541
908 0.606463 0.183054 0.0473835
909 0.606463 0.184684 0.0509456
910 0.606463 0.174325 0.0490363
911 0.606463 0.188717 0.05146
912 0.606463 0.223394 0.0555423
913 0.606463 0.218551 0.0531044
914 0.606463 0.23724 0.0560352
915 0.606463 0.211044 0.0568641
916 0.606463 0.206943 0.052591
917 0.606463 0.209572 0.0489355
918 0.606463 0.218911 0.0527939
919 0.606463 0.215227 0.0543549
920 0.606463 0.230461 0.0597228
921 0.606463 0.228983 0.0549651
922 0.606463 0.228748 0.0523568
923 0.606463 0.207964 0.046969
924 0.606463 0.226989 0.0512675
925 0.606463 0.251961 0.0574262
926 0.606463 0.247061 0.0543998
927 0.606463 0.222122 0.0568083
928 0.606463 0.217341 0.0552528
929 0.606463 0.235756 0.0566797
930 0.606463 0.228989 0.0545024
931 0.606463 0.225028 0.0490252
932 0.606463 0.216627 0.0456908
933 0.606463 0.203137 0.0511453
934 0.606463 0.208781 0.0550572
935 0.606463 0.201004 0.0526825
936 0.606463 0.193336 0.0537559
937 0.606463 0.205976 0.0542791
938 0.606463 0.191009 0.0534979
939 0.606463 0.191888 0.0530677
940 0.606463 0.215621 0.0479744
941 0.606463 0.204782 0.0516553
942 0.606463 0.241639 0.0565794
943 0.606463 0.206757 0.0555584
944 0.606463 0.19397 0.0529446
945 0.606463 0.221264 0.0555624
946 0.606463 0.205881 0.0540586
947 0.606463 0.222549 0.0609105
948 0.606463 0.237751 0.0583866
949 0.606463 0.235684 0.058412
950 0.606463 0.23443 0.0598723
951 0.606463 0.243342 0.0575872
952 0.606463 0.237309 0.0538229
953 0.606463 0.225964 0.0596945
954 0.606463 0.23283 0.061156
955 0.606463 0.226845 0.0588426
956 0.606463 0.226683 0.054272
957 0.606463 0.202075 0.0537255
958 0.606463 0.232127 0.0544353
959 0.606463 0.243609 0.0550221
960 0.606463 0.252052 0.0600801
961 0.606463 0.232286 0.0587258
962 0.606463 0.195713 0.0551048
963 0.606463 0.2165 0.0566821
964 0.606463 0.220317 0.0589463
965 0.606463 0.230391 0.0585332
966 0.606463 0.22037 0.0523693
967 0.606463 0.237764 0.0538466
968 0.606463 0.21812 0.0550104
969 0.606463 0.234194 0.0548615
970 0.606463 0.245569 0.0537192
971 0.606463 0.21609 0.053202
972 0.606463 0.213951 0.0594677
973 0.606463 0.206521 0.0530463
974 0.606463 0.210192 0.0530276
975 0.606463 0.217406 0.0531625
976 0.606463 0.219133 0.0549846
977 0.606463 0.208234 0.0518777
978 0.606463 0.176875 0.0475193
979 0.606463 0.224588 0.0551622
980 0.606463 0.192867 0.0568231
981 0.606647 0.212295 0.0562139
982 0.606647 0.205411 0.0544043
983 0.606647 0.212692 0.0541202
984 0.606647 0.199237 0.054048
985 0.606647 0.234542 0.0598401
986 0.606647 0.24297 0.0631524
987 0.606647 0.214299 0.0578297
988 0.606647 0.23496 0.0645078
989 0.606647 0.218363 0.0596446
990 0.606647 0.203608 0.0588112
991 0.606647 0.19592 0.0517385
992 0.606647 0.205408 0.0532999
993 0.606647 0.241377 0.0544553
994 0.606647 0.219667 0.0578967
995 0.606647 0.221822 0.0542784
996 0.606647 0.204951 0.0543223
997 0.606647 0.221221 0.0564891
998 0.606647 0.229689 0.0556446
999 0.606647 0.221487 0.0554166
1000 0.606647 0.169032 0.0488507
