0 0.125268 0.0641671 0.00391102
1 0.244074 0.0825438 0.0038426
2 0.244074 0.08781 0.00357792
3 0.244074 0.0929904 0.00327429
4 0.244074 0.0902015 0.00345864
5 0.244074 0.0876071 0.00360175
6 0.244074 0.0868515 0.00359334
7 0.244074 0.0906947 0.0033943
8 0.244074 0.0961665 0.00327185
9 0.244074 0.0991544 0.00309846
10 0.300415 0.101231 0.00345744
11 0.300415 0.104728 0.00364108
12 0.373589 0.109386 0.00515847
13 0.373589 0.121163 0.00515688
14 0.373589 0.123073 0.00540606
15 0.403998 0.129513 0.0065729
16 0.403998 0.129501 0.00777401
17 0.403998 0.130824 0.0075589
18 0.403998 0.141611 0.00914203
19 0.445482 0.146252 0.0115745
20 0.472784 0.145591 0.0107267
21 0.472784 0.153307 0.0115715
22 0.473515 0.15138 0.0137403
23 0.489697 0.15421 0.0176874
24 0.489697 0.154533 0.0156747
25 0.500502 0.156613 0.0166715
25 0.551039 0.0753392 0.0240273
26 0.559239 0.101205 0.0316664
27 0.559239 0.0948498 0.0298298
28 0.559239 0.0897189 0.0290343
29 0.559239 0.107952 0.0348765
30 0.559239 0.103417 0.0320831
31 0.559239 0.120795 0.0330774
32 0.570855 0.127259 0.0397963
33 0.570855 0.114755 0.0366496
34 0.570855 0.115793 0.0339655
35 0.570855 0.139419 0.0406012
36 0.570855 0.111778 0.0370088
37 0.570855 0.111279 0.0362883
38 0.570855 0.129575 0.0406416
39 0.570855 0.129359 0.0382552
40 0.570855 0.13732 0.041949
41 0.570855 0.123022 0.0382514
42 0.570855 0.126853 0.0414087
43 0.570855 0.130021 0.0415787
44 0.572595 0.124435 0.0388237
45 0.572595 0.127151 0.041236
46 0.572595 0.131879 0.0421858
47 0.572595 0.129627 0.0415574
48 0.572595 0.144845 0.0452971
49 0.572595 0.135911 0.039396
50 0.586239 0.127035 0.042034
51 0.586239 0.12656 0.0405426
52 0.586239 0.126251 0.0402856
53 0.586239 0.133565 0.0437587
54 0.586239 0.141877 0.0461871
55 0.586239 0.12684 0.0432129
56 0.586239 0.143045 0.0435125
57 0.586239 0.141225 0.044178
58 0.586239 0.151157 0.0467513
59 0.586239 0.118606 0.0416405
60 0.586239 0.11527 0.0396345
61 0.586239 0.135998 0.0447495
62 0.586239 0.15364 0.0465622
63 0.586239 0.139669 0.0438371
64 0.586239 0.142291 0.0448938
65 0.586239 0.136892 0.0414512
66 0.586239 0.138587 0.0428363
67 0.586239 0.141079 0.0441513
68 0.586239 0.13932 0.044546
69 0.586239 0.111187 0.0407807
70 0.586239 0.122346 0.03969
71 0.586239 0.12856 0.0412556
72 0.586239 0.132923 0.0415838
73 0.586239 0.110393 0.0383452
74 0.586239 0.131813 0.0428425
75 0.586239 0.144883 0.0450481
76 0.586239 0.179534 0.0443311
77 0.586602 0.186486 0.0459771
78 0.586602 0.169152 0.0455562
79 0.586602 0.13436 0.0408826
80 0.586911 0.160698 0.0488006
81 0.586911 0.151783 0.045534
82 0.586911 0.157755 0.0475063
83 0.592103 0.161681 0.0468434
84 0.592103 0.14662 0.040204
85 0.592103 0.170111 0.0458934
86 0.592103 0.164693 0.0495821
87 0.592103 0.149706 0.0483461
88 0.592103 0.137685 0.0455002
89 0.592103 0.173267 0.0492615
90 0.592103 0.143762 0.0451061
91 0.592103 0.145656 0.0423826
92 0.592103 0.147175 0.0447459
93 0.592103 0.143728 0.0422993
94 0.592103 0.141461 0.04265
95 0.592103 0.139857 0.0427072
96 0.592103 0.136558 0.0437844
97 0.592103 0.152531 0.0417165
98 0.593693 0.164221 0.0464985
99 0.593693 0.151928 0.0437421
100 0.593693 0.150826 0.0468742
101 0.593693 0.161467 0.0504947
102 0.593693 0.148767 0.0424932
103 0.593693 0.133683 0.0421227
104 0.597264 0.16668 0.0528463
105 0.597264 0.17817 0.0498364
106 0.597264 0.172602 0.0515498
107 0.597264 0.17474 0.0492904
108 0.597264 0.175611 0.0511329
109 0.597264 0.176879 0.0508698
110 0.597264 0.201642 0.0550993
111 0.597264 0.16718 0.0539715
112 0.597264 0.162362 0.0468157
113 0.597264 0.179677 0.0489735
114 0.597264 0.187161 0.0519969
115 0.597264 0.177352 0.0513521
116 0.597264 0.173034 0.04974
117 0.597264 0.178999 0.0517119
118 0.597264 0.167665 0.0500544
119 0.597264 0.174328 0.051242
120 0.597264 0.19737 0.0537993
121 0.597264 0.204987 0.0500391
122 0.597264 0.180701 0.050281
123 0.597264 0.160356 0.0453648
124 0.597264 0.182959 0.0497813
125 0.597264 0.19413 0.0528051
126 0.597264 0.216076 0.056375
127 0.597264 0.201445 0.0513682
128 0.597812 0.196209 0.0529395
129 0.597812 0.166563 0.0510897
130 0.597812 0.186792 0.0562601
131 0.597812 0.18065 0.0573845
132 0.597812 0.210652 0.0565256
133 0.59975 0.21872 0.0596798
134 0.59975 0.234241 0.0594952
135 0.59975 0.214847 0.0559315
136 0.59975 0.177405 0.0502013
137 0.59975 0.210896 0.0514935
138 0.59975 0.21268 0.053288
139 0.59975 0.190707 0.0485293
140 0.59975 0.189392 0.0512343
141 0.59975 0.179011 0.0574711
142 0.59975 0.180919 0.054728
143 0.59975 0.154067 0.0462466
144 0.59975 0.153007 0.0508082
145 0.59975 0.19984 0.055575
146 0.59975 0.201271 0.0550776
147 0.59975 0.182321 0.051278
148 0.600987 0.190535 0.0553592
149 0.600987 0.165583 0.0522548
150 0.600987 0.151779 0.0526981
151 0.600987 0.175013 0.0553044
152 0.600987 0.183538 0.0526842
153 0.600987 0.189806 0.0532528
154 0.600987 0.202665 0.0559028
155 0.600987 0.199334 0.0573732
156 0.600987 0.194114 0.0535153
157 0.600987 0.214134 0.0544687
158 0.600987 0.206765 0.0522536
159 0.600987 0.239323 0.0559002
160 0.600987 0.233697 0.059115
161 0.600987 0.199819 0.0511412
162 0.600987 0.199645 0.0515321
163 0.600987 0.198978 0.0509421
164 0.600987 0.195002 0.053926
165 0.600987 0.184889 0.047512
166 0.600987 0.153949 0.0459291
167 0.602381 0.174585 0.0490113
168 0.602381 0.189188 0.0509782
169 0.602381 0.183872 0.0510997
170 0.602381 0.21702 0.0515839
171 0.602381 0.212394 0.0547972
172 0.602381 0.216138 0.0473075
173 0.602381 0.219919 0.0484013
174 0.602381 0.24416 0.0543465
175 0.602381 0.251374 0.0519081
176 0.602381 0.235455 0.0558575
177 0.602381 0.230969 0.0515192
178 0.602381 0.234718 0.0520421
179 0.602381 0.231166 0.0480782
180 0.602381 0.21274 0.0494259
181 0.602381 0.192412 0.0463976
182 0.602381 0.209116 0.0499769
183 0.602381 0.203605 0.0492207
184 0.602381 0.202776 0.0496381
185 0.602381 0.202207 0.0526529
186 0.602381 0.192918 0.0517406
187 0.603378 0.212743 0.0550909
188 0.603378 0.202324 0.0550605
189 0.603378 0.215259 0.0560255
190 0.603378 0.173734 0.0499549
191 0.603378 0.177921 0.0499509
192 0.603378 0.165906 0.045112
193 0.603378 0.164848 0.0490226
194 0.603378 0.174007 0.0482152
195 0.603378 0.2036 0.052758
196 0.603378 0.170118 0.0526633
197 0.603378 0.15842 0.0518343
198 0.603378 0.16048 0.0482031
199 0.603969 0.163818 0.0511219
200 0.603969 0.166164 0.0568132
201 0.603969 0.179125 0.0555519
202 0.603969 0.185536 0.0525891
203 0.603969 0.18682 0.0526494
204 0.603969 0.184991 0.0546523
205 0.603969 0.223665 0.0529486
206 0.603969 0.211993 0.0552654
207 0.603969 0.189491 0.0504745
208 0.603969 0.217677 0.0524033
209 0.603969 0.198654 0.0518698
210 0.603969 0.187887 0.0525401
211 0.603969 0.208597 0.0502942
212 0.603969 0.185039 0.0496971
213 0.603969 0.202126 0.0513467
214 0.603969 0.185828 0.0509069
215 0.603969 0.19151 0.0514857
216 0.603969 0.18343 0.0533563
217 0.603969 0.174676 0.0504794
218 0.603969 0.183979 0.0490339
219 0.603969 0.172655 0.0487284
220 0.603969 0.201266 0.0555661
221 0.603969 0.176674 0.0546927
222 0.603969 0.19376 0.0531866
223 0.603969 0.183768 0.0573558
224 0.603969 0.173537 0.0516241
225 0.603969 0.182215 0.0538954
226 0.603969 0.167903 0.0527749
227 0.603969 0.205537 0.0552579
228 0.603969 0.205753 0.0519827
229 0.603969 0.195829 0.0563635
230 0.603969 0.19966 0.0544424
231 0.603969 0.188659 0.0562092
232 0.603969 0.182769 0.050058
233 0.603969 0.159714 0.05112
234 0.603969 0.183239 0.0553693
235 0.603969 0.164199 0.0499557
236 0.603969 0.188013 0.0548007
237 0.603969 0.205083 0.0569187
238 0.603969 0.211928 0.0542582
239 0.603969 0.194755 0.0511444
240 0.603969 0.229236 0.0554136
241 0.603969 0.239665 0.055697
242 0.603969 0.225308 0.0526826
243 0.603969 0.205973 0.0514632
244 0.603969 0.23725 0.0532309
245 0.603969 0.230428 0.0499949
246 0.603969 0.247204 0.0549523
247 0.603969 0.215899 0.0514005
248 0.603969 0.219891 0.0521956
249 0.603969 0.200842 0.049696
250 0.603969 0.202664 0.050293
251 0.603969 0.209854 0.049995
252 0.603969 0.178093 0.0519531
253 0.603969 0.183468 0.0507311
254 0.603969 0.198639 0.0518229
255 0.603969 0.213868 0.0526606
256 0.603969 0.211742 0.0543329
257 0.603969 0.194198 0.0538766
258 0.603969 0.190902 0.051969
259 0.603969 0.185817 0.0516158
260 0.603969 0.198665 0.0532924
261 0.603969 0.208985 0.0548981
262 0.603969 0.212826 0.051133
263 0.603969 0.209332 0.0525136
264 0.603969 0.211808 0.0498194
265 0.603969 0.217658 0.0516171
266 0.603969 0.21462 0.0525661
267 0.603969 0.221184 0.0527601
268 0.603969 0.205977 0.0475394
269 0.603969 0.20748 0.0490188
270 0.603969 0.188745 0.0455272
271 0.603969 0.203833 0.0475623
272 0.603969 0.192397 0.0482027
273 0.603969 0.198062 0.0494556
274 0.603969 0.23303 0.052388
275 0.603969 0.209334 0.0506563
276 0.603969 0.185281 0.0495278
277 0.603969 0.195475 0.0551501
278 0.603969 0.195276 0.0531335
279 0.603969 0.232671 0.0553153
280 0.603969 0.236744 0.0524597
281 0.603969 0.254712 0.0546978
282 0.603969 0.207038 0.0547253
283 0.603969 0.222637 0.0575721
284 0.603969 0.213284 0.059922
285 0.603969 0.243438 0.0583422
286 0.603969 0.22837 0.0575692
287 0.603969 0.20902 0.0552041
288 0.603969 0.190351 0.0550608
289 0.603969 0.178504 0.0518791
290 0.603969 0.179871 0.0504944
291 0.603969 0.202123 0.0523825
292 0.603969 0.199753 0.0521545
293 0.603969 0.183739 0.0488394
294 0.603969 0.16352 0.0444622
295 0.603969 0.152584 0.0463698
296 0.603969 0.161479 0.0506983
297 0.603969 0.179927 0.0556888
298 0.603969 0.182818 0.0562218
299 0.603969 0.182181 0.0554839
300 0.603969 0.170528 0.0532293
301 0.603969 0.159487 0.0497966
302 0.603969 0.182473 0.0528342
303 0.603969 0.188994 0.0527233
304 0.603969 0.178289 0.0490264
305 0.603969 0.175341 0.0514469
306 0.603969 0.160723 0.0475974
307 0.603969 0.187881 0.0536957
308 0.603969 0.188485 0.0505278
309 0.603969 0.180027 0.0501689
310 0.603969 0.164667 0.0472854
311 0.603969 0.138237 0.0440068
312 0.603969 0.141643 0.0464898
313 0.603969 0.166405 0.0491615
314 0.603969 0.169494 0.0534822
315 0.603969 0.14813 0.0493437
316 0.603969 0.177843 0.0519074
317 0.603969 0.17216 0.0551612
318 0.603969 0.173149 0.0490723
319 0.603969 0.157007 0.0468546
320 0.603969 0.17931 0.050608
321 0.603969 0.206242 0.0569439
322 0.603969 0.191272 0.0527636
323 0.603969 0.176891 0.0511609
324 0.603969 0.18824 0.0542377
325 0.603969 0.197164 0.0544057
326 0.603969 0.171696 0.0522749
327 0.603969 0.159401 0.0522455
328 0.603969 0.153811 0.0463393
329 0.603969 0.189617 0.0512895
330 0.603969 0.190621 0.0503193
331 0.603969 0.204674 0.0520459
332 0.603969 0.190287 0.0510993
333 0.603969 0.190413 0.0494662
334 0.603969 0.191333 0.0540297
335 0.603969 0.208168 0.0524746
336 0.603969 0.198506 0.0517858
337 0.603969 0.162343 0.0470118
338 0.603969 0.154849 0.052583
339 0.603969 0.183815 0.054283
340 0.603969 0.169784 0.050341
341 0.603969 0.188191 0.0537367
342 0.603969 0.170164 0.053812
343 0.603969 0.17963 0.0506169
344 0.603969 0.223797 0.0542779
345 0.603969 0.186301 0.0519363
346 0.603969 0.215774 0.0548731
347 0.603969 0.212578 0.0527834
348 0.603969 0.214765 0.0574818
349 0.603969 0.211701 0.0559661
350 0.603969 0.205359 0.0558435
351 0.603969 0.206779 0.0508345
352 0.603969 0.182146 0.0517649
353 0.603969 0.201418 0.0511024
354 0.603969 0.222644 0.0631726
355 0.603969 0.212879 0.053327
356 0.603969 0.224359 0.0552822
357 0.603969 0.207374 0.054601
358 0.603969 0.187446 0.053493
359 0.603969 0.211793 0.0503118
360 0.603969 0.211068 0.0529201
361 0.603969 0.212812 0.0572873
362 0.603969 0.219874 0.0579375
363 0.603969 0.227383 0.0565973
364 0.603969 0.206748 0.0566384
365 0.603969 0.184135 0.0535866
366 0.603969 0.220937 0.0558825
367 0.603969 0.208706 0.0506703
368 0.603969 0.209446 0.0523054
369 0.603969 0.192875 0.0490392
370 0.603969 0.169017 0.0499561
371 0.603969 0.182921 0.0485372
372 0.603969 0.203701 0.0508586
373 0.603969 0.173857 0.051107
374 0.603969 0.158708 0.048767
375 0.603969 0.166246 0.0482247
376 0.603969 0.197771 0.0577312
377 0.603969 0.170632 0.0503812
378 0.603969 0.212396 0.0586867
379 0.603969 0.180772 0.0493763
380 0.603969 0.190691 0.0547891
381 0.603969 0.20226 0.0537872
382 0.603969 0.204894 0.0575645
383 0.603969 0.166155 0.0486835
384 0.603969 0.169445 0.0513269
385 0.603969 0.16157 0.0493596
386 0.603969 0.182364 0.0565864
387 0.603969 0.211165 0.0545439
388 0.603969 0.202406 0.0519309
389 0.603969 0.237259 0.0522092
390 0.603969 0.223572 0.0541573
391 0.603969 0.205269 0.0517346
392 0.603969 0.160398 0.0487359
393 0.603969 0.195901 0.0538604
394 0.603969 0.178531 0.0520637
395 0.603969 0.16728 0.0490581
396 0.603969 0.155482 0.052373
397 0.603969 0.186566 0.0555373
398 0.603969 0.193544 0.052252
399 0.603969 0.174676 0.0503653
400 0.603969 0.205533 0.0580152
401 0.603969 0.194028 0.0556603
402 0.603969 0.169351 0.0520409
403 0.603969 0.184365 0.0528305
404 0.603969 0.176865 0.0539574
405 0.603969 0.15462 0.0485541
406 0.603969 0.141682 0.0467667
407 0.603969 0.147163 0.0485073
408 0.603969 0.196897 0.0561337
409 0.603969 0.200468 0.0521839
410 0.603969 0.209304 0.0550417
411 0.603969 0.178456 0.0450881
412 0.603969 0.174052 0.0536152
413 0.603969 0.183834 0.0482797
414 0.603969 0.156432 0.0465836
415 0.603969 0.17289 0.048217
416 0.603969 0.165314 0.0468527
417 0.603969 0.183461 0.0500015
418 0.603969 0.188962 0.050875
419 0.603969 0.194001 0.0557059
420 0.603969 0.178758 0.0519786
421 0.603969 0.192559 0.0523063
422 0.603969 0.172236 0.0482274
423 0.603969 0.170655 0.0509888
424 0.603969 0.173441 0.0507668
425 0.603969 0.167623 0.051301
426 0.603969 0.157551 0.0497197
427 0.603969 0.163464 0.0483429
428 0.603969 0.195435 0.0499757
429 0.603969 0.19629 0.0550639
430 0.603969 0.178473 0.0519456
431 0.603969 0.165987 0.0472949
432 0.603969 0.181039 0.0543819
433 0.60555 0.193634 0.0560488
434 0.60555 0.182734 0.0579385
435 0.60555 0.15209 0.0485293
436 0.60555 0.19042 0.0547369
437 0.60555 0.164113 0.0497354
438 0.60555 0.200934 0.054149
439 0.60555 0.189894 0.0523126
440 0.60555 0.193673 0.0552812
441 0.60555 0.175782 0.054143
442 0.60555 0.180233 0.0543097
443 0.60555 0.172295 0.0539158
444 0.60555 0.181814 0.0555269
445 0.60555 0.171911 0.0537839
446 0.60555 0.153675 0.0483449
447 0.60555 0.177949 0.056761
448 0.60555 0.197286 0.0558343
449 0.60555 0.18398 0.0541848
450 0.60555 0.19856 0.0534511
451 0.60555 0.173012 0.0556493
452 0.60555 0.189363 0.052526
453 0.60555 0.172768 0.0511809
454 0.60555 0.181437 0.048264
455 0.60555 0.180899 0.0510731
456 0.60555 0.196771 0.0451732
457 0.60555 0.167798 0.0437193
458 0.60555 0.199528 0.050176
459 0.60555 0.185326 0.0511307
460 0.60555 0.196169 0.0499931
461 0.60555 0.169116 0.0485073
462 0.60555 0.159928 0.0443173
463 0.60555 0.172357 0.0523779
464 0.60555 0.152446 0.0499121
465 0.60555 0.145963 0.0498733
466 0.60555 0.173638 0.0513415
467 0.60555 0.167984 0.0552953
468 0.60555 0.15919 0.0506823
469 0.60555 0.167559 0.0514582
470 0.60555 0.1552 0.047003
471 0.60555 0.157912 0.0506794
472 0.60555 0.166562 0.0523107
473 0.60555 0.161251 0.050711
474 0.60555 0.138744 0.047393
475 0.60555 0.135015 0.0470773
476 0.606504 0.13217 0.045475
477 0.606504 0.149629 0.048311
478 0.606504 0.136573 0.0453419
479 0.606504 0.157637 0.0441705
480 0.606504 0.151959 0.0479748
481 0.606504 0.144599 0.0456312
482 0.606504 0.146129 0.0489692
483 0.606504 0.132775 0.0459413
484 0.606504 0.122059 0.0440582
485 0.606504 0.111769 0.0418818
486 0.606504 0.114948 0.0399032
487 0.606504 0.114278 0.038586
488 0.606504 0.108248 0.0375204
489 0.606504 0.111721 0.0391134
490 0.606504 0.117874 0.0410194
491 0.606504 0.144095 0.0480738
492 0.606504 0.137134 0.0424017
493 0.606504 0.130457 0.0426663
494 0.606504 0.139106 0.0468657
495 0.606504 0.118293 0.0454094
496 0.606504 0.126899 0.042058
497 0.606504 0.136193 0.041989
498 0.606504 0.143984 0.0465712
499 0.606504 0.15257 0.0441754
500 0.606504 0.129368 0.0415988
501 0.606504 0.123225 0.0412755
502 0.606504 0.131313 0.0410335
503 0.606504 0.103269 0.0378737
504 0.606504 0.115095 0.0414304
505 0.606504 0.12257 0.0435218
506 0.606504 0.149257 0.0474441
507 0.606504 0.129395 0.0477922
508 0.606504 0.128446 0.0437617
509 0.606504 0.133288 0.043239
510 0.606504 0.118388 0.0426486
511 0.606504 0.113465 0.0405534
512 0.606504 0.121119 0.0399616
513 0.606504 0.113253 0.0416756
514 0.606504 0.0927672 0.03815
515 0.606504 0.0945124 0.0371533
516 0.606504 0.109223 0.0451067
517 0.606504 0.0977488 0.0407697
518 0.606504 0.0887355 0.0358387
519 0.606504 0.0950026 0.0371953
520 0.606504 0.109819 0.0426137
521 0.606504 0.11263 0.0404989
522 0.606504 0.117667 0.043801
523 0.606504 0.103353 0.0374912
524 0.606504 0.0946836 0.0370807
525 0.606504 0.126975 0.0482941
526 0.606504 0.109426 0.0432536
527 0.606504 0.100669 0.0398564
528 0.606504 0.0913946 0.0379328
529 0.606504 0.0997907 0.0415245
530 0.606504 0.110687 0.0415906
531 0.606504 0.107757 0.0392574
532 0.606504 0.127911 0.0481129
533 0.606504 0.109259 0.0386052
534 0.606504 0.119475 0.0442876
535 0.606504 0.122234 0.0439975
536 0.606504 0.118251 0.0429442
537 0.606504 0.0927041 0.0396361
538 0.606504 0.0975179 0.0389618
539 0.606504 0.112812 0.0428047
540 0.606504 0.098483 0.0385942
541 0.606504 0.110747 0.0387135
542 0.606504 0.107137 0.0386178
543 0.606504 0.148611 0.0470482
544 0.606504 0.103671 0.040812
545 0.606504 0.0909077 0.0381409
546 0.606504 0.107128 0.0427459
547 0.606504 0.120226 0.0434338
548 0.606504 0.111127 0.0408334
549 0.606504 0.112342 0.041614
550 0.606504 0.121211 0.0445384
551 0.606504 0.11574 0.0414314
552 0.606504 0.109256 0.0382866
553 0.606504 0.118521 0.0429609
554 0.606504 0.109838 0.0421413
555 0.606504 0.0968064 0.0368386
556 0.606504 0.103585 0.0389518
557 0.607308 0.132081 0.048369
558 0.607308 0.104383 0.0395646
559 0.607308 0.113772 0.0451977
560 0.607308 0.107885 0.0396556
561 0.607308 0.121009 0.0431605
562 0.607308 0.111722 0.0381117
563 0.607308 0.136609 0.0463614
564 0.607308 0.119684 0.0427047
565 0.607308 0.114613 0.0439091
566 0.607308 0.109187 0.0408475
567 0.607308 0.122992 0.0454866
568 0.607308 0.112997 0.0444759
569 0.607308 0.107644 0.0429236
570 0.607308 0.112256 0.0431761
571 0.607308 0.113811 0.0471888
572 0.607308 0.129105 0.0484202
573 0.607308 0.123851 0.0448395
574 0.607308 0.113076 0.0421078
575 0.607308 0.0972954 0.0382495
576 0.607308 0.0952339 0.0379691
577 0.607308 0.117497 0.0435146
578 0.607308 0.111385 0.0424425
579 0.607308 0.103421 0.0404429
580 0.607308 0.107452 0.0392466
581 0.607308 0.109843 0.0396006
582 0.607308 0.117302 0.0437338
583 0.607308 0.117357 0.0433292
584 0.607308 0.106341 0.0406261
585 0.607308 0.131348 0.0497617
586 0.607308 0.0979814 0.0370062
587 0.607308 0.106391 0.0419555
588 0.607308 0.116148 0.0444405
589 0.607308 0.0993335 0.0417264
590 0.607308 0.122729 0.0487306
591 0.607308 0.10803 0.0432527
592 0.607308 0.11409 0.0436286
593 0.607308 0.123982 0.0470837
594 0.607308 0.102673 0.039669
595 0.607308 0.112144 0.0445225
596 0.607308 0.116905 0.044867
597 0.607308 0.102466 0.0414301
598 0.607308 0.110563 0.04365
599 0.607308 0.111153 0.0429997
600 0.607308 0.116332 0.0436175
601 0.607308 0.122851 0.0479902
602 0.607308 0.112759 0.0425739
603 0.607308 0.113142 0.0401779
604 0.607308 0.108135 0.0368914
605 0.607308 0.110368 0.0412728
606 0.607308 0.12214 0.0445222
607 0.607308 0.101463 0.0396097
608 0.607308 0.109494 0.0393715
609 0.607308 0.118786 0.0443945
610 0.607308 0.112036 0.0398433
611 0.607308 0.113656 0.0401739
612 0.607308 0.119805 0.0422756
613 0.607308 0.121882 0.0435619
614 0.607308 0.120835 0.044493
615 0.607308 0.125581 0.0437849
616 0.607308 0.116871 0.0437979
617 0.607308 0.125901 0.0446431
618 0.607308 0.110741 0.0437969
619 0.607308 0.127813 0.0436563
620 0.607308 0.124682 0.0444598
621 0.607308 0.11131 0.0412272
622 0.607308 0.105947 0.0391347
623 0.607308 0.120616 0.0440526
624 0.607308 0.120085 0.0445905
625 0.607308 0.119713 0.0467012
626 0.607308 0.134241 0.04792
627 0.607308 0.146239 0.0452053
628 0.607308 0.14346 0.0460122
629 0.607308 0.139931 0.0468683
630 0.607308 0.136468 0.0427178
631 0.607308 0.137253 0.0450393
632 0.607308 0.152117 0.0482749
633 0.607308 0.133759 0.0452402
634 0.607308 0.118763 0.0433587
635 0.607308 0.130354 0.0469244
636 0.607308 0.145917 0.0451327
637 0.607308 0.154872 0.0486096
638 0.607308 0.154707 0.0531391
639 0.607308 0.138953 0.0479572
640 0.607308 0.142889 0.0460422
641 0.607308 0.127147 0.049027
642 0.607308 0.111249 0.0423487
643 0.607308 0.137234 0.0485419
644 0.607308 0.120655 0.0452579
645 0.607308 0.105149 0.039656
646 0.607308 0.121525 0.0452947
647 0.607308 0.0940099 0.037636
648 0.607308 0.096585 0.0415957
649 0.607308 0.108191 0.0426938
650 0.607308 0.113733 0.0448401
651 0.607308 0.126968 0.0436048
652 0.607308 0.126518 0.0444746
653 0.607308 0.0976141 0.0371783
654 0.607308 0.107368 0.0401965
655 0.607308 0.115376 0.0395684
656 0.607308 0.11379 0.0410068
657 0.607308 0.105186 0.0400506
658 0.607308 0.107298 0.0392504
659 0.607308 0.0981921 0.0370489
660 0.607308 0.119976 0.0460829
661 0.607308 0.102733 0.0390242
662 0.607308 0.117725 0.0420193
663 0.607308 0.123156 0.0456024
664 0.607308 0.132712 0.0457652
665 0.607308 0.108721 0.0418953
666 0.607308 0.101738 0.037962
667 0.607308 0.134332 0.0497762
668 0.607308 0.117086 0.0448917
669 0.607308 0.113991 0.0431377
670 0.607308 0.109891 0.0424426
671 0.607308 0.0829237 0.0338185
672 0.607308 0.0851514 0.0355862
673 0.607308 0.106941 0.0419072
674 0.607308 0.104807 0.0438439
675 0.607308 0.113686 0.0438562
676 0.607308 0.120841 0.0448961
677 0.607308 0.105528 0.0396713
678 0.607308 0.125433 0.04565
679 0.607308 0.117931 0.0439278
680 0.607308 0.108293 0.0391932
681 0.607308 0.116596 0.043628
682 0.607308 0.103728 0.0388774
683 0.607308 0.123604 0.0439191
684 0.607308 0.122779 0.0453275
685 0.607308 0.142789 0.0460214
686 0.607308 0.125518 0.042351
687 0.607308 0.148748 0.0480949
688 0.607308 0.125237 0.0453986
689 0.607308 0.0850789 0.033943
690 0.607308 0.0987176 0.0374165
691 0.607308 0.119817 0.0414678
692 0.607308 0.116277 0.0423911
693 0.607308 0.121452 0.0467459
694 0.607308 0.116509 0.04284
695 0.607308 0.0996295 0.0418398
696 0.607308 0.119508 0.0425487
697 0.607308 0.116998 0.0387947
698 0.607308 0.113759 0.0385598
699 0.607308 0.116037 0.0388629
700 0.607308 0.129684 0.0419311
701 0.607308 0.126239 0.0409737
702 0.607308 0.121149 0.0422866
703 0.607308 0.135847 0.0447468
704 0.607308 0.158405 0.0443941
705 0.607308 0.133672 0.0447362
706 0.607308 0.12108 0.0441711
707 0.607308 0.122328 0.0421519
708 0.607308 0.114382 0.0389201
709 0.607308 0.121447 0.0443457
710 0.607308 0.114968 0.0427491
711 0.607308 0.115773 0.0437461
712 0.607308 0.10255 0.0398351
713 0.607308 0.129579 0.0486627
714 0.607308 0.115333 0.0439109
715 0.607308 0.133919 0.0454492
716 0.607308 0.134539 0.0463333
717 0.607308 0.130369 0.0452917
718 0.607308 0.118157 0.0447084
719 0.607308 0.106406 0.0412977
720 0.607308 0.114368 0.0415507
721 0.607308 0.107393 0.0394796
722 0.607308 0.112725 0.043001
723 0.607308 0.128835 0.0471461
724 0.607308 0.12686 0.0453855
725 0.607308 0.123725 0.0417929
726 0.607308 0.144356 0.0455021
727 0.607308 0.11028 0.0383568
728 0.607308 0.118516 0.0415991
729 0.607308 0.129275 0.0459365
730 0.607308 0.12318 0.0463516
731 0.607308 0.124328 0.0458247
732 0.607308 0.11252 0.0437598
733 0.607308 0.149543 0.0508444
734 0.607308 0.131731 0.0508659
735 0.607308 0.138155 0.0460084
736 0.607308 0.126838 0.0444188
737 0.607308 0.118364 0.038006
738 0.607308 0.131027 0.0432558
739 0.607308 0.150951 0.0489577
740 0.607308 0.119751 0.0397857
741 0.607308 0.120455 0.0381055
742 0.607308 0.11973 0.0413666
743 0.607308 0.123893 0.0453184
744 0.607308 0.109244 0.0403937
745 0.607308 0.119248 0.0416157
746 0.607308 0.148888 0.0494627
747 0.607308 0.116736 0.0385543
748 0.607308 0.122605 0.0416085
749 0.607308 0.137836 0.0452739
750 0.607308 0.14663 0.0483149
751 0.607308 0.111789 0.0394779
752 0.607308 0.12377 0.0419105
753 0.607308 0.114819 0.0455885
754 0.607308 0.100465 0.0371425
755 0.607308 0.113803 0.041144
756 0.607308 0.127003 0.0491814
757 0.607308 0.129631 0.0431987
758 0.607308 0.131719 0.0452633
759 0.607308 0.10964 0.0394542
760 0.607308 0.129942 0.0457384
761 0.607308 0.133423 0.0490691
762 0.607308 0.134105 0.049827
763 0.607308 0.113416 0.045694
764 0.607308 0.113487 0.040345
765 0.607308 0.133018 0.0472705
766 0.607308 0.128927 0.0472981
767 0.607308 0.144508 0.0488162
768 0.607308 0.14653 0.0466367
769 0.607308 0.131533 0.0458524
770 0.607308 0.130769 0.0468277
771 0.607308 0.130747 0.0450316
772 0.607308 0.126814 0.043592
773 0.607308 0.131507 0.048362
774 0.607308 0.111746 0.0409616
775 0.607308 0.120805 0.0415378
776 0.607308 0.128314 0.0452877
777 0.607308 0.100041 0.0390305
778 0.607308 0.101111 0.0404896
779 0.607308 0.10179 0.0391596
780 0.607308 0.134235 0.0501719
781 0.607308 0.120037 0.0454741
782 0.607308 0.125681 0.0435258
783 0.607308 0.0993233 0.0377981
784 0.607308 0.0996132 0.0420545
785 0.607308 0.114383 0.0448732
786 0.607308 0.119056 0.0466045
787 0.607308 0.111975 0.0423973
788 0.607308 0.0972449 0.0393628
789 0.607308 0.0967048 0.0369498
790 0.607308 0.106781 0.0405231
791 0.607308 0.107192 0.0394739
792 0.607308 0.14406 0.0493554
793 0.607308 0.111634 0.0404229
794 0.607308 0.119285 0.0412609
795 0.607308 0.139038 0.0481409
796 0.607308 0.126519 0.0427017
797 0.607308 0.125734 0.0437021
798 0.607308 0.130209 0.0447
799 0.607308 0.131952 0.0440464
800 0.607308 0.105748 0.0402209
801 0.607308 0.103061 0.0386955
802 0.607308 0.109699 0.0414815
803 0.607308 0.114116 0.0411495
804 0.607308 0.133277 0.050106
805 0.607308 0.148652 0.0512253
806 0.607308 0.13415 0.0472998
807 0.607308 0.118151 0.0421714
808 0.607308 0.122593 0.044039
809 0.607308 0.102153 0.0370173
810 0.607308 0.105127 0.0375706
811 0.607308 0.103355 0.0374846
812 0.607308 0.104595 0.0384093
813 0.607308 0.129118 0.0426865
814 0.607308 0.122737 0.0404159
815 0.607308 0.112146 0.0397542
816 0.607308 0.101866 0.0404181
817 0.607308 0.125193 0.043438
818 0.607308 0.12091 0.0398278
819 0.607308 0.114388 0.0386948
820 0.607308 0.121764 0.0453609
821 0.607308 0.103544 0.0378326
822 0.607308 0.110824 0.0405744
823 0.607308 0.107078 0.0406619
824 0.607308 0.107102 0.0379808
825 0.607308 0.103021 0.0395443
826 0.607308 0.107985 0.046051
827 0.607308 0.0938485 0.0408352
828 0.607308 0.0956793 0.0361991
829 0.607308 0.116011 0.0420006
830 0.607308 0.14077 0.049719
831 0.607308 0.117467 0.0462242
832 0.607308 0.132878 0.048882
833 0.607308 0.126702 0.047963
834 0.607308 0.122865 0.0443348
835 0.607308 0.0994695 0.0392949
836 0.607308 0.11764 0.044132
837 0.607308 0.135501 0.0502743
838 0.607308 0.0977587 0.0404218
839 0.607308 0.0968499 0.0401596
840 0.607308 0.113392 0.0410548
841 0.607308 0.116415 0.0405766
842 0.607308 0.114982 0.0395921
843 0.607308 0.102888 0.0394584
844 0.607308 0.110725 0.0372724
845 0.607308 0.129673 0.0437545
846 0.607308 0.109223 0.0387409
847 0.607308 0.129264 0.0418721
848 0.607308 0.152207 0.0498696
849 0.607308 0.144011 0.0490847
850 0.607308 0.130747 0.0470003
851 0.607308 0.137857 0.0470713
852 0.607308 0.126907 0.0436085
853 0.607308 0.128638 0.0422444
854 0.607308 0.114158 0.0417264
855 0.607308 0.142265 0.0465109
856 0.607308 0.156308 0.0475323
857 0.607308 0.156313 0.0482742
858 0.607308 0.131699 0.0445265
859 0.607308 0.113741 0.0399282
860 0.607308 0.111856 0.0387697
861 0.607308 0.121901 0.0465446
862 0.607308 0.0972669 0.0371552
863 0.607308 0.100819 0.0388078
864 0.607308 0.10921 0.0422277
865 0.607308 0.109758 0.0429616
866 0.607308 0.10308 0.0409622
867 0.607308 0.113535 0.0411757
868 0.607308 0.116135 0.040232
869 0.607308 0.115011 0.0414621
870 0.607308 0.103825 0.0415497
871 0.607308 0.117334 0.0411724
872 0.607308 0.126637 0.0447721
873 0.607308 0.123016 0.047655
874 0.607308 0.137701 0.0474672
875 0.607308 0.0945962 0.0360594
876 0.607308 0.0985893 0.0383956
877 0.607308 0.114447 0.0397042
878 0.607308 0.118092 0.041475
879 0.607308 0.0973458 0.0362781
880 0.607308 0.117495 0.0407243
881 0.607308 0.106891 0.0371231
882 0.607308 0.133088 0.0441332
883 0.607308 0.0968492 0.0353135
884 0.607308 0.115208 0.042904
885 0.607308 0.0996859 0.0396676
886 0.607308 0.112914 0.0437177
887 0.607308 0.104712 0.040267
888 0.607308 0.122888 0.0460008
889 0.607308 0.106659 0.0398738
890 0.607308 0.116069 0.0419225
891 0.607308 0.0971425 0.0370943
892 0.607308 0.113094 0.0426555
893 0.607308 0.105847 0.0393255
894 0.607308 0.134722 0.0470745
895 0.607308 0.104072 0.038345
896 0.607308 0.106996 0.0426802
897 0.607308 0.100068 0.0406405
898 0.607308 0.105643 0.0426651
899 0.607308 0.0982697 0.0378339
900 0.607308 0.116928 0.0456712
901 0.607308 0.110605 0.0431107
902 0.607308 0.106156 0.0448102
903 0.607308 0.107171 0.0417406
904 0.607308 0.104782 0.0407854
905 0.607308 0.118029 0.042558
906 0.607308 0.124575 0.0475911
907 0.607308 0.109473 0.0422005
908 0.607308 0.141848 0.0497657
909 0.607308 0.119341 0.0422526
910 0.607308 0.128475 0.0449387
911 0.607308 0.12521 0.0429707
912 0.607308 0.125478 0.044688
913 0.607308 0.124283 0.0434361
914 0.607308 0.128195 0.0441914
915 0.607308 0.123798 0.0451158
916 0.607308 0.104676 0.0396015
917 0.607308 0.12116 0.0404328
918 0.607308 0.111977 0.044318
919 0.607308 0.106109 0.0409096
920 0.607308 0.0970352 0.0363337
921 0.607308 0.120026 0.0402572
922 0.607308 0.13087 0.0446367
923 0.607308 0.12808 0.0427128
924 0.607308 0.113552 0.0386449
925 0.607308 0.113946 0.040464
926 0.607308 0.132908 0.043821
927 0.607308 0.131421 0.0454142
928 0.607308 0.108803 0.0375146
929 0.607308 0.101639 0.0398914
930 0.607308 0.115993 0.0421171
931 0.607308 0.105308 0.041934
932 0.607308 0.0969252 0.0379183
933 0.607308 0.108007 0.0412111
934 0.607308 0.104696 0.040437
935 0.607308 0.106662 0.0393555
936 0.607308 0.109983 0.0379108
937 0.607308 0.102187 0.0363602
938 0.607308 0.110801 0.0415646
939 0.607308 0.118573 0.042272
940 0.607308 0.14624 0.0452908
941 0.607308 0.130364 0.0423928
942 0.607308 0.109813 0.0382805
943 0.607308 0.111757 0.0391835
944 0.607308 0.106978 0.040886
945 0.607308 0.112096 0.0400278
946 0.607308 0.113146 0.0393538
947 0.607308 0.126771 0.044772
948 0.607308 0.125103 0.0403058
949 0.607308 0.119396 0.0410901
950 0.607308 0.11607 0.0427255
951 0.607308 0.105894 0.0374234
952 0.607308 0.114515 0.0379884
953 0.607308 0.137188 0.0437411
954 0.607308 0.127926 0.0411493
955 0.607308 0.1444 0.0446491
956 0.607308 0.118631 0.0382272
957 0.607308 0.121633 0.0388772
958 0.607308 0.124826 0.0408384
959 0.607308 0.117133 0.03948
960 0.607308 0.119474 0.0423822
961 0.607308 0.111644 0.0401217
962 0.607308 0.130156 0.0475912
963 0.607308 0.116291 0.0433898
964 0.607308 0.12911 0.0418996
965 0.607308 0.131911 0.0435901
966 0.607308 0.12898 0.0442003
967 0.607308 0.122235 0.0395988
968 0.607308 0.121691 0.0408864
969 0.607308 0.125192 0.0430916
970 0.607308 0.124669 0.0425188
971 0.607308 0.13544 0.0483129
972 0.607308 0.122831 0.0460671
973 0.607308 0.128055 0.0439836
974 0.607308 0.137154 0.0430373
975 0.607308 0.127468 0.0435198
976 0.607308 0.119574 0.0444629
977 0.607308 0.112427 0.0416466
978 0.607308 0.119056 0.0424421
979 0.607308 0.134807 0.0449752
980 0.607308 0.116551 0.0413331
981 0.607308 0.101714 0.0387022
982 0.607308 0.114495 0.0447745
983 0.607308 0.117752 0.0433524
984 0.607308 0.101482 0.0391393
985 0.607308 0.0993843 0.0393352
986 0.607308 0.0979249 0.0398304
987 0.607308 0.117044 0.0429985
988 0.607308 0.122575 0.0414176
989 0.607308 0.115037 0.0400867
990 0.607308 0.143165 0.0481329
991 0.607308 0.132994 0.0477872
992 0.607308 0.124594 0.0443083
993 0.607308 0.106888 0.0429134
994 0.607308 0.12861 0.0475502
995 0.607308 0.120713 0.0432343
996 0.607308 0.119303 0.0450431
997 0.607308 0.12325 0.0469879
998 0.607308 0.135157 0.0477391
999 0.607308 0.125846 0.0466573
1000 0.607308 0.128216 0.0488348
