0 0.125251 0.0588148 0.00385528
1 0.125251 0.0691741 0.00387023
2 0.125251 0.0763327 0.0037559
3 0.125275 0.0863964 0.00337408
4 0.125276 0.102662 0.0023255
5 0.125276 0.099204 0.00254138
6 0.125276 0.100216 0.00251069
7 0.125276 0.101412 0.00242682
8 0.125276 0.101422 0.00242424
9 0.125276 0.103871 0.00223154
10 0.125276 0.100547 0.00246357
11 0.125276 0.100175 0.00252122
12 0.125276 0.0951139 0.00280312
13 0.125276 0.0990207 0.00259313
14 0.125276 0.0965142 0.00277433
15 0.125276 0.0989866 0.00260065
16 0.125276 0.0926294 0.00304183
17 0.125276 0.0991022 0.00258237
18 0.125276 0.105126 0.0021256
19 0.125276 0.103928 0.00222129
20 0.125276 0.103876 0.00223209
21 0.125277 0.107632 0.00190487
22 0.125278 0.117646 0.000892328
23 0.125278 0.115144 0.00116441
24 0.125278 0.117641 0.000892146
25 0.125278 0.11014 0.00166702
26 0.125278 0.106421 0.00200904
27 0.125278 0.10263 0.00233533
28 0.125278 0.105128 0.00212638
29 0.125278 0.112652 0.00142084
30 0.125278 0.107647 0.00190256
31 0.125278 0.107622 0.00190424
32 0.125278 0.110124 0.00167045
33 0.125278 0.111396 0.0015492
34 0.125278 0.112641 0.00142402
35 0.125278 0.113887 0.00129574
36 0.125278 0.113898 0.00129598
37 0.125278 0.113888 0.00129576
38 0.125278 0.116392 0.00102997
39 0.125278 0.11889 0.000751464
40 0.125278 0.118891 0.000751474
41 0.125278 0.117649 0.000892416
42 0.125278 0.118894 0.000751513
43 0.125279 0.122643 0.000310074
44 0.125279 0.123902 0.000156641
45 0.125279 0.122657 0.000310146
46 0.125279 0.122663 0.000310172
47 0.125279 0.123895 0.000156624
48 0.125279 0.1214 0.000460423
49 0.125279 0.125152 5.74003e-09
50 0.125279 0.125128 7.70232e-09
51 0.125279 0.125159 7.36852e-09
52 0.125279 0.123903 0.000156645
53 0.125279 0.122649 0.000310105
54 0.125279 0.122658 0.000310147
55 0.125279 0.123913 0.000156669
56 0.125279 0.122658 0.000310149
57 0.125279 0.125158 7.18199e-09
58 0.125279 0.118893 0.000751503
59 0.125279 0.120149 0.000607572
60 0.125279 0.12015 0.000607581
61 0.125279 0.117628 0.000892102
62 0.125279 0.115132 0.00116428
63 0.125279 0.116388 0.00102991
64 0.125279 0.116398 0.00103008
65 0.125279 0.117651 0.000892446
66 0.125279 0.115148 0.00116462
67 0.125279 0.115146 0.00116457
68 0.125279 0.117653 0.000892471
69 0.125279 0.118917 0.000751797
70 0.125279 0.123901 0.000156637
71 0.125279 0.123914 0.000156673
72 0.125279 0.118905 0.000751653
73 0.125279 0.118911 0.000751722
74 0.125279 0.123904 0.000156646
75 0.125279 0.123903 0.000156646
76 0.125279 0.123919 0.000156686
77 0.125279 0.123899 0.000156634
78 0.125279 0.123907 0.000156655
79 0.125279 0.123905 0.000156649
80 0.125279 0.123902 0.000156643
81 0.125279 0.122655 0.000310136
82 0.125279 0.122659 0.000310154
83 0.125279 0.123916 0.000156676
84 0.125279 0.122661 0.000310165
85 0.125279 0.118637 0.000755243
86 0.125279 0.116399 0.00103011
87 0.125279 0.116398 0.00103009
88 0.125279 0.120157 0.000607654
89 0.125279 0.120143 0.000607514
90 0.125279 0.121406 0.000460473
91 0.125279 0.121414 0.00046053
92 0.125279 0.118901 0.000751599
93 0.125279 0.12141 0.000460496
94 0.125279 0.12141 0.0004605
95 0.125279 0.12015 0.000607583
96 0.125279 0.118906 0.000751657
97 0.125279 0.117644 0.000892344
98 0.125279 0.120161 0.000607695
99 0.125279 0.11639 0.00102995
100 0.125279 0.117657 0.000892537
101 0.125279 0.122651 0.000310116
102 0.125279 0.12265 0.000310107
103 0.125279 0.122652 0.000310117
104 0.125279 0.116395 0.00103003
105 0.125279 0.116392 0.00102998
106 0.125279 0.120153 0.000607612
107 0.125279 0.120141 0.000607493
108 0.125279 0.122655 0.000310136
109 0.125279 0.121405 0.000460464
110 0.125279 0.118897 0.000751549
111 0.125279 0.116397 0.00103007
112 0.125279 0.117641 0.000892301
113 0.125279 0.113898 0.001296
114 0.125279 0.115144 0.00116453
115 0.125279 0.117642 0.000892312
116 0.125279 0.118893 0.000751495
117 0.125279 0.121398 0.000460411
118 0.125279 0.117636 0.000892228
119 0.125279 0.118897 0.000751551
120 0.125279 0.121409 0.000460491
121 0.125279 0.120155 0.000607637
122 0.125279 0.12015 0.00060758
123 0.125279 0.118901 0.000751602
124 0.125279 0.116395 0.00103003
125 0.125279 0.115148 0.00116462
126 0.125279 0.1164 0.00103012
127 0.125279 0.11766 0.000892582
128 0.125279 0.11514 0.00116444
129 0.125279 0.116393 0.00102999
130 0.125279 0.115152 0.0011647
131 0.125279 0.112647 0.00142417
132 0.125279 0.115141 0.00116447
133 0.125279 0.1114 0.00154931
134 0.125279 0.112648 0.00142419
135 0.125279 0.112647 0.00142419
136 0.125279 0.111386 0.00154894
137 0.125279 0.112635 0.00142388
138 0.125279 0.11389 0.00129579
139 0.125279 0.113907 0.0012962
140 0.125279 0.113898 0.00129599
141 0.125279 0.111391 0.00154906
142 0.125279 0.111399 0.00154927
143 0.125279 0.113895 0.00129592
144 0.125279 0.113896 0.00129594
145 0.125279 0.117648 0.000892399
146 0.125279 0.11764 0.000892288
147 0.125279 0.118909 0.000751695
148 0.125279 0.118891 0.00075147
149 0.125279 0.121401 0.000460435
150 0.125279 0.117651 0.000892446
151 0.125279 0.115149 0.00116463
152 0.125279 0.117648 0.000892407
153 0.125279 0.118908 0.000751692
154 0.125279 0.122656 0.000310138
155 0.125279 0.120149 0.000607573
156 0.125279 0.122649 0.000310107
157 0.125279 0.120159 0.000607672
158 0.125279 0.121401 0.000460435
159 0.125279 0.121402 0.000460436
160 0.125279 0.121406 0.000460468
161 0.125279 0.122651 0.000310114
162 0.125279 0.123902 0.000156642
163 0.125279 0.123904 0.000156646
164 0.125279 0.121404 0.000460451
165 0.125279 0.118904 0.00075164
166 0.125279 0.120158 0.00060767
167 0.125279 0.121398 0.00046041
168 0.125279 0.120154 0.00060762
169 0.125279 0.118893 0.000751499
170 0.125279 0.117656 0.000892519
171 0.125279 0.115149 0.00116463
172 0.125279 0.117652 0.000892468
173 0.125279 0.1164 0.00103013
174 0.125279 0.117645 0.000892359
175 0.125279 0.115138 0.00116441
176 0.125279 0.117643 0.00089232
177 0.125279 0.116389 0.00102992
178 0.125279 0.117647 0.000892388
179 0.125279 0.11639 0.00102995
180 0.125279 0.120153 0.000607611
181 0.125279 0.113897 0.00129595
182 0.125279 0.116404 0.00103019
183 0.125279 0.117642 0.000892313
184 0.125279 0.118891 0.000751467
185 0.125279 0.120143 0.000607515
186 0.125279 0.118905 0.000751654
187 0.125279 0.118902 0.000751614
188 0.125279 0.116409 0.00103028
189 0.125279 0.116396 0.00103005
190 0.125279 0.117642 0.000892318
191 0.125279 0.120139 0.000607469
192 0.125279 0.121401 0.00046043
193 0.125279 0.120151 0.000607597
194 0.125279 0.116401 0.00103014
195 0.125279 0.117648 0.000892396
196 0.125279 0.118896 0.000751538
197 0.125279 0.116398 0.00103009
198 0.125279 0.122666 0.00031019
199 0.125279 0.11891 0.000751707
200 0.125279 0.118892 0.000751486
201 0.125279 0.118902 0.000751618
202 0.125279 0.121426 0.000460623
203 0.125279 0.120167 0.000607756
204 0.125279 0.11892 0.000751836
205 0.125279 0.121405 0.000460466
206 0.125279 0.121426 0.000460618
207 0.125279 0.122652 0.000310119
208 0.125279 0.118904 0.000751643
209 0.125279 0.118905 0.000751647
210 0.125279 0.120153 0.000607617
211 0.125279 0.120146 0.000607544
212 0.125279 0.117645 0.000892363
213 0.125279 0.117658 0.000892551
214 0.125279 0.117651 0.000892445
215 0.125279 0.118911 0.000751733
216 0.125279 0.117648 0.000892406
217 0.125279 0.122643 0.000310075
218 0.125279 0.121406 0.000460473
219 0.125279 0.120149 0.000607571
220 0.125279 0.121403 0.000460444
221 0.125279 0.121418 0.000460562
222 0.125279 0.122656 0.000310137
223 0.125279 0.123904 0.000156647
224 0.125279 0.121399 0.000460419
225 0.125279 0.118906 0.000751659
226 0.125279 0.118903 0.000751621
227 0.125279 0.117651 0.000892444
228 0.125279 0.115136 0.00116438
229 0.125279 0.113895 0.00129591
230 0.125279 0.115133 0.00116432
231 0.125279 0.1189 0.00075158
232 0.125279 0.121396 0.000460395
233 0.125279 0.121412 0.000460516
234 0.125279 0.125146 8.33074e-09
235 0.125279 0.123881 0.00015659
236 0.125279 0.123893 0.000156618
237 0.125279 0.125155 7.9104e-09
238 0.125279 0.122632 0.000310016
239 0.125279 0.123897 0.00015663
240 0.125279 0.121398 0.000460409
241 0.125279 0.120164 0.000607721
242 0.125279 0.118902 0.000751612
243 0.125279 0.117652 0.000892469
244 0.125279 0.116388 0.00102992
245 0.125279 0.118898 0.000751555
246 0.125279 0.115147 0.0011646
247 0.125279 0.11891 0.000751712
248 0.125279 0.117647 0.000892383
249 0.125279 0.118914 0.000751762
250 0.125279 0.122655 0.000310133
251 0.125279 0.120152 0.000607601
252 0.125279 0.120148 0.000607566
253 0.125279 0.117652 0.00089247
254 0.125279 0.116394 0.00103002
255 0.125279 0.113894 0.00129588
256 0.125279 0.1139 0.00129603
257 0.125279 0.115157 0.0011648
258 0.125279 0.11514 0.00116445
259 0.125279 0.118903 0.000751624
260 0.125279 0.117648 0.000892396
261 0.125279 0.120152 0.000607599
262 0.125279 0.122655 0.000310135
263 0.125279 0.121389 0.000460343
264 0.125279 0.11765 0.000892434
265 0.125279 0.11765 0.000892427
266 0.125279 0.115146 0.00116457
267 0.125279 0.113896 0.00129593
268 0.125279 0.117645 0.000892353
269 0.125279 0.120146 0.000607545
270 0.125279 0.121403 0.000460449
271 0.125279 0.122662 0.000310169
272 0.125279 0.120153 0.000607612
273 0.125279 0.1189 0.00075159
274 0.125279 0.120158 0.000607662
275 0.125279 0.1189 0.000751592
276 0.125279 0.117656 0.000892524
277 0.125279 0.121408 0.000460489
278 0.125279 0.117653 0.000892477
279 0.125279 0.116394 0.00103002
280 0.125279 0.113896 0.00129594
281 0.125279 0.117661 0.000892597
282 0.125279 0.112637 0.00142391
283 0.125279 0.11515 0.00116465
284 0.125279 0.116406 0.00103022
285 0.125279 0.117628 0.000892096
286 0.125279 0.117658 0.000892557
287 0.125279 0.117636 0.000892222
288 0.125279 0.113891 0.00129583
289 0.125279 0.116399 0.0010301
290 0.125279 0.117651 0.000892451
291 0.125279 0.120147 0.000607555
292 0.125279 0.117643 0.000892329
293 0.125279 0.11889 0.000751464
294 0.125279 0.11764 0.00089228
295 0.125279 0.11639 0.00102995
296 0.125279 0.117655 0.000892506
297 0.125279 0.116397 0.00103007
298 0.125279 0.117644 0.000892335
299 0.125279 0.118902 0.00075161
300 0.125279 0.118878 0.000751307
301 0.125279 0.116392 0.00102998
302 0.125279 0.112637 0.00142392
303 0.125279 0.111386 0.00154893
304 0.125279 0.113888 0.00129576
305 0.125279 0.115155 0.00116476
306 0.125279 0.115142 0.00116449
307 0.125279 0.115146 0.00116457
308 0.125279 0.116395 0.00103004
309 0.125279 0.111389 0.00154902
310 0.125279 0.106375 0.00201705
311 0.125279 0.108892 0.00178972
312 0.125279 0.112646 0.00142416
313 0.125279 0.111388 0.00154899
314 0.125279 0.106372 0.00201696
315 0.125279 0.10763 0.00190485
316 0.125279 0.107639 0.00190517
317 0.125279 0.110146 0.0016711
318 0.125279 0.111388 0.00154897
319 0.125279 0.115144 0.00116453
320 0.125279 0.117654 0.000892491
321 0.125279 0.120158 0.000607669
322 0.125279 0.121407 0.000460476
323 0.125279 0.121408 0.000460483
324 0.125279 0.122658 0.000310148
325 0.125279 0.123898 0.000156631
326 0.125279 0.122654 0.00031013
327 0.125279 0.121401 0.00046043
328 0.125279 0.123903 0.000156646
329 0.125279 0.125147 8.23708e-09
330 0.125279 0.125158 8.52352e-09
331 0.125279 0.125147 8.31992e-09
332 0.125279 0.125159 7.89739e-09
333 0.125279 0.123899 0.000156634
334 0.125279 0.123901 0.000156637
335 0.125279 0.123919 0.000156685
336 0.125279 0.122657 0.000310141
337 0.125279 0.121415 0.000460539
338 0.125279 0.1239 0.000156636
339 0.125279 0.120136 0.000607445
340 0.125279 0.118894 0.000751511
341 0.125279 0.117638 0.000892255
342 0.125279 0.121388 0.000460334
343 0.125279 0.120145 0.000607535
344 0.125279 0.116406 0.00103023
345 0.125279 0.118908 0.000751682
346 0.125279 0.120165 0.000607732
347 0.125279 0.121412 0.00046052
348 0.125279 0.118917 0.000751803
349 0.125279 0.118899 0.000751578
350 0.125279 0.118905 0.000751646
351 0.125279 0.122651 0.000310116
352 0.125279 0.120149 0.000607576
353 0.125279 0.121404 0.000460457
354 0.125279 0.120145 0.000607532
355 0.125279 0.123902 0.000156641
356 0.125279 0.125151 8.44131e-09
357 0.125279 0.12266 0.000310158
358 0.125279 0.121394 0.00046038
359 0.125279 0.11514 0.00116445
360 0.125279 0.117644 0.000892304
361 0.125279 0.117642 0.000892312
362 0.125279 0.117646 0.000892375
363 0.125279 0.116386 0.00102988
364 0.125279 0.118903 0.000751624
365 0.125279 0.116405 0.00103021
366 0.125279 0.116401 0.00103014
367 0.125279 0.116387 0.0010299
368 0.125279 0.115143 0.00116451
369 0.125279 0.116397 0.00103006
370 0.125279 0.118898 0.000751566
371 0.125279 0.116396 0.00103006
372 0.125279 0.117644 0.000892347
373 0.125279 0.118893 0.000751499
374 0.125279 0.117646 0.000892371
375 0.125279 0.117641 0.000892289
376 0.125279 0.113894 0.00129591
377 0.125279 0.116392 0.00102998
378 0.125279 0.118899 0.00075157
379 0.125279 0.1164 0.00103012
380 0.125279 0.118894 0.000751511
381 0.125279 0.115153 0.00116472
382 0.125279 0.112638 0.00142394
383 0.125279 0.113881 0.0012956
384 0.125279 0.116382 0.00102981
385 0.125279 0.115138 0.00116441
386 0.125279 0.115154 0.00116474
387 0.125279 0.116401 0.00103014
388 0.125279 0.115147 0.0011646
389 0.125279 0.110136 0.0016708
390 0.125279 0.107647 0.00190546
391 0.125279 0.110143 0.00167101
392 0.125279 0.110137 0.00167083
393 0.125279 0.107638 0.00190515
394 0.125279 0.107634 0.00190498
395 0.125279 0.105131 0.00212651
396 0.125279 0.107625 0.00190467
397 0.125279 0.107639 0.00190516
398 0.125279 0.108892 0.0017897
399 0.125279 0.113892 0.00129585
400 0.125279 0.113867 0.00129529
401 0.125279 0.111396 0.00154921
402 0.125279 0.112632 0.0014238
403 0.125279 0.116411 0.00103031
404 0.125279 0.116399 0.0010301
405 0.125279 0.117644 0.000892345
406 0.125279 0.116396 0.00103004
407 0.125279 0.116401 0.00103015
408 0.125279 0.116399 0.0010301
409 0.125279 0.117645 0.000892355
410 0.125279 0.11765 0.00089244
411 0.125279 0.11765 0.000892438
412 0.125279 0.110135 0.00167078
413 0.125279 0.111383 0.00154885
414 0.125279 0.111398 0.00154925
415 0.125279 0.112651 0.00142428
416 0.125279 0.110145 0.00167108
417 0.125279 0.108893 0.00178974
418 0.125279 0.108898 0.00178991
419 0.125279 0.112647 0.00142419
420 0.125279 0.110127 0.00167053
421 0.125279 0.110128 0.00167055
422 0.125279 0.113893 0.00129588
423 0.125279 0.112627 0.00142368
424 0.125279 0.113876 0.0012955
425 0.125279 0.118894 0.000751508
426 0.125279 0.118897 0.000751543
427 0.125279 0.120159 0.000607672
428 0.125279 0.122652 0.000310119
429 0.125279 0.122645 0.000310087
430 0.125279 0.123904 0.000156645
431 0.125279 0.122664 0.000310179
432 0.125279 0.121406 0.000460469
433 0.125279 0.118895 0.000751522
434 0.125279 0.120149 0.000607575
435 0.125279 0.117641 0.000892303
436 0.125279 0.116406 0.00103024
437 0.125279 0.115143 0.00116452
438 0.125279 0.118906 0.000751661
439 0.125279 0.121406 0.000460466
440 0.125279 0.120166 0.000607748
441 0.125279 0.117657 0.000892542
442 0.125279 0.12015 0.000607586
443 0.125279 0.120152 0.000607602
444 0.125279 0.121407 0.00046048
445 0.125279 0.120148 0.000607563
446 0.125279 0.118899 0.000751572
447 0.125279 0.118901 0.000751605
448 0.125279 0.11641 0.0010303
449 0.125279 0.112641 0.00142401
450 0.125279 0.112651 0.00142426
451 0.125279 0.112646 0.00142414
452 0.125279 0.117654 0.000892495
453 0.125279 0.118896 0.000751539
454 0.125279 0.12015 0.000607586
455 0.125279 0.120167 0.000607756
456 0.125279 0.121398 0.000460411
457 0.125279 0.117649 0.000892413
458 0.125279 0.117644 0.000892336
459 0.125279 0.118903 0.00075162
460 0.125279 0.115146 0.00116458
461 0.125279 0.120157 0.000607652
462 0.125279 0.115138 0.0011644
463 0.125279 0.1164 0.00103012
464 0.125279 0.115146 0.00116457
465 0.125279 0.115156 0.00116477
466 0.125279 0.118913 0.000751749
467 0.125279 0.121412 0.000460518
468 0.125279 0.117639 0.000892272
469 0.125279 0.120149 0.000607579
470 0.125279 0.121404 0.000460455
471 0.125279 0.1189 0.000751591
472 0.125279 0.118896 0.000751533
473 0.125279 0.116394 0.00103001
474 0.125279 0.116393 0.00103
475 0.125279 0.117654 0.0008925
476 0.125279 0.120153 0.000607616
477 0.125279 0.121402 0.000460442
478 0.125279 0.121411 0.000460505
479 0.125279 0.123902 0.000156643
480 0.125279 0.122663 0.000310175
481 0.125279 0.120149 0.000607576
482 0.125279 0.112653 0.00142433
483 0.125279 0.115145 0.00116455
484 0.125279 0.1139 0.00129603
485 0.125279 0.115149 0.00116464
486 0.125279 0.112634 0.00142385
487 0.125279 0.11389 0.00129581
488 0.125279 0.116385 0.00102986
489 0.125279 0.117643 0.000892327
490 0.125279 0.116401 0.00103014
491 0.125279 0.116406 0.00103023
492 0.125279 0.116394 0.00103002
493 0.125279 0.113896 0.00129595
494 0.125279 0.11641 0.0010303
495 0.125279 0.11639 0.00102995
496 0.125279 0.112646 0.00142416
497 0.125279 0.113898 0.00129598
498 0.125279 0.11264 0.00142401
499 0.125279 0.117638 0.000892255
500 0.125279 0.117648 0.000892397
501 0.125279 0.116388 0.00102992
502 0.125279 0.116397 0.00103006
503 0.125279 0.115149 0.00116463
504 0.125279 0.120147 0.00060755
505 0.125279 0.121393 0.000460373
506 0.125279 0.118904 0.000751642
507 0.125279 0.121416 0.000460542
508 0.125279 0.122663 0.000310173
509 0.125279 0.125153 9.02552e-09
510 0.125279 0.122641 0.000310063
511 0.125279 0.121389 0.00046034
512 0.125279 0.118901 0.0007516
513 0.125279 0.118898 0.00075156
514 0.125279 0.117669 0.000892713
515 0.125279 0.118892 0.000751486
516 0.125279 0.118898 0.000751565
517 0.125279 0.115139 0.00116444
518 0.125279 0.117644 0.000892337
519 0.125279 0.120144 0.000607524
520 0.125279 0.121409 0.000460492
521 0.125279 0.122657 0.000310144
522 0.125279 0.121399 0.000460416
523 0.125279 0.122648 0.000310098
524 0.125279 0.122655 0.000310135
525 0.125279 0.122656 0.000310136
526 0.125279 0.12015 0.000607583
527 0.125279 0.121405 0.000460464
528 0.125279 0.121397 0.000460406
529 0.125279 0.122667 0.000310196
530 0.125279 0.122651 0.000310112
531 0.125279 0.121391 0.000460361
532 0.125279 0.1189 0.000751587
533 0.125279 0.117638 0.000892255
534 0.125279 0.116399 0.00103011
535 0.125279 0.115161 0.00116488
536 0.125279 0.117655 0.000892508
537 0.125279 0.116394 0.00103001
538 0.125279 0.118898 0.000751566
539 0.125279 0.121395 0.000460386
540 0.125279 0.118889 0.000751447
541 0.125279 0.121403 0.00046045
542 0.125279 0.12265 0.000310107
543 0.125279 0.123897 0.000156627
544 0.125279 0.121394 0.000460376
545 0.125279 0.121394 0.000460378
546 0.125279 0.122649 0.000310101
547 0.125279 0.122662 0.000310169
548 0.125279 0.123902 0.000156643
549 0.125279 0.125165 6.94887e-09
550 0.125279 0.121399 0.000460415
551 0.125279 0.122672 0.000310218
552 0.125279 0.118908 0.000751685
553 0.125279 0.118911 0.000751725
554 0.125279 0.117658 0.000892554
555 0.125279 0.116409 0.00103028
556 0.125279 0.12016 0.000607686
557 0.125279 0.122648 0.0003101
558 0.125279 0.122652 0.000310119
559 0.125279 0.122652 0.000310118
560 0.125279 0.120149 0.000607574
561 0.125279 0.12015 0.000607581
562 0.125279 0.121394 0.000460381
563 0.125279 0.116396 0.00103006
564 0.125279 0.115148 0.00116462
565 0.125279 0.117654 0.000892489
566 0.125279 0.121388 0.000460338
567 0.125279 0.121398 0.000460413
568 0.125279 0.120142 0.000607502
569 0.125279 0.118891 0.00075148
570 0.125279 0.120149 0.000607572
571 0.125279 0.116394 0.00103001
572 0.125279 0.116394 0.00103001
573 0.125279 0.120152 0.000607601
574 0.125279 0.118896 0.000751533
575 0.125279 0.118898 0.000751566
576 0.125279 0.120148 0.000607561
577 0.125279 0.121403 0.000460448
578 0.125279 0.11891 0.000751715
579 0.125279 0.113897 0.00129597
580 0.125279 0.115143 0.00116451
581 0.125279 0.118914 0.000751758
582 0.125279 0.116401 0.00103014
583 0.125279 0.117659 0.000892577
584 0.125279 0.117643 0.00089232
585 0.125279 0.116391 0.00102997
586 0.125279 0.120158 0.000607669
587 0.125279 0.117653 0.000892473
588 0.125279 0.120162 0.00060771
589 0.125279 0.118903 0.000751624
590 0.125279 0.118897 0.000751546
591 0.125279 0.120136 0.000607444
592 0.125279 0.120138 0.000607464
593 0.125279 0.118896 0.000751542
594 0.125279 0.113891 0.00129584
595 0.125279 0.113896 0.00129594
596 0.125279 0.113898 0.00129598
597 0.125279 0.115145 0.00116455
598 0.125279 0.117646 0.000892368
599 0.125279 0.120147 0.000607558
600 0.125279 0.115143 0.00116451
601 0.125279 0.117652 0.000892465
602 0.125279 0.117651 0.000892452
603 0.125279 0.118902 0.000751617
604 0.125279 0.118899 0.000751578
605 0.125279 0.118902 0.00075161
606 0.125279 0.117667 0.000892693
607 0.125279 0.115153 0.00116472
608 0.125279 0.117647 0.000892391
609 0.125279 0.117644 0.000892346
610 0.125279 0.120173 0.000607813
611 0.125279 0.122658 0.000310148
612 0.125279 0.123917 0.00015668
613 0.125279 0.121412 0.000460512
614 0.125279 0.117637 0.000892238
615 0.125279 0.117649 0.000892416
616 0.125279 0.118907 0.00075167
617 0.125279 0.117646 0.000892376
618 0.125279 0.113904 0.00129612
619 0.125279 0.117657 0.000892541
620 0.125279 0.120141 0.000607497
621 0.125279 0.118902 0.000751614
622 0.125279 0.118901 0.000751594
623 0.125279 0.118902 0.000751616
624 0.125279 0.120147 0.00060755
625 0.125279 0.117647 0.000892388
626 0.125279 0.118899 0.000751574
627 0.125279 0.120144 0.00060752
628 0.125279 0.123914 0.000156672
629 0.125279 0.122662 0.00031017
630 0.125279 0.123904 0.000156647
631 0.125279 0.121399 0.000460414
632 0.125279 0.12014 0.000607484
633 0.125279 0.118893 0.000751497
634 0.125279 0.115139 0.00116444
635 0.125279 0.117649 0.000892425
636 0.125279 0.118891 0.000751476
637 0.125279 0.117648 0.000892397
638 0.125279 0.115137 0.0011644
639 0.125279 0.112632 0.00142379
640 0.125279 0.117655 0.000892508
641 0.125279 0.118894 0.000751511
642 0.125279 0.121407 0.000460481
643 0.125279 0.122667 0.000310194
644 0.125279 0.122663 0.000310172
645 0.125279 0.118901 0.000751594
646 0.125279 0.122656 0.000310137
647 0.125279 0.121403 0.000460446
648 0.125279 0.1214 0.000460421
649 0.125279 0.121414 0.000460533
650 0.125279 0.11891 0.000751711
651 0.125279 0.113891 0.00129583
652 0.125279 0.116394 0.00103002
653 0.125279 0.113895 0.00129593
654 0.125279 0.117646 0.000892377
655 0.125279 0.113892 0.00129585
656 0.125279 0.115149 0.00116464
657 0.125279 0.112638 0.00142395
658 0.125279 0.116389 0.00102992
659 0.125279 0.117653 0.000892481
660 0.125279 0.118892 0.000751491
661 0.125279 0.120147 0.000607549
662 0.125279 0.117653 0.000892484
663 0.125279 0.117642 0.000892316
664 0.125279 0.117653 0.000892473
665 0.125279 0.116396 0.00103005
666 0.125279 0.116405 0.00103021
667 0.125279 0.11765 0.000892426
668 0.125279 0.113886 0.00129572
669 0.125279 0.108888 0.00178958
670 0.125279 0.110149 0.0016712
671 0.125279 0.112652 0.0014243
672 0.125279 0.11641 0.00103029
673 0.125279 0.115154 0.00116475
674 0.125279 0.117648 0.000892398
675 0.125279 0.117651 0.000892443
676 0.125279 0.121397 0.000460406
677 0.125279 0.122659 0.000310154
678 0.125279 0.121398 0.00046041
679 0.125279 0.116397 0.00103006
680 0.125279 0.12015 0.000607587
681 0.125279 0.121413 0.000460519
682 0.125279 0.120157 0.000607658
683 0.125279 0.118895 0.000751527
684 0.125279 0.12014 0.000607485
685 0.125279 0.121402 0.00046044
686 0.125279 0.125151 7.69719e-09
687 0.125279 0.123904 0.000156645
688 0.125279 0.122661 0.000310164
689 0.125279 0.121397 0.0004604
690 0.125279 0.117635 0.000892209
691 0.125279 0.118887 0.000751419
692 0.125279 0.120147 0.000607558
693 0.125279 0.121406 0.000460472
694 0.125279 0.118896 0.000751543
695 0.125279 0.1214 0.000460426
696 0.125279 0.121398 0.000460406
697 0.125279 0.121406 0.000460469
698 0.125279 0.122656 0.000310139
699 0.125279 0.122656 0.000310139
700 0.125279 0.125154 8.17139e-09
701 0.125279 0.122643 0.000310074
702 0.125279 0.123888 0.000156607
703 0.125279 0.125153 7.82762e-09
704 0.125279 0.125155 7.36483e-09
705 0.125279 0.121397 0.000460401
706 0.125279 0.118903 0.000751628
707 0.125279 0.115148 0.00116461
708 0.125279 0.112637 0.00142393
709 0.125279 0.117655 0.000892505
710 0.125279 0.113881 0.0012956
711 0.125279 0.117646 0.000892367
712 0.125279 0.11639 0.00102995
713 0.125279 0.111379 0.00154874
714 0.125279 0.115155 0.00116475
715 0.125279 0.112658 0.00142445
716 0.125279 0.111393 0.00154914
717 0.125279 0.110148 0.00167116
718 0.125279 0.110142 0.00167099
719 0.125279 0.11389 0.0012958
720 0.125279 0.113892 0.00129585
721 0.125279 0.113902 0.00129607
722 0.125279 0.115143 0.00116452
723 0.125279 0.115145 0.00116455
724 0.125279 0.118902 0.000751613
725 0.125279 0.117634 0.000892197
726 0.125279 0.117648 0.000892395
727 0.125279 0.117647 0.000892395
728 0.125279 0.12015 0.000607586
729 0.125279 0.118901 0.000751598
730 0.125279 0.118909 0.000751696
731 0.125279 0.117648 0.000892405
732 0.125279 0.117647 0.000891795
733 0.125279 0.116396 0.00102986
734 0.125279 0.117647 0.00089217
735 0.125279 0.115139 0.00116444
736 0.125279 0.120159 0.000607677
737 0.125279 0.118893 0.000751501
738 0.125279 0.121401 0.000460429
739 0.125279 0.118899 0.000751578
740 0.125279 0.118902 0.000751611
741 0.125279 0.120158 0.000607664
742 0.125279 0.122657 0.000310147
743 0.125279 0.12265 0.000310109
744 0.125279 0.120145 0.000607532
745 0.125279 0.120136 0.000607447
746 0.125279 0.115152 0.00116469
747 0.125279 0.113891 0.00129583
748 0.125279 0.116397 0.00103007
749 0.125279 0.116397 0.00103007
750 0.125279 0.116408 0.00103026
751 0.125279 0.117659 0.000892576
752 0.125279 0.118911 0.000751722
753 0.125279 0.120147 0.000607548
754 0.125279 0.121394 0.000460381
755 0.125279 0.122658 0.000310152
756 0.125279 0.12516 6.6256e-09
757 0.125279 0.120152 0.0006076
758 0.125279 0.12015 0.000607583
759 0.125279 0.122659 0.000310152
760 0.125279 0.122661 0.000310164
761 0.125279 0.120155 0.000607633
762 0.125279 0.121402 0.000460438
763 0.125279 0.117655 0.000892515
764 0.125279 0.11389 0.00129579
765 0.125279 0.116394 0.00103002
766 0.125279 0.113888 0.00129577
767 0.125279 0.116406 0.00103023
768 0.125279 0.120152 0.000607603
769 0.125279 0.118903 0.000751626
770 0.125279 0.118909 0.000751702
771 0.125279 0.118898 0.000751559
772 0.125279 0.120148 0.000607568
773 0.125279 0.116403 0.00103018
774 0.125279 0.1189 0.000751587
775 0.125279 0.118892 0.000751486
776 0.125279 0.116396 0.00103005
777 0.125279 0.117644 0.000892335
778 0.125279 0.1164 0.00103012
779 0.125279 0.123909 0.000156659
780 0.125279 0.121397 0.0004604
781 0.125279 0.116406 0.00103022
782 0.125279 0.115149 0.00116463
783 0.125279 0.11765 0.000892432
784 0.125279 0.11639 0.00102994
785 0.125279 0.115151 0.00116467
786 0.125279 0.116392 0.00102997
787 0.125279 0.116392 0.00102999
788 0.125279 0.111403 0.00154854
789 0.125279 0.11139 0.00154904
790 0.125279 0.116405 0.00103021
791 0.125279 0.112631 0.00142378
792 0.125279 0.113889 0.00129579
793 0.125279 0.116411 0.00103032
794 0.125279 0.112649 0.00142422
795 0.125279 0.117646 0.000892372
796 0.125279 0.113904 0.00129611
797 0.125279 0.110141 0.00167095
798 0.125279 0.108885 0.00178949
799 0.125279 0.105132 0.00212656
800 0.125279 0.108894 0.00178976
801 0.125279 0.111399 0.00154929
802 0.125279 0.116389 0.00102993
803 0.125279 0.118889 0.000751447
804 0.125279 0.118895 0.000751528
805 0.125279 0.116403 0.00103017
806 0.125279 0.11766 0.00089258
807 0.125279 0.116399 0.00103011
808 0.125279 0.117644 0.000892346
809 0.125279 0.121404 0.000460454
810 0.125279 0.121387 0.000460326
811 0.125279 0.12014 0.000607483
812 0.125279 0.118912 0.000751741
813 0.125279 0.118899 0.00075158
814 0.125279 0.117657 0.00089254
815 0.125279 0.118899 0.000751573
816 0.125279 0.117648 0.000892399
817 0.125279 0.121403 0.000460448
818 0.125279 0.12265 0.000310108
819 0.125279 0.118898 0.000751561
820 0.125279 0.11639 0.00102995
821 0.125279 0.118892 0.00075149
822 0.125279 0.117634 0.000892197
823 0.125279 0.115154 0.00116473
824 0.125279 0.117647 0.000892389
825 0.125279 0.117632 0.000892157
826 0.125279 0.117646 0.000892378
827 0.125279 0.120146 0.000607547
828 0.125279 0.120151 0.000607597
829 0.125279 0.117645 0.000892363
830 0.125279 0.120152 0.000607606
831 0.125279 0.117647 0.000892384
832 0.125279 0.122663 0.000310174
833 0.125279 0.121412 0.000460513
834 0.125279 0.121407 0.000460477
835 0.125279 0.117645 0.000892358
836 0.125279 0.117649 0.00089242
837 0.125279 0.11514 0.00116445
838 0.125279 0.116389 0.00102992
839 0.125279 0.117645 0.000892352
840 0.125279 0.11765 0.000892436
841 0.125279 0.117648 0.000892409
842 0.125279 0.11764 0.000892279
843 0.125279 0.121402 0.000460437
844 0.125279 0.122655 0.000310134
845 0.125279 0.120165 0.000607736
846 0.125279 0.118888 0.000751431
847 0.125279 0.115148 0.00116462
848 0.125279 0.116397 0.00103007
849 0.125279 0.113906 0.00129185
850 0.125279 0.113912 0.00129507
851 0.125279 0.116396 0.00103005
852 0.125279 0.122642 0.000310071
853 0.125279 0.121405 0.000460464
854 0.125279 0.121408 0.000460487
855 0.125279 0.120155 0.000607636
856 0.125279 0.115133 0.00116432
857 0.125279 0.118902 0.000751606
858 0.125279 0.12016 0.000607684
859 0.125279 0.117653 0.000892482
860 0.125279 0.117638 0.000892246
861 0.125279 0.120149 0.000607569
862 0.125279 0.121399 0.000460415
863 0.125279 0.120159 0.000607673
864 0.125279 0.120147 0.00060755
865 0.125279 0.121394 0.000460376
866 0.125279 0.123896 0.000156627
867 0.125279 0.121411 0.000460505
868 0.125279 0.125176 7.24458e-09
869 0.125279 0.121401 0.000460431
870 0.125279 0.123893 0.000156619
871 0.125279 0.125157 6.59927e-09
872 0.125279 0.122666 0.000310191
873 0.125279 0.122666 0.000310189
874 0.125279 0.123909 0.000156659
875 0.125279 0.121399 0.00046042
876 0.125279 0.123901 0.000156639
877 0.125279 0.122655 0.00031013
878 0.125279 0.120145 0.000607529
879 0.125279 0.121396 0.000460395
880 0.125279 0.121402 0.000460443
881 0.125279 0.120151 0.00060759
882 0.125279 0.121396 0.000460392
883 0.125279 0.120156 0.000607649
884 0.125279 0.118892 0.000751485
885 0.125279 0.122661 0.000310165
886 0.125279 0.12141 0.0004605
887 0.125279 0.117654 0.000892488
888 0.125279 0.117656 0.000892524
889 0.125279 0.1139 0.00129602
890 0.125279 0.115141 0.00116447
891 0.125279 0.110142 0.00167098
892 0.125279 0.112632 0.00142379
893 0.125279 0.115147 0.0011646
894 0.125279 0.115147 0.00116459
895 0.125279 0.117643 0.000892328
896 0.125279 0.116388 0.00102991
897 0.125279 0.11389 0.0012958
898 0.125279 0.118892 0.00075149
899 0.125279 0.121401 0.000460433
900 0.125279 0.121417 0.000460554
901 0.125279 0.122656 0.000310139
902 0.125279 0.123905 0.00015665
903 0.125279 0.12266 0.000310158
904 0.125279 0.122665 0.000310184
905 0.125279 0.12264 0.000310059
906 0.125279 0.121399 0.000460415
907 0.125279 0.122655 0.000310134
908 0.125279 0.116389 0.00102993
909 0.125279 0.12265 0.000310107
910 0.125279 0.121405 0.000460463
911 0.125279 0.120137 0.000607455
912 0.125279 0.116399 0.00103011
913 0.125279 0.116396 0.00103006
914 0.125279 0.116399 0.0010301
915 0.125279 0.113902 0.00129608
916 0.125279 0.115151 0.00116467
917 0.125279 0.113889 0.00129578
918 0.125279 0.116402 0.00103016
919 0.125279 0.116397 0.00103007
920 0.125279 0.115143 0.0011645
921 0.125279 0.117653 0.000892476
922 0.125279 0.117644 0.000892338
923 0.125279 0.116396 0.00103006
924 0.125279 0.117648 0.000892407
925 0.125279 0.11766 0.000892579
926 0.125279 0.118913 0.000751747
927 0.125279 0.122666 0.000310189
928 0.125279 0.118896 0.00075153
929 0.125279 0.115145 0.00116456
930 0.125279 0.115134 0.00116433
931 0.125279 0.116383 0.00102981
932 0.125279 0.115145 0.00116455
933 0.125279 0.1189 0.000751581
934 0.125279 0.121392 0.000460365
935 0.125279 0.12141 0.000460502
936 0.125279 0.122653 0.000310121
937 0.125279 0.122664 0.000310178
938 0.125279 0.12265 0.000310107
939 0.125279 0.122663 0.000310177
940 0.125279 0.122649 0.000310107
941 0.125279 0.121404 0.000460456
942 0.125279 0.118898 0.000751558
943 0.125279 0.117636 0.000892218
944 0.125279 0.118899 0.000751572
945 0.125279 0.121395 0.00046039
946 0.125279 0.117654 0.000892488
947 0.125279 0.118903 0.000751618
948 0.125279 0.120166 0.000607742
949 0.125279 0.117662 0.000892618
950 0.125279 0.116408 0.00103027
951 0.125279 0.115138 0.00116442
952 0.125279 0.115147 0.0011646
953 0.125279 0.117647 0.000892383
954 0.125279 0.117649 0.000892411
955 0.125279 0.115134 0.00116434
956 0.125279 0.117645 0.000892355
957 0.125279 0.116395 0.00103004
958 0.125279 0.11389 0.00129581
959 0.125279 0.108893 0.00178976
960 0.125279 0.108874 0.00178911
961 0.125279 0.108881 0.00178935
962 0.125279 0.113893 0.00129588
963 0.125279 0.113908 0.0012962
964 0.125279 0.1139 0.00129604
965 0.125279 0.115134 0.00116433
966 0.125279 0.118899 0.000751574
967 0.125279 0.120141 0.000607498
968 0.125279 0.118896 0.000751538
969 0.125279 0.118894 0.000751513
970 0.125279 0.117648 0.000892398
971 0.125279 0.116405 0.00103022
972 0.125279 0.116395 0.00103003
973 0.125279 0.115131 0.00116428
974 0.125279 0.117636 0.000892224
975 0.125279 0.120147 0.000607552
976 0.125279 0.117633 0.000892176
977 0.125279 0.115146 0.00116458
978 0.125279 0.115136 0.00116438
979 0.125279 0.118895 0.000751519
980 0.125279 0.117644 0.000892336
981 0.125279 0.117655 0.000892508
982 0.125279 0.117652 0.000892459
983 0.125279 0.116392 0.00102998
984 0.125279 0.117663 0.000892625
985 0.125279 0.117647 0.000892392
986 0.125279 0.120143 0.000607511
987 0.125279 0.117645 0.000892363
988 0.125279 0.11389 0.00129582
989 0.125279 0.113896 0.00129594
990 0.125279 0.116398 0.00103009
991 0.125279 0.117639 0.000892272
992 0.125279 0.115139 0.00116444
993 0.125279 0.112644 0.0014241
994 0.125279 0.106379 0.00201719
995 0.125279 0.110119 0.00167027
996 0.125279 0.111392 0.00154909
997 0.125279 0.113887 0.00129574
998 0.125279 0.113905 0.00129614
999 0.125279 0.121383 0.0004603
1000 0.125279 0.118897 0.000751555
1000 0 0 0
