0 0.125272 0.050158 0.00378638
1 0.125272 0.0683447 0.00387489
2 0.125272 0.067718 0.00391163
3 0.125272 0.0750971 0.00376542
4 0.125272 0.0725136 0.00382301
5 0.125272 0.0781524 0.00365507
6 0.125272 0.0779019 0.00368292
7 0.125278 0.0848657 0.00342478
8 0.125278 0.0871576 0.00328332
9 0.125278 0.0979067 0.00261935
10 0.125278 0.103533 0.00222515
11 0.360247 0.104976 0.00295791
12 0.360247 0.109846 0.00245305
13 0.360247 0.115301 0.00232524
14 0.360247 0.11909 0.00190356
15 0.360247 0.117425 0.00208265
16 0.360247 0.115842 0.00258179
17 0.360247 0.12091 0.00233295
18 0.463443 0.129934 0.00413805
19 0.463443 0.133716 0.00529246
20 0.463443 0.140774 0.00691192
21 0.463443 0.139838 0.0077908
22 0.524563 0.161521 0.0115641
22 0.555304 0.0668928 0.0200147
23 0.555304 0.0774046 0.0261086
24 0.555304 0.0771092 0.0290023
25 0.555304 0.0743082 0.0285795
26 0.555304 0.0852174 0.032085
27 0.555304 0.0989713 0.0362118
28 0.555304 0.0893241 0.0339185
29 0.555304 0.0739291 0.0285503
30 0.555304 0.0828466 0.032767
31 0.570072 0.109981 0.0382651
32 0.570072 0.112043 0.0382604
33 0.570072 0.101886 0.0371053
34 0.570072 0.109465 0.0404859
35 0.583349 0.099425 0.0387772
36 0.583349 0.0779266 0.0312555
37 0.583349 0.0852155 0.0342853
38 0.583349 0.0901172 0.0328501
39 0.583349 0.107688 0.039384
40 0.583349 0.095155 0.0341886
41 0.583349 0.13209 0.043883
42 0.583349 0.125107 0.0388491
43 0.583349 0.131151 0.0414252
44 0.583349 0.126135 0.0397931
45 0.583349 0.113057 0.0400272
46 0.583349 0.136063 0.0422183
47 0.583349 0.130478 0.0451411
48 0.583349 0.116728 0.0418269
49 0.583349 0.132039 0.0420358
50 0.583349 0.129459 0.0433313
51 0.583349 0.106522 0.0384684
52 0.583349 0.125854 0.0413922
53 0.583349 0.139904 0.0437488
54 0.583349 0.136932 0.0428131
55 0.583349 0.146999 0.0422971
56 0.583349 0.166333 0.04304
57 0.583349 0.146261 0.0408058
58 0.583349 0.141738 0.0383556
59 0.609 0.14054 0.0411492
60 0.609 0.142686 0.0442994
61 0.609 0.163172 0.0475303
62 0.609 0.147516 0.0412921
63 0.609 0.139484 0.0409217
64 0.609 0.134629 0.037974
65 0.609 0.106128 0.0348402
66 0.609 0.130917 0.0421751
67 0.609 0.137206 0.0415724
68 0.609 0.119856 0.0403518
69 0.609 0.12664 0.042
70 0.609 0.125307 0.0425244
71 0.609 0.107581 0.040348
72 0.609 0.165623 0.0514953
73 0.609 0.180024 0.0516127
74 0.609 0.174813 0.0521703
75 0.609 0.168125 0.0479865
76 0.609 0.161927 0.0467867
77 0.609 0.162329 0.0456368
78 0.609 0.151799 0.0444487
79 0.609 0.141194 0.0459564
80 0.609 0.116516 0.0368943
81 0.609 0.157487 0.045083
82 0.609 0.154564 0.0460301
83 0.609 0.155807 0.0504945
84 0.609 0.182613 0.0500547
85 0.609 0.171635 0.0495814
86 0.609 0.144658 0.0425939
87 0.609 0.131131 0.0418448
88 0.609 0.155745 0.0452441
89 0.609 0.162217 0.0478022
90 0.609 0.139165 0.042023
91 0.609 0.165103 0.0486244
92 0.609 0.154357 0.0460429
93 0.609 0.177831 0.0521724
94 0.609 0.158459 0.0506785
95 0.609 0.140827 0.0463241
96 0.609 0.139787 0.0503609
97 0.609 0.125113 0.0460972
98 0.609 0.151747 0.0513785
99 0.609 0.117385 0.0400923
100 0.609 0.13397 0.0452872
101 0.609 0.154725 0.0474191
102 0.609 0.147481 0.0499433
103 0.609 0.147762 0.0472969
104 0.609 0.159089 0.0505825
105 0.609 0.153285 0.0501124
106 0.609 0.190161 0.055957
107 0.609 0.187002 0.0485034
108 0.609 0.163171 0.0495559
109 0.609 0.162892 0.0480943
110 0.609 0.15357 0.0459587
111 0.609 0.140718 0.0435004
112 0.609 0.125 0.0422924
113 0.609 0.136652 0.0453141
114 0.609 0.141705 0.0467308
115 0.609 0.176414 0.0510206
116 0.609 0.188942 0.0495803
117 0.609 0.218083 0.0480338
118 0.609 0.182545 0.0497257
119 0.609 0.199361 0.0537008
120 0.609 0.196686 0.059403
121 0.609 0.160094 0.0487892
122 0.609 0.151221 0.0464259
123 0.609 0.167928 0.0516492
124 0.609 0.179875 0.0492405
125 0.609 0.149853 0.0477952
126 0.609 0.15356 0.0485684
127 0.609 0.151263 0.0495468
128 0.609 0.141861 0.0495275
129 0.609 0.151854 0.0488789
130 0.609 0.163683 0.0514385
131 0.609 0.187376 0.0553059
132 0.609 0.171247 0.0531694
133 0.609 0.151934 0.0515155
134 0.609 0.123964 0.0438984
135 0.609 0.127748 0.044064
136 0.609 0.131116 0.048863
137 0.609 0.145835 0.0511712
138 0.609 0.128903 0.0482446
139 0.609 0.148622 0.050534
140 0.609 0.156365 0.0556275
141 0.609 0.155295 0.0488777
142 0.609 0.157507 0.0461401
143 0.609 0.176766 0.0498238
144 0.609 0.141589 0.0454711
145 0.609 0.166621 0.0515041
146 0.609 0.158785 0.0484827
147 0.609 0.14842 0.0503608
148 0.609 0.153396 0.0492189
149 0.609 0.148761 0.0461229
150 0.609 0.166185 0.0527692
151 0.609 0.148777 0.0518383
152 0.609 0.162413 0.0546409
153 0.609 0.142744 0.0498618
154 0.609 0.1625 0.0540689
155 0.609 0.178728 0.0542862
156 0.609 0.16246 0.0504014
157 0.609 0.1531 0.0506395
158 0.609 0.182788 0.050973
159 0.609 0.181285 0.0549911
160 0.609 0.160701 0.0538769
161 0.609 0.157826 0.0507653
162 0.609 0.159526 0.0508234
163 0.609 0.147075 0.0544932
164 0.610048 0.161084 0.0547462
165 0.610048 0.139002 0.0499913
166 0.610048 0.1528 0.0498136
167 0.610048 0.145837 0.0460419
168 0.610048 0.157694 0.0497659
169 0.610048 0.15332 0.0464271
170 0.610048 0.167606 0.0513394
171 0.610048 0.166286 0.0478708
172 0.610048 0.147033 0.0495776
173 0.610048 0.123399 0.0435983
174 0.610048 0.134987 0.0453414
175 0.610048 0.16661 0.0511185
176 0.610048 0.16008 0.0451338
177 0.610048 0.168515 0.0510767
178 0.611476 0.170328 0.0531217
179 0.611476 0.154639 0.0514112
180 0.611476 0.155861 0.0537749
181 0.611476 0.162735 0.0471423
182 0.611476 0.176026 0.0516473
183 0.611476 0.141283 0.047136
184 0.611476 0.159918 0.0499674
185 0.611476 0.156961 0.0516803
186 0.611476 0.201698 0.0547583
187 0.611476 0.166257 0.0517249
188 0.611476 0.160371 0.0498721
189 0.611476 0.156151 0.0481208
190 0.611476 0.17041 0.0538138
191 0.611476 0.138568 0.0494195
192 0.611476 0.178298 0.0523047
193 0.611476 0.163956 0.0471738
194 0.611476 0.173819 0.0514732
195 0.611476 0.168204 0.0500934
196 0.611476 0.160751 0.0484248
197 0.611476 0.165926 0.0498161
198 0.611476 0.17264 0.0451733
199 0.611476 0.172596 0.0485422
200 0.611476 0.180198 0.0509981
201 0.611476 0.20475 0.0504553
202 0.611476 0.202047 0.0548126
203 0.611476 0.184119 0.0519775
204 0.611476 0.201052 0.0545231
205 0.611476 0.191263 0.0555631
206 0.611476 0.18784 0.0543152
207 0.611476 0.18285 0.0510486
208 0.611476 0.195528 0.0534373
209 0.611476 0.178409 0.053194
210 0.611476 0.196722 0.051419
211 0.611476 0.18266 0.052535
212 0.611476 0.187603 0.0529292
213 0.611476 0.18606 0.0501701
214 0.611476 0.184417 0.0548653
215 0.611476 0.194271 0.0498995
216 0.611476 0.187095 0.0553613
217 0.611476 0.151237 0.0510224
218 0.611476 0.148741 0.0521866
219 0.611476 0.131284 0.0451293
220 0.611476 0.157256 0.0515764
221 0.611476 0.162714 0.0549993
222 0.611476 0.177897 0.0558722
223 0.61201 0.211338 0.0553535
224 0.61201 0.195749 0.0518154
225 0.61201 0.176643 0.0520353
226 0.61201 0.196863 0.0558139
227 0.61201 0.17334 0.0495409
228 0.61201 0.170291 0.048791
229 0.61201 0.19999 0.055328
230 0.61201 0.199284 0.0543261
231 0.61201 0.17873 0.0555551
232 0.61201 0.162571 0.0515284
233 0.61201 0.149486 0.045333
234 0.61201 0.150545 0.0498274
235 0.61201 0.180272 0.0569562
236 0.61201 0.170516 0.0541906
237 0.61201 0.202195 0.0521219
238 0.61201 0.179238 0.053567
239 0.61201 0.15355 0.0474847
240 0.61201 0.162076 0.0514107
241 0.61201 0.155158 0.051914
242 0.61201 0.196288 0.0575599
243 0.61201 0.180074 0.0546499
244 0.61201 0.156378 0.0510218
245 0.61201 0.15438 0.0543015
246 0.61201 0.172977 0.0516245
247 0.61201 0.146562 0.0538803
248 0.61201 0.175583 0.0530183
249 0.61201 0.167694 0.050318
250 0.61201 0.163466 0.0473361
251 0.61201 0.173951 0.0514797
252 0.61201 0.188041 0.0550604
253 0.613666 0.180214 0.0537178
254 0.613666 0.191148 0.0544506
255 0.613666 0.190676 0.0584283
256 0.613666 0.194423 0.0558349
257 0.613666 0.167278 0.0497561
258 0.613666 0.151334 0.0530566
259 0.613666 0.163651 0.0602036
260 0.613666 0.133741 0.0485755
261 0.613666 0.139982 0.0476856
262 0.613666 0.145071 0.0525955
263 0.613666 0.160248 0.0546731
264 0.613666 0.154428 0.0511186
265 0.613666 0.204559 0.0603424
266 0.613666 0.183995 0.056239
267 0.613666 0.183946 0.06026
268 0.613666 0.185806 0.0571594
269 0.613666 0.175278 0.0505153
270 0.613666 0.199864 0.0536407
271 0.613666 0.201889 0.0553689
272 0.613666 0.180601 0.0545243
273 0.613666 0.18406 0.0459918
274 0.613666 0.178556 0.0539427
275 0.613666 0.194337 0.052816
276 0.613666 0.180985 0.0541651
277 0.613666 0.162508 0.0472227
278 0.613666 0.146247 0.048638
279 0.613666 0.156458 0.0499036
280 0.613666 0.177581 0.0543244
281 0.613666 0.175352 0.0566849
282 0.613666 0.176526 0.0556492
283 0.613666 0.148179 0.0507083
284 0.613666 0.156106 0.047914
285 0.613666 0.167993 0.0550473
286 0.613666 0.162565 0.0506694
287 0.613666 0.172087 0.0497458
288 0.613666 0.171245 0.0487905
289 0.613666 0.190441 0.0525126
290 0.613666 0.189908 0.0508392
291 0.613666 0.194175 0.0514182
292 0.613666 0.186907 0.051119
293 0.613666 0.176486 0.0537263
294 0.613666 0.168027 0.0491463
295 0.613666 0.181754 0.0509455
296 0.613666 0.18974 0.0511863
297 0.613666 0.170123 0.0512615
298 0.613666 0.169684 0.0515717
299 0.613666 0.174672 0.0523663
300 0.613666 0.199904 0.0546891
301 0.613666 0.172455 0.0529695
302 0.613666 0.176012 0.0501182
303 0.613666 0.18675 0.0569621
304 0.613666 0.190077 0.0592176
305 0.613666 0.173239 0.0528607
306 0.613666 0.170615 0.0515289
307 0.613666 0.168547 0.0537807
308 0.613666 0.212704 0.0626927
309 0.613666 0.219274 0.0586603
310 0.613666 0.227319 0.0566564
311 0.613666 0.190627 0.0517309
312 0.613666 0.197781 0.0509528
313 0.613666 0.202342 0.0550875
314 0.613672 0.198739 0.0538274
315 0.613672 0.187319 0.0562544
316 0.613672 0.175767 0.051662
317 0.613672 0.183942 0.0507467
318 0.613672 0.174596 0.0491636
319 0.613672 0.160472 0.0469906
320 0.613672 0.18616 0.0554718
321 0.613672 0.163539 0.0513709
322 0.613672 0.177274 0.0489718
323 0.613672 0.19317 0.0487662
324 0.613672 0.19583 0.0526684
325 0.613672 0.192962 0.0529149
326 0.613672 0.179709 0.0563236
327 0.613672 0.151965 0.0506833
328 0.613672 0.151933 0.0466295
329 0.613672 0.173783 0.0505225
330 0.613672 0.196649 0.0570892
331 0.613672 0.187124 0.0549383
332 0.613672 0.163997 0.0514286
333 0.613672 0.160124 0.0556233
334 0.613672 0.1873 0.0586252
335 0.613672 0.184026 0.0564539
336 0.613672 0.166916 0.0480122
337 0.613672 0.144821 0.0469671
338 0.613672 0.17417 0.0497858
339 0.613672 0.150195 0.0489636
340 0.613672 0.153193 0.0547258
341 0.613672 0.130746 0.0444526
342 0.613672 0.144031 0.0493887
343 0.613672 0.146631 0.0521633
344 0.613672 0.164838 0.0513947
345 0.613672 0.16265 0.0511521
346 0.613672 0.181835 0.0545927
347 0.613672 0.156403 0.0472979
348 0.613672 0.169235 0.0513311
349 0.614068 0.163853 0.0511674
350 0.614068 0.143543 0.0502192
351 0.614068 0.153768 0.0493769
352 0.614068 0.163824 0.0519253
353 0.614068 0.162578 0.0509606
354 0.614068 0.130008 0.0472914
355 0.614068 0.169758 0.0581938
356 0.614068 0.160648 0.0517324
357 0.614068 0.183234 0.0540109
358 0.614068 0.176621 0.0553013
359 0.614068 0.168637 0.0583147
360 0.614068 0.164561 0.0548226
361 0.614068 0.179664 0.0519273
362 0.614068 0.215081 0.0588916
363 0.614068 0.193806 0.0557513
364 0.614068 0.206101 0.0550607
365 0.614068 0.209627 0.0572516
366 0.614068 0.19201 0.0518009
367 0.614486 0.187857 0.0535689
368 0.614486 0.228598 0.0574468
369 0.614486 0.198492 0.0571925
370 0.614486 0.190665 0.0549797
371 0.614486 0.193342 0.0593856
372 0.614486 0.200064 0.0564896
373 0.614486 0.173735 0.0496991
374 0.614486 0.174125 0.0497001
375 0.614486 0.191867 0.0598753
376 0.614486 0.164642 0.0486369
377 0.614486 0.181729 0.054924
378 0.614486 0.165132 0.0518721
379 0.614486 0.169147 0.0572134
380 0.614486 0.174526 0.0578829
381 0.614486 0.20188 0.0598958
382 0.614486 0.186384 0.056308
383 0.614486 0.190464 0.0561618
384 0.614486 0.171351 0.0545477
385 0.614486 0.158415 0.0478109
386 0.614486 0.181937 0.0560477
387 0.614486 0.180185 0.0518512
388 0.614486 0.181682 0.057655
389 0.614486 0.147399 0.0488535
390 0.614486 0.13266 0.0465973
391 0.614486 0.153804 0.0495584
392 0.614486 0.148778 0.0485989
393 0.614486 0.161247 0.0532428
394 0.614486 0.167447 0.0545353
395 0.614486 0.155939 0.050201
396 0.614486 0.16951 0.0523655
397 0.614486 0.187557 0.0557934
398 0.614486 0.17735 0.0565608
399 0.614486 0.18826 0.0573169
400 0.614486 0.158932 0.0502778
401 0.614486 0.15951 0.0562365
402 0.614486 0.182234 0.0582837
403 0.614486 0.194454 0.0605568
404 0.614486 0.201502 0.051927
405 0.614486 0.191219 0.0527792
406 0.614486 0.178923 0.0533847
407 0.614486 0.168387 0.0535439
408 0.614486 0.168111 0.0514243
409 0.614486 0.158792 0.0506351
410 0.614486 0.1705 0.0541727
411 0.614486 0.154093 0.0529473
412 0.614486 0.158446 0.0525908
413 0.614486 0.15927 0.052758
414 0.614486 0.175235 0.0557682
415 0.614486 0.194365 0.0544691
416 0.614486 0.196797 0.0560506
417 0.614486 0.182468 0.0544052
418 0.614486 0.213472 0.0582018
419 0.614486 0.210582 0.0561575
420 0.614486 0.212652 0.0592757
421 0.614486 0.174619 0.0514977
422 0.614486 0.16076 0.0483697
423 0.614486 0.173152 0.0526041
424 0.614486 0.207429 0.0597497
425 0.614486 0.182938 0.0565927
426 0.614486 0.164118 0.0485406
427 0.614486 0.177551 0.0513286
428 0.614486 0.202734 0.0546998
429 0.614486 0.214786 0.051146
430 0.614486 0.18503 0.0513484
431 0.614486 0.185632 0.049828
432 0.614486 0.195112 0.0552722
433 0.614486 0.172528 0.0525149
434 0.614486 0.169892 0.0553147
435 0.614486 0.205757 0.0597223
436 0.614486 0.182534 0.0571983
437 0.614486 0.190513 0.0616382
438 0.614486 0.190427 0.0545725
439 0.614486 0.206427 0.0566337
440 0.614486 0.185537 0.0606847
441 0.614486 0.17186 0.0548463
442 0.614486 0.163889 0.0483058
443 0.614486 0.186488 0.06179
444 0.614486 0.19237 0.0536365
445 0.614486 0.204785 0.06131
446 0.614486 0.21278 0.0599432
447 0.614486 0.202884 0.0573843
448 0.614486 0.176679 0.0545423
449 0.614486 0.155064 0.0508224
450 0.614486 0.163759 0.0546847
451 0.614486 0.162554 0.0542441
452 0.614486 0.151234 0.0516067
453 0.614486 0.162989 0.0510898
454 0.614486 0.175939 0.0555603
455 0.614486 0.164871 0.0576123
456 0.614486 0.171349 0.0538353
457 0.614486 0.178312 0.0540498
458 0.614486 0.175804 0.0567072
459 0.614486 0.15951 0.0524834
460 0.614486 0.146336 0.0498592
461 0.614486 0.146592 0.0516846
462 0.614486 0.161685 0.0518955
463 0.614486 0.170258 0.0559216
464 0.614486 0.164638 0.0540347
465 0.614486 0.17439 0.0582765
466 0.614486 0.167881 0.051847
467 0.614486 0.152557 0.0505876
468 0.614486 0.159395 0.0571279
469 0.614486 0.149101 0.0503345
470 0.614486 0.1285 0.0441327
471 0.614486 0.145553 0.0491006
472 0.614486 0.146144 0.0523287
473 0.614486 0.13848 0.0498314
474 0.614486 0.144687 0.0502512
475 0.614486 0.167874 0.0551729
476 0.614486 0.178005 0.0571485
477 0.614486 0.182277 0.0545756
478 0.615095 0.152553 0.046881
479 0.615095 0.175736 0.0556774
480 0.615095 0.171264 0.0527369
481 0.615095 0.181721 0.0532787
482 0.615095 0.149728 0.0461677
483 0.615095 0.205741 0.0587451
484 0.615095 0.181317 0.0565391
485 0.615095 0.17159 0.0538413
486 0.615095 0.173435 0.0501962
487 0.615095 0.154507 0.0493835
488 0.615095 0.172377 0.0510296
489 0.615095 0.179726 0.0543138
490 0.615095 0.171878 0.0508935
491 0.615095 0.158491 0.0481641
492 0.615095 0.186282 0.0526338
493 0.615095 0.190371 0.0531809
494 0.615095 0.20862 0.053637
495 0.615095 0.178075 0.0530718
496 0.615095 0.178541 0.0508154
497 0.615095 0.211021 0.0548368
498 0.615095 0.190794 0.0522187
499 0.615095 0.191045 0.0533195
500 0.615095 0.188567 0.0531799
501 0.615095 0.179947 0.0502591
502 0.615095 0.198182 0.0558684
503 0.615095 0.17538 0.0483785
504 0.615095 0.203419 0.0604648
505 0.615095 0.203371 0.056798
506 0.615095 0.194319 0.054464
507 0.615095 0.195848 0.0541977
508 0.615095 0.171916 0.0546824
509 0.615095 0.206326 0.0597694
510 0.615095 0.199962 0.0589731
511 0.615095 0.15178 0.0440698
512 0.615095 0.159297 0.0489064
513 0.615095 0.172933 0.0544348
514 0.615095 0.188932 0.0560821
515 0.615095 0.18232 0.0532275
516 0.615095 0.196552 0.0562945
517 0.615095 0.190644 0.0549279
518 0.615095 0.183998 0.0512415
519 0.615095 0.210795 0.0536737
520 0.615095 0.186989 0.0492067
521 0.615095 0.225152 0.0562907
522 0.615095 0.199224 0.0538252
523 0.615095 0.187543 0.0505707
524 0.615095 0.173135 0.0516922
525 0.615095 0.20976 0.0557167
526 0.615095 0.201575 0.0529904
527 0.615095 0.20934 0.054645
528 0.615095 0.198756 0.0545297
529 0.615095 0.190337 0.0539376
530 0.615095 0.178126 0.0572392
531 0.615095 0.167007 0.0555147
532 0.615095 0.159549 0.0512696
533 0.615095 0.17618 0.0527462
534 0.615095 0.156526 0.0492336
535 0.615095 0.187886 0.0580157
536 0.615095 0.192599 0.0548053
537 0.615095 0.184612 0.0541928
538 0.615095 0.207097 0.0552258
539 0.615095 0.173933 0.0518893
540 0.615095 0.172045 0.0516207
541 0.615095 0.183185 0.0515471
542 0.615095 0.175242 0.0535534
543 0.615095 0.159308 0.0478869
544 0.615095 0.17623 0.0494685
545 0.615095 0.136413 0.0476727
546 0.615095 0.16534 0.0507178
547 0.615095 0.154652 0.0484868
548 0.615095 0.166561 0.04604
549 0.615095 0.167664 0.0453671
550 0.615095 0.178353 0.0522811
551 0.615095 0.187789 0.0512363
552 0.615095 0.212289 0.0550015
553 0.615095 0.18335 0.0564209
554 0.615095 0.201691 0.0553479
555 0.615095 0.185848 0.0561075
556 0.615095 0.198439 0.0534152
557 0.615095 0.203533 0.0522646
558 0.615095 0.201533 0.0540255
559 0.615095 0.185282 0.05518
560 0.615095 0.185483 0.0551714
561 0.615095 0.175315 0.0515124
562 0.615095 0.181124 0.0567373
563 0.615095 0.175749 0.0540017
564 0.615095 0.165342 0.0500504
565 0.615095 0.166493 0.0532554
566 0.615095 0.1588 0.0578794
567 0.615095 0.151727 0.0517641
568 0.615095 0.173265 0.0526798
569 0.615095 0.173359 0.0543617
570 0.615095 0.169839 0.0552177
571 0.615095 0.182457 0.0544662
572 0.615095 0.194911 0.0505546
573 0.615095 0.194373 0.0538413
574 0.615095 0.203226 0.0558109
575 0.615095 0.204247 0.0546133
576 0.615095 0.185716 0.0520822
577 0.615095 0.202494 0.0535545
578 0.615095 0.2058 0.0531758
579 0.615095 0.165426 0.051009
580 0.615095 0.180369 0.0586169
581 0.615095 0.179375 0.0530152
582 0.615095 0.1656 0.0550497
583 0.615095 0.164505 0.0534966
584 0.615095 0.164167 0.0523131
585 0.615095 0.188732 0.0568955
586 0.615095 0.180299 0.0556783
587 0.615095 0.149557 0.0524887
588 0.615095 0.169508 0.0559219
589 0.615095 0.13538 0.0487634
590 0.615095 0.155852 0.0561033
591 0.615095 0.163461 0.0562213
592 0.615095 0.163604 0.0545998
593 0.615095 0.164622 0.0524637
594 0.615095 0.14843 0.0475075
595 0.615095 0.165311 0.0532527
596 0.615095 0.149779 0.0507941
597 0.615095 0.165598 0.0507327
598 0.615095 0.167717 0.0554014
599 0.615095 0.168077 0.0535484
600 0.615095 0.185078 0.0571687
601 0.615095 0.160065 0.0519999
602 0.615095 0.165405 0.0538239
603 0.615095 0.148611 0.0501465
604 0.615095 0.152 0.052241
605 0.615095 0.136887 0.0457978
606 0.615095 0.169671 0.0503463
607 0.615095 0.17545 0.053456
608 0.615095 0.214159 0.0537622
609 0.615095 0.178232 0.0525161
610 0.615095 0.167085 0.0477598
611 0.615095 0.187383 0.054112
612 0.615095 0.164061 0.0506404
613 0.615095 0.172159 0.0512016
614 0.615095 0.198446 0.0523932
615 0.615095 0.20204 0.0583255
616 0.615095 0.18331 0.0550019
617 0.615095 0.177751 0.0530087
618 0.615095 0.186136 0.0520544
619 0.615095 0.19205 0.0528463
620 0.615095 0.176352 0.0536908
621 0.615095 0.163875 0.051151
622 0.615095 0.182411 0.0534106
623 0.615095 0.187455 0.0547048
624 0.615095 0.167055 0.0525351
625 0.615095 0.161356 0.0487721
626 0.615095 0.183579 0.0554443
627 0.615095 0.143059 0.0464723
628 0.615095 0.166842 0.0536449
629 0.615095 0.1883 0.0574918
630 0.615095 0.191854 0.0522338
631 0.615095 0.210468 0.0558095
632 0.615095 0.197895 0.0562358
633 0.615095 0.184156 0.0558112
634 0.615095 0.180639 0.0514894
635 0.615095 0.175245 0.0525892
636 0.615095 0.177723 0.0524987
637 0.615095 0.188275 0.0547845
638 0.615095 0.192156 0.054353
639 0.615095 0.173893 0.0514824
640 0.615095 0.175278 0.0510382
641 0.615095 0.195647 0.0527704
642 0.615095 0.192394 0.0503689
643 0.615095 0.181312 0.0561949
644 0.615095 0.181358 0.0527012
645 0.615095 0.168404 0.0534859
646 0.615095 0.182708 0.0539876
647 0.615095 0.185975 0.0549332
648 0.615095 0.195883 0.05638
649 0.615095 0.184066 0.0599986
650 0.615095 0.176349 0.0580876
651 0.615095 0.188849 0.0553402
652 0.615095 0.190773 0.0591937
653 0.615095 0.179923 0.058244
654 0.615095 0.159671 0.0524806
655 0.615095 0.158278 0.0547796
656 0.615095 0.16149 0.0505969
657 0.615095 0.179763 0.052972
658 0.615095 0.16294 0.0505081
659 0.615095 0.158535 0.05392
660 0.615095 0.164672 0.0507922
661 0.615095 0.16958 0.054718
662 0.615095 0.165665 0.0538051
663 0.615095 0.160968 0.0527549
664 0.615095 0.14754 0.0508682
665 0.615095 0.17997 0.0604251
666 0.615095 0.151914 0.0493485
667 0.615095 0.15953 0.0443992
668 0.615095 0.177481 0.0531736
669 0.615095 0.16378 0.0506722
670 0.615095 0.137747 0.0509528
671 0.615095 0.151874 0.0508518
672 0.615095 0.154082 0.0518779
673 0.615095 0.164513 0.0561324
674 0.615095 0.154961 0.0540279
675 0.615095 0.134218 0.0481471
676 0.615095 0.134013 0.0476324
677 0.615095 0.149754 0.048521
678 0.615095 0.1669 0.0515589
679 0.615095 0.196157 0.0554586
680 0.615095 0.183965 0.0515766
681 0.615095 0.181432 0.0539631
682 0.615095 0.189584 0.0572977
683 0.615095 0.187822 0.0557963
684 0.615095 0.184781 0.0565644
685 0.615095 0.16156 0.0541253
686 0.615095 0.189459 0.0572363
687 0.615095 0.170411 0.052748
688 0.615095 0.162337 0.054016
689 0.615095 0.147211 0.0505347
690 0.615095 0.178801 0.0542773
691 0.615095 0.178924 0.054831
692 0.615095 0.178501 0.0542047
693 0.615095 0.175239 0.0553492
694 0.615095 0.161356 0.0527499
695 0.615095 0.1636 0.0525495
696 0.615095 0.170111 0.0520226
697 0.615095 0.181563 0.0560257
698 0.615095 0.1761 0.0545312
699 0.615095 0.181801 0.0541913
700 0.615095 0.170749 0.05474
701 0.615095 0.191058 0.0572567
702 0.615095 0.173227 0.0563967
703 0.615095 0.191216 0.0516629
704 0.615095 0.181584 0.0522844
705 0.615095 0.171496 0.0498728
706 0.615095 0.17693 0.0517716
707 0.615095 0.201874 0.0548886
708 0.615095 0.214759 0.0519193
709 0.615095 0.198989 0.0542176
710 0.615095 0.196515 0.0591161
711 0.615095 0.181998 0.0530587
712 0.615095 0.168419 0.0508871
713 0.615095 0.162697 0.0501907
714 0.615095 0.17132 0.0566764
715 0.615095 0.180296 0.0558786
716 0.615095 0.160788 0.0500493
717 0.615095 0.165562 0.0564234
718 0.615095 0.159962 0.0535189
719 0.615095 0.12001 0.0456146
720 0.615095 0.158209 0.0509684
721 0.615095 0.162205 0.0513553
722 0.615095 0.16365 0.0508505
723 0.615095 0.168724 0.0533004
724 0.615095 0.171769 0.0522507
725 0.615095 0.147617 0.0487141
726 0.615095 0.196056 0.055693
727 0.615095 0.188698 0.0543916
728 0.615095 0.159197 0.0488162
729 0.615095 0.168346 0.0516121
730 0.615095 0.14417 0.0515743
731 0.615095 0.170991 0.0550291
732 0.615095 0.145747 0.0530926
733 0.615095 0.133918 0.0472882
734 0.615095 0.140004 0.0516654
735 0.615095 0.148795 0.049014
736 0.615095 0.148186 0.049253
737 0.615095 0.155099 0.0517036
738 0.615095 0.175194 0.0568433
739 0.615095 0.153881 0.0526155
740 0.615095 0.159554 0.0550916
741 0.615095 0.153241 0.0549407
742 0.615095 0.156889 0.0522748
743 0.615095 0.12374 0.0479895
744 0.615095 0.154867 0.0540399
745 0.615095 0.136616 0.0503609
746 0.615095 0.127803 0.0462434
747 0.615095 0.142991 0.0497841
748 0.615095 0.183966 0.0568373
749 0.615095 0.142684 0.0494109
750 0.615095 0.153077 0.0536796
751 0.615095 0.18191 0.0556184
752 0.615095 0.176511 0.0579016
753 0.615095 0.177773 0.0559761
754 0.615095 0.170496 0.0530817
755 0.615095 0.164628 0.0557711
756 0.615095 0.154203 0.052809
757 0.615095 0.169621 0.0519369
758 0.615095 0.163054 0.0504307
759 0.615095 0.179273 0.0535528
760 0.615095 0.182754 0.0543368
761 0.615095 0.190504 0.0557277
762 0.615095 0.176616 0.054867
763 0.615095 0.169457 0.051222
764 0.615095 0.179955 0.054048
765 0.615095 0.154887 0.0515613
766 0.615095 0.183772 0.0613589
767 0.615095 0.204722 0.0548908
768 0.615095 0.213649 0.0547292
769 0.615095 0.174812 0.0529969
770 0.615095 0.159831 0.0461774
771 0.615095 0.160703 0.0469426
772 0.615095 0.158438 0.0471296
773 0.615095 0.14713 0.045768
774 0.615095 0.154025 0.0485099
775 0.615095 0.150337 0.0497022
776 0.615095 0.152942 0.0496853
777 0.615095 0.169732 0.0534523
778 0.615095 0.139765 0.0487378
779 0.615095 0.135835 0.0477288
780 0.615095 0.159662 0.0495961
781 0.615095 0.164471 0.0494328
782 0.615095 0.142198 0.0486227
783 0.615095 0.141542 0.0506073
784 0.615095 0.151153 0.0505623
785 0.615095 0.143513 0.0510284
786 0.615095 0.155192 0.0479832
787 0.615095 0.151234 0.0529785
788 0.615095 0.150246 0.0479116
789 0.615095 0.155019 0.0486374
790 0.615095 0.179972 0.0506375
791 0.615095 0.163753 0.0482965
792 0.615095 0.158452 0.0513251
793 0.615095 0.167134 0.0520821
794 0.615095 0.152815 0.0522257
795 0.615095 0.163504 0.058288
796 0.615095 0.125198 0.0509452
797 0.615095 0.144954 0.0532413
798 0.615095 0.15581 0.0564657
799 0.615095 0.168338 0.0520966
800 0.615095 0.176191 0.0526657
801 0.615095 0.183979 0.0519944
802 0.615095 0.172068 0.0487636
803 0.615095 0.190814 0.0559522
804 0.615095 0.168028 0.0511024
805 0.615095 0.13654 0.0448689
806 0.615095 0.144355 0.0483073
807 0.615095 0.148864 0.0510318
808 0.615095 0.160338 0.0542961
809 0.615095 0.182955 0.056641
810 0.615095 0.156254 0.051998
811 0.615095 0.162278 0.0509431
812 0.615095 0.144713 0.0455669
813 0.615095 0.151687 0.0535331
814 0.615095 0.189915 0.0591927
815 0.615095 0.159933 0.0512164
816 0.615095 0.167865 0.0513984
817 0.615095 0.177879 0.0545346
818 0.615095 0.202271 0.0556983
819 0.615095 0.186066 0.0564632
820 0.615095 0.199082 0.0593896
821 0.615095 0.171763 0.0560235
822 0.615095 0.183255 0.0559188
823 0.615095 0.174129 0.0517773
824 0.615095 0.172562 0.0478154
825 0.615095 0.165527 0.0502133
826 0.615095 0.185014 0.0596499
827 0.615095 0.179892 0.0543009
828 0.615095 0.191159 0.0566817
829 0.615095 0.204824 0.0569384
830 0.615095 0.202053 0.0554642
831 0.615095 0.182198 0.0519717
832 0.615095 0.169979 0.0529561
833 0.615095 0.205448 0.0574721
834 0.615095 0.182727 0.0552029
835 0.615095 0.213338 0.0511512
836 0.615095 0.192661 0.0563598
837 0.615095 0.20441 0.0593241
838 0.615095 0.157396 0.0523469
839 0.615095 0.176827 0.0545497
840 0.615095 0.170389 0.0491254
841 0.615095 0.181241 0.0534474
842 0.615095 0.140104 0.0501682
843 0.615095 0.161793 0.0516728
844 0.615095 0.173631 0.0524831
845 0.615095 0.153632 0.0519339
846 0.615095 0.142718 0.0499378
847 0.615095 0.138831 0.0493152
848 0.615095 0.15536 0.0567779
849 0.615095 0.180257 0.0574491
850 0.615095 0.17417 0.051875
851 0.615095 0.156678 0.0462803
852 0.615095 0.154601 0.050976
853 0.615095 0.159326 0.0541724
854 0.615095 0.161381 0.0551839
855 0.615095 0.15791 0.0551459
856 0.615095 0.204361 0.0583222
857 0.615095 0.166205 0.0476694
858 0.615095 0.172468 0.0545818
859 0.615095 0.183524 0.0535707
860 0.615095 0.18432 0.0517492
861 0.615095 0.160289 0.0507999
862 0.615095 0.182048 0.0544712
863 0.615095 0.194716 0.0527324
864 0.615095 0.191717 0.0556913
865 0.615095 0.18979 0.0558873
866 0.615095 0.189865 0.0497954
867 0.615095 0.184712 0.0494287
868 0.615095 0.198203 0.0529733
869 0.615095 0.204972 0.0503658
870 0.615095 0.197286 0.052356
871 0.615095 0.194627 0.0499994
872 0.615095 0.204412 0.0547262
873 0.615095 0.175631 0.0476964
874 0.615095 0.171803 0.0491963
875 0.615095 0.172702 0.049878
876 0.615095 0.164391 0.0482154
877 0.615095 0.147607 0.0495583
878 0.615095 0.166969 0.052514
879 0.615095 0.172682 0.054346
880 0.615095 0.151286 0.0461711
881 0.615095 0.151947 0.0471776
882 0.615095 0.177146 0.0558189
883 0.615095 0.180558 0.053088
884 0.615095 0.168561 0.0534589
885 0.615095 0.165362 0.0474442
886 0.615095 0.196615 0.049943
887 0.615095 0.165267 0.0521996
888 0.615095 0.144513 0.046369
889 0.615095 0.144177 0.0510687
890 0.615095 0.147602 0.0508854
891 0.615095 0.154685 0.0508556
892 0.615095 0.159151 0.0535243
893 0.615095 0.175137 0.0538425
894 0.615095 0.197638 0.0562319
895 0.615095 0.17657 0.054274
896 0.615095 0.183112 0.0577705
897 0.615095 0.168964 0.050868
898 0.615095 0.163941 0.04947
899 0.615095 0.174059 0.0533641
900 0.615095 0.164477 0.0534624
901 0.615095 0.161158 0.0545266
902 0.615095 0.17071 0.0550491
903 0.615095 0.160485 0.052802
904 0.615095 0.143349 0.049313
905 0.615095 0.170583 0.0559534
906 0.615095 0.153505 0.0523292
907 0.615095 0.133496 0.0518223
908 0.615095 0.136465 0.0526381
909 0.615095 0.16359 0.0513036
910 0.615095 0.137157 0.0492349
911 0.615095 0.147817 0.0501546
912 0.615095 0.171347 0.0498216
913 0.615095 0.140724 0.048231
914 0.615095 0.137237 0.0487796
915 0.615095 0.146369 0.0508731
916 0.615095 0.173713 0.0552955
917 0.615095 0.151533 0.0487472
918 0.615095 0.164852 0.0523455
919 0.615095 0.193689 0.0551982
920 0.615095 0.185336 0.0549595
921 0.615095 0.173627 0.0587043
922 0.615095 0.171507 0.0554467
923 0.615095 0.144431 0.0522927
924 0.615095 0.155919 0.0492097
925 0.615095 0.161417 0.0525689
926 0.615095 0.197311 0.0564004
927 0.615095 0.198478 0.0561604
928 0.615095 0.184181 0.0557768
929 0.615095 0.191811 0.0533225
930 0.615095 0.170965 0.0518452
931 0.615095 0.205031 0.0552188
932 0.615095 0.180305 0.0540612
933 0.615095 0.180674 0.0504104
934 0.615095 0.137923 0.0463591
935 0.615095 0.169737 0.0556389
936 0.615095 0.154357 0.0507025
937 0.615095 0.165459 0.0544367
938 0.615095 0.171969 0.0497429
939 0.615095 0.183569 0.0578648
940 0.615095 0.169001 0.0534714
941 0.615095 0.161175 0.0522334
942 0.615095 0.174698 0.0528941
943 0.615095 0.185003 0.0497053
944 0.615095 0.17923 0.0544812
945 0.615095 0.179733 0.0562164
946 0.615095 0.178877 0.051158
947 0.615095 0.177621 0.0535302
948 0.615095 0.153951 0.0493087
949 0.615095 0.163882 0.0536719
950 0.615095 0.163271 0.0538652
951 0.615095 0.17737 0.0543141
952 0.615095 0.165398 0.0518793
953 0.615095 0.169417 0.0523345
954 0.615095 0.146808 0.0490992
955 0.615095 0.150727 0.0532825
956 0.615095 0.142374 0.0518545
957 0.615095 0.138937 0.0490803
958 0.615095 0.139839 0.048347
959 0.615095 0.135533 0.0477398
960 0.615095 0.141608 0.0477218
961 0.615095 0.151362 0.0513628
962 0.615095 0.130795 0.0484881
963 0.615095 0.156419 0.0536817
964 0.615095 0.176578 0.0583431
965 0.615095 0.155647 0.0532624
966 0.615095 0.163637 0.0579995
967 0.615095 0.149274 0.0532764
968 0.615095 0.152163 0.0515065
969 0.615095 0.141148 0.0499186
970 0.615095 0.147394 0.0478303
971 0.615095 0.161251 0.0508453
972 0.615095 0.171575 0.0523002
973 0.615095 0.151324 0.0524587
974 0.615095 0.174708 0.0548032
975 0.615095 0.164843 0.0539001
976 0.615095 0.174405 0.0540323
977 0.615095 0.157492 0.0541745
978 0.615095 0.165551 0.0512808
979 0.615095 0.18515 0.0551819
980 0.615095 0.203252 0.0568994
981 0.615095 0.233657 0.0622629
982 0.615095 0.149037 0.0502537
983 0.615095 0.135336 0.0488181
984 0.615095 0.144532 0.045776
985 0.615095 0.169 0.0528146
986 0.615095 0.155967 0.0500932
987 0.615095 0.164737 0.0532282
988 0.615095 0.172875 0.0525907
989 0.615095 0.173152 0.0506512
990 0.615095 0.171741 0.0527678
991 0.615095 0.196036 0.0565637
992 0.615095 0.166948 0.050202
993 0.615095 0.183017 0.0540697
994 0.615095 0.165048 0.0507553
995 0.615095 0.184717 0.0548686
996 0.615095 0.184819 0.05226
997 0.615095 0.19295 0.0560216
998 0.615095 0.186314 0.0559285
999 0.615095 0.186985 0.0523742
1000 0.615095 0.177692 0.0541303
