0 0.125266 0.060162 0.00393739
1 0.125266 0.0627425 0.00393487
2 0.125266 0.0701403 0.00388981
3 0.125266 0.0726057 0.00385345
4 0.12527 0.0826007 0.00355031
5 0.12527 0.0888597 0.0032577
6 0.125277 0.0888532 0.0032563
7 0.125277 0.088936 0.00324434
8 0.125277 0.0859032 0.00336909
9 0.125277 0.0911974 0.00305165
10 0.125277 0.0988695 0.00262471
11 0.125277 0.0938674 0.00296503
12 0.125277 0.100125 0.00253075
13 0.125277 0.0938674 0.00296512
14 0.125278 0.0963826 0.00279864
15 0.125278 0.102631 0.00233548
16 0.125278 0.101418 0.00242498
17 0.125278 0.102638 0.00233323
18 0.125278 0.102626 0.00233414
19 0.125278 0.106381 0.00201644
20 0.126067 0.111402 0.00154918
21 0.126067 0.110148 0.001671
22 0.126067 0.113898 0.00129588
23 0.126067 0.111402 0.0015479
24 0.126067 0.11268 0.00141453
25 0.126067 0.113894 0.0012959
26 0.126067 0.11644 0.0010214
27 0.126067 0.117679 0.000887645
28 0.126067 0.114051 0.00126344
29 0.126067 0.115142 0.00116253
30 0.126067 0.117651 0.000891738
31 0.126067 0.115211 0.00115069
32 0.126067 0.113911 0.00129013
33 0.126067 0.116421 0.00102434
34 0.126067 0.117647 0.000890576
35 0.126067 0.116398 0.0010277
36 0.126067 0.118434 0.000734977
37 0.126067 0.117606 0.000879212
38 0.126067 0.115167 0.00115801
39 0.126067 0.11773 0.000873052
40 0.126067 0.117752 0.000869759
41 0.126067 0.11891 0.000749895
42 0.126067 0.115144 0.00116189
43 0.126067 0.117667 0.000888439
44 0.126067 0.117641 0.000888986
45 0.126067 0.114528 0.00118996
46 0.126067 0.115171 0.00116021
47 0.126067 0.112695 0.00141056
48 0.126067 0.117663 0.000891289
49 0.126067 0.115157 0.00116145
50 0.126067 0.112735 0.00140747
51 0.126067 0.11398 0.00128039
52 0.126067 0.107686 0.00189779
53 0.126067 0.112713 0.0014137
54 0.126067 0.113908 0.00129621
55 0.126067 0.112641 0.00142129
56 0.126067 0.112071 0.00143687
57 0.126067 0.114684 0.0011707
58 0.126067 0.113914 0.00129481
59 0.126067 0.110181 0.00166468
60 0.126092 0.110215 0.00166065
61 0.126092 0.110789 0.00156253
62 0.126092 0.109827 0.00166339
63 0.126092 0.109882 0.00165419
64 0.126092 0.102875 0.00228908
65 0.126092 0.108943 0.00178091
66 0.126092 0.110473 0.00160728
67 0.126092 0.0990724 0.00259028
68 0.126092 0.100083 0.00250827
69 0.126092 0.104003 0.00220412
70 0.126092 0.0958275 0.00278002
71 0.126092 0.0966794 0.00275213
72 0.126092 0.105289 0.00209858
73 0.126092 0.107382 0.00188813
74 0.126092 0.106423 0.00200072
75 0.126092 0.104024 0.0021973
76 0.126092 0.0977706 0.00269339
77 0.126092 0.098886 0.00262031
78 0.126092 0.0963736 0.00276526
79 0.126092 0.0878375 0.00328885
80 0.126092 0.0875393 0.00325526
81 0.126092 0.094074 0.0029252
82 0.126092 0.0953274 0.00284561
83 0.126092 0.100216 0.00244331
84 0.126092 0.0980285 0.00256115
85 0.126092 0.0982867 0.00261647
86 0.126092 0.0918719 0.00303102
87 0.126092 0.0945358 0.00284014
88 0.359865 0.102813 0.00314269
89 0.359865 0.110917 0.00239585
90 0.359865 0.107358 0.00296753
91 0.359865 0.100584 0.00349597
92 0.359865 0.104937 0.00365066
93 0.359865 0.102111 0.00402066
94 0.359865 0.111374 0.00374132
95 0.39103 0.1064 0.00553935
96 0.39103 0.105383 0.00692134
97 0.39103 0.110725 0.00899851
98 0.39103 0.124819 0.0091148
99 0.39103 0.134859 0.0103068
100 0.441725 0.145261 0.0130314
101 0.441725 0.144352 0.013176
102 0.441725 0.152064 0.0144235
103 0.471741 0.157188 0.0152108
104 0.50071 0.156448 0.0166248
104 0.50571 0.0868916 0.0241265
105 0.50571 0.0805868 0.0220896
106 0.537323 0.101044 0.0273566
107 0.544109 0.112056 0.0310939
108 0.573387 0.11322 0.0343261
109 0.573387 0.109385 0.0333523
110 0.573387 0.119359 0.0369494
111 0.573387 0.144829 0.0415783
112 0.573387 0.143094 0.042054
113 0.573387 0.155117 0.0455803
114 0.573387 0.125131 0.0392772
115 0.573387 0.102572 0.0351581
116 0.573387 0.137717 0.0415312
117 0.573387 0.123697 0.0366058
118 0.573387 0.156118 0.0444028
119 0.573387 0.136721 0.0420625
120 0.573387 0.14954 0.0410082
121 0.573387 0.142538 0.0401049
122 0.573387 0.14276 0.0424356
123 0.573387 0.148905 0.0421828
124 0.573387 0.131564 0.0421025
125 0.573387 0.11883 0.0415189
126 0.573387 0.131075 0.0422917
127 0.573387 0.153699 0.0439752
128 0.573387 0.134856 0.0461083
129 0.573387 0.121476 0.0384843
130 0.573387 0.128127 0.0388796
131 0.573387 0.134485 0.0394874
132 0.590521 0.156027 0.0441266
133 0.590521 0.172973 0.0469079
134 0.590521 0.161664 0.0434526
135 0.590521 0.157392 0.0461584
136 0.590521 0.162236 0.0453841
137 0.590521 0.146129 0.0443226
138 0.590521 0.15945 0.0495601
139 0.590521 0.134523 0.0463388
140 0.590521 0.135389 0.0440976
141 0.592047 0.132473 0.0484215
142 0.592047 0.138771 0.0499203
143 0.592047 0.141033 0.046641
144 0.592047 0.13184 0.0426656
145 0.592047 0.14868 0.0486711
146 0.592047 0.160049 0.0483304
147 0.592047 0.166454 0.0501545
148 0.592047 0.139723 0.040881
149 0.592047 0.1509 0.0446447
150 0.592047 0.150259 0.0455848
151 0.592047 0.136637 0.0420597
152 0.592047 0.154211 0.0462365
153 0.592047 0.132802 0.0401245
154 0.592047 0.155453 0.0462648
155 0.594048 0.153356 0.0499221
156 0.594048 0.164042 0.0442552
157 0.594048 0.161907 0.048046
158 0.594048 0.148669 0.044437
159 0.594507 0.152592 0.0472785
160 0.59917 0.167586 0.0525074
161 0.59917 0.166878 0.0546475
162 0.59917 0.142044 0.0471047
163 0.59917 0.135903 0.0424137
164 0.59917 0.139989 0.0476535
165 0.59917 0.14153 0.0461687
166 0.59917 0.160623 0.0501076
167 0.59917 0.177156 0.0504431
168 0.59917 0.157758 0.0443279
169 0.59917 0.170999 0.0473942
170 0.59917 0.165201 0.0469522
171 0.59917 0.176847 0.0494511
172 0.59917 0.176764 0.0467753
173 0.605056 0.165567 0.0514677
174 0.605056 0.175735 0.0550485
175 0.605056 0.171092 0.0507891
176 0.605056 0.178891 0.0545769
177 0.605056 0.168511 0.0482723
178 0.605056 0.172035 0.0528127
179 0.605056 0.16975 0.0493195
180 0.605056 0.185343 0.0508012
181 0.605056 0.171136 0.0521482
182 0.605056 0.158755 0.0463344
183 0.605056 0.167585 0.0523291
184 0.605056 0.138819 0.0500537
185 0.605056 0.189043 0.0578642
186 0.605056 0.166167 0.0536932
187 0.605056 0.198511 0.0559574
188 0.605056 0.201594 0.0600188
189 0.605056 0.196738 0.0567819
190 0.605056 0.176166 0.0532741
191 0.605056 0.194033 0.0528978
192 0.605056 0.175648 0.048437
193 0.605056 0.175034 0.0523097
194 0.605056 0.188211 0.0505221
195 0.605056 0.207047 0.0550864
196 0.605056 0.199225 0.0574315
197 0.605056 0.201568 0.0543501
198 0.605056 0.191818 0.0551937
199 0.605056 0.197671 0.0550677
200 0.605056 0.161982 0.0484773
201 0.605056 0.176755 0.0514375
202 0.605056 0.184984 0.0532821
203 0.605056 0.201702 0.0567189
204 0.605056 0.19839 0.0532606
205 0.605056 0.176652 0.0523064
206 0.605056 0.163172 0.0507783
207 0.605056 0.200598 0.0520173
208 0.610464 0.21294 0.0544792
209 0.610464 0.174811 0.047341
210 0.610464 0.199897 0.0492395
211 0.610464 0.185125 0.0493187
212 0.610464 0.211416 0.0514522
213 0.610464 0.206947 0.0506989
214 0.610464 0.210445 0.0489125
215 0.610464 0.232778 0.0547968
216 0.610464 0.196546 0.053307
217 0.610464 0.177841 0.0503402
218 0.610464 0.186597 0.0544231
219 0.610464 0.177746 0.0535663
220 0.610464 0.192114 0.0531646
221 0.610464 0.180208 0.0528454
222 0.610464 0.200216 0.057912
223 0.610464 0.189614 0.0528495
224 0.610464 0.207536 0.0546196
225 0.610464 0.191335 0.055083
226 0.610464 0.206353 0.0573657
227 0.610464 0.200813 0.0562092
228 0.610464 0.194866 0.0567197
229 0.610464 0.206355 0.0576736
230 0.610464 0.167929 0.052953
231 0.610464 0.194025 0.0510926
232 0.610464 0.174446 0.0518224
233 0.610464 0.191986 0.0560745
234 0.610464 0.198488 0.0573193
235 0.610464 0.206879 0.0571408
236 0.610464 0.223077 0.0596545
237 0.610464 0.216966 0.0583628
238 0.610464 0.218244 0.0596354
239 0.610464 0.215826 0.0544536
240 0.610464 0.195452 0.0553911
241 0.610464 0.218002 0.0579437
242 0.610464 0.191099 0.0495207
243 0.610464 0.191158 0.0469641
244 0.610464 0.199694 0.0535798
245 0.610464 0.195893 0.0540195
246 0.610464 0.188023 0.0526915
247 0.610464 0.20447 0.0560667
248 0.610464 0.181912 0.0531271
249 0.610464 0.189813 0.0549749
250 0.610464 0.170197 0.0510924
251 0.610464 0.174173 0.0478064
252 0.610464 0.199772 0.0537595
253 0.610464 0.198596 0.0521814
254 0.610464 0.174044 0.0481981
255 0.610464 0.168872 0.0480385
256 0.610464 0.171725 0.0521529
257 0.610464 0.15624 0.0510346
258 0.610464 0.193909 0.0540447
259 0.610464 0.205497 0.0574365
260 0.610464 0.212564 0.0533055
261 0.610464 0.235622 0.0580125
262 0.610464 0.225456 0.060511
263 0.610464 0.208516 0.0582725
264 0.610464 0.164048 0.0520622
265 0.610464 0.140683 0.0499007
266 0.610464 0.157157 0.0560978
267 0.610464 0.15789 0.0520621
268 0.612044 0.180803 0.0538624
269 0.613984 0.183804 0.0626379
270 0.613984 0.184923 0.054604
271 0.613984 0.187546 0.0570412
272 0.614079 0.15691 0.048076
273 0.614079 0.17678 0.0551551
274 0.614079 0.188101 0.0592723
275 0.614079 0.195391 0.0553749
276 0.614079 0.192588 0.0544075
277 0.614079 0.180612 0.0549898
278 0.614079 0.184811 0.0514676
279 0.614079 0.190152 0.0569532
280 0.614079 0.17722 0.0536385
281 0.614079 0.186288 0.0546071
282 0.614079 0.174039 0.0545221
283 0.614079 0.195418 0.0528053
284 0.614079 0.15528 0.0512269
285 0.614079 0.205794 0.0576926
286 0.614079 0.21099 0.0581458
287 0.614079 0.208774 0.0576111
288 0.614079 0.195623 0.0547804
289 0.614079 0.210382 0.0556255
290 0.614079 0.205281 0.0575475
291 0.614079 0.192903 0.0522329
292 0.614079 0.198861 0.0552252
293 0.614079 0.181405 0.0505713
294 0.614079 0.182289 0.0549409
295 0.614079 0.178572 0.0573647
296 0.614079 0.201034 0.0553804
297 0.614079 0.176764 0.0494352
298 0.614079 0.161608 0.0469478
299 0.614079 0.186743 0.0514999
300 0.614079 0.202631 0.0587408
301 0.614079 0.207038 0.0512036
302 0.614079 0.182815 0.05123
303 0.614079 0.170148 0.0509064
304 0.614079 0.172578 0.0513256
305 0.614079 0.208456 0.0574482
306 0.614079 0.218355 0.0587336
307 0.614079 0.231637 0.055862
308 0.614079 0.209195 0.0521684
309 0.614079 0.210544 0.0509011
310 0.614079 0.179473 0.0512696
311 0.614079 0.166681 0.0522301
312 0.614925 0.201733 0.0562351
313 0.614925 0.187905 0.0550304
314 0.614925 0.161826 0.0504404
315 0.614925 0.182252 0.0511895
316 0.614925 0.168641 0.0536526
317 0.614925 0.186209 0.052983
318 0.614925 0.172075 0.0533005
319 0.614925 0.15741 0.0487037
320 0.614925 0.18802 0.0562305
321 0.614925 0.183379 0.054643
322 0.614925 0.195002 0.053931
323 0.614925 0.166355 0.0503016
324 0.614925 0.175853 0.054148
325 0.614925 0.173115 0.0531476
326 0.614925 0.221714 0.0559373
327 0.614925 0.197246 0.0543206
328 0.614925 0.20072 0.0588153
329 0.614925 0.214892 0.0573404
330 0.614925 0.211734 0.0538545
331 0.614925 0.22015 0.057421
332 0.614925 0.18166 0.0530811
333 0.614925 0.181473 0.049668
334 0.614925 0.179897 0.0523481
335 0.614925 0.190038 0.0575054
336 0.614925 0.178208 0.055829
337 0.614925 0.167861 0.049513
338 0.614925 0.183542 0.0532428
339 0.614925 0.167546 0.049388
340 0.614925 0.197147 0.0559636
341 0.614925 0.176406 0.0556666
342 0.614925 0.156499 0.0506059
343 0.614925 0.163031 0.0551599
344 0.614925 0.17526 0.0556704
345 0.614925 0.161794 0.048613
346 0.614925 0.164377 0.0545817
347 0.614925 0.166603 0.0511633
348 0.614925 0.161222 0.0543037
349 0.614925 0.179689 0.0528659
350 0.614925 0.176749 0.0544379
351 0.614925 0.163278 0.0541389
352 0.614925 0.168009 0.0513943
353 0.614925 0.152461 0.0511352
354 0.614925 0.161657 0.0489838
355 0.614925 0.151383 0.0514872
356 0.614925 0.154614 0.049541
357 0.614925 0.165415 0.0535074
358 0.614925 0.16933 0.0530294
359 0.614925 0.164165 0.0541687
360 0.614925 0.204674 0.059087
361 0.614925 0.205123 0.0557349
362 0.614925 0.193721 0.0617962
363 0.614925 0.185378 0.0585874
364 0.614925 0.184813 0.0560694
365 0.614925 0.189684 0.0593344
366 0.614925 0.163766 0.0556816
367 0.614925 0.183947 0.0541028
368 0.614925 0.17612 0.0545128
369 0.614925 0.178737 0.0581405
370 0.614925 0.209896 0.0616456
371 0.614925 0.185781 0.0574005
372 0.614925 0.173524 0.052155
373 0.614925 0.210284 0.0634681
374 0.614925 0.226704 0.0589509
375 0.614925 0.207305 0.0557335
376 0.614925 0.205137 0.0544201
377 0.614925 0.213397 0.0535519
378 0.614925 0.20803 0.0546583
379 0.614925 0.212365 0.0570018
380 0.614925 0.195015 0.057258
381 0.614925 0.191041 0.0536886
382 0.614925 0.233216 0.0566783
383 0.614925 0.215084 0.0527872
384 0.614925 0.228601 0.0582956
385 0.614925 0.22655 0.0584088
386 0.614925 0.199832 0.0515059
387 0.614925 0.22132 0.0536758
388 0.614925 0.198075 0.05367
389 0.614925 0.21159 0.0583567
390 0.614925 0.204266 0.0580001
391 0.614925 0.186207 0.0541332
392 0.614925 0.207708 0.0548802
393 0.614925 0.194882 0.053678
394 0.614925 0.187697 0.0493279
395 0.614925 0.183633 0.0516789
396 0.614925 0.23155 0.0541946
397 0.614925 0.208103 0.0496615
398 0.614925 0.201563 0.0500425
399 0.614925 0.175983 0.0506698
400 0.614925 0.191633 0.05371
401 0.614925 0.203637 0.0554588
402 0.614925 0.191369 0.0581677
403 0.614925 0.200212 0.059956
404 0.614925 0.192058 0.055478
405 0.614925 0.195582 0.0579801
406 0.614925 0.204527 0.0577596
407 0.614925 0.197227 0.0575212
408 0.614925 0.205635 0.0568109
409 0.614925 0.200501 0.0572451
410 0.614925 0.164903 0.0507464
411 0.614925 0.182805 0.0557964
412 0.614925 0.198149 0.0555533
413 0.614925 0.199355 0.055822
414 0.614925 0.222403 0.0584322
415 0.614925 0.195851 0.0542102
416 0.614925 0.177614 0.0464092
417 0.614925 0.191454 0.0535266
418 0.614925 0.207714 0.0592309
419 0.614925 0.197058 0.0568276
420 0.614925 0.165723 0.0489083
421 0.614925 0.187286 0.0503451
422 0.614925 0.182528 0.0519243
423 0.614925 0.190932 0.054251
424 0.614925 0.212547 0.0546926
425 0.614925 0.220954 0.0589568
426 0.614925 0.210361 0.055727
427 0.614925 0.184629 0.0531368
428 0.614925 0.171761 0.052106
429 0.614925 0.183768 0.0539536
430 0.614925 0.174544 0.0512552
431 0.614925 0.204714 0.0582387
432 0.614925 0.200393 0.0552298
433 0.614925 0.215325 0.0581871
434 0.614925 0.196095 0.050555
435 0.614925 0.210887 0.0534428
436 0.614925 0.213731 0.0563066
437 0.614925 0.210207 0.0582396
438 0.614925 0.185428 0.051431
439 0.614925 0.18839 0.0530552
440 0.614925 0.178641 0.0545318
441 0.614925 0.190672 0.0525158
442 0.614925 0.185353 0.0552135
443 0.614925 0.206529 0.0543988
444 0.614925 0.210395 0.0576533
445 0.614925 0.219911 0.059127
446 0.614925 0.171279 0.0515843
447 0.614925 0.178885 0.0550034
448 0.614925 0.189837 0.0561251
449 0.614925 0.17018 0.0497793
450 0.614925 0.150762 0.0498677
451 0.614925 0.1771 0.0520482
452 0.614925 0.178721 0.0542966
453 0.614925 0.190622 0.0563258
454 0.614925 0.19592 0.0632768
455 0.614925 0.161528 0.05309
456 0.614925 0.18134 0.0563235
457 0.614925 0.178745 0.0582136
458 0.614925 0.149362 0.0544193
459 0.614925 0.146707 0.0504535
460 0.614925 0.181703 0.0583222
461 0.614925 0.146192 0.0497739
462 0.614925 0.155927 0.0517736
463 0.614925 0.172524 0.0518293
464 0.614925 0.175946 0.0523167
465 0.614925 0.15874 0.0541763
466 0.614925 0.119621 0.0448564
467 0.614925 0.140456 0.0521363
468 0.614925 0.150717 0.0524812
469 0.614925 0.139882 0.0499562
470 0.614925 0.162136 0.0526303
471 0.614925 0.17194 0.0546046
472 0.614925 0.169223 0.0534821
473 0.614925 0.181531 0.0541805
474 0.614925 0.163957 0.0522319
475 0.614925 0.169967 0.0553887
476 0.614925 0.180223 0.0551136
477 0.614925 0.178376 0.0539931
478 0.614925 0.155656 0.0527453
479 0.614925 0.162844 0.0513689
480 0.614925 0.170611 0.0534001
481 0.614925 0.186047 0.0528891
482 0.614925 0.206095 0.0514322
483 0.614925 0.198478 0.0483418
484 0.614925 0.201428 0.0495079
485 0.614925 0.184749 0.0507735
486 0.614925 0.181682 0.0553981
487 0.614925 0.144735 0.0506531
488 0.614925 0.150658 0.0533147
489 0.614925 0.188505 0.0597678
490 0.614925 0.179304 0.056168
491 0.614925 0.206412 0.0598333
492 0.614925 0.187051 0.052915
493 0.614925 0.22471 0.0575798
494 0.614925 0.22153 0.0581097
495 0.614925 0.228781 0.0584856
496 0.614925 0.194969 0.0533783
497 0.614925 0.207836 0.0520917
498 0.614925 0.197603 0.0541439
499 0.614925 0.187031 0.0542224
500 0.614925 0.210903 0.0571855
501 0.614925 0.182436 0.0520821
502 0.614925 0.181782 0.0514985
503 0.614925 0.188336 0.0580491
504 0.614925 0.181603 0.0527554
505 0.614925 0.160509 0.04818
506 0.614925 0.198083 0.0546811
507 0.614925 0.185984 0.0581597
508 0.614925 0.191094 0.0588856
509 0.614925 0.202443 0.0576625
510 0.614925 0.204307 0.0564546
511 0.614925 0.189275 0.0545611
512 0.614925 0.219101 0.0610735
513 0.614925 0.197683 0.0556899
514 0.614925 0.207562 0.058293
515 0.614925 0.22584 0.0547595
516 0.614925 0.206275 0.0577425
517 0.614925 0.188028 0.0523642
518 0.614925 0.192537 0.0526186
519 0.614925 0.189143 0.0525366
520 0.614925 0.200206 0.051135
521 0.614925 0.188759 0.0534221
522 0.614925 0.190906 0.0533868
523 0.614925 0.171277 0.0511203
524 0.614925 0.190594 0.057484
525 0.614925 0.169009 0.0498056
526 0.614925 0.152141 0.0502994
527 0.614925 0.161307 0.0535402
528 0.614925 0.189176 0.0582824
529 0.614925 0.155454 0.0521056
530 0.614925 0.163663 0.0516668
531 0.614925 0.192566 0.0566977
532 0.614925 0.189028 0.0544987
533 0.614925 0.198492 0.0565271
534 0.614925 0.191272 0.0572044
535 0.614925 0.15219 0.0513933
536 0.614925 0.178122 0.0491406
537 0.614925 0.19852 0.0577519
538 0.614925 0.189115 0.0566447
539 0.614925 0.200046 0.0622119
540 0.614925 0.176143 0.0570038
541 0.614925 0.184214 0.0510506
542 0.614925 0.191502 0.0572421
543 0.614925 0.20753 0.0552363
544 0.614925 0.192505 0.0562498
545 0.614925 0.202991 0.0527153
546 0.614925 0.219138 0.0580891
547 0.614925 0.20525 0.0524393
548 0.614925 0.212058 0.0537533
549 0.614925 0.197339 0.0562246
550 0.614925 0.215517 0.0545252
551 0.614925 0.184677 0.0502897
552 0.614925 0.188413 0.0496156
553 0.614925 0.200365 0.0505159
554 0.614925 0.213148 0.0509346
555 0.614925 0.183603 0.0539157
556 0.614925 0.177805 0.0533016
557 0.614925 0.193646 0.0525974
558 0.614925 0.17658 0.0494808
559 0.614925 0.190869 0.0505841
560 0.614925 0.209736 0.053982
561 0.614925 0.19976 0.0512682
562 0.614925 0.179864 0.0508183
563 0.614925 0.173271 0.0404256
564 0.614925 0.222222 0.0560176
565 0.614925 0.195244 0.055599
566 0.614925 0.19607 0.0538901
567 0.614925 0.189417 0.051506
568 0.614925 0.220629 0.0561762
569 0.614925 0.198957 0.0537075
570 0.614925 0.183779 0.0467391
571 0.614925 0.200298 0.0507918
572 0.614925 0.166046 0.0478822
573 0.614925 0.17558 0.0575669
574 0.615011 0.189724 0.0583331
575 0.615011 0.18817 0.051082
576 0.615011 0.174383 0.0496174
577 0.615011 0.182346 0.0505888
578 0.615011 0.177394 0.0496106
579 0.615011 0.194317 0.0539313
580 0.615011 0.183611 0.0521562
581 0.615011 0.154543 0.0449085
582 0.615011 0.162365 0.0501211
583 0.615011 0.177762 0.0494787
584 0.615011 0.211738 0.0551006
585 0.615011 0.199517 0.0513741
586 0.615011 0.167122 0.0508772
587 0.615011 0.164321 0.0512616
588 0.615011 0.184301 0.0522378
589 0.615011 0.191075 0.0518511
590 0.615011 0.186675 0.0505705
591 0.615011 0.19399 0.0492576
592 0.615011 0.195617 0.0510861
593 0.615011 0.189494 0.0515653
594 0.615011 0.193558 0.0518271
595 0.615011 0.210349 0.0503168
596 0.615481 0.200834 0.0545901
597 0.615481 0.222803 0.0580686
598 0.615481 0.190156 0.0574749
599 0.615481 0.183197 0.0567504
600 0.615481 0.2087 0.0565892
601 0.615481 0.203223 0.0572772
602 0.615481 0.192136 0.0580626
603 0.615481 0.186229 0.0520588
604 0.615481 0.176706 0.0493993
605 0.615481 0.194348 0.0472057
606 0.615481 0.207612 0.0526186
607 0.615481 0.188825 0.053609
608 0.615481 0.222949 0.0638901
609 0.615481 0.148257 0.0514997
610 0.615481 0.150783 0.0533806
611 0.615481 0.178134 0.0576129
612 0.615481 0.182681 0.056424
613 0.615481 0.147537 0.0526041
614 0.615481 0.160087 0.0526614
615 0.615481 0.170315 0.0557978
616 0.615481 0.177721 0.0557085
617 0.615481 0.163827 0.0536943
618 0.615481 0.179785 0.0557576
619 0.615481 0.176421 0.0546447
620 0.615481 0.161682 0.0516154
621 0.615481 0.18287 0.054713
622 0.615481 0.208468 0.0601943
623 0.615481 0.18033 0.0530645
624 0.615481 0.162949 0.0486632
625 0.615481 0.164362 0.0488734
626 0.615481 0.197928 0.05327
627 0.615481 0.180719 0.0507697
628 0.615481 0.184761 0.0525633
629 0.615481 0.168973 0.0492856
630 0.615481 0.159275 0.0465694
631 0.615481 0.179144 0.0513147
632 0.615481 0.180944 0.0596369
633 0.615481 0.182487 0.0602049
634 0.615481 0.183455 0.0591728
635 0.615481 0.148728 0.0471947
636 0.615481 0.165317 0.0528251
637 0.615481 0.172535 0.054918
638 0.615481 0.173474 0.0569898
639 0.615481 0.178297 0.0551155
640 0.615481 0.180536 0.0551614
641 0.615481 0.175765 0.0550661
642 0.615481 0.187632 0.0567713
643 0.615481 0.169002 0.0536913
644 0.615481 0.168184 0.0538584
645 0.615481 0.164187 0.0558608
646 0.615481 0.160405 0.0543885
647 0.615481 0.180997 0.0563347
648 0.615481 0.183238 0.0557452
649 0.615481 0.16156 0.0511965
650 0.615481 0.169982 0.0498259
651 0.615481 0.17724 0.0512162
652 0.615481 0.176462 0.0489789
653 0.615481 0.178023 0.0528581
654 0.615481 0.185396 0.0493092
655 0.615481 0.178043 0.0486081
656 0.615481 0.184694 0.0493541
657 0.615481 0.183624 0.0518994
658 0.615481 0.200083 0.0565715
659 0.615481 0.195786 0.0561598
660 0.615481 0.149229 0.0463457
661 0.615481 0.165732 0.0521388
662 0.615481 0.196916 0.0567302
663 0.615481 0.221205 0.0600105
664 0.615481 0.226281 0.0581208
665 0.615481 0.22872 0.0555181
666 0.615481 0.2087 0.0562484
667 0.615481 0.216582 0.0551514
668 0.615481 0.200851 0.0536766
669 0.615481 0.17732 0.0514613
670 0.615481 0.174742 0.0515749
671 0.615481 0.188008 0.0562002
672 0.615481 0.168329 0.0514135
673 0.615481 0.189324 0.0572625
674 0.615481 0.182209 0.0591628
675 0.615481 0.19877 0.0617006
676 0.615481 0.190008 0.0588058
677 0.615481 0.208984 0.0588064
678 0.615481 0.200078 0.0524777
679 0.615481 0.194538 0.0554452
680 0.615481 0.157098 0.0507117
681 0.615481 0.147123 0.0476889
682 0.615481 0.160909 0.0496019
683 0.615481 0.159037 0.0515849
684 0.615481 0.147414 0.0464698
685 0.615481 0.148409 0.0505792
686 0.615481 0.159031 0.050941
687 0.615481 0.16579 0.0537887
688 0.615481 0.157162 0.0476347
689 0.615481 0.136928 0.0460972
690 0.615481 0.175167 0.0556958
691 0.615481 0.164166 0.0473682
692 0.615481 0.189227 0.0556179
693 0.615481 0.182901 0.0531975
694 0.615481 0.149613 0.0514921
695 0.615481 0.155675 0.048108
696 0.615481 0.195221 0.0569604
697 0.615481 0.171416 0.0540266
698 0.615481 0.167732 0.0540511
699 0.615481 0.179651 0.0544152
700 0.615481 0.20022 0.0527386
701 0.615481 0.168508 0.0508885
702 0.615481 0.180878 0.0571611
703 0.615481 0.144386 0.0496221
704 0.615481 0.15806 0.0520103
705 0.615481 0.148216 0.0498673
706 0.615481 0.177675 0.0559596
707 0.615481 0.157409 0.0534525
708 0.615481 0.165924 0.0538758
709 0.615481 0.16931 0.0522608
710 0.615481 0.158023 0.0492367
711 0.615481 0.175714 0.0549488
712 0.615481 0.189022 0.0566662
713 0.615481 0.201058 0.0595834
714 0.615481 0.194276 0.0584679
715 0.615481 0.191957 0.0592835
716 0.615481 0.183589 0.0587112
717 0.615481 0.180767 0.0554949
718 0.615481 0.164116 0.0532127
719 0.615481 0.170923 0.0559812
720 0.615481 0.166702 0.0553904
721 0.615481 0.203267 0.059057
722 0.615481 0.170958 0.0514306
723 0.615481 0.136215 0.0478918
724 0.615481 0.150099 0.0504137
725 0.615481 0.171295 0.0577835
726 0.615481 0.199337 0.0542105
727 0.615481 0.177118 0.0515889
728 0.615481 0.178142 0.050735
729 0.615481 0.182631 0.0527398
730 0.615481 0.180952 0.0543949
731 0.615481 0.158872 0.0492619
732 0.615481 0.16181 0.0480671
733 0.615481 0.160468 0.0487974
734 0.615481 0.168987 0.0498131
735 0.615481 0.172202 0.0557502
736 0.615481 0.168098 0.0525895
737 0.615481 0.170909 0.0540362
738 0.615481 0.147612 0.0487425
739 0.615481 0.169454 0.0523448
740 0.615481 0.167549 0.049378
741 0.615481 0.19994 0.051865
742 0.615481 0.20771 0.0576157
743 0.615481 0.175333 0.0492715
744 0.615481 0.194469 0.0536688
745 0.615481 0.178361 0.0529363
746 0.615481 0.181482 0.0532499
747 0.615481 0.19144 0.0552804
748 0.615481 0.182695 0.0557473
749 0.615481 0.18081 0.0526327
750 0.615481 0.173222 0.0523307
751 0.615481 0.188282 0.0544054
752 0.615481 0.191984 0.0563919
753 0.615481 0.175863 0.052566
754 0.615481 0.182042 0.0501455
755 0.615481 0.18227 0.0522497
756 0.615481 0.181784 0.0552903
757 0.615481 0.181447 0.0583677
758 0.615481 0.199723 0.0574518
759 0.615481 0.179442 0.0510231
760 0.615481 0.19049 0.054151
761 0.615481 0.177259 0.0528014
762 0.615481 0.148413 0.0498162
763 0.615481 0.180569 0.0530946
764 0.615481 0.150702 0.0501593
765 0.615481 0.173831 0.0543069
766 0.615481 0.143335 0.0494564
767 0.615481 0.147877 0.0486655
768 0.615481 0.150479 0.0504324
769 0.615481 0.178043 0.0565593
770 0.615481 0.158139 0.0477207
771 0.615481 0.188693 0.0526488
772 0.615481 0.18039 0.0536067
773 0.615481 0.196244 0.0526732
774 0.615481 0.182619 0.0535137
775 0.615481 0.176117 0.0491662
776 0.615481 0.17661 0.0566465
777 0.615481 0.15196 0.0488757
778 0.615481 0.170308 0.0537342
779 0.615481 0.183779 0.0525431
780 0.615481 0.183788 0.0539515
781 0.615481 0.207347 0.0549078
782 0.615481 0.15659 0.0482571
783 0.615481 0.170678 0.0499919
784 0.615481 0.194676 0.054647
785 0.615481 0.186957 0.0535797
786 0.615481 0.198465 0.0554743
787 0.615481 0.194086 0.0531818
788 0.615481 0.193035 0.0517724
789 0.615481 0.199065 0.0550373
790 0.615481 0.197825 0.0486119
791 0.615481 0.197548 0.0559862
792 0.615481 0.195736 0.0546671
793 0.615481 0.201262 0.0555202
794 0.615481 0.19429 0.0571265
795 0.615481 0.196131 0.0544657
796 0.615481 0.201817 0.0580969
797 0.615481 0.208039 0.0559161
798 0.615481 0.196146 0.0528252
799 0.615481 0.175243 0.0488704
800 0.615481 0.151248 0.0504314
801 0.615481 0.180937 0.0546163
802 0.615481 0.170272 0.0504766
803 0.615481 0.16241 0.0533704
804 0.615481 0.155224 0.0541017
805 0.615481 0.146363 0.0524789
806 0.615481 0.180784 0.0560421
807 0.615481 0.183147 0.0543069
808 0.615481 0.182625 0.0550658
809 0.615481 0.194624 0.0587082
810 0.615481 0.194074 0.0557013
811 0.615481 0.17676 0.05266
812 0.615481 0.174106 0.053026
813 0.615481 0.204632 0.0552726
814 0.615481 0.207456 0.0557436
815 0.615481 0.19713 0.0535856
816 0.615481 0.179985 0.0533411
817 0.615481 0.176054 0.0530768
818 0.615481 0.159408 0.050527
819 0.615481 0.15571 0.0533438
820 0.615481 0.156963 0.056137
821 0.615481 0.182718 0.056371
822 0.615481 0.170307 0.0538755
823 0.615481 0.177083 0.0504573
824 0.615481 0.186234 0.0535025
825 0.615481 0.15746 0.0495615
826 0.615481 0.175007 0.0539401
827 0.615481 0.170055 0.0533135
828 0.615481 0.169517 0.0512973
829 0.615481 0.149826 0.051412
830 0.615481 0.16137 0.0536986
831 0.615481 0.176567 0.050675
832 0.615481 0.175669 0.0499581
833 0.615481 0.19771 0.0510969
834 0.615481 0.184263 0.0506308
835 0.615481 0.1848 0.0502546
836 0.615481 0.169747 0.0534904
837 0.615481 0.167731 0.0537548
838 0.615481 0.173218 0.052989
839 0.615481 0.207825 0.0564447
840 0.615481 0.20671 0.0511838
841 0.615481 0.194675 0.0566127
842 0.615481 0.16793 0.0520077
843 0.615481 0.184741 0.0541887
844 0.615481 0.201201 0.055694
845 0.615481 0.176514 0.053352
846 0.615481 0.151097 0.0469482
847 0.615481 0.163943 0.0510953
848 0.615481 0.193338 0.0519347
849 0.615481 0.162246 0.0487127
850 0.615481 0.176534 0.0541563
851 0.615481 0.199108 0.0529221
852 0.615481 0.202942 0.0552344
853 0.615481 0.192173 0.0575078
854 0.615481 0.197089 0.0567272
855 0.615481 0.190314 0.0552589
856 0.615481 0.173656 0.0504832
857 0.615481 0.159532 0.0492738
858 0.615481 0.198577 0.0543981
859 0.615481 0.192872 0.0527324
860 0.615481 0.200018 0.0536054
861 0.615481 0.176105 0.050075
862 0.615481 0.200182 0.0574611
863 0.615481 0.188852 0.0550206
864 0.615481 0.181169 0.052756
865 0.615481 0.151452 0.0496883
866 0.615481 0.151712 0.0475617
867 0.615481 0.162917 0.0507623
868 0.615481 0.16427 0.0542047
869 0.615481 0.137658 0.0483585
870 0.615481 0.136138 0.0472799
871 0.615481 0.168552 0.0526001
872 0.615481 0.197711 0.0618241
873 0.615481 0.193519 0.0555376
874 0.615481 0.184784 0.0555005
875 0.615481 0.209167 0.0572624
876 0.615481 0.179524 0.0525103
877 0.615481 0.1779 0.0517553
878 0.615481 0.163199 0.0513874
879 0.615481 0.174048 0.0492432
880 0.615481 0.203023 0.0568346
881 0.615481 0.174022 0.0538679
882 0.615481 0.187441 0.0589614
883 0.615481 0.185214 0.0518034
884 0.615481 0.180858 0.0567344
885 0.615481 0.164691 0.0515284
886 0.615481 0.163794 0.0535481
887 0.615481 0.164857 0.0509112
888 0.615481 0.176081 0.0457097
889 0.615481 0.182994 0.0511168
890 0.615481 0.194956 0.0559957
891 0.615481 0.1904 0.0554631
892 0.615481 0.177044 0.0522553
893 0.615481 0.203948 0.0556745
894 0.615481 0.17041 0.0544571
895 0.615481 0.175116 0.0526729
896 0.615481 0.173894 0.0515282
897 0.615481 0.216926 0.0618829
898 0.615481 0.22864 0.064867
899 0.615481 0.234645 0.062456
900 0.615481 0.204423 0.0567866
901 0.615481 0.197598 0.0582888
902 0.615481 0.206528 0.0594914
903 0.615481 0.195689 0.049981
904 0.615481 0.219686 0.0547588
905 0.615481 0.156506 0.0477512
906 0.615481 0.156814 0.0488747
907 0.615481 0.163802 0.0496201
908 0.615481 0.180038 0.0530685
909 0.615481 0.176742 0.0529281
910 0.615481 0.212438 0.057944
911 0.615481 0.217852 0.0522439
912 0.615481 0.190191 0.0572093
913 0.615481 0.19139 0.0532245
914 0.615481 0.165478 0.0472625
915 0.615481 0.168049 0.0496055
916 0.615481 0.190295 0.0533747
917 0.615481 0.200324 0.0504836
918 0.615481 0.188926 0.0516975
919 0.615481 0.1746 0.0531486
920 0.615481 0.190046 0.052078
921 0.615481 0.191125 0.0496673
922 0.615481 0.190322 0.0546055
923 0.615481 0.173648 0.0513758
924 0.615481 0.16275 0.0504407
925 0.615481 0.17367 0.0515873
926 0.615481 0.183437 0.0554834
927 0.615481 0.164577 0.0544785
928 0.615481 0.165906 0.0573104
929 0.615481 0.164443 0.0540493
930 0.615481 0.192472 0.0547046
931 0.615481 0.186455 0.0525278
932 0.615481 0.197451 0.0546595
933 0.615481 0.201093 0.0530212
934 0.615481 0.207008 0.0535522
935 0.615481 0.196475 0.0561436
936 0.615481 0.202829 0.0571966
937 0.615481 0.178126 0.0502406
938 0.615481 0.212564 0.0556248
939 0.615481 0.206961 0.0581779
940 0.615481 0.196524 0.05747
941 0.615481 0.16645 0.0511532
942 0.615481 0.183823 0.053648
943 0.615481 0.185761 0.0513276
944 0.615481 0.164002 0.0455797
945 0.615481 0.182315 0.0539836
946 0.615481 0.201062 0.0564243
947 0.615481 0.187129 0.0536518
948 0.615481 0.194751 0.0531084
949 0.615481 0.185246 0.0511291
950 0.615481 0.207379 0.0532108
951 0.615481 0.1893 0.0494608
952 0.615481 0.199909 0.0524094
953 0.615481 0.227957 0.0595926
954 0.615481 0.204419 0.0543756
955 0.615481 0.215217 0.0502369
956 0.615481 0.240657 0.0577099
957 0.615481 0.205353 0.0542412
958 0.615481 0.190815 0.0547467
959 0.615481 0.201234 0.0546609
960 0.615481 0.178257 0.0505775
961 0.615481 0.2108 0.0570511
962 0.615481 0.188706 0.0535802
963 0.615481 0.148764 0.0476006
964 0.615481 0.177409 0.0515189
965 0.615481 0.18363 0.0533681
966 0.615481 0.180186 0.0570153
967 0.615481 0.154148 0.0566115
968 0.615481 0.157435 0.0556153
969 0.615481 0.15199 0.0538972
970 0.615481 0.13804 0.0488286
971 0.615481 0.169085 0.0568461
972 0.615481 0.194771 0.0566018
973 0.615481 0.194667 0.0555024
974 0.615481 0.205625 0.0565351
975 0.615481 0.205247 0.0543228
976 0.615481 0.215313 0.0546932
977 0.615481 0.214334 0.0544202
978 0.615481 0.182218 0.050476
979 0.615481 0.172421 0.0478885
980 0.615481 0.197737 0.0516656
981 0.615481 0.213546 0.0547803
982 0.615481 0.185083 0.0524002
983 0.615481 0.185019 0.0525739
984 0.615481 0.155532 0.0483834
985 0.615481 0.18978 0.0509523
986 0.615481 0.190167 0.0501598
987 0.615481 0.189927 0.0565489
988 0.615481 0.162136 0.0517055
989 0.615481 0.173288 0.0511337
990 0.615481 0.181809 0.0523295
991 0.615481 0.199985 0.0592838
992 0.615481 0.167971 0.0515524
993 0.615481 0.208484 0.0551302
994 0.615481 0.186639 0.0547561
995 0.615481 0.178836 0.0517625
996 0.615481 0.162882 0.0486367
997 0.615481 0.150984 0.0496377
998 0.615481 0.160863 0.0486693
999 0.615481 0.184591 0.0518246
1000 0.615481 0.181887 0.0555248
