0 0.125258 0.0514858 0.00380773
1 0.125274 0.0676363 0.00391518
2 0.125275 0.0776512 0.00371658
3 0.125275 0.0807034 0.0035757
4 0.125275 0.0852295 0.00342039
5 0.125275 0.0876884 0.00330665
6 0.125277 0.0888867 0.00321902
7 0.125277 0.0947955 0.00286143
8 0.125277 0.0951523 0.00287889
9 0.125277 0.0941634 0.00290983
10 0.125277 0.0989128 0.00261741
11 0.125278 0.101393 0.00243014
12 0.125278 0.103972 0.00221043
13 0.125444 0.111619 0.00150035
14 0.125444 0.111516 0.00152056
15 0.125444 0.104116 0.00218143
16 0.125444 0.100234 0.00250924
17 0.125444 0.108882 0.00177067
18 0.125444 0.106595 0.00197168
19 0.125444 0.107758 0.0018799
20 0.125444 0.107795 0.00187221
21 0.125444 0.109168 0.00173302
22 0.125444 0.109649 0.00166222
23 0.125444 0.106689 0.00195547
24 0.125444 0.110193 0.00165905
25 0.125444 0.106485 0.00199386
26 0.125444 0.108108 0.00181795
27 0.125444 0.101028 0.00240007
28 0.125444 0.100245 0.00250823
29 0.125444 0.102838 0.00229373
30 0.125444 0.107413 0.00189837
31 0.125444 0.108926 0.00178311
32 0.125444 0.105188 0.00211623
33 0.125444 0.103927 0.00222234
34 0.125444 0.105188 0.00211301
35 0.125444 0.1062 0.00200041
36 0.125444 0.102866 0.00228799
37 0.125444 0.106598 0.00197419
38 0.125444 0.107349 0.00189983
39 0.125444 0.107646 0.00190297
40 0.125444 0.103907 0.00222824
41 0.125444 0.106384 0.0020169
42 0.125444 0.101401 0.00243191
43 0.125444 0.100125 0.00253136
44 0.340185 0.0998508 0.00328599
45 0.340185 0.101071 0.00319215
46 0.340185 0.103591 0.00298749
47 0.340185 0.103697 0.00296823
48 0.340185 0.109814 0.00244007
49 0.340185 0.108586 0.00255253
50 0.340185 0.112336 0.00218918
51 0.340185 0.11141 0.00237374
52 0.340185 0.110431 0.0028083
53 0.340185 0.104508 0.00331248
54 0.340185 0.111992 0.00288325
55 0.340185 0.109459 0.00324569
56 0.340185 0.104809 0.00423742
57 0.347431 0.101302 0.00534974
58 0.526293 0.108151 0.00809875
58 0.517504 0.0369504 0.00957313
59 0.517504 0.0534898 0.013486
60 0.517504 0.0496743 0.0148688
61 0.517504 0.0576011 0.0180659
62 0.535029 0.0674436 0.0223031
63 0.535029 0.0785863 0.0260239
64 0.535029 0.0715609 0.0262887
65 0.537425 0.0786813 0.0297665
66 0.580237 0.084937 0.0307473
67 0.580237 0.100224 0.0347301
68 0.580237 0.0974956 0.034592
69 0.580237 0.101477 0.0343782
70 0.580237 0.098092 0.0343331
71 0.580237 0.116961 0.0355174
72 0.580237 0.130022 0.0390246
73 0.580237 0.119539 0.0390765
74 0.580237 0.127981 0.0408398
75 0.580237 0.119845 0.0374601
76 0.580237 0.135867 0.0424219
77 0.580237 0.118058 0.0391994
78 0.580237 0.106697 0.0355141
79 0.580237 0.118971 0.0390896
80 0.580237 0.129919 0.0438063
81 0.580237 0.114499 0.0405447
82 0.580237 0.125255 0.0413731
83 0.580237 0.126089 0.0428025
84 0.580237 0.113327 0.0402628
85 0.580237 0.141302 0.0414723
86 0.580237 0.125138 0.0383601
87 0.580237 0.14454 0.0453475
88 0.580237 0.145098 0.0415795
89 0.580237 0.128122 0.0443266
90 0.580237 0.132373 0.0402397
91 0.580237 0.150536 0.0463699
92 0.580237 0.137531 0.0456555
93 0.586109 0.138828 0.0515507
94 0.586109 0.122926 0.0409137
95 0.586109 0.130082 0.0419903
96 0.586109 0.135129 0.043266
97 0.590754 0.160774 0.0469177
98 0.590754 0.16759 0.0483684
99 0.590754 0.155922 0.0475425
100 0.590754 0.131709 0.0409029
101 0.590754 0.133306 0.0430325
102 0.590754 0.155028 0.0460313
103 0.591236 0.13262 0.045966
104 0.591236 0.11946 0.044027
105 0.591236 0.134476 0.0444421
106 0.591236 0.132717 0.0431568
107 0.591236 0.135524 0.0470725
108 0.591236 0.129016 0.0440444
109 0.591236 0.125796 0.0455567
110 0.591236 0.120267 0.044102
111 0.591236 0.133657 0.0448737
112 0.591236 0.129612 0.0428021
113 0.591236 0.108406 0.0403214
114 0.591236 0.126047 0.0421805
115 0.591236 0.132063 0.0420168
116 0.591236 0.164397 0.0452968
117 0.591236 0.145137 0.0459161
118 0.591236 0.158774 0.0461282
119 0.591236 0.154007 0.0472685
120 0.591236 0.154548 0.0484694
121 0.591236 0.152723 0.0478372
122 0.598994 0.150806 0.0510518
123 0.598994 0.158359 0.0500448
124 0.598994 0.157483 0.047411
125 0.598994 0.163599 0.0437828
126 0.598994 0.16698 0.0448475
127 0.598994 0.171094 0.0426924
128 0.598994 0.172531 0.047652
129 0.598994 0.159209 0.0471776
130 0.598994 0.160984 0.0504145
131 0.598994 0.166016 0.0516005
132 0.598994 0.142484 0.0433826
133 0.598994 0.15217 0.0439598
134 0.598994 0.129685 0.041533
135 0.598994 0.141731 0.0448149
136 0.598994 0.143872 0.0443587
137 0.598994 0.126858 0.0407636
138 0.598994 0.133945 0.0402854
139 0.598994 0.145571 0.0414661
140 0.598994 0.180082 0.0459503
141 0.598994 0.14562 0.0442313
142 0.598994 0.169791 0.0507406
143 0.598994 0.138319 0.0447921
144 0.598994 0.15591 0.0506624
145 0.598994 0.155387 0.0454298
146 0.598994 0.157517 0.0483088
147 0.598994 0.142506 0.0435028
148 0.598994 0.136421 0.0405199
149 0.598994 0.174588 0.0481623
150 0.602682 0.141134 0.0439031
151 0.602682 0.147271 0.0468116
152 0.602682 0.137409 0.043329
153 0.602682 0.141337 0.0461087
154 0.602682 0.143721 0.0458243
155 0.602682 0.138179 0.0422416
156 0.602682 0.161067 0.0506122
157 0.602682 0.155664 0.0460562
158 0.602682 0.157405 0.0448308
159 0.602682 0.184525 0.0485394
160 0.602682 0.150835 0.0453717
161 0.602682 0.158153 0.0486473
162 0.602682 0.156948 0.0507516
163 0.602682 0.158303 0.0522688
164 0.602682 0.171196 0.0499299
165 0.602682 0.136743 0.0450071
166 0.602682 0.138566 0.0445827
167 0.602682 0.162105 0.050707
168 0.602682 0.161252 0.0504256
169 0.602682 0.173775 0.0515489
170 0.602682 0.162405 0.0486967
171 0.602682 0.13742 0.0430386
172 0.602682 0.180143 0.0529027
173 0.602682 0.137869 0.0479822
174 0.602682 0.162877 0.0501119
175 0.602682 0.158062 0.049972
176 0.602682 0.141997 0.0474609
177 0.602682 0.153721 0.049064
178 0.602682 0.161362 0.0483798
179 0.602682 0.160439 0.0443758
180 0.602682 0.145286 0.044354
181 0.611364 0.168941 0.0491926
182 0.611364 0.163689 0.0524656
183 0.611364 0.1535 0.0472907
184 0.611364 0.140214 0.0447727
185 0.611364 0.132702 0.0446804
186 0.611364 0.141149 0.0447786
187 0.611364 0.12965 0.0485427
188 0.611364 0.135882 0.0481652
189 0.611364 0.117453 0.0428658
190 0.611364 0.142119 0.0472803
191 0.611364 0.132151 0.0420929
192 0.611364 0.134713 0.0448535
193 0.611364 0.15277 0.0469232
194 0.611364 0.169141 0.0509526
195 0.611364 0.165372 0.0514159
196 0.611364 0.131313 0.0449571
197 0.611364 0.130661 0.0428698
198 0.611364 0.135784 0.0427947
199 0.611364 0.145387 0.0456278
200 0.611364 0.13942 0.0451841
201 0.611364 0.136501 0.044815
202 0.611364 0.150255 0.0467842
203 0.611364 0.143287 0.0469548
204 0.611364 0.158689 0.0522934
205 0.611364 0.150358 0.0516812
206 0.611364 0.158429 0.0523158
207 0.611364 0.153596 0.0519476
208 0.611364 0.117525 0.0430491
209 0.611364 0.137858 0.0472511
210 0.611364 0.122909 0.0432378
211 0.611364 0.147249 0.0465003
212 0.611364 0.154994 0.0476559
213 0.611364 0.139428 0.0471152
214 0.611364 0.119855 0.0392989
215 0.611364 0.132591 0.045755
216 0.611364 0.13758 0.0473933
217 0.611364 0.149831 0.0468179
218 0.611364 0.171623 0.053336
219 0.611364 0.151806 0.0501705
220 0.611364 0.150241 0.051975
221 0.611364 0.15308 0.0512631
222 0.611364 0.1521 0.0476631
223 0.611364 0.144867 0.0479163
224 0.611364 0.151536 0.0485779
225 0.611364 0.111432 0.0416537
226 0.611364 0.133789 0.0464768
227 0.611364 0.121455 0.0416722
228 0.611364 0.124148 0.0450574
229 0.611364 0.128718 0.0449326
230 0.611364 0.158383 0.0480264
231 0.611364 0.154345 0.0459387
232 0.611364 0.160371 0.0516292
233 0.611364 0.175778 0.0540032
234 0.611364 0.129916 0.0458535
235 0.611364 0.137615 0.0485406
236 0.611364 0.163867 0.0516935
237 0.611364 0.166704 0.0542282
238 0.611364 0.162975 0.053458
239 0.611364 0.179479 0.0537607
240 0.611364 0.154574 0.0491532
241 0.611364 0.136708 0.045862
242 0.611364 0.133472 0.0485104
243 0.611364 0.130099 0.0476606
244 0.611364 0.133348 0.047177
245 0.611364 0.15118 0.0512252
246 0.611364 0.158935 0.0532046
247 0.611364 0.164329 0.0479571
248 0.611364 0.165119 0.0486277
249 0.611364 0.162911 0.0450705
250 0.611364 0.162185 0.0471292
251 0.611364 0.160897 0.04449
252 0.611364 0.157521 0.0487544
253 0.611364 0.170875 0.0530006
254 0.611364 0.146371 0.0465148
255 0.611364 0.143752 0.0432591
256 0.611364 0.170938 0.0476514
257 0.611364 0.161655 0.0469491
258 0.611364 0.161115 0.0471413
259 0.611364 0.149907 0.0471004
260 0.611364 0.148091 0.0507347
261 0.611364 0.157606 0.0526998
262 0.611364 0.152033 0.0518065
263 0.611364 0.143035 0.0499715
264 0.611364 0.137766 0.0462979
265 0.611364 0.14924 0.0497736
266 0.611364 0.142886 0.0492468
267 0.611364 0.145307 0.0507494
268 0.611364 0.142626 0.0483431
269 0.611364 0.140122 0.0483675
270 0.611364 0.121716 0.0409646
271 0.611364 0.132398 0.0460336
272 0.611364 0.157702 0.0487525
273 0.611364 0.1612 0.0478476
274 0.611364 0.156997 0.0482496
275 0.611364 0.165219 0.0526038
276 0.611364 0.150336 0.051182
277 0.611364 0.132677 0.0473759
278 0.611364 0.168565 0.0526096
279 0.611364 0.161919 0.0515419
280 0.611364 0.151836 0.0483492
281 0.611364 0.154578 0.0517594
282 0.611364 0.145441 0.0465282
283 0.611364 0.146963 0.0504007
284 0.611364 0.150214 0.0530959
285 0.611364 0.163837 0.050835
286 0.611364 0.137003 0.0468027
287 0.611364 0.142862 0.048615
288 0.611364 0.160587 0.0534866
289 0.611364 0.157517 0.0511057
290 0.611364 0.159097 0.0482995
291 0.611364 0.157165 0.0485459
292 0.611364 0.158591 0.0507754
293 0.611364 0.136567 0.0491864
294 0.611364 0.171151 0.0557752
295 0.611364 0.139395 0.0527807
296 0.612397 0.137134 0.0561795
297 0.612397 0.15658 0.0527761
298 0.612397 0.164163 0.0524788
299 0.612397 0.152825 0.0523342
300 0.612397 0.135771 0.0480665
301 0.612397 0.168392 0.0550202
302 0.612397 0.168214 0.0524602
303 0.612397 0.139267 0.047765
304 0.612397 0.139212 0.0455828
305 0.612397 0.163764 0.0524369
306 0.612397 0.142898 0.0484948
307 0.612397 0.124636 0.0454557
308 0.612397 0.155963 0.0508617
309 0.612397 0.169178 0.0517742
310 0.612397 0.161331 0.0531566
311 0.612397 0.142584 0.050401
312 0.612397 0.154446 0.051536
313 0.612397 0.148857 0.0483897
314 0.612397 0.151089 0.0523235
315 0.612397 0.180195 0.0544837
316 0.612397 0.17944 0.0536998
317 0.612397 0.175685 0.0533937
318 0.612397 0.153232 0.0459554
319 0.612397 0.13166 0.0443654
320 0.612397 0.140484 0.0518639
321 0.612397 0.162106 0.0560699
322 0.612397 0.165679 0.0530243
323 0.612397 0.150432 0.0519852
324 0.612397 0.15908 0.0546597
325 0.612397 0.148424 0.0545925
326 0.612397 0.149396 0.0526375
327 0.612397 0.159964 0.055159
328 0.612397 0.160298 0.04997
329 0.612397 0.162321 0.0496385
330 0.612397 0.158938 0.0513204
331 0.612397 0.134078 0.045361
332 0.612397 0.17111 0.0549036
333 0.612397 0.165893 0.0527455
334 0.612397 0.167255 0.0542266
335 0.612397 0.175645 0.0505791
336 0.612397 0.193029 0.0524095
337 0.612397 0.183464 0.0519087
338 0.612397 0.195969 0.052079
339 0.612397 0.20989 0.0533662
340 0.612397 0.20525 0.0504265
341 0.612397 0.184104 0.0548323
342 0.612397 0.16264 0.0552813
343 0.612397 0.165482 0.0533427
344 0.612397 0.16419 0.0550964
345 0.612397 0.168992 0.0548326
346 0.612397 0.155904 0.0561084
347 0.613261 0.150571 0.0542349
348 0.613261 0.134791 0.0489383
349 0.613261 0.162897 0.0520255
350 0.613261 0.155678 0.0556163
351 0.613261 0.164096 0.0572912
352 0.613261 0.192554 0.0554563
353 0.613261 0.191267 0.056994
354 0.613261 0.202884 0.0543963
355 0.613261 0.160523 0.0505238
356 0.613261 0.173689 0.0563445
357 0.613261 0.161053 0.0522744
358 0.613261 0.148887 0.049978
359 0.613261 0.157911 0.0506319
360 0.613261 0.174938 0.0554299
361 0.613261 0.169853 0.0530587
362 0.613261 0.167051 0.0526485
363 0.613261 0.150323 0.0503358
364 0.613261 0.149146 0.0488819
365 0.613261 0.17541 0.0558227
366 0.613261 0.212936 0.0591676
367 0.613261 0.187006 0.0527389
368 0.613261 0.176102 0.053944
369 0.613261 0.180973 0.0571731
370 0.613261 0.154419 0.0490739
371 0.613261 0.152317 0.0492514
372 0.613261 0.177512 0.0563367
373 0.613261 0.165148 0.0515097
374 0.613261 0.164517 0.0530769
375 0.613261 0.187006 0.0535849
376 0.613261 0.198107 0.0581494
377 0.613261 0.185227 0.054821
378 0.613261 0.179256 0.049198
379 0.613261 0.18662 0.0542278
380 0.613261 0.190795 0.0513001
381 0.613261 0.19646 0.0546208
382 0.613261 0.178091 0.0552448
383 0.613261 0.161357 0.0493791
384 0.613261 0.16179 0.0514252
385 0.613261 0.183815 0.0572056
386 0.613261 0.155186 0.0507636
387 0.613261 0.178147 0.0562331
388 0.613261 0.151234 0.0489728
389 0.613261 0.161409 0.0533034
390 0.613261 0.168767 0.0531922
391 0.613261 0.168415 0.051834
392 0.613261 0.167395 0.0537665
393 0.613261 0.180521 0.0556333
394 0.613261 0.182074 0.0520428
395 0.613261 0.158555 0.0505038
396 0.613261 0.1464 0.0491776
397 0.613261 0.159206 0.0530657
398 0.613261 0.177685 0.0481702
399 0.613261 0.166198 0.0488696
400 0.613261 0.187252 0.0534731
401 0.613261 0.187534 0.0534787
402 0.613261 0.174448 0.058945
403 0.613261 0.188788 0.0597465
404 0.613261 0.203251 0.056118
405 0.613261 0.19018 0.0558804
406 0.613261 0.173624 0.0526249
407 0.613261 0.189009 0.0555011
408 0.613261 0.1954 0.0569865
409 0.613261 0.196258 0.0567611
410 0.613261 0.172214 0.0540469
411 0.613261 0.15998 0.0541953
412 0.613265 0.13248 0.049232
413 0.613265 0.139162 0.0471534
414 0.613265 0.14177 0.0489329
415 0.613265 0.153248 0.0499261
416 0.613265 0.141479 0.0509022
417 0.613265 0.159923 0.0489501
418 0.613265 0.198728 0.0546344
419 0.613265 0.186147 0.0497502
420 0.613265 0.205135 0.0530731
421 0.613265 0.188543 0.0512882
422 0.613265 0.19947 0.057687
423 0.613265 0.209524 0.0571152
424 0.613265 0.19064 0.0546176
425 0.613265 0.18353 0.0539507
426 0.613265 0.163035 0.0475704
427 0.613265 0.144439 0.0501744
428 0.613265 0.154101 0.0508777
429 0.613265 0.147293 0.0511363
430 0.613265 0.168968 0.0510979
431 0.613265 0.171064 0.0531895
432 0.613265 0.149984 0.0501861
433 0.613265 0.173846 0.0506552
434 0.613265 0.147582 0.0504012
435 0.613265 0.159921 0.0556854
436 0.613265 0.174922 0.051877
437 0.613265 0.154969 0.044238
438 0.613265 0.159332 0.0535712
439 0.613265 0.166931 0.0557984
440 0.613265 0.191288 0.0576105
441 0.613265 0.174148 0.0530758
442 0.613265 0.176842 0.0517156
443 0.613265 0.189117 0.0536546
444 0.613265 0.199065 0.0586078
445 0.613265 0.172716 0.0551896
446 0.613265 0.152412 0.0554168
447 0.613265 0.133732 0.0525659
448 0.613265 0.140573 0.0512182
449 0.613265 0.159255 0.0568193
450 0.613265 0.139215 0.0484655
451 0.613265 0.14864 0.0501246
452 0.613265 0.147059 0.0500823
453 0.613265 0.1514 0.0511386
454 0.613265 0.135368 0.0475243
455 0.613265 0.143233 0.047944
456 0.613265 0.158442 0.0509751
457 0.613265 0.179931 0.0565288
458 0.613265 0.127128 0.0510359
459 0.613265 0.14624 0.0518195
460 0.613265 0.122839 0.0486787
461 0.613265 0.141757 0.0493398
462 0.613265 0.182533 0.054808
463 0.613265 0.158945 0.0529523
464 0.613265 0.203166 0.0578828
465 0.613265 0.190576 0.0514439
466 0.613265 0.175736 0.0557761
467 0.613265 0.172768 0.0485881
468 0.613265 0.164798 0.0499567
469 0.613265 0.19125 0.0545852
470 0.613265 0.192294 0.0525787
471 0.613265 0.161957 0.0506675
472 0.613265 0.183455 0.0583866
473 0.613265 0.19283 0.0553237
474 0.613265 0.20584 0.0551746
475 0.613265 0.163297 0.0514843
476 0.613265 0.178323 0.055822
477 0.613265 0.175561 0.0546506
478 0.613265 0.162595 0.0546628
479 0.613265 0.14976 0.0500446
480 0.613265 0.15261 0.0532949
481 0.613265 0.13406 0.0478879
482 0.613265 0.143676 0.05116
483 0.613265 0.156403 0.0477927
484 0.613265 0.174997 0.0530375
485 0.613265 0.164545 0.0520066
486 0.613265 0.174296 0.0540172
487 0.613265 0.168793 0.0505659
488 0.613265 0.206569 0.0544825
489 0.613265 0.187503 0.056723
490 0.613265 0.173699 0.0556113
491 0.613265 0.162922 0.0493788
492 0.613265 0.148404 0.0519785
493 0.613265 0.15968 0.0526462
494 0.613265 0.135109 0.0474863
495 0.613265 0.130953 0.0478177
496 0.613265 0.182968 0.0575107
497 0.613265 0.147434 0.0517566
498 0.613265 0.1553 0.0521049
499 0.613265 0.166257 0.0568721
500 0.613265 0.153224 0.0515715
501 0.613265 0.14737 0.0496178
502 0.613265 0.146504 0.0509941
503 0.613265 0.149451 0.0500616
504 0.613265 0.167085 0.055435
505 0.613265 0.179469 0.0550954
506 0.613265 0.178379 0.0520172
507 0.613265 0.158682 0.0460079
508 0.613265 0.148945 0.0506185
509 0.613265 0.180677 0.0579034
510 0.613265 0.151429 0.0475223
511 0.613265 0.158008 0.0513123
512 0.613265 0.164257 0.0500407
513 0.613265 0.162694 0.0490507
514 0.613265 0.155203 0.0487142
515 0.613265 0.162918 0.0505885
516 0.613265 0.155084 0.0525145
517 0.613265 0.174021 0.0533421
518 0.613265 0.19637 0.05928
519 0.613265 0.16637 0.04999
520 0.613265 0.154548 0.0526377
521 0.613265 0.152296 0.0496826
522 0.613265 0.155902 0.0512327
523 0.613265 0.131405 0.0481804
524 0.613265 0.156983 0.0529321
525 0.613265 0.167709 0.0541417
526 0.613265 0.172466 0.0511888
527 0.613265 0.179238 0.0514641
528 0.613265 0.145136 0.0515515
529 0.613265 0.156493 0.0536702
530 0.613265 0.169723 0.0535364
531 0.613265 0.183018 0.0536004
532 0.613265 0.154123 0.0534909
533 0.613265 0.156543 0.0540183
534 0.613265 0.172635 0.0540801
535 0.613265 0.170036 0.0520554
536 0.613265 0.180293 0.0574094
537 0.613265 0.196044 0.0587611
538 0.613265 0.171193 0.0547524
539 0.613265 0.164809 0.0519145
540 0.613265 0.179701 0.0563037
541 0.613265 0.170427 0.0526174
542 0.613265 0.162222 0.0534807
543 0.613265 0.191416 0.0582422
544 0.613265 0.138084 0.0466461
545 0.613265 0.14743 0.0515896
546 0.613265 0.154264 0.0489542
547 0.613265 0.152907 0.0499127
548 0.613265 0.152578 0.0525198
549 0.613265 0.142115 0.0488901
550 0.613265 0.147349 0.0488299
551 0.613265 0.167984 0.0539734
552 0.613265 0.141318 0.0500427
553 0.613265 0.17253 0.0543673
554 0.613265 0.144919 0.0487226
555 0.613265 0.156367 0.051913
556 0.613265 0.109068 0.0424719
557 0.613265 0.12937 0.0487925
558 0.613265 0.143202 0.0480121
559 0.613265 0.165536 0.057263
560 0.613265 0.173879 0.0557346
561 0.613265 0.188698 0.0567397
562 0.613265 0.192533 0.0563278
563 0.613265 0.184831 0.0575336
564 0.613321 0.170606 0.0546086
565 0.613321 0.141436 0.0509581
566 0.613321 0.159154 0.0485092
567 0.613321 0.181755 0.0537664
568 0.613321 0.169412 0.0538074
569 0.613321 0.146569 0.0542423
570 0.613321 0.154852 0.0527092
571 0.613321 0.163973 0.0532289
572 0.613321 0.174318 0.0533164
573 0.613321 0.145395 0.0490939
574 0.614897 0.165933 0.0549
575 0.614897 0.17068 0.0555826
576 0.614897 0.171352 0.0586519
577 0.614897 0.185274 0.0578844
578 0.614897 0.163116 0.0517392
579 0.614897 0.19256 0.0552839
580 0.614897 0.186172 0.0534429
581 0.614897 0.188723 0.05438
582 0.614897 0.179259 0.05232
583 0.614897 0.180822 0.0515922
584 0.614897 0.164818 0.051539
585 0.614897 0.176922 0.0527774
586 0.614897 0.161177 0.0522036
587 0.614897 0.165109 0.0511896
588 0.614897 0.193294 0.0566042
589 0.614897 0.176679 0.0512004
590 0.614897 0.183726 0.0496624
591 0.614897 0.175066 0.0501622
592 0.614897 0.173379 0.0521843
593 0.614897 0.173618 0.051775
594 0.614897 0.191782 0.0570444
595 0.614897 0.179789 0.0534169
596 0.614897 0.178299 0.0540541
597 0.614897 0.204895 0.0598221
598 0.614897 0.195367 0.0553778
599 0.614897 0.191735 0.0541586
600 0.614897 0.172672 0.0571181
601 0.614897 0.152802 0.0525674
602 0.614897 0.147277 0.0488149
603 0.614897 0.143568 0.0463678
604 0.614897 0.154099 0.0473969
605 0.614897 0.174802 0.0546129
606 0.614897 0.146261 0.0475556
607 0.614897 0.167348 0.0507611
608 0.614897 0.171331 0.0549787
609 0.614897 0.190001 0.0588878
610 0.614897 0.14316 0.044229
611 0.614897 0.15694 0.0482596
612 0.614897 0.145024 0.0466467
613 0.614897 0.147913 0.0498579
614 0.614897 0.158231 0.0487746
615 0.614897 0.183851 0.0517794
616 0.614897 0.182179 0.0559953
617 0.614897 0.16039 0.0535818
618 0.614897 0.156015 0.0499593
619 0.614897 0.148662 0.0474505
620 0.614897 0.117224 0.0452864
621 0.614897 0.135761 0.0465879
622 0.614897 0.136203 0.0481668
623 0.614897 0.158848 0.052775
624 0.614897 0.187102 0.0595984
625 0.614897 0.176618 0.056423
626 0.614897 0.154028 0.0530938
627 0.614897 0.157655 0.0540008
628 0.614897 0.173304 0.0519301
629 0.614897 0.176519 0.0540664
630 0.614897 0.154712 0.0504844
631 0.614897 0.160531 0.0500457
632 0.614897 0.154556 0.0536711
633 0.614897 0.148811 0.0504509
634 0.614897 0.150705 0.0496905
635 0.614897 0.160793 0.0538127
636 0.614897 0.165206 0.0530943
637 0.614897 0.146397 0.0526293
638 0.614897 0.167443 0.0548683
639 0.614897 0.179483 0.0555707
640 0.614897 0.166637 0.0538041
641 0.614897 0.165471 0.0530869
642 0.614897 0.169789 0.0532518
643 0.614897 0.154195 0.0502051
644 0.614897 0.206995 0.0579266
645 0.614897 0.180151 0.0558352
646 0.614897 0.178677 0.054255
647 0.614897 0.172217 0.054371
648 0.614897 0.175902 0.0527948
649 0.614897 0.182138 0.0574068
650 0.614897 0.178897 0.0545263
651 0.614897 0.17125 0.0542547
652 0.614897 0.17302 0.0509807
653 0.614897 0.160352 0.0524832
654 0.614897 0.151656 0.0535394
655 0.614897 0.128843 0.0460372
656 0.614897 0.133426 0.0449799
657 0.614897 0.137379 0.0451259
658 0.614897 0.137449 0.0509993
659 0.614897 0.150156 0.0520619
660 0.614897 0.138299 0.0526311
661 0.614897 0.14186 0.0511953
662 0.614897 0.15216 0.0502278
663 0.614897 0.166202 0.0524545
664 0.614897 0.168646 0.0528027
665 0.614897 0.170254 0.0518759
666 0.614897 0.21702 0.0548194
667 0.614897 0.192414 0.051218
668 0.614897 0.173645 0.0509665
669 0.614897 0.180946 0.0526737
670 0.614897 0.1699 0.0521554
671 0.614897 0.193119 0.0573392
672 0.614897 0.164959 0.0493976
673 0.614897 0.179814 0.0493061
674 0.614897 0.153578 0.0454002
675 0.614897 0.146645 0.0470091
676 0.614897 0.169874 0.0500964
677 0.614897 0.166051 0.0532837
678 0.614897 0.160374 0.0510736
679 0.614897 0.17111 0.0516701
680 0.614897 0.176832 0.050753
681 0.614897 0.174307 0.0540905
682 0.614897 0.18139 0.0548659
683 0.614897 0.179633 0.0579821
684 0.614897 0.155113 0.0492388
685 0.61563 0.151969 0.0501659
686 0.61563 0.170248 0.0549535
687 0.61563 0.163333 0.0527015
688 0.61563 0.137367 0.0527918
689 0.61563 0.148226 0.055068
690 0.61563 0.130277 0.0462621
691 0.61563 0.152454 0.0519468
692 0.61563 0.164835 0.0551208
693 0.61563 0.157597 0.0517983
694 0.61563 0.149579 0.0516264
695 0.61563 0.155901 0.050668
696 0.61563 0.164917 0.0518474
697 0.61563 0.175025 0.0549699
698 0.61563 0.168309 0.0498317
699 0.61563 0.143853 0.0491021
700 0.61563 0.176427 0.0499126
701 0.61563 0.155187 0.0481695
702 0.61563 0.157499 0.0475398
703 0.61563 0.179226 0.051857
704 0.61563 0.165619 0.049587
705 0.61563 0.143299 0.0457524
706 0.61563 0.146595 0.0464915
707 0.61563 0.16509 0.0494396
708 0.61563 0.170123 0.0497114
709 0.61563 0.168356 0.0506909
710 0.61563 0.17047 0.0560902
711 0.61563 0.152228 0.0514348
712 0.61563 0.148411 0.0500501
713 0.61563 0.120134 0.0434316
714 0.61563 0.135468 0.0487108
715 0.61563 0.143813 0.051402
716 0.61563 0.144564 0.0492634
717 0.61563 0.129871 0.0474902
718 0.61563 0.136059 0.0476043
719 0.61563 0.147128 0.0493717
720 0.61563 0.124881 0.0416467
721 0.61563 0.143504 0.0435163
722 0.61563 0.155253 0.0475946
723 0.61563 0.16056 0.0476228
724 0.61563 0.144023 0.0472549
725 0.61563 0.151526 0.0472856
726 0.61563 0.141947 0.0462683
727 0.61563 0.155466 0.0531403
728 0.61563 0.14544 0.0511886
729 0.61563 0.140736 0.0518738
730 0.61563 0.14341 0.0504298
731 0.61563 0.148755 0.0522129
732 0.61563 0.142049 0.0509029
733 0.61563 0.15135 0.0534504
734 0.61563 0.15526 0.052009
735 0.61563 0.150975 0.0487968
736 0.61563 0.143549 0.0460739
737 0.61563 0.143067 0.0496771
738 0.61563 0.140834 0.0484537
739 0.61563 0.15446 0.0497463
740 0.61563 0.130269 0.0485742
741 0.61563 0.1651 0.0541132
742 0.61563 0.156654 0.0519829
743 0.61563 0.129775 0.0474376
744 0.617437 0.149744 0.0485367
745 0.617437 0.144955 0.0480186
746 0.617437 0.132543 0.0456332
747 0.617437 0.15101 0.0537484
748 0.617437 0.12994 0.0493885
749 0.617437 0.144646 0.0509101
750 0.617437 0.151781 0.0494697
751 0.617437 0.172914 0.0556187
752 0.617437 0.135695 0.0503773
753 0.617437 0.154655 0.0543577
754 0.617437 0.144432 0.0508752
755 0.617437 0.165061 0.0552588
756 0.617437 0.173174 0.0588774
757 0.617437 0.15852 0.0490367
758 0.617437 0.168276 0.0522638
759 0.617437 0.1564 0.0499691
760 0.617437 0.144857 0.0516776
761 0.617437 0.127889 0.0491244
762 0.617437 0.132642 0.0508481
763 0.617437 0.163906 0.0525305
764 0.617437 0.125503 0.0448958
765 0.617437 0.161526 0.0493029
766 0.617437 0.17138 0.0531682
767 0.617437 0.16006 0.0552785
768 0.617437 0.154898 0.053001
769 0.617437 0.168026 0.0545124
770 0.617437 0.135749 0.0474586
771 0.617437 0.164206 0.0519861
772 0.617437 0.162656 0.0511751
773 0.617437 0.124175 0.0414475
774 0.617437 0.13689 0.0472083
775 0.617437 0.128721 0.0454577
776 0.617437 0.128814 0.0448083
777 0.617437 0.12506 0.0441367
778 0.617437 0.176763 0.050573
779 0.617437 0.157885 0.0540095
780 0.617437 0.164434 0.0564313
781 0.617437 0.162819 0.0507469
782 0.617437 0.153814 0.0513187
783 0.617437 0.148724 0.0522994
784 0.617437 0.131532 0.0440425
785 0.617437 0.146262 0.050414
786 0.617437 0.161641 0.0545101
787 0.617437 0.197401 0.0565266
788 0.617437 0.169561 0.0488856
789 0.617437 0.152027 0.0493136
790 0.617437 0.141365 0.048158
791 0.617437 0.159337 0.0486168
792 0.617437 0.139091 0.0478423
793 0.617437 0.12572 0.0435466
794 0.617437 0.142638 0.0478999
795 0.617437 0.143335 0.0488771
796 0.617437 0.1749 0.0525125
797 0.617437 0.168615 0.0496372
798 0.617437 0.143144 0.0497898
799 0.617437 0.146255 0.0476144
800 0.617437 0.160298 0.0549063
801 0.617437 0.141193 0.050094
802 0.617437 0.145253 0.0510747
803 0.617437 0.129553 0.0440674
804 0.617437 0.130391 0.0465217
805 0.617437 0.126282 0.048541
806 0.617437 0.15203 0.0493025
807 0.617437 0.147369 0.0483495
808 0.617437 0.149107 0.0470519
809 0.617437 0.154284 0.0476994
810 0.617437 0.145571 0.0484421
811 0.617437 0.121287 0.0468682
812 0.617437 0.156963 0.0546991
813 0.617437 0.148568 0.0494011
814 0.617437 0.136111 0.0489945
815 0.617437 0.139565 0.0490233
816 0.617437 0.15231 0.0492975
817 0.617437 0.15835 0.0499593
818 0.617437 0.146122 0.0489219
819 0.617437 0.128418 0.0475373
820 0.617437 0.126255 0.0456215
821 0.617437 0.145484 0.052519
822 0.617437 0.167863 0.0577885
823 0.617437 0.156959 0.0534947
824 0.617437 0.142158 0.0529197
825 0.617437 0.12791 0.0480218
826 0.617437 0.156931 0.0556457
827 0.617437 0.14121 0.050746
828 0.617437 0.176771 0.0565927
829 0.617437 0.139857 0.0470716
830 0.617437 0.143701 0.0496249
831 0.617437 0.158906 0.0540927
832 0.617437 0.160445 0.0507968
833 0.617437 0.169345 0.0488219
834 0.617437 0.179571 0.0526297
835 0.617437 0.152966 0.0506942
836 0.617437 0.182837 0.0531143
837 0.617437 0.163299 0.0527202
838 0.617437 0.154567 0.0513221
839 0.617437 0.182187 0.0506561
840 0.617437 0.1716 0.0576032
841 0.617437 0.142356 0.0506632
842 0.617437 0.13859 0.046306
843 0.617437 0.142109 0.0461928
844 0.617437 0.168418 0.0535341
845 0.617437 0.157099 0.0513844
846 0.617437 0.149246 0.0462629
847 0.617437 0.137374 0.046164
848 0.617437 0.14624 0.0502252
849 0.617437 0.153654 0.0522382
850 0.617437 0.185568 0.0557157
851 0.617437 0.142335 0.0472558
852 0.617437 0.126216 0.0426085
853 0.617437 0.144445 0.0451136
854 0.617437 0.141744 0.0471404
855 0.617437 0.120336 0.040761
856 0.617437 0.11407 0.0397693
857 0.617437 0.141148 0.0484103
858 0.617437 0.140436 0.0493041
859 0.617437 0.145487 0.0462353
860 0.617437 0.140196 0.0474348
861 0.617437 0.149099 0.0481965
862 0.617437 0.137011 0.0463621
863 0.617437 0.132938 0.0437665
864 0.617437 0.13753 0.0465841
865 0.617437 0.152951 0.052917
866 0.617437 0.171848 0.0577374
867 0.617437 0.149218 0.0498895
868 0.617437 0.173851 0.0543042
869 0.617437 0.150206 0.0493558
870 0.617437 0.16209 0.0499074
871 0.617437 0.179617 0.0551158
872 0.617437 0.167795 0.0510018
873 0.617437 0.155674 0.0442563
874 0.617437 0.163636 0.0501782
875 0.617437 0.152224 0.0481159
876 0.617437 0.1456 0.0515858
877 0.617437 0.128966 0.0472225
878 0.617437 0.135996 0.0499091
879 0.617437 0.13065 0.0473313
880 0.617437 0.130653 0.0469449
881 0.617437 0.14117 0.0489003
882 0.617437 0.16278 0.0462144
883 0.617437 0.18171 0.0493283
884 0.617437 0.134712 0.0458272
885 0.617437 0.150536 0.0496455
886 0.617437 0.142725 0.0497623
887 0.617437 0.148923 0.0491857
888 0.617437 0.11884 0.0448992
889 0.617437 0.135143 0.0483834
890 0.617437 0.147725 0.0568923
891 0.617437 0.130374 0.0508229
892 0.617437 0.135012 0.0501343
893 0.617437 0.120208 0.0428745
894 0.617437 0.124126 0.0428748
895 0.617437 0.120899 0.0445638
896 0.617437 0.132885 0.0453759
897 0.617437 0.12809 0.0484325
898 0.617437 0.127286 0.046777
899 0.617437 0.140428 0.0538201
900 0.617437 0.142907 0.0517137
901 0.617437 0.111645 0.0439047
902 0.617437 0.125487 0.0501548
903 0.617437 0.122224 0.0460703
904 0.617437 0.131962 0.0484655
905 0.617437 0.126587 0.0485375
906 0.617437 0.153262 0.0498516
907 0.617437 0.127521 0.0461167
908 0.617437 0.154181 0.0522098
909 0.617437 0.137377 0.0484362
910 0.617437 0.119722 0.0425287
911 0.617437 0.118431 0.0445789
912 0.617437 0.136612 0.0500257
913 0.617437 0.134767 0.0489148
914 0.617437 0.161607 0.0541758
915 0.617437 0.159093 0.0541227
916 0.617437 0.142086 0.0493624
917 0.617437 0.164905 0.0554343
918 0.617437 0.167472 0.0543837
919 0.617437 0.147832 0.0496139
920 0.617437 0.151235 0.0503252
921 0.617437 0.124442 0.0456215
922 0.617437 0.141815 0.0530416
923 0.617437 0.142029 0.0474323
924 0.617437 0.158143 0.053836
925 0.617437 0.128301 0.0483898
926 0.617437 0.123377 0.044413
927 0.617437 0.129447 0.0426036
928 0.617437 0.141102 0.0492672
929 0.617437 0.154375 0.0483484
930 0.617437 0.168017 0.049708
931 0.617437 0.167139 0.0525366
932 0.617437 0.158145 0.0501815
933 0.617437 0.174138 0.058115
934 0.617437 0.159738 0.0486521
935 0.617437 0.136624 0.0481585
936 0.617437 0.155674 0.0484176
937 0.617437 0.146903 0.0483127
938 0.617437 0.147222 0.0502564
939 0.617437 0.140689 0.046139
940 0.617437 0.141178 0.047542
941 0.617437 0.168557 0.0528799
942 0.617437 0.148364 0.0494004
943 0.617437 0.13924 0.0458009
944 0.617437 0.169451 0.0521016
945 0.617437 0.161029 0.0506918
946 0.617437 0.149614 0.0522856
947 0.617437 0.175091 0.0539818
948 0.617437 0.146826 0.0487536
949 0.617437 0.161209 0.0543317
950 0.617437 0.166086 0.0550477
951 0.617437 0.182086 0.0484867
952 0.617437 0.168528 0.0460959
953 0.617437 0.16251 0.0508129
954 0.617437 0.173586 0.0548241
955 0.617437 0.145664 0.052777
956 0.617437 0.136892 0.0519152
957 0.617437 0.147791 0.0511513
958 0.617437 0.16756 0.0574132
959 0.617437 0.153349 0.0551229
960 0.617437 0.16321 0.0543351
961 0.617437 0.147752 0.0480806
962 0.617437 0.15472 0.0519903
963 0.617437 0.166014 0.0530788
964 0.617437 0.162543 0.0485938
965 0.617437 0.139982 0.045333
966 0.617437 0.164269 0.0530354
967 0.617437 0.181946 0.0536221
968 0.617437 0.193138 0.0597005
969 0.617437 0.145727 0.0474685
970 0.617437 0.137102 0.0465512
971 0.617437 0.147695 0.0478564
972 0.617437 0.148773 0.0473579
973 0.617437 0.167108 0.0509364
974 0.617437 0.167802 0.0519649
975 0.617437 0.176028 0.0523335
976 0.617437 0.174237 0.0496529
977 0.617437 0.152898 0.0483941
978 0.617437 0.162514 0.0457897
979 0.617437 0.170473 0.050387
980 0.617437 0.14417 0.0506911
981 0.617437 0.161736 0.0489751
982 0.617437 0.156071 0.0500097
983 0.617437 0.145663 0.0511933
984 0.617437 0.134608 0.0465566
985 0.617437 0.143307 0.046444
986 0.617437 0.134532 0.0469081
987 0.617437 0.115553 0.0412754
988 0.617437 0.135595 0.0501887
989 0.617437 0.150187 0.0473391
990 0.617437 0.13528 0.0470171
991 0.617437 0.151326 0.0501866
992 0.617437 0.150458 0.0518826
993 0.617437 0.134523 0.0518475
994 0.617437 0.138454 0.046352
995 0.617437 0.140337 0.0481448
996 0.617437 0.145569 0.0520051
997 0.617437 0.122036 0.0441519
998 0.617437 0.123856 0.0463808
999 0.617437 0.160225 0.0533756
1000 0.617437 0.153325 0.0484168
