0 0.125231 0.0610526 0.00384292
1 0.125272 0.0768192 0.00369174
2 0.125272 0.0837284 0.00340655
3 0.125272 0.0898407 0.00310821
4 0.125272 0.0955444 0.0028088
5 0.208516 0.101222 0.00258878
6 0.225221 0.104645 0.00253634
7 0.225221 0.105887 0.00244371
8 0.225221 0.105591 0.002675
9 0.226145 0.10912 0.0025843
10 0.362155 0.109597 0.00440756
11 0.362155 0.113223 0.00430474
12 0.413151 0.119758 0.0059961
13 0.465182 0.131165 0.00966862
14 0.502131 0.140918 0.0125611
14 0.532552 0.059389 0.0171257
15 0.564 0.0646328 0.0204684
16 0.564 0.0806017 0.0266725
17 0.564 0.10505 0.0325572
18 0.564 0.109513 0.0339288
19 0.564 0.0950518 0.0337554
20 0.564 0.100959 0.0361096
21 0.564 0.121656 0.0392387
22 0.564 0.124774 0.0426344
23 0.564 0.137938 0.0476811
24 0.588441 0.151269 0.0485232
25 0.588441 0.145654 0.0427794
26 0.588441 0.152727 0.0438275
27 0.588441 0.14601 0.0426981
28 0.588441 0.150915 0.0434294
29 0.588441 0.147299 0.0451233
30 0.588441 0.142378 0.0411278
31 0.588441 0.157579 0.0476876
32 0.588441 0.15875 0.04479
33 0.588441 0.17544 0.0443992
34 0.593871 0.179653 0.0476997
35 0.593871 0.20383 0.0540397
36 0.593871 0.184687 0.0511505
37 0.593871 0.174091 0.0497964
38 0.595588 0.185651 0.0483477
39 0.595588 0.160949 0.0445827
40 0.595588 0.158958 0.0462173
41 0.595588 0.170192 0.0474501
42 0.595588 0.158241 0.0495466
43 0.596052 0.151978 0.0490468
44 0.596052 0.159427 0.0481926
45 0.596052 0.159324 0.0475365
46 0.596052 0.151595 0.0459985
47 0.596052 0.164286 0.0515269
48 0.596052 0.168566 0.0505632
49 0.596052 0.167982 0.0491686
50 0.596052 0.186294 0.0491651
51 0.596052 0.21635 0.0532036
52 0.596052 0.196199 0.0500266
53 0.596052 0.165315 0.0489108
54 0.596052 0.189564 0.0460788
55 0.596052 0.187769 0.0480994
56 0.596052 0.175804 0.0500631
57 0.596052 0.169263 0.0468674
58 0.596052 0.17623 0.0471173
59 0.596052 0.2046 0.052195
60 0.597334 0.199263 0.0517111
61 0.597334 0.198967 0.048374
62 0.597334 0.21261 0.0545544
63 0.602959 0.218023 0.0548462
64 0.602959 0.194623 0.0522282
65 0.602959 0.196129 0.052736
66 0.602959 0.185521 0.05248
67 0.602959 0.20406 0.054482
68 0.602959 0.206598 0.0503322
69 0.602959 0.192617 0.0549193
70 0.602959 0.184038 0.0544428
71 0.602959 0.209702 0.0555696
72 0.602959 0.196413 0.0533568
73 0.602959 0.181569 0.0523906
74 0.602959 0.189329 0.0535574
75 0.602959 0.172519 0.0472448
76 0.602959 0.169972 0.0479806
77 0.602959 0.190983 0.0452359
78 0.602959 0.209607 0.0494367
79 0.602959 0.211714 0.055276
80 0.602959 0.184045 0.051903
81 0.602959 0.145548 0.0500708
82 0.602959 0.178672 0.0548542
83 0.602959 0.201647 0.0537372
84 0.602959 0.195739 0.0543104
85 0.602959 0.17381 0.0525191
86 0.602959 0.185253 0.0534703
87 0.602959 0.189804 0.0546311
88 0.602959 0.193242 0.0543911
89 0.602959 0.174296 0.0546218
90 0.602959 0.183026 0.0546537
91 0.602959 0.21214 0.0599067
92 0.602959 0.200724 0.0535889
93 0.602959 0.192429 0.0591617
94 0.602959 0.168059 0.0542795
95 0.602959 0.163529 0.0535781
96 0.602959 0.197077 0.0568673
97 0.602959 0.191284 0.0511291
98 0.602959 0.180989 0.0498929
99 0.602959 0.195023 0.0554106
100 0.602959 0.198377 0.0555071
101 0.602959 0.18668 0.0554136
102 0.602959 0.172965 0.0485883
103 0.602959 0.177101 0.0514036
104 0.602959 0.139768 0.0452423
105 0.602959 0.177741 0.0538194
106 0.602959 0.196266 0.0501599
107 0.602959 0.195676 0.0488354
108 0.602959 0.187328 0.049896
109 0.602959 0.173843 0.0443966
110 0.602959 0.206328 0.0515713
111 0.602959 0.192214 0.0509402
112 0.602959 0.1958 0.0502712
113 0.602959 0.193243 0.0557926
114 0.602959 0.178129 0.0506827
115 0.602959 0.139872 0.0468244
116 0.602959 0.161723 0.0487639
117 0.602959 0.179131 0.0515491
118 0.602959 0.204095 0.0530208
119 0.602959 0.198847 0.0526082
120 0.602959 0.194681 0.0518825
121 0.602959 0.21179 0.0592167
122 0.602959 0.190533 0.0600113
123 0.602959 0.184158 0.0540347
124 0.602959 0.169006 0.0521463
125 0.602959 0.153661 0.0516775
126 0.602959 0.16988 0.05439
127 0.602959 0.182847 0.0550503
128 0.602959 0.178321 0.0522626
129 0.602959 0.166421 0.0493409
130 0.602959 0.192187 0.0537118
131 0.602959 0.182595 0.0502168
132 0.609971 0.199011 0.0567805
133 0.609971 0.182713 0.0548513
134 0.609971 0.197813 0.0532065
135 0.609971 0.208188 0.0563909
136 0.609971 0.214498 0.0549566
137 0.609971 0.209298 0.0546142
138 0.609971 0.19938 0.0574177
139 0.609971 0.189801 0.0569115
140 0.609971 0.188535 0.0559222
141 0.609971 0.209173 0.0544664
142 0.609971 0.229166 0.0596898
143 0.609983 0.220082 0.0588945
144 0.609983 0.218732 0.0582515
145 0.609983 0.215081 0.055283
146 0.609983 0.202242 0.0548167
147 0.609983 0.207507 0.0563528
148 0.609983 0.217619 0.0549294
149 0.609983 0.243048 0.0544938
150 0.609983 0.215039 0.0517772
151 0.609983 0.195407 0.0544722
152 0.609983 0.185502 0.0533018
153 0.609983 0.177864 0.0521099
154 0.609983 0.203813 0.0596974
155 0.610726 0.194406 0.0586808
156 0.610726 0.189476 0.0582672
157 0.610726 0.1943 0.058922
158 0.610726 0.182299 0.0562754
159 0.610726 0.18676 0.0589946
160 0.610726 0.15394 0.0504115
161 0.610726 0.150808 0.0524513
162 0.610726 0.177622 0.0539904
163 0.610726 0.1549 0.049766
164 0.610726 0.149515 0.0508315
165 0.610726 0.163934 0.0560765
166 0.610726 0.171073 0.0536288
167 0.610726 0.170799 0.0570231
168 0.610726 0.160585 0.054449
169 0.610726 0.189018 0.053759
170 0.610726 0.183717 0.0567115
171 0.610726 0.185708 0.0568234
172 0.610726 0.197705 0.060161
173 0.610726 0.204235 0.0571885
174 0.610726 0.24985 0.0634463
175 0.610726 0.245302 0.0585188
176 0.610726 0.220942 0.0531154
177 0.610726 0.203835 0.050782
178 0.610726 0.224598 0.0521908
179 0.610726 0.230593 0.0554198
180 0.610726 0.260137 0.0574509
181 0.610726 0.228575 0.0606941
182 0.610726 0.215871 0.0546604
183 0.610726 0.203606 0.0555126
184 0.610726 0.211506 0.0550527
185 0.610726 0.158791 0.0514324
186 0.610726 0.16798 0.0499393
187 0.610726 0.180471 0.053336
188 0.610726 0.190028 0.0567527
189 0.610726 0.174381 0.054595
190 0.610726 0.208546 0.0603436
191 0.610726 0.204373 0.05346
192 0.610726 0.200853 0.0569931
193 0.610726 0.200246 0.0519829
194 0.610726 0.222791 0.0548929
195 0.610726 0.214778 0.0526389
196 0.610726 0.233595 0.0564594
197 0.610726 0.253594 0.0569293
198 0.610726 0.2617 0.054809
199 0.610726 0.222045 0.0560435
200 0.610726 0.217843 0.059226
201 0.610726 0.224713 0.059153
202 0.610726 0.195498 0.0531078
203 0.610726 0.218715 0.0575181
204 0.610726 0.205544 0.0592848
205 0.610726 0.238736 0.0651203
206 0.610726 0.227554 0.0604002
207 0.610726 0.256396 0.0549388
208 0.610726 0.245117 0.0592624
209 0.610726 0.240569 0.0580374
210 0.610726 0.253312 0.0588018
211 0.610726 0.244185 0.0561862
212 0.610726 0.246238 0.0584073
213 0.610726 0.222181 0.0551135
214 0.610726 0.201179 0.055805
215 0.610726 0.227219 0.0552427
216 0.610726 0.231466 0.0560588
217 0.610726 0.241344 0.0624572
218 0.610726 0.224416 0.0592602
219 0.610726 0.197928 0.053131
220 0.610726 0.199615 0.0534454
221 0.610726 0.201902 0.0564107
222 0.610726 0.218359 0.0595169
223 0.610726 0.205544 0.0539776
224 0.610726 0.210863 0.053175
225 0.610726 0.218462 0.0526205
226 0.610726 0.239282 0.0568099
227 0.610726 0.262078 0.0539231
228 0.610726 0.232712 0.0540685
229 0.610726 0.219598 0.0572027
230 0.610726 0.243716 0.0534944
231 0.610726 0.223313 0.0527613
232 0.610726 0.223249 0.0549728
233 0.610726 0.237838 0.0536805
234 0.610726 0.247542 0.0554722
235 0.610726 0.228654 0.0601156
236 0.610726 0.199309 0.0579983
237 0.610726 0.202574 0.0537881
238 0.610726 0.216363 0.060425
239 0.610726 0.217935 0.0618799
240 0.610726 0.213052 0.0593033
241 0.610726 0.185249 0.0536269
242 0.610726 0.218692 0.0577045
243 0.611139 0.212199 0.0606551
244 0.611139 0.222437 0.0580205
245 0.611139 0.201516 0.0552681
246 0.611139 0.221213 0.0596737
247 0.611139 0.207228 0.0537975
248 0.611139 0.182511 0.0460411
249 0.611139 0.203913 0.052918
250 0.611139 0.203955 0.052319
251 0.611139 0.19529 0.0521621
252 0.611139 0.199456 0.0562921
253 0.611139 0.188366 0.0506404
254 0.611139 0.216575 0.0544497
255 0.611139 0.158233 0.0467055
256 0.611139 0.185892 0.0529933
257 0.611139 0.214473 0.0564687
258 0.611139 0.199843 0.059281
259 0.611139 0.185424 0.0560918
260 0.611139 0.175898 0.0541755
261 0.611139 0.185049 0.0560466
262 0.611139 0.195032 0.058967
263 0.611139 0.207146 0.0584117
264 0.611139 0.214144 0.05903
265 0.611139 0.239709 0.0585674
266 0.611139 0.240513 0.0612675
267 0.611139 0.231169 0.0531344
268 0.611139 0.224781 0.0544665
269 0.611139 0.209368 0.0540913
270 0.611139 0.214438 0.0521937
271 0.611139 0.22708 0.0511039
272 0.611139 0.235931 0.0520422
273 0.611139 0.232566 0.0513315
274 0.611139 0.229881 0.0548821
275 0.611139 0.220059 0.0526145
276 0.611139 0.236726 0.0563977
277 0.611139 0.235445 0.0578916
278 0.611139 0.256255 0.0560854
279 0.611139 0.242584 0.0501534
280 0.611139 0.230521 0.0522685
281 0.611139 0.23863 0.0552877
282 0.611139 0.249105 0.0561297
283 0.611139 0.232582 0.051616
284 0.611139 0.235522 0.0545454
285 0.611139 0.238598 0.0566316
286 0.611139 0.227954 0.0567162
287 0.611139 0.226253 0.051581
288 0.611139 0.229011 0.054492
289 0.611139 0.241684 0.0567213
290 0.611139 0.227966 0.053487
291 0.611139 0.191691 0.0529716
292 0.611139 0.227692 0.0564589
293 0.611139 0.183855 0.0527412
294 0.611139 0.182508 0.0475083
295 0.611139 0.2047 0.0513189
296 0.611139 0.203868 0.0489778
297 0.611139 0.210035 0.0527207
298 0.611139 0.211917 0.0525756
299 0.611139 0.222472 0.0581036
300 0.611139 0.218758 0.0602953
301 0.611139 0.252914 0.0594962
302 0.611139 0.192966 0.0539398
303 0.611139 0.197993 0.0538791
304 0.611139 0.193148 0.050295
305 0.611139 0.188624 0.0507838
306 0.611139 0.206632 0.0530423
307 0.611139 0.196499 0.0485447
308 0.611139 0.194227 0.05327
309 0.611139 0.193819 0.0543107
310 0.611139 0.195583 0.051084
311 0.611139 0.181488 0.0513693
312 0.611139 0.184138 0.0486763
313 0.611139 0.191894 0.0563828
314 0.611139 0.210055 0.0565498
315 0.611139 0.204033 0.0505044
316 0.611139 0.227924 0.055492
317 0.611139 0.217265 0.0548269
318 0.611139 0.233021 0.0581338
319 0.611139 0.228134 0.057519
320 0.611139 0.220066 0.0521412
321 0.611139 0.229229 0.0522481
322 0.611139 0.212983 0.0540288
323 0.611139 0.190997 0.057141
324 0.611139 0.180679 0.0547077
325 0.611139 0.19104 0.0605256
326 0.611139 0.168971 0.0566013
327 0.611139 0.166626 0.0526858
328 0.611139 0.155619 0.0564871
329 0.611139 0.165915 0.0504964
330 0.611139 0.178749 0.0561176
331 0.611139 0.167139 0.0553027
332 0.611139 0.207326 0.0585267
333 0.611139 0.164097 0.0515904
334 0.611139 0.18146 0.0577682
335 0.611139 0.179509 0.053432
336 0.611139 0.183088 0.0538762
337 0.611139 0.179325 0.0547787
338 0.611139 0.151404 0.0516317
339 0.611139 0.185617 0.05996
340 0.611139 0.191296 0.0548533
341 0.611139 0.170572 0.0533177
342 0.611139 0.182139 0.0498898
343 0.611139 0.158884 0.0483701
344 0.611139 0.155761 0.047484
345 0.611139 0.181815 0.0543914
346 0.611139 0.170963 0.0531118
347 0.611139 0.189568 0.0572329
348 0.611139 0.176352 0.0532114
349 0.611139 0.17314 0.0519804
350 0.611139 0.165355 0.0495782
351 0.611139 0.181179 0.0522909
352 0.611139 0.216179 0.0508022
353 0.611139 0.176589 0.0472376
354 0.611139 0.188425 0.0507215
355 0.611139 0.201588 0.0523774
356 0.611139 0.193264 0.0542704
357 0.611139 0.214972 0.056217
358 0.611139 0.196336 0.0503169
359 0.611139 0.206846 0.0534573
360 0.611139 0.207116 0.0603377
361 0.611139 0.217227 0.057893
362 0.611139 0.217082 0.0581009
363 0.611139 0.212168 0.0524955
364 0.611139 0.220449 0.0498984
365 0.611139 0.203193 0.0495527
366 0.611139 0.232863 0.0564929
367 0.611139 0.249126 0.054152
368 0.611139 0.211645 0.0542416
369 0.611139 0.185519 0.0500022
370 0.611139 0.196363 0.057058
371 0.611139 0.20348 0.0586687
372 0.611139 0.21102 0.0532027
373 0.611139 0.228633 0.055703
374 0.611139 0.211684 0.0534118
375 0.611139 0.218078 0.0568578
376 0.611139 0.226134 0.0584658
377 0.611139 0.207576 0.0556327
378 0.611139 0.199073 0.0538955
379 0.611139 0.180037 0.0534889
380 0.611139 0.182468 0.0548665
381 0.611139 0.20865 0.0534697
382 0.611139 0.198783 0.0536868
383 0.611139 0.201589 0.05003
384 0.611139 0.195088 0.0501104
385 0.611139 0.225082 0.0563374
386 0.611139 0.225311 0.0624863
387 0.611139 0.226855 0.0590519
388 0.611139 0.221604 0.0577871
389 0.611139 0.239686 0.061033
390 0.611139 0.248348 0.0568123
391 0.611139 0.223963 0.0521299
392 0.611139 0.240902 0.0528262
393 0.611139 0.218889 0.0503178
394 0.611139 0.202916 0.0561592
395 0.611139 0.197179 0.0540894
396 0.611139 0.206425 0.0561625
397 0.611139 0.190891 0.056058
398 0.611139 0.191876 0.0557525
399 0.611139 0.206068 0.0566685
400 0.611139 0.204636 0.0572424
401 0.611139 0.227722 0.0578869
402 0.611139 0.23972 0.0559146
403 0.611139 0.227457 0.0561868
404 0.611139 0.212776 0.0566147
405 0.611139 0.213213 0.0514759
406 0.611139 0.202223 0.0496558
407 0.611139 0.249136 0.0510673
408 0.611139 0.269581 0.0493408
409 0.611139 0.274948 0.0522124
410 0.611139 0.243626 0.0576691
411 0.611139 0.217685 0.0497159
412 0.611139 0.235437 0.0506268
413 0.611139 0.221006 0.0532141
414 0.611139 0.197424 0.0499179
415 0.611139 0.209552 0.0542186
416 0.611139 0.192674 0.0542783
417 0.611139 0.191634 0.0539254
418 0.611139 0.204623 0.0552716
419 0.611139 0.204996 0.0550274
420 0.611139 0.206262 0.0528095
421 0.611139 0.214048 0.060096
422 0.611139 0.197331 0.0574089
423 0.611139 0.185832 0.0597786
424 0.611139 0.218547 0.0610753
425 0.611139 0.205235 0.0589725
426 0.611139 0.190463 0.0558644
427 0.611139 0.222455 0.0607833
428 0.611139 0.23031 0.0578745
429 0.611139 0.207177 0.0561027
430 0.611139 0.186338 0.0522901
431 0.611139 0.178557 0.0484813
432 0.611139 0.199987 0.0557986
433 0.611139 0.190454 0.0528084
434 0.611139 0.203427 0.0585211
435 0.611139 0.182915 0.0537947
436 0.611139 0.18415 0.0541539
437 0.611139 0.199081 0.0524612
438 0.611139 0.199518 0.0536368
439 0.611139 0.193098 0.057948
440 0.611139 0.178573 0.0547923
441 0.611139 0.181325 0.0535583
442 0.611139 0.176424 0.0537199
443 0.611139 0.181702 0.0521414
444 0.611139 0.194676 0.0562667
445 0.611139 0.214713 0.0553803
446 0.611139 0.17129 0.0560302
447 0.611139 0.175225 0.0491692
448 0.611139 0.207506 0.0575035
449 0.611139 0.206652 0.0578062
450 0.611139 0.206328 0.0570673
451 0.611139 0.22751 0.0611179
452 0.611139 0.182753 0.0527387
453 0.611139 0.184555 0.0548008
454 0.611139 0.184622 0.0533208
455 0.611139 0.196455 0.0577177
456 0.611139 0.181963 0.0480145
457 0.611139 0.203045 0.0516422
458 0.611139 0.194049 0.054337
459 0.611139 0.203498 0.0591099
460 0.611139 0.179521 0.0533494
461 0.611139 0.152641 0.053411
462 0.611139 0.200596 0.0553909
463 0.611139 0.202317 0.0586868
464 0.611139 0.198871 0.0577329
465 0.611139 0.200095 0.0568065
466 0.611139 0.209362 0.057845
467 0.611139 0.201161 0.0541745
468 0.611139 0.186212 0.0550787
469 0.611139 0.217519 0.0589855
470 0.611139 0.192033 0.052919
471 0.611139 0.157122 0.0507231
472 0.611139 0.189433 0.057239
473 0.611139 0.190418 0.0544748
474 0.611139 0.183343 0.0496456
475 0.611139 0.193618 0.0511609
476 0.611139 0.200833 0.0525116
477 0.611139 0.188323 0.0535929
478 0.611139 0.202139 0.0506535
479 0.611139 0.228273 0.0550816
480 0.611139 0.248106 0.0541815
481 0.611139 0.233817 0.0538898
482 0.611139 0.249474 0.0558403
483 0.611139 0.227959 0.0546584
484 0.611139 0.234822 0.0567739
485 0.611139 0.252221 0.0603019
486 0.611139 0.251207 0.0571679
487 0.611139 0.243128 0.0568265
488 0.611139 0.238426 0.0584106
489 0.611139 0.258026 0.0520923
490 0.611139 0.215346 0.05615
491 0.611139 0.184049 0.0549855
492 0.611139 0.18236 0.0565854
493 0.611139 0.223631 0.0588576
494 0.611139 0.22502 0.056636
495 0.611139 0.218003 0.0578656
496 0.611139 0.194814 0.0550245
497 0.611139 0.236034 0.0582268
498 0.611139 0.219611 0.055004
499 0.611139 0.19202 0.0570528
500 0.611139 0.202715 0.0548402
501 0.611139 0.196776 0.0543022
502 0.611139 0.224965 0.0577234
503 0.611139 0.213602 0.0553922
504 0.611139 0.213419 0.0504694
505 0.611139 0.210038 0.0542234
506 0.611139 0.21313 0.0577373
507 0.611139 0.207801 0.0561376
508 0.611139 0.193216 0.0524023
509 0.611139 0.211728 0.0548043
510 0.611139 0.183032 0.0509348
511 0.611139 0.203826 0.0520303
512 0.611139 0.211619 0.0553804
513 0.611139 0.203769 0.0521234
514 0.611139 0.20823 0.0537097
515 0.611139 0.215353 0.05911
516 0.611139 0.209862 0.0529684
517 0.611139 0.194116 0.0550535
518 0.611139 0.216937 0.0523999
519 0.611139 0.189944 0.0516247
520 0.611139 0.211865 0.0547177
521 0.611139 0.172733 0.0545473
522 0.611139 0.206976 0.0606089
523 0.611139 0.18849 0.052899
524 0.611139 0.182508 0.0560549
525 0.611139 0.208841 0.0578621
526 0.611139 0.22993 0.0577712
527 0.611139 0.255368 0.0591834
528 0.611139 0.203156 0.058097
529 0.611139 0.197584 0.0533025
530 0.611139 0.194549 0.0541889
531 0.611139 0.246289 0.0554352
532 0.611139 0.234284 0.0548902
533 0.611139 0.197635 0.0556608
534 0.611139 0.218365 0.059073
535 0.611139 0.217341 0.0544327
536 0.611139 0.222899 0.0489589
537 0.611139 0.203044 0.058194
538 0.611139 0.187678 0.0535068
539 0.611139 0.167688 0.0526366
540 0.611139 0.194586 0.0612419
541 0.611139 0.170584 0.0523334
542 0.611139 0.167444 0.0518152
543 0.611139 0.211136 0.0594283
544 0.611139 0.191255 0.0557101
545 0.611139 0.181175 0.0527672
546 0.611139 0.192801 0.0550263
547 0.611139 0.196257 0.0518714
548 0.611139 0.220908 0.0540831
549 0.611139 0.229886 0.0572412
550 0.611139 0.219235 0.0547595
551 0.611139 0.238564 0.0520104
552 0.611139 0.227641 0.0567656
553 0.611139 0.219581 0.0561078
554 0.611139 0.209276 0.0572905
555 0.611139 0.215665 0.0545501
556 0.611139 0.209635 0.0545638
557 0.611139 0.204324 0.0537402
558 0.611139 0.194849 0.0520293
559 0.611139 0.201397 0.0536817
560 0.611139 0.20637 0.0553814
561 0.611139 0.210877 0.054352
562 0.611139 0.180258 0.0479308
563 0.611139 0.174355 0.0514138
564 0.611139 0.20494 0.0568147
565 0.611139 0.217803 0.054797
566 0.611139 0.223518 0.0563935
567 0.611139 0.205219 0.057128
568 0.611139 0.222069 0.0564781
569 0.611139 0.228272 0.0528347
570 0.611139 0.212818 0.0525156
571 0.611139 0.194728 0.0499427
572 0.611139 0.205462 0.0527084
573 0.611139 0.195129 0.0508801
574 0.611139 0.224524 0.0567658
575 0.611139 0.219702 0.0585251
576 0.611139 0.183403 0.0528917
577 0.611139 0.198024 0.0575141
578 0.611139 0.200511 0.0574112
579 0.611139 0.183032 0.0536531
580 0.611139 0.199937 0.0555207
581 0.611139 0.20719 0.0537577
582 0.611139 0.227781 0.0519971
583 0.611139 0.209531 0.0564511
584 0.611139 0.195325 0.0572119
585 0.611139 0.19344 0.0570411
586 0.611139 0.181302 0.0556172
587 0.611139 0.212647 0.0533168
588 0.611139 0.228252 0.0542874
589 0.611139 0.199291 0.0561729
590 0.611139 0.185641 0.05514
591 0.611139 0.18369 0.0510913
592 0.611139 0.224288 0.0550543
593 0.611139 0.250414 0.0574489
594 0.611139 0.236567 0.0551638
595 0.611139 0.219298 0.055624
596 0.611139 0.230994 0.056127
597 0.611139 0.247579 0.054222
598 0.611139 0.202296 0.0538568
599 0.611139 0.210463 0.0523653
600 0.611139 0.207183 0.0480563
601 0.611139 0.218354 0.0499124
602 0.611139 0.204701 0.0527267
603 0.611139 0.220606 0.0549046
604 0.611139 0.224038 0.0547954
605 0.611139 0.216449 0.0564023
606 0.611139 0.185278 0.0507657
607 0.611139 0.196983 0.0529572
608 0.611139 0.21304 0.0558069
609 0.611139 0.202588 0.0572509
610 0.611139 0.196747 0.058173
611 0.611139 0.172397 0.0522613
612 0.611139 0.181985 0.0511429
613 0.611139 0.190027 0.0541173
614 0.611139 0.195865 0.0547009
615 0.611139 0.184733 0.0546616
616 0.611139 0.194373 0.0577746
617 0.611139 0.196258 0.054881
618 0.611139 0.179546 0.054409
619 0.611139 0.182333 0.0557429
620 0.611139 0.138645 0.0486069
621 0.611139 0.165547 0.0538653
622 0.611139 0.153039 0.0506835
623 0.611139 0.177803 0.0547123
624 0.611139 0.160782 0.0534926
625 0.611139 0.176538 0.0547027
626 0.611139 0.185041 0.0549457
627 0.611139 0.17185 0.0532051
628 0.611139 0.157898 0.0513085
629 0.611139 0.176874 0.05262
630 0.611139 0.136815 0.0466516
631 0.611139 0.173093 0.0516722
632 0.611139 0.188672 0.0507918
633 0.611139 0.19271 0.0513645
634 0.611139 0.199997 0.0512579
635 0.611139 0.188308 0.0525616
636 0.611139 0.213848 0.0543973
637 0.611139 0.230539 0.0530184
638 0.611139 0.211064 0.0535563
639 0.611139 0.213059 0.054078
640 0.611139 0.229653 0.0562709
641 0.611139 0.197621 0.0522917
642 0.611139 0.18925 0.0552187
643 0.611139 0.173768 0.0563522
644 0.611139 0.178857 0.0522294
645 0.611139 0.184709 0.0515374
646 0.611139 0.173172 0.0509325
647 0.611139 0.18658 0.0578032
648 0.611139 0.148256 0.0469779
649 0.611139 0.18746 0.0526548
650 0.611139 0.186671 0.0539153
651 0.611139 0.165576 0.0519523
652 0.611139 0.166497 0.0530374
653 0.611139 0.177292 0.0558006
654 0.611139 0.17786 0.054811
655 0.611139 0.216891 0.0551252
656 0.611139 0.201578 0.0583813
657 0.611139 0.175204 0.0529077
658 0.611139 0.195922 0.0519042
659 0.611139 0.166 0.0478843
660 0.611139 0.162662 0.0459257
661 0.611139 0.17901 0.0534874
662 0.611139 0.156629 0.0483318
663 0.611139 0.185262 0.0540666
664 0.611139 0.186902 0.0533533
665 0.611139 0.2094 0.0566532
666 0.611139 0.202159 0.0582689
667 0.611139 0.17115 0.0517829
668 0.611139 0.188215 0.0536265
669 0.611139 0.187587 0.051937
670 0.611139 0.173632 0.0518546
671 0.611139 0.18823 0.0542032
672 0.611139 0.187631 0.0521772
673 0.611139 0.183059 0.0539624
674 0.611139 0.197157 0.0539098
675 0.611139 0.191377 0.0543683
676 0.611139 0.201083 0.0557556
677 0.611139 0.189755 0.0531422
678 0.611139 0.191931 0.0515207
679 0.611139 0.180826 0.0512376
680 0.611139 0.191006 0.0518838
681 0.611139 0.175284 0.0519315
682 0.611139 0.15894 0.050323
683 0.611139 0.17558 0.0525812
684 0.611139 0.181827 0.0520386
685 0.611139 0.202876 0.0590137
686 0.611139 0.219167 0.0594269
687 0.611139 0.205773 0.0567693
688 0.611139 0.197347 0.0593543
689 0.611139 0.188344 0.057361
690 0.611139 0.205712 0.0536906
691 0.611139 0.197029 0.0489494
692 0.611139 0.194338 0.0479843
693 0.611139 0.184411 0.0483727
694 0.611139 0.195012 0.0507778
695 0.611139 0.168008 0.049762
696 0.611139 0.17479 0.0487614
697 0.611139 0.196022 0.0504653
698 0.611139 0.201975 0.0503191
699 0.611139 0.213274 0.054126
700 0.611139 0.200432 0.0552699
701 0.611139 0.203687 0.055036
702 0.611139 0.199921 0.0554332
703 0.611139 0.182519 0.0534785
704 0.611139 0.185839 0.0481599
705 0.611139 0.165157 0.0502892
706 0.611139 0.179279 0.052115
707 0.611139 0.182776 0.0525946
708 0.611139 0.213155 0.0564663
709 0.611139 0.184215 0.055708
710 0.611139 0.179972 0.0575309
711 0.611139 0.180141 0.0583557
712 0.611139 0.155606 0.0551898
713 0.611139 0.167487 0.0514371
714 0.611139 0.183172 0.0516445
715 0.611139 0.170671 0.0505136
716 0.611139 0.194668 0.0535798
717 0.611139 0.200243 0.0536061
718 0.611139 0.186949 0.0524633
719 0.611139 0.190874 0.0540888
720 0.611139 0.203298 0.0556521
721 0.611139 0.23052 0.0576594
722 0.611139 0.204457 0.0531031
723 0.611139 0.184578 0.0542426
724 0.611139 0.210476 0.0544115
725 0.611139 0.226537 0.0539194
726 0.611139 0.225555 0.0527851
727 0.611139 0.2074 0.0541758
728 0.611139 0.195563 0.0496786
729 0.611139 0.201975 0.0535101
730 0.611139 0.183144 0.0513512
731 0.611139 0.182464 0.0536452
732 0.611139 0.172514 0.051553
733 0.611139 0.204736 0.0541467
734 0.611139 0.186442 0.0526858
735 0.611139 0.186464 0.0504119
736 0.611139 0.169901 0.0524972
737 0.611139 0.1981 0.0589671
738 0.611139 0.18725 0.0535247
739 0.611139 0.188143 0.0558077
740 0.611139 0.195696 0.049056
741 0.611139 0.208393 0.0541149
742 0.611139 0.204394 0.054562
743 0.611139 0.195819 0.0566659
744 0.611139 0.183475 0.0538223
745 0.611139 0.190622 0.0514871
746 0.611139 0.195802 0.0496905
747 0.611139 0.217307 0.0529041
748 0.611139 0.229314 0.0507261
749 0.611139 0.243437 0.0510519
750 0.611139 0.200603 0.053503
751 0.611139 0.196963 0.0513818
752 0.611139 0.196739 0.0558565
753 0.611139 0.207845 0.0550732
754 0.611139 0.175865 0.0491592
755 0.611139 0.172124 0.0488397
756 0.611139 0.171503 0.0493336
757 0.611139 0.17319 0.0514743
758 0.611139 0.203581 0.0573534
759 0.611139 0.185179 0.0547649
760 0.611139 0.174421 0.051618
761 0.611139 0.18529 0.0545232
762 0.611139 0.170955 0.0468924
763 0.611139 0.187308 0.0494193
764 0.611139 0.185749 0.0505414
765 0.611139 0.205779 0.0545442
766 0.611139 0.195976 0.0521249
767 0.611139 0.188621 0.0504225
768 0.611139 0.197169 0.0568148
769 0.611139 0.212316 0.0535947
770 0.611139 0.207387 0.0542222
771 0.611139 0.194353 0.0539105
772 0.611139 0.183978 0.0531951
773 0.611139 0.196029 0.0518678
774 0.611139 0.186225 0.0523485
775 0.611139 0.189334 0.0483773
776 0.611139 0.193919 0.05021
777 0.611139 0.172007 0.0535578
778 0.611139 0.144719 0.0463648
779 0.611139 0.177818 0.0526478
780 0.611139 0.170568 0.0509888
781 0.611139 0.165158 0.0503853
782 0.611139 0.17353 0.0486069
783 0.611139 0.194486 0.052838
784 0.611139 0.172925 0.0474276
785 0.611139 0.1666 0.0534759
786 0.611139 0.160675 0.0499572
787 0.611139 0.172116 0.0561861
788 0.611139 0.189735 0.0565016
789 0.611139 0.184702 0.0527645
790 0.611139 0.182788 0.054287
791 0.611139 0.197501 0.0524015
792 0.611139 0.213402 0.0525059
793 0.611139 0.165328 0.0523785
794 0.611139 0.21573 0.0544993
795 0.611139 0.181028 0.0522525
796 0.611139 0.20118 0.0523994
797 0.611139 0.190636 0.05066
798 0.611139 0.178271 0.0493549
799 0.611139 0.187401 0.0512404
800 0.611139 0.217578 0.0576321
801 0.611139 0.185913 0.0491587
802 0.611139 0.204249 0.0525006
803 0.611139 0.213354 0.0510533
804 0.611139 0.213788 0.0572807
805 0.611139 0.195952 0.0546024
806 0.611139 0.160516 0.0508381
807 0.611139 0.172388 0.0495571
808 0.611139 0.166082 0.0522152
809 0.611139 0.16762 0.0505738
810 0.611139 0.158848 0.0513978
811 0.611139 0.158986 0.0493458
812 0.611139 0.129083 0.0469627
813 0.611139 0.144305 0.0480284
814 0.611139 0.152333 0.0509367
815 0.611139 0.156532 0.050568
816 0.611139 0.165606 0.0539344
817 0.611139 0.163441 0.050444
818 0.611139 0.157524 0.0484754
819 0.611139 0.175075 0.0508193
820 0.611139 0.171252 0.0528493
821 0.611139 0.202399 0.0534913
822 0.611139 0.19859 0.0550191
823 0.611139 0.142044 0.0437418
824 0.611139 0.144647 0.049492
825 0.611139 0.163277 0.0525075
826 0.611139 0.158218 0.0455202
827 0.611139 0.161098 0.0500777
828 0.611139 0.13898 0.0439064
829 0.611139 0.155611 0.050353
830 0.611139 0.175969 0.0556295
831 0.611139 0.161191 0.0516495
832 0.611139 0.170019 0.0573333
833 0.611139 0.146651 0.052369
834 0.611139 0.15067 0.0531803
835 0.611139 0.142604 0.0503655
836 0.611139 0.116851 0.0444718
837 0.611139 0.143117 0.0514362
838 0.611139 0.163967 0.0539267
839 0.611139 0.159353 0.0515566
840 0.611139 0.154249 0.0466551
841 0.611139 0.141234 0.0476257
842 0.611139 0.144246 0.0477462
843 0.611139 0.169093 0.048836
844 0.611139 0.172793 0.0493043
845 0.611139 0.164127 0.0506765
846 0.611139 0.165118 0.053721
847 0.611139 0.152075 0.0480069
848 0.611139 0.146905 0.0501158
849 0.611139 0.158383 0.0501098
850 0.611139 0.147024 0.0402086
851 0.611139 0.155913 0.0496179
852 0.611139 0.125734 0.0457889
853 0.611139 0.131223 0.0451397
854 0.611139 0.11498 0.0435611
855 0.611139 0.126278 0.0462788
856 0.611139 0.128046 0.0436781
857 0.611139 0.142484 0.0509093
858 0.611139 0.141862 0.0480726
859 0.611139 0.152308 0.0518089
860 0.611139 0.13726 0.048413
861 0.611139 0.130802 0.0502075
862 0.611139 0.154686 0.0492491
863 0.611139 0.106381 0.0404821
864 0.611139 0.127616 0.0450787
865 0.611139 0.145489 0.0442245
866 0.611139 0.131228 0.0418603
867 0.611139 0.15922 0.0525406
868 0.611139 0.148884 0.0524527
869 0.611139 0.155051 0.0497956
870 0.611139 0.166338 0.0493766
871 0.611139 0.14942 0.0487374
872 0.611139 0.143141 0.0439584
873 0.611139 0.157182 0.0473292
874 0.611139 0.156565 0.0472563
875 0.611139 0.156305 0.0494971
876 0.611139 0.158181 0.0496112
877 0.611139 0.165593 0.0497463
878 0.611139 0.136871 0.0448788
879 0.611139 0.150844 0.0498512
880 0.611139 0.123914 0.0438164
881 0.611139 0.126846 0.0451309
882 0.611139 0.140607 0.0473518
883 0.611139 0.134908 0.0469895
884 0.615195 0.132581 0.0481458
885 0.615195 0.12909 0.0444186
886 0.615195 0.12434 0.0440344
887 0.615195 0.136668 0.0484749
888 0.615195 0.132134 0.0486664
889 0.615195 0.140015 0.0480004
890 0.615195 0.122318 0.0481067
891 0.615195 0.135046 0.0499543
892 0.615195 0.128077 0.0462642
893 0.615195 0.122994 0.04674
894 0.615195 0.160944 0.0479185
895 0.615195 0.129367 0.042115
896 0.615195 0.136032 0.0486016
897 0.615195 0.129327 0.0463418
898 0.615195 0.134697 0.0435182
899 0.615195 0.144112 0.0474671
900 0.615195 0.121778 0.0423454
901 0.615195 0.124537 0.0461033
902 0.615195 0.111457 0.0456794
903 0.615195 0.108826 0.0431762
904 0.615195 0.110336 0.0436203
905 0.615195 0.112771 0.0432245
906 0.615195 0.111931 0.0439074
907 0.615195 0.110667 0.0417234
908 0.615195 0.121696 0.0432129
909 0.615195 0.105431 0.0432173
910 0.615195 0.122419 0.0424701
911 0.615195 0.116055 0.0474893
912 0.615195 0.112617 0.0454749
913 0.615195 0.129327 0.0474061
914 0.615195 0.126082 0.0481606
915 0.615195 0.128244 0.0492864
916 0.615195 0.122981 0.0451809
917 0.615195 0.138845 0.0506659
918 0.615195 0.14064 0.0502364
919 0.615195 0.127697 0.0465255
920 0.615195 0.123389 0.0466748
921 0.615195 0.130916 0.0460602
922 0.615195 0.138124 0.0508951
923 0.615195 0.12786 0.0471118
924 0.615195 0.143261 0.0490013
925 0.615195 0.127734 0.0478738
926 0.615195 0.137902 0.0515662
927 0.615195 0.118059 0.046884
928 0.615195 0.130149 0.0466013
929 0.615195 0.128821 0.0481631
930 0.615195 0.13179 0.0451955
931 0.615195 0.126668 0.0434495
932 0.615195 0.137425 0.0483949
933 0.615195 0.148375 0.053958
934 0.615195 0.128363 0.0469634
935 0.615195 0.121623 0.0445173
936 0.615195 0.135128 0.0503621
937 0.615195 0.161596 0.0522967
938 0.615195 0.14338 0.0451873
939 0.615195 0.128424 0.0427318
940 0.615195 0.132756 0.0472603
941 0.615195 0.141623 0.0480359
942 0.615195 0.129852 0.0465719
943 0.615195 0.117015 0.0448515
944 0.616633 0.145327 0.0550802
945 0.616633 0.126559 0.0488429
946 0.616633 0.121304 0.0440389
947 0.616633 0.100372 0.0396001
948 0.616633 0.127399 0.0462382
949 0.616633 0.127064 0.0484734
950 0.616633 0.11794 0.0433154
951 0.616633 0.136277 0.0489989
952 0.616633 0.133708 0.0473116
953 0.616633 0.149234 0.0469536
954 0.616633 0.163074 0.0522716
955 0.616633 0.166144 0.0519004
956 0.616633 0.159651 0.0513743
957 0.616633 0.123065 0.0426007
958 0.616633 0.121538 0.04299
959 0.616633 0.142167 0.048898
960 0.616633 0.130058 0.0472734
961 0.616633 0.147433 0.0502869
962 0.616633 0.134917 0.047607
963 0.616633 0.137426 0.0491552
964 0.616633 0.137392 0.0483902
965 0.616633 0.128006 0.0435228
966 0.616633 0.142832 0.0438436
967 0.616633 0.163904 0.0560596
968 0.616633 0.141566 0.050535
969 0.616633 0.125313 0.0468477
970 0.616633 0.115682 0.0438899
971 0.616633 0.130065 0.048254
972 0.616633 0.11671 0.0441655
973 0.616633 0.115647 0.044145
974 0.616633 0.110045 0.04203
975 0.616633 0.130829 0.0466716
976 0.616633 0.110754 0.0428047
977 0.616633 0.128298 0.0474531
978 0.616633 0.148003 0.052596
979 0.616633 0.120589 0.0483731
980 0.616633 0.137599 0.0471355
981 0.616633 0.151322 0.0517628
982 0.616633 0.136376 0.045812
983 0.616633 0.13103 0.0464923
984 0.616633 0.118622 0.0408646
985 0.616633 0.11469 0.0476095
986 0.616633 0.134261 0.0524586
987 0.616633 0.130127 0.0452168
988 0.616633 0.141347 0.0440237
989 0.616633 0.140715 0.0442204
990 0.616633 0.158673 0.0495822
991 0.616633 0.113983 0.0409079
992 0.616633 0.120175 0.044587
993 0.616633 0.14224 0.0497677
994 0.616718 0.130859 0.0440751
995 0.616718 0.113426 0.0433929
996 0.616718 0.112308 0.0416897
997 0.616718 0.130468 0.0486583
998 0.616718 0.145733 0.0541934
999 0.616718 0.131763 0.043702
1000 0.616718 0.123468 0.0417927
