0 0.125258 0.0605549 0.00389554
1 0.125273 0.0663964 0.00392901
2 0.125278 0.0712896 0.0038402
3 0.125278 0.0752176 0.00377931
4 0.125278 0.0838553 0.00349551
5 0.125278 0.083859 0.00349868
6 0.125278 0.0876106 0.00332183
7 0.125278 0.0851578 0.00343566
8 0.125278 0.0951197 0.00288605
9 0.125278 0.0913713 0.00311859
10 0.125278 0.0963662 0.00280103
11 0.125278 0.101361 0.00243432
12 0.125278 0.103954 0.00221736
13 0.125278 0.107628 0.0019048
14 0.125278 0.103876 0.00223238
15 0.125278 0.105123 0.0021262
16 0.125278 0.104463 0.00213985
17 0.125278 0.102624 0.00233487
18 0.125278 0.105208 0.00210945
19 0.125278 0.112464 0.00142237
20 0.125278 0.112645 0.00141969
21 0.125278 0.111392 0.00154907
22 0.125278 0.111387 0.00154716
23 0.125278 0.116441 0.0010189
24 0.125278 0.116383 0.00102982
25 0.125278 0.115155 0.00116399
26 0.125278 0.111388 0.00154684
27 0.125278 0.122692 0.000299511
28 0.125278 0.121401 0.000460432
29 0.125278 0.120148 0.000607563
30 0.125278 0.117657 0.000892542
31 0.125278 0.117652 0.000892465
32 0.125278 0.11515 0.00116465
33 0.125278 0.115136 0.00116436
34 0.125278 0.113887 0.00129572
35 0.125278 0.117643 0.00089233
36 0.125278 0.121409 0.000460494
37 0.125278 0.116396 0.00103005
38 0.125278 0.11514 0.00116446
39 0.125278 0.115138 0.00116441
40 0.125278 0.117638 0.000892249
41 0.125278 0.112642 0.00142406
42 0.125278 0.116395 0.00103003
43 0.125278 0.116388 0.00102991
44 0.125278 0.115143 0.00116451
45 0.125278 0.115147 0.00116459
46 0.125279 0.115202 0.00115192
47 0.125279 0.118909 0.000751699
48 0.125279 0.11889 0.000751457
49 0.125279 0.122648 0.000310099
50 0.125279 0.121409 0.000460494
51 0.125279 0.122647 0.000310094
52 0.125279 0.122647 0.000310093
53 0.125279 0.120151 0.000607579
54 0.125279 0.120144 0.00060752
55 0.125279 0.121406 0.000460466
56 0.125279 0.123885 0.0001566
57 0.125279 0.123897 0.000156628
58 0.125279 0.125152 7.19044e-09
59 0.125279 0.125147 7.93607e-09
60 0.125279 0.123904 0.000156624
61 0.125279 0.121406 0.000460468
62 0.125279 0.121407 0.000460473
63 0.125279 0.122642 0.000310067
64 0.125279 0.122658 0.000310145
65 0.125279 0.125155 6.80245e-09
66 0.125279 0.123906 0.000156646
67 0.125279 0.121401 0.000460244
68 0.125279 0.122665 0.000304863
69 0.125279 0.123891 0.000156614
70 0.125279 0.122638 0.000309957
71 0.125279 0.120196 0.000597666
72 0.125279 0.120514 0.000533324
73 0.125279 0.120152 0.000607603
74 0.125279 0.122658 0.000310149
75 0.125279 0.123903 0.000156645
76 0.125279 0.125154 8.41674e-09
77 0.125279 0.125176 6.28392e-09
78 0.125279 0.125143 7.88e-09
79 0.125279 0.12266 0.000309802
80 0.125279 0.122654 0.000310113
81 0.125279 0.121414 0.000460496
82 0.125279 0.1214 0.000460413
83 0.125279 0.120168 0.000607733
84 0.125279 0.123897 0.000156629
85 0.125279 0.122654 0.000310127
86 0.125279 0.125154 7.86365e-09
87 0.125279 0.123899 0.000156634
88 0.125279 0.125148 7.18833e-09
89 0.125279 0.125167 7.283e-09
90 0.125279 0.123905 0.00015665
91 0.125279 0.125163 7.19204e-09
92 0.125279 0.125145 6.36238e-09
93 0.125279 0.12265 0.000310109
94 0.125279 0.123891 0.000156615
95 0.125279 0.123903 0.000156644
96 0.125279 0.125166 6.98861e-09
97 0.125279 0.123894 0.000156623
98 0.125279 0.123894 0.000156621
99 0.125279 0.12266 0.000310161
100 0.125279 0.122659 0.000310153
101 0.125279 0.123897 0.000156628
102 0.125279 0.123896 0.000156627
103 0.125279 0.125159 6.46493e-09
104 0.125279 0.125155 6.70887e-09
105 0.125279 0.122652 0.000310118
106 0.125279 0.123912 0.000156665
107 0.125279 0.122661 0.000309074
108 0.125279 0.121412 0.000459398
109 0.125279 0.121402 0.000460052
110 0.125279 0.122653 0.000310119
111 0.125279 0.123902 0.000156497
112 0.125279 0.12516 6.89866e-09
113 0.125279 0.12516 7.12675e-09
114 0.125279 0.123905 0.00015665
115 0.125279 0.12392 0.000156686
116 0.125279 0.122646 0.000310088
117 0.125279 0.122657 0.000310144
118 0.125279 0.123907 0.000156653
119 0.125279 0.123903 0.000156644
120 0.125279 0.123902 0.00015664
121 0.125279 0.125163 7.82356e-09
122 0.125279 0.123896 0.000156626
123 0.125279 0.123904 0.000156645
124 0.125279 0.123907 0.000156653
125 0.125279 0.125162 6.59628e-09
126 0.125279 0.125158 8.22959e-09
127 0.125279 0.125152 8.17682e-09
128 0.125279 0.125164 7.28919e-09
129 0.125279 0.125171 7.53089e-09
130 0.125279 0.123895 0.000156623
131 0.125279 0.123912 0.000156665
132 0.125279 0.123906 0.000156652
133 0.125279 0.125153 6.77337e-09
134 0.125279 0.125158 5.42514e-09
135 0.125279 0.123914 0.000156671
136 0.125279 0.125144 6.95247e-09
137 0.125279 0.125156 7.34395e-09
138 0.125279 0.125148 7.21306e-09
139 0.125279 0.125155 7.89917e-09
140 0.125279 0.125156 7.19541e-09
141 0.125279 0.125156 7.25655e-09
142 0.125279 0.125164 7.0458e-09
143 0.125279 0.123907 0.000156652
144 0.125279 0.123894 0.000156621
145 0.125279 0.125161 6.46037e-09
146 0.125279 0.125162 7.47104e-09
147 0.125279 0.125151 7.98531e-09
148 0.125279 0.125141 7.87457e-09
149 0.125279 0.125141 7.13062e-09
150 0.125279 0.125147 7.76667e-09
151 0.125279 0.125142 8.26399e-09
152 0.125279 0.125147 7.19701e-09
153 0.125279 0.123895 0.000156625
154 0.125279 0.125165 6.94308e-09
155 0.125279 0.122666 0.000310188
156 0.125279 0.123911 0.000156663
157 0.125279 0.121411 0.000460508
158 0.125279 0.12266 0.000310162
159 0.125279 0.123921 0.00015669
160 0.125279 0.125142 7.1212e-09
161 0.125279 0.125169 6.86039e-09
162 0.125279 0.125151 6.47209e-09
163 0.125279 0.123899 0.000156634
164 0.125279 0.12281 0.000272309
165 0.125279 0.125154 7.38243e-09
166 0.125279 0.125155 7.32654e-09
167 0.125279 0.125154 5.67083e-09
168 0.125279 0.12516 6.43471e-09
169 0.125279 0.125153 6.97306e-09
170 0.125279 0.125155 7.74854e-09
171 0.125279 0.125154 7.02706e-09
172 0.125279 0.125155 7.75566e-09
173 0.125279 0.125156 7.63519e-09
174 0.125279 0.125164 7.39177e-09
175 0.125279 0.125159 7.15791e-09
176 0.125279 0.125156 7.52928e-09
177 0.125279 0.123184 0.00020577
178 0.125279 0.121188 0.000407327
179 0.125279 0.123913 0.00015667
180 0.125279 0.123913 0.00015667
181 0.125279 0.123915 0.000156675
182 0.125279 0.123897 0.000156631
183 0.125279 0.122641 0.000310064
184 0.125279 0.123906 0.000156651
185 0.125279 0.125161 7.25778e-09
186 0.125279 0.12517 6.07447e-09
187 0.125279 0.125158 6.92431e-09
188 0.125279 0.125164 6.36446e-09
189 0.125279 0.125161 6.87625e-09
190 0.125279 0.123905 0.000156631
191 0.125279 0.123891 0.000156615
192 0.125279 0.125152 7.41501e-09
193 0.125279 0.123906 0.000156651
194 0.125279 0.12516 7.05757e-09
195 0.125279 0.12517 6.20646e-09
196 0.125279 0.125159 7.19751e-09
197 0.125279 0.125142 7.32623e-09
198 0.125279 0.125151 7.78755e-09
199 0.125279 0.125162 7.3103e-09
200 0.125279 0.125155 7.47745e-09
201 0.125279 0.123911 0.000156665
202 0.125279 0.123896 0.000156627
203 0.125279 0.125157 7.29458e-09
204 0.125279 0.125149 8.28294e-09
205 0.125279 0.125157 6.55241e-09
206 0.125279 0.125158 7.44209e-09
207 0.125279 0.125165 7.39043e-09
208 0.125279 0.125174 5.58332e-09
209 0.125279 0.123905 0.000156647
210 0.125279 0.123902 0.000156641
211 0.125279 0.125148 7.99913e-09
212 0.125279 0.125159 7.09703e-09
213 0.125279 0.125155 7.58116e-09
214 0.125279 0.123893 0.00015662
215 0.125279 0.12516 7.43655e-09
216 0.125279 0.125157 7.34079e-09
217 0.125279 0.125153 8.03609e-09
218 0.125279 0.125165 6.65945e-09
219 0.125279 0.125159 6.60752e-09
220 0.125279 0.125149 7.98659e-09
221 0.125279 0.12515 6.92766e-09
222 0.125279 0.125161 7.38049e-09
223 0.125279 0.125163 6.39324e-09
224 0.125279 0.125158 7.38564e-09
225 0.125279 0.125154 7.16855e-09
226 0.125279 0.123911 0.000156666
227 0.125279 0.123912 0.000156668
228 0.125279 0.125161 7.0087e-09
229 0.125279 0.123914 0.00015667
230 0.125279 0.12517 5.7564e-09
231 0.125279 0.125164 6.9934e-09
232 0.125279 0.125161 6.24239e-09
233 0.125279 0.123905 0.000156649
234 0.125279 0.121407 0.000460477
235 0.125279 0.121416 0.000460546
236 0.125279 0.12391 0.000156662
237 0.125279 0.125162 7.64307e-09
238 0.125279 0.123911 0.000156664
239 0.125279 0.122649 0.000310106
240 0.125279 0.123894 0.000156622
241 0.125279 0.122643 0.000310073
242 0.125279 0.1239 0.000156636
243 0.125279 0.125161 6.44581e-09
244 0.125279 0.125163 6.50566e-09
245 0.125279 0.125149 8.357e-09
246 0.125279 0.125156 6.89144e-09
247 0.125279 0.125147 6.81297e-09
248 0.125279 0.125152 6.31552e-09
249 0.125279 0.125157 6.44668e-09
250 0.125279 0.125154 6.59285e-09
251 0.125279 0.125156 6.41275e-09
252 0.125279 0.125155 6.5123e-09
253 0.125279 0.125161 6.2181e-09
254 0.125279 0.12516 6.48548e-09
255 0.125279 0.125157 7.23161e-09
256 0.125279 0.123905 0.000156648
257 0.125279 0.122656 0.000310141
258 0.125279 0.125146 6.23493e-09
259 0.125279 0.123908 0.000156655
260 0.125279 0.123897 0.000156629
261 0.125279 0.122651 0.000310112
262 0.125279 0.122665 0.000310185
263 0.125279 0.121416 0.000460545
264 0.125279 0.123912 0.000156666
265 0.125279 0.122647 0.00031009
266 0.125279 0.123898 0.000156631
267 0.125279 0.125143 7.27906e-09
268 0.125279 0.125153 6.71537e-09
269 0.125279 0.125155 6.44224e-09
270 0.125279 0.125156 6.72791e-09
271 0.125279 0.123899 0.000156634
272 0.125279 0.1239 0.000156635
273 0.125279 0.123904 0.000156294
274 0.125279 0.123904 0.000156368
275 0.125279 0.122669 0.000305865
276 0.125279 0.123926 0.000153847
277 0.125279 0.125159 6.90407e-09
278 0.125279 0.125146 7.49271e-09
279 0.125279 0.123915 0.000156672
280 0.125279 0.125153 8.46895e-09
281 0.125279 0.125168 6.07104e-09
282 0.125279 0.123908 0.000156656
283 0.125279 0.125167 6.98514e-09
284 0.125279 0.125154 8.25984e-09
285 0.125279 0.125152 8.32671e-09
286 0.125279 0.12517 7.77015e-09
287 0.125279 0.125147 9.01191e-09
288 0.125279 0.125148 7.76013e-09
289 0.125279 0.123906 0.000156651
290 0.125279 0.1239 0.000156637
291 0.125279 0.125166 7.60669e-09
292 0.125279 0.125151 7.62978e-09
293 0.125279 0.125146 8.13202e-09
294 0.125279 0.125164 6.88339e-09
295 0.125279 0.125159 7.0669e-09
296 0.125279 0.125154 7.94765e-09
297 0.125279 0.125152 7.115e-09
298 0.125279 0.125148 6.39263e-09
299 0.125279 0.125156 6.09917e-09
300 0.125279 0.125159 6.56823e-09
301 0.125279 0.122645 0.000310085
302 0.125279 0.123898 0.000156631
303 0.125279 0.12391 0.000156662
304 0.125279 0.123917 0.000156678
305 0.125279 0.123911 0.000156664
306 0.125279 0.122674 0.0003035
307 0.125279 0.123921 0.000151671
308 0.125279 0.125152 8.78644e-09
309 0.125279 0.125153 7.75623e-09
310 0.125279 0.125146 7.38919e-09
311 0.125279 0.125145 6.84165e-09
312 0.125279 0.125151 7.16148e-09
313 0.125279 0.123917 0.000156678
314 0.125279 0.125142 7.79035e-09
315 0.125279 0.125005 2.4823e-06
316 0.125279 0.125151 8.17807e-09
317 0.125279 0.125155 7.97323e-09
318 0.125279 0.125156 7.63724e-09
319 0.125279 0.125159 7.02819e-09
320 0.125279 0.12514 8.22605e-09
321 0.125279 0.125145 7.6766e-09
322 0.125279 0.12515 8.04485e-09
323 0.125279 0.12516 7.82657e-09
324 0.125279 0.125157 6.81763e-09
325 0.125279 0.125158 7.56756e-09
326 0.125279 0.125161 7.44571e-09
327 0.125279 0.125161 6.9802e-09
328 0.125279 0.125159 6.79429e-09
329 0.125279 0.12516 6.92394e-09
330 0.125279 0.125166 6.29168e-09
331 0.125279 0.125149 7.89015e-09
332 0.125279 0.123907 0.000156653
333 0.125279 0.123911 0.000156663
334 0.125279 0.1239 0.000156637
335 0.125279 0.123899 0.000156632
336 0.125279 0.125168 6.61439e-09
337 0.125279 0.123896 0.000156626
338 0.125279 0.121405 0.000460458
339 0.125279 0.122654 0.000310128
340 0.125279 0.123912 0.000156666
341 0.125279 0.123904 0.000156645
342 0.125279 0.123903 0.000156646
343 0.125279 0.123907 0.000156654
344 0.125279 0.125166 7.54275e-09
345 0.125279 0.125147 7.14171e-09
346 0.125279 0.125153 7.13634e-09
347 0.125279 0.123913 0.00015667
348 0.125279 0.123894 0.000156621
349 0.125279 0.122663 0.000309729
350 0.125279 0.123906 0.000156651
351 0.125279 0.125155 7.53749e-09
352 0.125279 0.122652 0.00031012
353 0.125279 0.12392 0.000156686
354 0.125279 0.122671 0.000308481
355 0.125279 0.122664 0.000308448
356 0.125279 0.123913 0.000156669
357 0.125279 0.122652 0.000310116
358 0.125279 0.123908 0.000156655
359 0.125279 0.125158 6.8714e-09
360 0.125279 0.125153 6.39072e-09
361 0.125279 0.125152 6.4011e-09
362 0.125279 0.123918 0.00015668
363 0.125279 0.123904 0.000156644
364 0.125279 0.123899 0.000156634
365 0.125279 0.121406 0.000459005
366 0.125279 0.121423 0.000454806
367 0.125279 0.122644 0.000309254
368 0.125279 0.121413 0.000458868
369 0.125279 0.122642 0.00031005
370 0.125279 0.121398 0.000460385
371 0.125279 0.121398 0.000460407
372 0.125279 0.121411 0.000459784
373 0.125279 0.124007 0.000130934
374 0.125279 0.123903 0.000156644
375 0.125279 0.12516 8.46376e-09
376 0.125279 0.125159 7.13631e-09
377 0.125279 0.125151 8.0784e-09
378 0.125279 0.125163 6.8872e-09
379 0.125279 0.125154 7.25036e-09
380 0.125279 0.122663 0.000310172
381 0.125279 0.123901 0.000156639
382 0.125279 0.12515 7.34298e-09
383 0.125279 0.125157 8.1744e-09
384 0.125279 0.125155 7.95252e-09
385 0.125279 0.125154 8.114e-09
386 0.125279 0.125148 8.12807e-09
387 0.125279 0.12515 7.63105e-09
388 0.125279 0.125163 7.39088e-09
389 0.125279 0.122656 0.000310138
390 0.125279 0.125159 7.15871e-09
391 0.125279 0.123903 0.000156643
392 0.125279 0.123908 0.000156655
393 0.125279 0.123911 0.000156664
394 0.125279 0.122655 0.000310132
395 0.125279 0.12391 0.000156662
396 0.125279 0.125151 8.087e-09
397 0.125279 0.125142 8.17591e-09
398 0.125279 0.125144 8.85885e-09
399 0.125279 0.123036 0.00023186
400 0.125279 0.122652 0.000310118
401 0.125279 0.12266 0.000310158
402 0.125279 0.121392 0.000460365
403 0.125279 0.122644 0.000309266
404 0.125279 0.123899 0.000156633
405 0.125279 0.125159 7.03464e-09
406 0.125279 0.125153 7.57494e-09
407 0.125279 0.125139 8.02542e-09
408 0.125279 0.125154 7.32294e-09
409 0.125279 0.125176 5.6996e-09
410 0.125279 0.125177 6.9837e-09
411 0.125279 0.122676 0.000310239
412 0.125279 0.124127 0.000106233
413 0.125279 0.125155 7.62549e-09
414 0.125279 0.125159 7.53034e-09
415 0.125279 0.125159 7.89966e-09
416 0.125279 0.125147 8.04277e-09
417 0.125279 0.125149 8.22599e-09
418 0.125279 0.125159 8.38635e-09
419 0.125279 0.125142 7.9781e-09
420 0.125279 0.125155 6.35834e-09
421 0.125279 0.125159 6.34821e-09
422 0.125279 0.125155 6.91742e-09
423 0.125279 0.125164 6.98589e-09
424 0.125279 0.125156 5.69827e-09
425 0.125279 0.125153 6.80381e-09
426 0.125279 0.125105 2.73369e-07
427 0.125279 0.1239 0.000156634
428 0.125279 0.123902 0.000156642
429 0.125279 0.123905 0.00015665
430 0.125279 0.123918 0.00015668
431 0.125279 0.123911 0.000156665
432 0.125279 0.123918 0.000156682
433 0.125279 0.125169 6.14898e-09
434 0.125279 0.12515 6.97024e-09
435 0.125279 0.125161 7.05527e-09
436 0.125279 0.123895 0.000156623
437 0.125279 0.123914 0.000156671
438 0.125279 0.12516 7.17641e-09
439 0.125279 0.123907 0.000156655
440 0.125279 0.12391 0.000156661
441 0.125279 0.123901 0.000156639
442 0.125279 0.125151 8.13211e-09
443 0.125279 0.125166 7.56783e-09
444 0.125279 0.125169 7.26749e-09
445 0.125279 0.12517 6.74104e-09
446 0.125279 0.125162 7.45156e-09
447 0.125279 0.123915 0.000156673
448 0.125279 0.125157 7.87644e-09
449 0.125279 0.123881 0.000156589
450 0.125279 0.123908 0.000156656
451 0.125279 0.121405 0.000458788
452 0.125279 0.118903 0.000751052
453 0.125279 0.121412 0.000460517
454 0.125279 0.120156 0.000607647
455 0.125279 0.120165 0.000607734
456 0.125279 0.120158 0.000607668
457 0.125279 0.123569 0.000167228
458 0.125279 0.122645 0.000310083
459 0.125279 0.121031 0.000470293
460 0.125279 0.122652 0.000310114
461 0.125279 0.125156 7.29662e-09
462 0.125279 0.12391 0.000156662
463 0.125279 0.123921 0.000156689
464 0.125279 0.122651 0.000310115
465 0.125279 0.123917 0.00015668
466 0.125279 0.123906 0.000156653
467 0.125279 0.125157 7.66054e-09
468 0.125279 0.123768 0.000158094
469 0.125279 0.125155 8.02656e-09
470 0.125279 0.125166 7.98237e-09
471 0.125279 0.125167 8.10451e-09
472 0.125279 0.123906 0.000156652
473 0.125279 0.122655 0.000310134
474 0.125279 0.12139 0.000460346
475 0.125279 0.125145 6.92845e-09
476 0.125279 0.125163 6.21071e-09
477 0.125279 0.125161 7.22201e-09
478 0.125279 0.125147 7.21174e-09
479 0.125279 0.125152 7.129e-09
480 0.125279 0.125161 7.59072e-09
481 0.125279 0.123908 0.000156655
482 0.125279 0.123901 0.000156638
483 0.125279 0.123912 0.000156666
484 0.125279 0.125154 6.56252e-09
485 0.125279 0.125144 8.4222e-09
486 0.125279 0.125157 6.70437e-09
487 0.125279 0.125174 6.68973e-09
488 0.125279 0.125148 7.58282e-09
489 0.125279 0.125155 7.59118e-09
490 0.125279 0.125163 7.00108e-09
491 0.125279 0.125169 6.37198e-09
492 0.125279 0.125138 6.6199e-09
493 0.125279 0.123895 0.000156615
494 0.125279 0.120608 0.00051748
495 0.125279 0.120607 0.000517369
496 0.125279 0.121404 0.000460353
497 0.125279 0.121405 0.000460322
498 0.125279 0.122664 0.000310154
499 0.125279 0.121409 0.000460493
500 0.125279 0.123904 0.000156647
501 0.125279 0.123914 0.000156671
502 0.125279 0.123906 0.00015665
503 0.125279 0.125157 6.42307e-09
504 0.125279 0.125151 7.0824e-09
505 0.125279 0.125168 5.84206e-09
506 0.125279 0.122641 0.000310065
507 0.125279 0.123893 0.000156618
508 0.125279 0.123903 0.000156643
509 0.125279 0.125154 6.6255e-09
510 0.125279 0.12515 7.06675e-09
511 0.125279 0.125147 7.63135e-09
512 0.125279 0.125152 7.67502e-09
513 0.125279 0.125151 7.75487e-09
514 0.125279 0.124089 0.000114546
515 0.125279 0.125151 7.54049e-09
516 0.125279 0.125142 7.19534e-09
517 0.125279 0.125152 7.24776e-09
518 0.125279 0.125159 7.65233e-09
519 0.125279 0.124947 4.35101e-06
520 0.125279 0.124947 4.35151e-06
521 0.125279 0.123911 0.000156663
522 0.125279 0.123902 0.000156254
523 0.125279 0.120173 0.000602267
524 0.125279 0.122665 0.000309552
525 0.125279 0.123906 0.00015623
526 0.125279 0.12515 7.0234e-09
527 0.125279 0.125162 6.88428e-09
528 0.125279 0.125166 6.76723e-09
529 0.125279 0.125161 7.48512e-09
530 0.125279 0.122651 0.000310112
531 0.125279 0.122651 0.000310114
532 0.125279 0.122648 0.000310098
533 0.125279 0.121417 0.000460552
534 0.125279 0.1214 0.000460425
535 0.125279 0.125144 6.46575e-09
536 0.125279 0.123903 0.000156643
537 0.125279 0.123908 0.000156658
538 0.125279 0.122662 0.000309282
539 0.125279 0.123904 0.000156645
540 0.125279 0.122656 0.00031014
541 0.125279 0.122649 0.000310103
542 0.125279 0.122653 0.000310123
543 0.125279 0.123897 0.000156628
544 0.125279 0.123913 0.000156668
545 0.125279 0.123902 0.000156641
546 0.125279 0.1239 0.000156636
547 0.125279 0.125167 7.54773e-09
548 0.125279 0.125155 7.36783e-09
549 0.125279 0.125158 7.62823e-09
550 0.125279 0.123909 0.000156659
551 0.125279 0.123911 0.000156665
552 0.125279 0.123905 0.000156648
553 0.125279 0.123911 0.000156664
554 0.125279 0.123918 0.000156682
555 0.125279 0.121404 0.000460452
556 0.125279 0.122667 0.000310192
557 0.125279 0.121386 0.000460317
558 0.125279 0.12016 0.00060768
559 0.125279 0.122639 0.00031005
560 0.125279 0.122638 0.000310004
561 0.125279 0.123892 0.000156617
562 0.125279 0.123885 0.000156599
563 0.125279 0.123913 0.000156669
564 0.125279 0.123909 0.000156657
565 0.125279 0.123883 0.000156595
566 0.125279 0.123902 0.000156643
567 0.125279 0.123917 0.000156679
568 0.125279 0.125174 6.29622e-09
569 0.125279 0.125157 7.51891e-09
570 0.125279 0.125151 6.59261e-09
571 0.125279 0.123906 0.000156628
572 0.125279 0.125164 6.97799e-09
573 0.125279 0.12515 6.79967e-09
574 0.125279 0.12515 7.89068e-09
575 0.125279 0.125151 7.74717e-09
576 0.125279 0.125159 7.71791e-09
577 0.125279 0.125148 7.18056e-09
578 0.125279 0.125152 6.32242e-09
579 0.125279 0.125153 6.76639e-09
580 0.125279 0.12516 5.87292e-09
581 0.125279 0.125053 9.72226e-07
582 0.125279 0.123897 0.000156628
583 0.125279 0.121405 0.00046046
584 0.125279 0.123904 0.000156645
585 0.125279 0.12265 0.000310106
586 0.125279 0.123908 0.000156655
587 0.125279 0.125146 6.75293e-09
588 0.125279 0.125147 7.98446e-09
589 0.125279 0.123897 0.00015663
590 0.125279 0.123892 0.000156617
591 0.125279 0.124323 7.01874e-05
592 0.125279 0.12516 6.39027e-09
593 0.125279 0.125162 6.58531e-09
594 0.125279 0.123913 0.000155858
595 0.125279 0.12391 0.000156269
596 0.125279 0.123918 0.000156059
597 0.125279 0.123912 0.000155324
598 0.125279 0.123914 0.000155304
599 0.125279 0.125161 7.12932e-09
600 0.125279 0.125144 8.10434e-09
601 0.125279 0.125146 7.49826e-09
602 0.125279 0.125159 6.45472e-09
603 0.125279 0.125149 6.57235e-09
604 0.125279 0.123905 0.000156649
605 0.125279 0.123916 0.000156675
606 0.125279 0.123907 0.000156652
607 0.125279 0.123918 0.000156681
608 0.125279 0.125156 7.40874e-09
609 0.125279 0.125152 6.78463e-09
610 0.125279 0.125159 6.35891e-09
611 0.125279 0.125152 8.11059e-09
612 0.125279 0.125162 7.56013e-09
613 0.125279 0.12516 5.87782e-09
614 0.125279 0.125152 8.73072e-09
615 0.125279 0.12516 8.54548e-09
616 0.125279 0.123912 0.000156666
617 0.125279 0.123915 0.000156674
618 0.125279 0.125153 7.30789e-09
619 0.125279 0.125154 7.50834e-09
620 0.125279 0.125152 7.77513e-09
621 0.125279 0.125152 7.34988e-09
622 0.125279 0.125159 6.87138e-09
623 0.125279 0.125175 6.21972e-09
624 0.125279 0.125161 7.47661e-09
625 0.125279 0.125166 7.75939e-09
626 0.125279 0.123909 0.000156659
627 0.125279 0.123904 0.000156646
628 0.125279 0.122658 0.000310149
629 0.125279 0.123893 0.000156619
630 0.125279 0.122656 0.000310138
631 0.125279 0.125165 7.51387e-09
632 0.125279 0.125168 6.80981e-09
633 0.125279 0.125167 6.74672e-09
634 0.125279 0.123899 0.000156634
635 0.125279 0.122655 0.000310135
636 0.125279 0.123894 0.000156622
637 0.125279 0.12389 0.000156249
638 0.125279 0.122658 0.000309431
639 0.125279 0.122652 0.000309821
640 0.125279 0.123906 0.000156346
641 0.125279 0.125157 7.59826e-09
642 0.125279 0.125152 7.0955e-09
643 0.125279 0.123912 0.000156665
644 0.125279 0.123903 0.000156645
645 0.125279 0.125165 7.57379e-09
646 0.125279 0.125165 5.98119e-09
647 0.125279 0.12391 0.000156661
648 0.125279 0.125169 5.4466e-09
649 0.125279 0.124688 2.17753e-05
650 0.125279 0.124705 2.17893e-05
651 0.125279 0.123901 0.00015664
652 0.125279 0.125163 7.51758e-09
653 0.125279 0.125159 6.58092e-09
654 0.125279 0.125155 8.55771e-09
655 0.125279 0.125151 7.76806e-09
656 0.125279 0.125152 7.23513e-09
657 0.125279 0.125166 7.78909e-09
658 0.125279 0.125158 5.78087e-09
659 0.125279 0.125162 5.74685e-09
660 0.125279 0.125153 7.18941e-09
661 0.125279 0.12515 7.37987e-09
662 0.125279 0.125157 7.12488e-09
663 0.125279 0.124325 6.99465e-05
664 0.125279 0.124009 0.000132061
665 0.125279 0.123974 0.000138263
666 0.125279 0.125149 7.95926e-09
667 0.125279 0.125154 7.70772e-09
668 0.125279 0.125161 7.22632e-09
669 0.125279 0.125162 6.58763e-09
670 0.125279 0.125157 6.91272e-09
671 0.125279 0.12466 2.41099e-05
672 0.125279 0.125173 6.1337e-09
673 0.125279 0.12516 8.01891e-09
674 0.125279 0.125158 8.42201e-09
675 0.125279 0.125154 7.58367e-09
676 0.125279 0.125159 6.05945e-09
677 0.125279 0.125142 6.35935e-09
678 0.125279 0.125162 6.04615e-09
679 0.125279 0.125152 6.81482e-09
680 0.125279 0.125159 6.25715e-09
681 0.125279 0.125157 6.15759e-09
682 0.125279 0.125159 6.45508e-09
683 0.125279 0.125147 7.14601e-09
684 0.125279 0.12391 0.000156663
685 0.125279 0.123907 0.000156653
686 0.125279 0.125162 7.27206e-09
687 0.125279 0.125167 7.39578e-09
688 0.125279 0.125173 7.49173e-09
689 0.125279 0.125157 7.41003e-09
690 0.125279 0.125152 8.18273e-09
691 0.125279 0.12515 6.87108e-09
692 0.125279 0.125146 8.08143e-09
693 0.125279 0.125161 7.27848e-09
694 0.125279 0.125149 7.41195e-09
695 0.125279 0.125165 6.36389e-09
696 0.125279 0.125158 7.8425e-09
697 0.125279 0.12516 7.61396e-09
698 0.125279 0.125163 7.93976e-09
699 0.125279 0.123891 0.000156613
700 0.125279 0.125147 7.85721e-09
701 0.125279 0.125153 7.26142e-09
702 0.125279 0.125153 7.14239e-09
703 0.125279 0.125161 6.57161e-09
704 0.125279 0.12516 7.04035e-09
705 0.125279 0.122655 0.000310136
706 0.125279 0.123902 0.000156642
707 0.125279 0.123899 0.000156635
708 0.125279 0.122916 0.000249273
709 0.125279 0.125151 7.92738e-09
710 0.125279 0.123894 0.00015662
711 0.125279 0.122643 0.000310071
712 0.125279 0.121407 0.000460479
713 0.125279 0.123901 0.000156639
714 0.125279 0.123899 0.000156635
715 0.125279 0.125168 6.98337e-09
716 0.125279 0.123895 0.000156623
717 0.125279 0.122988 0.00023922
718 0.125279 0.123903 0.000156644
719 0.125279 0.124956 3.80016e-06
720 0.125279 0.121403 0.000460448
721 0.125279 0.122661 0.000310162
722 0.125279 0.125167 7.6625e-09
723 0.125279 0.12516 7.5989e-09
724 0.125279 0.125163 7.591e-09
725 0.125279 0.12516 7.57565e-09
726 0.125279 0.125156 7.11213e-09
727 0.125279 0.124011 0.00012931
728 0.125279 0.123896 0.000156627
729 0.125279 0.123899 0.000156634
730 0.125279 0.125154 6.54829e-09
731 0.125279 0.123906 0.000156651
732 0.125279 0.122645 0.000310081
733 0.125279 0.122671 0.000307677
734 0.125279 0.121419 0.00045636
735 0.125279 0.121719 0.000392913
736 0.125279 0.12391 0.000156599
737 0.125279 0.12388 0.000156518
738 0.125279 0.125155 7.30551e-09
739 0.125279 0.123818 0.000156426
740 0.125279 0.123721 0.000158699
741 0.125279 0.123915 0.000156061
742 0.125279 0.123898 0.000156044
743 0.125279 0.12267 0.000309603
744 0.125279 0.12392 0.000156302
745 0.125279 0.122655 0.000309759
746 0.125279 0.123911 0.000156664
747 0.125279 0.125152 7.70305e-09
748 0.125279 0.123905 0.000156651
749 0.125279 0.123927 0.000156706
750 0.125279 0.123904 0.000156646
751 0.125279 0.122656 0.000310137
752 0.125279 0.122651 0.000310113
753 0.125279 0.122661 0.000310163
754 0.125279 0.12515 7.09604e-09
755 0.125279 0.125156 7.19531e-09
756 0.125279 0.12516 6.30132e-09
757 0.125279 0.125161 6.41755e-09
758 0.125279 0.125166 6.94791e-09
759 0.125279 0.125166 6.87529e-09
760 0.125279 0.125164 6.22941e-09
761 0.125279 0.123912 0.000156667
762 0.125279 0.122662 0.00031017
763 0.125279 0.125154 6.53898e-09
764 0.125279 0.125139 5.98854e-09
765 0.125279 0.125151 5.84162e-09
766 0.125279 0.125161 6.91425e-09
767 0.125279 0.125169 6.16972e-09
768 0.125279 0.125156 6.8159e-09
769 0.125279 0.125143 7.92006e-09
770 0.125279 0.12515 7.29044e-09
771 0.125279 0.125156 6.55976e-09
772 0.125279 0.125155 7.14491e-09
773 0.125279 0.125151 7.66812e-09
774 0.125279 0.125145 7.79048e-09
775 0.125279 0.123917 0.000156678
776 0.125279 0.123896 0.000156627
777 0.125279 0.1239 0.000156635
778 0.125279 0.125144 7.19399e-09
779 0.125279 0.125153 6.41439e-09
780 0.125279 0.125155 7.30723e-09
781 0.125279 0.125161 6.71844e-09
782 0.125279 0.125148 7.45797e-09
783 0.125279 0.125147 7.42852e-09
784 0.125279 0.125155 5.82094e-09
785 0.125279 0.123904 0.000155845
786 0.125279 0.125137 8.13173e-09
787 0.125279 0.125147 7.84293e-09
788 0.125279 0.123905 0.00015665
789 0.125279 0.122652 0.000310121
790 0.125279 0.122651 0.000310114
791 0.125279 0.124089 0.000113312
792 0.125279 0.124058 0.000121342
793 0.125279 0.125167 6.60723e-09
794 0.125279 0.12515 6.93557e-09
795 0.125279 0.125149 7.28224e-09
796 0.125279 0.12515 6.89309e-09
797 0.125279 0.125142 6.73525e-09
798 0.125279 0.12516 6.21662e-09
799 0.125279 0.125161 6.80291e-09
800 0.125279 0.125139 5.89219e-09
801 0.125279 0.125139 6.84187e-09
802 0.125279 0.1239 0.000156635
803 0.125279 0.123907 0.000156652
804 0.125279 0.125154 6.75343e-09
805 0.125279 0.124948 4.43317e-06
806 0.125279 0.125166 7.25293e-09
807 0.125279 0.125155 7.16552e-09
808 0.125279 0.125149 8.83599e-09
809 0.125279 0.125138 7.02417e-09
810 0.125279 0.122632 0.000310019
811 0.125279 0.12265 0.00031011
812 0.125279 0.121418 0.000460558
813 0.125279 0.122656 0.000310137
814 0.125279 0.122642 0.000310069
815 0.125279 0.125153 7.89198e-09
816 0.125279 0.125157 7.80789e-09
817 0.125279 0.123894 0.000156621
818 0.125279 0.122647 0.000310081
819 0.125279 0.122653 0.000310123
820 0.125279 0.122643 0.000310075
821 0.125279 0.122656 0.000310137
822 0.125279 0.125161 7.50331e-09
823 0.125279 0.122649 0.000309254
824 0.125279 0.122648 0.000310099
825 0.125279 0.125154 7.72234e-09
826 0.125279 0.123906 0.000156653
827 0.125279 0.123122 0.000214426
828 0.125279 0.123195 0.000205057
829 0.125279 0.121402 0.000460443
830 0.125279 0.122648 0.000310099
831 0.125279 0.122666 0.000310188
832 0.125279 0.1239 0.000156639
833 0.125279 0.125157 8.28749e-09
834 0.125279 0.125155 7.9927e-09
835 0.125279 0.125145 7.25149e-09
836 0.125279 0.122659 0.000310153
837 0.125279 0.122647 0.000310095
838 0.125279 0.1214 0.000460423
839 0.125279 0.121398 0.000460405
840 0.125279 0.122657 0.000310145
841 0.125279 0.1239 0.000156607
842 0.125279 0.122656 0.000309977
843 0.125279 0.123915 0.000156673
844 0.125279 0.122657 0.000310002
845 0.125279 0.123892 0.000156605
846 0.125279 0.123893 0.000156618
847 0.125279 0.12515 7.15396e-09
848 0.125279 0.125168 7.26693e-09
849 0.125279 0.125162 7.76608e-09
850 0.125279 0.123907 0.000156654
851 0.125279 0.125152 8.40216e-09
852 0.125279 0.122654 0.000310131
853 0.125279 0.12266 0.000310159
854 0.125279 0.125148 7.46288e-09
855 0.125279 0.125148 7.88383e-09
856 0.125279 0.125158 7.30792e-09
857 0.125279 0.122791 0.000275934
858 0.125279 0.12391 0.000156661
859 0.125279 0.122659 0.000310155
860 0.125279 0.122667 0.000310192
861 0.125279 0.123906 0.000156652
862 0.125279 0.125151 7.70728e-09
863 0.125279 0.125141 8.76043e-09
864 0.125279 0.125166 7.0475e-09
865 0.125279 0.125163 6.80823e-09
866 0.125279 0.125158 8.19097e-09
867 0.125279 0.125149 7.06492e-09
868 0.125279 0.125165 7.30658e-09
869 0.125279 0.123894 0.000156623
870 0.125279 0.123907 0.000156654
871 0.125279 0.125157 7.51252e-09
872 0.125279 0.123906 0.000156652
873 0.125279 0.123915 0.000156675
874 0.125279 0.123892 0.000156617
875 0.125279 0.123899 0.000156632
876 0.125279 0.123912 0.000156666
877 0.125279 0.123911 0.000156663
878 0.125279 0.122657 0.000310144
879 0.125279 0.125153 6.26364e-09
880 0.125279 0.123911 0.000156662
881 0.125279 0.123902 0.000156642
882 0.125279 0.125157 7.45652e-09
883 0.125279 0.124424 5.48448e-05
884 0.125279 0.125169 6.63899e-09
885 0.125279 0.125151 7.2799e-09
886 0.125279 0.123917 0.00015668
887 0.125279 0.123906 0.000156651
888 0.125279 0.123912 0.000156666
889 0.125279 0.122663 0.000310174
890 0.125279 0.123897 0.000156628
891 0.125279 0.125157 7.23207e-09
892 0.125279 0.125152 7.46633e-09
893 0.125279 0.125137 8.61735e-09
894 0.125279 0.125155 7.90263e-09
895 0.125279 0.123896 0.000156626
896 0.125279 0.122655 0.000310136
897 0.125279 0.12266 0.00031016
898 0.125279 0.123901 0.000156638
899 0.125279 0.123901 0.00015664
900 0.125279 0.123901 0.000156639
901 0.125279 0.124084 0.000115394
902 0.125279 0.123916 0.000156675
903 0.125279 0.123918 0.000156025
904 0.125279 0.123903 0.000156644
905 0.125279 0.125149 7.88225e-09
906 0.125279 0.122651 0.000310112
907 0.125279 0.120148 0.000607562
908 0.125279 0.118905 0.000751652
909 0.125279 0.121396 0.000460397
910 0.125279 0.121393 0.00046037
911 0.125279 0.122647 0.000310094
912 0.125279 0.120334 0.000565233
913 0.125279 0.120139 0.00060747
914 0.125279 0.12265 0.00031011
915 0.125279 0.120158 0.000607666
916 0.125279 0.121409 0.000460495
917 0.125279 0.12141 0.000460503
918 0.125279 0.118895 0.000751526
919 0.125279 0.117649 0.000892411
920 0.125279 0.120151 0.000607596
921 0.125279 0.120159 0.000607678
922 0.125279 0.120157 0.000607652
923 0.125279 0.121407 0.000460475
924 0.125279 0.122643 0.000310074
925 0.125279 0.123899 0.000156634
926 0.125279 0.123911 0.000156664
927 0.125279 0.1239 0.000156635
928 0.125279 0.12391 0.000156661
929 0.125279 0.125154 7.23211e-09
930 0.125279 0.125161 7.0096e-09
931 0.125279 0.123447 0.000175467
932 0.125279 0.122658 0.000310151
933 0.125279 0.123914 0.000156671
934 0.125279 0.123896 0.000156627
935 0.125279 0.123891 0.000156613
936 0.125279 0.125159 6.70508e-09
937 0.125279 0.125154 6.14866e-09
938 0.125279 0.125145 6.24356e-09
939 0.125279 0.125153 6.38368e-09
940 0.125279 0.125158 6.47739e-09
941 0.125279 0.12516 6.9937e-09
942 0.125279 0.12516 6.74808e-09
943 0.125279 0.125151 7.14147e-09
944 0.125279 0.123904 0.000156647
945 0.125279 0.125156 7.68797e-09
946 0.125279 0.125149 5.87857e-09
947 0.125279 0.123914 0.00015667
948 0.125279 0.125163 5.82022e-09
949 0.125279 0.125157 6.4205e-09
950 0.125279 0.122644 0.000310081
951 0.125279 0.122653 0.000310123
952 0.125279 0.123911 0.000156665
953 0.125279 0.123904 0.000156647
954 0.125279 0.123906 0.000156652
955 0.125279 0.125143 8.76304e-09
956 0.125279 0.125147 7.83887e-09
957 0.125279 0.125158 7.33024e-09
958 0.125279 0.123903 0.000156644
959 0.125279 0.123901 0.000156637
960 0.125279 0.121394 0.000460382
961 0.125279 0.121389 0.000460339
962 0.125279 0.122635 0.000310032
963 0.125279 0.123891 0.000156614
964 0.125279 0.122648 0.000310099
965 0.125279 0.123905 0.000156648
966 0.125279 0.12265 0.000310107
967 0.125279 0.122654 0.000310126
968 0.125279 0.121397 0.000460399
969 0.125279 0.123893 0.000156617
970 0.125279 0.123915 0.000156672
971 0.125279 0.125154 6.56438e-09
972 0.125279 0.123902 0.000156642
973 0.125279 0.123908 0.000156657
974 0.125279 0.122655 0.000310132
975 0.125279 0.125149 6.40007e-09
976 0.125279 0.125152 7.06115e-09
977 0.125279 0.125164 6.63081e-09
978 0.125279 0.1239 0.000156636
979 0.125279 0.123903 0.000156645
980 0.125279 0.125158 6.3403e-09
981 0.125279 0.125154 7.53636e-09
982 0.125279 0.125152 6.50869e-09
983 0.125279 0.125156 6.57549e-09
984 0.125279 0.125147 7.7583e-09
985 0.125279 0.125163 6.58244e-09
986 0.125279 0.125147 7.96547e-09
987 0.125279 0.125162 7.81779e-09
988 0.125279 0.12515 8.07941e-09
989 0.125279 0.125158 6.40765e-09
990 0.125279 0.125153 7.5024e-09
991 0.125279 0.125163 7.18695e-09
992 0.125279 0.125145 7.49296e-09
993 0.125279 0.125159 6.26507e-09
994 0.125279 0.123902 0.000156642
995 0.125279 0.125153 7.40978e-09
996 0.125279 0.12516 6.73755e-09
997 0.125279 0.12516 7.73996e-09
998 0.125279 0.125165 6.54165e-09
999 0.125279 0.12517 6.48962e-09
1000 0.125279 0.123915 0.000156672
1000 0 0 0
