0 0.125276 0.0615846 0.00392246
1 0.125276 0.0704433 0.00385767
2 0.126413 0.0802656 0.00362239
3 0.126413 0.0802087 0.00362909
4 0.126413 0.0827194 0.0035342
5 0.126413 0.0914065 0.00311497
6 0.126413 0.0917465 0.00306191
7 0.126413 0.0904327 0.00313192
8 0.149198 0.0912414 0.00311597
9 0.154667 0.0958911 0.00290307
10 0.154667 0.0887958 0.00329108
11 0.154667 0.0889763 0.00327007
12 0.154667 0.092166 0.00308284
13 0.154667 0.0930857 0.00294703
14 0.154667 0.0867458 0.00337925
15 0.450528 0.0923494 0.00490225
16 0.450528 0.0900907 0.00493865
17 0.450528 0.0983443 0.00511319
18 0.519861 0.104799 0.00670781
18 0.527471 0.0262696 0.00669972
19 0.527471 0.0491414 0.0120608
20 0.542612 0.0581067 0.016639
21 0.542612 0.0644469 0.0203503
22 0.542612 0.0816169 0.0266757
23 0.542612 0.0787708 0.0243621
24 0.542612 0.0880813 0.0300178
25 0.542612 0.0775415 0.0295752
26 0.542612 0.0771627 0.030869
27 0.542612 0.0932401 0.0318571
28 0.542612 0.0971634 0.0319967
29 0.542612 0.102828 0.0334996
30 0.542612 0.113577 0.03791
31 0.569388 0.126065 0.0403183
32 0.569388 0.100085 0.0357544
33 0.569388 0.0935351 0.0349942
34 0.569388 0.103149 0.0403787
35 0.569388 0.101815 0.0387722
36 0.569388 0.105721 0.0371704
37 0.569388 0.104833 0.0369871
38 0.569388 0.104457 0.0357183
39 0.569388 0.116254 0.0403906
40 0.569388 0.100726 0.037336
41 0.573845 0.102119 0.0362386
42 0.573845 0.103699 0.0352843
43 0.573845 0.116681 0.0397647
44 0.573845 0.109366 0.0371762
45 0.573845 0.138885 0.0405411
46 0.579606 0.139546 0.0410751
47 0.579606 0.122339 0.0379308
48 0.579606 0.115368 0.0382513
49 0.579606 0.129168 0.0359193
50 0.579606 0.124137 0.0387046
51 0.579606 0.110794 0.0387328
52 0.579606 0.142355 0.0459311
53 0.579606 0.13051 0.0411234
54 0.579606 0.123711 0.0416682
55 0.579606 0.129644 0.041736
56 0.579606 0.122878 0.0402373
57 0.579606 0.124811 0.041778
58 0.579606 0.143218 0.0459699
59 0.579606 0.153251 0.0487964
60 0.579606 0.15288 0.0492964
61 0.585521 0.151404 0.0471985
62 0.585521 0.139605 0.0447704
63 0.585521 0.156555 0.0497211
64 0.585521 0.152609 0.0451266
65 0.585521 0.125254 0.0421272
66 0.585521 0.152478 0.0484111
67 0.585521 0.177466 0.0487501
68 0.585521 0.174706 0.0468612
69 0.585521 0.142672 0.0433086
70 0.585521 0.127802 0.0421949
71 0.585521 0.152906 0.0503554
72 0.585521 0.14666 0.0472268
73 0.588382 0.144306 0.0462223
74 0.588382 0.135605 0.0437165
75 0.588382 0.15507 0.0494634
76 0.588382 0.142929 0.0439274
77 0.588382 0.143796 0.044888
78 0.588382 0.123385 0.0396732
79 0.588382 0.121306 0.041442
80 0.588382 0.112196 0.0414333
81 0.588382 0.11738 0.0419699
82 0.588382 0.12061 0.0417942
83 0.588382 0.12034 0.0407518
84 0.588382 0.148131 0.0465254
85 0.588382 0.132724 0.0429513
86 0.588382 0.13295 0.0396857
87 0.588382 0.132686 0.0417924
88 0.588382 0.150526 0.0505406
89 0.588382 0.137436 0.0452844
90 0.588382 0.16615 0.0499195
91 0.588382 0.150046 0.0467848
92 0.588382 0.134083 0.0429473
93 0.588382 0.122645 0.0400628
94 0.588382 0.11677 0.042375
95 0.588382 0.120455 0.0400139
96 0.588382 0.130336 0.0453343
97 0.588382 0.151715 0.0463495
98 0.588382 0.175326 0.0538066
99 0.588382 0.15701 0.0485166
100 0.588382 0.168135 0.0485675
101 0.588382 0.136368 0.0472649
102 0.588382 0.14245 0.0474818
103 0.588382 0.166112 0.0493798
104 0.588382 0.170054 0.0512292
105 0.588382 0.155949 0.0466893
106 0.588382 0.159354 0.0474622
107 0.588382 0.18591 0.048602
108 0.588382 0.189334 0.0500798
109 0.588382 0.170192 0.0455087
110 0.588382 0.200851 0.0509584
111 0.588382 0.171513 0.0487038
112 0.590037 0.195744 0.0531492
113 0.590037 0.183742 0.0513129
114 0.590037 0.190539 0.0533402
115 0.590037 0.174357 0.0513337
116 0.590037 0.168088 0.049843
117 0.590037 0.185494 0.0548684
118 0.590037 0.183883 0.0472339
119 0.590037 0.158192 0.0482411
120 0.590037 0.175164 0.0496214
121 0.590037 0.196732 0.0510638
122 0.590037 0.174086 0.0490602
123 0.590037 0.174149 0.0490453
124 0.590037 0.187234 0.0459219
125 0.590037 0.172342 0.0465832
126 0.590037 0.165642 0.0479154
127 0.590037 0.166413 0.0525244
128 0.590037 0.163246 0.0506489
129 0.590789 0.179952 0.0557691
130 0.590789 0.169601 0.0520601
131 0.590789 0.164 0.0486186
132 0.590789 0.158972 0.0468794
133 0.590789 0.162694 0.0502816
134 0.590789 0.145229 0.0443497
135 0.590789 0.148471 0.0483971
136 0.590789 0.150073 0.049274
137 0.590789 0.165326 0.0497584
138 0.590789 0.151122 0.0489959
139 0.590789 0.136305 0.0492136
140 0.590789 0.139764 0.0490561
141 0.590789 0.164069 0.0500744
142 0.590789 0.168725 0.0510371
143 0.590789 0.154921 0.0510372
144 0.590789 0.155727 0.0509976
145 0.590789 0.181727 0.0542142
146 0.590789 0.207859 0.0577621
147 0.590789 0.200554 0.0580299
148 0.590789 0.200745 0.0558155
149 0.590789 0.182452 0.0517925
150 0.590789 0.171803 0.050264
151 0.590789 0.198798 0.0562761
152 0.590789 0.206378 0.052705
153 0.590789 0.181188 0.0529496
154 0.590789 0.169214 0.0526889
155 0.590789 0.175971 0.052929
156 0.590789 0.12546 0.044686
157 0.590789 0.161269 0.0503373
158 0.590789 0.193312 0.0514367
159 0.59404 0.203702 0.0531478
160 0.59404 0.18933 0.0514473
161 0.59404 0.182249 0.0538143
162 0.59404 0.196243 0.0534259
163 0.59404 0.206886 0.0557058
164 0.59404 0.193355 0.0522681
165 0.59404 0.184397 0.0537302
166 0.59404 0.191415 0.0545658
167 0.59404 0.182326 0.0538014
168 0.59404 0.202488 0.0567098
169 0.59404 0.204286 0.057544
170 0.59404 0.211484 0.0548985
171 0.59404 0.197136 0.0505866
172 0.59404 0.205971 0.0489627
173 0.59404 0.179315 0.0495432
174 0.59404 0.190205 0.0525959
175 0.59404 0.186129 0.0508205
176 0.59404 0.171612 0.0480918
177 0.59404 0.181137 0.0538789
178 0.59404 0.177171 0.0505039
179 0.59404 0.176118 0.0486592
180 0.59404 0.161952 0.0481361
181 0.59404 0.179763 0.0550792
182 0.59404 0.206733 0.0531241
183 0.59404 0.221845 0.0527383
184 0.59404 0.218007 0.0537563
185 0.59404 0.212904 0.0500512
186 0.59404 0.187195 0.0506747
187 0.59404 0.1883 0.0512166
188 0.59404 0.177885 0.0523572
189 0.59404 0.163917 0.0502322
190 0.59404 0.170471 0.0498386
191 0.59404 0.152163 0.0491333
192 0.59404 0.177165 0.0561713
193 0.59404 0.15736 0.0522197
194 0.59404 0.149859 0.0478434
195 0.59404 0.178378 0.0492873
196 0.59404 0.160829 0.0492859
197 0.59404 0.172568 0.0525167
198 0.59404 0.155151 0.0468059
199 0.59404 0.169634 0.0510589
200 0.59404 0.155565 0.0489784
201 0.59404 0.154251 0.0493545
202 0.59404 0.138431 0.0465449
203 0.59404 0.17071 0.0499322
204 0.59404 0.165305 0.0472021
205 0.59404 0.170092 0.0527777
206 0.59404 0.164346 0.0523119
207 0.59404 0.157663 0.0526284
208 0.59404 0.133523 0.048062
209 0.59404 0.152027 0.0541922
210 0.59404 0.150087 0.0492824
211 0.59404 0.155939 0.0539174
212 0.59404 0.128634 0.0487832
213 0.59404 0.147655 0.0531967
214 0.59404 0.178437 0.05238
215 0.59404 0.184362 0.0563345
216 0.59404 0.164236 0.0494071
217 0.59404 0.154528 0.0499452
218 0.59404 0.147308 0.0475956
219 0.59404 0.171764 0.0489351
220 0.59404 0.191799 0.0528731
221 0.59441 0.167516 0.0462088
222 0.59441 0.166526 0.0465438
223 0.59441 0.174101 0.0480787
224 0.59441 0.183096 0.0508636
225 0.59441 0.224683 0.0557576
226 0.59441 0.214698 0.0539805
227 0.59441 0.207132 0.0512168
228 0.59441 0.207338 0.0525579
229 0.59441 0.219601 0.0510542
230 0.59441 0.197408 0.0538183
231 0.59441 0.207575 0.0524353
232 0.59441 0.216448 0.0570945
233 0.59441 0.190627 0.0525877
234 0.59441 0.161241 0.0495101
235 0.59441 0.195006 0.0512311
236 0.59441 0.181179 0.0487629
237 0.59441 0.186975 0.0487746
238 0.59475 0.219137 0.0513276
239 0.59475 0.204212 0.049196
240 0.59475 0.199939 0.0453399
241 0.59475 0.179015 0.048814
242 0.59475 0.205488 0.0510413
243 0.597321 0.215542 0.0540328
244 0.597321 0.212907 0.0537354
245 0.597321 0.213138 0.0553727
246 0.597321 0.204922 0.0575936
247 0.597321 0.216896 0.0574211
248 0.597321 0.213861 0.0560036
249 0.597321 0.189313 0.0518311
250 0.60057 0.153266 0.0476278
251 0.60057 0.153415 0.0493622
252 0.60057 0.166275 0.0530018
253 0.60057 0.175337 0.0521319
254 0.60057 0.160869 0.0490393
255 0.60057 0.158555 0.05136
256 0.60057 0.17997 0.0536601
257 0.60057 0.166774 0.0503595
258 0.601427 0.192134 0.0553351
259 0.601427 0.20238 0.0547341
260 0.601427 0.208465 0.0504005
261 0.601427 0.212446 0.0568021
262 0.601427 0.22193 0.0534574
263 0.601427 0.224954 0.0510612
264 0.601427 0.216924 0.0545793
265 0.601427 0.221861 0.0509083
266 0.601427 0.233432 0.0500403
267 0.601427 0.235316 0.0488889
268 0.601427 0.248952 0.0499008
269 0.601427 0.221513 0.0468731
270 0.601427 0.207818 0.0476737
271 0.601427 0.198416 0.0537716
272 0.601427 0.195517 0.0489528
273 0.601427 0.202297 0.0498082
274 0.601427 0.221683 0.0502258
275 0.601427 0.191757 0.0512594
276 0.601427 0.226005 0.0581737
277 0.601427 0.190613 0.0484191
278 0.601427 0.22246 0.0512009
279 0.601427 0.196094 0.0479503
280 0.601431 0.203741 0.0556927
281 0.601431 0.203819 0.0535556
282 0.601431 0.201423 0.0509758
283 0.601431 0.20333 0.0490505
284 0.604236 0.215327 0.0555498
285 0.604236 0.235197 0.0541404
286 0.604236 0.205951 0.0571027
287 0.604236 0.202132 0.0561405
288 0.604236 0.196334 0.0549739
289 0.604236 0.190941 0.0544244
290 0.604236 0.194802 0.0528114
291 0.604236 0.207912 0.0545723
292 0.604236 0.190251 0.0543254
293 0.604236 0.202312 0.0586204
294 0.604236 0.186477 0.0514093
295 0.604236 0.205004 0.0573782
296 0.604236 0.173459 0.055453
297 0.604236 0.177465 0.0516649
298 0.604236 0.195276 0.0540152
299 0.604236 0.180817 0.0556774
300 0.604236 0.200859 0.057635
301 0.604236 0.191525 0.0528045
302 0.604236 0.173529 0.0499806
303 0.604236 0.145364 0.0455824
304 0.604236 0.186402 0.0535726
305 0.604236 0.214093 0.0557462
306 0.604236 0.193109 0.0551143
307 0.604236 0.177223 0.0489362
308 0.604236 0.199201 0.0530719
309 0.604236 0.169031 0.0502411
310 0.604236 0.179233 0.0548857
311 0.604236 0.197559 0.0552013
312 0.604236 0.178732 0.0498179
313 0.604236 0.203396 0.0516374
314 0.604236 0.202768 0.0581141
315 0.604236 0.208668 0.0585076
316 0.604236 0.229309 0.0574878
317 0.604236 0.224439 0.0527083
318 0.604236 0.218832 0.0538964
319 0.604236 0.205037 0.0496797
320 0.604236 0.230024 0.0512689
321 0.604236 0.19624 0.0489249
322 0.604369 0.226257 0.0524348
323 0.604369 0.217911 0.0547672
324 0.604369 0.230942 0.0564708
325 0.604369 0.261167 0.057284
326 0.604369 0.229845 0.0520201
327 0.604369 0.185891 0.0516471
328 0.604369 0.208759 0.0521794
329 0.604369 0.194547 0.0502263
330 0.604369 0.209057 0.0528134
331 0.604369 0.199267 0.0532507
332 0.604369 0.217833 0.047653
333 0.604369 0.209657 0.051005
334 0.604369 0.189876 0.0503
335 0.604369 0.196357 0.0549087
336 0.604369 0.208346 0.0529144
337 0.604369 0.184971 0.0522091
338 0.604369 0.19236 0.0569398
339 0.604369 0.220799 0.0573692
340 0.604369 0.199117 0.050571
341 0.604369 0.186045 0.0516716
342 0.604369 0.205013 0.0514548
343 0.604369 0.213284 0.0550682
344 0.604369 0.206864 0.0522138
345 0.604369 0.208038 0.050807
346 0.608161 0.24319 0.0556817
347 0.608161 0.215848 0.0483192
348 0.608161 0.224382 0.0512902
349 0.608161 0.236426 0.0510633
350 0.608161 0.182666 0.0542514
351 0.608161 0.165194 0.0505451
352 0.608161 0.187564 0.0508303
353 0.608161 0.173777 0.0521593
354 0.608161 0.162776 0.0522795
355 0.608161 0.204915 0.0606185
356 0.608161 0.185233 0.0552197
357 0.608161 0.203432 0.0602532
358 0.608161 0.181131 0.0526788
359 0.608161 0.200205 0.0571409
360 0.608161 0.197532 0.0563019
361 0.608161 0.169569 0.052884
362 0.608161 0.192096 0.0559957
363 0.608161 0.193906 0.0540929
364 0.608161 0.195755 0.0533696
365 0.608161 0.191438 0.0583554
366 0.608161 0.169393 0.0537328
367 0.608161 0.183024 0.0498826
368 0.608161 0.217395 0.054793
369 0.608161 0.205157 0.0495075
370 0.608161 0.225693 0.0555755
371 0.608161 0.21875 0.0540958
372 0.608161 0.250596 0.0531036
373 0.608161 0.214859 0.0555614
374 0.608161 0.191254 0.0524371
375 0.608161 0.196943 0.0513403
376 0.608161 0.197588 0.0561825
377 0.608161 0.201112 0.0540952
378 0.608754 0.21627 0.056601
379 0.608754 0.210485 0.0584095
380 0.611005 0.228532 0.0609482
381 0.611005 0.223588 0.0600536
382 0.611005 0.195201 0.0541119
383 0.611005 0.197419 0.0581228
384 0.611005 0.177807 0.0532327
385 0.611005 0.166701 0.0479483
386 0.611005 0.192183 0.0524284
387 0.611005 0.1914 0.0531532
388 0.611005 0.216805 0.0562262
389 0.611005 0.195589 0.053443
390 0.611005 0.200503 0.0562432
391 0.611005 0.184906 0.0538287
392 0.611005 0.212445 0.0520403
393 0.611005 0.236691 0.0540422
394 0.611005 0.189047 0.0519286
395 0.611005 0.191005 0.0490038
396 0.611005 0.183868 0.0516119
397 0.611005 0.179202 0.0564925
398 0.611005 0.185812 0.0554056
399 0.611005 0.174973 0.0496729
400 0.611005 0.201457 0.0515041
401 0.611005 0.213732 0.0520069
402 0.611005 0.219494 0.0526903
403 0.611005 0.210433 0.0511642
404 0.611005 0.224392 0.0566122
405 0.611005 0.206224 0.0572693
406 0.611005 0.201619 0.0579868
407 0.611005 0.170058 0.0542533
408 0.611005 0.179333 0.0525948
409 0.611005 0.201416 0.0534334
410 0.611005 0.182404 0.0523306
411 0.611005 0.157702 0.0538083
412 0.611005 0.164937 0.0543282
413 0.611005 0.175784 0.0495014
414 0.611005 0.179878 0.049827
415 0.612 0.21089 0.0499689
416 0.612 0.19743 0.0478686
417 0.612 0.20829 0.050742
418 0.612 0.188453 0.0524382
419 0.612 0.220197 0.0587471
420 0.612 0.216071 0.0553653
421 0.612 0.194207 0.0489407
422 0.612 0.188634 0.050928
423 0.612 0.189217 0.0530611
424 0.612 0.162618 0.0485739
425 0.612 0.184163 0.0541567
426 0.612 0.203313 0.0549211
427 0.612 0.198124 0.0522845
428 0.612 0.21798 0.0532756
429 0.612 0.194506 0.0533329
430 0.612 0.213405 0.058387
431 0.612 0.212361 0.053285
432 0.612 0.209869 0.0561593
433 0.612 0.218475 0.0577637
434 0.612 0.213302 0.054926
435 0.612 0.208414 0.0586863
436 0.612 0.232184 0.0578815
437 0.612 0.212686 0.0543233
438 0.612 0.202678 0.0545123
439 0.612 0.208868 0.0628229
440 0.612 0.197237 0.0571255
441 0.612 0.212753 0.0581199
442 0.612 0.184335 0.0508823
443 0.612 0.191061 0.0542987
444 0.612 0.144318 0.048141
445 0.612 0.17582 0.054148
446 0.612 0.199841 0.0570232
447 0.612 0.210455 0.0590134
448 0.612 0.195128 0.055685
449 0.612 0.213499 0.0586777
450 0.612 0.205716 0.0558988
451 0.612 0.214826 0.0550836
452 0.612 0.224135 0.0559056
453 0.612 0.203992 0.0567437
454 0.612 0.173208 0.0515301
455 0.612 0.182739 0.0588518
456 0.612 0.170339 0.0533419
457 0.612 0.202352 0.0595342
458 0.612 0.208684 0.0570898
459 0.612 0.193621 0.0556573
460 0.612 0.176145 0.0492205
461 0.612 0.158071 0.0505609
462 0.612 0.172299 0.0559052
463 0.612 0.166139 0.0541061
464 0.612 0.156813 0.0511274
465 0.612 0.186481 0.0569983
466 0.612 0.194021 0.0513002
467 0.612 0.201311 0.0554069
468 0.612 0.207852 0.0568063
469 0.612851 0.227908 0.0618315
470 0.612851 0.204329 0.0565885
471 0.612851 0.222947 0.0577114
472 0.612851 0.205014 0.056568
473 0.612851 0.214406 0.0557442
474 0.612851 0.205039 0.057354
475 0.612851 0.215065 0.0558004
476 0.612851 0.218194 0.0548081
477 0.612851 0.240927 0.0558632
478 0.612851 0.22058 0.0534248
479 0.612851 0.228871 0.0559583
480 0.612851 0.190632 0.0523167
481 0.612851 0.191304 0.0565668
482 0.612851 0.203084 0.0545064
483 0.612851 0.21729 0.0554274
484 0.612851 0.199863 0.0534327
485 0.612851 0.163164 0.0508162
486 0.612851 0.188522 0.0557143
487 0.612851 0.171615 0.0504666
488 0.612851 0.190493 0.0530979
489 0.612851 0.207039 0.0552615
490 0.612851 0.209782 0.055536
491 0.612851 0.209476 0.0560874
492 0.612851 0.215214 0.0550044
493 0.612851 0.214811 0.0571463
494 0.612851 0.193408 0.0602438
495 0.612851 0.200242 0.0573673
496 0.612851 0.221781 0.0617033
497 0.612851 0.218463 0.0538213
498 0.612851 0.193195 0.056195
499 0.612851 0.176478 0.0515475
500 0.612851 0.185512 0.0484225
501 0.612851 0.215985 0.0544527
502 0.612851 0.169193 0.0499995
503 0.612851 0.157997 0.0498385
504 0.612851 0.164969 0.0490844
505 0.612851 0.177538 0.0521651
506 0.612851 0.17877 0.0518573
507 0.612851 0.17444 0.0460816
508 0.612851 0.164111 0.0496159
509 0.612851 0.165877 0.0512978
510 0.612851 0.168769 0.0539984
511 0.612851 0.176959 0.0547507
512 0.612851 0.179169 0.0522541
513 0.612851 0.18024 0.052651
514 0.612851 0.167838 0.0537524
515 0.612851 0.176871 0.0483397
516 0.612851 0.196763 0.0543302
517 0.612851 0.216184 0.0579581
518 0.612851 0.179453 0.0545289
519 0.612851 0.216177 0.053743
520 0.612851 0.215829 0.0547303
521 0.612851 0.191577 0.0544521
522 0.612851 0.196265 0.0579707
523 0.612851 0.209017 0.058648
524 0.612851 0.183275 0.0559931
525 0.612851 0.181565 0.056233
526 0.612851 0.204138 0.0570679
527 0.612851 0.221069 0.061736
528 0.612851 0.168369 0.0542131
529 0.612851 0.186759 0.0539455
530 0.612851 0.194631 0.0548334
531 0.612851 0.191682 0.0511102
532 0.612851 0.212791 0.0622708
533 0.612851 0.212938 0.0598841
534 0.612851 0.223913 0.0552987
535 0.612851 0.193832 0.0546451
536 0.612851 0.166506 0.0530768
537 0.612851 0.211861 0.0581498
538 0.612851 0.17234 0.0528051
539 0.612851 0.201171 0.0545616
540 0.612851 0.206614 0.0565971
541 0.612851 0.174716 0.0540338
542 0.612851 0.184159 0.0578354
543 0.612851 0.216045 0.0621587
544 0.612851 0.202186 0.0579921
545 0.612851 0.191797 0.0579905
546 0.612851 0.185413 0.0533157
547 0.612851 0.181528 0.0554501
548 0.612851 0.217324 0.0592625
549 0.612851 0.194369 0.0550737
550 0.612851 0.179515 0.0560684
551 0.612851 0.182856 0.0531726
552 0.612851 0.195593 0.0535768
553 0.612851 0.193792 0.0531753
554 0.612851 0.181876 0.0516947
555 0.612851 0.173108 0.0521876
556 0.612851 0.202456 0.0572181
557 0.612851 0.168263 0.0566784
558 0.612851 0.172601 0.0573304
559 0.612851 0.213728 0.0645274
560 0.612851 0.196592 0.0568995
561 0.612851 0.194802 0.0600657
562 0.612851 0.180662 0.0578508
563 0.612851 0.192394 0.0579147
564 0.612851 0.217224 0.0590135
565 0.612851 0.170599 0.0582273
566 0.612851 0.176985 0.0558513
567 0.612851 0.202035 0.0616992
568 0.612851 0.210276 0.0580767
569 0.612851 0.225704 0.0602042
570 0.612851 0.229189 0.0618454
571 0.612851 0.224621 0.0595991
572 0.612851 0.197755 0.0581803
573 0.612851 0.213229 0.0621693
574 0.612851 0.189213 0.0560704
575 0.612851 0.185929 0.0531985
576 0.612851 0.161517 0.0539388
577 0.612851 0.183112 0.0541722
578 0.612851 0.189908 0.0550055
579 0.612851 0.216412 0.0561424
580 0.612851 0.202304 0.0554805
581 0.612851 0.206968 0.0550618
582 0.612851 0.191104 0.0522288
583 0.612851 0.191144 0.0510106
584 0.612851 0.178185 0.0500934
585 0.612851 0.165923 0.0508135
586 0.612851 0.191761 0.0525356
587 0.612851 0.20309 0.0562663
588 0.612851 0.172535 0.0510204
589 0.612851 0.182803 0.0544833
590 0.612851 0.203142 0.0583404
591 0.612851 0.204505 0.0541097
592 0.612851 0.174606 0.0556624
593 0.612851 0.1825 0.0556404
594 0.612851 0.163728 0.052691
595 0.612851 0.185665 0.0586785
596 0.612851 0.197557 0.054647
597 0.612851 0.182568 0.053195
598 0.612851 0.186549 0.0564287
599 0.612851 0.229077 0.0603433
600 0.612851 0.203446 0.0562111
601 0.612851 0.194454 0.0535928
602 0.612851 0.186929 0.0509149
603 0.612851 0.177479 0.0499995
604 0.612851 0.187623 0.0527278
605 0.612851 0.200493 0.0579483
606 0.612851 0.183614 0.0556792
607 0.612851 0.178737 0.0570188
608 0.612851 0.194629 0.0580517
609 0.612851 0.199117 0.0602301
610 0.612851 0.186682 0.054583
611 0.612851 0.208145 0.0586251
612 0.612851 0.158557 0.0530336
613 0.612851 0.165038 0.052429
614 0.612851 0.226682 0.0583099
615 0.612851 0.216209 0.056945
616 0.612851 0.1976 0.0587982
617 0.612851 0.222306 0.0570591
618 0.612851 0.184424 0.0549969
619 0.612851 0.189242 0.0524561
620 0.612851 0.208444 0.0604502
621 0.612851 0.211419 0.0546949
622 0.612851 0.213979 0.052972
623 0.612851 0.197217 0.0543846
624 0.612851 0.250704 0.054316
625 0.612851 0.251467 0.0591934
626 0.612851 0.225901 0.0610272
627 0.612851 0.221605 0.0567703
628 0.612851 0.236961 0.0561134
629 0.612851 0.210316 0.0530683
630 0.612851 0.202079 0.0525139
631 0.612851 0.196647 0.0584605
632 0.612851 0.203371 0.0581581
633 0.612851 0.190021 0.0583888
634 0.612851 0.19732 0.057048
635 0.612851 0.225724 0.0552646
636 0.612851 0.197159 0.0580812
637 0.612851 0.195479 0.0549621
638 0.612851 0.206903 0.0587679
639 0.612851 0.200413 0.0537601
640 0.612851 0.187351 0.0531676
641 0.612851 0.218029 0.0565752
642 0.612851 0.201378 0.0538306
643 0.612851 0.225399 0.0612111
644 0.612851 0.213946 0.0567719
645 0.612851 0.229934 0.055433
646 0.612851 0.223505 0.0576799
647 0.612851 0.216164 0.0579287
648 0.612851 0.22525 0.0543145
649 0.612851 0.198265 0.0541019
650 0.612851 0.216154 0.0544578
651 0.612851 0.181439 0.0519705
652 0.612851 0.206679 0.053778
653 0.612851 0.220046 0.0560224
654 0.612851 0.182056 0.049849
655 0.612851 0.222132 0.0560425
656 0.612851 0.230615 0.0585282
657 0.612851 0.222688 0.0545795
658 0.612851 0.253619 0.0547292
659 0.612851 0.224635 0.0550154
660 0.612851 0.186978 0.0522206
661 0.612851 0.204317 0.0547256
662 0.612851 0.199055 0.0551605
663 0.612851 0.212119 0.0543498
664 0.612851 0.176235 0.0563075
665 0.612851 0.218112 0.0613814
666 0.612851 0.21441 0.0560938
667 0.612851 0.191828 0.0522115
668 0.612851 0.179978 0.0511195
669 0.612851 0.212056 0.0533409
670 0.612851 0.19568 0.049248
671 0.612851 0.189154 0.0526017
672 0.612851 0.218712 0.0551472
673 0.612851 0.210044 0.054542
674 0.612851 0.213962 0.0591131
675 0.612851 0.242235 0.0539419
676 0.612851 0.236478 0.0559986
677 0.612851 0.211227 0.0529047
678 0.612851 0.239365 0.0590406
679 0.612851 0.266106 0.061019
680 0.612851 0.202401 0.0572977
681 0.612851 0.191915 0.0537785
682 0.612851 0.21155 0.0523936
683 0.612851 0.197665 0.0530247
684 0.612851 0.206237 0.0529711
685 0.612851 0.228218 0.0615561
686 0.612851 0.210179 0.0590705
687 0.612851 0.216821 0.0611436
688 0.612851 0.180082 0.0575372
689 0.612851 0.204965 0.0582837
690 0.612851 0.193767 0.0561132
691 0.612851 0.228595 0.0581656
692 0.612851 0.214688 0.0558779
693 0.612851 0.213025 0.0522932
694 0.612851 0.239222 0.0552357
695 0.612851 0.24841 0.0553542
696 0.612851 0.22235 0.0560423
697 0.612851 0.205998 0.0596984
698 0.612851 0.203476 0.05531
699 0.612851 0.238319 0.0570894
700 0.612851 0.21817 0.0606959
701 0.612851 0.243559 0.0620525
702 0.612851 0.283869 0.0551783
703 0.612851 0.222037 0.0521554
704 0.612851 0.239391 0.0547999
705 0.612851 0.245626 0.0570334
706 0.612851 0.194843 0.0549376
707 0.612851 0.217674 0.0540783
708 0.612851 0.204884 0.0561467
709 0.612851 0.19505 0.0569039
710 0.612851 0.179047 0.0519205
711 0.612851 0.210581 0.0529452
712 0.612851 0.199923 0.0503064
713 0.612851 0.227402 0.0570409
714 0.612851 0.172128 0.053059
715 0.612851 0.195966 0.0527947
716 0.612851 0.215186 0.0541517
717 0.612851 0.206112 0.0556812
718 0.612851 0.232189 0.0558304
719 0.612851 0.240984 0.0558418
720 0.612851 0.202934 0.0520476
721 0.612851 0.200172 0.0541311
722 0.612851 0.206473 0.0547011
723 0.612851 0.193771 0.0571451
724 0.612851 0.222026 0.0632857
725 0.612851 0.238833 0.0555103
726 0.612851 0.223925 0.0549139
727 0.612851 0.230709 0.0566776
728 0.612851 0.198075 0.0527486
729 0.612851 0.219948 0.0561603
730 0.612851 0.236693 0.0511037
731 0.612851 0.244462 0.0590514
732 0.612851 0.196934 0.0576637
733 0.612851 0.170837 0.0523044
734 0.612851 0.188377 0.0545648
735 0.612851 0.188541 0.0515001
736 0.612851 0.17363 0.0517366
737 0.612851 0.184314 0.0521628
738 0.612851 0.168756 0.0536178
739 0.612851 0.172684 0.0546543
740 0.612851 0.182435 0.0564257
741 0.612851 0.180416 0.0542801
742 0.612851 0.19594 0.0552345
743 0.612851 0.179449 0.054064
744 0.612851 0.19534 0.0554308
745 0.612851 0.169705 0.0541419
746 0.612851 0.188545 0.0577326
747 0.612851 0.20332 0.0554028
748 0.612851 0.210702 0.0535711
749 0.612851 0.207225 0.0531596
750 0.612851 0.210276 0.0548658
751 0.612851 0.191699 0.060865
752 0.612851 0.198212 0.0579918
753 0.612851 0.209003 0.0571261
754 0.612851 0.179861 0.0527661
755 0.612851 0.172627 0.0557321
756 0.612851 0.181634 0.0571506
757 0.612851 0.222044 0.0565701
758 0.612851 0.216955 0.0566972
759 0.612851 0.213166 0.054592
760 0.612851 0.197623 0.0493854
761 0.612851 0.213364 0.0521329
762 0.612851 0.185561 0.0505538
763 0.612851 0.17521 0.0524838
764 0.612851 0.187325 0.0549806
765 0.612851 0.205706 0.056072
766 0.612851 0.220634 0.0547717
767 0.612851 0.206921 0.0522186
768 0.612851 0.21408 0.0541999
769 0.612851 0.183482 0.0519743
770 0.612851 0.184124 0.0512537
771 0.612851 0.163378 0.0522079
772 0.612851 0.142722 0.0451187
773 0.612851 0.176366 0.0511473
774 0.612851 0.169661 0.0524908
775 0.612851 0.176681 0.0533503
776 0.612851 0.201506 0.056689
777 0.612851 0.208357 0.0564116
778 0.612851 0.177376 0.0504534
779 0.612851 0.190333 0.0502138
780 0.612851 0.189612 0.0521436
781 0.612851 0.172815 0.0549682
782 0.612851 0.166909 0.0522902
783 0.612851 0.197264 0.0580982
784 0.612851 0.206514 0.0588361
785 0.612851 0.228798 0.0548904
786 0.612851 0.222848 0.0519971
787 0.612851 0.199998 0.0515778
788 0.612851 0.230674 0.0568946
789 0.612851 0.205669 0.0521128
790 0.612851 0.181507 0.0578648
791 0.612851 0.205527 0.0555008
792 0.612851 0.191462 0.0494216
793 0.612851 0.189196 0.052017
794 0.612851 0.19111 0.053864
795 0.612851 0.199364 0.0502115
796 0.612851 0.204471 0.0533906
797 0.612851 0.21567 0.0522828
798 0.612851 0.199932 0.052497
799 0.612851 0.208033 0.0551331
800 0.612851 0.193485 0.0533128
801 0.612851 0.172295 0.0535506
802 0.612851 0.1741 0.0502009
803 0.612851 0.184501 0.052374
804 0.612851 0.187084 0.0553554
805 0.612851 0.197009 0.0561041
806 0.612851 0.1931 0.0519522
807 0.612851 0.218139 0.0559085
808 0.612851 0.218379 0.0568515
809 0.612851 0.196435 0.0514984
810 0.612851 0.210816 0.0529582
811 0.612851 0.181444 0.0550811
812 0.612851 0.173906 0.0504202
813 0.612851 0.173367 0.0522306
814 0.612851 0.194569 0.0560166
815 0.612851 0.188151 0.0597181
816 0.612851 0.162382 0.0521987
817 0.612851 0.178046 0.0547302
818 0.612851 0.214144 0.0584621
819 0.612851 0.18872 0.056395
820 0.612851 0.208362 0.0573792
821 0.612851 0.187038 0.0496393
822 0.612851 0.180274 0.0493346
823 0.612851 0.189012 0.0504029
824 0.612851 0.183169 0.0524421
825 0.612851 0.176828 0.0552656
826 0.612851 0.18005 0.0516324
827 0.612851 0.201173 0.0573977
828 0.612851 0.194718 0.0547797
829 0.612851 0.223007 0.0607897
830 0.612851 0.194657 0.0562275
831 0.612851 0.215886 0.0530974
832 0.612851 0.201957 0.0587583
833 0.612851 0.190418 0.0589404
834 0.612851 0.182811 0.0527262
835 0.612851 0.169133 0.0535958
836 0.612851 0.169539 0.0522379
837 0.612851 0.174581 0.0544474
838 0.612851 0.21308 0.0579298
839 0.612851 0.188191 0.0539281
840 0.612851 0.164929 0.0562791
841 0.612851 0.181722 0.0564994
842 0.612851 0.165821 0.0538069
843 0.612851 0.169582 0.0510945
844 0.612851 0.155694 0.0466383
845 0.612851 0.141081 0.0461013
846 0.612851 0.169084 0.0505127
847 0.612851 0.180586 0.0512731
848 0.612851 0.185536 0.0545445
849 0.612851 0.184978 0.0521948
850 0.612851 0.181219 0.0555131
851 0.612851 0.192219 0.0519792
852 0.612851 0.198532 0.0587612
853 0.612851 0.218693 0.0564872
854 0.612851 0.206633 0.058356
855 0.612851 0.221325 0.0566214
856 0.612851 0.200273 0.050217
857 0.612851 0.174997 0.0512192
858 0.612851 0.18309 0.0506649
859 0.612851 0.172587 0.0497559
860 0.612851 0.186566 0.0471718
861 0.612851 0.194008 0.0535937
862 0.612851 0.207574 0.0556698
863 0.612851 0.195304 0.0543981
864 0.612851 0.187512 0.0568833
865 0.612851 0.215681 0.0570011
866 0.612851 0.194682 0.0499219
867 0.612851 0.171596 0.0476924
868 0.612851 0.194365 0.0522395
869 0.612851 0.173997 0.0523562
870 0.612851 0.159633 0.044455
871 0.612851 0.159596 0.0433793
872 0.612851 0.190548 0.0463942
873 0.612851 0.197022 0.0519
874 0.612851 0.194445 0.0500991
875 0.612851 0.246361 0.0579679
876 0.612851 0.231 0.0535574
877 0.612851 0.197631 0.0569496
878 0.612851 0.184277 0.0532065
879 0.612851 0.19116 0.0515063
880 0.612851 0.196539 0.0559678
881 0.612851 0.194718 0.0579633
882 0.612851 0.164976 0.0495992
883 0.612851 0.19279 0.0531759
884 0.612851 0.199917 0.0517592
885 0.612851 0.198023 0.0573051
886 0.612851 0.201255 0.0541431
887 0.612851 0.197758 0.0562414
888 0.612851 0.204625 0.0588989
889 0.612851 0.180378 0.0576959
890 0.612851 0.181809 0.0615224
891 0.612851 0.155903 0.0558242
892 0.612851 0.172608 0.0557642
893 0.612851 0.158401 0.0527922
894 0.612851 0.178233 0.0536057
895 0.612851 0.176209 0.0509526
896 0.612851 0.187817 0.0571997
897 0.612851 0.17853 0.0513634
898 0.612851 0.185901 0.0545113
899 0.612851 0.196581 0.055782
900 0.612851 0.202821 0.0549877
901 0.612851 0.152497 0.0464436
902 0.612851 0.15338 0.0465755
903 0.612851 0.175181 0.0536679
904 0.612851 0.186365 0.0597601
905 0.612851 0.216491 0.0557433
906 0.612851 0.226966 0.0554077
907 0.612851 0.18288 0.0515804
908 0.612851 0.190832 0.0545359
909 0.612851 0.22297 0.0578194
910 0.612851 0.204259 0.05941
911 0.612851 0.193135 0.0541373
912 0.612851 0.190582 0.0550645
913 0.612851 0.211482 0.0581643
914 0.612851 0.229968 0.0590095
915 0.612851 0.216995 0.0613953
916 0.612851 0.219014 0.0593631
917 0.612851 0.186673 0.0530622
918 0.612851 0.177228 0.0553225
919 0.612851 0.182414 0.0553189
920 0.612851 0.169465 0.0552047
921 0.612851 0.180205 0.0472582
922 0.612851 0.183028 0.0519581
923 0.612851 0.188143 0.0543408
924 0.612851 0.176336 0.05312
925 0.612851 0.210794 0.0523565
926 0.612851 0.189929 0.0573033
927 0.612851 0.172268 0.0522402
928 0.612851 0.188704 0.0540647
929 0.612851 0.195417 0.0547824
930 0.612851 0.188776 0.0551161
931 0.612851 0.214983 0.0573253
932 0.612851 0.199383 0.0550297
933 0.612851 0.218671 0.058276
934 0.612851 0.219264 0.0562769
935 0.612851 0.198226 0.053962
936 0.612851 0.191276 0.0511082
937 0.612851 0.192122 0.0552085
938 0.612851 0.186238 0.0553209
939 0.612851 0.229493 0.0563666
940 0.612851 0.213897 0.0574087
941 0.612851 0.214572 0.0538794
942 0.612851 0.227787 0.0554641
943 0.612851 0.206209 0.0525511
944 0.612851 0.212292 0.0485833
945 0.612851 0.198766 0.0571853
946 0.612851 0.178435 0.0527188
947 0.612851 0.195466 0.0543519
948 0.612851 0.200555 0.0529536
949 0.612851 0.189775 0.0560953
950 0.612851 0.195844 0.0557735
951 0.612851 0.207584 0.0523711
952 0.612851 0.203475 0.0559252
953 0.612851 0.193254 0.0530014
954 0.612851 0.197714 0.0493306
955 0.612851 0.228162 0.056405
956 0.612851 0.216977 0.0569422
957 0.612851 0.23812 0.0563939
958 0.612851 0.206446 0.0514304
959 0.612851 0.198336 0.0494285
960 0.612851 0.212091 0.0483998
961 0.612851 0.214227 0.0534188
962 0.612851 0.205239 0.0534414
963 0.612851 0.22162 0.0526295
964 0.612851 0.177576 0.0494925
965 0.612851 0.160439 0.0497554
966 0.612851 0.204964 0.0556261
967 0.612851 0.191926 0.0507627
968 0.612851 0.218591 0.0566435
969 0.612851 0.207229 0.0519549
970 0.612851 0.204495 0.0515746
971 0.612851 0.202326 0.0543845
972 0.612851 0.188266 0.0544595
973 0.612851 0.21486 0.0545372
974 0.612851 0.179181 0.0542996
975 0.612851 0.208893 0.0521194
976 0.612851 0.207559 0.0548285
977 0.612851 0.176848 0.0530502
978 0.612851 0.154333 0.0513357
979 0.612851 0.199037 0.0559587
980 0.612851 0.187436 0.0518038
981 0.612851 0.202552 0.0521236
982 0.612851 0.213788 0.0518699
983 0.612851 0.209117 0.0534073
984 0.612851 0.216201 0.0545938
985 0.612851 0.213594 0.0554047
986 0.612851 0.179641 0.0493815
987 0.612851 0.189325 0.0535204
988 0.612851 0.181731 0.0514222
989 0.612851 0.179631 0.0518785
990 0.612851 0.213325 0.0586096
991 0.612851 0.188613 0.0545285
992 0.612851 0.179317 0.0517192
993 0.612851 0.173526 0.0528391
994 0.612851 0.211911 0.0579202
995 0.612851 0.216319 0.0558714
996 0.612851 0.188402 0.0555796
997 0.612851 0.195964 0.055882
998 0.612851 0.193119 0.0537024
999 0.612851 0.207209 0.0531057
1000 0.612851 0.202238 0.0583983
