0 0.382723 0.064631 0.00488303
1 0.382723 0.0745962 0.00529784
2 0.382723 0.0758194 0.00526847
3 0.382723 0.0794487 0.00517265
4 0.382723 0.0757302 0.00528144
5 0.382723 0.0832964 0.00501443
6 0.462386 0.0925551 0.0066577
7 0.500469 0.0995763 0.00842222
7 0.501039 0.022472 0.00848795
8 0.501039 0.0272443 0.00936692
9 0.501039 0.0363051 0.0124421
10 0.501039 0.0507789 0.0159404
11 0.517414 0.0649842 0.0217698
12 0.517414 0.0653333 0.0232762
13 0.531423 0.0785243 0.027764
14 0.531423 0.0827607 0.0288355
15 0.572475 0.0893146 0.0330747
16 0.572475 0.104283 0.0360941
17 0.572475 0.0956237 0.0337786
18 0.572475 0.0979007 0.0355444
19 0.572475 0.122708 0.0391119
20 0.572475 0.127303 0.0362948
21 0.572475 0.149978 0.0378061
22 0.572475 0.151001 0.0415523
23 0.572475 0.152609 0.0419599
24 0.572475 0.138982 0.0397392
25 0.572475 0.14604 0.0422058
26 0.572475 0.132191 0.0405546
27 0.572475 0.144286 0.0412038
28 0.572475 0.139944 0.0420077
29 0.572475 0.134282 0.040863
30 0.572475 0.132234 0.0368441
31 0.572475 0.148321 0.0415179
32 0.572475 0.113081 0.0371533
33 0.572475 0.12085 0.0407189
34 0.572475 0.133992 0.0425334
35 0.572475 0.147912 0.0453251
36 0.572475 0.15366 0.0438184
37 0.572475 0.152723 0.0473059
38 0.572475 0.167336 0.0473187
39 0.572475 0.152502 0.0434413
40 0.572475 0.155723 0.0463296
41 0.572475 0.140651 0.0407738
42 0.572475 0.165676 0.0471344
43 0.572475 0.155225 0.0418343
44 0.575683 0.155563 0.0470433
45 0.575683 0.154543 0.0431198
46 0.575683 0.142895 0.0450565
47 0.575683 0.174026 0.0490773
48 0.581016 0.1688 0.0493369
49 0.581016 0.169098 0.0435151
50 0.581016 0.17037 0.0425745
51 0.581016 0.186389 0.0468834
52 0.581016 0.183064 0.0439197
53 0.581016 0.193545 0.0479606
54 0.581016 0.18652 0.0512574
55 0.581016 0.167851 0.0517115
56 0.581016 0.137113 0.0411823
57 0.581016 0.142037 0.0455832
58 0.581016 0.152379 0.0444894
59 0.581016 0.164215 0.0433328
60 0.581016 0.189724 0.0451945
61 0.581016 0.221519 0.0501277
62 0.581016 0.212292 0.0507499
63 0.581016 0.215276 0.0514262
64 0.581016 0.188529 0.0522398
65 0.581016 0.181526 0.0500512
66 0.581016 0.180239 0.0512512
67 0.581016 0.191972 0.0514469
68 0.581016 0.19808 0.0497792
69 0.581016 0.198243 0.0542659
70 0.581016 0.174378 0.0473664
71 0.581016 0.157927 0.0434046
72 0.581016 0.192545 0.0506947
73 0.581016 0.184847 0.0500307
74 0.581016 0.18902 0.0496887
75 0.581016 0.174517 0.0429809
76 0.589519 0.204135 0.0453476
77 0.589519 0.195037 0.0499199
78 0.589519 0.180468 0.047739
79 0.589519 0.208478 0.0548626
80 0.589519 0.201747 0.0491144
81 0.589519 0.218592 0.0529282
82 0.589519 0.207833 0.0519216
83 0.589519 0.191818 0.0493301
84 0.589519 0.181281 0.0469502
85 0.589519 0.194581 0.0510385
86 0.589519 0.174939 0.0477425
87 0.589519 0.162801 0.0459421
88 0.589519 0.157367 0.0505314
89 0.589519 0.157599 0.0472357
90 0.589519 0.156582 0.0457369
91 0.589519 0.148794 0.0476158
92 0.589519 0.143509 0.0465174
93 0.589519 0.137097 0.0496835
94 0.589519 0.146259 0.0470355
95 0.589519 0.15616 0.0433764
96 0.589519 0.16828 0.0486156
97 0.589519 0.143005 0.0475358
98 0.589519 0.157835 0.0481759
99 0.589519 0.171126 0.0488073
100 0.589519 0.172372 0.0480713
101 0.589519 0.162257 0.0477139
102 0.589519 0.188903 0.0479432
103 0.589519 0.177967 0.0472404
104 0.589519 0.172821 0.0494536
105 0.589519 0.19628 0.0580286
106 0.589519 0.155404 0.0420455
107 0.589519 0.184382 0.0496532
108 0.589519 0.218201 0.0529553
109 0.589519 0.195983 0.048166
110 0.589519 0.197872 0.0502921
111 0.589519 0.193407 0.0518617
112 0.589519 0.203818 0.0542547
113 0.590108 0.203361 0.0544069
114 0.590108 0.220947 0.0536452
115 0.590108 0.223081 0.0547417
116 0.590108 0.21542 0.0496005
117 0.590108 0.197347 0.0472258
118 0.590108 0.202267 0.0511103
119 0.590108 0.209326 0.0487484
120 0.590108 0.228586 0.0499227
121 0.590108 0.231249 0.0496394
122 0.590108 0.216765 0.047732
123 0.590108 0.232875 0.0498745
124 0.590108 0.210988 0.049439
125 0.590108 0.207957 0.0525229
126 0.590108 0.223787 0.0540655
127 0.590108 0.21199 0.0550669
128 0.590108 0.234772 0.056343
129 0.590108 0.219266 0.0495793
130 0.590108 0.230112 0.0505919
131 0.590108 0.222144 0.0531875
132 0.590108 0.220413 0.0530229
133 0.590108 0.23587 0.0552206
134 0.590957 0.231757 0.0554219
135 0.590957 0.233557 0.0518365
136 0.590957 0.204256 0.0517439
137 0.590957 0.232027 0.0500691
138 0.590957 0.228303 0.0494969
139 0.590957 0.230332 0.0494217
140 0.590957 0.222417 0.0485567
141 0.590957 0.234923 0.0484908
142 0.590957 0.234551 0.0567002
143 0.590957 0.213243 0.0529848
144 0.590957 0.230634 0.0600276
145 0.590957 0.247078 0.0571844
146 0.590957 0.195981 0.0476911
147 0.590957 0.220784 0.0527905
148 0.590957 0.203589 0.0520377
149 0.590957 0.215375 0.0560579
150 0.590957 0.194741 0.0524102
151 0.590957 0.197532 0.0513036
152 0.590957 0.212323 0.0526954
153 0.590957 0.21059 0.0495187
154 0.590957 0.203191 0.0515931
155 0.590957 0.214623 0.0510855
156 0.590957 0.192401 0.0482922
157 0.590957 0.236471 0.0541739
158 0.590957 0.239245 0.0560555
159 0.590957 0.221479 0.0517733
160 0.590957 0.241345 0.0548704
161 0.590957 0.238668 0.0490316
162 0.590957 0.23852 0.0491242
163 0.590957 0.253147 0.0514951
164 0.590957 0.240187 0.0546989
165 0.590957 0.212627 0.0520551
166 0.590957 0.206079 0.0525836
167 0.590957 0.198447 0.0516637
168 0.590957 0.190381 0.0504625
169 0.590957 0.183034 0.0470198
170 0.590957 0.199106 0.0501977
171 0.590957 0.198318 0.0507071
172 0.590957 0.206534 0.050856
173 0.590957 0.199443 0.0512359
174 0.590957 0.222097 0.0507979
175 0.590957 0.236466 0.0516013
176 0.590957 0.228368 0.0535327
177 0.590957 0.222649 0.0490205
178 0.590957 0.212515 0.0547032
179 0.590957 0.233235 0.0541269
180 0.590957 0.227748 0.0553906
181 0.591387 0.218179 0.0561799
182 0.591387 0.212073 0.052241
183 0.591387 0.213461 0.0562753
184 0.591387 0.173659 0.0522415
185 0.591387 0.184862 0.0512526
186 0.591387 0.200406 0.0514795
187 0.591387 0.19633 0.0494199
188 0.591387 0.226031 0.0529209
189 0.591387 0.219804 0.0512684
190 0.591387 0.216315 0.0545141
191 0.591387 0.218143 0.0499653
192 0.591387 0.224968 0.0537302
193 0.591387 0.229736 0.0479732
194 0.591387 0.248233 0.0477637
195 0.591387 0.225323 0.0480041
196 0.591387 0.22394 0.0536989
197 0.591387 0.243365 0.0548875
198 0.591387 0.230017 0.0501383
199 0.591387 0.235578 0.0529174
200 0.591387 0.253755 0.0558976
201 0.591387 0.247453 0.0549621
202 0.591387 0.253214 0.0491353
203 0.591387 0.252516 0.0495518
204 0.591387 0.251667 0.0517765
205 0.591387 0.238056 0.0489668
206 0.591387 0.225144 0.048848
207 0.591387 0.226507 0.0485533
208 0.591426 0.219418 0.052169
209 0.591426 0.214554 0.0516584
210 0.591426 0.21183 0.0485835
211 0.591426 0.212345 0.0534998
212 0.591426 0.204227 0.0487595
213 0.591426 0.215834 0.0508897
214 0.591426 0.208885 0.0538247
215 0.591426 0.231432 0.0571491
216 0.591426 0.218688 0.0516197
217 0.591426 0.213071 0.0507252
218 0.591637 0.205675 0.049031
219 0.591637 0.213488 0.0534993
220 0.591637 0.205914 0.0517838
221 0.591637 0.205868 0.0541745
222 0.591637 0.190997 0.0495113
223 0.591637 0.190854 0.0516398
224 0.591637 0.183179 0.0491148
225 0.591637 0.183942 0.0448717
226 0.591637 0.203035 0.0459935
227 0.591637 0.179641 0.0457486
228 0.591637 0.196138 0.0455102
229 0.591637 0.200786 0.049676
230 0.591637 0.191207 0.0517573
231 0.591637 0.162057 0.047793
232 0.591637 0.182675 0.0508922
233 0.591637 0.162036 0.0477243
234 0.591637 0.168653 0.0520157
235 0.591637 0.185133 0.0519324
236 0.591637 0.216786 0.0524288
237 0.591637 0.224139 0.0513583
238 0.591637 0.196319 0.0494805
239 0.591637 0.229346 0.0527565
240 0.591637 0.210908 0.0528683
241 0.591637 0.203249 0.0508465
242 0.591637 0.217643 0.051966
243 0.591637 0.2469 0.0509724
244 0.591637 0.236871 0.0518993
245 0.591637 0.2465 0.051302
246 0.591637 0.223525 0.0541697
247 0.591637 0.206098 0.0520274
248 0.591637 0.218993 0.0543481
249 0.591637 0.24521 0.0551083
250 0.591637 0.231928 0.0529852
251 0.591637 0.209808 0.0493227
252 0.591637 0.229515 0.0526269
253 0.591637 0.235034 0.0491746
254 0.591637 0.222411 0.0527738
255 0.591637 0.202379 0.0490389
256 0.591637 0.206535 0.0520255
257 0.591637 0.197711 0.0524124
258 0.591637 0.215954 0.055959
259 0.591637 0.217203 0.0542268
260 0.591637 0.218902 0.0538898
261 0.591637 0.2095 0.0529425
262 0.591637 0.215719 0.0566365
263 0.591637 0.236714 0.0552056
264 0.591637 0.224639 0.0541686
265 0.591637 0.20823 0.0510887
266 0.591637 0.197711 0.049069
267 0.591637 0.206539 0.0504108
268 0.591637 0.241825 0.0504005
269 0.591637 0.231023 0.0483508
270 0.591637 0.22698 0.0521553
271 0.591637 0.223034 0.0491358
272 0.591637 0.196583 0.0488101
273 0.591637 0.193006 0.0504844
274 0.591637 0.182141 0.0505634
275 0.591637 0.193729 0.0553414
276 0.591637 0.198555 0.0546703
277 0.591637 0.1899 0.0501644
278 0.591637 0.189919 0.0519374
279 0.591637 0.174539 0.0543235
280 0.591637 0.162329 0.0492887
281 0.591637 0.18635 0.0507378
282 0.591637 0.189394 0.0498489
283 0.591637 0.176188 0.047695
284 0.591637 0.169348 0.0487434
285 0.591637 0.175584 0.0507174
286 0.591637 0.169073 0.045646
287 0.591637 0.183158 0.0511455
288 0.591637 0.228006 0.0525333
289 0.591637 0.208765 0.0542113
290 0.591637 0.210833 0.0526789
291 0.591637 0.233225 0.0517372
292 0.591637 0.243213 0.0515973
293 0.591637 0.211668 0.0521665
294 0.591637 0.185236 0.0526783
295 0.591637 0.211136 0.0500445
296 0.591637 0.213608 0.0533892
297 0.591637 0.22812 0.0555056
298 0.591637 0.214786 0.047468
299 0.591637 0.214169 0.0513553
300 0.591637 0.232978 0.0519259
301 0.591637 0.19255 0.0529902
302 0.591637 0.179027 0.0530067
303 0.591637 0.186772 0.054148
304 0.591637 0.189164 0.0511359
305 0.591637 0.177127 0.0543219
306 0.591637 0.172246 0.051968
307 0.591637 0.179341 0.0524261
308 0.591637 0.180569 0.0478708
309 0.591637 0.200386 0.0523031
310 0.591637 0.255204 0.0553795
311 0.591637 0.245084 0.0545255
312 0.591637 0.20019 0.0490431
313 0.591637 0.224027 0.0509284
314 0.591637 0.248982 0.0505876
315 0.591637 0.244108 0.0478831
316 0.591637 0.235074 0.0500076
317 0.591637 0.221516 0.053808
318 0.591637 0.21976 0.0532713
319 0.591637 0.212899 0.0560639
320 0.591637 0.204637 0.0529472
321 0.591637 0.219745 0.0553636
322 0.591637 0.225167 0.0509203
323 0.591637 0.204932 0.0493386
324 0.591637 0.214284 0.049424
325 0.591637 0.207295 0.0508912
326 0.591637 0.202176 0.0509038
327 0.591637 0.187417 0.0490522
328 0.591637 0.193674 0.0471372
329 0.591637 0.202983 0.0462922
330 0.591637 0.190764 0.0479581
331 0.591637 0.194348 0.0468554
332 0.591637 0.199382 0.0516736
333 0.591751 0.202172 0.0515368
334 0.591751 0.209145 0.0512913
335 0.591751 0.21564 0.0548491
336 0.591751 0.219371 0.051907
337 0.591751 0.212178 0.0477643
338 0.591751 0.214329 0.0558843
339 0.591751 0.208619 0.0544779
340 0.591751 0.197763 0.0515716
341 0.591751 0.172526 0.0476513
342 0.591751 0.196054 0.0496019
343 0.591751 0.224642 0.0558249
344 0.591751 0.195844 0.0521994
345 0.591751 0.18619 0.0471934
346 0.591751 0.215978 0.050206
347 0.591751 0.223886 0.0491122
348 0.591751 0.234699 0.0520155
349 0.591751 0.248943 0.0520754
350 0.591751 0.225156 0.0498424
351 0.591751 0.241853 0.0529352
352 0.591751 0.2189 0.0482684
353 0.591751 0.225388 0.0489511
354 0.591751 0.203337 0.0502336
355 0.591751 0.161226 0.0479518
356 0.591751 0.212119 0.0538043
357 0.591751 0.169517 0.0499579
358 0.591751 0.207161 0.0531336
359 0.591751 0.194793 0.0537186
360 0.591751 0.175646 0.0512871
361 0.591751 0.183894 0.047446
362 0.591751 0.196351 0.047997
363 0.591751 0.195279 0.0533613
364 0.591751 0.163003 0.0495688
365 0.591751 0.168265 0.0509784
366 0.591751 0.201644 0.0505236
367 0.591751 0.173407 0.0464319
368 0.591751 0.167963 0.0497083
369 0.591751 0.181426 0.0545574
370 0.591751 0.20355 0.0559375
371 0.591751 0.238538 0.0542052
372 0.591751 0.198346 0.0515513
373 0.591751 0.194335 0.0484958
374 0.591751 0.204954 0.056285
375 0.591751 0.17749 0.0505962
376 0.591751 0.20099 0.0523266
377 0.591751 0.200761 0.0493386
378 0.591751 0.202406 0.0526369
379 0.591751 0.206169 0.0490142
380 0.591751 0.209135 0.0517232
381 0.591751 0.181019 0.0512044
382 0.591751 0.18295 0.0513768
383 0.591751 0.185892 0.0523835
384 0.591751 0.190389 0.0538679
385 0.591751 0.18697 0.0522897
386 0.591751 0.187569 0.0520664
387 0.591751 0.191835 0.053352
388 0.591751 0.158235 0.0475372
389 0.591751 0.170601 0.0482283
390 0.591751 0.157079 0.0459971
391 0.591751 0.182503 0.0495176
392 0.591751 0.187581 0.0466705
393 0.591751 0.18436 0.0472748
394 0.591751 0.176506 0.0515136
395 0.591751 0.207083 0.0575439
396 0.591751 0.213271 0.0557354
397 0.591751 0.189466 0.048045
398 0.591751 0.199786 0.0504603
399 0.591751 0.199852 0.0471728
400 0.591751 0.202801 0.0535147
401 0.591751 0.225591 0.0491594
402 0.591751 0.211586 0.0515932
403 0.591751 0.219992 0.0536471
404 0.591751 0.206386 0.0492062
405 0.591751 0.22655 0.0530392
406 0.591751 0.244066 0.054196
407 0.591751 0.221866 0.051689
408 0.591751 0.239721 0.0506451
409 0.591751 0.205073 0.0479691
410 0.591751 0.211233 0.0514438
411 0.591751 0.21403 0.0465954
412 0.591751 0.20563 0.0521882
413 0.591751 0.23573 0.0558095
414 0.591751 0.222834 0.0568928
415 0.591751 0.19398 0.0519179
416 0.591751 0.179474 0.0480371
417 0.591751 0.168331 0.0499911
418 0.591751 0.181861 0.0531559
419 0.591751 0.180194 0.0473671
420 0.591751 0.199136 0.0481244
421 0.591751 0.181107 0.0467091
422 0.591751 0.17717 0.0478758
423 0.591751 0.149101 0.0437546
424 0.591751 0.173611 0.0470569
425 0.591751 0.212268 0.0517198
426 0.591751 0.250958 0.0505965
427 0.591751 0.246626 0.0495857
428 0.591751 0.247443 0.050684
429 0.591751 0.245821 0.0461851
430 0.591751 0.246498 0.048136
431 0.591751 0.238484 0.0521669
432 0.591751 0.219616 0.0507895
433 0.591751 0.228111 0.0499173
434 0.591751 0.211178 0.0483991
435 0.591751 0.195883 0.0492819
436 0.591751 0.221196 0.0498677
437 0.591751 0.189526 0.0459025
438 0.591751 0.186869 0.0497162
439 0.591751 0.193963 0.0477101
440 0.591751 0.191494 0.0479651
441 0.591751 0.223487 0.0521165
442 0.591751 0.23234 0.0509868
443 0.591751 0.208469 0.0527692
444 0.591751 0.172641 0.0510335
445 0.591751 0.180207 0.0549129
446 0.591751 0.198658 0.0507441
447 0.591751 0.201686 0.0528363
448 0.591751 0.20175 0.054904
449 0.591751 0.20078 0.0492005
450 0.591751 0.197641 0.0509613
451 0.591751 0.236746 0.0570938
452 0.591751 0.223497 0.0532931
453 0.591751 0.23755 0.0511665
454 0.591751 0.252234 0.0528992
455 0.591751 0.216281 0.0518637
456 0.591751 0.215778 0.0535511
457 0.591751 0.215373 0.0582437
458 0.591751 0.251545 0.0536002
459 0.591751 0.219531 0.0480857
460 0.591751 0.220314 0.0463349
461 0.591751 0.204855 0.0479158
462 0.591751 0.193447 0.0507053
463 0.591751 0.200383 0.0505526
464 0.591751 0.211465 0.0520007
465 0.591751 0.218461 0.0505217
466 0.591751 0.205067 0.0508919
467 0.591751 0.217799 0.0536698
468 0.591751 0.209539 0.0571246
469 0.591751 0.220246 0.0484554
470 0.591751 0.229619 0.0526107
471 0.591751 0.21519 0.0509718
472 0.591751 0.222174 0.050973
473 0.591751 0.206019 0.0523111
474 0.591751 0.187476 0.0543678
475 0.591751 0.186812 0.0520842
476 0.591751 0.190891 0.0512382
477 0.591751 0.181455 0.0481076
478 0.591751 0.19327 0.0481887
479 0.591751 0.172775 0.0469871
480 0.591751 0.197963 0.0508379
481 0.591751 0.199443 0.0528616
482 0.591751 0.214088 0.0521391
483 0.591751 0.197999 0.0489076
484 0.591751 0.254342 0.0528952
485 0.591751 0.220858 0.053057
486 0.591751 0.205668 0.0537576
487 0.591751 0.210008 0.0542222
488 0.591751 0.240345 0.0536581
489 0.591751 0.22817 0.0530674
490 0.591751 0.207736 0.0500777
491 0.591751 0.218912 0.0581279
492 0.591751 0.201159 0.0558594
493 0.591751 0.178753 0.0459502
494 0.591751 0.169619 0.0446286
495 0.591751 0.215574 0.0464564
496 0.591751 0.169701 0.0452597
497 0.591751 0.197292 0.0518862
498 0.591751 0.198958 0.0479453
499 0.591751 0.2111 0.0465118
500 0.591751 0.22801 0.049004
501 0.591751 0.214328 0.0466854
502 0.591751 0.222849 0.048494
503 0.591751 0.213316 0.0498039
504 0.591751 0.233633 0.0510513
505 0.591751 0.212374 0.050402
506 0.591751 0.220306 0.0496811
507 0.591751 0.204477 0.052278
508 0.591751 0.204232 0.0520264
509 0.591751 0.236528 0.0542858
510 0.591751 0.260241 0.053568
511 0.591751 0.268233 0.0529492
512 0.591751 0.252918 0.0479509
513 0.591751 0.242462 0.0507778
514 0.591751 0.250075 0.0513865
515 0.591751 0.206707 0.0533163
516 0.591751 0.22991 0.0546538
517 0.591751 0.181348 0.0482047
518 0.591751 0.202952 0.0543571
519 0.591751 0.194371 0.0520843
520 0.591751 0.206326 0.0526755
521 0.591751 0.21527 0.0499653
522 0.591751 0.218895 0.0514581
523 0.591751 0.232087 0.050501
524 0.591751 0.230682 0.05283
525 0.591751 0.229227 0.0512907
526 0.591751 0.206551 0.0490127
527 0.591831 0.209916 0.0532992
528 0.591831 0.213964 0.0591117
529 0.591831 0.226189 0.0549347
530 0.591831 0.205319 0.0531963
531 0.591831 0.202387 0.0534124
532 0.591831 0.204552 0.0501437
533 0.591831 0.183619 0.0478923
534 0.591831 0.20259 0.0518303
535 0.591831 0.232282 0.047827
536 0.591831 0.209138 0.051705
537 0.591831 0.220582 0.0538565
538 0.591831 0.233994 0.0549955
539 0.591831 0.224562 0.0537187
540 0.591863 0.233808 0.0521214
541 0.591863 0.213337 0.0543516
542 0.591863 0.225596 0.0529373
543 0.591863 0.1928 0.0529961
544 0.591875 0.21247 0.0506095
545 0.591875 0.208909 0.0477933
546 0.591875 0.181153 0.0497537
547 0.591875 0.20917 0.0518759
548 0.591875 0.210003 0.048915
549 0.591875 0.190583 0.0504291
550 0.591875 0.193638 0.0529094
551 0.591875 0.221313 0.0544534
552 0.591875 0.205085 0.0532107
553 0.591875 0.21478 0.0544647
554 0.591875 0.217875 0.0549001
555 0.591875 0.212753 0.0528822
556 0.591875 0.205509 0.0533293
557 0.591875 0.198738 0.0504123
558 0.591875 0.227341 0.0524936
559 0.591875 0.209283 0.0547941
560 0.591875 0.207976 0.0519539
561 0.591875 0.217373 0.0522218
562 0.591875 0.226168 0.0497087
563 0.591875 0.213784 0.0485087
564 0.591875 0.185529 0.0473174
565 0.591875 0.208725 0.0536594
566 0.591875 0.226208 0.0527227
567 0.591875 0.226856 0.0576678
568 0.591875 0.242332 0.0548913
569 0.591875 0.221193 0.0549473
570 0.591875 0.251181 0.0507778
571 0.591875 0.228698 0.0560486
572 0.591875 0.20719 0.0524927
573 0.591875 0.209126 0.0483887
574 0.591875 0.184199 0.0510476
575 0.591875 0.172854 0.0490866
576 0.591892 0.196861 0.0549214
577 0.591892 0.188052 0.0484483
578 0.591892 0.219146 0.0610156
579 0.591892 0.204532 0.0565564
580 0.591892 0.200294 0.051458
581 0.591892 0.177046 0.0513895
582 0.591892 0.205185 0.0471823
583 0.591892 0.23231 0.05194
584 0.591892 0.241967 0.054746
585 0.591892 0.232396 0.0556972
586 0.591892 0.218821 0.0535345
587 0.591892 0.207328 0.0527648
588 0.591892 0.203992 0.0510053
589 0.591892 0.190501 0.0501217
590 0.591892 0.182759 0.0493257
591 0.591892 0.198838 0.0507254
592 0.592166 0.212854 0.0553739
593 0.592166 0.219575 0.0535967
594 0.592166 0.212604 0.0521672
595 0.592166 0.226038 0.0542078
596 0.592166 0.224369 0.0532258
597 0.592166 0.202362 0.0517355
598 0.592166 0.18909 0.055708
599 0.592166 0.179817 0.0498206
600 0.592166 0.196042 0.0507677
601 0.592166 0.187924 0.0508624
602 0.592166 0.191295 0.0522069
603 0.592166 0.202506 0.0548191
604 0.592166 0.213152 0.0549446
605 0.592166 0.186853 0.0539614
606 0.592166 0.166909 0.0463144
607 0.592166 0.175018 0.0480134
608 0.592166 0.194549 0.0504396
609 0.592166 0.199304 0.0532084
610 0.592166 0.188847 0.0469256
611 0.592166 0.21545 0.0488293
612 0.592166 0.203147 0.0499473
613 0.592166 0.229463 0.052875
614 0.592166 0.228443 0.0534884
615 0.592166 0.230972 0.0512368
616 0.592166 0.221036 0.0551103
617 0.592166 0.217875 0.0542953
618 0.592166 0.19935 0.0502386
619 0.592166 0.204504 0.0512373
620 0.592166 0.201803 0.0485938
621 0.592166 0.198664 0.0461518
622 0.592166 0.206851 0.0505028
623 0.592166 0.205034 0.0509867
624 0.592166 0.211196 0.0522352
625 0.592166 0.212212 0.0507076
626 0.592166 0.244856 0.0511884
627 0.592166 0.21918 0.0509631
628 0.592166 0.220589 0.0512571
629 0.592166 0.198806 0.0500797
630 0.592166 0.246798 0.0578018
631 0.592166 0.208743 0.0540304
632 0.592166 0.219898 0.0546941
633 0.592166 0.192163 0.0459584
634 0.592166 0.22142 0.0553933
635 0.592166 0.210169 0.0541439
636 0.592166 0.227258 0.0530948
637 0.592166 0.209217 0.0479246
638 0.592166 0.203504 0.0499203
639 0.592166 0.225575 0.0509034
640 0.592166 0.227011 0.0541716
641 0.592166 0.207853 0.0479451
642 0.592166 0.216259 0.0517087
643 0.592166 0.216105 0.0472747
644 0.592166 0.205789 0.0491739
645 0.592166 0.206082 0.0503435
646 0.592166 0.184703 0.0466214
647 0.592166 0.196072 0.0511494
648 0.592166 0.184887 0.0511881
649 0.592166 0.205198 0.0515609
650 0.592166 0.183027 0.0492005
651 0.592166 0.163442 0.0485201
652 0.592166 0.174827 0.0510962
653 0.592166 0.195114 0.0491502
654 0.592166 0.194301 0.0534768
655 0.592166 0.187625 0.0488669
656 0.592166 0.194895 0.0472709
657 0.592166 0.217446 0.0497658
658 0.592166 0.200084 0.0481735
659 0.592166 0.200929 0.0499825
660 0.592166 0.195426 0.050668
661 0.592166 0.187682 0.0485868
662 0.592166 0.205065 0.0539216
663 0.592166 0.193671 0.0492627
664 0.592166 0.187343 0.0548762
665 0.592166 0.205215 0.0512433
666 0.592166 0.206434 0.053716
667 0.592166 0.175683 0.0481022
668 0.592166 0.194108 0.047041
669 0.592166 0.197078 0.0491408
670 0.592166 0.202515 0.0503549
671 0.592166 0.225104 0.0511086
672 0.592166 0.211308 0.0549321
673 0.592166 0.220107 0.0539698
674 0.592166 0.260483 0.0518581
675 0.592166 0.234917 0.0553214
676 0.592166 0.220308 0.0520092
677 0.592166 0.197461 0.0473404
678 0.592166 0.191744 0.0555044
679 0.592166 0.174181 0.0482254
680 0.592166 0.163767 0.0469111
681 0.592166 0.186015 0.0536894
682 0.592166 0.215081 0.0519096
683 0.592166 0.229748 0.0577801
684 0.592166 0.207943 0.0545169
685 0.592166 0.220436 0.0512478
686 0.592166 0.240006 0.0534012
687 0.592166 0.220219 0.0512792
688 0.592166 0.224482 0.0516808
689 0.592166 0.223949 0.0518737
690 0.592166 0.185813 0.0482257
691 0.592166 0.217924 0.0545788
692 0.592166 0.190674 0.0462516
693 0.592166 0.19094 0.0479684
694 0.592166 0.216448 0.0525367
695 0.592166 0.221167 0.0510076
696 0.592166 0.217836 0.053808
697 0.592166 0.194378 0.0486521
698 0.592166 0.211147 0.0495277
699 0.592166 0.21137 0.0501199
700 0.592166 0.206782 0.0534366
701 0.592166 0.228093 0.0531315
702 0.592166 0.240162 0.0554852
703 0.592166 0.227497 0.0560584
704 0.592166 0.20997 0.05185
705 0.592166 0.230593 0.0539827
706 0.592166 0.217646 0.0522376
707 0.592166 0.191409 0.0465555
708 0.592166 0.189744 0.0485868
709 0.592166 0.158254 0.0461683
710 0.592166 0.17759 0.049255
711 0.592166 0.191817 0.0542719
712 0.592166 0.18999 0.0527896
713 0.592166 0.176789 0.0510551
714 0.592166 0.193821 0.054889
715 0.592166 0.19059 0.0523558
716 0.592166 0.177877 0.0523006
717 0.592166 0.223528 0.0540014
718 0.592166 0.212743 0.0535827
719 0.592166 0.201403 0.0486156
720 0.592166 0.166768 0.0470779
721 0.592166 0.197674 0.0514312
722 0.592166 0.178997 0.047382
723 0.592166 0.234505 0.0539105
724 0.592166 0.195035 0.0563939
725 0.592166 0.18694 0.0475621
726 0.592166 0.190158 0.0503875
727 0.592166 0.183455 0.0522689
728 0.592166 0.189836 0.0558183
729 0.592166 0.181054 0.0539429
730 0.592166 0.206394 0.0553465
731 0.592166 0.195232 0.0517084
732 0.592166 0.212008 0.0503121
733 0.592166 0.22807 0.0571319
734 0.592166 0.227146 0.053031
735 0.592166 0.234472 0.0494466
736 0.592166 0.19825 0.0499228
737 0.592166 0.184896 0.0485131
738 0.592166 0.186942 0.0563369
739 0.592166 0.170013 0.0497651
740 0.592166 0.185285 0.0566753
741 0.592166 0.204853 0.0528754
742 0.592166 0.200085 0.0552584
743 0.592166 0.200288 0.0591707
744 0.592166 0.199755 0.0526694
745 0.592166 0.191147 0.0500751
746 0.592166 0.19631 0.0479251
747 0.592166 0.225148 0.047266
748 0.592166 0.213685 0.0514364
749 0.592166 0.216208 0.0544182
750 0.592166 0.190515 0.0516361
751 0.592166 0.218947 0.0556935
752 0.592166 0.228465 0.0508071
753 0.592166 0.242287 0.0537996
754 0.592166 0.249616 0.0539306
755 0.592166 0.232192 0.0530283
756 0.592166 0.238348 0.0520989
757 0.592166 0.247355 0.0487509
758 0.592166 0.225206 0.0514888
759 0.592166 0.19902 0.0497364
760 0.592166 0.207407 0.0489232
761 0.592166 0.225724 0.0472303
762 0.592166 0.224096 0.0482929
763 0.592166 0.227086 0.0509076
764 0.592166 0.231844 0.0507943
765 0.592166 0.232445 0.0505888
766 0.592166 0.220403 0.0546525
767 0.592166 0.210369 0.0524485
768 0.592166 0.222995 0.0536597
769 0.592166 0.211023 0.0490524
770 0.592166 0.178711 0.0531036
771 0.592166 0.196357 0.0507137
772 0.592166 0.227824 0.0565803
773 0.592166 0.214553 0.0551232
774 0.592166 0.23239 0.0555633
775 0.592166 0.20326 0.051404
776 0.592166 0.197243 0.0490078
777 0.592166 0.179426 0.0475579
778 0.592166 0.184877 0.0514972
779 0.592166 0.186888 0.051379
780 0.592166 0.186531 0.0521002
781 0.592166 0.225608 0.0521464
782 0.592166 0.23341 0.0535341
783 0.592166 0.21769 0.0563066
784 0.592166 0.227313 0.0567579
785 0.592166 0.209272 0.0530423
786 0.592166 0.216495 0.0561755
787 0.592166 0.212469 0.051057
788 0.592166 0.211002 0.0496117
789 0.592166 0.183374 0.0497769
790 0.592166 0.201086 0.0485461
791 0.592166 0.157839 0.0502685
792 0.592166 0.177384 0.0510142
793 0.592166 0.191818 0.053032
794 0.592166 0.191126 0.0540855
795 0.592166 0.210337 0.0543458
796 0.592166 0.212382 0.0549037
797 0.592166 0.185629 0.0525646
798 0.592166 0.204929 0.0547961
799 0.592166 0.203128 0.0516068
800 0.592166 0.220223 0.0528049
801 0.592166 0.247303 0.0555349
802 0.592166 0.243519 0.0545667
803 0.592166 0.231542 0.0525488
804 0.592166 0.239822 0.0532086
805 0.592166 0.221999 0.0510414
806 0.592166 0.19524 0.0488016
807 0.592166 0.197194 0.0474998
808 0.592166 0.190122 0.0499333
809 0.592166 0.185125 0.0477142
810 0.592166 0.202887 0.0506434
811 0.592166 0.211348 0.0524773
812 0.592166 0.191779 0.0502998
813 0.592166 0.179049 0.0487606
814 0.592166 0.199956 0.0500583
815 0.592166 0.1848 0.0445057
816 0.592166 0.193125 0.0483318
817 0.592166 0.172065 0.0471852
818 0.592166 0.177949 0.0529987
819 0.592166 0.182345 0.0516016
820 0.592166 0.190778 0.0478135
821 0.592166 0.19604 0.0480591
822 0.592166 0.206519 0.0497747
823 0.592166 0.209843 0.0533441
824 0.592166 0.207349 0.0510204
825 0.592166 0.198022 0.0479793
826 0.592166 0.195761 0.047616
827 0.592166 0.190369 0.0481395
828 0.592166 0.174137 0.0481671
829 0.592166 0.199698 0.0466551
830 0.595262 0.222454 0.0487994
831 0.595262 0.213377 0.0517552
832 0.595262 0.222679 0.0477476
833 0.595262 0.230602 0.0481984
834 0.595262 0.216896 0.0492494
835 0.595262 0.210623 0.0472877
836 0.595262 0.209965 0.0500477
837 0.595262 0.216718 0.0530238
838 0.595262 0.217062 0.0520376
839 0.595262 0.205249 0.0509902
840 0.595262 0.19725 0.0509091
841 0.595262 0.235921 0.0485878
842 0.595262 0.210807 0.0507706
843 0.595262 0.23759 0.0562296
844 0.595262 0.222876 0.0550377
845 0.595262 0.242287 0.0510984
846 0.595262 0.210919 0.0490367
847 0.595262 0.194516 0.0485802
848 0.595262 0.199498 0.0489181
849 0.595262 0.19304 0.0488123
850 0.595262 0.196971 0.0523861
851 0.595262 0.167761 0.0486392
852 0.595262 0.164479 0.0491336
853 0.595262 0.182977 0.0520348
854 0.595262 0.18415 0.0509837
855 0.595262 0.18903 0.0519135
856 0.595262 0.192157 0.0487561
857 0.595262 0.212305 0.0539369
858 0.595262 0.207015 0.0511822
859 0.595262 0.246878 0.0542018
860 0.595262 0.192781 0.048488
861 0.595262 0.192071 0.0500206
862 0.595262 0.196826 0.0478337
863 0.595262 0.20704 0.0535216
864 0.595262 0.196472 0.0477438
865 0.595262 0.196279 0.0472001
866 0.595262 0.231585 0.0507628
867 0.595262 0.214487 0.0519802
868 0.595262 0.22295 0.0502662
869 0.595262 0.204958 0.0482201
870 0.595262 0.220186 0.0463096
871 0.595262 0.19742 0.0524505
872 0.595262 0.206268 0.053926
873 0.595262 0.204657 0.0533239
874 0.595262 0.214002 0.0519907
875 0.595262 0.221227 0.0509948
876 0.595262 0.20514 0.0502812
877 0.595262 0.184515 0.047398
878 0.595262 0.225257 0.0476862
879 0.595262 0.208743 0.0513411
880 0.595262 0.21105 0.0511693
881 0.595262 0.21895 0.0491147
882 0.595262 0.217101 0.0487552
883 0.595262 0.212582 0.0520924
884 0.595899 0.18909 0.0501242
885 0.595899 0.199667 0.0488426
886 0.595899 0.230404 0.0489575
887 0.595899 0.24134 0.0470277
888 0.595899 0.237243 0.0497754
889 0.595899 0.24498 0.048059
890 0.595899 0.242112 0.0531893
891 0.595899 0.219441 0.0499921
892 0.595899 0.237344 0.0565302
893 0.595899 0.221831 0.0542463
894 0.595899 0.242346 0.0557207
895 0.595899 0.242357 0.0523932
896 0.595899 0.213056 0.0474829
897 0.595899 0.240568 0.0519984
898 0.595899 0.263866 0.0495216
899 0.595899 0.245094 0.0513145
900 0.595899 0.231165 0.0522485
901 0.595899 0.240146 0.0538132
902 0.595899 0.208943 0.0539052
903 0.595899 0.195504 0.0542194
904 0.595899 0.18198 0.0490283
905 0.595899 0.207349 0.0503832
906 0.595899 0.211691 0.0541672
907 0.595899 0.205386 0.0530196
908 0.595899 0.228705 0.0544561
909 0.595899 0.19825 0.0525239
910 0.595899 0.195012 0.0498195
911 0.595899 0.212776 0.049979
912 0.595899 0.200873 0.0532056
913 0.595899 0.212834 0.0552951
914 0.595899 0.221811 0.05219
915 0.595899 0.194346 0.0527144
916 0.595899 0.193898 0.0522279
917 0.595899 0.207888 0.0490977
918 0.595899 0.18933 0.0496571
919 0.595899 0.172894 0.0462908
920 0.595899 0.166655 0.04654
921 0.595899 0.206747 0.0526411
922 0.595899 0.203091 0.0499342
923 0.598941 0.175819 0.05219
924 0.598941 0.191387 0.0532817
925 0.598941 0.172332 0.0515285
926 0.598941 0.184587 0.0556809
927 0.598941 0.165715 0.0493139
928 0.598941 0.174153 0.0526624
929 0.598941 0.162133 0.0481637
930 0.598941 0.189817 0.0538161
931 0.598941 0.17938 0.0559139
932 0.598941 0.184682 0.0532005
933 0.598941 0.19142 0.0552846
934 0.598941 0.222884 0.0504468
935 0.598941 0.193156 0.0499416
936 0.598941 0.194256 0.0498605
937 0.598941 0.200475 0.0532034
938 0.598951 0.197074 0.0500167
939 0.598951 0.184139 0.0516309
940 0.598951 0.195012 0.0555751
941 0.598951 0.205704 0.0543135
942 0.598951 0.213124 0.0556692
943 0.598951 0.188729 0.051736
944 0.598951 0.201912 0.0531737
945 0.598951 0.180758 0.0482222
946 0.598951 0.172861 0.05081
947 0.598987 0.201799 0.0553776
948 0.598987 0.184647 0.048964
949 0.598987 0.181086 0.0504241
950 0.598987 0.191587 0.0546362
951 0.599227 0.184221 0.0524198
952 0.599227 0.170116 0.0493426
953 0.599227 0.178185 0.0565947
954 0.599227 0.177987 0.0542641
955 0.599227 0.165453 0.0512149
956 0.599227 0.151768 0.046292
957 0.599227 0.166328 0.0505538
958 0.599227 0.188483 0.0578114
959 0.599257 0.15 0.0485643
960 0.599257 0.18457 0.0537639
961 0.599257 0.180928 0.0525236
962 0.599257 0.194175 0.0536142
963 0.599257 0.175135 0.0527148
964 0.599257 0.182009 0.0565891
965 0.599257 0.19945 0.0563694
966 0.599257 0.17075 0.0483144
967 0.599257 0.202606 0.0548014
968 0.599257 0.203598 0.0583035
969 0.599257 0.196098 0.0528251
970 0.599257 0.208448 0.0524207
971 0.599257 0.187456 0.0515101
972 0.599257 0.191967 0.0498377
973 0.599257 0.194992 0.0514086
974 0.599257 0.209247 0.0567762
975 0.599257 0.188461 0.0589587
976 0.599257 0.18263 0.0543599
977 0.599257 0.188987 0.0524776
978 0.599257 0.182871 0.0557914
979 0.599257 0.191655 0.0521288
980 0.599257 0.170934 0.0524212
981 0.599257 0.199024 0.0551657
982 0.599257 0.208871 0.0578434
983 0.599257 0.16928 0.0549303
984 0.599257 0.206869 0.0566194
985 0.599257 0.195218 0.0549779
986 0.599257 0.184439 0.0526776
987 0.599257 0.194769 0.055878
988 0.599257 0.198099 0.0520902
989 0.599257 0.202211 0.0516145
990 0.599257 0.177648 0.053959
991 0.599257 0.189067 0.0528445
992 0.599257 0.189529 0.050223
993 0.599257 0.184375 0.0535515
994 0.600685 0.184432 0.0545351
995 0.600685 0.169364 0.0505774
996 0.600685 0.184307 0.0539484
997 0.600685 0.191439 0.0528259
998 0.600685 0.200389 0.0531182
999 0.600685 0.179758 0.0509356
1000 0.600685 0.173506 0.048381
