0 0.125254 0.0556884 0.00384484
1 0.125266 0.06712 0.00385921
2 0.125266 0.0765351 0.00373304
3 0.250517 0.0789676 0.00395883
4 0.250517 0.0790269 0.00394451
5 0.250517 0.0803868 0.00391586
6 0.250517 0.0828242 0.00381988
7 0.250517 0.0889019 0.00356498
8 0.250517 0.0929913 0.00329593
9 0.250517 0.093463 0.00325892
10 0.250517 0.0889903 0.00355802
11 0.250517 0.0940484 0.00325202
12 0.250523 0.0938941 0.00360142
13 0.32192 0.104114 0.00386093
14 0.32192 0.0995252 0.00419342
15 0.32192 0.107367 0.00392994
16 0.375575 0.109067 0.00573548
17 0.484679 0.114469 0.008094
18 0.484679 0.133146 0.0094087
19 0.484679 0.137246 0.0119005
20 0.484679 0.1213 0.0131063
21 0.484679 0.139233 0.0163792
22 0.501101 0.144514 0.0185559
22 0.528625 0.0851069 0.0262359
23 0.528625 0.0997254 0.0287137
24 0.528625 0.113777 0.0322098
25 0.528625 0.100272 0.0332652
26 0.528625 0.101023 0.0324325
27 0.528625 0.104842 0.0323577
28 0.528625 0.0911573 0.0300837
29 0.528625 0.115492 0.0341207
30 0.528625 0.128281 0.0361161
31 0.528625 0.12648 0.0347637
32 0.528625 0.136727 0.0374488
33 0.546115 0.143218 0.0402769
34 0.547823 0.135399 0.0364498
35 0.547823 0.141852 0.0385823
36 0.547823 0.124872 0.0384993
37 0.547823 0.131415 0.039938
38 0.55636 0.134624 0.0408661
39 0.577144 0.163394 0.0470435
40 0.577144 0.133575 0.0432863
41 0.584197 0.147925 0.0467814
42 0.584197 0.135617 0.0442779
43 0.589055 0.167992 0.0498778
44 0.589055 0.172742 0.0502657
45 0.589055 0.16044 0.0487391
46 0.589055 0.145053 0.0458648
47 0.589055 0.149085 0.0491199
48 0.589055 0.157588 0.0475708
49 0.589055 0.144081 0.0453081
50 0.589055 0.126981 0.0422139
51 0.595556 0.154868 0.0465067
52 0.595556 0.182168 0.0494439
53 0.602109 0.19266 0.0547303
54 0.602109 0.186035 0.0559322
55 0.602109 0.157435 0.0492577
56 0.602109 0.171717 0.0510573
57 0.602109 0.173261 0.0518968
58 0.602109 0.16161 0.0484369
59 0.602109 0.1833 0.0548743
60 0.602109 0.161632 0.0538752
61 0.605321 0.161732 0.0490693
62 0.605321 0.187456 0.0490934
63 0.605321 0.191447 0.0522864
64 0.605321 0.181988 0.053058
65 0.605321 0.211465 0.0582384
66 0.605321 0.173172 0.0507974
67 0.605321 0.183854 0.0482444
68 0.605321 0.168782 0.0488391
69 0.605321 0.162561 0.0506995
70 0.605321 0.166113 0.0483197
71 0.605321 0.164181 0.0490931
72 0.605321 0.163539 0.0507822
73 0.605321 0.174837 0.0515486
74 0.605321 0.170828 0.0502632
75 0.605321 0.198156 0.0520921
76 0.605321 0.178251 0.0465267
77 0.605321 0.186633 0.0510666
78 0.605321 0.179607 0.048251
79 0.605321 0.17911 0.0551484
80 0.605321 0.182223 0.0525908
81 0.605321 0.156964 0.0498071
82 0.605321 0.175157 0.0569868
83 0.605321 0.169482 0.055498
84 0.605321 0.15815 0.0503943
85 0.605321 0.169279 0.0480359
86 0.605321 0.155445 0.0493465
87 0.605321 0.186552 0.0563633
88 0.605321 0.17576 0.0543818
89 0.605321 0.164902 0.0516276
90 0.605321 0.179854 0.0549638
91 0.605321 0.179827 0.0549657
92 0.605321 0.184751 0.0513934
93 0.605321 0.162432 0.049413
94 0.605321 0.181795 0.0502692
95 0.605321 0.18835 0.0524442
96 0.605321 0.180136 0.0480098
97 0.605321 0.177994 0.0477811
98 0.605321 0.190898 0.0540709
99 0.605321 0.196144 0.0534152
100 0.605321 0.169284 0.0475954
101 0.605321 0.198134 0.0511288
102 0.611282 0.201209 0.0534984
103 0.611282 0.18928 0.0537306
104 0.611282 0.180596 0.0544979
105 0.611282 0.172064 0.0530529
106 0.611282 0.168818 0.048477
107 0.611282 0.184126 0.0493943
108 0.611282 0.149031 0.0468798
109 0.611282 0.158541 0.0509977
110 0.611282 0.180386 0.0530804
111 0.611282 0.202569 0.0551735
112 0.611282 0.162078 0.0501739
113 0.611282 0.170273 0.0528154
114 0.611282 0.166899 0.0508874
115 0.611282 0.143849 0.0483489
116 0.611282 0.184227 0.052173
117 0.611282 0.150579 0.04709
118 0.611282 0.162903 0.0466624
119 0.611282 0.161226 0.0470527
120 0.611282 0.149362 0.0457002
121 0.611282 0.165514 0.0497628
122 0.611282 0.172011 0.0526304
123 0.611282 0.168396 0.0516986
124 0.611282 0.165804 0.0519552
125 0.611282 0.121396 0.0430123
126 0.611282 0.16977 0.0505101
127 0.611282 0.187906 0.0558479
128 0.611282 0.161721 0.0486536
129 0.611282 0.169304 0.0478847
130 0.611282 0.158474 0.0469543
131 0.611282 0.162865 0.0485713
132 0.611282 0.168354 0.0494179
133 0.611282 0.157652 0.0466622
134 0.611282 0.15691 0.0492996
135 0.611282 0.159062 0.0493884
136 0.611282 0.148671 0.0503276
137 0.611282 0.141489 0.0463492
138 0.611282 0.16827 0.0554004
139 0.611282 0.166249 0.0522416
140 0.611282 0.177969 0.0538792
141 0.611282 0.204092 0.0581619
142 0.611282 0.229669 0.0578786
143 0.611282 0.22939 0.0592829
144 0.611282 0.203874 0.0507653
145 0.611282 0.201638 0.0516706
146 0.611282 0.173732 0.0505658
147 0.611282 0.177013 0.0536012
148 0.611282 0.170957 0.049349
149 0.611282 0.167226 0.0534681
150 0.611282 0.159643 0.0519795
151 0.611282 0.174229 0.0531522
152 0.611282 0.188937 0.0576516
153 0.611282 0.180891 0.0548191
154 0.611282 0.158038 0.0475321
155 0.611282 0.174357 0.0520548
156 0.611282 0.185598 0.0544688
157 0.611282 0.21876 0.0565092
158 0.611282 0.221965 0.0567268
159 0.611282 0.221317 0.0552771
160 0.611282 0.21218 0.0514929
161 0.611282 0.203219 0.0527434
162 0.611282 0.182121 0.0530297
163 0.611282 0.151947 0.0487569
164 0.611282 0.183891 0.0532791
165 0.611282 0.191716 0.0554293
166 0.611282 0.205049 0.0566303
167 0.611282 0.189481 0.0560907
168 0.611282 0.19421 0.0561633
169 0.611282 0.191997 0.0535893
170 0.611282 0.198071 0.0566468
171 0.611282 0.186503 0.0569937
172 0.611282 0.164511 0.0532645
173 0.611282 0.166962 0.0528239
174 0.611282 0.188052 0.0546044
175 0.611282 0.169339 0.0543915
176 0.611282 0.193911 0.0567566
177 0.611282 0.184445 0.0565831
178 0.611282 0.20743 0.0600068
179 0.611282 0.192032 0.0559046
180 0.611282 0.191365 0.0547632
181 0.611282 0.180658 0.0507219
182 0.611282 0.197294 0.0574095
183 0.611282 0.207608 0.0540285
184 0.611282 0.193247 0.0537376
185 0.611282 0.201977 0.0554108
186 0.611282 0.205244 0.0563213
187 0.611282 0.170182 0.0473861
188 0.611282 0.166101 0.0513737
189 0.611282 0.206132 0.0531602
190 0.611282 0.200735 0.0551383
191 0.611282 0.180898 0.049502
192 0.611282 0.166149 0.0516698
193 0.611282 0.152115 0.049097
194 0.611282 0.145268 0.0490923
195 0.611282 0.16146 0.0514892
196 0.611282 0.182609 0.0585614
197 0.611282 0.174906 0.0514566
198 0.611282 0.199809 0.0561986
199 0.611282 0.201967 0.0557956
200 0.611282 0.220241 0.0599269
201 0.611282 0.170331 0.0519208
202 0.611282 0.201939 0.0483462
203 0.611282 0.162132 0.0487267
204 0.611282 0.152078 0.0450587
205 0.611282 0.180792 0.0522867
206 0.611282 0.185202 0.0542858
207 0.611282 0.14992 0.0483937
208 0.611282 0.1744 0.0496329
209 0.611282 0.163108 0.0464415
210 0.611282 0.148101 0.044423
211 0.611282 0.141729 0.0460764
212 0.611282 0.165619 0.05032
213 0.611282 0.149879 0.0513196
214 0.611282 0.187692 0.0543152
215 0.611282 0.20469 0.0570642
216 0.611282 0.201519 0.0575045
217 0.611282 0.184146 0.0568954
218 0.611282 0.182626 0.0535109
219 0.611282 0.184838 0.0556039
220 0.611282 0.17351 0.0561485
221 0.611282 0.202127 0.0606406
222 0.611282 0.175017 0.0557204
223 0.611282 0.211644 0.0633308
224 0.611282 0.202395 0.0590363
225 0.611282 0.184338 0.055725
226 0.611282 0.166192 0.0552985
227 0.611282 0.170746 0.0577331
228 0.611282 0.169462 0.0536566
229 0.611282 0.204901 0.0641424
230 0.611282 0.179046 0.0552372
231 0.611282 0.173242 0.0532353
232 0.611282 0.151582 0.0550513
233 0.611282 0.183253 0.059205
234 0.611282 0.162832 0.0570082
235 0.611282 0.1966 0.0574318
236 0.611282 0.201787 0.0575997
237 0.611282 0.216581 0.0573668
238 0.611282 0.21016 0.0597316
239 0.611282 0.184113 0.0579514
240 0.611282 0.197141 0.0581237
241 0.611282 0.23597 0.0627965
242 0.611282 0.205078 0.0586883
243 0.611282 0.187421 0.0540393
244 0.611282 0.190023 0.0570906
245 0.611282 0.206645 0.063607
246 0.611282 0.193155 0.056808
247 0.611282 0.142511 0.0488999
248 0.611282 0.15864 0.051087
249 0.611282 0.15654 0.0503349
250 0.611282 0.17813 0.054609
251 0.611282 0.190984 0.0540045
252 0.611282 0.210663 0.0588696
253 0.611282 0.187524 0.0620778
254 0.611282 0.199456 0.0539009
255 0.611282 0.156558 0.0487799
256 0.611282 0.18552 0.0547887
257 0.611282 0.182714 0.0512246
258 0.611282 0.172856 0.0518324
259 0.611282 0.171875 0.0544938
260 0.611282 0.188768 0.0557888
261 0.611282 0.209071 0.0549801
262 0.611282 0.217179 0.0640722
263 0.611282 0.177744 0.0579401
264 0.611282 0.16423 0.0518754
265 0.611282 0.164267 0.0521365
266 0.611282 0.190534 0.0569178
267 0.611282 0.167937 0.0541037
268 0.611282 0.155147 0.0514684
269 0.611282 0.17021 0.0527286
270 0.611282 0.172738 0.0520677
271 0.611282 0.174198 0.0539277
272 0.611282 0.148148 0.0481654
273 0.611282 0.182368 0.0563703
274 0.611282 0.147458 0.0504367
275 0.611282 0.139878 0.0454646
276 0.611282 0.154177 0.0495322
277 0.611282 0.173764 0.0561425
278 0.611282 0.185692 0.0577362
279 0.611282 0.164936 0.0509367
280 0.611282 0.197806 0.0532675
281 0.611282 0.153707 0.0505152
282 0.611282 0.149297 0.0504408
283 0.611282 0.162611 0.0515871
284 0.611282 0.153407 0.0485403
285 0.611282 0.169467 0.0532336
286 0.611282 0.17254 0.0504497
287 0.611282 0.166788 0.0531666
288 0.611282 0.171589 0.0555311
289 0.611282 0.171709 0.0547875
290 0.611282 0.15677 0.0518919
291 0.611282 0.188937 0.0577188
292 0.611282 0.185436 0.0590175
293 0.611282 0.145301 0.0507253
294 0.611282 0.193683 0.0595941
295 0.611282 0.160878 0.0525345
296 0.611282 0.184034 0.0572292
297 0.611282 0.158131 0.0518025
298 0.611282 0.172939 0.0535043
299 0.611282 0.19788 0.0577639
300 0.611282 0.16739 0.0514435
301 0.611282 0.185358 0.0554061
302 0.611282 0.187357 0.0514987
303 0.611282 0.168339 0.0519944
304 0.611282 0.152913 0.0492184
305 0.611282 0.158005 0.0500422
306 0.611282 0.156279 0.0506659
307 0.611282 0.167644 0.0533387
308 0.611282 0.189188 0.0555676
309 0.611282 0.15959 0.0528402
310 0.611282 0.187024 0.0488799
311 0.611282 0.201002 0.0506965
312 0.611282 0.196898 0.0551252
313 0.611282 0.18198 0.0525025
314 0.611282 0.205134 0.0605945
315 0.611282 0.203682 0.0592163
316 0.611282 0.175671 0.04931
317 0.611282 0.16251 0.0507141
318 0.611282 0.1838 0.0506115
319 0.611282 0.19682 0.0528742
320 0.611282 0.183582 0.0534152
321 0.611282 0.156381 0.0494606
322 0.611282 0.155768 0.0537009
323 0.611282 0.163494 0.0523664
324 0.611282 0.167921 0.050541
325 0.611282 0.15605 0.0499254
326 0.611336 0.179121 0.0532108
327 0.611336 0.143402 0.050736
328 0.611336 0.137855 0.0486275
329 0.611336 0.116955 0.0470498
330 0.611336 0.142491 0.0547126
331 0.611336 0.166506 0.0545514
332 0.611336 0.176579 0.0579487
333 0.611336 0.187361 0.0563028
334 0.611336 0.197084 0.0572813
335 0.611336 0.204543 0.058976
336 0.611336 0.219094 0.0543348
337 0.611336 0.203901 0.0601006
338 0.611336 0.206996 0.0533859
339 0.611336 0.202822 0.0550646
340 0.611336 0.184876 0.0540538
341 0.611336 0.153642 0.0519
342 0.611336 0.213722 0.0612299
343 0.611336 0.200009 0.0594587
344 0.611336 0.176969 0.0541023
345 0.611336 0.163538 0.0497323
346 0.611336 0.148873 0.0480426
347 0.611336 0.141309 0.0471682
348 0.611336 0.142179 0.0472925
349 0.611336 0.161688 0.0504801
350 0.611336 0.155092 0.0487113
351 0.611336 0.153185 0.0489176
352 0.611336 0.176843 0.0535805
353 0.611336 0.158913 0.0537035
354 0.611336 0.153678 0.0473353
355 0.611336 0.178517 0.0540024
356 0.611336 0.181757 0.0576125
357 0.611336 0.191104 0.0614398
358 0.611336 0.198877 0.057152
359 0.611336 0.165948 0.055068
360 0.611336 0.175838 0.052969
361 0.611336 0.182389 0.0523136
362 0.611336 0.179678 0.0538129
363 0.611336 0.200945 0.0544022
364 0.611336 0.191524 0.0547772
365 0.611336 0.1802 0.0531523
366 0.611336 0.165555 0.0556882
367 0.611336 0.189449 0.0620667
368 0.611336 0.18836 0.057115
369 0.611336 0.216399 0.0631168
370 0.611336 0.204586 0.0571804
371 0.611336 0.204768 0.0600684
372 0.611336 0.209586 0.059372
373 0.612311 0.16163 0.0486387
374 0.612311 0.155826 0.0512861
375 0.612311 0.156646 0.0492332
376 0.612311 0.146496 0.0478226
377 0.612311 0.181952 0.0532177
378 0.612311 0.154338 0.0467957
379 0.612311 0.166892 0.0500013
380 0.612311 0.194475 0.0562618
381 0.612311 0.17049 0.0465733
382 0.612311 0.169672 0.0490289
383 0.612311 0.175611 0.0542231
384 0.612311 0.15736 0.0515129
385 0.612311 0.194076 0.0587606
386 0.612311 0.175997 0.0557913
387 0.612311 0.197079 0.0579912
388 0.612311 0.176579 0.0541945
389 0.612311 0.174557 0.0561355
390 0.612311 0.19016 0.0544173
391 0.612311 0.186609 0.0549677
392 0.612311 0.191205 0.0510205
393 0.612311 0.167196 0.0528825
394 0.61331 0.17528 0.0570993
395 0.61331 0.161177 0.0505575
396 0.61331 0.17609 0.0520897
397 0.61331 0.192687 0.0529476
398 0.61331 0.170825 0.0527911
399 0.61331 0.188982 0.059996
400 0.61331 0.173889 0.057151
401 0.61331 0.172028 0.0605831
402 0.61331 0.153964 0.054543
403 0.61331 0.16218 0.0522142
404 0.61331 0.148402 0.0458938
405 0.61331 0.164032 0.0516157
406 0.61331 0.177689 0.0545977
407 0.61331 0.188416 0.0534407
408 0.61331 0.194585 0.0523625
409 0.61331 0.200021 0.0578591
410 0.61331 0.185856 0.0519597
411 0.61331 0.193628 0.0537469
412 0.61331 0.192802 0.0518653
413 0.61331 0.189546 0.0554941
414 0.61331 0.209338 0.057356
415 0.61331 0.2055 0.0541319
416 0.61331 0.209562 0.0597187
417 0.61331 0.193299 0.0548403
418 0.61331 0.191453 0.0576363
419 0.61331 0.182363 0.0522161
420 0.61331 0.184169 0.0503171
421 0.61331 0.190592 0.054885
422 0.61331 0.184307 0.0540013
423 0.61331 0.164637 0.0512712
424 0.61331 0.16187 0.0512535
425 0.61331 0.185689 0.0540857
426 0.61331 0.197124 0.0595454
427 0.61331 0.167354 0.0569525
428 0.61331 0.16374 0.0561329
429 0.61331 0.150765 0.0509938
430 0.61331 0.182282 0.0555345
431 0.61331 0.187901 0.0538624
432 0.61331 0.166352 0.0547942
433 0.61331 0.153113 0.0512779
434 0.61331 0.15823 0.0539184
435 0.61331 0.171216 0.0485192
436 0.61331 0.194737 0.0577753
437 0.61331 0.191614 0.0515196
438 0.61331 0.203952 0.0567021
439 0.61331 0.198227 0.0574509
440 0.61331 0.207405 0.0577319
441 0.61331 0.188938 0.0585934
442 0.61331 0.187588 0.0555049
443 0.61331 0.216418 0.0581012
444 0.61331 0.197713 0.0563681
445 0.61331 0.181343 0.0518943
446 0.61331 0.16625 0.0535071
447 0.61331 0.176777 0.0500869
448 0.61331 0.171027 0.049944
449 0.61331 0.155903 0.054287
450 0.61331 0.177909 0.0590141
451 0.61331 0.181343 0.0543491
452 0.61331 0.199309 0.057919
453 0.61331 0.184391 0.0523245
454 0.61331 0.195433 0.053513
455 0.61331 0.19633 0.0558418
456 0.61331 0.229677 0.0559744
457 0.61331 0.219548 0.051888
458 0.61331 0.216082 0.055558
459 0.61331 0.241171 0.0545798
460 0.61331 0.238833 0.0581605
461 0.61331 0.204143 0.0519726
462 0.61331 0.158719 0.0488801
463 0.61331 0.169194 0.048169
464 0.61331 0.157084 0.0494258
465 0.61331 0.151642 0.0509207
466 0.61331 0.171455 0.0506827
467 0.61331 0.191075 0.0565603
468 0.61331 0.174767 0.0506162
469 0.61331 0.164666 0.0551172
470 0.61331 0.186908 0.0541137
471 0.61331 0.186827 0.0587507
472 0.61331 0.177453 0.0531272
473 0.61331 0.179026 0.0574157
474 0.61331 0.169189 0.0521679
475 0.61331 0.165171 0.0531917
476 0.61331 0.172384 0.052011
477 0.61331 0.17108 0.0499238
478 0.61331 0.174278 0.0526729
479 0.61331 0.158968 0.0509229
480 0.61331 0.167022 0.0523915
481 0.61331 0.199109 0.0588351
482 0.61331 0.185907 0.0572542
483 0.61331 0.151557 0.0515887
484 0.61331 0.143987 0.048752
485 0.61331 0.16134 0.0495641
486 0.61331 0.189951 0.060411
487 0.61331 0.197863 0.0616558
488 0.61331 0.170157 0.0543697
489 0.61331 0.183992 0.0560655
490 0.61331 0.191422 0.0560244
491 0.61331 0.164251 0.0480262
492 0.61331 0.159444 0.0494103
493 0.61331 0.182439 0.0549364
494 0.61331 0.172857 0.0508965
495 0.61331 0.173005 0.0513515
496 0.61331 0.161409 0.0545934
497 0.61331 0.149969 0.0547976
498 0.61331 0.155659 0.051208
499 0.61331 0.158426 0.0549494
500 0.61331 0.134682 0.0518088
501 0.61331 0.165645 0.0551424
502 0.61331 0.184318 0.0565257
503 0.61331 0.159922 0.0494977
504 0.61331 0.169977 0.0548023
505 0.61331 0.158351 0.0503305
506 0.61331 0.171143 0.0543185
507 0.61331 0.180415 0.0582215
508 0.61331 0.165831 0.0550483
509 0.61331 0.190269 0.0557375
510 0.61331 0.18697 0.0554688
511 0.61331 0.187472 0.0528914
512 0.61331 0.170362 0.0522007
513 0.61331 0.17574 0.0494327
514 0.61331 0.198718 0.0565528
515 0.61331 0.185718 0.0525908
516 0.61331 0.156468 0.0538537
517 0.61331 0.150594 0.0510589
518 0.61331 0.137206 0.0444685
519 0.61331 0.171282 0.051923
520 0.61331 0.199247 0.0561708
521 0.61331 0.193634 0.0598334
522 0.61331 0.19418 0.0543032
523 0.61331 0.174221 0.0524463
524 0.61331 0.199 0.0526101
525 0.61331 0.190284 0.0521876
526 0.61331 0.200559 0.0543127
527 0.61331 0.173873 0.051342
528 0.61331 0.179407 0.0555044
529 0.61331 0.169439 0.0504353
530 0.61331 0.165081 0.0542781
531 0.61331 0.175988 0.0550941
532 0.61331 0.189681 0.054266
533 0.61331 0.203983 0.0612229
534 0.61331 0.196296 0.0588408
535 0.61331 0.162084 0.0554121
536 0.61331 0.145419 0.0490009
537 0.61331 0.170829 0.0535528
538 0.61331 0.170589 0.0519662
539 0.61331 0.162546 0.0550996
540 0.61331 0.150857 0.0531478
541 0.61331 0.163854 0.0534004
542 0.61331 0.175949 0.0534296
543 0.61331 0.184509 0.0562269
544 0.61331 0.207893 0.0580409
545 0.61331 0.167663 0.0543052
546 0.61331 0.174759 0.0573535
547 0.61331 0.172555 0.057825
548 0.61331 0.145272 0.0498979
549 0.61331 0.155446 0.0520988
550 0.61331 0.162393 0.0542047
551 0.61331 0.166455 0.0586052
552 0.61331 0.157573 0.0529182
553 0.61331 0.172788 0.0568536
554 0.61331 0.183639 0.0556448
555 0.61331 0.190905 0.0577685
556 0.61331 0.18239 0.0521611
557 0.61331 0.195831 0.0570064
558 0.61331 0.191936 0.0594337
559 0.61331 0.165766 0.0508141
560 0.61331 0.17104 0.0539288
561 0.61331 0.174024 0.0598044
562 0.61331 0.185572 0.0603608
563 0.61331 0.172584 0.0570025
564 0.61331 0.15681 0.0549209
565 0.61331 0.172997 0.0533916
566 0.61331 0.161861 0.0544168
567 0.61331 0.158571 0.0514023
568 0.61331 0.181063 0.0553645
569 0.61331 0.165143 0.0495117
570 0.61331 0.185997 0.0555545
571 0.61331 0.183393 0.0550497
572 0.61331 0.158229 0.0502033
573 0.61331 0.168079 0.0515399
574 0.61331 0.190594 0.0531431
575 0.61331 0.17687 0.0530915
576 0.61331 0.179181 0.0527131
577 0.61331 0.180976 0.058861
578 0.61331 0.181745 0.0590913
579 0.61331 0.150507 0.0513414
580 0.61331 0.167573 0.0540862
581 0.61331 0.178184 0.0530819
582 0.61331 0.172752 0.0552781
583 0.61331 0.203278 0.0545789
584 0.61331 0.179004 0.0530212
585 0.61331 0.162175 0.0480019
586 0.61331 0.160865 0.0511655
587 0.61331 0.156473 0.0508401
588 0.61331 0.166576 0.0533311
589 0.61331 0.158856 0.0569823
590 0.61331 0.158285 0.0501232
591 0.61331 0.143416 0.0505491
592 0.61331 0.152192 0.0493945
593 0.61331 0.183597 0.050311
594 0.61331 0.160179 0.0490338
595 0.61331 0.149174 0.0482692
596 0.61331 0.173542 0.0530097
597 0.61331 0.181601 0.0530683
598 0.61331 0.164728 0.0484576
599 0.61331 0.175741 0.0490002
600 0.61331 0.17516 0.0486187
601 0.61331 0.15979 0.0513778
602 0.61331 0.167627 0.0517208
603 0.61331 0.182681 0.0585229
604 0.61331 0.192811 0.0630132
605 0.61331 0.184089 0.0607647
606 0.61331 0.165086 0.0535743
607 0.61331 0.169198 0.0533131
608 0.61331 0.187192 0.0556126
609 0.61331 0.17561 0.0550137
610 0.61331 0.197496 0.0561478
611 0.61331 0.165849 0.0520189
612 0.61331 0.149652 0.0521329
613 0.61331 0.111298 0.0429743
614 0.61331 0.153136 0.0525346
615 0.61331 0.157018 0.0479078
616 0.61331 0.168277 0.0478625
617 0.61331 0.159752 0.0500064
618 0.61331 0.180395 0.0560255
619 0.61331 0.18453 0.0511282
620 0.61331 0.164611 0.0513125
621 0.61331 0.143207 0.0436329
622 0.61331 0.145122 0.0479926
623 0.61331 0.148952 0.0486513
624 0.61331 0.144583 0.0505484
625 0.61331 0.150179 0.0558189
626 0.61331 0.157603 0.0571125
627 0.61331 0.156062 0.0538299
628 0.61331 0.182173 0.0585586
629 0.61331 0.172595 0.0572018
630 0.61331 0.185419 0.0547007
631 0.61331 0.17712 0.0556722
632 0.61331 0.144016 0.049014
633 0.61331 0.144567 0.0496061
634 0.61331 0.164512 0.0560953
635 0.61331 0.184123 0.0571759
636 0.61331 0.198889 0.0550861
637 0.61331 0.169122 0.0505799
638 0.61331 0.174108 0.0509161
639 0.61331 0.155958 0.0504085
640 0.61331 0.147547 0.0461759
641 0.61331 0.165533 0.0492762
642 0.61331 0.168309 0.0515642
643 0.61331 0.198222 0.0535129
644 0.61331 0.193479 0.0548075
645 0.61331 0.167241 0.0528306
646 0.61331 0.202341 0.0562201
647 0.61331 0.189615 0.056698
648 0.61331 0.162118 0.0542385
649 0.61331 0.170218 0.0529267
650 0.61331 0.170834 0.0538981
651 0.61331 0.174672 0.0515406
652 0.61331 0.149666 0.0476628
653 0.61331 0.179531 0.0587778
654 0.61331 0.192242 0.0581084
655 0.61331 0.176631 0.0543306
656 0.61331 0.177353 0.0568173
657 0.61331 0.156707 0.0536605
658 0.61331 0.154762 0.0524592
659 0.61331 0.137158 0.05046
660 0.61331 0.131735 0.0515144
661 0.61331 0.166299 0.0545544
662 0.61331 0.1882 0.0554225
663 0.61331 0.217652 0.0618323
664 0.61331 0.188724 0.0570203
665 0.61331 0.178167 0.0542257
666 0.61331 0.201219 0.0541349
667 0.61331 0.196829 0.0589988
668 0.61331 0.163113 0.0538607
669 0.61331 0.168307 0.0517254
670 0.61331 0.169916 0.0536245
671 0.61331 0.180405 0.0535642
672 0.61331 0.201501 0.055748
673 0.61331 0.187518 0.0583961
674 0.61331 0.160426 0.054079
675 0.61331 0.197011 0.0556467
676 0.61331 0.174425 0.0523486
677 0.61331 0.199109 0.0537992
678 0.61331 0.188806 0.0569186
679 0.61331 0.186836 0.0549338
680 0.61331 0.173218 0.057944
681 0.61331 0.182383 0.0566779
682 0.61331 0.188409 0.0610711
683 0.61331 0.146727 0.0520791
684 0.61331 0.184504 0.0547985
685 0.61331 0.182917 0.0551529
686 0.61331 0.199982 0.0566124
687 0.61331 0.165125 0.0529779
688 0.61331 0.161616 0.0507931
689 0.61331 0.160719 0.0520373
690 0.61331 0.154905 0.0515107
691 0.61331 0.156437 0.0493451
692 0.61331 0.157315 0.0492255
693 0.61331 0.16158 0.0518276
694 0.61331 0.208978 0.0594657
695 0.61331 0.163287 0.050409
696 0.61331 0.177081 0.0544782
697 0.61331 0.160164 0.0513861
698 0.61331 0.148769 0.0510138
699 0.61331 0.138054 0.0459128
700 0.61331 0.15744 0.049447
701 0.61331 0.151023 0.051656
702 0.61331 0.134668 0.0488539
703 0.61331 0.135441 0.0455355
704 0.61331 0.144015 0.0503136
705 0.61331 0.152114 0.0469843
706 0.61331 0.153217 0.0493878
707 0.61331 0.171341 0.0518662
708 0.61331 0.163018 0.0494476
709 0.61331 0.142485 0.0493113
710 0.61331 0.1611 0.0517925
711 0.61331 0.169302 0.056612
712 0.61331 0.140016 0.0482021
713 0.61331 0.14008 0.0489057
714 0.61331 0.168099 0.0539563
715 0.61331 0.178303 0.0559245
716 0.61331 0.180027 0.0528235
717 0.61331 0.167089 0.0534147
718 0.61331 0.205164 0.0600041
719 0.61331 0.162917 0.050255
720 0.61331 0.159444 0.0461834
721 0.61331 0.163569 0.0502303
722 0.61331 0.173714 0.0494083
723 0.61331 0.163048 0.0470091
724 0.61331 0.175693 0.0530992
725 0.61331 0.171933 0.0553741
726 0.61331 0.202346 0.0561904
727 0.61331 0.175581 0.0519232
728 0.61331 0.149356 0.0471038
729 0.61331 0.196105 0.0525468
730 0.61331 0.186392 0.0525575
731 0.61331 0.16419 0.0503068
732 0.61331 0.158679 0.0493632
733 0.61331 0.147044 0.0515383
734 0.61331 0.142614 0.0470247
735 0.61331 0.131858 0.0477922
736 0.61331 0.152961 0.0544963
737 0.61331 0.156004 0.0549363
738 0.61331 0.181128 0.0561251
739 0.61331 0.200328 0.0572401
740 0.61331 0.209902 0.0605173
741 0.61331 0.191018 0.0551453
742 0.61331 0.179838 0.0572983
743 0.61331 0.163747 0.0538352
744 0.61331 0.168077 0.0544035
745 0.61331 0.172374 0.0530719
746 0.61331 0.188395 0.0576839
747 0.61331 0.179668 0.0530137
748 0.61331 0.195911 0.0530611
749 0.61331 0.187649 0.052786
750 0.61331 0.178157 0.0497424
751 0.61331 0.189896 0.0525987
752 0.61331 0.205204 0.0554032
753 0.61331 0.170808 0.0511406
754 0.61331 0.2091 0.0541139
755 0.61331 0.185123 0.0571286
756 0.61331 0.193723 0.0562643
757 0.61331 0.198107 0.0557166
758 0.61331 0.21488 0.0562108
759 0.61331 0.20525 0.0556429
760 0.61331 0.182082 0.0553078
761 0.61331 0.196567 0.0572458
762 0.61331 0.190746 0.0555129
763 0.61331 0.177234 0.0506337
764 0.61331 0.20396 0.0572308
765 0.61331 0.159478 0.0538354
766 0.61331 0.175826 0.0527866
767 0.61331 0.153901 0.0495867
768 0.61331 0.172221 0.052246
769 0.61331 0.168029 0.0498243
770 0.61331 0.162246 0.05436
771 0.61331 0.182213 0.0548188
772 0.61331 0.177686 0.0543129
773 0.61331 0.192156 0.0573479
774 0.61331 0.207388 0.059138
775 0.61331 0.219421 0.0583028
776 0.61331 0.199082 0.0611608
777 0.61331 0.17826 0.0579619
778 0.61331 0.196709 0.0551521
779 0.61331 0.20371 0.0628692
780 0.61331 0.208955 0.0582863
781 0.61331 0.214529 0.0573313
782 0.61331 0.197139 0.0572358
783 0.61331 0.180955 0.0562056
784 0.61331 0.169546 0.052786
785 0.61331 0.169613 0.0550611
786 0.61331 0.162017 0.0517822
787 0.61331 0.162346 0.0517604
788 0.61331 0.152514 0.0483555
789 0.61331 0.178364 0.0534801
790 0.61331 0.1534 0.0485316
791 0.61331 0.171525 0.0488772
792 0.61331 0.174064 0.050762
793 0.61331 0.165935 0.0540889
794 0.61331 0.153085 0.0529144
795 0.61331 0.145819 0.0510112
796 0.61331 0.181203 0.0548898
797 0.61331 0.135946 0.0453496
798 0.61331 0.166476 0.0471749
799 0.61331 0.194874 0.0522271
800 0.61331 0.157711 0.0448392
801 0.61331 0.155976 0.0501587
802 0.61331 0.127278 0.0453721
803 0.61331 0.165418 0.0504569
804 0.61331 0.188942 0.0516321
805 0.61331 0.1752 0.0537297
806 0.61331 0.196765 0.0519286
807 0.61331 0.203073 0.0549075
808 0.61331 0.1829 0.0537431
809 0.61331 0.205395 0.0562749
810 0.61331 0.17507 0.0535324
811 0.61331 0.198847 0.0521901
812 0.61331 0.198888 0.0551567
813 0.61331 0.182187 0.0558394
814 0.61331 0.191922 0.0585559
815 0.61331 0.184383 0.0565384
816 0.61331 0.204269 0.0553345
817 0.61331 0.194135 0.0530703
818 0.61331 0.193537 0.0527674
819 0.61331 0.18536 0.0502466
820 0.61331 0.175676 0.0548146
821 0.61331 0.146492 0.050462
822 0.61331 0.149744 0.0544278
823 0.61331 0.169214 0.0541108
824 0.61331 0.179133 0.051076
825 0.61331 0.195127 0.0560926
826 0.61331 0.191762 0.056491
827 0.61331 0.169841 0.0545839
828 0.61331 0.179456 0.0549119
829 0.61331 0.179051 0.0585861
830 0.61331 0.158913 0.052037
831 0.61331 0.169755 0.0563304
832 0.61331 0.160735 0.0502218
833 0.61331 0.169228 0.0569338
834 0.61331 0.147903 0.0527873
835 0.61331 0.140467 0.0499407
836 0.61331 0.153355 0.0551533
837 0.61331 0.146953 0.0533444
838 0.61331 0.15632 0.0542304
839 0.61331 0.186084 0.0553552
840 0.61331 0.177322 0.0553202
841 0.61331 0.171089 0.0537811
842 0.61331 0.179758 0.0508669
843 0.61331 0.173086 0.0509385
844 0.61331 0.197011 0.055734
845 0.61331 0.169053 0.0477589
846 0.61331 0.192657 0.0524504
847 0.61331 0.184892 0.0555713
848 0.61331 0.184802 0.0563045
849 0.61331 0.176704 0.0541341
850 0.61331 0.167262 0.050929
851 0.61331 0.172165 0.055159
852 0.61331 0.181791 0.0540269
853 0.61331 0.18382 0.051693
854 0.61331 0.193646 0.0554846
855 0.61331 0.189594 0.0509311
856 0.61331 0.195236 0.0543544
857 0.61331 0.184458 0.0541023
858 0.61331 0.174519 0.0525617
859 0.61331 0.171981 0.0541932
860 0.61331 0.169791 0.0502112
861 0.61331 0.194671 0.056667
862 0.61331 0.171453 0.0530326
863 0.61331 0.18818 0.0568148
864 0.61331 0.171105 0.0569637
865 0.61331 0.163948 0.0473453
866 0.61331 0.189412 0.0557737
867 0.61331 0.196652 0.0612765
868 0.61331 0.175634 0.055014
869 0.61331 0.167575 0.0525512
870 0.61331 0.182673 0.0519582
871 0.61331 0.183086 0.0493399
872 0.61331 0.175582 0.0486209
873 0.61331 0.195837 0.0524064
874 0.61331 0.188222 0.0540879
875 0.61331 0.189581 0.0545049
876 0.61331 0.200724 0.0520478
877 0.61331 0.19947 0.0539434
878 0.61331 0.18522 0.0585966
879 0.61331 0.189503 0.0535258
880 0.61331 0.19041 0.0562768
881 0.61331 0.205143 0.0572261
882 0.61331 0.229155 0.0598979
883 0.61331 0.182039 0.058869
884 0.61331 0.175725 0.0574788
885 0.61331 0.176148 0.0513427
886 0.61331 0.179784 0.0563494
887 0.61331 0.201983 0.0587155
888 0.61331 0.18667 0.0564481
889 0.61331 0.21632 0.0619205
890 0.61331 0.186588 0.0543424
891 0.61331 0.210943 0.0587217
892 0.61331 0.192118 0.0550917
893 0.61331 0.164401 0.0534313
894 0.61331 0.188122 0.0558822
895 0.61331 0.170602 0.0518947
896 0.61331 0.153088 0.0498355
897 0.61331 0.159175 0.0525111
898 0.61331 0.193323 0.0595309
899 0.61331 0.145768 0.0537498
900 0.61331 0.164235 0.0523689
901 0.61331 0.212693 0.0583781
902 0.61331 0.177667 0.056681
903 0.61331 0.167122 0.0510684
904 0.61331 0.167512 0.0545662
905 0.61331 0.203338 0.0583533
906 0.61331 0.190071 0.0565416
907 0.61331 0.215473 0.0607863
908 0.61331 0.188708 0.0541422
909 0.61331 0.192545 0.053983
910 0.61331 0.178032 0.0498504
911 0.61331 0.190993 0.0550816
912 0.61331 0.19629 0.0562685
913 0.61331 0.186905 0.0541542
914 0.61331 0.199588 0.0585404
915 0.61331 0.191948 0.0553943
916 0.61331 0.177003 0.0497094
917 0.61331 0.185166 0.0497651
918 0.61331 0.19474 0.0575991
919 0.61331 0.191049 0.0527007
920 0.61331 0.203993 0.0552385
921 0.61331 0.180829 0.0500606
922 0.61331 0.191316 0.0523835
923 0.61331 0.194313 0.0574117
924 0.61331 0.17623 0.0525082
925 0.61331 0.176359 0.0475337
926 0.61331 0.176956 0.0515114
927 0.61331 0.178483 0.0517377
928 0.61331 0.186077 0.0527288
929 0.61331 0.187494 0.0550594
930 0.61331 0.213959 0.0589242
931 0.61331 0.194772 0.0534626
932 0.61331 0.183441 0.0555452
933 0.61331 0.180813 0.0539308
934 0.61331 0.180699 0.0497826
935 0.61331 0.185499 0.0487543
936 0.61331 0.211923 0.053802
937 0.61331 0.211656 0.0550798
938 0.61331 0.203235 0.0605051
939 0.61331 0.202142 0.0588938
940 0.61331 0.2056 0.0562623
941 0.61331 0.214629 0.0587433
942 0.61331 0.191989 0.0502523
943 0.61331 0.186826 0.0518342
944 0.61331 0.175575 0.0523462
945 0.61331 0.168935 0.0552911
946 0.61331 0.172213 0.0525951
947 0.61331 0.172947 0.051841
948 0.61331 0.159818 0.0575407
949 0.61331 0.155675 0.0524885
950 0.61331 0.162719 0.0495446
951 0.61331 0.207087 0.0546327
952 0.61331 0.18848 0.0507293
953 0.61331 0.164793 0.0515811
954 0.616417 0.190939 0.0550726
955 0.616417 0.194988 0.0574805
956 0.616417 0.204144 0.0535802
957 0.616417 0.214281 0.0554407
958 0.616417 0.182264 0.0500307
959 0.616417 0.186846 0.0523084
960 0.616417 0.21229 0.0552481
961 0.616417 0.238697 0.054648
962 0.616417 0.224813 0.0576456
963 0.616417 0.226211 0.0552148
964 0.616417 0.224934 0.0559306
965 0.616417 0.185815 0.0562177
966 0.616417 0.187866 0.0561326
967 0.616417 0.179075 0.0553685
968 0.616417 0.202803 0.050957
969 0.616417 0.18506 0.0543019
970 0.616417 0.213245 0.0578457
971 0.616417 0.206015 0.0572079
972 0.616417 0.215898 0.0589496
973 0.616417 0.213438 0.0536867
974 0.616417 0.218894 0.058117
975 0.616417 0.242554 0.0569487
976 0.616417 0.211203 0.0518029
977 0.616417 0.199508 0.0531233
978 0.616417 0.223762 0.0559986
979 0.616417 0.208704 0.0542327
980 0.616417 0.205218 0.0561619
981 0.616417 0.193217 0.0575146
982 0.616417 0.189077 0.0611176
983 0.616417 0.201765 0.0582729
984 0.616417 0.195854 0.0577177
985 0.616417 0.203124 0.0603989
986 0.616417 0.189449 0.0519569
987 0.616417 0.189691 0.0546287
988 0.616417 0.152791 0.0491767
989 0.616417 0.19294 0.0577579
990 0.616417 0.178885 0.0535729
991 0.616417 0.195813 0.0569028
992 0.616417 0.192842 0.0574194
993 0.616417 0.203609 0.0544119
994 0.616417 0.213124 0.0588768
995 0.616417 0.184149 0.0554539
996 0.616483 0.191099 0.0573751
997 0.616483 0.184283 0.0524507
998 0.616483 0.205182 0.0530475
999 0.616483 0.213504 0.0544884
1000 0.616483 0.191406 0.0536524
