0 0.125271 0.0577184 0.00391011
1 0.125271 0.0714518 0.00386144
2 0.125271 0.0764818 0.00374388
3 0.125271 0.08222 0.00350633
4 0.125271 0.0819644 0.00350993
5 0.125274 0.0877945 0.00329212
6 0.125558 0.0988987 0.00261917
7 0.125558 0.0939056 0.00296047
8 0.125558 0.093195 0.0029532
9 0.125558 0.0992006 0.00254103
10 0.125558 0.102701 0.0023203
11 0.125558 0.103919 0.00222179
12 0.125558 0.103906 0.00222738
13 0.125558 0.106437 0.0020083
14 0.125558 0.106411 0.0020141
15 0.125558 0.106743 0.00194997
16 0.125558 0.108977 0.00171333
17 0.125558 0.107661 0.0019
18 0.125558 0.112674 0.00141466
19 0.125627 0.107885 0.00185455
20 0.125627 0.111465 0.00152341
21 0.125627 0.108985 0.00177095
22 0.125757 0.100241 0.00251139
23 0.125757 0.102735 0.00231922
24 0.125757 0.103774 0.00216951
25 0.125757 0.113822 0.00122232
26 0.125757 0.10774 0.00188793
27 0.125757 0.09896 0.0026027
28 0.126307 0.0977628 0.00269597
29 0.126307 0.0952566 0.00286817
30 0.126307 0.0993895 0.0025157
31 0.126307 0.0940063 0.00295089
32 0.126307 0.0952098 0.00287962
33 0.126307 0.106447 0.00201159
34 0.126307 0.097774 0.00269018
35 0.126307 0.0966974 0.00268766
36 0.126307 0.0936112 0.002928
37 0.126307 0.0928579 0.00300884
38 0.126307 0.0913745 0.00310701
39 0.126307 0.106561 0.0019905
40 0.126307 0.110207 0.00166926
41 0.126307 0.101487 0.00243119
42 0.126307 0.100777 0.00244618
43 0.126307 0.0990297 0.00260921
44 0.126307 0.0976292 0.00269833
45 0.126307 0.102744 0.00233038
46 0.126307 0.10399 0.0022249
47 0.126335 0.109735 0.00166679
48 0.126335 0.104015 0.00222546
49 0.126335 0.101502 0.00242611
50 0.126335 0.100212 0.00252627
51 0.126335 0.0989999 0.00261917
52 0.126335 0.104059 0.00223226
53 0.126335 0.102965 0.00229264
54 0.126585 0.0978576 0.00270637
55 0.126585 0.0965817 0.00277696
56 0.126585 0.0966752 0.00276879
57 0.126585 0.096831 0.00275525
58 0.126585 0.0992351 0.00258548
59 0.126849 0.100441 0.00249538
60 0.126849 0.10407 0.00221366
61 0.126849 0.105412 0.00211677
62 0.126849 0.110294 0.00166394
63 0.126849 0.114024 0.00128311
64 0.126849 0.105749 0.00202716
65 0.126849 0.10942 0.00170705
66 0.126873 0.103025 0.00229884
67 0.126873 0.104649 0.00212764
68 0.126873 0.0968053 0.00274197
69 0.126873 0.10287 0.00231739
70 0.127208 0.106672 0.00195443
71 0.127208 0.0933988 0.00294068
72 0.127208 0.0967815 0.00276011
73 0.127208 0.10246 0.00231436
74 0.127208 0.0961484 0.00275878
75 0.127208 0.0867352 0.00334511
76 0.127413 0.0942428 0.00293954
77 0.127413 0.0941769 0.00295472
78 0.127417 0.0917124 0.00308594
79 0.127417 0.0965606 0.00274442
80 0.1275 0.104541 0.00214147
81 0.1275 0.098305 0.0026285
82 0.12785 0.0932511 0.00295698
83 0.12785 0.0874141 0.00326436
84 0.127928 0.090166 0.00316556
85 0.128406 0.0911901 0.00307565
86 0.128406 0.0832561 0.00352588
87 0.128406 0.0831592 0.00352185
88 0.128498 0.0905922 0.0031743
89 0.129796 0.101828 0.00243202
90 0.129796 0.0956313 0.00283128
91 0.129796 0.0924566 0.00302096
92 0.129796 0.0972515 0.0027075
93 0.129796 0.096093 0.00274785
94 0.130013 0.0954286 0.00280878
95 0.130013 0.0989397 0.00260237
96 0.130013 0.0978149 0.00266681
97 0.130013 0.0973413 0.00271266
98 0.130013 0.0996 0.00257364
99 0.131126 0.104053 0.00219923
100 0.131168 0.101507 0.0024225
101 0.131409 0.1021 0.00232767
102 0.131409 0.101854 0.00239359
103 0.131857 0.101393 0.00244345
104 0.131857 0.102454 0.00241281
105 0.131857 0.0986829 0.00265438
106 0.131857 0.0994319 0.00257079
107 0.133058 0.10041 0.00257439
108 0.133058 0.10034 0.00250456
109 0.133511 0.0954262 0.00286788
110 0.133511 0.0960308 0.00278906
111 0.133511 0.0925002 0.00300419
112 0.133511 0.0837247 0.00342244
113 0.133511 0.0844159 0.0034024
114 0.133511 0.0874438 0.00331612
115 0.133511 0.0779682 0.00366993
116 0.133511 0.0795161 0.00366732
117 0.133511 0.0861526 0.00335316
118 0.133511 0.080807 0.00350181
119 0.133511 0.081343 0.00352595
120 0.133511 0.0763098 0.00368131
121 0.133511 0.0859582 0.00334979
122 0.133511 0.0905156 0.00316135
123 0.133757 0.0869088 0.00332785
124 0.133757 0.0892603 0.00319548
125 0.133757 0.092195 0.00298563
126 0.133757 0.0935582 0.00294944
127 0.133757 0.0868071 0.00325779
128 0.133757 0.091841 0.00303725
129 0.133757 0.0991587 0.00264621
130 0.133757 0.0937026 0.00291562
131 0.133757 0.0884189 0.00330313
132 0.133757 0.0890233 0.00321984
133 0.133757 0.0893775 0.00323694
134 0.133757 0.0962041 0.00279346
135 0.133775 0.0952333 0.00293075
136 0.133775 0.0920896 0.00297088
137 0.133775 0.100439 0.0024591
138 0.133775 0.0960678 0.00278005
139 0.133775 0.0904738 0.0031689
140 0.133775 0.0831911 0.00347173
141 0.133775 0.0827989 0.00350672
142 0.133775 0.0891915 0.00322509
143 0.133803 0.0893101 0.0032653
144 0.133803 0.0870959 0.00334017
145 0.133803 0.0842741 0.00340728
146 0.133803 0.0829959 0.00350652
147 0.133803 0.0837337 0.0034498
148 0.133803 0.0851581 0.00338561
149 0.133803 0.087161 0.00333986
150 0.133803 0.079732 0.00361391
151 0.134967 0.0798187 0.00357202
152 0.134967 0.0814543 0.00351156
153 0.134967 0.0892467 0.00319872
154 0.134967 0.0883363 0.00327631
155 0.134967 0.0837631 0.00342091
156 0.134967 0.0810724 0.00351815
157 0.134967 0.0861187 0.00328161
158 0.134967 0.0873593 0.00328886
159 0.134967 0.088387 0.00321959
160 0.134967 0.0887354 0.0032497
161 0.134967 0.0867605 0.00328061
162 0.134967 0.086088 0.00335358
163 0.134967 0.0832924 0.00339435
164 0.134967 0.0895918 0.00321065
165 0.134967 0.0866119 0.00324882
166 0.134967 0.0959992 0.00275474
167 0.134967 0.0912128 0.003162
168 0.134967 0.0934499 0.00297734
169 0.136427 0.0968583 0.00278222
170 0.136427 0.0893855 0.00315041
171 0.136427 0.0967029 0.00276239
172 0.136427 0.0934316 0.00299438
173 0.136427 0.0899673 0.00317319
174 0.136427 0.0871849 0.00327933
175 0.136427 0.0892435 0.0032075
176 0.136427 0.090228 0.00317273
177 0.136427 0.0888266 0.0032804
178 0.136427 0.0910417 0.00310947
179 0.136427 0.0885135 0.00329679
180 0.136427 0.0772137 0.00369896
181 0.136427 0.0812538 0.00360518
182 0.136427 0.0841946 0.00349143
183 0.136427 0.0801732 0.00358991
184 0.136427 0.0749257 0.00370937
185 0.136427 0.0777048 0.00365607
186 0.136427 0.0756601 0.00369065
187 0.136427 0.0858983 0.003432
188 0.136427 0.0897222 0.00317227
189 0.136427 0.0809359 0.00356928
190 0.136427 0.0801397 0.00361807
191 0.13656 0.0839249 0.00342164
192 0.13656 0.0907759 0.00311907
193 0.13656 0.0912348 0.00310536
194 0.13656 0.0882333 0.00318632
195 0.13656 0.0834679 0.00345911
196 0.13656 0.0817765 0.00354244
197 0.13656 0.0904129 0.00313233
198 0.13656 0.0909664 0.00310932
199 0.13656 0.0786961 0.00355097
200 0.13656 0.0828852 0.00346755
201 0.13656 0.0853459 0.00325641
202 0.13656 0.0868746 0.00318521
203 0.13656 0.0925164 0.00303834
204 0.13656 0.0928919 0.00308061
205 0.13656 0.0852545 0.003387
206 0.13656 0.0799512 0.00345556
207 0.13656 0.0885671 0.00304181
208 0.13656 0.0843394 0.00347503
209 0.13656 0.0884976 0.00330417
210 0.13656 0.0911036 0.00306793
211 0.13656 0.0915179 0.00302348
212 0.13656 0.0913356 0.00313761
213 0.13656 0.0815416 0.00352306
214 0.13656 0.0851811 0.00340461
215 0.13656 0.0874584 0.00323782
216 0.13656 0.0894002 0.00320134
217 0.13656 0.0852766 0.00339837
218 0.13656 0.0833815 0.0034562
219 0.13656 0.0826836 0.00347343
220 0.13656 0.0853551 0.00342026
221 0.13656 0.0804844 0.00350505
222 0.13656 0.0793851 0.00360002
223 0.13656 0.0790578 0.00361681
224 0.13656 0.0842672 0.00338906
225 0.13656 0.0898846 0.00320476
226 0.13656 0.0798733 0.0034872
227 0.13656 0.0761617 0.00370587
228 0.13656 0.07782 0.00366518
229 0.13656 0.0829411 0.00349199
230 0.13656 0.0813898 0.0035959
231 0.13656 0.0763834 0.00363966
232 0.13656 0.0860607 0.00331837
233 0.13656 0.085792 0.00332777
234 0.13656 0.0885831 0.00325509
235 0.13656 0.0911118 0.00317203
236 0.13656 0.0899181 0.00323174
237 0.13656 0.0934917 0.00298331
238 0.13656 0.0787983 0.00359486
239 0.136564 0.0880487 0.00332334
240 0.136564 0.0739784 0.00371609
241 0.137509 0.0846679 0.00335617
242 0.137509 0.0898456 0.00317984
243 0.137509 0.0818728 0.0035238
244 0.137509 0.0853443 0.00337423
245 0.137509 0.0862052 0.00338851
246 0.137509 0.0871862 0.00329511
247 0.137509 0.0882047 0.003253
248 0.137509 0.0883345 0.00321906
249 0.137509 0.094938 0.00288737
250 0.137509 0.093987 0.00291305
251 0.137509 0.0880756 0.00322784
252 0.137509 0.0851575 0.00337465
253 0.137509 0.0949679 0.00276252
254 0.137509 0.0890438 0.00316683
255 0.137509 0.0901755 0.00321462
256 0.137509 0.0969698 0.00269752
257 0.137509 0.0861484 0.00331763
258 0.137509 0.0854556 0.00331732
259 0.137509 0.0819775 0.00350094
260 0.137509 0.0877507 0.00327117
261 0.137509 0.0841704 0.00337386
262 0.137509 0.0858941 0.00333008
263 0.137509 0.0843615 0.00344176
264 0.137607 0.083015 0.0034446
265 0.137607 0.0842176 0.00340318
266 0.137625 0.0856181 0.00330663
267 0.137625 0.0871969 0.00317207
268 0.137625 0.0794969 0.00355987
269 0.137625 0.0848561 0.00334665
270 0.137625 0.0871201 0.00339534
271 0.137625 0.0837492 0.00339538
272 0.137625 0.0854727 0.00334583
273 0.137625 0.0787182 0.00360147
274 0.137625 0.0797064 0.00369723
275 0.137625 0.0755581 0.00367718
276 0.137625 0.0895864 0.00322862
277 0.137625 0.0827027 0.00355194
278 0.137625 0.0850685 0.00344668
279 0.137625 0.0821063 0.00354547
280 0.137625 0.0810455 0.00361127
281 0.137625 0.0718396 0.00380918
282 0.137626 0.0783514 0.0036714
283 0.137626 0.0823033 0.00357217
284 0.137632 0.0744494 0.00376195
285 0.13798 0.0836237 0.00340756
286 0.13798 0.0835736 0.00345683
287 0.13798 0.0816535 0.00353056
288 0.13798 0.0806929 0.00354961
289 0.13798 0.088398 0.00325897
290 0.13798 0.0953115 0.002879
291 0.13798 0.0875094 0.00328402
292 0.13798 0.0910406 0.00317137
293 0.13798 0.0960813 0.00290654
294 0.13798 0.0887889 0.00323495
295 0.13798 0.0970822 0.00276715
296 0.13798 0.0923311 0.00309528
297 0.13798 0.0939123 0.00289598
298 0.13798 0.0967981 0.00272858
299 0.13798 0.0896479 0.00314212
300 0.13798 0.0870291 0.00331441
301 0.13798 0.0940133 0.00295863
302 0.13798 0.0934801 0.00304595
303 0.13798 0.0918764 0.00302687
304 0.13798 0.084794 0.00341277
305 0.13798 0.0860958 0.00333611
306 0.13798 0.0833609 0.00347089
307 0.13798 0.0800411 0.00362006
308 0.13798 0.0839568 0.00338198
309 0.13798 0.0794881 0.00359159
310 0.13798 0.0895995 0.0031608
311 0.13798 0.0889348 0.00314481
312 0.13798 0.092459 0.00306512
313 0.13798 0.0910292 0.00315351
314 0.13798 0.0903181 0.00321328
315 0.13798 0.0849801 0.00339864
316 0.13798 0.0836666 0.00352336
317 0.13798 0.0898073 0.00325375
318 0.13798 0.0895509 0.00324202
319 0.13798 0.092452 0.00307566
320 0.13798 0.0908006 0.00321399
321 0.13798 0.094035 0.00296139
322 0.13798 0.0969858 0.00280786
323 0.13798 0.0977662 0.00275748
324 0.13798 0.109723 0.00178481
325 0.13798 0.0984698 0.00255203
326 0.13798 0.102104 0.00239354
327 0.13798 0.0945458 0.00290599
328 0.13798 0.0970923 0.00277707
329 0.13798 0.0858671 0.00328797
330 0.13798 0.0841374 0.00337199
331 0.13798 0.0859869 0.00331465
332 0.13798 0.0837853 0.0033847
333 0.13798 0.0875191 0.00329486
334 0.13798 0.089052 0.00330643
335 0.13798 0.0875173 0.0033024
336 0.13798 0.089482 0.00323585
337 0.13798 0.0882009 0.00328504
338 0.13798 0.0902153 0.0030222
339 0.13798 0.0925379 0.00303652
340 0.13798 0.0959974 0.00288651
341 0.13798 0.090476 0.00310956
342 0.13798 0.0872309 0.00331774
343 0.13798 0.0875448 0.00337689
344 0.13798 0.0945018 0.00298687
345 0.13798 0.0904903 0.00322183
346 0.13798 0.0874336 0.00339216
347 0.13798 0.0848534 0.00351955
348 0.13798 0.0862122 0.00332782
349 0.13798 0.0846811 0.00340021
350 0.13798 0.0844371 0.00344373
351 0.13798 0.0848734 0.00342407
352 0.13798 0.0835462 0.00348262
353 0.13798 0.0943369 0.00300088
354 0.13798 0.0825625 0.00349817
355 0.13798 0.080239 0.00371576
356 0.13798 0.0828896 0.00350541
357 0.13798 0.0846376 0.00343662
358 0.13798 0.0857653 0.00342414
359 0.13798 0.091133 0.00310508
360 0.13798 0.0919104 0.00299249
361 0.13798 0.0847605 0.00337804
362 0.13798 0.0870245 0.00324639
363 0.13798 0.0904558 0.00297704
364 0.13798 0.0926563 0.0030499
365 0.13798 0.0876633 0.00332109
366 0.13798 0.101083 0.00247692
367 0.13798 0.103678 0.00230287
368 0.13798 0.0987236 0.00259229
369 0.13798 0.0920199 0.00304543
370 0.13798 0.0927717 0.00294519
371 0.13798 0.088313 0.00318896
372 0.13798 0.0830564 0.00339657
373 0.13798 0.0843288 0.00340446
374 0.13798 0.0795867 0.00361504
375 0.13798 0.0801167 0.00356296
376 0.13798 0.0878982 0.00328576
377 0.13798 0.0906054 0.0031002
378 0.13798 0.0925792 0.00294904
379 0.13798 0.0876311 0.00329554
380 0.13798 0.0854423 0.00331695
381 0.13798 0.089052 0.00328548
382 0.13798 0.0941601 0.00293073
383 0.13798 0.0962536 0.00279657
384 0.13798 0.0923242 0.00297634
385 0.13798 0.0909446 0.00316901
386 0.13798 0.0886064 0.00319443
387 0.13798 0.0906045 0.00317168
388 0.13798 0.0897103 0.00326066
389 0.13798 0.0867371 0.0032651
390 0.13798 0.0921648 0.0031288
391 0.13798 0.0823306 0.0035625
392 0.13798 0.0810588 0.0036363
393 0.13798 0.0781959 0.00367036
394 0.13798 0.0871299 0.00321211
395 0.13798 0.0886026 0.00315058
396 0.13798 0.0929485 0.00302142
397 0.13798 0.0943281 0.00287483
398 0.13798 0.088994 0.00314004
399 0.13798 0.0885175 0.00317532
400 0.13798 0.0892279 0.00320497
401 0.13798 0.0820583 0.00353911
402 0.13798 0.0834863 0.00344519
403 0.13798 0.0872316 0.00320605
404 0.13798 0.0931568 0.00294492
405 0.13798 0.0916387 0.00299543
406 0.13798 0.0952381 0.00282534
407 0.13798 0.098691 0.00253772
408 0.13798 0.097163 0.00270993
409 0.13798 0.0960681 0.0028342
410 0.13798 0.0906016 0.00305737
411 0.13798 0.092567 0.00306487
412 0.13798 0.0936184 0.00306972
413 0.13798 0.0855455 0.00345667
414 0.13798 0.0891972 0.0032937
415 0.13798 0.0843454 0.00342816
416 0.13798 0.0844832 0.00342135
417 0.13798 0.0905155 0.00316054
418 0.13798 0.092416 0.00307376
419 0.13798 0.0910973 0.00320326
420 0.13798 0.0979747 0.00272745
421 0.13798 0.0899227 0.00319396
422 0.13798 0.0924324 0.00312894
423 0.13798 0.0936567 0.00293744
424 0.13798 0.0872523 0.00337232
425 0.13798 0.0971979 0.00270077
426 0.13798 0.0942932 0.00293011
427 0.13798 0.0898203 0.00323266
428 0.13798 0.0834599 0.00345931
429 0.13798 0.0832139 0.00329346
430 0.13798 0.0857411 0.00336318
431 0.13798 0.08555 0.00331044
432 0.13798 0.0913697 0.00299615
433 0.13798 0.0986527 0.0025839
434 0.13798 0.0946483 0.00282063
435 0.13798 0.0883675 0.0031504
436 0.13798 0.0892148 0.00313695
437 0.13798 0.0991546 0.00252156
438 0.13798 0.0951896 0.00287123
439 0.13798 0.0956653 0.00279922
440 0.13798 0.0977484 0.00276028
441 0.13798 0.0882025 0.00319449
442 0.13798 0.0944443 0.00287502
443 0.13798 0.0950507 0.0027605
444 0.13798 0.100805 0.00245496
445 0.13798 0.097904 0.00264478
446 0.13798 0.0985618 0.0026527
447 0.13798 0.0957937 0.00284058
448 0.13798 0.0905124 0.00309423
449 0.13798 0.0958029 0.00280872
450 0.13798 0.100487 0.00250557
451 0.13798 0.10215 0.00229329
452 0.13798 0.0986498 0.00267692
453 0.13798 0.0989739 0.00261972
454 0.13798 0.101344 0.00245776
455 0.13798 0.104986 0.0021109
456 0.13798 0.096996 0.00268547
457 0.13798 0.0944112 0.00295822
458 0.13798 0.0929876 0.00299671
459 0.13798 0.0851338 0.00339139
460 0.13798 0.082415 0.00347059
461 0.13798 0.0831278 0.00344082
462 0.13798 0.0888405 0.00324151
463 0.13798 0.0890097 0.00322028
464 0.13798 0.0864337 0.00339604
465 0.13798 0.0737306 0.00370158
466 0.13798 0.0822636 0.00352197
467 0.13798 0.0815305 0.00358873
468 0.13798 0.0803548 0.00354728
469 0.13798 0.0847576 0.00331814
470 0.13798 0.0774476 0.00363668
471 0.13798 0.0879109 0.00321455
472 0.13798 0.0871233 0.00323901
473 0.13798 0.0823092 0.00348338
474 0.13798 0.0841448 0.00344155
475 0.13798 0.0917542 0.00302855
476 0.13798 0.0966119 0.00274368
477 0.13798 0.0990625 0.0026175
478 0.13798 0.0895507 0.00315291
479 0.13798 0.0927147 0.00302704
480 0.137987 0.0941781 0.00300266
481 0.137987 0.0901573 0.00315755
482 0.137987 0.093469 0.00292997
483 0.137987 0.0846152 0.00340418
484 0.137987 0.0889834 0.00315201
485 0.137987 0.081923 0.00346608
486 0.137987 0.094999 0.002853
487 0.137987 0.0998524 0.00257518
488 0.137987 0.102158 0.0024179
489 0.137987 0.102148 0.00242783
490 0.137987 0.0951427 0.00284139
491 0.137987 0.100801 0.00248305
492 0.137987 0.094476 0.00294664
493 0.137987 0.0927114 0.00309527
494 0.137987 0.0868848 0.00335291
495 0.137987 0.0868448 0.00333722
496 0.137987 0.0921072 0.00297043
497 0.137987 0.0835975 0.00347955
498 0.137987 0.0804388 0.00357495
499 0.137987 0.0847394 0.00345827
500 0.137987 0.0783487 0.00365871
501 0.137987 0.0888261 0.00320807
502 0.137987 0.0942478 0.00291979
503 0.137987 0.089503 0.00318516
504 0.137987 0.0911654 0.00311219
505 0.137987 0.0903096 0.00318158
506 0.138002 0.0933959 0.00292761
507 0.138002 0.0925559 0.00298187
508 0.138002 0.105317 0.00208803
509 0.138002 0.101938 0.00242069
510 0.138002 0.102071 0.00240969
511 0.138002 0.103499 0.00226467
512 0.138002 0.0998028 0.00259742
513 0.138002 0.090673 0.00305927
514 0.138002 0.0942493 0.00284065
515 0.138002 0.0924183 0.00300528
516 0.138002 0.0873236 0.00330345
517 0.138002 0.100151 0.00252379
518 0.138002 0.0950473 0.00288353
519 0.138002 0.0939832 0.00289139
520 0.138002 0.0918671 0.00297152
521 0.138002 0.0915637 0.00305202
522 0.138002 0.0887903 0.00318174
523 0.138002 0.0898614 0.00315855
524 0.138002 0.0867777 0.00329995
525 0.138002 0.0947969 0.00293446
526 0.138002 0.0977504 0.00271735
527 0.138002 0.0953404 0.00288938
528 0.138002 0.0843903 0.00341122
529 0.138002 0.0835598 0.00338629
530 0.13806 0.0857723 0.00340243
531 0.13806 0.0770626 0.00362505
532 0.13806 0.0805259 0.0034669
533 0.13806 0.0799697 0.00360871
534 0.13806 0.0840546 0.00349771
535 0.13806 0.0818009 0.00357707
536 0.13806 0.0804421 0.00359396
537 0.13806 0.0822341 0.00354229
538 0.13806 0.0775471 0.00358352
539 0.13806 0.0792506 0.00365936
540 0.13806 0.0819827 0.00356965
541 0.13806 0.0821612 0.00352545
542 0.13806 0.0821859 0.00348914
543 0.13806 0.0878878 0.00329491
544 0.13806 0.0849302 0.00347753
545 0.13806 0.0821915 0.0035357
546 0.13806 0.0891495 0.00320469
547 0.13806 0.0860736 0.00333945
548 0.13806 0.082006 0.00351428
549 0.13806 0.0872952 0.00334082
550 0.13806 0.0773518 0.00373397
551 0.13806 0.0688813 0.00382752
552 0.13806 0.0727289 0.00376852
553 0.13806 0.0799543 0.00371298
554 0.13806 0.0776194 0.00376516
555 0.13806 0.0755264 0.00379123
556 0.13806 0.0678242 0.00387047
557 0.13806 0.068292 0.00384333
558 0.13806 0.0701011 0.00377466
559 0.13806 0.077882 0.00368058
560 0.13806 0.0741236 0.00385709
561 0.13806 0.073241 0.0037577
562 0.13806 0.0809104 0.00366024
563 0.13806 0.0789476 0.00372908
564 0.13806 0.0821385 0.0035535
565 0.13806 0.0743348 0.00371952
566 0.13806 0.064024 0.00392102
567 0.13806 0.069683 0.0039088
568 0.13806 0.068874 0.00390882
569 0.13806 0.0694604 0.00391514
570 0.13806 0.0696651 0.00392387
571 0.13806 0.0717819 0.00374301
572 0.13806 0.0732328 0.00376852
573 0.13806 0.0749413 0.00377968
574 0.13806 0.0737115 0.00382489
575 0.13806 0.0750896 0.00374038
576 0.13806 0.0736605 0.00377611
577 0.13806 0.0838465 0.00348088
578 0.13806 0.0783925 0.0036294
579 0.13806 0.0863589 0.00338467
580 0.13806 0.088644 0.00327517
581 0.13806 0.0890288 0.00325277
582 0.13806 0.0865365 0.00343203
583 0.13806 0.0904079 0.00318653
584 0.13806 0.0939514 0.00294482
585 0.13806 0.0934676 0.00300073
586 0.13806 0.0897014 0.00319061
587 0.13806 0.0879383 0.0033107
588 0.13806 0.0868776 0.00335359
589 0.13806 0.0801897 0.0036954
590 0.13806 0.0825024 0.00354673
591 0.13806 0.0848713 0.00340263
592 0.13806 0.0906519 0.00315693
593 0.13806 0.0929901 0.00302564
594 0.13806 0.0993604 0.00261461
595 0.13806 0.0958801 0.00281885
596 0.13806 0.0953877 0.00285538
597 0.13806 0.0889497 0.00322504
598 0.13806 0.0804358 0.00353202
599 0.13806 0.091223 0.00317838
600 0.13806 0.0855933 0.00340762
601 0.13806 0.0922126 0.0029956
602 0.13806 0.0916503 0.00303881
603 0.13806 0.0859815 0.003342
604 0.13806 0.0946808 0.0029331
605 0.13806 0.0934082 0.00300235
606 0.13806 0.0987381 0.00269693
607 0.13806 0.0952497 0.00291505
608 0.13806 0.0885399 0.00321621
609 0.13806 0.0871017 0.0032767
610 0.13806 0.085252 0.00344962
611 0.13806 0.0849828 0.00336932
612 0.13806 0.0900936 0.00313982
613 0.13806 0.0917454 0.00303057
614 0.13806 0.0958008 0.00280492
615 0.13806 0.0937761 0.00285102
616 0.13806 0.0921751 0.00304372
617 0.13806 0.0823003 0.00337387
618 0.13806 0.0866528 0.00333525
619 0.13806 0.0803424 0.00355893
620 0.13806 0.0831263 0.00347705
621 0.13806 0.0855457 0.0033729
622 0.13806 0.0834309 0.00341348
623 0.13806 0.0811575 0.00355944
624 0.13806 0.0853449 0.00328686
625 0.13806 0.0873613 0.00324494
626 0.13806 0.083291 0.00340373
627 0.13806 0.087318 0.0032407
628 0.13806 0.0919266 0.00312446
629 0.13806 0.0920648 0.00308626
630 0.13806 0.0916695 0.00305128
631 0.13806 0.0973882 0.00277153
632 0.13806 0.0904554 0.0032009
633 0.13806 0.0796981 0.00356307
634 0.13806 0.0768662 0.00358139
635 0.13806 0.0797854 0.00353444
636 0.13806 0.0818962 0.00356039
637 0.13806 0.0871425 0.00329917
638 0.13806 0.0923302 0.00306262
639 0.13806 0.0938318 0.0029862
640 0.13806 0.0948182 0.00288664
641 0.13806 0.0923404 0.00294493
642 0.13806 0.0867229 0.00322645
643 0.13806 0.0888364 0.00323112
644 0.13806 0.0872648 0.00328523
645 0.13806 0.0833557 0.00343558
646 0.13806 0.0870545 0.00330658
647 0.13806 0.0830111 0.00344037
648 0.13806 0.0877349 0.00319374
649 0.13806 0.0887129 0.00321728
650 0.13806 0.0994041 0.00264647
651 0.13806 0.0981969 0.00273077
652 0.13806 0.0926757 0.00304834
653 0.13806 0.0913647 0.00310363
654 0.13806 0.0848643 0.0033662
655 0.13806 0.0885252 0.00329887
656 0.13806 0.0893908 0.00313296
657 0.13806 0.0876773 0.00322892
658 0.13806 0.0923972 0.00306137
659 0.13806 0.0866329 0.00329232
660 0.13806 0.0909177 0.00308862
661 0.13806 0.0847696 0.00336761
662 0.13806 0.0794902 0.003582
663 0.13806 0.0849932 0.00344063
664 0.13806 0.0799218 0.00364312
665 0.13806 0.0815437 0.00355855
666 0.13806 0.084902 0.0034424
667 0.13806 0.0924482 0.00304767
668 0.13806 0.0867835 0.00322441
669 0.13806 0.0831304 0.0034436
670 0.13806 0.0794034 0.00367687
671 0.13806 0.0703815 0.00387973
672 0.13806 0.0774986 0.00374077
673 0.13806 0.0787275 0.0036704
674 0.13806 0.0778543 0.00367182
675 0.13806 0.080902 0.00351984
676 0.13806 0.0852077 0.00343041
677 0.13806 0.080619 0.00355704
678 0.13806 0.0848102 0.00339878
679 0.13806 0.0882061 0.00321641
680 0.13806 0.0889212 0.00324403
681 0.13806 0.0871282 0.0033784
682 0.13806 0.0873063 0.00339963
683 0.13806 0.0972807 0.00272058
684 0.13806 0.0890835 0.00324083
685 0.13806 0.0937204 0.00296613
686 0.13806 0.0901726 0.00297074
687 0.13806 0.0918315 0.00313893
688 0.13806 0.0883057 0.00321882
689 0.13806 0.0905859 0.00305279
690 0.13806 0.0894215 0.00314486
691 0.13806 0.0876751 0.0032848
692 0.13806 0.0850245 0.0034512
693 0.13806 0.0790497 0.00361211
694 0.13806 0.084338 0.00350349
695 0.13806 0.081993 0.00347027
696 0.13806 0.0847601 0.00330574
697 0.13806 0.0893798 0.00324556
698 0.13806 0.0811414 0.00360152
699 0.13806 0.0738893 0.00374613
700 0.13806 0.0714235 0.00377444
701 0.13806 0.0742443 0.00371593
702 0.13806 0.069835 0.00377494
703 0.13806 0.0825728 0.00348769
704 0.13806 0.079079 0.00365041
705 0.13806 0.0807743 0.00345605
706 0.13806 0.0792472 0.00350078
707 0.13806 0.0791546 0.00351814
708 0.13806 0.0856787 0.0033058
709 0.13806 0.0958309 0.00278861
710 0.13806 0.0868337 0.00330533
711 0.13806 0.0827098 0.00344529
712 0.13806 0.0846219 0.00342272
713 0.13806 0.0863234 0.00333649
714 0.13806 0.0973975 0.00276956
715 0.13806 0.0926391 0.00301046
716 0.13806 0.0979725 0.0026428
717 0.13806 0.0992305 0.00248209
718 0.13806 0.101134 0.00234058
719 0.13806 0.0959425 0.00280986
720 0.13806 0.0974251 0.00265186
721 0.13806 0.0999866 0.00252498
722 0.13806 0.0992431 0.002598
723 0.13806 0.103175 0.00229056
724 0.13806 0.0960876 0.00281025
725 0.13806 0.101253 0.00247424
726 0.13806 0.0998042 0.00250146
727 0.13806 0.100347 0.00252808
728 0.13806 0.101845 0.0023775
729 0.13806 0.0923891 0.00291012
730 0.13806 0.0959066 0.00276253
731 0.13806 0.0990961 0.00256443
732 0.13806 0.0876509 0.0032739
733 0.13806 0.0873982 0.0032219
734 0.13806 0.0866132 0.00326902
735 0.13806 0.0886528 0.00313192
736 0.13806 0.0893175 0.00322424
737 0.13806 0.0870887 0.00325605
738 0.13806 0.0857034 0.00337219
739 0.13806 0.0874285 0.00332325
740 0.13806 0.0904035 0.00318851
741 0.13806 0.0903887 0.0030988
742 0.13806 0.0942766 0.00289346
743 0.13806 0.100773 0.00250319
744 0.13806 0.0985161 0.00268011
745 0.13806 0.0909249 0.00311799
746 0.13806 0.0999554 0.00257668
747 0.13806 0.0999645 0.00260319
748 0.13806 0.0947884 0.00281174
749 0.13806 0.0949782 0.00292046
750 0.13806 0.0880879 0.00322642
751 0.13806 0.0846876 0.00333222
752 0.13806 0.0901112 0.0032073
753 0.13806 0.0934158 0.00298053
754 0.13806 0.0909363 0.0031574
755 0.13806 0.0881082 0.00321606
756 0.13806 0.0924413 0.0030617
757 0.13806 0.0851824 0.00333614
758 0.13806 0.088291 0.00327741
759 0.13806 0.0940749 0.00290121
760 0.13806 0.0930407 0.00302458
761 0.13806 0.0899252 0.00316056
762 0.13806 0.0955097 0.00278281
763 0.13806 0.101469 0.00239275
764 0.13806 0.103313 0.00226347
765 0.13806 0.0960707 0.00282292
766 0.13806 0.100784 0.00244697
767 0.13806 0.101262 0.00245652
768 0.13806 0.0969462 0.00275291
769 0.13806 0.101123 0.00245063
770 0.13806 0.0943312 0.0028596
771 0.13806 0.0968025 0.0027668
772 0.138062 0.104126 0.00220309
773 0.138062 0.104733 0.00214672
774 0.138062 0.0897757 0.00316759
775 0.138062 0.0865311 0.00333381
776 0.138062 0.0919921 0.00302217
777 0.138062 0.0864668 0.0032776
778 0.138062 0.0759141 0.00365842
779 0.138062 0.0853142 0.00340467
780 0.138062 0.0855421 0.00340112
781 0.138062 0.0872776 0.00332727
782 0.138062 0.0837541 0.00342654
783 0.138062 0.0858593 0.00338974
784 0.138062 0.0879809 0.00316371
785 0.138062 0.0907089 0.00310221
786 0.138062 0.0832827 0.00348248
787 0.138062 0.0838429 0.0034456
788 0.138062 0.0828934 0.00353546
789 0.138062 0.0866727 0.00337387
790 0.138062 0.086545 0.00339366
791 0.138062 0.0877885 0.00316677
792 0.138062 0.0902721 0.00312499
793 0.138062 0.0817981 0.00349168
794 0.138062 0.0925155 0.00297079
795 0.138062 0.0921027 0.00301364
796 0.138062 0.0928155 0.00294925
797 0.138062 0.0910369 0.00308886
798 0.138062 0.0902184 0.00323369
799 0.138062 0.0865973 0.00341059
800 0.138062 0.0885884 0.00319134
801 0.138062 0.0900866 0.00314874
802 0.138062 0.0968264 0.0027432
803 0.138062 0.0950838 0.00293495
804 0.138062 0.0927372 0.00298073
805 0.138062 0.0901925 0.00314161
806 0.138062 0.103476 0.0023783
807 0.138062 0.0995639 0.00259769
808 0.138062 0.0907129 0.00308006
809 0.138062 0.08435 0.00345359
810 0.138062 0.084086 0.00338601
811 0.138062 0.0836607 0.00343479
812 0.138062 0.0850899 0.00334189
813 0.138062 0.0897833 0.00315553
814 0.138062 0.088884 0.00320282
815 0.138062 0.0817623 0.00350165
816 0.138062 0.0907134 0.00306049
817 0.138062 0.0844651 0.00332683
818 0.138062 0.0933648 0.0029558
819 0.138062 0.0916498 0.00313754
820 0.138062 0.0820175 0.00351994
821 0.138062 0.0835715 0.00343506
822 0.138062 0.0890519 0.00325254
823 0.138062 0.096343 0.00273706
824 0.138062 0.100326 0.00258311
825 0.138062 0.0997857 0.00259077
826 0.138062 0.0979969 0.00269376
827 0.138062 0.101479 0.00246473
828 0.138062 0.094113 0.00296185
829 0.138062 0.101328 0.00250211
830 0.138062 0.103772 0.00230143
831 0.138062 0.101181 0.00250693
832 0.138062 0.0958312 0.00280781
833 0.138062 0.0990151 0.00259788
834 0.138062 0.0942812 0.00289715
835 0.138062 0.0915241 0.0031296
836 0.138062 0.0891769 0.00327546
837 0.138062 0.0878202 0.00328212
838 0.138062 0.0889966 0.00320257
839 0.138062 0.0863129 0.00334802
840 0.138062 0.0909296 0.00307423
841 0.138062 0.0915429 0.00302056
842 0.138062 0.0869968 0.00335099
843 0.138062 0.0839149 0.00338312
844 0.138062 0.081334 0.00343858
845 0.138062 0.0847529 0.00340661
846 0.165926 0.0873633 0.00338897
847 0.165926 0.0844696 0.00349239
848 0.165926 0.0832909 0.00361446
849 0.165926 0.0797833 0.00368083
850 0.165926 0.0781182 0.00373202
851 0.165926 0.0886374 0.0033015
852 0.165926 0.0903263 0.00314694
853 0.166075 0.0914124 0.00308032
854 0.166075 0.089884 0.00320085
855 0.166075 0.0911077 0.00322008
856 0.166075 0.0877252 0.00331999
857 0.166075 0.0882683 0.00334201
858 0.166075 0.0890455 0.00326802
859 0.166075 0.0841783 0.00353633
860 0.166075 0.0902101 0.00335604
861 0.166075 0.0874288 0.0034139
862 0.166075 0.083854 0.00358824
863 0.166075 0.0931083 0.00313533
864 0.166075 0.083961 0.00358534
865 0.166075 0.0876712 0.00342104
866 0.197164 0.0938817 0.00335497
867 0.197164 0.0946942 0.00328842
868 0.197164 0.0985006 0.00314327
869 0.197164 0.108567 0.0023143
870 0.206522 0.115249 0.0021797
871 0.206522 0.110618 0.00249626
872 0.206522 0.118497 0.00218313
873 0.215514 0.11711 0.00244053
874 0.215514 0.116668 0.00251552
875 0.215514 0.113845 0.00302619
876 0.215514 0.116833 0.00247205
877 0.22058 0.112798 0.00345931
878 0.351365 0.124021 0.00335173
879 0.351365 0.115412 0.00390278
880 0.351365 0.123268 0.00479796
881 0.375441 0.134196 0.00532857
882 0.386262 0.126949 0.00692404
883 0.393123 0.139381 0.00797042
884 0.480589 0.147121 0.0100473
885 0.480589 0.141708 0.0109185
886 0.480589 0.146514 0.011794
887 0.480589 0.138694 0.0118668
888 0.480589 0.161673 0.0136652
889 0.484516 0.157225 0.0129312
890 0.500499 0.169567 0.0155129
890 0.507021 0.0842735 0.0250297
891 0.507021 0.0886565 0.026434
892 0.507021 0.0957345 0.0274182
893 0.507021 0.0973454 0.0269945
894 0.507021 0.0983862 0.0278896
895 0.507021 0.103842 0.0285189
896 0.507021 0.100147 0.0297735
897 0.507021 0.11053 0.0310419
898 0.529818 0.121808 0.0352868
899 0.529818 0.110142 0.0346974
900 0.529818 0.111684 0.0354109
901 0.529818 0.12712 0.0393554
902 0.529818 0.142432 0.039738
903 0.529818 0.133577 0.0389488
904 0.529818 0.1288 0.036503
905 0.529818 0.125334 0.0324062
906 0.529818 0.147853 0.0384921
907 0.529818 0.137301 0.0378291
908 0.534433 0.161275 0.0391848
909 0.534433 0.186999 0.0420845
910 0.545283 0.195976 0.0461868
911 0.545283 0.186635 0.0455148
912 0.545283 0.186564 0.047229
913 0.545283 0.151699 0.0416715
914 0.550617 0.166766 0.0435059
915 0.553029 0.165868 0.0444769
916 0.553029 0.164522 0.0431603
917 0.553029 0.136827 0.0398584
918 0.553029 0.158224 0.0412827
919 0.553029 0.195714 0.0443134
920 0.572071 0.201793 0.0441087
921 0.572071 0.188252 0.0422242
922 0.572071 0.222395 0.0432777
923 0.572071 0.218727 0.0427334
924 0.572071 0.207195 0.0444591
925 0.572071 0.148368 0.0398452
926 0.572071 0.16908 0.0465865
927 0.572071 0.184733 0.0458438
928 0.572071 0.171848 0.0445684
929 0.572071 0.177862 0.0460191
930 0.572071 0.19816 0.0436378
931 0.572071 0.194297 0.0468606
932 0.572071 0.170106 0.0489685
933 0.577762 0.174359 0.0499069
934 0.577762 0.149263 0.0417255
935 0.577762 0.169112 0.0459043
936 0.577762 0.178216 0.0454018
937 0.577762 0.210962 0.046166
938 0.577762 0.195296 0.0478007
939 0.577762 0.191888 0.0467065
940 0.577762 0.19632 0.049901
941 0.577762 0.209237 0.0482041
942 0.577762 0.192951 0.0447647
943 0.579241 0.18898 0.0490817
944 0.579241 0.189044 0.0464788
945 0.579241 0.199482 0.0444424
946 0.579241 0.202496 0.046938
947 0.579241 0.212176 0.0481662
948 0.579241 0.195623 0.0432177
949 0.579241 0.192164 0.0432048
950 0.579241 0.184062 0.0454991
951 0.579241 0.186246 0.051033
952 0.579241 0.195955 0.0487184
953 0.579241 0.199427 0.0466992
954 0.58544 0.200533 0.0498893
955 0.58544 0.200931 0.0471741
956 0.58544 0.195845 0.048166
957 0.58544 0.197138 0.0507625
958 0.58544 0.212594 0.0530612
959 0.58544 0.190802 0.0503868
960 0.58544 0.207054 0.0454531
961 0.58544 0.197592 0.0460753
962 0.58544 0.208577 0.0490379
963 0.58544 0.218905 0.0474115
964 0.58544 0.179143 0.0482413
965 0.58544 0.175265 0.0461747
966 0.58544 0.19729 0.0475209
967 0.58544 0.212305 0.0504405
968 0.58544 0.196495 0.0479323
969 0.58544 0.210706 0.0528621
970 0.58544 0.209758 0.0511044
971 0.58544 0.207018 0.0539758
972 0.58544 0.204467 0.0518031
973 0.58544 0.199352 0.0551138
974 0.58544 0.162779 0.0445324
975 0.58544 0.185058 0.0484228
976 0.58544 0.205224 0.0476766
977 0.58544 0.217516 0.0502013
978 0.58544 0.226979 0.0520326
979 0.58544 0.248034 0.0496038
980 0.58544 0.25043 0.0504152
981 0.58544 0.226758 0.0478528
982 0.590507 0.24187 0.0498284
983 0.590507 0.233354 0.051949
984 0.590507 0.230594 0.048889
985 0.590507 0.210061 0.0496396
986 0.590507 0.224787 0.0499581
987 0.590507 0.230248 0.0502734
988 0.590507 0.232135 0.0476831
989 0.590507 0.240606 0.0493413
990 0.590507 0.246071 0.0496984
991 0.590507 0.203932 0.052864
992 0.590507 0.198478 0.0497689
993 0.590507 0.191697 0.0488255
994 0.590507 0.21447 0.0456226
995 0.590507 0.217911 0.0476826
996 0.590507 0.229655 0.0472278
997 0.590507 0.194563 0.0467524
998 0.590507 0.213496 0.0496414
999 0.590507 0.187706 0.0453138
1000 0.590507 0.19731 0.048774
