0 0.12524 0.057646 0.00391862
1 0.125275 0.0677034 0.00391333
2 0.125275 0.0732399 0.00379204
3 0.125275 0.0827248 0.00352877
4 0.125275 0.0876979 0.0033063
5 0.125275 0.0903569 0.00313739
6 0.510987 0.101806 0.00435607
6 0.542087 0.00556015 0.002939
7 0.542087 0.00556015 0.002939
8 0.542087 0.00556015 0.002939
9 0.542087 0.00571366 0.00293963
10 0.542087 0.00586818 0.00294023
11 0.542087 0.00613736 0.00294429
12 0.542087 0.0096608 0.00353065
13 0.542087 0.0120522 0.00365941
14 0.542087 0.0136437 0.00371382
15 0.542087 0.0208936 0.00570041
16 0.542087 0.0279201 0.00676879
17 0.542087 0.0356331 0.0100056
18 0.542087 0.0410522 0.0116075
19 0.542087 0.0534173 0.0164322
20 0.542087 0.0630113 0.0188705
21 0.542087 0.0686966 0.0215746
22 0.553861 0.0998864 0.0301431
23 0.553861 0.113967 0.0318122
24 0.553861 0.123615 0.0338813
25 0.553861 0.130149 0.0387342
26 0.553861 0.126254 0.0380863
27 0.553861 0.125162 0.040014
28 0.553861 0.1218 0.0380129
29 0.553861 0.144504 0.0438886
30 0.575162 0.110344 0.0383166
31 0.575162 0.0980788 0.0318427
32 0.575162 0.121446 0.0358074
33 0.575162 0.128019 0.0399414
34 0.575162 0.101697 0.0351817
35 0.575162 0.107129 0.0348459
36 0.575162 0.112209 0.0371677
37 0.575162 0.14823 0.0454012
38 0.575162 0.143155 0.0443055
39 0.575162 0.128893 0.0411872
40 0.575162 0.125972 0.0373293
41 0.575162 0.127502 0.0419618
42 0.575162 0.115365 0.0398005
43 0.575162 0.12422 0.0417691
44 0.575162 0.114107 0.0386459
45 0.575162 0.124193 0.0392202
46 0.575162 0.102333 0.0391963
47 0.575162 0.0977511 0.0367523
48 0.575162 0.108846 0.0379748
49 0.575162 0.116494 0.0404943
50 0.575162 0.139973 0.0435938
51 0.575162 0.149293 0.0459874
52 0.575162 0.135243 0.0449148
53 0.575162 0.130889 0.0443526
54 0.583988 0.110288 0.0385816
55 0.583988 0.122608 0.0422665
56 0.583988 0.135439 0.0437151
57 0.587004 0.152365 0.0443216
58 0.591075 0.135427 0.0419249
59 0.591075 0.138446 0.0432115
60 0.595352 0.129075 0.0442565
61 0.595352 0.146429 0.0462777
62 0.595352 0.137158 0.0434298
63 0.595352 0.125851 0.0421551
64 0.595352 0.123673 0.0418738
65 0.595352 0.123984 0.0408163
66 0.595352 0.134897 0.0455453
67 0.602756 0.137249 0.0446868
68 0.602756 0.122321 0.044327
69 0.602756 0.136438 0.0471604
70 0.602756 0.129115 0.0427669
71 0.602756 0.138782 0.0460027
72 0.602756 0.15552 0.0462467
73 0.602756 0.144528 0.0464859
74 0.602756 0.130397 0.0438277
75 0.602756 0.159197 0.0501236
76 0.602756 0.119137 0.041523
77 0.602756 0.122445 0.0417199
78 0.602756 0.132107 0.041553
79 0.602756 0.133743 0.04412
80 0.60637 0.130446 0.0452505
81 0.60637 0.129376 0.0465884
82 0.60637 0.150541 0.05034
83 0.60637 0.171878 0.0499096
84 0.60637 0.127146 0.044552
85 0.60637 0.14963 0.0518569
86 0.60637 0.157489 0.0513374
87 0.60637 0.168025 0.0517061
88 0.60637 0.155467 0.0478597
89 0.60637 0.14562 0.0442368
90 0.60637 0.140288 0.0474021
91 0.60637 0.15856 0.0520417
92 0.60637 0.146553 0.0485883
93 0.60637 0.148883 0.0467563
94 0.60637 0.128046 0.0441744
95 0.60637 0.129715 0.0502248
96 0.60637 0.134992 0.0472723
97 0.60637 0.13438 0.0460758
98 0.60637 0.121794 0.0446106
99 0.60637 0.126757 0.0469986
100 0.60637 0.113641 0.0434127
101 0.60637 0.113608 0.0395204
102 0.60637 0.11958 0.0442584
103 0.60637 0.121859 0.0454166
104 0.60637 0.125023 0.0462663
105 0.60637 0.126507 0.0433538
106 0.60637 0.118994 0.0434118
107 0.60637 0.143262 0.0482782
108 0.60637 0.115973 0.0429769
109 0.60637 0.0917881 0.0395646
110 0.60637 0.128265 0.0421873
111 0.60637 0.129433 0.0440637
112 0.60637 0.133859 0.0455335
113 0.60637 0.140318 0.0441794
114 0.60637 0.123554 0.0430095
115 0.60637 0.116177 0.0411809
116 0.60637 0.152038 0.0508656
117 0.60637 0.117103 0.0400014
118 0.60637 0.165346 0.0521004
119 0.60637 0.160938 0.0528634
120 0.60637 0.155947 0.0497326
121 0.60637 0.129681 0.0450506
122 0.60637 0.136348 0.045523
123 0.60637 0.131947 0.0429008
124 0.60637 0.143675 0.0501433
125 0.60637 0.140624 0.0460137
126 0.60637 0.147763 0.0449094
127 0.60637 0.136689 0.0448363
128 0.60637 0.16353 0.0483054
129 0.60637 0.162736 0.0459497
130 0.60637 0.128742 0.044802
131 0.60637 0.127735 0.047425
132 0.60637 0.115624 0.043234
133 0.60637 0.122191 0.0406939
134 0.60637 0.146024 0.0507542
135 0.60637 0.127052 0.0412846
136 0.60637 0.120336 0.0404479
137 0.60637 0.115335 0.0416669
138 0.60637 0.126957 0.0426001
139 0.60637 0.134955 0.0471407
140 0.60637 0.158247 0.0481902
141 0.60637 0.116829 0.0431364
142 0.60637 0.109618 0.0391092
143 0.60637 0.12588 0.0427917
144 0.60637 0.140533 0.046782
145 0.60637 0.150691 0.0509664
146 0.609033 0.134781 0.0435098
147 0.609033 0.167906 0.0486775
148 0.609033 0.143539 0.0455838
149 0.609033 0.13125 0.042451
150 0.609033 0.131283 0.0465459
151 0.609033 0.124463 0.0451319
152 0.609033 0.128958 0.0456469
153 0.609033 0.15681 0.0495571
154 0.609033 0.120241 0.0418809
155 0.609033 0.151589 0.0503317
156 0.609033 0.150458 0.0504788
157 0.609033 0.136623 0.0473462
158 0.609033 0.15506 0.0523278
159 0.609033 0.155887 0.0473339
160 0.609033 0.151751 0.0459803
161 0.609033 0.142068 0.0485331
162 0.609033 0.106117 0.041811
163 0.609033 0.126477 0.0461143
164 0.609033 0.13329 0.0450741
165 0.609033 0.138796 0.0458843
166 0.609033 0.15494 0.0487712
167 0.609033 0.162492 0.0477004
168 0.609033 0.157023 0.0473461
169 0.609033 0.127092 0.0440439
170 0.609033 0.147308 0.0482503
171 0.609033 0.168944 0.0528982
172 0.609033 0.175192 0.0541769
173 0.609033 0.166476 0.0536588
174 0.609033 0.128457 0.0468996
175 0.609033 0.130622 0.0470254
176 0.609033 0.151097 0.0514574
177 0.609033 0.155884 0.0517018
178 0.609033 0.146719 0.0492342
179 0.609033 0.134806 0.0511676
180 0.609033 0.155911 0.0471065
181 0.609033 0.156388 0.0540422
182 0.609033 0.161753 0.0499336
183 0.609033 0.139174 0.048211
184 0.609033 0.143088 0.0489922
185 0.609033 0.139375 0.0445317
186 0.609033 0.141016 0.0490446
187 0.609033 0.140254 0.0434456
188 0.609033 0.141468 0.043317
189 0.609033 0.13803 0.0408971
190 0.609033 0.13962 0.0468771
191 0.609033 0.150234 0.0447979
192 0.609033 0.137486 0.0465777
193 0.609033 0.144469 0.0465645
194 0.609033 0.159157 0.0527575
195 0.609033 0.144869 0.0466842
196 0.609033 0.109439 0.0398278
197 0.609853 0.125079 0.0435416
198 0.609853 0.16251 0.0501419
199 0.609853 0.161631 0.0493711
200 0.609853 0.172952 0.047972
201 0.609853 0.159029 0.0514557
202 0.609853 0.136786 0.046881
203 0.609853 0.137643 0.044892
204 0.609853 0.13137 0.0423723
205 0.609853 0.113353 0.0415722
206 0.609853 0.147943 0.0475383
207 0.609853 0.137199 0.0482244
208 0.609853 0.152319 0.0452604
209 0.609853 0.158102 0.0528416
210 0.609853 0.165798 0.053274
211 0.609853 0.178463 0.0546331
212 0.609853 0.166995 0.0532549
213 0.609853 0.167405 0.0494959
214 0.609853 0.164906 0.0508106
215 0.609853 0.149736 0.0462762
216 0.609853 0.177386 0.0537556
217 0.609853 0.135274 0.0470588
218 0.609853 0.131067 0.0479404
219 0.609853 0.121025 0.0455797
220 0.609853 0.127817 0.043151
221 0.609853 0.138088 0.0470191
222 0.609853 0.137461 0.0443609
223 0.609853 0.140931 0.0438783
224 0.609853 0.106732 0.0392222
225 0.609853 0.128128 0.04859
226 0.609853 0.129244 0.050496
227 0.609853 0.149368 0.0494209
228 0.609853 0.149639 0.0522886
229 0.610802 0.143033 0.0495268
230 0.610802 0.137966 0.0480692
231 0.610802 0.126304 0.0465329
232 0.610802 0.124737 0.0450984
233 0.610802 0.132002 0.0498345
234 0.610802 0.135466 0.0485387
235 0.610802 0.135805 0.0479253
236 0.610802 0.162894 0.0539639
237 0.610802 0.118381 0.0414586
238 0.610802 0.131493 0.0457191
239 0.610802 0.150706 0.048717
240 0.610802 0.155856 0.0455323
241 0.610802 0.17685 0.0534537
242 0.610802 0.175062 0.0518824
243 0.610802 0.147275 0.0489173
244 0.610802 0.159266 0.0519598
245 0.610802 0.201412 0.0564092
246 0.610802 0.175449 0.0542205
247 0.610802 0.177855 0.0539931
248 0.610802 0.152567 0.0457827
249 0.610802 0.132408 0.0452849
250 0.610802 0.15999 0.0524845
251 0.610802 0.139049 0.0476391
252 0.610802 0.180412 0.0534473
253 0.610802 0.15092 0.0500518
254 0.610802 0.156739 0.0464917
255 0.610802 0.150897 0.0513394
256 0.610802 0.13833 0.04727
257 0.610802 0.142341 0.0448929
258 0.610802 0.162268 0.0535153
259 0.610802 0.15955 0.0563931
260 0.610802 0.187186 0.0587171
261 0.610802 0.177705 0.0547327
262 0.610802 0.179512 0.0563966
263 0.610802 0.14836 0.0471701
264 0.610802 0.154969 0.0553241
265 0.610802 0.183896 0.0590706
266 0.610802 0.14807 0.0524501
267 0.610802 0.152363 0.0508844
268 0.610802 0.16164 0.054229
269 0.610802 0.177913 0.0578765
270 0.610802 0.165842 0.0522336
271 0.610802 0.161493 0.0517061
272 0.610802 0.141518 0.0470414
273 0.610802 0.139574 0.0471898
274 0.610802 0.167287 0.0542374
275 0.610802 0.152508 0.050741
276 0.610802 0.173798 0.0559093
277 0.610802 0.152756 0.0514988
278 0.610802 0.159278 0.0503816
279 0.610802 0.149126 0.0492162
280 0.610802 0.152535 0.0527976
281 0.610802 0.155146 0.0472355
282 0.610802 0.170569 0.0547651
283 0.610802 0.179471 0.0543527
284 0.610802 0.162859 0.052478
285 0.610802 0.145378 0.0508274
286 0.610802 0.155856 0.0495739
287 0.610802 0.17024 0.0541547
288 0.610802 0.167772 0.0512849
289 0.610802 0.147817 0.0531949
290 0.610802 0.140175 0.0501188
291 0.610802 0.158969 0.0545128
292 0.610802 0.151605 0.0510457
293 0.610802 0.160469 0.0522808
294 0.610802 0.154848 0.0465476
295 0.610802 0.144718 0.0477521
296 0.610802 0.139162 0.047569
297 0.610802 0.142274 0.0493344
298 0.610802 0.134866 0.0490476
299 0.610802 0.161193 0.0532712
300 0.610802 0.154174 0.0497654
301 0.610802 0.14882 0.0521227
302 0.610802 0.141599 0.0498312
303 0.610802 0.155929 0.0503855
304 0.610802 0.179024 0.0526199
305 0.610802 0.180221 0.0509827
306 0.610802 0.159994 0.0508251
307 0.610802 0.164352 0.05109
308 0.610802 0.155395 0.0489473
309 0.610802 0.172311 0.0556402
310 0.610802 0.171348 0.0536956
311 0.610802 0.17931 0.0552904
312 0.610802 0.157812 0.0475217
313 0.610802 0.155724 0.0477853
314 0.610802 0.190376 0.0540349
315 0.610802 0.178096 0.0514831
316 0.610802 0.171727 0.0538403
317 0.610802 0.187717 0.0552056
318 0.610802 0.157237 0.0538828
319 0.610802 0.154767 0.0519788
320 0.610802 0.163877 0.0537975
321 0.610802 0.190061 0.0596307
322 0.610802 0.173131 0.0545759
323 0.610802 0.152153 0.0478983
324 0.610802 0.150248 0.0490527
325 0.610802 0.152066 0.0451266
326 0.610802 0.163925 0.0476926
327 0.610802 0.148656 0.0480668
328 0.610802 0.159336 0.055372
329 0.610802 0.154514 0.0514184
330 0.610802 0.154456 0.0538108
331 0.610802 0.160011 0.0536888
332 0.610802 0.17027 0.0517445
333 0.610802 0.167868 0.0533852
334 0.610802 0.161921 0.0518648
335 0.610802 0.155147 0.0483557
336 0.610802 0.162873 0.048871
337 0.610802 0.134998 0.0434735
338 0.610802 0.144676 0.0496678
339 0.610802 0.156129 0.0499978
340 0.610802 0.169314 0.0496032
341 0.610802 0.159044 0.0519966
342 0.610802 0.149339 0.0494023
343 0.610802 0.166397 0.0480745
344 0.610802 0.16218 0.0486821
345 0.610802 0.141898 0.0478143
346 0.610802 0.153565 0.0491993
347 0.610802 0.156585 0.0523102
348 0.610802 0.155443 0.0533008
349 0.610802 0.175063 0.0512055
350 0.610802 0.175407 0.0495697
351 0.610802 0.146675 0.0509198
352 0.610802 0.154715 0.0539196
353 0.610802 0.160039 0.0514002
354 0.610802 0.162442 0.0520939
355 0.610802 0.159288 0.0495474
356 0.610802 0.152751 0.0482851
357 0.610802 0.162088 0.0503371
358 0.610802 0.170378 0.0543961
359 0.610802 0.163624 0.0501551
360 0.610802 0.175263 0.0519282
361 0.610802 0.165331 0.0526195
362 0.610802 0.168894 0.0565956
363 0.610802 0.152613 0.0530146
364 0.610802 0.144433 0.049413
365 0.610802 0.17232 0.052114
366 0.610802 0.167581 0.0525097
367 0.610802 0.19408 0.0574531
368 0.610802 0.15289 0.050175
369 0.610802 0.156102 0.0535478
370 0.610802 0.140436 0.0498484
371 0.610802 0.142757 0.0495675
372 0.610802 0.168098 0.0567989
373 0.610802 0.155931 0.0501186
374 0.610802 0.15341 0.053265
375 0.610802 0.153242 0.0529034
376 0.610802 0.149368 0.0512157
377 0.610802 0.14851 0.0521607
378 0.610802 0.138115 0.0465159
379 0.610802 0.156562 0.0456373
380 0.610802 0.149324 0.0474162
381 0.610802 0.148312 0.0500666
382 0.610802 0.152594 0.0508482
383 0.610802 0.166087 0.054129
384 0.610802 0.143666 0.0472034
385 0.610802 0.166762 0.0504662
386 0.610802 0.166461 0.0488095
387 0.610802 0.191895 0.0534465
388 0.610802 0.178577 0.0543513
389 0.610802 0.172725 0.0544248
390 0.610802 0.212568 0.0567197
391 0.610802 0.17111 0.0545481
392 0.610802 0.153469 0.0514951
393 0.610802 0.133902 0.0434748
394 0.610802 0.146843 0.0496612
395 0.610802 0.186052 0.0553355
396 0.610802 0.195729 0.0515671
397 0.610802 0.165694 0.0511385
398 0.610802 0.178286 0.0552113
399 0.610802 0.205604 0.057932
400 0.610802 0.183107 0.0536747
401 0.610802 0.17185 0.0536133
402 0.610802 0.15748 0.0450786
403 0.610802 0.149075 0.0443728
404 0.610802 0.164987 0.0471747
405 0.610802 0.167272 0.0504109
406 0.610802 0.141831 0.047478
407 0.610802 0.148824 0.0501151
408 0.610802 0.172263 0.0511956
409 0.610802 0.170202 0.0519961
410 0.610802 0.143497 0.0459511
411 0.610802 0.14833 0.0513613
412 0.610802 0.168658 0.0562048
413 0.610802 0.174926 0.0510524
414 0.610802 0.182695 0.0513267
415 0.610802 0.152584 0.0529563
416 0.610802 0.143113 0.0451748
417 0.610802 0.163981 0.0503741
418 0.610802 0.180389 0.0518429
419 0.610802 0.15711 0.0504787
420 0.610802 0.165551 0.0513292
421 0.610802 0.155454 0.0521133
422 0.610802 0.160376 0.0539342
423 0.610802 0.166264 0.0517455
424 0.610802 0.139131 0.0481768
425 0.610802 0.153998 0.0501265
426 0.610802 0.163867 0.0548499
427 0.610802 0.169903 0.0496052
428 0.610802 0.162531 0.0503323
429 0.610802 0.134898 0.0421699
430 0.610802 0.164179 0.0511915
431 0.610802 0.148106 0.0474679
432 0.610802 0.138057 0.0495514
433 0.610802 0.153988 0.0532351
434 0.610802 0.127674 0.0428735
435 0.610802 0.128711 0.0462154
436 0.610802 0.153564 0.0518196
437 0.610802 0.146896 0.0515654
438 0.610802 0.126386 0.0462033
439 0.610802 0.146113 0.0521877
440 0.610802 0.155519 0.0538069
441 0.610802 0.155059 0.0519363
442 0.610802 0.144739 0.0454271
443 0.610802 0.146735 0.0452918
444 0.610802 0.144849 0.0494533
445 0.610802 0.185506 0.0569899
446 0.610802 0.165373 0.0543092
447 0.610802 0.15729 0.0494923
448 0.610802 0.153548 0.0473714
449 0.610802 0.16853 0.0496978
450 0.610802 0.163622 0.0534917
451 0.610802 0.157357 0.0538419
452 0.610802 0.144735 0.0488697
453 0.610802 0.148286 0.0515803
454 0.610802 0.157654 0.0517877
455 0.610802 0.196119 0.0575337
456 0.610802 0.185842 0.0540319
457 0.610802 0.186098 0.0555581
458 0.610802 0.195006 0.0522432
459 0.610802 0.15668 0.0487646
460 0.610802 0.147939 0.0463802
461 0.610802 0.142718 0.0471566
462 0.610802 0.171602 0.0516265
463 0.610802 0.159037 0.0520693
464 0.610802 0.172307 0.0540578
465 0.610802 0.171733 0.0525546
466 0.610802 0.16485 0.0524205
467 0.610802 0.14638 0.0481309
468 0.610802 0.156026 0.0525494
469 0.610802 0.161485 0.0512617
470 0.610802 0.156346 0.0490855
471 0.610802 0.169029 0.0495871
472 0.610802 0.171457 0.0497355
473 0.610802 0.13993 0.0493618
474 0.610802 0.143546 0.0499404
475 0.610802 0.121587 0.0462604
476 0.610802 0.125559 0.0441586
477 0.610802 0.116455 0.0441795
478 0.610802 0.126485 0.044326
479 0.610802 0.145466 0.0508229
480 0.610802 0.117053 0.0446493
481 0.610802 0.134329 0.0514781
482 0.610802 0.128096 0.0470398
483 0.610802 0.150251 0.0500287
484 0.610802 0.127209 0.0480174
485 0.610802 0.144611 0.0522229
486 0.610802 0.127294 0.0456867
487 0.610802 0.144348 0.0468978
488 0.610802 0.162929 0.0552152
489 0.610802 0.160457 0.0502243
490 0.610802 0.159289 0.0500406
491 0.610802 0.161156 0.0481729
492 0.610802 0.12895 0.0441815
493 0.610802 0.152304 0.0494349
494 0.610802 0.127109 0.046037
495 0.610802 0.131907 0.0489994
496 0.610802 0.150892 0.0519664
497 0.610802 0.119265 0.0449404
498 0.610802 0.130388 0.0467459
499 0.610802 0.124335 0.0438043
500 0.610802 0.135903 0.0466641
501 0.610802 0.138012 0.0459502
502 0.610802 0.147085 0.0490277
503 0.610802 0.127999 0.0447698
504 0.610802 0.161051 0.0507949
505 0.610802 0.157583 0.0483341
506 0.610802 0.146984 0.0489909
507 0.610802 0.136167 0.0455326
508 0.610802 0.138427 0.0474127
509 0.610802 0.179704 0.0530122
510 0.610802 0.144405 0.0461172
511 0.610802 0.171303 0.0487148
512 0.610802 0.132505 0.0410219
513 0.610802 0.15203 0.0472405
514 0.610802 0.149176 0.0496377
515 0.610802 0.135108 0.0499834
516 0.610802 0.13916 0.0501941
517 0.610802 0.136752 0.0486343
518 0.610802 0.159772 0.0529225
519 0.610802 0.139794 0.0478207
520 0.610802 0.166465 0.0520842
521 0.610802 0.156104 0.0498221
522 0.610802 0.149171 0.0507547
523 0.610802 0.161361 0.0526611
524 0.610802 0.157052 0.0503281
525 0.610802 0.165984 0.0487351
526 0.610802 0.136862 0.0454072
527 0.610802 0.168557 0.0532063
528 0.610802 0.173173 0.0534021
529 0.610802 0.154103 0.0533649
530 0.610802 0.153061 0.0513654
531 0.610802 0.164885 0.0514023
532 0.610802 0.178327 0.0560827
533 0.610802 0.148479 0.050275
534 0.610802 0.149879 0.0492602
535 0.610802 0.173051 0.0489952
536 0.610802 0.143934 0.0481945
537 0.610802 0.1685 0.0527753
538 0.610802 0.132672 0.0445558
539 0.610802 0.186955 0.0585042
540 0.610802 0.161557 0.0492247
541 0.610802 0.142542 0.050927
542 0.610802 0.137673 0.0498575
543 0.610802 0.150242 0.0540603
544 0.610802 0.162805 0.0524577
545 0.610802 0.176041 0.0521859
546 0.610802 0.162586 0.0515835
547 0.610802 0.149256 0.0504096
548 0.610802 0.148943 0.050547
549 0.610802 0.1606 0.0534554
550 0.610802 0.169278 0.0524487
551 0.610802 0.153185 0.0502896
552 0.610802 0.132257 0.0469171
553 0.610802 0.153254 0.0499206
554 0.610802 0.130923 0.0480943
555 0.610802 0.155852 0.0499678
556 0.610802 0.149144 0.0485926
557 0.610802 0.16817 0.0510192
558 0.610802 0.177929 0.0562646
559 0.610802 0.157272 0.0505482
560 0.610802 0.146585 0.0473653
561 0.610802 0.164538 0.052067
562 0.610802 0.145921 0.0552574
563 0.610802 0.142404 0.0493994
564 0.610802 0.133688 0.0467413
565 0.610802 0.137471 0.0453889
566 0.610802 0.16366 0.0508111
567 0.610802 0.153088 0.0524794
568 0.610802 0.157032 0.0473273
569 0.610802 0.176269 0.0520617
570 0.610802 0.146831 0.0446395
571 0.610802 0.16159 0.0477753
572 0.610802 0.152188 0.0439213
573 0.610802 0.143064 0.0420727
574 0.610802 0.140137 0.0407807
575 0.610802 0.122442 0.0423122
576 0.610802 0.137348 0.0450849
577 0.610802 0.144756 0.0504637
578 0.610802 0.15262 0.0513952
579 0.610802 0.144297 0.0484771
580 0.610802 0.150104 0.0500043
581 0.610802 0.142601 0.0479202
582 0.610802 0.184624 0.0583513
583 0.610802 0.170047 0.0504586
584 0.610802 0.152082 0.0481425
585 0.610802 0.143195 0.0451125
586 0.610802 0.15651 0.0524498
587 0.610802 0.159237 0.0515576
588 0.610802 0.166847 0.0522968
589 0.610802 0.155556 0.0519862
590 0.610802 0.17591 0.0550207
591 0.610802 0.196518 0.0552227
592 0.610802 0.176324 0.0515529
593 0.610802 0.179508 0.0569476
594 0.610802 0.144125 0.0443346
595 0.610802 0.168259 0.0519546
596 0.610802 0.180118 0.0516197
597 0.610802 0.17611 0.0496735
598 0.610802 0.18731 0.055532
599 0.610802 0.180769 0.056997
600 0.610802 0.174406 0.0557483
601 0.610802 0.137018 0.0480367
602 0.610802 0.145418 0.0490381
603 0.610802 0.140766 0.0464354
604 0.610802 0.129388 0.0481772
605 0.610802 0.177538 0.0531861
606 0.610802 0.16409 0.0555852
607 0.610802 0.155378 0.0523858
608 0.610802 0.143177 0.0510103
609 0.610802 0.152306 0.0532933
610 0.610802 0.144864 0.0464247
611 0.610802 0.140546 0.0464675
612 0.610802 0.143212 0.0484975
613 0.610802 0.150787 0.0473698
614 0.610802 0.14569 0.0465689
615 0.610802 0.138575 0.0439041
616 0.610802 0.147569 0.0493418
617 0.610802 0.155886 0.0508189
618 0.610802 0.165576 0.0546238
619 0.610802 0.170562 0.0570179
620 0.610802 0.16259 0.0547289
621 0.610802 0.133438 0.051491
622 0.610802 0.161412 0.0577041
623 0.610802 0.148798 0.0524067
624 0.610802 0.156053 0.0474095
625 0.610802 0.161845 0.0503181
626 0.610802 0.162736 0.0507301
627 0.610802 0.149078 0.0468652
628 0.610802 0.160167 0.0513421
629 0.610802 0.139326 0.0478844
630 0.610802 0.148811 0.0462203
631 0.610802 0.14925 0.0508237
632 0.610802 0.13083 0.0436961
633 0.610802 0.164657 0.0495058
634 0.610802 0.156845 0.0487474
635 0.610802 0.172927 0.0538513
636 0.610802 0.173738 0.0538297
637 0.611499 0.176036 0.0536604
638 0.611499 0.171457 0.0480368
639 0.611499 0.18193 0.0542087
640 0.611499 0.165499 0.0512144
641 0.611499 0.163201 0.0509092
642 0.611499 0.153316 0.0494783
643 0.611499 0.153749 0.0518657
644 0.611499 0.153201 0.0475664
645 0.611499 0.158481 0.0488745
646 0.611499 0.139978 0.0473303
647 0.611499 0.166186 0.0498647
648 0.611499 0.167716 0.0498471
649 0.611499 0.140713 0.0471761
650 0.611499 0.154976 0.0492564
651 0.611499 0.145462 0.0493545
652 0.611499 0.146346 0.0478768
653 0.611499 0.133937 0.0482161
654 0.611499 0.142817 0.0500475
655 0.611499 0.127417 0.0464975
656 0.611499 0.146238 0.0498911
657 0.611499 0.158982 0.0473679
658 0.611499 0.138633 0.0460778
659 0.611499 0.147201 0.0526721
660 0.611499 0.121421 0.0438269
661 0.611499 0.140171 0.0478633
662 0.611499 0.150437 0.0532043
663 0.611499 0.144169 0.0526522
664 0.611499 0.143419 0.051458
665 0.611499 0.157624 0.0537403
666 0.611499 0.174415 0.0529849
667 0.611499 0.142972 0.0479858
668 0.611499 0.170407 0.0519188
669 0.611499 0.171112 0.0512951
670 0.611499 0.170714 0.0580133
671 0.611499 0.154123 0.0489186
672 0.611499 0.145177 0.0507959
673 0.611499 0.159143 0.0528366
674 0.611499 0.158988 0.053396
675 0.611499 0.160476 0.053995
676 0.611499 0.137178 0.0470544
677 0.611499 0.144864 0.0516519
678 0.611499 0.142817 0.0517247
679 0.611499 0.149548 0.0521141
680 0.611499 0.148089 0.0513631
681 0.611499 0.180225 0.057135
682 0.611499 0.198573 0.0618041
683 0.611499 0.22312 0.0572572
684 0.611499 0.196157 0.0566544
685 0.611499 0.148769 0.0492883
686 0.611499 0.142782 0.0529759
687 0.611499 0.11607 0.043022
688 0.611499 0.144554 0.0490203
689 0.611499 0.14122 0.049347
690 0.611499 0.174318 0.0559546
691 0.611499 0.147578 0.0427944
692 0.611499 0.16172 0.0451305
693 0.611499 0.137134 0.0474369
694 0.611499 0.151976 0.0474075
695 0.611499 0.183192 0.056944
696 0.611499 0.158772 0.0524136
697 0.611499 0.15097 0.0504991
698 0.611499 0.163711 0.0595477
699 0.611499 0.148905 0.0514692
700 0.611499 0.140634 0.042936
701 0.611499 0.157956 0.0461728
702 0.611499 0.156576 0.0493141
703 0.611499 0.163948 0.0523708
704 0.611499 0.151816 0.0444341
705 0.611499 0.144789 0.0462873
706 0.611499 0.139024 0.0439891
707 0.611499 0.159148 0.0518509
708 0.611499 0.153342 0.0483038
709 0.611499 0.181426 0.051811
710 0.611499 0.170948 0.0504367
711 0.611499 0.169121 0.0493711
712 0.611499 0.153885 0.048141
713 0.611499 0.169231 0.0529665
714 0.611499 0.123534 0.0392965
715 0.611499 0.171962 0.0536992
716 0.611499 0.172608 0.0521352
717 0.611499 0.144345 0.0471804
718 0.611499 0.155832 0.0486037
719 0.611499 0.180345 0.057592
720 0.611499 0.191419 0.0553234
721 0.611499 0.164607 0.053918
722 0.611499 0.171828 0.0561723
723 0.611499 0.155772 0.0514227
724 0.611499 0.157038 0.0568252
725 0.611499 0.142039 0.0494955
726 0.611499 0.161488 0.050567
727 0.611499 0.173767 0.0518688
728 0.611499 0.146885 0.045399
729 0.611499 0.141739 0.0441818
730 0.611499 0.183122 0.0517418
731 0.611499 0.174164 0.0526976
732 0.611499 0.16841 0.054341
733 0.611499 0.140425 0.0491891
734 0.611499 0.165084 0.0510209
735 0.611499 0.188136 0.0560991
736 0.611499 0.167962 0.0475051
737 0.611499 0.166331 0.0463078
738 0.611499 0.146108 0.0474981
739 0.611499 0.168193 0.0520829
740 0.611499 0.162605 0.0540448
741 0.611499 0.176944 0.0597427
742 0.611499 0.179922 0.0535572
743 0.611499 0.190895 0.0564412
744 0.611499 0.16668 0.0506451
745 0.611499 0.143229 0.0498806
746 0.611499 0.136797 0.0461942
747 0.611499 0.143385 0.0507752
748 0.611499 0.185008 0.0549894
749 0.611499 0.152066 0.0563457
750 0.611499 0.185683 0.0589421
751 0.611499 0.158008 0.0511983
752 0.611499 0.174091 0.0559289
753 0.611499 0.179242 0.0562691
754 0.611499 0.209469 0.0569575
755 0.611499 0.168818 0.0516163
756 0.611499 0.177483 0.0546926
757 0.611499 0.156039 0.0518883
758 0.611499 0.168647 0.0531294
759 0.611499 0.144696 0.0450821
760 0.611499 0.135815 0.0427925
761 0.611499 0.17147 0.0496555
762 0.611499 0.165535 0.0507251
763 0.611499 0.154526 0.0458886
764 0.611499 0.144531 0.0484695
765 0.611499 0.125542 0.0455536
766 0.611499 0.126546 0.0443071
767 0.611499 0.136737 0.048855
768 0.611499 0.142333 0.0495116
769 0.611499 0.146373 0.0473724
770 0.611499 0.140417 0.0462129
771 0.611499 0.135787 0.0457825
772 0.611499 0.129947 0.0463411
773 0.611499 0.180232 0.0559246
774 0.611499 0.159625 0.0555487
775 0.611499 0.139067 0.0491754
776 0.611499 0.135928 0.0472009
777 0.611499 0.157325 0.051376
778 0.611499 0.146761 0.0503527
779 0.611499 0.133836 0.0478919
780 0.611499 0.157582 0.0508487
781 0.611499 0.162173 0.0548309
782 0.611499 0.160056 0.054341
783 0.611499 0.141594 0.04841
784 0.611499 0.13105 0.0493059
785 0.611499 0.135044 0.0476603
786 0.611499 0.145684 0.0504226
787 0.611499 0.161431 0.0518651
788 0.611499 0.150895 0.0501125
789 0.611499 0.146798 0.0507049
790 0.611499 0.158056 0.05687
791 0.611499 0.124945 0.0492385
792 0.611499 0.128222 0.0523511
793 0.611499 0.149582 0.0503151
794 0.611499 0.160538 0.0549227
795 0.611499 0.140353 0.0476536
796 0.611499 0.146873 0.0505006
797 0.611499 0.146623 0.0498801
798 0.611499 0.154814 0.0535767
799 0.611499 0.15832 0.0536597
800 0.611499 0.164887 0.0530441
801 0.611499 0.15652 0.0509697
802 0.611499 0.142779 0.0461171
803 0.611499 0.172012 0.0540672
804 0.611499 0.170802 0.0529157
805 0.611499 0.177377 0.0527851
806 0.611499 0.150106 0.0513265
807 0.611499 0.134144 0.0507464
808 0.611499 0.151977 0.0520724
809 0.611499 0.147983 0.0524652
810 0.611499 0.161526 0.0548015
811 0.611499 0.140505 0.0485192
812 0.611499 0.173237 0.055028
813 0.611499 0.160688 0.051634
814 0.611499 0.162693 0.0503755
815 0.611499 0.180553 0.0575914
816 0.611499 0.171284 0.0526054
817 0.611499 0.183012 0.0530379
818 0.611499 0.17819 0.0538197
819 0.611499 0.196251 0.0580474
820 0.611499 0.170567 0.0577283
821 0.611499 0.163563 0.0563149
822 0.611499 0.153992 0.0517797
823 0.611499 0.184599 0.0527641
824 0.611499 0.187902 0.0570645
825 0.611499 0.167639 0.0525288
826 0.611499 0.165865 0.0521281
827 0.611499 0.171658 0.0540457
828 0.611499 0.145267 0.0488486
829 0.611499 0.132041 0.048665
830 0.611499 0.136214 0.0491839
831 0.611499 0.155124 0.0524216
832 0.611499 0.143594 0.0499152
833 0.611499 0.139459 0.051407
834 0.611499 0.128789 0.0486076
835 0.611499 0.124264 0.0469681
836 0.611499 0.126991 0.0473075
837 0.611499 0.150608 0.0499765
838 0.611499 0.154475 0.0524236
839 0.611499 0.175844 0.056379
840 0.611499 0.172892 0.0535144
841 0.611499 0.155328 0.0519332
842 0.611499 0.156792 0.0515644
843 0.611499 0.167597 0.0534881
844 0.611499 0.17222 0.0515818
845 0.611499 0.165885 0.0517285
846 0.611499 0.153139 0.0527935
847 0.611499 0.137962 0.046232
848 0.611499 0.160856 0.0552174
849 0.611499 0.141004 0.0499255
850 0.611499 0.13925 0.048425
851 0.611499 0.141201 0.0471902
852 0.611499 0.145807 0.04918
853 0.611499 0.151569 0.0486912
854 0.611499 0.163627 0.0509621
855 0.611499 0.142222 0.047805
856 0.611499 0.146871 0.0502358
857 0.611499 0.136714 0.0455926
858 0.611499 0.134425 0.0499794
859 0.611499 0.16176 0.0526459
860 0.611499 0.176235 0.0524303
861 0.611499 0.177484 0.0524215
862 0.611499 0.156566 0.0524617
863 0.611499 0.140827 0.0512468
864 0.611499 0.149195 0.0524266
865 0.611499 0.186159 0.0541368
866 0.611499 0.141412 0.0503652
867 0.611499 0.141198 0.0484054
868 0.611499 0.137725 0.048474
869 0.611499 0.149321 0.0512307
870 0.611499 0.159956 0.051186
871 0.611499 0.170377 0.0517111
872 0.611499 0.155764 0.0520707
873 0.611499 0.162811 0.0522221
874 0.611499 0.148048 0.046243
875 0.611499 0.145674 0.0466977
876 0.611499 0.155092 0.0498035
877 0.611499 0.134859 0.0469862
878 0.611499 0.140866 0.0458238
879 0.611499 0.119926 0.0442244
880 0.611499 0.137554 0.0499851
881 0.611499 0.16193 0.0468759
882 0.611499 0.149497 0.0456354
883 0.611499 0.151314 0.0499058
884 0.611499 0.16717 0.0529455
885 0.611499 0.131995 0.0429254
886 0.611499 0.145662 0.0476493
887 0.611499 0.170192 0.0533077
888 0.611499 0.171067 0.0531654
889 0.611499 0.14544 0.0518174
890 0.611499 0.141503 0.0466876
891 0.611499 0.168118 0.0496515
892 0.611499 0.171557 0.0524917
893 0.611499 0.135741 0.0504712
894 0.611499 0.150608 0.0504128
895 0.611499 0.164514 0.0450363
896 0.611499 0.141259 0.0446675
897 0.611499 0.182147 0.0504094
898 0.611499 0.144425 0.0489405
899 0.611499 0.143796 0.0454049
900 0.611499 0.152649 0.0485079
901 0.611499 0.169075 0.0502014
902 0.611499 0.171243 0.0488729
903 0.611499 0.154049 0.04794
904 0.611499 0.151073 0.0466333
905 0.611499 0.149449 0.0493012
906 0.611499 0.157896 0.0549782
907 0.611499 0.134404 0.0452129
908 0.611499 0.143606 0.0458629
909 0.611499 0.165842 0.051735
910 0.611499 0.146282 0.0523126
911 0.611499 0.157146 0.0510549
912 0.611499 0.137714 0.0484843
913 0.611499 0.135891 0.04724
914 0.611499 0.127658 0.0435842
915 0.611499 0.136411 0.0496602
916 0.611499 0.141457 0.0523408
917 0.611499 0.161114 0.0569451
918 0.611499 0.139289 0.0514339
919 0.611499 0.144023 0.0500577
920 0.611499 0.151155 0.0480401
921 0.611499 0.136115 0.0472042
922 0.611499 0.115094 0.0437727
923 0.611499 0.156295 0.0477456
924 0.611499 0.150367 0.0493093
925 0.611499 0.156649 0.0505904
926 0.611499 0.146316 0.0481385
927 0.611499 0.170185 0.0531013
928 0.611499 0.16962 0.0461957
929 0.611499 0.165417 0.0471724
930 0.611499 0.165675 0.0491852
931 0.611499 0.18336 0.0503563
932 0.611499 0.17988 0.0533988
933 0.611499 0.166838 0.0534981
934 0.611499 0.168418 0.0542535
935 0.611499 0.16619 0.052957
936 0.611499 0.175846 0.0564637
937 0.611499 0.163685 0.053049
938 0.611499 0.151474 0.0514784
939 0.611499 0.149043 0.0501034
940 0.611499 0.14676 0.0498242
941 0.611499 0.156613 0.0562977
942 0.611499 0.152448 0.053496
943 0.611499 0.160044 0.054719
944 0.611499 0.165611 0.0522327
945 0.611499 0.161339 0.0483268
946 0.611499 0.131969 0.044085
947 0.611499 0.142803 0.0471491
948 0.611499 0.161291 0.0471945
949 0.611499 0.152682 0.0467463
950 0.611499 0.151821 0.0501934
951 0.611499 0.153454 0.04897
952 0.611499 0.161319 0.0504069
953 0.611499 0.137944 0.0470142
954 0.611499 0.168856 0.0517763
955 0.611499 0.141121 0.0487393
956 0.611499 0.150339 0.0492883
957 0.611499 0.14268 0.046002
958 0.611499 0.1597 0.051493
959 0.611499 0.14819 0.0468461
960 0.611499 0.18743 0.0584387
961 0.611499 0.165973 0.0578606
962 0.611499 0.149382 0.0510703
963 0.611499 0.171936 0.0547139
964 0.611499 0.185598 0.0566912
965 0.611499 0.196677 0.0569202
966 0.611499 0.190196 0.0536078
967 0.611499 0.155612 0.0486915
968 0.611499 0.151749 0.0483664
969 0.611499 0.147903 0.0488401
970 0.611499 0.163699 0.0488641
971 0.611499 0.146618 0.0455352
972 0.611499 0.163605 0.0480789
973 0.611499 0.150962 0.0475234
974 0.611499 0.143305 0.0438263
975 0.611499 0.163061 0.0534141
976 0.611499 0.160654 0.0536967
977 0.611499 0.158886 0.0479999
978 0.611499 0.135579 0.04793
979 0.611499 0.163913 0.0532043
980 0.611499 0.141057 0.0474526
981 0.611499 0.141932 0.0486777
982 0.611499 0.160774 0.0499773
983 0.611499 0.134714 0.0469068
984 0.611499 0.141141 0.04938
985 0.611499 0.151259 0.049742
986 0.611499 0.156151 0.0496945
987 0.611499 0.152553 0.0485922
988 0.611499 0.17709 0.0521354
989 0.611499 0.183309 0.0540651
990 0.611499 0.157247 0.0480494
991 0.611499 0.166554 0.0556071
992 0.611499 0.163247 0.0527887
993 0.611499 0.134616 0.0450374
994 0.611499 0.152799 0.0549029
995 0.611499 0.154765 0.0563699
996 0.611499 0.138705 0.0480126
997 0.611499 0.150797 0.0490336
998 0.611499 0.17692 0.0519523
999 0.611499 0.198843 0.0556109
1000 0.611499 0.188148 0.0576595
