0 0.125272 0.0563512 0.00390986
1 0.125272 0.0763492 0.00376261
2 0.125272 0.0776227 0.00372273
3 0.125276 0.0838861 0.003494
4 0.125276 0.0901908 0.0031742
5 0.125276 0.0901714 0.00317883
6 0.125276 0.0876792 0.0033129
7 0.125276 0.0926514 0.00303742
8 0.125279 0.0922676 0.00299577
9 0.125607 0.0896916 0.00312904
10 0.125607 0.0939489 0.00295245
11 0.125608 0.1028 0.0023039
12 0.125608 0.105165 0.00211987
13 0.126258 0.101416 0.00243382
14 0.126258 0.100208 0.0025236
15 0.126258 0.0943489 0.00287258
16 0.126258 0.10014 0.00252509
17 0.126418 0.0970826 0.00271745
18 0.126478 0.0978219 0.00270013
19 0.126478 0.096524 0.00279645
20 0.126478 0.100265 0.00252803
21 0.126478 0.0912347 0.00304646
22 0.12804 0.0878507 0.00331231
23 0.12804 0.0904702 0.00317356
24 0.128115 0.0952931 0.00284286
25 0.128115 0.0989642 0.00256464
26 0.128115 0.0992154 0.00259545
27 0.128115 0.0943695 0.00292644
28 0.128115 0.0982045 0.00268289
29 0.128699 0.0963817 0.00277261
30 0.128699 0.0912095 0.00307129
31 0.129627 0.0921878 0.00307703
32 0.129627 0.090186 0.00316553
33 0.129627 0.0929959 0.00302569
34 0.129627 0.0946597 0.00291259
35 0.130389 0.0920749 0.0030936
36 0.130393 0.0875643 0.00333132
37 0.130393 0.0934086 0.00302853
38 0.130393 0.0929497 0.00301808
39 0.130574 0.0878499 0.00327483
40 0.130574 0.0863163 0.00335171
41 0.130989 0.0917509 0.00305491
42 0.130989 0.0878397 0.00327908
43 0.131002 0.0879258 0.00330279
44 0.131002 0.0880238 0.00327495
45 0.131913 0.0853695 0.00340067
46 0.131913 0.0903938 0.00319569
47 0.135133 0.0838774 0.00346804
48 0.135704 0.0783986 0.00369776
49 0.137227 0.0777167 0.00361555
50 0.137227 0.0757244 0.00361533
51 0.137227 0.0857578 0.00334989
52 0.137227 0.0811029 0.00346994
53 0.137227 0.0925171 0.0029497
54 0.137227 0.0931521 0.00286186
55 0.137227 0.097025 0.00267446
56 0.137227 0.0967646 0.00270511
57 0.137227 0.100599 0.00246662
58 0.137227 0.0992226 0.00254945
59 0.137227 0.0939161 0.00287981
60 0.137227 0.0915273 0.00302081
61 0.137227 0.101074 0.00247298
62 0.137227 0.101942 0.002367
63 0.137227 0.102575 0.00235363
64 0.137227 0.102062 0.00236675
65 0.137227 0.103397 0.00233695
66 0.137227 0.0994802 0.00251423
67 0.137227 0.100288 0.00250729
68 0.137227 0.101477 0.00241831
69 0.137227 0.0964442 0.00265626
70 0.137227 0.0943228 0.00291083
71 0.137227 0.0922228 0.00304159
72 0.137227 0.0931509 0.00293085
73 0.137227 0.0860518 0.00335809
74 0.137227 0.0837282 0.00338662
75 0.137227 0.0841313 0.0034487
76 0.137227 0.0901528 0.00315606
77 0.137227 0.0824402 0.00355029
78 0.137227 0.088099 0.00332839
79 0.137227 0.088791 0.00327254
80 0.137227 0.0843401 0.00334816
81 0.137329 0.0899802 0.00324825
82 0.137329 0.0913702 0.00312576
83 0.137329 0.0924915 0.00309558
84 0.137329 0.0890643 0.00321476
85 0.137329 0.0981798 0.00266697
86 0.137329 0.100275 0.00255552
87 0.137329 0.096232 0.0028786
88 0.137329 0.094965 0.00292818
89 0.137329 0.101708 0.00244714
90 0.137329 0.105533 0.00219851
91 0.137329 0.104966 0.00211739
92 0.137329 0.105714 0.00209924
93 0.137329 0.102379 0.00241091
94 0.137329 0.10106 0.00252017
95 0.137329 0.100909 0.00257088
96 0.137329 0.100754 0.00250374
97 0.137329 0.0921128 0.00308077
98 0.137329 0.0917184 0.00309696
99 0.137984 0.0910899 0.00312338
100 0.137984 0.0884468 0.00327997
101 0.137984 0.0973854 0.00280407
102 0.137984 0.103059 0.00230586
103 0.137984 0.105986 0.00202553
104 0.137984 0.106001 0.00211519
105 0.137984 0.103346 0.00236701
106 0.137984 0.0987773 0.00265706
107 0.137984 0.100136 0.00256566
108 0.137984 0.0946207 0.00288276
109 0.137984 0.0943843 0.00292078
110 0.137984 0.0884217 0.00313129
111 0.137984 0.0911808 0.00305803
112 0.137984 0.0987646 0.00268405
113 0.137984 0.0991917 0.00262761
114 0.137984 0.0966389 0.00276732
115 0.137984 0.0989793 0.00263128
116 0.137984 0.091922 0.0030318
117 0.137984 0.0969738 0.00272871
118 0.137984 0.0938293 0.00287675
119 0.13801 0.0941219 0.0028152
120 0.13801 0.0955702 0.00276375
121 0.13801 0.0911704 0.00307573
122 0.13801 0.0894126 0.00317931
123 0.13801 0.0913507 0.00306402
124 0.138605 0.0914575 0.00318106
125 0.138605 0.0924922 0.00309784
126 0.138605 0.0986242 0.00268168
127 0.138605 0.0978078 0.00270023
128 0.138793 0.102813 0.00233454
129 0.138793 0.102806 0.00235835
130 0.139418 0.0982388 0.00262583
131 0.139418 0.0988836 0.00258672
132 0.139418 0.0943325 0.00288802
133 0.139418 0.0850288 0.00330348
134 0.139418 0.0871524 0.00323825
135 0.139418 0.0935878 0.00296476
136 0.139418 0.0880858 0.00322893
137 0.139418 0.088045 0.00329987
138 0.139418 0.0854232 0.00345547
139 0.139418 0.0874501 0.00330451
140 0.139418 0.0884851 0.00325729
141 0.139418 0.0884567 0.00325616
142 0.139418 0.0942655 0.00293027
143 0.139418 0.0998649 0.00251917
144 0.139418 0.0939118 0.00293006
145 0.139418 0.0898172 0.00325499
146 0.139418 0.0894572 0.00316891
147 0.139418 0.0829773 0.00343847
148 0.139477 0.0970692 0.00279529
149 0.139477 0.0949666 0.00280864
150 0.139477 0.102936 0.00233973
151 0.139477 0.1091 0.0018363
152 0.139477 0.104487 0.00216222
153 0.146067 0.103316 0.00234312
154 0.146067 0.0961542 0.00281022
155 0.146067 0.103442 0.00230558
156 0.146067 0.104125 0.00220436
157 0.146067 0.0994292 0.00267884
158 0.146067 0.10043 0.00257627
159 0.146067 0.1027 0.00244736
160 0.146067 0.0974278 0.0027485
161 0.146067 0.0979054 0.00253591
162 0.146067 0.0977784 0.00264525
163 0.146067 0.0979755 0.00280771
164 0.146067 0.0967788 0.0028144
165 0.146067 0.0937668 0.0030477
166 0.146067 0.093493 0.00303371
167 0.158918 0.0998561 0.00278578
168 0.158918 0.102026 0.00259376
169 0.158918 0.106763 0.00228789
170 0.158918 0.107835 0.00207948
171 0.158918 0.103068 0.00262513
172 0.159448 0.101864 0.00270066
173 0.159448 0.103297 0.00247751
174 0.159448 0.0983908 0.00292369
175 0.159448 0.0984304 0.00289713
176 0.159448 0.107415 0.00211457
177 0.159448 0.103397 0.00243424
178 0.159448 0.103909 0.00241738
179 0.160039 0.100732 0.00273921
180 0.160039 0.0990289 0.00294595
181 0.160039 0.0951229 0.0030543
182 0.160039 0.0970157 0.00295276
183 0.160039 0.0978608 0.00299317
184 0.160039 0.100617 0.00285078
185 0.160039 0.106453 0.0023506
186 0.160039 0.0951618 0.00304044
187 0.160039 0.0983416 0.00296345
188 0.160039 0.0924838 0.00335624
189 0.160039 0.0924314 0.00335415
190 0.160039 0.088972 0.00349227
191 0.160039 0.0967265 0.0031395
192 0.160039 0.094318 0.0033177
193 0.160039 0.0959383 0.00319206
194 0.160039 0.0991212 0.00303148
195 0.160039 0.103027 0.00274754
196 0.160039 0.0957745 0.00319117
197 0.160039 0.0949698 0.00326469
198 0.160039 0.0943445 0.00336781
199 0.160039 0.0942474 0.00316667
200 0.293938 0.0981582 0.00353426
201 0.293938 0.104421 0.00313504
202 0.293938 0.107571 0.00302296
203 0.293938 0.097286 0.00372527
204 0.293938 0.103074 0.00320477
205 0.293938 0.106047 0.0029305
206 0.293938 0.105882 0.00292575
207 0.293938 0.105721 0.00301315
208 0.293938 0.103987 0.00297751
209 0.293938 0.100164 0.00350536
210 0.293938 0.0994996 0.00355876
211 0.293938 0.0897768 0.00393106
212 0.293938 0.0954256 0.00367523
213 0.293938 0.100469 0.00362357
214 0.293938 0.0945926 0.00393529
215 0.293938 0.0998279 0.00373907
216 0.293938 0.101164 0.00358455
217 0.293938 0.0996614 0.0036065
218 0.293938 0.103623 0.00342232
219 0.293938 0.0967359 0.00404435
220 0.293938 0.0928149 0.00409787
221 0.293938 0.0900081 0.00404561
222 0.293938 0.103651 0.00332888
223 0.293938 0.1051 0.00328611
224 0.293938 0.0993586 0.00373606
225 0.293938 0.10283 0.003411
226 0.293938 0.102911 0.00373283
227 0.293938 0.0979058 0.00398154
228 0.293938 0.0942266 0.00416955
229 0.293938 0.0991219 0.0038968
230 0.293938 0.0919579 0.00426677
231 0.293938 0.105626 0.00333239
232 0.293938 0.0944037 0.00410769
233 0.293938 0.0992472 0.00378301
234 0.293938 0.100618 0.00370271
235 0.293938 0.108991 0.00297332
236 0.293938 0.111877 0.00286529
237 0.500326 0.113268 0.00456887
237 0.453222 0.00977077 0.00342579
238 0.453222 0.00977077 0.00342579
239 0.453222 0.00977077 0.00342579
240 0.453222 0.00977077 0.00342579
241 0.453222 0.0129004 0.0043435
242 0.453222 0.0129004 0.0043435
243 0.453222 0.0136558 0.00438087
244 0.453222 0.0181539 0.00554237
245 0.453222 0.0214297 0.00619261
246 0.453222 0.0214297 0.00619261
247 0.453222 0.0214297 0.00619261
248 0.453222 0.024675 0.00710527
249 0.453222 0.024675 0.00710527
250 0.453222 0.0284417 0.00830323
251 0.453222 0.027848 0.00830627
252 0.453222 0.0340692 0.0100362
253 0.453222 0.0374397 0.0107314
254 0.453222 0.0368148 0.0107932
255 0.507003 0.0411591 0.0132261
256 0.507003 0.0485827 0.0149455
257 0.507003 0.0456363 0.0154615
258 0.507003 0.0424619 0.0152913
259 0.507003 0.0451882 0.0161938
260 0.507003 0.0495764 0.0171198
261 0.507003 0.0455591 0.0164746
262 0.507003 0.0548606 0.0198722
263 0.507003 0.0473281 0.0177922
264 0.507003 0.0435277 0.0174115
265 0.507003 0.0607087 0.0220906
266 0.507003 0.0639055 0.022787
267 0.507003 0.0567795 0.0222287
268 0.521797 0.0546951 0.0221696
269 0.521797 0.0528244 0.0215138
270 0.521797 0.0505838 0.0210227
271 0.521797 0.0555413 0.0225725
272 0.521797 0.0636477 0.0253794
273 0.521797 0.0557598 0.0223372
274 0.521797 0.050732 0.0214191
275 0.521797 0.0535529 0.0226574
276 0.521797 0.0505646 0.0214551
277 0.521797 0.0632608 0.0248923
278 0.521797 0.0525807 0.0217707
279 0.521797 0.0554699 0.0231277
280 0.521797 0.0588892 0.0228346
281 0.521797 0.05363 0.0218347
282 0.521797 0.0567166 0.0226477
283 0.521797 0.0575948 0.0231257
284 0.521797 0.051262 0.0218472
285 0.521797 0.0565033 0.0235182
286 0.521797 0.0622566 0.023842
287 0.521797 0.0587034 0.024727
288 0.521797 0.0523292 0.021621
289 0.521797 0.0605793 0.0243282
290 0.521797 0.049269 0.0217001
291 0.521797 0.0568822 0.0226424
292 0.521797 0.0555234 0.0227733
293 0.521797 0.0607557 0.0240735
294 0.521797 0.0524893 0.0222977
295 0.521797 0.0668698 0.0266282
296 0.521797 0.0580978 0.0238263
297 0.521797 0.0618032 0.0253358
298 0.521797 0.0669179 0.0271326
299 0.521797 0.0679721 0.0271419
300 0.541792 0.063932 0.0265916
301 0.541792 0.0588972 0.023765
302 0.541792 0.0551499 0.0234907
303 0.541792 0.0648566 0.0252156
304 0.541792 0.059257 0.024524
305 0.541792 0.0558947 0.0249477
306 0.541792 0.0594985 0.0252824
307 0.541792 0.0592192 0.0257173
308 0.541792 0.0521124 0.0230472
309 0.544509 0.071259 0.0292536
310 0.544509 0.0605528 0.0263889
311 0.544509 0.0523231 0.0241737
312 0.544509 0.0650762 0.0279382
313 0.544509 0.0667436 0.0289382
314 0.544509 0.0521065 0.0247064
315 0.544509 0.0606951 0.0273241
316 0.544509 0.0619836 0.0268171
317 0.544509 0.0713418 0.0302398
318 0.544509 0.0678368 0.0292841
319 0.544509 0.0650745 0.0297477
320 0.544509 0.0611943 0.0275375
321 0.544514 0.0723652 0.032367
322 0.544514 0.064019 0.0282333
323 0.544514 0.0758037 0.0318223
324 0.544514 0.0666875 0.027573
325 0.544514 0.0682865 0.0302492
326 0.544514 0.0596793 0.0263415
327 0.544514 0.0597212 0.0280235
328 0.544514 0.0672909 0.0290346
329 0.544514 0.0680882 0.030738
330 0.544514 0.0684273 0.0289924
331 0.544514 0.0536963 0.0262171
332 0.544514 0.0539586 0.0261955
333 0.544514 0.067108 0.0308864
334 0.544514 0.0651835 0.0280414
335 0.544514 0.0593552 0.0287529
336 0.544514 0.0604298 0.0279517
337 0.544514 0.0582167 0.0269408
338 0.544514 0.0736574 0.0308597
339 0.544514 0.0562617 0.026813
340 0.544514 0.0658744 0.030091
341 0.544514 0.0609322 0.0289203
342 0.544514 0.0634831 0.028806
343 0.544514 0.0716149 0.0325865
344 0.544514 0.0657375 0.030925
345 0.544514 0.068668 0.0320234
346 0.544514 0.0652096 0.0299196
347 0.544514 0.066592 0.028214
348 0.544514 0.0655697 0.0302961
349 0.544514 0.0589126 0.0276901
350 0.544514 0.0571054 0.0268829
351 0.544514 0.067533 0.0299322
352 0.544514 0.0599444 0.0287379
353 0.544514 0.0764006 0.0332117
354 0.544514 0.0712443 0.0313203
355 0.544514 0.0602157 0.0279524
356 0.544514 0.0689336 0.0304837
357 0.544514 0.0690022 0.0305926
358 0.544514 0.0605121 0.0281621
359 0.544514 0.0622194 0.0283062
360 0.544514 0.0662478 0.0296461
361 0.544514 0.0604536 0.0281919
362 0.544772 0.0657788 0.0302949
363 0.544772 0.0618962 0.0282908
364 0.544772 0.0555524 0.0267338
365 0.544772 0.0661701 0.0310187
366 0.544772 0.0635994 0.0289421
367 0.544772 0.0626258 0.0290898
368 0.544772 0.0724251 0.0325581
369 0.544772 0.0568435 0.0268102
370 0.544772 0.068735 0.0307434
371 0.544772 0.0628131 0.0292762
372 0.544772 0.0593067 0.0271454
373 0.544772 0.0664074 0.0289228
374 0.544772 0.0557221 0.026765
375 0.544772 0.0697945 0.0316689
376 0.544772 0.0652399 0.028149
377 0.544772 0.0617821 0.0276237
378 0.544772 0.0720157 0.029497
379 0.544772 0.0625543 0.0283093
380 0.544772 0.0685066 0.031035
381 0.544772 0.0705681 0.0316254
382 0.544772 0.0601532 0.0278315
383 0.544772 0.0651379 0.0299542
384 0.544772 0.0589162 0.0283621
385 0.544772 0.0607368 0.0286223
386 0.544772 0.068537 0.0307676
387 0.544772 0.063376 0.0287945
388 0.544772 0.0655856 0.0298992
389 0.544772 0.0543349 0.026839
390 0.544772 0.0708819 0.0311543
391 0.544772 0.0612226 0.0284402
392 0.544772 0.0605704 0.0291268
393 0.544772 0.0703391 0.0320445
394 0.544772 0.0680802 0.0305012
395 0.544772 0.0645209 0.0286829
396 0.544772 0.0667712 0.0309956
397 0.544772 0.0689876 0.0318561
398 0.544772 0.0828494 0.0366132
399 0.544772 0.0620827 0.029495
400 0.544772 0.0661488 0.0289803
401 0.544772 0.0652537 0.0294021
402 0.544772 0.0712489 0.0320536
403 0.544772 0.0737097 0.0333327
404 0.544772 0.0742374 0.0315804
405 0.544772 0.072295 0.0321933
406 0.544772 0.0551687 0.0269049
407 0.544772 0.0617153 0.0291336
408 0.544772 0.073958 0.0325714
409 0.544772 0.0745305 0.031407
410 0.544772 0.0652107 0.0295303
411 0.544772 0.0653381 0.0293013
412 0.544772 0.0569205 0.0270123
413 0.544772 0.0544286 0.0269315
414 0.544772 0.0659524 0.0306525
415 0.544772 0.0590314 0.0285456
416 0.544772 0.0614799 0.0286485
417 0.544772 0.0605091 0.02839
418 0.544772 0.0672651 0.0305156
419 0.544772 0.0612002 0.0287463
420 0.544772 0.0615784 0.0286034
421 0.544772 0.0573266 0.0272146
422 0.544772 0.0557177 0.0269634
423 0.544772 0.0570019 0.0273159
424 0.544772 0.0558741 0.0269887
425 0.544772 0.0655644 0.0291278
426 0.544772 0.0748702 0.0329893
427 0.544772 0.0667263 0.0303565
428 0.544772 0.0752412 0.0338246
429 0.544772 0.0710871 0.0328872
430 0.544772 0.0674054 0.0310268
431 0.544772 0.0750045 0.0325015
432 0.544772 0.0696084 0.0295661
433 0.544772 0.0564952 0.027145
434 0.544772 0.0622535 0.0292243
435 0.544772 0.0769677 0.0323132
436 0.544772 0.0653637 0.0288843
437 0.544772 0.0544484 0.0269512
438 0.544772 0.0576916 0.0276463
439 0.54504 0.0614474 0.0293748
440 0.54504 0.0645363 0.0292669
441 0.54504 0.0618314 0.0291406
442 0.54504 0.0548992 0.026923
443 0.54504 0.0588291 0.0283907
444 0.54504 0.075993 0.0333887
445 0.54504 0.0755017 0.0330618
446 0.54504 0.0658715 0.0307837
447 0.54504 0.0544636 0.0269662
448 0.54504 0.0729188 0.0334174
449 0.54504 0.0710785 0.0312811
450 0.54504 0.0691706 0.0315517
451 0.54504 0.0768712 0.0348876
452 0.54504 0.0740614 0.0319017
453 0.54504 0.0629265 0.0298078
454 0.54504 0.0674059 0.0305398
455 0.54504 0.0769215 0.0336007
456 0.54504 0.0643701 0.0295619
457 0.54504 0.0630704 0.0294549
458 0.54504 0.0600664 0.0293191
459 0.54504 0.0673731 0.0311619
460 0.54504 0.0628096 0.0294033
461 0.54504 0.0598015 0.0276603
462 0.54504 0.0584411 0.0277329
463 0.54504 0.0635591 0.0281606
464 0.54504 0.0740165 0.0328388
465 0.54504 0.0725923 0.033012
466 0.54504 0.0629493 0.0296488
467 0.54504 0.0649672 0.0286247
468 0.54504 0.0559964 0.0270461
469 0.54504 0.0599302 0.0293531
470 0.54504 0.0569625 0.0272795
471 0.54504 0.0598654 0.027572
472 0.54504 0.0589967 0.0278739
473 0.54504 0.0681218 0.0318954
474 0.54504 0.0624681 0.0288298
475 0.54504 0.0716132 0.0323266
476 0.54504 0.0676418 0.0303577
477 0.54504 0.0748744 0.0344356
478 0.54504 0.0647811 0.0293054
479 0.54504 0.0693073 0.0313074
480 0.54504 0.0545232 0.0269894
481 0.54504 0.0579054 0.0275118
482 0.54504 0.0592759 0.0276627
483 0.54504 0.0601094 0.0274391
484 0.54504 0.0747568 0.0321615
485 0.54504 0.0715345 0.0309893
486 0.54504 0.0644896 0.0301325
487 0.54504 0.068098 0.0311953
488 0.54504 0.0704461 0.0313563
489 0.54504 0.0678645 0.0315152
490 0.54504 0.0703507 0.0309797
491 0.54504 0.0653974 0.0316802
492 0.54504 0.0687625 0.0312871
493 0.54504 0.0649607 0.0312666
494 0.54504 0.0678022 0.0317555
495 0.54504 0.0784846 0.033993
496 0.54504 0.0617094 0.0278714
497 0.54504 0.0639499 0.029816
498 0.54504 0.0614043 0.028514
499 0.54504 0.0673149 0.0308662
500 0.54504 0.0609372 0.0269352
501 0.54504 0.0636073 0.0274879
502 0.54504 0.0575518 0.0272592
503 0.54504 0.0621302 0.0293584
504 0.54504 0.0611342 0.0279199
505 0.54504 0.0556155 0.0269544
506 0.54504 0.05658 0.0271281
507 0.54504 0.0613405 0.0288425
508 0.54504 0.0671903 0.0302737
509 0.54504 0.0643107 0.0292736
510 0.54504 0.0556068 0.0269527
511 0.54504 0.0617108 0.0294677
512 0.54504 0.057049 0.0273705
513 0.54504 0.0676591 0.0306703
514 0.54504 0.067923 0.0299095
515 0.54504 0.0701305 0.0306988
516 0.54504 0.067256 0.0308609
517 0.54504 0.0611688 0.0288181
518 0.54504 0.0592055 0.0279028
519 0.54504 0.0546229 0.0269886
520 0.54504 0.0763163 0.0319422
521 0.54504 0.0572788 0.0274677
522 0.54504 0.0644606 0.0307595
523 0.54504 0.0544985 0.0270007
524 0.54504 0.0588125 0.0273592
525 0.54504 0.0550158 0.0269705
526 0.54504 0.0664784 0.0308565
527 0.54504 0.0721138 0.0314711
528 0.54504 0.0589597 0.02781
529 0.54504 0.0656837 0.0303661
530 0.54504 0.0627943 0.0294871
531 0.54504 0.0607515 0.0280838
532 0.54504 0.0627862 0.0293418
533 0.54504 0.0676112 0.0315358
534 0.54504 0.0686689 0.0312758
535 0.54504 0.0545003 0.0270026
536 0.54504 0.0628568 0.0298382
537 0.54504 0.0699827 0.0300691
538 0.54504 0.0581418 0.0271259
539 0.54504 0.0629439 0.0284411
540 0.54504 0.0670909 0.0301425
541 0.54504 0.0697034 0.0318313
542 0.54504 0.0681127 0.0316336
543 0.54504 0.0624423 0.0290742
544 0.54504 0.0697697 0.0319783
545 0.54504 0.057042 0.0270287
546 0.54504 0.0605415 0.0275094
547 0.54504 0.0618535 0.0281099
548 0.54504 0.0675073 0.0295523
549 0.54504 0.0583743 0.0275268
550 0.54504 0.0595784 0.0277228
551 0.54504 0.0654799 0.0299533
552 0.54504 0.0633536 0.0291618
553 0.54504 0.0556036 0.0269944
554 0.54504 0.0660934 0.0308117
555 0.54504 0.0622622 0.0281252
556 0.54504 0.0660397 0.0303224
557 0.54504 0.0548791 0.0269771
558 0.54504 0.0602329 0.0280771
559 0.54504 0.0575866 0.0276162
560 0.54504 0.0575605 0.0273266
561 0.54504 0.0657186 0.0290529
562 0.54504 0.0688581 0.0307857
563 0.54504 0.0633526 0.0301192
564 0.54504 0.0557403 0.0269478
565 0.54504 0.0554089 0.0269876
566 0.54504 0.0606713 0.0276506
567 0.54504 0.0573853 0.0270991
568 0.54504 0.0590165 0.0274476
569 0.54504 0.059031 0.028557
570 0.54504 0.0619688 0.0293218
571 0.54504 0.069806 0.0313403
572 0.54504 0.0569796 0.0273465
573 0.54504 0.0585476 0.0275283
574 0.54504 0.0561939 0.0269652
575 0.54504 0.0659778 0.0299687
576 0.54504 0.054504 0.0270062
577 0.54504 0.0591871 0.0275374
578 0.54504 0.0686168 0.0320411
579 0.54504 0.0621585 0.0284147
580 0.54504 0.0640469 0.0287614
581 0.54504 0.0673218 0.0310068
582 0.54504 0.0666845 0.030167
583 0.54504 0.0558822 0.0270444
584 0.54504 0.0593651 0.0273422
585 0.54504 0.0662854 0.0297401
586 0.54504 0.0579226 0.0272479
587 0.54504 0.0587621 0.0272628
588 0.54504 0.0681508 0.0291296
589 0.54504 0.0561583 0.0270261
590 0.54504 0.0669891 0.0310038
591 0.54504 0.0555945 0.0269894
592 0.54504 0.0591373 0.0275626
593 0.54504 0.0545099 0.0270056
594 0.54504 0.0547318 0.0269859
595 0.54504 0.0634692 0.0291275
596 0.54504 0.0612347 0.0283319
597 0.54504 0.0615111 0.0294305
598 0.54504 0.0562873 0.0271279
599 0.54504 0.0620471 0.0292384
600 0.54504 0.0736396 0.0337073
601 0.54504 0.0649727 0.0298684
602 0.54504 0.0718857 0.0313188
603 0.54504 0.0627527 0.0279758
604 0.54504 0.0719226 0.0316094
605 0.54504 0.0662487 0.030958
606 0.54504 0.0594726 0.0286517
607 0.54504 0.054504 0.0270062
608 0.54504 0.0574351 0.0275426
609 0.54504 0.0621139 0.0292603
610 0.54504 0.0632283 0.0286029
611 0.54504 0.0662591 0.0300476
612 0.54504 0.0690358 0.0302846
613 0.54504 0.0579872 0.0276393
614 0.54504 0.054504 0.0270062
615 0.54504 0.0564979 0.0271842
616 0.54504 0.0589419 0.0284871
617 0.54504 0.0592102 0.0287029
618 0.54504 0.0595494 0.0282501
619 0.54504 0.0609688 0.0276848
620 0.54504 0.0621033 0.0278371
621 0.54504 0.0579399 0.0277578
622 0.54504 0.0624698 0.0290779
623 0.54504 0.0666711 0.0298021
624 0.54504 0.0589041 0.0276924
625 0.54504 0.0660614 0.0298261
626 0.54504 0.0562332 0.0271148
627 0.54504 0.0637999 0.0297712
628 0.54504 0.0584605 0.028136
629 0.54504 0.0635572 0.0288608
630 0.54504 0.0726498 0.0313967
631 0.54504 0.060183 0.0278937
632 0.54504 0.0678012 0.0297444
633 0.54504 0.0593303 0.0277941
634 0.54504 0.0607412 0.0278192
635 0.54504 0.0653011 0.0303587
636 0.54504 0.063621 0.028024
637 0.54504 0.054504 0.0270062
638 0.54504 0.0593703 0.0275163
639 0.54504 0.0586457 0.0275591
640 0.54504 0.0599544 0.0293767
641 0.54504 0.0658476 0.03012
642 0.54504 0.0567524 0.0272642
643 0.54504 0.0716088 0.0330369
644 0.54504 0.061554 0.0280533
645 0.54504 0.0619388 0.0281842
646 0.54504 0.0588595 0.0274752
647 0.54504 0.0610735 0.0284007
648 0.54504 0.0672129 0.0310814
649 0.54504 0.0603638 0.0278369
650 0.547785 0.063613 0.0298983
651 0.547785 0.0621289 0.027909
652 0.547785 0.0599538 0.0283825
653 0.547785 0.0574426 0.0273872
654 0.547785 0.0599198 0.0293433
655 0.548438 0.0787503 0.0353419
656 0.548438 0.0613681 0.0293968
657 0.548438 0.0545654 0.0270673
658 0.548438 0.0570525 0.0274117
659 0.548438 0.0610148 0.0277373
660 0.548438 0.0598728 0.0277689
661 0.548438 0.0594807 0.0272466
662 0.548438 0.0545654 0.0270673
663 0.548438 0.0627258 0.0284053
664 0.548438 0.0693086 0.0308105
665 0.548438 0.0566048 0.0271472
666 0.548438 0.0573169 0.02741
667 0.548438 0.0600703 0.0275833
668 0.548438 0.056818 0.027169
669 0.548438 0.0621907 0.028701
670 0.548438 0.05841 0.0271323
671 0.548438 0.0606863 0.0283213
672 0.548438 0.0669662 0.0297687
673 0.548438 0.0568683 0.0273438
674 0.548438 0.0589914 0.0280339
675 0.548438 0.0607066 0.0293574
676 0.548438 0.0609979 0.029013
677 0.548438 0.0686281 0.0320042
678 0.548438 0.061528 0.0295029
679 0.548438 0.0598512 0.0275763
680 0.548438 0.0656371 0.0289325
681 0.548438 0.057898 0.0278216
682 0.548438 0.0545909 0.0270926
683 0.548438 0.0616728 0.0293625
684 0.548438 0.0602586 0.028544
685 0.548438 0.0644791 0.0300487
686 0.548438 0.0600413 0.0294622
687 0.548438 0.0583116 0.0280666
688 0.548438 0.0599946 0.0294167
689 0.548438 0.0609536 0.0294255
690 0.548438 0.056536 0.02718
691 0.548438 0.062384 0.029635
692 0.548438 0.0565389 0.0272489
693 0.548438 0.0672032 0.0295635
694 0.548438 0.0591123 0.0276422
695 0.548438 0.0660076 0.0314534
696 0.548438 0.0683493 0.029754
697 0.548438 0.0749133 0.0339815
698 0.548438 0.065578 0.0289318
699 0.548438 0.0632639 0.0298857
700 0.548438 0.0691655 0.0303312
701 0.548438 0.0675826 0.0299972
702 0.548438 0.0566373 0.0269734
703 0.548438 0.0556011 0.0270185
704 0.548438 0.0559399 0.0271258
705 0.548438 0.0618972 0.0283842
706 0.548438 0.0583883 0.0277379
707 0.548438 0.067891 0.0300624
708 0.548438 0.0588941 0.0274356
709 0.548438 0.0606072 0.0284672
710 0.548438 0.0626237 0.0295905
711 0.548438 0.0642672 0.0299532
712 0.548438 0.0681904 0.0304003
713 0.548438 0.0632511 0.0301119
714 0.548438 0.0681981 0.0319392
715 0.548438 0.0704944 0.0309683
716 0.548438 0.0638546 0.0290276
717 0.548438 0.0546102 0.0271117
718 0.548438 0.0597105 0.0279343
719 0.548438 0.0671136 0.0307184
720 0.548438 0.0698999 0.0320225
721 0.548438 0.0610059 0.0288838
722 0.548438 0.0581186 0.0279622
723 0.548438 0.0663925 0.0305033
724 0.548438 0.0640346 0.0285567
725 0.548438 0.0584159 0.0274766
726 0.548438 0.0648679 0.0298522
727 0.548438 0.0601127 0.0276356
728 0.548438 0.0638325 0.0293478
729 0.548438 0.064142 0.0298182
730 0.548438 0.0612783 0.0287838
731 0.548438 0.0660843 0.0299185
732 0.548438 0.0564917 0.0271124
733 0.548438 0.0670529 0.0311076
734 0.548438 0.0613345 0.0294583
735 0.548438 0.0607911 0.0294643
736 0.548438 0.068239 0.0302879
737 0.548438 0.0644045 0.0298854
738 0.548438 0.0559974 0.027167
739 0.548438 0.0708868 0.0323264
740 0.548438 0.0613461 0.0286573
741 0.548613 0.0698769 0.031685
742 0.548613 0.0683178 0.030464
743 0.548613 0.0555761 0.0271488
744 0.548613 0.0655778 0.0304715
745 0.548613 0.0597626 0.0292018
746 0.548613 0.0640285 0.0305921
747 0.548613 0.0607745 0.027962
748 0.548613 0.0585285 0.0282402
749 0.548613 0.0600027 0.0276088
750 0.548613 0.0672839 0.0300794
751 0.548613 0.0588512 0.0274762
752 0.548613 0.0618456 0.0296741
753 0.548613 0.0663912 0.0290735
754 0.548613 0.0581652 0.0274939
755 0.548613 0.0672463 0.0317112
756 0.548613 0.059776 0.0279478
757 0.548613 0.0607007 0.0295713
758 0.548613 0.0642224 0.0298332
759 0.548613 0.0756422 0.0348344
760 0.548613 0.0596158 0.0285896
761 0.548613 0.0617465 0.0293124
762 0.548613 0.0722291 0.0340919
763 0.548613 0.0587289 0.027603
764 0.548613 0.0601804 0.0295989
765 0.548613 0.0659406 0.0305185
766 0.548613 0.0618132 0.0280821
767 0.548613 0.0590475 0.0273855
768 0.548613 0.060056 0.0281933
769 0.548613 0.0735745 0.031527
770 0.548613 0.0547528 0.0272534
771 0.548613 0.0687114 0.0293035
772 0.548613 0.0605565 0.0280256
773 0.548613 0.0563732 0.0272163
774 0.548613 0.0629099 0.0294893
775 0.548613 0.0695911 0.0322929
776 0.548613 0.0602821 0.0294538
777 0.548613 0.0575138 0.0272052
778 0.548613 0.0552903 0.0272203
779 0.548613 0.0772241 0.0347068
780 0.548613 0.0652364 0.0303967
781 0.548613 0.0696411 0.0328851
782 0.548613 0.0702203 0.0319789
783 0.548613 0.0721261 0.0326952
784 0.548864 0.0823094 0.0357685
785 0.548864 0.0620084 0.029629
786 0.548864 0.0606653 0.0283408
787 0.548864 0.0591891 0.0287408
788 0.548864 0.0633347 0.0288056
789 0.548864 0.0737069 0.0320691
790 0.548864 0.0635733 0.0295605
791 0.548864 0.0679032 0.0307468
792 0.548864 0.060203 0.0295004
793 0.548864 0.0669521 0.031104
794 0.548864 0.0603405 0.029678
795 0.548864 0.0641594 0.0298743
796 0.548864 0.0706043 0.0320654
797 0.548864 0.0700035 0.0318634
798 0.548864 0.0673128 0.0318372
799 0.548864 0.0548217 0.027322
800 0.548864 0.0658635 0.030534
801 0.548864 0.0572555 0.0272919
802 0.548864 0.0644572 0.0300988
803 0.548864 0.0663353 0.0305467
804 0.548864 0.055615 0.0272889
805 0.548864 0.0597408 0.0282176
806 0.548864 0.0637807 0.028601
807 0.548864 0.0712568 0.0321551
808 0.548864 0.0593644 0.0276177
809 0.548864 0.0624661 0.0277824
810 0.548864 0.0659261 0.0280568
811 0.548864 0.0672162 0.0299378
812 0.548864 0.0625785 0.0287322
813 0.548864 0.0692947 0.031129
814 0.548864 0.060404 0.0295007
815 0.548864 0.0600379 0.0273661
816 0.548864 0.0684801 0.0316765
817 0.548864 0.060295 0.0297078
818 0.548864 0.0624668 0.0286246
819 0.548864 0.0701714 0.031828
820 0.548864 0.0665103 0.0317912
821 0.548864 0.0601867 0.0290213
822 0.548864 0.0658827 0.0301678
823 0.548864 0.0626259 0.0292867
824 0.548864 0.0732948 0.0323664
825 0.548864 0.0613765 0.0284021
826 0.548864 0.0559238 0.027329
827 0.548864 0.0604762 0.0297138
828 0.548864 0.0638277 0.0298599
829 0.548864 0.0558239 0.0272922
830 0.548864 0.0579387 0.0279556
831 0.548864 0.0630304 0.0301189
832 0.548864 0.0604597 0.0296995
833 0.548864 0.065788 0.0320597
834 0.548864 0.0684151 0.0317133
835 0.548864 0.0694473 0.0328672
836 0.548864 0.0673399 0.0314579
837 0.549064 0.0626185 0.0297901
838 0.549064 0.0702751 0.0318873
839 0.549064 0.0822719 0.0361686
840 0.549064 0.061483 0.0289637
841 0.549064 0.0714005 0.0323035
842 0.549064 0.0596611 0.0289519
843 0.549064 0.0596917 0.0291587
844 0.549064 0.0634726 0.0293921
845 0.549064 0.0649673 0.03132
846 0.549064 0.0588225 0.02849
847 0.549064 0.0570619 0.0275984
848 0.549064 0.0573148 0.0273928
849 0.549064 0.0559311 0.0273406
850 0.549064 0.0624101 0.0297217
851 0.549064 0.0608787 0.029405
852 0.549064 0.0619462 0.0289216
853 0.549064 0.0656894 0.0293907
854 0.549064 0.0668365 0.0300749
855 0.549064 0.0699385 0.0322814
856 0.549064 0.0589916 0.0276309
857 0.549064 0.0553597 0.0273258
858 0.549064 0.0617597 0.0297406
859 0.549064 0.0568856 0.0275433
860 0.549064 0.0690514 0.0326941
861 0.549064 0.0548561 0.0273563
862 0.549064 0.0548561 0.0273563
863 0.549064 0.0726041 0.0338403
864 0.549128 0.0663243 0.0319155
865 0.549128 0.0588142 0.0280332
866 0.549128 0.0615742 0.0297211
867 0.549128 0.0648319 0.0300711
868 0.549128 0.0598047 0.0277001
869 0.549128 0.0584141 0.027444
870 0.549128 0.0747422 0.0339763
871 0.549128 0.067904 0.0299767
872 0.549128 0.0576168 0.0278177
873 0.549128 0.0640868 0.0306256
874 0.549128 0.0689536 0.032083
875 0.549128 0.06022 0.0296394
876 0.549128 0.0684277 0.0323815
877 0.549128 0.0586159 0.0277952
878 0.549128 0.0614687 0.0297033
879 0.549128 0.0650102 0.0301098
880 0.549128 0.0603105 0.029727
881 0.549128 0.0641773 0.0294932
882 0.549128 0.0600867 0.0284276
883 0.549128 0.0705178 0.032703
884 0.549543 0.0691298 0.0313476
885 0.549543 0.0728425 0.0342097
886 0.549543 0.0688573 0.0325952
887 0.549543 0.0697404 0.0318784
888 0.549543 0.0629065 0.0292932
889 0.549543 0.0623457 0.029255
890 0.549543 0.0739866 0.0335473
891 0.549543 0.0579169 0.0274345
892 0.549543 0.0637973 0.029901
893 0.549543 0.0548975 0.0273976
894 0.549543 0.0619857 0.0288684
895 0.549543 0.0565307 0.0273583
896 0.549543 0.0591943 0.0287673
897 0.549543 0.0620903 0.0290606
898 0.549543 0.0553506 0.0273679
899 0.549543 0.0686452 0.0322635
900 0.549543 0.0677767 0.029755
901 0.549543 0.0647486 0.0305495
902 0.549543 0.0607074 0.0293654
903 0.549543 0.0630595 0.0284445
904 0.549543 0.06776 0.0317773
905 0.549543 0.0630487 0.0301877
906 0.549543 0.0664272 0.0301443
907 0.549543 0.0728905 0.0334091
908 0.549543 0.0646572 0.0309043
909 0.549543 0.0631268 0.0288007
910 0.549543 0.0682098 0.0311211
911 0.549543 0.0671616 0.0307843
912 0.549543 0.0589966 0.0284561
913 0.549543 0.0720099 0.0340849
914 0.549543 0.055411 0.0273819
915 0.549543 0.0701427 0.0333312
916 0.549543 0.0604029 0.0298179
917 0.549543 0.0685458 0.032204
918 0.549543 0.0663362 0.0313884
919 0.549543 0.072292 0.0338002
920 0.549543 0.0570797 0.0276452
921 0.549543 0.0690587 0.0325132
922 0.549543 0.0576189 0.0278476
923 0.549543 0.0562258 0.0273691
924 0.549543 0.061163 0.0283936
925 0.549543 0.0753025 0.033505
926 0.549543 0.0608914 0.0297878
927 0.549543 0.0600224 0.0285828
928 0.549543 0.0654807 0.0316779
929 0.549543 0.066778 0.030371
930 0.549543 0.0637306 0.0305254
931 0.549543 0.0729245 0.0326956
932 0.549543 0.0713906 0.0314782
933 0.549543 0.064454 0.029648
934 0.549543 0.0623058 0.0281787
935 0.549543 0.0580252 0.0277448
936 0.549543 0.0635896 0.0300071
937 0.549543 0.0613901 0.0279878
938 0.549543 0.0556883 0.0273771
939 0.549735 0.0604238 0.0298386
940 0.549735 0.0594978 0.0289051
941 0.549735 0.0572299 0.0273838
942 0.549735 0.0604234 0.0298382
943 0.549735 0.0647446 0.0301854
944 0.549735 0.0680698 0.0320681
945 0.549735 0.0601438 0.0279104
946 0.549735 0.0680045 0.0323367
947 0.549735 0.0646732 0.0302188
948 0.549735 0.0674212 0.0301355
949 0.549735 0.0567703 0.0275674
950 0.549735 0.0604334 0.029848
951 0.549735 0.0567082 0.027558
952 0.549735 0.0688437 0.0306516
953 0.549735 0.0549937 0.0274366
954 0.549735 0.060489 0.0298399
955 0.549735 0.0652233 0.0297991
956 0.549735 0.0678261 0.0311574
957 0.549735 0.0690327 0.0305634
958 0.549735 0.0606857 0.0298301
959 0.549735 0.0584501 0.0278062
960 0.549735 0.0631827 0.0296658
961 0.549735 0.0754003 0.03479
962 0.549735 0.0624595 0.0297035
963 0.549735 0.061745 0.0294769
964 0.549735 0.0551463 0.0274386
965 0.549735 0.069826 0.0325624
966 0.549735 0.0614285 0.0293015
967 0.549735 0.0639298 0.0287326
968 0.549735 0.0631308 0.0296719
969 0.549735 0.0655552 0.0287736
970 0.549735 0.0726803 0.0329455
971 0.549735 0.0610084 0.0298317
972 0.549735 0.0549607 0.0274607
973 0.549735 0.0648915 0.0298974
974 0.549735 0.0611015 0.0292778
975 0.549735 0.0641808 0.0305803
976 0.549735 0.0629107 0.0294273
977 0.549735 0.0660432 0.0304156
978 0.549735 0.0605817 0.0282035
979 0.549735 0.0655608 0.0304361
980 0.549735 0.0549633 0.0274633
981 0.549735 0.0623651 0.0293622
982 0.549735 0.0625009 0.0296483
983 0.549735 0.0785921 0.0353278
984 0.549735 0.0681749 0.0297966
985 0.549735 0.0654797 0.0303513
986 0.549735 0.0601906 0.0296154
987 0.549735 0.0557752 0.027417
988 0.549735 0.065246 0.0301459
989 0.549735 0.0664298 0.0305162
990 0.549735 0.0695455 0.0300891
991 0.549735 0.0706049 0.0312943
992 0.549735 0.0626081 0.0297576
993 0.549735 0.0699974 0.0316186
994 0.549735 0.0850723 0.0370117
995 0.549735 0.0691072 0.0319334
996 0.549735 0.0645479 0.0302182
997 0.549735 0.0583105 0.0276914
998 0.549735 0.062551 0.0297919
999 0.549735 0.0683025 0.0307019
1000 0.549735 0.0654561 0.0297947
