0 0.12526 0.0638886 0.00394367
1 0.12526 0.0659119 0.00388645
2 0.125264 0.0770676 0.00367482
3 0.125264 0.0790002 0.00366284
4 0.125274 0.0878064 0.00328626
5 0.125274 0.0880991 0.00322325
6 0.125274 0.092505 0.00297777
7 0.125274 0.10274 0.00231024
8 0.125274 0.10284 0.00229225
9 0.125274 0.105314 0.00208996
10 0.125278 0.107763 0.00187661
11 0.125278 0.112629 0.0014237
12 0.125278 0.111533 0.00151873
13 0.125278 0.111955 0.00144698
14 0.14995 0.11429 0.00127408
15 0.14995 0.112878 0.00143494
16 0.14995 0.118008 0.000875378
17 0.14995 0.117539 0.000903622
18 0.14995 0.117734 0.000892584
19 0.14995 0.116722 0.000944426
20 0.14995 0.114278 0.00127391
21 0.14995 0.104679 0.00215368
22 0.14995 0.108452 0.0018265
23 0.149992 0.111973 0.00155496
24 0.149992 0.111289 0.00159067
25 0.149992 0.109546 0.00172402
26 0.149992 0.103737 0.00221486
27 0.212303 0.107365 0.00214963
28 0.212303 0.114544 0.00142467
29 0.212303 0.108353 0.00199707
30 0.212303 0.112841 0.00167162
31 0.212303 0.111706 0.00177141
32 0.212303 0.115484 0.00138173
33 0.212303 0.118803 0.00119308
34 0.23736 0.11455 0.00202333
35 0.23736 0.118396 0.00164857
36 0.2563 0.117427 0.00205953
37 0.2563 0.114082 0.0024003
38 0.2563 0.113212 0.00249125
39 0.348145 0.112789 0.00345572
40 0.348145 0.114871 0.00353804
41 0.348145 0.118394 0.00363169
42 0.395762 0.125398 0.00569392
43 0.395762 0.124529 0.00540534
44 0.395762 0.126577 0.00510703
45 0.438306 0.126698 0.00745359
46 0.438306 0.125125 0.00820047
47 0.438306 0.128845 0.00946899
48 0.438306 0.129947 0.010371
49 0.52322 0.135482 0.0118097
49 0.53479 0.0605052 0.0159966
50 0.53479 0.0573626 0.0155242
51 0.53479 0.0617719 0.0176919
52 0.53479 0.0720542 0.0200567
53 0.53479 0.0732269 0.0206759
54 0.53479 0.0678937 0.0210037
55 0.53479 0.0813225 0.0227798
56 0.53479 0.0920795 0.0280122
57 0.53479 0.0769433 0.0232338
58 0.53479 0.0788816 0.0249788
59 0.53479 0.079798 0.0263864
60 0.53479 0.0739026 0.0246704
61 0.53479 0.0695407 0.0241923
62 0.561472 0.0826114 0.0275323
63 0.561472 0.0958008 0.0290481
64 0.561472 0.0917682 0.0273918
65 0.561472 0.0955412 0.031789
66 0.561472 0.0998815 0.0305948
67 0.561472 0.110766 0.0347055
68 0.561472 0.112812 0.0317602
69 0.561472 0.102503 0.0318555
70 0.561472 0.107348 0.0355669
71 0.566025 0.105277 0.0352889
72 0.566025 0.106535 0.0365814
73 0.566025 0.11771 0.0374522
74 0.566025 0.112343 0.0366999
75 0.566025 0.0877148 0.0324696
76 0.566025 0.0778516 0.0299695
77 0.566025 0.102823 0.0349029
78 0.566025 0.103248 0.036419
79 0.566025 0.120796 0.0350291
80 0.566025 0.108902 0.0340848
81 0.566025 0.109132 0.035128
82 0.566025 0.114861 0.0344061
83 0.566025 0.12661 0.0367038
84 0.566025 0.106603 0.0334276
85 0.566025 0.128276 0.0370076
86 0.566025 0.120929 0.0357249
87 0.566025 0.109821 0.0336996
88 0.566025 0.125099 0.0414654
89 0.566025 0.118572 0.0362953
90 0.566025 0.110092 0.0400284
91 0.566025 0.09606 0.0344004
92 0.566025 0.0912892 0.0316799
93 0.566025 0.106992 0.0375247
94 0.566025 0.101732 0.0375265
95 0.566025 0.129371 0.0415846
96 0.566025 0.102702 0.0375878
97 0.566025 0.0977087 0.0351409
98 0.566025 0.101344 0.0375434
99 0.566025 0.114517 0.0404079
100 0.566025 0.117183 0.0417914
101 0.566025 0.109649 0.0411844
102 0.566025 0.115155 0.0388003
103 0.566025 0.137383 0.0443051
104 0.566025 0.136609 0.0423396
105 0.566025 0.139206 0.0439965
106 0.566025 0.128137 0.0437294
107 0.574123 0.140612 0.0408437
108 0.574123 0.121125 0.0370109
109 0.574123 0.11765 0.0376026
110 0.574123 0.10534 0.0370457
111 0.574123 0.114582 0.038766
112 0.574123 0.138369 0.0443108
113 0.574123 0.125097 0.0409029
114 0.574123 0.120623 0.0424673
115 0.574123 0.108272 0.0386582
116 0.574123 0.0974314 0.0363735
117 0.574123 0.101839 0.0361447
118 0.574123 0.114336 0.0386659
119 0.579364 0.144308 0.0446716
120 0.579364 0.123482 0.0422585
121 0.579364 0.136224 0.0459245
122 0.579364 0.133631 0.0444326
123 0.585359 0.140827 0.0500557
124 0.585359 0.138305 0.0480512
125 0.585359 0.129351 0.0442866
126 0.585359 0.147442 0.0493264
127 0.585359 0.14977 0.0496757
128 0.585359 0.137324 0.047667
129 0.585359 0.147516 0.0493777
130 0.585359 0.170733 0.0537613
131 0.591527 0.142976 0.0512258
132 0.591527 0.122001 0.0473918
133 0.591527 0.120935 0.0447647
134 0.591527 0.128497 0.0465921
135 0.591527 0.15745 0.0517864
136 0.591527 0.142689 0.0473899
137 0.591527 0.174706 0.0517181
138 0.591527 0.192631 0.0536561
139 0.591527 0.178957 0.0577072
140 0.591527 0.18382 0.0512273
141 0.594141 0.193204 0.0542529
142 0.594141 0.18169 0.0535049
143 0.594141 0.19094 0.0500209
144 0.594141 0.17113 0.0520481
145 0.594141 0.1578 0.0498403
146 0.594141 0.169501 0.0542031
147 0.594141 0.179844 0.0517598
148 0.598734 0.174343 0.0485656
149 0.598734 0.143214 0.0472299
150 0.598734 0.143399 0.0459489
151 0.598734 0.150493 0.0489727
152 0.598734 0.116799 0.0449283
153 0.599985 0.143134 0.0463506
154 0.599985 0.13897 0.0475993
155 0.599985 0.168072 0.0501288
156 0.599985 0.152909 0.0474143
157 0.599985 0.140954 0.0481863
158 0.599985 0.173037 0.0557925
159 0.599985 0.184428 0.0534703
160 0.599985 0.164349 0.0481129
161 0.599985 0.19879 0.0541025
162 0.599985 0.21387 0.0528737
163 0.599985 0.186861 0.0513696
164 0.599985 0.155148 0.0475955
165 0.601878 0.176199 0.048942
166 0.601878 0.15832 0.0477595
167 0.601878 0.159313 0.0478343
168 0.601878 0.162492 0.0469743
169 0.601878 0.164437 0.0503842
170 0.605085 0.172599 0.0536035
171 0.605085 0.165678 0.0479252
172 0.605085 0.167898 0.04639
173 0.605085 0.188796 0.0531721
174 0.605085 0.177843 0.0496008
175 0.605085 0.173261 0.0490647
176 0.605085 0.159997 0.0519396
177 0.605085 0.183602 0.0540384
178 0.605085 0.166493 0.0525714
179 0.605085 0.160793 0.0529315
180 0.605085 0.170628 0.0565687
181 0.605085 0.158812 0.0547993
182 0.605085 0.14112 0.046453
183 0.605085 0.150219 0.0467051
184 0.605085 0.150416 0.0516847
185 0.605085 0.157523 0.0483032
186 0.605085 0.165019 0.0524288
187 0.605085 0.150832 0.050239
188 0.605085 0.176392 0.0548476
189 0.605085 0.169736 0.052127
190 0.605085 0.180263 0.0526106
191 0.605085 0.177321 0.0551591
192 0.605085 0.164196 0.0541665
193 0.605085 0.173467 0.0531178
194 0.605085 0.194412 0.0547131
195 0.605085 0.201535 0.0593027
196 0.605085 0.186334 0.0549426
197 0.605085 0.172727 0.0513805
198 0.605085 0.159886 0.052215
199 0.605085 0.142346 0.0498079
200 0.605085 0.160831 0.0508885
201 0.605085 0.158835 0.0506924
202 0.605085 0.180838 0.051762
203 0.605085 0.159587 0.0497387
204 0.605085 0.18093 0.0537256
205 0.605085 0.16047 0.0502777
206 0.605085 0.178067 0.0539709
207 0.605085 0.178631 0.0517681
208 0.605085 0.181545 0.05303
209 0.605085 0.201469 0.0555063
210 0.605085 0.194255 0.0540559
211 0.605085 0.191796 0.0614252
212 0.605085 0.189814 0.0581775
213 0.605085 0.195711 0.056028
214 0.605085 0.206494 0.0539137
215 0.605085 0.199067 0.0538814
216 0.605085 0.195524 0.0517146
217 0.605085 0.181904 0.051117
218 0.605085 0.174863 0.0536629
219 0.605085 0.179162 0.0552694
220 0.605531 0.158564 0.0517284
221 0.605531 0.136271 0.0462611
222 0.605531 0.13689 0.044835
223 0.605531 0.174391 0.0513285
224 0.605531 0.157975 0.0489803
225 0.605531 0.139212 0.0435341
226 0.605531 0.155854 0.0500322
227 0.605531 0.169676 0.0502771
228 0.60844 0.185913 0.0510046
229 0.60844 0.168064 0.0472744
230 0.60844 0.173421 0.0487079
231 0.60844 0.185276 0.0521552
232 0.60844 0.171616 0.0520854
233 0.60844 0.162868 0.0530051
234 0.60844 0.164172 0.0476924
235 0.60844 0.1738 0.0544802
236 0.60844 0.182608 0.0548442
237 0.60844 0.18624 0.0497703
238 0.60844 0.188028 0.0513905
239 0.60844 0.201274 0.0540727
240 0.60844 0.21324 0.0552339
241 0.60844 0.184522 0.0510339
242 0.60844 0.176874 0.0531088
243 0.60844 0.183966 0.051233
244 0.60844 0.18427 0.0543818
245 0.60844 0.191863 0.0527483
246 0.60844 0.202741 0.0529825
247 0.60844 0.169906 0.0524962
248 0.60844 0.1549 0.0494796
249 0.60844 0.147984 0.0525478
250 0.60844 0.135429 0.0457976
251 0.60844 0.139493 0.0466739
252 0.60844 0.149549 0.0501481
253 0.60844 0.154261 0.0451781
254 0.60844 0.17004 0.0485728
255 0.60844 0.186477 0.0481274
256 0.60844 0.16678 0.0535637
257 0.60844 0.181476 0.0526677
258 0.60844 0.174033 0.0555001
259 0.60844 0.173361 0.0520099
260 0.60844 0.166865 0.0537483
261 0.60844 0.176827 0.0536347
262 0.60844 0.15561 0.0525958
263 0.60844 0.168751 0.0496384
264 0.60844 0.162466 0.0518205
265 0.60844 0.152299 0.0519254
266 0.60844 0.137739 0.0452845
267 0.60844 0.157534 0.0548082
268 0.60844 0.165015 0.0540868
269 0.60844 0.168977 0.0522293
270 0.60844 0.171349 0.0519265
271 0.60844 0.168106 0.0525298
272 0.60844 0.18679 0.0553351
273 0.60844 0.167873 0.0508262
274 0.60844 0.168815 0.0511564
275 0.60844 0.151226 0.0494066
276 0.60844 0.152541 0.0505734
277 0.60844 0.171488 0.0534678
278 0.60844 0.175515 0.0568971
279 0.60844 0.164347 0.0511462
280 0.60844 0.169711 0.0527781
281 0.609616 0.14975 0.0533063
282 0.609616 0.138723 0.0468392
283 0.609616 0.152652 0.0509491
284 0.609616 0.171153 0.0556249
285 0.609616 0.166156 0.0514007
286 0.609616 0.161517 0.0528622
287 0.609616 0.187624 0.0579287
288 0.609616 0.195813 0.0579765
289 0.609616 0.175492 0.0590896
290 0.609616 0.141945 0.0483723
291 0.609616 0.135917 0.0485792
292 0.609616 0.158973 0.0500006
293 0.609616 0.169715 0.0535834
294 0.609616 0.169303 0.0583702
295 0.609616 0.15602 0.0534318
296 0.609616 0.137753 0.0497414
297 0.609616 0.130027 0.0510622
298 0.609616 0.149411 0.053528
299 0.609616 0.105845 0.041566
300 0.609616 0.115106 0.0461006
301 0.609616 0.118601 0.0444179
302 0.609616 0.116102 0.0457379
303 0.609616 0.133944 0.0507005
304 0.609616 0.145481 0.0505812
305 0.609616 0.128999 0.0480761
306 0.609616 0.149349 0.0544223
307 0.609616 0.150416 0.0525846
308 0.609616 0.162187 0.0511798
309 0.609616 0.156382 0.0530641
310 0.609616 0.142163 0.0509917
311 0.609616 0.139408 0.0501886
312 0.609616 0.146896 0.0508524
313 0.609616 0.146794 0.0525613
314 0.609616 0.153886 0.0555974
315 0.609616 0.155616 0.0578816
316 0.609616 0.145857 0.0524125
317 0.609616 0.143255 0.0521174
318 0.609616 0.166345 0.0583549
319 0.609616 0.155191 0.0529024
320 0.609616 0.144125 0.0516835
321 0.609616 0.159543 0.0492736
322 0.609616 0.128385 0.0463103
323 0.609616 0.153924 0.0516193
324 0.609616 0.152005 0.0533244
325 0.609616 0.118342 0.0425036
326 0.609616 0.154014 0.0507765
327 0.609616 0.151181 0.0517371
328 0.609616 0.156413 0.0531825
329 0.609616 0.147254 0.0528874
330 0.609616 0.148608 0.055801
331 0.609616 0.132364 0.0487704
332 0.609616 0.160137 0.0548618
333 0.609616 0.161311 0.0509234
334 0.609616 0.17254 0.0489817
335 0.609616 0.177758 0.0542987
336 0.609687 0.179977 0.0569408
337 0.609687 0.165148 0.0558303
338 0.609687 0.171124 0.0553772
339 0.609687 0.148329 0.0526352
340 0.609687 0.164323 0.0578829
341 0.609687 0.159877 0.0561388
342 0.609687 0.135767 0.0506535
343 0.609687 0.148682 0.0527621
344 0.609687 0.163462 0.05639
345 0.609687 0.173593 0.0555925
346 0.609687 0.18132 0.0569111
347 0.609687 0.166757 0.0522597
348 0.609687 0.146296 0.0502122
349 0.609687 0.180251 0.0561144
350 0.609687 0.172756 0.0519179
351 0.609687 0.195055 0.0514663
352 0.609687 0.1689 0.0547236
353 0.609687 0.157544 0.0490037
354 0.609687 0.181657 0.0581016
355 0.609687 0.153381 0.053335
356 0.609687 0.140453 0.0481913
357 0.609687 0.14198 0.0540563
358 0.609687 0.159072 0.0538068
359 0.609687 0.164047 0.0550925
360 0.609687 0.197772 0.0581771
361 0.609687 0.197597 0.0585304
362 0.609687 0.161324 0.0521703
363 0.609687 0.16291 0.0523976
364 0.609687 0.192946 0.0613833
365 0.609687 0.182131 0.0605822
366 0.609687 0.172733 0.054576
367 0.609687 0.156531 0.0547015
368 0.609687 0.144489 0.0474695
369 0.609687 0.155231 0.0534218
370 0.609687 0.158301 0.0534509
371 0.609687 0.158686 0.0557535
372 0.609687 0.170584 0.0568628
373 0.609687 0.168953 0.055105
374 0.609687 0.157914 0.0566294
375 0.609687 0.14311 0.054244
376 0.609687 0.141965 0.0518161
377 0.609687 0.155595 0.054914
378 0.609687 0.153634 0.0567547
379 0.609687 0.139911 0.0500971
380 0.609687 0.165813 0.0543184
381 0.609687 0.158787 0.0565791
382 0.609687 0.161738 0.0547417
383 0.609687 0.167279 0.0544578
384 0.609687 0.178264 0.0526927
385 0.609687 0.149893 0.0477855
386 0.609687 0.166575 0.0558868
387 0.609687 0.176704 0.054821
388 0.609687 0.165936 0.0535496
389 0.609687 0.14873 0.0513066
390 0.609687 0.157406 0.0518503
391 0.609687 0.150319 0.0510438
392 0.609687 0.158616 0.0511736
393 0.609687 0.147592 0.0512578
394 0.609687 0.179354 0.0542307
395 0.609687 0.182006 0.0560472
396 0.609687 0.186705 0.0585112
397 0.609687 0.188069 0.0571498
398 0.609687 0.162078 0.0485064
399 0.609687 0.172367 0.0519508
400 0.609687 0.161333 0.0508953
401 0.609687 0.171406 0.0501954
402 0.609687 0.159594 0.0502363
403 0.609687 0.145355 0.0504284
404 0.609687 0.167776 0.0578506
405 0.609687 0.145719 0.0509008
406 0.609687 0.134793 0.047662
407 0.609687 0.166308 0.0531938
408 0.609687 0.169976 0.0567084
409 0.609687 0.147444 0.049445
410 0.609687 0.159512 0.0529655
411 0.609687 0.180241 0.0537215
412 0.609962 0.177284 0.0497101
413 0.609962 0.169897 0.0516225
414 0.609962 0.157468 0.0490979
415 0.609962 0.147957 0.0492435
416 0.609962 0.142321 0.0478193
417 0.609962 0.14582 0.0500929
418 0.609962 0.182107 0.0556931
419 0.609962 0.15234 0.0526683
420 0.609962 0.158151 0.0540857
421 0.609962 0.179338 0.0583412
422 0.609962 0.184722 0.0576572
423 0.609962 0.185746 0.0582631
424 0.609962 0.176545 0.0538063
425 0.609962 0.155853 0.0538751
426 0.609962 0.182485 0.0546067
427 0.609962 0.188329 0.0548578
428 0.609962 0.17277 0.0530347
429 0.609962 0.169493 0.0554215
430 0.609962 0.14781 0.0493109
431 0.609962 0.171614 0.0516615
432 0.609962 0.159943 0.0497956
433 0.609962 0.181807 0.0559404
434 0.609962 0.188293 0.0576348
435 0.609962 0.175002 0.0511301
436 0.609962 0.157844 0.0544161
437 0.609962 0.171518 0.0525203
438 0.609962 0.151749 0.0533386
439 0.609962 0.164628 0.0529195
440 0.609962 0.190896 0.0563522
441 0.609962 0.191589 0.0559969
442 0.609962 0.15092 0.0442902
443 0.609962 0.178567 0.0512863
444 0.609962 0.18177 0.0517167
445 0.609962 0.187619 0.049328
446 0.609962 0.167348 0.0503876
447 0.609962 0.177614 0.0491813
448 0.609962 0.171315 0.0497641
449 0.609962 0.178889 0.0485478
450 0.609962 0.205965 0.0548423
451 0.609962 0.184139 0.0554336
452 0.609962 0.191377 0.051159
453 0.609962 0.205202 0.0560863
454 0.609962 0.185335 0.0573338
455 0.609962 0.163942 0.0513327
456 0.609962 0.142353 0.047946
457 0.609962 0.140228 0.0471174
458 0.609962 0.174412 0.0518666
459 0.609962 0.186932 0.0556692
460 0.609962 0.176198 0.0506023
461 0.609962 0.157799 0.0526093
462 0.609962 0.153662 0.0508723
463 0.609962 0.142034 0.048343
464 0.609962 0.163815 0.0518683
465 0.609962 0.185729 0.0565128
466 0.609962 0.171949 0.0535454
467 0.609962 0.163621 0.0503528
468 0.609962 0.16031 0.0502137
469 0.609962 0.177383 0.0539535
470 0.609962 0.154622 0.0486262
471 0.609962 0.158853 0.0515669
472 0.609962 0.187052 0.0518763
473 0.609962 0.181 0.0548132
474 0.609962 0.201706 0.0579914
475 0.609962 0.22052 0.0569951
476 0.609962 0.204273 0.0543361
477 0.609962 0.184326 0.0539928
478 0.609962 0.187093 0.0522476
479 0.609962 0.199956 0.0553149
480 0.609962 0.184672 0.0507475
481 0.609962 0.182435 0.0525404
482 0.609962 0.188469 0.057346
483 0.609962 0.152657 0.0504639
484 0.609962 0.163865 0.05272
485 0.609962 0.160097 0.053946
486 0.609962 0.163252 0.0582215
487 0.609962 0.149487 0.0533542
488 0.609962 0.16692 0.0508573
489 0.609962 0.165912 0.0507038
490 0.609962 0.179941 0.0526742
491 0.609962 0.192298 0.0552762
492 0.609962 0.200018 0.0592035
493 0.609962 0.197219 0.0549706
494 0.609962 0.193429 0.0588795
495 0.609962 0.171688 0.053282
496 0.609962 0.215989 0.0546386
497 0.609962 0.206681 0.0540521
498 0.609962 0.199897 0.0556022
499 0.609962 0.184983 0.054164
500 0.609962 0.189155 0.0528455
501 0.609962 0.170423 0.0484637
502 0.609962 0.165268 0.0551775
503 0.609962 0.167195 0.0565667
504 0.609962 0.151388 0.0555681
505 0.609962 0.143299 0.054529
506 0.609962 0.156291 0.0556556
507 0.609962 0.175103 0.0571897
508 0.609962 0.16098 0.049635
509 0.609962 0.1782 0.0558996
510 0.609962 0.175311 0.0538529
511 0.609962 0.184452 0.0557127
512 0.609962 0.164318 0.0532532
513 0.609962 0.14527 0.0498711
514 0.609962 0.13709 0.0483242
515 0.609962 0.167237 0.0512842
516 0.609962 0.174259 0.0528348
517 0.609962 0.188863 0.0529718
518 0.609962 0.195736 0.0549231
519 0.609962 0.188074 0.055082
520 0.609962 0.166347 0.0512251
521 0.609962 0.187019 0.0532389
522 0.609962 0.170836 0.0557236
523 0.609962 0.202843 0.0517491
524 0.609962 0.184669 0.0464901
525 0.609962 0.16744 0.0483535
526 0.609962 0.172328 0.0505312
527 0.609962 0.169935 0.0488261
528 0.609962 0.164615 0.0524308
529 0.609962 0.143797 0.047952
530 0.609962 0.173668 0.0507592
531 0.609962 0.174414 0.0505951
532 0.609962 0.16447 0.0502709
533 0.609962 0.153829 0.0508378
534 0.609962 0.179083 0.0564766
535 0.609962 0.18405 0.0553065
536 0.609962 0.174608 0.0542314
537 0.609962 0.15314 0.0512502
538 0.609962 0.148999 0.0499206
539 0.609962 0.179559 0.0543931
540 0.609962 0.177446 0.0541327
541 0.609962 0.163719 0.0573683
542 0.609962 0.148142 0.0505267
543 0.609962 0.149926 0.051207
544 0.609962 0.148647 0.0528195
545 0.609962 0.15156 0.052189
546 0.609962 0.165657 0.0526152
547 0.609962 0.144392 0.0520955
548 0.609962 0.151843 0.0524436
549 0.609962 0.165428 0.052982
550 0.609962 0.16771 0.0506176
551 0.609962 0.172606 0.0556123
552 0.609962 0.169017 0.0557697
553 0.609962 0.187822 0.0582341
554 0.609962 0.155441 0.0527937
555 0.609962 0.171056 0.0557798
556 0.609962 0.178488 0.0542018
557 0.609962 0.164151 0.0495162
558 0.609962 0.157533 0.0504656
559 0.609962 0.150911 0.0519448
560 0.609962 0.166353 0.0522771
561 0.609962 0.144926 0.0503758
562 0.609962 0.134078 0.0514802
563 0.609962 0.112687 0.0440654
564 0.609962 0.14415 0.050601
565 0.609962 0.156705 0.0561628
566 0.609962 0.147934 0.0560346
567 0.609962 0.141928 0.0503132
568 0.609962 0.150341 0.05244
569 0.609962 0.142013 0.049368
570 0.609962 0.156497 0.0556654
571 0.609962 0.169214 0.0551151
572 0.609962 0.166412 0.0506579
573 0.609962 0.146328 0.0497257
574 0.609962 0.144768 0.0504637
575 0.609962 0.158719 0.0500497
576 0.609962 0.136865 0.043473
577 0.609962 0.152921 0.0503081
578 0.609962 0.162482 0.0530823
579 0.609962 0.139841 0.0506464
580 0.609962 0.16829 0.0562522
581 0.609962 0.171956 0.0536477
582 0.609962 0.160476 0.0515932
583 0.609962 0.13285 0.0479101
584 0.609962 0.162221 0.0515345
585 0.609962 0.184962 0.0552469
586 0.609962 0.190177 0.0555149
587 0.609962 0.185449 0.0574328
588 0.609962 0.163015 0.0548668
589 0.609962 0.148338 0.0512199
590 0.609962 0.178857 0.0538219
591 0.609962 0.182633 0.0584408
592 0.609962 0.196424 0.0548858
593 0.609962 0.177277 0.05139
594 0.609962 0.202493 0.0538699
595 0.609962 0.187629 0.058458
596 0.609962 0.162932 0.0529948
597 0.609962 0.197951 0.0548768
598 0.609962 0.182187 0.0547816
599 0.609962 0.162776 0.0472986
600 0.609962 0.16687 0.0520415
601 0.609962 0.196223 0.0572754
602 0.609962 0.203028 0.0610919
603 0.609962 0.183232 0.0603564
604 0.609962 0.147503 0.0508358
605 0.609962 0.151865 0.050813
606 0.609962 0.151306 0.0484098
607 0.609962 0.164085 0.0541307
608 0.609962 0.164302 0.0491689
609 0.609962 0.176912 0.0512444
610 0.609962 0.172822 0.0492532
611 0.609962 0.197178 0.05505
612 0.609962 0.160259 0.0522168
613 0.609962 0.167992 0.0505547
614 0.609962 0.170052 0.0509367
615 0.609962 0.179731 0.0535311
616 0.609962 0.163635 0.0470766
617 0.609962 0.173544 0.0500675
618 0.609962 0.169302 0.046003
619 0.609962 0.177075 0.0488858
620 0.609962 0.19945 0.050019
621 0.609962 0.194508 0.0545949
622 0.609962 0.202806 0.0569367
623 0.609962 0.18653 0.053723
624 0.609962 0.205474 0.05564
625 0.609962 0.196883 0.0559621
626 0.609962 0.180081 0.0519244
627 0.609962 0.184533 0.0550519
628 0.609962 0.160927 0.0516929
629 0.609962 0.167779 0.0510915
630 0.609962 0.193958 0.0583155
631 0.609962 0.172232 0.0526004
632 0.609962 0.174456 0.0507675
633 0.609962 0.178874 0.055123
634 0.609962 0.162725 0.0484575
635 0.609962 0.175507 0.0518416
636 0.609962 0.184216 0.0536983
637 0.609962 0.178708 0.0526613
638 0.609962 0.216305 0.0584749
639 0.609962 0.200815 0.0576505
640 0.609962 0.190841 0.0543707
641 0.609962 0.173001 0.0521501
642 0.609962 0.167275 0.0545493
643 0.609962 0.189858 0.0545212
644 0.609962 0.194159 0.058022
645 0.609962 0.147726 0.0501978
646 0.609962 0.140993 0.0460692
647 0.609962 0.149818 0.0520765
648 0.609962 0.15739 0.0525632
649 0.609962 0.16296 0.0534713
650 0.609962 0.164751 0.0523262
651 0.609962 0.150071 0.0485228
652 0.609962 0.147514 0.050963
653 0.609962 0.167423 0.0495681
654 0.609962 0.154793 0.0500588
655 0.609962 0.146693 0.0518253
656 0.609962 0.135636 0.0476152
657 0.609962 0.155153 0.056607
658 0.609962 0.169835 0.0563965
659 0.609962 0.170862 0.0560637
660 0.609962 0.167326 0.0510699
661 0.609962 0.141556 0.0497909
662 0.609962 0.121022 0.0486113
663 0.609962 0.134482 0.0508782
664 0.609962 0.125193 0.0445631
665 0.609962 0.126245 0.0485155
666 0.609962 0.134963 0.0483488
667 0.609962 0.128355 0.0505377
668 0.609962 0.122331 0.0489776
669 0.609962 0.14836 0.0486753
670 0.609962 0.160109 0.0490682
671 0.609962 0.18573 0.0536265
672 0.609962 0.171012 0.0551244
673 0.609962 0.152083 0.0492793
674 0.609962 0.150627 0.0503018
675 0.609962 0.176727 0.053325
676 0.609962 0.179586 0.0570485
677 0.609962 0.175747 0.0573831
678 0.609962 0.1848 0.0596413
679 0.609962 0.173201 0.0555689
680 0.609962 0.180775 0.0570301
681 0.609962 0.146294 0.051304
682 0.609962 0.155995 0.0522172
683 0.609962 0.147218 0.0525285
684 0.609962 0.12354 0.046935
685 0.609962 0.125341 0.0472864
686 0.609962 0.114377 0.0459497
687 0.609962 0.142607 0.0497066
688 0.609962 0.15129 0.0534583
689 0.609962 0.160778 0.0525692
690 0.609962 0.135481 0.0464433
691 0.609962 0.183715 0.0563405
692 0.609962 0.15907 0.0514993
693 0.609962 0.137605 0.0501023
694 0.609962 0.146564 0.0505266
695 0.609962 0.128131 0.050742
696 0.609962 0.161864 0.0531384
697 0.609962 0.15875 0.0478554
698 0.609962 0.14313 0.0495657
699 0.609962 0.140581 0.0471631
700 0.609962 0.167225 0.0528155
701 0.609962 0.150793 0.051156
702 0.609962 0.138568 0.0486738
703 0.609962 0.152247 0.0546727
704 0.609962 0.147736 0.0503991
705 0.609962 0.15216 0.0494908
706 0.609962 0.176413 0.0539973
707 0.609962 0.168338 0.0541507
708 0.609962 0.162704 0.0453417
709 0.609962 0.166354 0.0533829
710 0.609962 0.153313 0.0521299
711 0.609962 0.158365 0.0513837
712 0.609962 0.159227 0.052809
713 0.609962 0.143154 0.0478915
714 0.609962 0.185027 0.0556064
715 0.609962 0.167461 0.0563161
716 0.609962 0.157444 0.0547795
717 0.609962 0.17369 0.0543331
718 0.609962 0.152731 0.0503777
719 0.609962 0.173391 0.0573984
720 0.609962 0.188718 0.0590514
721 0.609962 0.16214 0.0483755
722 0.609962 0.17957 0.0521491
723 0.609962 0.180905 0.0531814
724 0.609962 0.139565 0.0491449
725 0.609962 0.129151 0.0481384
726 0.609962 0.142155 0.0483774
727 0.609962 0.151146 0.048192
728 0.609962 0.154733 0.0505019
729 0.609962 0.156278 0.0513043
730 0.609962 0.172876 0.0568874
731 0.609962 0.144294 0.0483718
732 0.609962 0.174508 0.0538738
733 0.609962 0.148396 0.0523768
734 0.609962 0.150048 0.0530514
735 0.609962 0.158172 0.0518001
736 0.609962 0.162848 0.0502002
737 0.609962 0.155362 0.0504475
738 0.609962 0.172322 0.054102
739 0.609962 0.186926 0.0575553
740 0.609962 0.187203 0.05199
741 0.609962 0.185223 0.0519373
742 0.609962 0.193296 0.0558529
743 0.609962 0.165883 0.0535444
744 0.609962 0.170041 0.055325
745 0.609962 0.138941 0.0500505
746 0.609962 0.135972 0.0506339
747 0.609962 0.142127 0.0505067
748 0.609962 0.140035 0.0508981
749 0.609962 0.155525 0.0530118
750 0.609962 0.169678 0.0545496
751 0.609962 0.159906 0.0521878
752 0.609962 0.171588 0.0570422
753 0.609962 0.156309 0.0542374
754 0.609962 0.162279 0.0546994
755 0.609962 0.167489 0.0544392
756 0.609962 0.175461 0.0534481
757 0.609962 0.16735 0.0538705
758 0.609962 0.184712 0.0563935
759 0.609962 0.174838 0.05276
760 0.609962 0.167709 0.0513039
761 0.609962 0.177207 0.0494877
762 0.609962 0.170071 0.0545962
763 0.609962 0.192865 0.0570041
764 0.609962 0.17697 0.0511819
765 0.609962 0.167999 0.0516694
766 0.609962 0.157275 0.0518582
767 0.609962 0.163127 0.0514232
768 0.609962 0.151671 0.053785
769 0.609962 0.155088 0.0516314
770 0.609962 0.19051 0.0588777
771 0.609962 0.156415 0.0524374
772 0.609962 0.157175 0.0533873
773 0.609962 0.140561 0.0502046
774 0.609962 0.151238 0.0524444
775 0.609962 0.134837 0.0493205
776 0.609962 0.133911 0.0489063
777 0.609962 0.140119 0.047838
778 0.609962 0.14467 0.0505564
779 0.609962 0.157981 0.0548889
780 0.609962 0.136157 0.0478223
781 0.609962 0.168252 0.0531968
782 0.609962 0.127839 0.0466049
783 0.609962 0.111393 0.0423135
784 0.609962 0.137638 0.0497879
785 0.609962 0.13723 0.0481824
786 0.609962 0.127284 0.0468038
787 0.609962 0.136493 0.0468227
788 0.609962 0.128705 0.0481833
789 0.609962 0.154354 0.0514589
790 0.609962 0.154203 0.0466415
791 0.609962 0.140303 0.0497925
792 0.609962 0.132485 0.0478866
793 0.609962 0.130474 0.0449236
794 0.609962 0.152082 0.0525914
795 0.609962 0.154695 0.0537136
796 0.609962 0.169119 0.0502936
797 0.609962 0.150018 0.0501962
798 0.609962 0.168738 0.0535664
799 0.609962 0.158454 0.0499151
800 0.609962 0.165078 0.0538784
801 0.609962 0.169121 0.0560817
802 0.609962 0.173384 0.0518247
803 0.609962 0.167435 0.0502936
804 0.609962 0.160918 0.052585
805 0.609962 0.167439 0.0509707
806 0.609962 0.159213 0.0527551
807 0.609962 0.172728 0.0528911
808 0.609962 0.163878 0.0512499
809 0.609962 0.139808 0.048482
810 0.609962 0.146747 0.0462456
811 0.609962 0.160899 0.0533722
812 0.609962 0.139615 0.0527496
813 0.609962 0.129552 0.0480408
814 0.609962 0.118043 0.0487118
815 0.609962 0.122858 0.0475487
816 0.609962 0.134965 0.0482903
817 0.609962 0.142008 0.0507462
818 0.609962 0.147203 0.0532209
819 0.609962 0.156122 0.0539171
820 0.609962 0.149475 0.0511883
821 0.609962 0.172661 0.0556722
822 0.609962 0.139619 0.0520841
823 0.609962 0.137013 0.0516899
824 0.609962 0.155573 0.0562399
825 0.609962 0.152466 0.0538858
826 0.609962 0.136497 0.0462883
827 0.609962 0.185155 0.0551065
828 0.609962 0.191343 0.0547548
829 0.609962 0.174824 0.0472561
830 0.609962 0.178189 0.0491818
831 0.609962 0.170701 0.052278
832 0.609962 0.188117 0.0562344
833 0.609962 0.174261 0.0507458
834 0.609962 0.163396 0.0545492
835 0.609962 0.175998 0.0540098
836 0.609962 0.199976 0.0588525
837 0.609962 0.164926 0.0474819
838 0.609962 0.174914 0.0505397
839 0.609962 0.173595 0.0504953
840 0.609962 0.20286 0.0541056
841 0.609962 0.19757 0.0571683
842 0.609962 0.203175 0.0545925
843 0.609962 0.172473 0.0520099
844 0.609962 0.186477 0.0554824
845 0.609962 0.189609 0.0558323
846 0.609962 0.202721 0.0553342
847 0.609962 0.177837 0.0544623
848 0.609962 0.196499 0.0576091
849 0.609962 0.18431 0.0532993
850 0.609962 0.186213 0.0538872
851 0.609962 0.191472 0.0525163
852 0.609962 0.170397 0.0512913
853 0.609962 0.186092 0.0482348
854 0.609962 0.191168 0.0526637
855 0.609962 0.177092 0.0524877
856 0.609962 0.163772 0.0493169
857 0.609962 0.147401 0.0502518
858 0.609962 0.176381 0.0517111
859 0.609962 0.1563 0.0477881
860 0.609962 0.171304 0.0531806
861 0.609962 0.169129 0.0522112
862 0.609962 0.155147 0.0501119
863 0.609962 0.156568 0.0504891
864 0.609962 0.139503 0.0434496
865 0.609962 0.143167 0.0512326
866 0.609962 0.154912 0.0515963
867 0.609962 0.149437 0.0491678
868 0.609962 0.141798 0.0493406
869 0.609962 0.131825 0.0497574
870 0.609962 0.164594 0.0562436
871 0.609962 0.167525 0.052377
872 0.609962 0.160189 0.0533295
873 0.609962 0.191834 0.0578472
874 0.609962 0.180839 0.0592199
875 0.609962 0.158982 0.0508387
876 0.609962 0.156063 0.0501197
877 0.609962 0.16332 0.0501655
878 0.609962 0.187952 0.0532793
879 0.609962 0.155148 0.054812
880 0.609962 0.154438 0.0513529
881 0.609962 0.149121 0.0479327
882 0.609962 0.143791 0.047736
883 0.609962 0.171801 0.0535444
884 0.609962 0.16982 0.0544334
885 0.609962 0.173919 0.0536714
886 0.609962 0.188785 0.056389
887 0.609962 0.17885 0.0558946
888 0.609962 0.159982 0.0555125
889 0.609962 0.153579 0.0515035
890 0.609962 0.139136 0.0457857
891 0.609962 0.141819 0.0491496
892 0.609962 0.151283 0.0523568
893 0.609962 0.175006 0.0544774
894 0.609962 0.188303 0.056064
895 0.609962 0.161914 0.0475182
896 0.609962 0.196572 0.0563343
897 0.609962 0.184153 0.0524081
898 0.609962 0.179018 0.0526733
899 0.609962 0.147161 0.0498938
900 0.609962 0.160081 0.052364
901 0.609962 0.135348 0.0472721
902 0.609962 0.168354 0.0515912
903 0.609962 0.14418 0.053374
904 0.609962 0.13424 0.0491316
905 0.609962 0.160646 0.0575231
906 0.609962 0.169561 0.0597382
907 0.609962 0.160942 0.0566615
908 0.609962 0.158366 0.0523691
909 0.609962 0.151873 0.0523207
910 0.609962 0.159202 0.0486327
911 0.609962 0.17993 0.0572309
912 0.609962 0.189298 0.0573263
913 0.609962 0.171529 0.0552438
914 0.609962 0.171823 0.0538469
915 0.609962 0.165406 0.0534858
916 0.609962 0.153628 0.0508362
917 0.609962 0.163167 0.0560389
918 0.609962 0.164107 0.0569114
919 0.609962 0.167694 0.0555413
920 0.609962 0.14539 0.0512865
921 0.609962 0.169011 0.0537092
922 0.609962 0.168385 0.0523169
923 0.609962 0.163331 0.0488432
924 0.609962 0.153321 0.0466301
925 0.609962 0.169802 0.0505937
926 0.609962 0.194376 0.0488281
927 0.609962 0.182301 0.049885
928 0.609962 0.20434 0.0514342
929 0.609962 0.194343 0.0524505
930 0.609962 0.184406 0.0517538
931 0.609962 0.181705 0.0526063
932 0.609962 0.167927 0.0533929
933 0.609962 0.17651 0.0513654
934 0.609962 0.176814 0.0584208
935 0.609962 0.152874 0.0552733
936 0.609962 0.157584 0.0500932
937 0.609962 0.163605 0.0524916
938 0.609962 0.159875 0.0506398
939 0.609962 0.165715 0.0511839
940 0.609962 0.190468 0.0523318
941 0.609962 0.169016 0.0522398
942 0.609962 0.17987 0.0563764
943 0.609962 0.176364 0.0529871
944 0.609962 0.148757 0.0464177
945 0.609962 0.1593 0.0487846
946 0.609962 0.189737 0.0555762
947 0.609962 0.181125 0.0530161
948 0.609962 0.197897 0.0592354
949 0.609962 0.165712 0.0552253
950 0.609962 0.165253 0.0533572
951 0.609962 0.156656 0.0503158
952 0.609962 0.166595 0.0558315
953 0.609962 0.185381 0.0527077
954 0.609962 0.183638 0.0545321
955 0.609962 0.155823 0.0511715
956 0.609962 0.155301 0.0548892
957 0.609962 0.163477 0.0532258
958 0.609962 0.168048 0.0490583
959 0.609962 0.16872 0.052975
960 0.609962 0.15395 0.0545531
961 0.609962 0.177213 0.0542699
962 0.609962 0.146772 0.0491604
963 0.609962 0.156769 0.0506325
964 0.609962 0.143037 0.0502169
965 0.609962 0.145748 0.0495484
966 0.609962 0.132327 0.0455957
967 0.609962 0.179131 0.0490456
968 0.609962 0.173461 0.0494619
969 0.609962 0.166546 0.0504853
970 0.609962 0.204897 0.0514705
971 0.609962 0.182607 0.0523783
972 0.609962 0.162921 0.051723
973 0.609962 0.158806 0.0458485
974 0.609962 0.174677 0.0504433
975 0.609962 0.165916 0.0492521
976 0.609962 0.1624 0.0486026
977 0.609962 0.182598 0.0565403
978 0.609962 0.146103 0.0486324
979 0.609962 0.138133 0.0519312
980 0.609962 0.156325 0.0491891
981 0.609962 0.163193 0.0496424
982 0.609962 0.154756 0.0489868
983 0.609962 0.169136 0.0554385
984 0.609962 0.155006 0.0514042
985 0.609962 0.168868 0.0555533
986 0.609962 0.181307 0.0580878
987 0.609962 0.156185 0.0524173
988 0.609962 0.184226 0.0568699
989 0.609962 0.150699 0.0499507
990 0.609962 0.150802 0.049851
991 0.609962 0.142191 0.0469245
992 0.609962 0.151709 0.0492306
993 0.609962 0.161558 0.0508302
994 0.609962 0.160717 0.0505876
995 0.609962 0.155383 0.0497202
996 0.609962 0.159444 0.0487472
997 0.609962 0.158986 0.0514955
998 0.609962 0.154165 0.0509945
999 0.609962 0.137202 0.0490666
1000 0.609962 0.157171 0.0507862
