0 0.125247 0.0667511 0.00389045
1 0.125273 0.0696476 0.00382868
2 0.125276 0.0816695 0.00355018
3 0.125276 0.0892278 0.00319615
4 0.125276 0.092244 0.0030053
5 0.125276 0.0946265 0.00283909
6 0.125276 0.102838 0.00220367
7 0.125276 0.104252 0.00211533
8 0.125276 0.111923 0.00143684
9 0.125276 0.108812 0.00170817
10 0.125276 0.106264 0.00195107
11 0.125277 0.107267 0.001857
12 0.125277 0.109068 0.00174785
13 0.125277 0.108022 0.00182458
14 0.125277 0.107028 0.00189997
15 0.125277 0.107063 0.00189131
16 0.125278 0.104189 0.00217618
17 0.125278 0.105286 0.0020934
18 0.125278 0.106251 0.00200487
19 0.125278 0.103135 0.00225299
20 0.125278 0.100136 0.00252845
21 0.125278 0.101484 0.00233967
22 0.125278 0.100242 0.00250679
23 0.125278 0.101091 0.00236933
24 0.125278 0.0991103 0.00258156
25 0.125278 0.096574 0.00266309
26 0.125278 0.101009 0.00238043
27 0.125278 0.101626 0.00238517
28 0.125278 0.10317 0.00223805
29 0.125278 0.110613 0.0015742
30 0.125278 0.109043 0.0017527
31 0.125278 0.11149 0.00152668
32 0.125278 0.113332 0.00129748
33 0.125278 0.110602 0.00157077
34 0.125278 0.110328 0.00157167
35 0.125278 0.111849 0.00145829
36 0.125278 0.116471 0.00101425
37 0.125278 0.118232 0.00078503
38 0.125278 0.117878 0.000842923
39 0.125278 0.116722 0.00095775
40 0.125278 0.117655 0.000891029
41 0.125278 0.121399 0.000460191
42 0.125278 0.121409 0.000459971
43 0.125278 0.121408 0.000460476
44 0.125278 0.122765 0.000284562
45 0.125278 0.12391 0.00015666
46 0.125278 0.123888 0.000156606
47 0.125278 0.121545 0.000424393
48 0.125278 0.125156 7.10935e-09
49 0.125278 0.120159 0.000607005
50 0.125278 0.120209 0.000593333
51 0.125278 0.117712 0.000876828
52 0.125278 0.122657 0.000310141
53 0.125278 0.122647 0.000310091
54 0.125278 0.120138 0.000607465
55 0.125278 0.122647 0.000310092
56 0.125278 0.125148 7.54305e-09
57 0.125278 0.122641 0.00031006
58 0.125278 0.121399 0.0004584
59 0.125278 0.12391 0.000156661
60 0.125278 0.122635 0.000310031
61 0.125278 0.12389 0.000156611
62 0.125278 0.120157 0.000606145
63 0.125278 0.117665 0.000890433
64 0.125278 0.117673 0.00088434
65 0.125278 0.121138 0.000464808
66 0.125278 0.120139 0.000607468
67 0.125278 0.122648 0.0003101
68 0.125278 0.122661 0.000310163
69 0.125278 0.121421 0.000458889
70 0.125278 0.123898 0.000156632
71 0.125278 0.123901 0.000156639
72 0.125278 0.121115 0.000458507
73 0.125278 0.123585 0.000160585
74 0.125278 0.121533 0.0004302
75 0.125278 0.122764 0.000284686
76 0.125278 0.123934 0.00014945
77 0.125278 0.12265 0.000310109
78 0.125278 0.123899 0.000156634
79 0.125278 0.122651 0.000310111
80 0.125278 0.120175 0.000602841
81 0.125278 0.121431 0.000452327
82 0.125278 0.12265 0.000308966
83 0.125278 0.123926 0.000147519
84 0.125278 0.118911 0.000750163
85 0.125278 0.118943 0.000737539
86 0.125278 0.117888 0.000836225
87 0.125278 0.114498 0.00118371
88 0.125278 0.120463 0.000540033
89 0.125278 0.121698 0.000395148
90 0.125278 0.119318 0.000667283
91 0.125278 0.117648 0.000892405
92 0.125278 0.113927 0.00128525
93 0.125278 0.117642 0.000892307
94 0.125278 0.120128 0.000607359
95 0.125278 0.121389 0.000460339
96 0.125278 0.117763 0.000867517
97 0.125278 0.120172 0.00060454
98 0.125278 0.122679 0.00030835
99 0.125278 0.121448 0.000450378
100 0.125278 0.123913 0.000156669
101 0.125278 0.123909 0.00015666
102 0.125278 0.122655 0.000310135
103 0.125278 0.118909 0.000751703
104 0.125278 0.122651 0.000310112
105 0.125278 0.120153 0.000607592
106 0.125278 0.120604 0.00051817
107 0.125278 0.122733 0.000292561
108 0.125278 0.121397 0.000460405
109 0.125278 0.119999 0.000608495
110 0.125278 0.115214 0.00114855
111 0.125278 0.117873 0.000842381
112 0.125278 0.117644 0.000892337
113 0.125278 0.115142 0.00116449
114 0.125278 0.113894 0.00129573
115 0.125278 0.112647 0.00142418
116 0.125278 0.11264 0.00142399
117 0.125278 0.120155 0.000607637
118 0.125278 0.120163 0.000607713
119 0.125278 0.11641 0.00102746
120 0.125278 0.118283 0.000781439
121 0.125278 0.120159 0.000607671
122 0.125278 0.120164 0.000607725
123 0.125278 0.122651 0.000309104
124 0.125278 0.120152 0.000606533
125 0.125278 0.116446 0.00101895
126 0.125278 0.117649 0.000892356
127 0.125278 0.113916 0.00128994
128 0.125278 0.106388 0.00201673
129 0.125278 0.111385 0.00154815
130 0.125278 0.108905 0.00178607
131 0.125278 0.110147 0.00166946
132 0.125278 0.11389 0.00129397
133 0.125278 0.113904 0.00129559
134 0.125278 0.112667 0.00141589
135 0.125278 0.114366 0.00120693
136 0.125278 0.117658 0.00089242
137 0.125278 0.11513 0.00116412
138 0.125278 0.112688 0.00141316
139 0.125278 0.111395 0.00154783
140 0.125278 0.111407 0.00154615
141 0.125278 0.108946 0.00177683
142 0.125278 0.111771 0.0014771
143 0.125278 0.1139 0.00129603
144 0.125278 0.111405 0.00154648
145 0.125278 0.107676 0.00189713
146 0.125278 0.110141 0.00167002
147 0.125278 0.112648 0.00142405
148 0.125278 0.116407 0.00102776
149 0.125278 0.115149 0.00116419
150 0.125278 0.117649 0.000891987
151 0.125278 0.116401 0.00103014
152 0.125278 0.115164 0.00116268
153 0.125278 0.112815 0.00138896
154 0.125278 0.116417 0.00102261
155 0.125278 0.111201 0.00154525
156 0.125279 0.108871 0.00178905
157 0.125279 0.115145 0.00116455
158 0.125279 0.110176 0.00166508
159 0.125279 0.113891 0.00129446
160 0.125279 0.117652 0.000891976
161 0.125279 0.116409 0.00102947
162 0.125279 0.113891 0.00129531
163 0.125279 0.118895 0.000751527
164 0.125279 0.115209 0.00115089
165 0.125279 0.116405 0.00102998
166 0.125279 0.118895 0.000751522
167 0.125279 0.116405 0.0010302
168 0.125279 0.116403 0.00102767
169 0.125279 0.118903 0.000750525
170 0.125279 0.118908 0.000748569
171 0.125279 0.117748 0.000868478
172 0.125279 0.117163 0.000906387
173 0.125279 0.1127 0.00141049
174 0.125279 0.108071 0.00179573
175 0.125279 0.105064 0.0020631
176 0.283793 0.115021 0.00159495
177 0.283793 0.111729 0.00196991
178 0.356185 0.116551 0.00229853
179 0.356185 0.114472 0.0029358
180 0.356185 0.115851 0.00351899
181 0.356185 0.11035 0.00403169
182 0.356185 0.114946 0.00373361
183 0.375268 0.11773 0.00516212
184 0.410037 0.119313 0.00652825
185 0.410037 0.122987 0.00686296
186 0.410037 0.130447 0.00785012
187 0.410037 0.134956 0.00955309
188 0.433001 0.137314 0.0103813
189 0.500616 0.136493 0.0106765
189 0.493649 0.0489368 0.0143442
190 0.505677 0.0578279 0.0176568
191 0.505677 0.0816958 0.0255085
192 0.505677 0.0787646 0.0260392
193 0.505677 0.0671537 0.0240964
194 0.505677 0.070891 0.0259122
195 0.512687 0.0695339 0.0256
196 0.512687 0.0650383 0.0234219
197 0.512687 0.0680948 0.024756
198 0.512687 0.0629658 0.0247331
199 0.512687 0.0814506 0.0274728
200 0.530543 0.0936452 0.031273
201 0.530543 0.0884491 0.0309116
202 0.530543 0.0849855 0.0310504
203 0.530543 0.0926243 0.0343117
204 0.530543 0.0797554 0.0286986
205 0.547668 0.0810208 0.0287907
206 0.547668 0.0962198 0.0323972
207 0.547668 0.112828 0.0356684
208 0.547668 0.0917595 0.0305443
209 0.547668 0.0902197 0.0317919
210 0.574309 0.0921943 0.0340139
211 0.574309 0.0988104 0.0347291
212 0.574309 0.0947906 0.035705
213 0.584032 0.0891295 0.0351387
214 0.584032 0.108946 0.0396397
215 0.584032 0.106416 0.0374831
216 0.584032 0.103176 0.0359368
217 0.584032 0.104035 0.038366
218 0.584032 0.10861 0.0387154
219 0.584032 0.112053 0.0366465
220 0.584032 0.0941571 0.0335584
221 0.584032 0.105242 0.0373627
222 0.584032 0.105347 0.0379674
223 0.584032 0.10608 0.036603
224 0.584032 0.10453 0.0380131
225 0.584032 0.0991825 0.0377325
226 0.584032 0.103788 0.0389736
227 0.584032 0.0828336 0.0351209
228 0.592588 0.10317 0.041306
229 0.592588 0.111304 0.042812
230 0.592588 0.138878 0.0491063
231 0.592588 0.101593 0.041252
232 0.592588 0.102146 0.0406621
233 0.592588 0.11391 0.0432027
234 0.599445 0.120348 0.0447737
235 0.599445 0.0904533 0.0358997
236 0.599445 0.110797 0.0433426
237 0.604901 0.11055 0.0447512
238 0.604901 0.112529 0.045865
239 0.604901 0.106066 0.0424572
240 0.604901 0.10746 0.0414697
241 0.604901 0.120794 0.0442925
242 0.604901 0.106616 0.0413153
243 0.604901 0.111036 0.0415663
244 0.604901 0.123528 0.0405318
245 0.604901 0.101153 0.0388733
246 0.604901 0.0975072 0.0418817
247 0.604901 0.115313 0.045307
248 0.604901 0.121522 0.0443551
249 0.604901 0.108103 0.0421538
250 0.604901 0.127317 0.0480858
251 0.604901 0.129513 0.0479861
252 0.604901 0.138584 0.0512027
253 0.604901 0.110558 0.0441116
254 0.604901 0.114074 0.0420098
255 0.604901 0.122311 0.0450694
256 0.604901 0.125099 0.0438675
257 0.604901 0.119562 0.0472057
258 0.604901 0.100111 0.0397353
259 0.604901 0.127973 0.0467048
260 0.604901 0.109748 0.0405056
261 0.604901 0.111277 0.044481
262 0.604901 0.103713 0.0449461
263 0.604901 0.120463 0.0442078
264 0.604901 0.114547 0.0454463
265 0.604901 0.112246 0.0447063
266 0.604901 0.0999495 0.0410402
267 0.604901 0.102908 0.0449953
268 0.604901 0.0905509 0.0402642
269 0.604901 0.109298 0.0481316
270 0.604901 0.107178 0.042925
271 0.604901 0.10532 0.0436815
272 0.604901 0.0980528 0.0414278
273 0.604901 0.0982308 0.0417968
274 0.604901 0.115133 0.0470823
275 0.604901 0.111127 0.0439471
276 0.604901 0.121959 0.0498787
277 0.604901 0.0907887 0.0374751
278 0.604901 0.0865367 0.038222
279 0.604901 0.0999747 0.0444554
280 0.604901 0.105278 0.0451517
281 0.604901 0.0942537 0.0387541
282 0.604901 0.120008 0.0476314
283 0.604901 0.0917286 0.0417333
284 0.604901 0.0989289 0.0402894
285 0.604901 0.0917764 0.0412131
286 0.604901 0.0981723 0.0431502
287 0.604901 0.113597 0.0426771
288 0.604901 0.0987499 0.0411949
289 0.604901 0.0876172 0.0364992
290 0.604901 0.105576 0.0424524
291 0.604901 0.0950589 0.0397907
292 0.604901 0.102532 0.0431877
293 0.604901 0.0929787 0.0390373
294 0.605418 0.106918 0.0444405
295 0.605418 0.100111 0.0417627
296 0.605418 0.101085 0.0432851
297 0.605418 0.0912031 0.0369472
298 0.605418 0.127239 0.0484904
299 0.605418 0.103942 0.044436
300 0.605418 0.0954248 0.0407486
301 0.605418 0.095757 0.0421472
302 0.605418 0.120606 0.0491804
303 0.605418 0.103566 0.0435972
304 0.605418 0.10273 0.0442166
305 0.605418 0.110049 0.0451081
306 0.605418 0.11013 0.0499348
307 0.605418 0.12899 0.0502403
308 0.605418 0.111088 0.0479249
309 0.605418 0.112755 0.0475149
310 0.605418 0.109596 0.0453227
311 0.605418 0.0976424 0.0402344
312 0.605418 0.118945 0.0463795
313 0.605418 0.103596 0.0404632
314 0.605418 0.13018 0.0476521
315 0.605418 0.0969858 0.0388892
316 0.605418 0.108453 0.0380665
317 0.605418 0.114485 0.0435766
318 0.605418 0.0974241 0.0398702
319 0.605418 0.113524 0.0444336
320 0.605418 0.135562 0.0495346
321 0.605418 0.115746 0.0463737
322 0.605418 0.110606 0.0445955
323 0.605418 0.120542 0.046077
324 0.605418 0.121937 0.0449834
325 0.605418 0.102909 0.0411192
326 0.605418 0.124266 0.0486918
327 0.605888 0.129045 0.0461926
328 0.605888 0.125438 0.0449748
329 0.605888 0.117718 0.0447749
330 0.605888 0.108888 0.0430025
331 0.605888 0.115479 0.0441577
332 0.605888 0.119997 0.0443352
333 0.605888 0.0954019 0.0403494
334 0.605888 0.108597 0.0445357
335 0.605888 0.112523 0.0479062
336 0.605888 0.0941031 0.0395696
337 0.605888 0.104561 0.0419617
338 0.605888 0.0983211 0.0403611
339 0.605888 0.117022 0.0446614
340 0.605888 0.11082 0.0431145
341 0.605888 0.138365 0.0477359
342 0.605888 0.134348 0.0465601
343 0.605888 0.121546 0.0449432
344 0.605888 0.133113 0.0490097
345 0.605888 0.110753 0.0445778
346 0.605888 0.122166 0.0442623
347 0.605888 0.12529 0.0466157
348 0.605888 0.121658 0.0446566
349 0.605888 0.1327 0.0484768
350 0.605888 0.120919 0.0456932
351 0.605888 0.141928 0.053266
352 0.605888 0.129199 0.0444336
353 0.605888 0.13658 0.0508878
354 0.608725 0.134643 0.0502811
355 0.608725 0.134618 0.0528152
356 0.608725 0.114916 0.0482554
357 0.608725 0.110662 0.0458664
358 0.608725 0.105476 0.043339
359 0.608725 0.101796 0.0420812
360 0.608725 0.114577 0.0448558
361 0.608725 0.128977 0.0471317
362 0.608725 0.124061 0.0466795
363 0.608725 0.123637 0.0480708
364 0.608725 0.113225 0.0441851
365 0.608725 0.123844 0.0474875
366 0.608725 0.114312 0.0424574
367 0.608725 0.104365 0.0435973
368 0.608725 0.103135 0.0429163
369 0.608725 0.112865 0.0434998
370 0.608725 0.122644 0.0461023
371 0.608725 0.127085 0.0493627
372 0.608725 0.11189 0.0421759
373 0.608725 0.103116 0.0427839
374 0.608725 0.0949451 0.0409999
375 0.608725 0.0850474 0.0400543
376 0.608725 0.104407 0.0429088
377 0.608725 0.105157 0.0447837
378 0.608725 0.0934149 0.0383334
379 0.608725 0.11709 0.0467304
380 0.608725 0.116109 0.0449323
381 0.608725 0.0967838 0.0418962
382 0.608725 0.125076 0.0460365
383 0.608725 0.140209 0.0503511
384 0.608725 0.10945 0.0408035
385 0.608725 0.133881 0.0464494
386 0.608725 0.128922 0.047485
387 0.608725 0.136937 0.0494362
388 0.608725 0.125408 0.0478416
389 0.608725 0.113273 0.0447912
390 0.608725 0.142966 0.047664
391 0.608725 0.107235 0.0424416
392 0.608725 0.118543 0.0459634
393 0.608725 0.115523 0.0467336
394 0.608725 0.104537 0.0448633
395 0.608725 0.122449 0.048402
396 0.608725 0.0848784 0.0384009
397 0.608725 0.101713 0.0422366
398 0.608725 0.110345 0.0448935
399 0.608725 0.10337 0.0392004
400 0.608725 0.103687 0.0429013
401 0.608725 0.113456 0.0448053
402 0.608725 0.117112 0.0456644
403 0.608725 0.115233 0.0436927
404 0.608725 0.125451 0.0460952
405 0.608725 0.106068 0.0431469
406 0.608725 0.119427 0.0448933
407 0.608725 0.107662 0.0426268
408 0.608725 0.110064 0.0428174
409 0.608725 0.118498 0.0476403
410 0.608725 0.110052 0.0427051
411 0.608725 0.134916 0.0494291
412 0.608725 0.108056 0.0454137
413 0.608725 0.106389 0.0440875
414 0.608725 0.0761115 0.037066
415 0.608725 0.0867042 0.0380843
416 0.608725 0.0987424 0.0403504
417 0.608725 0.115461 0.0480423
418 0.608725 0.107375 0.0445192
419 0.608725 0.111202 0.0441647
420 0.608725 0.124783 0.0489316
421 0.608725 0.150739 0.0483491
422 0.608725 0.122768 0.0428132
423 0.608725 0.136022 0.0482734
424 0.608725 0.134854 0.0435928
425 0.608725 0.146805 0.0488654
426 0.608725 0.134691 0.0466066
427 0.608725 0.128919 0.0469593
428 0.608725 0.131516 0.0484055
429 0.608725 0.137596 0.0499059
430 0.608725 0.105426 0.0436116
431 0.608725 0.129604 0.0490615
432 0.608725 0.122104 0.0473506
433 0.608725 0.121873 0.0448684
434 0.608725 0.117297 0.0434528
435 0.608725 0.116428 0.0443534
436 0.608725 0.112679 0.0444761
437 0.608725 0.127856 0.0445658
438 0.608725 0.131529 0.0510561
439 0.608725 0.12831 0.046996
440 0.608725 0.103771 0.0420386
441 0.608725 0.091287 0.036463
442 0.608725 0.0990885 0.0419551
443 0.608725 0.103097 0.0421332
444 0.608725 0.12989 0.0519419
445 0.608725 0.133782 0.053021
446 0.608725 0.118932 0.0468374
447 0.608725 0.119883 0.0456325
448 0.608725 0.108932 0.0406426
449 0.608725 0.122002 0.0461478
450 0.608725 0.109279 0.0442245
451 0.608725 0.0968235 0.0387817
452 0.608725 0.114581 0.0448496
453 0.608725 0.1136 0.0493255
454 0.608725 0.0943111 0.0405373
455 0.608725 0.0930776 0.0394715
456 0.608725 0.10109 0.03945
457 0.608725 0.0933358 0.0363532
458 0.608725 0.103588 0.0423341
459 0.608725 0.123836 0.0470187
460 0.608725 0.114114 0.0442327
461 0.608725 0.122049 0.0467957
462 0.608725 0.122657 0.0469868
463 0.608725 0.115195 0.0479329
464 0.608725 0.115034 0.0426561
465 0.608725 0.124276 0.0473941
466 0.608725 0.103047 0.0384747
467 0.608725 0.129237 0.0465885
468 0.608725 0.14006 0.050219
469 0.608725 0.12173 0.0449053
470 0.608725 0.113676 0.0416303
471 0.608725 0.116781 0.0456901
472 0.608725 0.131882 0.0514947
473 0.608725 0.133495 0.0495463
474 0.608725 0.119702 0.0515895
475 0.608725 0.0968944 0.0403159
476 0.608725 0.0925231 0.0408342
477 0.608725 0.0976143 0.0423772
478 0.608725 0.100537 0.0409855
479 0.608725 0.10808 0.0455897
480 0.608725 0.0942776 0.0402901
481 0.608725 0.0935757 0.0413972
482 0.608725 0.117268 0.0470062
483 0.608725 0.0997608 0.0416644
484 0.608725 0.0921742 0.0407413
485 0.608725 0.107418 0.042089
486 0.608725 0.128288 0.0455849
487 0.608725 0.106479 0.0429245
488 0.608725 0.115721 0.0468779
489 0.608725 0.106949 0.0463229
490 0.608725 0.135846 0.0538823
491 0.608725 0.110116 0.045468
492 0.608725 0.102127 0.043694
493 0.608725 0.101497 0.0446284
494 0.608725 0.10431 0.04239
495 0.608725 0.098591 0.0422615
496 0.608725 0.121287 0.0440648
497 0.608725 0.124554 0.0433797
498 0.608725 0.148831 0.0484172
499 0.608725 0.13823 0.048926
500 0.608725 0.108802 0.0459527
501 0.608725 0.106131 0.0435562
502 0.608725 0.13528 0.0488011
503 0.608725 0.108094 0.0407215
504 0.608725 0.115177 0.0440969
505 0.608725 0.123763 0.044821
506 0.608725 0.126795 0.0458523
507 0.608725 0.139571 0.0500226
508 0.608725 0.12745 0.0469522
509 0.608725 0.118726 0.0446045
510 0.608725 0.118823 0.0464759
511 0.608725 0.12736 0.0508489
512 0.608725 0.106777 0.0413555
513 0.608725 0.135735 0.0476293
514 0.608725 0.122697 0.0442377
515 0.608725 0.129705 0.0492108
516 0.608725 0.131739 0.0464757
517 0.608725 0.103413 0.0401011
518 0.608725 0.118932 0.0450136
519 0.608725 0.089289 0.0397821
520 0.608725 0.081888 0.0360027
521 0.608725 0.0950271 0.0404093
522 0.608725 0.103858 0.0451088
523 0.608725 0.107875 0.0449949
524 0.608725 0.111597 0.0480909
525 0.608725 0.111873 0.0461387
526 0.608725 0.121446 0.0485445
527 0.608725 0.117662 0.0421164
528 0.608725 0.129897 0.0502082
529 0.608725 0.136537 0.0481752
530 0.608725 0.125675 0.0473887
531 0.608725 0.107992 0.0419959
532 0.608725 0.0949923 0.0397391
533 0.608725 0.0892064 0.0378076
534 0.608725 0.109923 0.0436648
535 0.608725 0.121594 0.0481773
536 0.608725 0.114032 0.0479383
537 0.608725 0.118148 0.0496095
538 0.608725 0.0821391 0.0378486
539 0.608725 0.0957273 0.0399361
540 0.608725 0.103888 0.0403315
541 0.608725 0.110851 0.0458095
542 0.608725 0.110155 0.0428069
543 0.608725 0.112324 0.0481476
544 0.610565 0.106677 0.0445954
545 0.610565 0.12574 0.0477769
546 0.610565 0.130334 0.0486
547 0.610565 0.12676 0.0521913
548 0.610565 0.118617 0.04769
549 0.610565 0.126979 0.0471179
550 0.610565 0.11656 0.0451028
551 0.610565 0.114159 0.0471641
552 0.610565 0.117682 0.049566
553 0.610565 0.0933788 0.0421847
554 0.610565 0.0995397 0.0422126
555 0.610565 0.108979 0.0428266
556 0.610565 0.100324 0.0456302
557 0.610565 0.0959715 0.040589
558 0.610565 0.0922944 0.0441498
559 0.610565 0.114921 0.0510288
560 0.610565 0.139277 0.0514488
561 0.610565 0.118171 0.0472834
562 0.610565 0.112736 0.0452095
563 0.610565 0.101519 0.041606
564 0.610565 0.107487 0.0441529
565 0.610565 0.109202 0.0455065
566 0.610565 0.114531 0.0459306
567 0.610565 0.110759 0.0445935
568 0.610565 0.11553 0.0473218
569 0.610565 0.0872594 0.0398113
570 0.610565 0.0908514 0.0390186
571 0.610565 0.122351 0.0466823
572 0.610565 0.119829 0.0483167
573 0.610565 0.115187 0.0439893
574 0.610565 0.120791 0.0486097
575 0.610565 0.113291 0.047189
576 0.610565 0.131899 0.0506331
577 0.610565 0.120094 0.0478207
578 0.610565 0.119924 0.0463038
579 0.610565 0.111368 0.0474132
580 0.610565 0.107026 0.0425224
581 0.610565 0.130289 0.0503611
582 0.610565 0.129065 0.0457394
583 0.610565 0.139957 0.0483392
584 0.610565 0.120289 0.0443679
585 0.610565 0.11291 0.0419135
586 0.610565 0.108715 0.0422948
587 0.610565 0.127806 0.0537646
588 0.610565 0.109437 0.0474525
589 0.610565 0.102141 0.0416858
590 0.610565 0.121438 0.0463268
591 0.610565 0.10939 0.0460153
592 0.610565 0.115167 0.0455344
593 0.610565 0.0820207 0.0374557
594 0.610565 0.128837 0.0500157
595 0.610565 0.121056 0.0515253
596 0.610565 0.112877 0.0443993
597 0.610565 0.116168 0.0461051
598 0.610565 0.10681 0.0430012
599 0.610565 0.110211 0.0462836
600 0.610565 0.106173 0.0436015
601 0.610565 0.105593 0.0400113
602 0.610565 0.0951353 0.0390261
603 0.610565 0.106263 0.0439589
604 0.610565 0.114485 0.0429556
605 0.610565 0.112711 0.0474298
606 0.610565 0.105785 0.0432968
607 0.610565 0.116683 0.0473612
608 0.610565 0.110837 0.0468936
609 0.610565 0.130146 0.0495004
610 0.610565 0.108362 0.0457252
611 0.610565 0.100574 0.043937
612 0.610565 0.0940501 0.0408075
613 0.610565 0.0923808 0.0406386
614 0.610565 0.125146 0.051554
615 0.610565 0.120869 0.0501546
616 0.610565 0.0949237 0.0414947
617 0.610565 0.10532 0.0444487
618 0.610565 0.127032 0.0470257
619 0.610565 0.111586 0.0445896
620 0.610565 0.115028 0.0450545
621 0.610565 0.111226 0.0455629
622 0.610565 0.118176 0.0489911
623 0.610565 0.116308 0.0486711
624 0.610565 0.106466 0.0444554
625 0.610565 0.111128 0.0467768
626 0.610565 0.109378 0.0424723
627 0.610565 0.0986502 0.0431795
628 0.610565 0.130953 0.0490847
629 0.610565 0.130806 0.0483557
630 0.610565 0.107791 0.0441958
631 0.610565 0.102386 0.0418384
632 0.610565 0.114255 0.0447288
633 0.610565 0.119672 0.0464724
634 0.610565 0.0937506 0.0396679
635 0.610565 0.105251 0.0469504
636 0.610565 0.122748 0.0501012
637 0.610565 0.124129 0.0472843
638 0.610565 0.112478 0.045937
639 0.610565 0.101096 0.0438461
640 0.610565 0.113684 0.0456406
641 0.610565 0.119779 0.0483614
642 0.610565 0.123089 0.0472537
643 0.610565 0.125121 0.0503645
644 0.610565 0.109856 0.0414333
645 0.610565 0.118591 0.0486327
646 0.610565 0.113446 0.0441695
647 0.610565 0.11694 0.0458902
648 0.610565 0.129334 0.0483055
649 0.610565 0.127376 0.0515316
650 0.610565 0.107958 0.0453676
651 0.610565 0.109472 0.047001
652 0.610565 0.0986379 0.0419623
653 0.610565 0.112877 0.043201
654 0.610565 0.122182 0.0453874
655 0.610565 0.122989 0.0457225
656 0.610565 0.105804 0.0440481
657 0.610565 0.113055 0.0458612
658 0.610565 0.100118 0.0436348
659 0.610565 0.128457 0.0473492
660 0.610565 0.108027 0.041137
661 0.610565 0.116609 0.0485696
662 0.610565 0.116124 0.0436981
663 0.610565 0.122758 0.0448166
664 0.610565 0.118158 0.0434624
665 0.610565 0.115324 0.0482371
666 0.610565 0.119979 0.0467259
667 0.610565 0.128766 0.0480627
668 0.610565 0.116148 0.0411772
669 0.610565 0.125383 0.0454719
670 0.610565 0.127072 0.0447138
671 0.610565 0.136469 0.0490902
672 0.610565 0.101868 0.0431029
673 0.610565 0.112332 0.0454458
674 0.610565 0.113288 0.0453763
675 0.610565 0.12747 0.0508214
676 0.610565 0.109398 0.0451318
677 0.610565 0.111931 0.0441233
678 0.610565 0.0867899 0.0382257
679 0.610565 0.0913691 0.0429045
680 0.610565 0.0862599 0.0374645
681 0.610565 0.102628 0.0432839
682 0.610565 0.102048 0.042385
683 0.610565 0.107789 0.043848
684 0.610565 0.12301 0.0462511
685 0.610565 0.118485 0.0450191
686 0.610565 0.116213 0.045808
687 0.610565 0.10442 0.0429236
688 0.610565 0.110021 0.0457995
689 0.610565 0.108622 0.0443251
690 0.610565 0.108652 0.0429113
691 0.610565 0.160154 0.0519766
692 0.610565 0.123682 0.0468335
693 0.610565 0.131475 0.0467842
694 0.610565 0.128906 0.0475893
695 0.610565 0.103625 0.0447116
696 0.610565 0.134707 0.0509464
697 0.610565 0.147591 0.0524467
698 0.610565 0.142773 0.0493013
699 0.610565 0.117295 0.047207
700 0.610565 0.13464 0.0488021
701 0.610565 0.123511 0.0455912
702 0.610565 0.118253 0.0444348
703 0.610565 0.133577 0.0487284
704 0.610565 0.135295 0.0487955
705 0.610565 0.10888 0.0434645
706 0.610565 0.123018 0.044498
707 0.610565 0.124245 0.0460255
708 0.610565 0.149331 0.0502425
709 0.610565 0.129729 0.0457323
710 0.610565 0.128892 0.0498926
711 0.610565 0.114569 0.0472594
712 0.610565 0.105238 0.0435245
713 0.610565 0.130644 0.0488011
714 0.610565 0.118205 0.0461388
715 0.610565 0.112019 0.0443685
716 0.610565 0.11451 0.0433623
717 0.610565 0.135493 0.0480562
718 0.610565 0.113624 0.0459031
719 0.610565 0.130233 0.0504068
720 0.610565 0.110393 0.0476561
721 0.610565 0.109376 0.0433976
722 0.610565 0.117149 0.0446342
723 0.610565 0.105998 0.0454753
724 0.610565 0.111366 0.0448941
725 0.610565 0.112171 0.0466658
726 0.610565 0.109181 0.0454497
727 0.610565 0.103535 0.0414402
728 0.610565 0.103282 0.041769
729 0.610565 0.132966 0.0481502
730 0.610565 0.126623 0.0488622
731 0.610565 0.145991 0.0512224
732 0.610565 0.112675 0.0439399
733 0.610565 0.113249 0.0458946
734 0.610565 0.112225 0.0425371
735 0.610565 0.117467 0.0468291
736 0.610565 0.115779 0.0463428
737 0.610565 0.136118 0.0536019
738 0.610565 0.137197 0.0535296
739 0.610565 0.114704 0.0469367
740 0.610565 0.103048 0.042853
741 0.610565 0.0922528 0.0409639
742 0.610565 0.0916686 0.0414813
743 0.610565 0.12577 0.0489889
744 0.610565 0.133915 0.0497348
745 0.610565 0.124335 0.0452572
746 0.610565 0.117468 0.0467559
747 0.610565 0.131467 0.049173
748 0.610565 0.138647 0.0511254
749 0.610565 0.103813 0.0427314
750 0.610565 0.120339 0.0428347
751 0.610565 0.128386 0.0492051
752 0.610565 0.120009 0.0478591
753 0.610565 0.112208 0.0445058
754 0.610565 0.122619 0.04555
755 0.610565 0.130187 0.0497613
756 0.610565 0.0991045 0.0414297
757 0.610565 0.107553 0.0454842
758 0.610565 0.126266 0.0524542
759 0.610565 0.124944 0.0481329
760 0.610565 0.0983775 0.0403809
761 0.610565 0.102831 0.0426627
762 0.610565 0.113713 0.0464254
763 0.610565 0.132487 0.0544438
764 0.610565 0.112374 0.0433121
765 0.610565 0.116976 0.0473126
766 0.610565 0.118915 0.0479484
767 0.610565 0.108143 0.0413508
768 0.610565 0.0866477 0.0381252
769 0.610565 0.123034 0.0455646
770 0.610565 0.130226 0.0498883
771 0.610565 0.128063 0.0492793
772 0.610565 0.098 0.0426132
773 0.610565 0.128104 0.0497986
774 0.610565 0.111934 0.041898
775 0.610565 0.12939 0.0508014
776 0.610565 0.100991 0.0406135
777 0.610565 0.106446 0.0438723
778 0.610565 0.125015 0.0463629
779 0.610565 0.109339 0.0431899
780 0.610565 0.108907 0.0458487
781 0.610565 0.123716 0.049621
782 0.610565 0.109817 0.0470643
783 0.610565 0.0905093 0.0394105
784 0.610565 0.118153 0.0447995
785 0.610565 0.105789 0.0416128
786 0.610565 0.100048 0.040053
787 0.610565 0.107627 0.0422633
788 0.610565 0.106437 0.0434545
789 0.610565 0.101133 0.042345
790 0.610565 0.115011 0.0456463
791 0.610565 0.105454 0.0428861
792 0.610565 0.110904 0.0464508
793 0.610565 0.120285 0.0470016
794 0.610565 0.126035 0.0492532
795 0.610565 0.103556 0.0456448
796 0.610565 0.0972969 0.0417947
797 0.610565 0.105382 0.0463665
798 0.610565 0.101817 0.0437767
799 0.610565 0.117015 0.0479063
800 0.610565 0.109293 0.0446705
801 0.610565 0.116947 0.0482701
802 0.610565 0.1184 0.045413
803 0.610565 0.110705 0.0435865
804 0.610565 0.0899848 0.0409651
805 0.610565 0.116092 0.0452501
806 0.610565 0.0979354 0.0389344
807 0.610565 0.112161 0.0445665
808 0.610565 0.106911 0.0408822
809 0.610565 0.0928174 0.0402235
810 0.610565 0.0952536 0.042165
811 0.610565 0.0875291 0.038836
812 0.610565 0.106862 0.042567
813 0.610565 0.115722 0.0438743
814 0.610565 0.136989 0.0479252
815 0.610565 0.114996 0.0459832
816 0.610565 0.123492 0.0491816
817 0.610565 0.141914 0.0489161
818 0.610565 0.129341 0.04866
819 0.610565 0.146675 0.050164
820 0.610565 0.141746 0.0522717
821 0.610565 0.137417 0.0494813
822 0.610565 0.129924 0.0498015
823 0.610565 0.105299 0.0443591
824 0.610565 0.106882 0.0444597
825 0.610565 0.121603 0.0490798
826 0.610565 0.113828 0.0462996
827 0.610565 0.116209 0.0444223
828 0.610565 0.111497 0.0438558
829 0.610565 0.113373 0.0446579
830 0.610565 0.134661 0.052608
831 0.610565 0.131569 0.0505642
832 0.610565 0.133495 0.0502571
833 0.610565 0.123396 0.0473464
834 0.610565 0.118486 0.0458597
835 0.610565 0.129029 0.0491023
836 0.610565 0.0999921 0.0449643
837 0.610565 0.116474 0.0483302
838 0.610565 0.0993079 0.043222
839 0.610565 0.103794 0.0421426
840 0.610565 0.0930005 0.0367874
841 0.610565 0.108321 0.0433605
842 0.610565 0.0938322 0.0410493
843 0.610565 0.0815336 0.0365873
844 0.610565 0.102804 0.0416721
845 0.610565 0.107836 0.0416798
846 0.610565 0.0988174 0.0388999
847 0.610565 0.113723 0.0436428
848 0.610565 0.101197 0.0400546
849 0.610565 0.108225 0.0421761
850 0.610565 0.119899 0.0461722
851 0.610565 0.103698 0.0434307
852 0.610565 0.1084 0.0448474
853 0.610565 0.125958 0.0481461
854 0.610565 0.135695 0.0476609
855 0.610565 0.130604 0.0513096
856 0.610565 0.0981692 0.0415917
857 0.610565 0.11706 0.0457718
858 0.610565 0.0982476 0.0399695
859 0.610565 0.108621 0.0481844
860 0.610565 0.110379 0.0470935
861 0.610565 0.108734 0.0481219
862 0.610565 0.124463 0.0491927
863 0.610902 0.103252 0.0445223
864 0.610902 0.0952487 0.0408941
865 0.610902 0.139742 0.0540254
866 0.610902 0.117471 0.0484101
867 0.610902 0.105848 0.0438146
868 0.610902 0.116613 0.0465963
869 0.610902 0.103744 0.0419139
870 0.610902 0.110495 0.0457404
871 0.610902 0.124992 0.049276
872 0.610902 0.117541 0.0441723
873 0.610902 0.119221 0.0454636
874 0.610902 0.123308 0.0469481
875 0.610902 0.104969 0.0440254
876 0.610902 0.119599 0.0456764
877 0.610902 0.103036 0.040698
878 0.610902 0.109399 0.043293
879 0.610902 0.11328 0.0451902
880 0.610902 0.129695 0.0473397
881 0.610902 0.118997 0.0459577
882 0.610902 0.106608 0.042585
883 0.610902 0.112318 0.04286
884 0.610902 0.103402 0.0439594
885 0.610902 0.101375 0.0434174
886 0.610902 0.104707 0.0425332
887 0.610902 0.120362 0.0464063
888 0.610902 0.124646 0.0472621
889 0.610902 0.0956796 0.0391109
890 0.610902 0.102074 0.0412299
891 0.610902 0.0938017 0.0384066
892 0.610902 0.0959575 0.0411082
893 0.610902 0.10896 0.0461632
894 0.610902 0.109738 0.0430416
895 0.610902 0.114143 0.0454754
896 0.610902 0.116281 0.0444007
897 0.610902 0.110143 0.0457164
898 0.610902 0.134643 0.0519602
899 0.610902 0.115822 0.0443657
900 0.610902 0.119439 0.0428644
901 0.610902 0.111873 0.0422794
902 0.610902 0.120385 0.0479493
903 0.610902 0.136691 0.049658
904 0.610902 0.122814 0.0444164
905 0.610902 0.139473 0.0513044
906 0.610902 0.10847 0.0465158
907 0.610902 0.0948885 0.0422767
908 0.610902 0.107808 0.0461188
909 0.610902 0.0999361 0.0454481
910 0.610902 0.093137 0.0401815
911 0.610902 0.108606 0.0445869
912 0.610902 0.11759 0.0476677
913 0.610902 0.0904624 0.0402393
914 0.610902 0.115714 0.0464336
915 0.610902 0.108673 0.0447779
916 0.610902 0.113988 0.0459932
917 0.610902 0.1099 0.0441972
918 0.610902 0.12562 0.0445206
919 0.610902 0.121079 0.0450155
920 0.610902 0.135574 0.0509945
921 0.610902 0.121927 0.049746
922 0.610902 0.11994 0.0432501
923 0.610902 0.11686 0.0461967
924 0.610902 0.126491 0.0505662
925 0.610902 0.1119 0.0468599
926 0.610902 0.100143 0.0436905
927 0.610902 0.115036 0.0457575
928 0.610902 0.108701 0.0444784
929 0.610902 0.10994 0.0437615
930 0.610902 0.0956972 0.0425682
931 0.610902 0.0908392 0.0394557
932 0.610902 0.0987669 0.0408078
933 0.610902 0.113816 0.0424259
934 0.610902 0.0780571 0.0365448
935 0.610902 0.105009 0.0433019
936 0.610902 0.0959206 0.0405942
937 0.610902 0.108421 0.0424087
938 0.610902 0.0823841 0.0389684
939 0.610902 0.0982396 0.0407123
940 0.610902 0.115387 0.0455906
941 0.610902 0.116036 0.0457797
942 0.610902 0.107117 0.0410782
943 0.610902 0.127156 0.0475133
944 0.610902 0.138072 0.0547078
945 0.610902 0.113565 0.0447437
946 0.610902 0.102724 0.0449932
947 0.610902 0.107798 0.0453824
948 0.610902 0.127433 0.0474707
949 0.610902 0.118395 0.0467467
950 0.610902 0.115965 0.0455624
951 0.610902 0.113883 0.0444153
952 0.610902 0.0992246 0.0410487
953 0.610902 0.0979573 0.0410381
954 0.610902 0.125799 0.0465794
955 0.610902 0.141726 0.0529297
956 0.610902 0.120047 0.0463427
957 0.610902 0.0888819 0.0371443
958 0.610902 0.119216 0.0449391
959 0.610902 0.119198 0.041931
960 0.610902 0.0986881 0.0401606
961 0.610902 0.12403 0.0415007
962 0.610902 0.111593 0.0424324
963 0.610902 0.117194 0.048673
964 0.610902 0.0912433 0.0387491
965 0.610902 0.0919122 0.0390831
966 0.610902 0.101209 0.0384793
967 0.610902 0.126831 0.0482625
968 0.610902 0.131341 0.0506195
969 0.610902 0.0922826 0.0389345
970 0.610902 0.112494 0.0465082
971 0.610902 0.104822 0.0446121
972 0.610902 0.0967026 0.0421617
973 0.610902 0.108035 0.0446875
974 0.610902 0.0924486 0.0396626
975 0.610902 0.101126 0.0425066
976 0.610902 0.0910153 0.0394576
977 0.610902 0.0992201 0.0447476
978 0.610902 0.0944134 0.044974
979 0.610902 0.0842528 0.0379621
980 0.610902 0.0883623 0.0380694
981 0.610902 0.0968426 0.0417984
982 0.610902 0.10418 0.0452796
983 0.610902 0.111687 0.0463259
984 0.610902 0.13169 0.0530662
985 0.610902 0.125931 0.0430032
986 0.610902 0.112898 0.0433116
987 0.610902 0.109783 0.0473613
988 0.610902 0.108101 0.0458568
989 0.611135 0.120012 0.0528259
990 0.611135 0.121002 0.048691
991 0.611135 0.130515 0.0498177
992 0.611135 0.10802 0.0417686
993 0.611135 0.110611 0.0456089
994 0.611135 0.115409 0.0464652
995 0.611135 0.105331 0.041527
996 0.611135 0.116678 0.0463988
997 0.611135 0.105254 0.0444787
998 0.611135 0.114459 0.0465257
999 0.611135 0.107993 0.0430088
1000 0.611135 0.11227 0.0447234
