0 0.125256 0.0584103 0.00386896
1 0.125275 0.06528 0.00392374
2 0.125275 0.0777099 0.00371136
3 0.125275 0.0790302 0.00365781
4 0.125275 0.0901074 0.00318854
5 0.250463 0.097804 0.00299884
6 0.250463 0.0952822 0.00317246
7 0.250463 0.100319 0.00281037
8 0.250463 0.106439 0.00232151
9 0.250463 0.108208 0.00243679
10 0.43534 0.110629 0.00359447
11 0.43534 0.107128 0.00392618
12 0.43534 0.11036 0.00458598
13 0.43534 0.112683 0.00524801
14 0.487054 0.128717 0.00668222
15 0.487054 0.124603 0.00728075
16 0.487054 0.135732 0.00937531
17 0.487054 0.131901 0.00901574
18 0.487054 0.137286 0.0104035
19 0.487054 0.133456 0.0118815
20 0.500464 0.130564 0.0158075
20 0.512329 0.0588757 0.0195602
21 0.512329 0.0892572 0.0287584
22 0.58131 0.0779919 0.0279617
23 0.58131 0.0963302 0.0321982
24 0.58131 0.0903121 0.0313256
25 0.58131 0.0941453 0.03415
26 0.58131 0.0972951 0.0337772
27 0.58131 0.104286 0.0355012
28 0.58131 0.128045 0.040199
29 0.58131 0.134476 0.0463645
30 0.58131 0.122148 0.043995
31 0.58131 0.136075 0.0444387
32 0.590514 0.13855 0.0475631
33 0.592623 0.158566 0.0513508
34 0.592623 0.144626 0.0430359
35 0.592623 0.159501 0.0466527
36 0.593655 0.155583 0.0481805
37 0.593655 0.143483 0.0494363
38 0.593655 0.151816 0.0438336
39 0.593655 0.172524 0.0447598
40 0.593655 0.190375 0.0464162
41 0.593655 0.169596 0.0446686
42 0.593655 0.186983 0.0475179
43 0.593655 0.168814 0.0449417
44 0.593655 0.162878 0.0478173
45 0.593655 0.131761 0.0445208
46 0.593655 0.157051 0.0485242
47 0.593655 0.150424 0.0423865
48 0.593655 0.157291 0.0483597
49 0.595966 0.146858 0.0481928
50 0.595966 0.160843 0.0472862
51 0.595966 0.15312 0.0461007
52 0.595966 0.149112 0.0463219
53 0.604577 0.155891 0.0486804
54 0.604577 0.129065 0.0392432
55 0.604577 0.156418 0.0497963
56 0.604577 0.157976 0.0490279
57 0.604577 0.144747 0.0472166
58 0.604577 0.154428 0.0494466
59 0.604577 0.166515 0.052288
60 0.604577 0.175139 0.0467554
61 0.604577 0.170732 0.0461113
62 0.604577 0.161143 0.0499221
63 0.604577 0.127947 0.0422748
64 0.604577 0.12526 0.0400656
65 0.607016 0.16315 0.0509099
66 0.607016 0.164408 0.0519282
67 0.607016 0.156723 0.0512053
68 0.607016 0.152517 0.0467939
69 0.607016 0.176009 0.0507195
70 0.607016 0.169438 0.0560522
71 0.607016 0.179352 0.0531303
72 0.607016 0.18277 0.0487113
73 0.607016 0.195682 0.0496845
74 0.607016 0.203444 0.0545786
75 0.607016 0.180595 0.0496973
76 0.607016 0.220376 0.0502674
77 0.607016 0.197692 0.0540081
78 0.607016 0.200745 0.0548831
79 0.607016 0.204202 0.0606792
80 0.609311 0.192067 0.0556823
81 0.609311 0.174462 0.0539543
82 0.609311 0.175552 0.0516018
83 0.609311 0.18788 0.054557
84 0.609311 0.177987 0.0534268
85 0.609311 0.179652 0.0517813
86 0.609311 0.178473 0.0519493
87 0.609311 0.171821 0.0499327
88 0.609311 0.186855 0.0496808
89 0.609311 0.198372 0.0516353
90 0.609311 0.193523 0.0527603
91 0.609311 0.219731 0.0559296
92 0.609311 0.203084 0.0505469
93 0.609311 0.170175 0.0509684
94 0.609311 0.206337 0.0470361
95 0.609311 0.197645 0.0470604
96 0.609311 0.178898 0.0484894
97 0.609311 0.172219 0.0456176
98 0.609311 0.207098 0.0545387
99 0.609311 0.181916 0.0518012
100 0.609311 0.144612 0.0476405
101 0.609311 0.15378 0.0496787
102 0.609311 0.170106 0.0520157
103 0.609311 0.187154 0.0565485
104 0.609311 0.184587 0.0573832
105 0.609311 0.187831 0.0509965
106 0.609311 0.203632 0.0531404
107 0.609311 0.170941 0.0522235
108 0.609311 0.186661 0.0491502
109 0.609311 0.19711 0.0495498
110 0.609311 0.176136 0.0440021
111 0.609311 0.172031 0.0485584
112 0.609311 0.198285 0.0519361
113 0.609311 0.174413 0.05079
114 0.609311 0.182031 0.0505815
115 0.609311 0.16913 0.0474469
116 0.609311 0.185647 0.047566
117 0.609311 0.167673 0.0476467
118 0.609311 0.176625 0.0469956
119 0.609311 0.16697 0.0450478
120 0.612493 0.166288 0.0485865
121 0.612493 0.194588 0.0516601
122 0.612493 0.170643 0.048457
123 0.612493 0.199838 0.0553718
124 0.612493 0.188374 0.056023
125 0.612493 0.192061 0.0539628
126 0.612493 0.216629 0.0548647
127 0.612493 0.205786 0.0533881
128 0.612493 0.158658 0.0509664
129 0.612493 0.167003 0.0501805
130 0.612493 0.19091 0.0519629
131 0.612493 0.195437 0.049566
132 0.612493 0.188483 0.0546546
133 0.612493 0.175353 0.0512848
134 0.612493 0.201379 0.0571479
135 0.612493 0.18573 0.0558311
136 0.612493 0.184864 0.0577133
137 0.612493 0.172045 0.0485243
138 0.612493 0.168434 0.0502317
139 0.612493 0.174001 0.0550114
140 0.612493 0.166919 0.0500695
141 0.612493 0.196259 0.0552874
142 0.612493 0.1919 0.0545962
143 0.612493 0.195854 0.0561282
144 0.612493 0.178123 0.0538401
145 0.612493 0.178311 0.050836
146 0.612493 0.179372 0.0487401
147 0.612629 0.188785 0.0580434
148 0.612629 0.179385 0.0531837
149 0.612629 0.20552 0.057216
150 0.612629 0.204481 0.0567834
151 0.612629 0.210764 0.0566338
152 0.612629 0.160461 0.0500926
153 0.612629 0.177698 0.0507767
154 0.612629 0.172873 0.050464
155 0.612629 0.155544 0.0498502
156 0.612629 0.155836 0.0508141
157 0.612629 0.182218 0.0529814
158 0.612629 0.177201 0.0556403
159 0.612629 0.176986 0.0565796
160 0.612629 0.173289 0.0540878
161 0.612629 0.169384 0.0532448
162 0.612629 0.170698 0.055843
163 0.612629 0.170604 0.0525182
164 0.612629 0.163525 0.0518789
165 0.612629 0.162724 0.0525894
166 0.612629 0.172026 0.051128
167 0.612629 0.175846 0.050052
168 0.612629 0.176534 0.0457306
169 0.612629 0.184087 0.0464083
170 0.612629 0.169706 0.04757
171 0.612629 0.164337 0.047547
172 0.612629 0.21412 0.0561888
173 0.612629 0.194937 0.053101
174 0.612629 0.202784 0.0558155
175 0.612629 0.176576 0.0525163
176 0.612629 0.182985 0.0522264
177 0.612629 0.174624 0.0538485
178 0.612629 0.175637 0.0530221
179 0.612629 0.200662 0.0526787
180 0.612629 0.210369 0.05484
181 0.612755 0.222751 0.0557271
182 0.612755 0.205431 0.0548636
183 0.612755 0.196147 0.0586778
184 0.612755 0.201202 0.0513634
185 0.612755 0.188355 0.051058
186 0.612755 0.183933 0.0538183
187 0.612755 0.177027 0.0526803
188 0.612755 0.229341 0.0493253
189 0.612755 0.213058 0.0504376
190 0.612755 0.224327 0.056136
191 0.612755 0.18288 0.0465692
192 0.612755 0.191688 0.0513855
193 0.612755 0.192228 0.0534992
194 0.612755 0.20791 0.0512516
195 0.612755 0.22775 0.0500821
196 0.612755 0.229088 0.0534857
197 0.612755 0.185517 0.049344
198 0.612755 0.182896 0.0520379
199 0.612755 0.170553 0.0508115
200 0.612755 0.205567 0.0538092
201 0.612755 0.199917 0.0553592
202 0.612755 0.173964 0.0526181
203 0.612755 0.194992 0.0560596
204 0.612755 0.175827 0.0489831
205 0.612755 0.216995 0.0556201
206 0.612755 0.195627 0.0528639
207 0.612755 0.198156 0.0523204
208 0.612755 0.214278 0.0566272
209 0.612755 0.20674 0.0563335
210 0.612755 0.199284 0.0557328
211 0.612755 0.229537 0.0571488
212 0.612755 0.193768 0.0482698
213 0.612755 0.186247 0.0486998
214 0.612755 0.161595 0.0474466
215 0.612755 0.146009 0.0466877
216 0.612755 0.159031 0.0499079
217 0.612755 0.188379 0.0509883
218 0.612755 0.190248 0.0529471
219 0.612755 0.199398 0.0539764
220 0.612755 0.202943 0.0541555
221 0.612755 0.179596 0.0533808
222 0.612755 0.188132 0.054428
223 0.612755 0.214904 0.0536564
224 0.612755 0.202056 0.0505856
225 0.612755 0.187919 0.0523158
226 0.612755 0.172309 0.0519772
227 0.612755 0.19417 0.0506885
228 0.612755 0.189576 0.0516203
229 0.612755 0.213621 0.0504485
230 0.612755 0.207544 0.0469078
231 0.612755 0.22165 0.053057
232 0.612755 0.21768 0.0512323
233 0.612755 0.191123 0.0480315
234 0.612755 0.1903 0.0523288
235 0.613275 0.175151 0.0526367
236 0.613275 0.189278 0.0534229
237 0.613275 0.156466 0.0455567
238 0.613275 0.16633 0.0496884
239 0.613275 0.175668 0.0512347
240 0.613275 0.205183 0.0561079
241 0.613398 0.200731 0.0577587
242 0.613398 0.210338 0.0552374
243 0.613398 0.206102 0.0552384
244 0.613398 0.186856 0.050836
245 0.613398 0.175746 0.0511785
246 0.613398 0.174319 0.0534407
247 0.613398 0.180902 0.0582154
248 0.613398 0.21533 0.0594406
249 0.613398 0.214606 0.0534745
250 0.613398 0.177837 0.0501383
251 0.613398 0.179585 0.0536809
252 0.613398 0.152514 0.0470966
253 0.613398 0.171294 0.0479529
254 0.613398 0.177139 0.0533934
255 0.613398 0.209382 0.0590799
256 0.613398 0.187394 0.0573456
257 0.613398 0.216459 0.0561449
258 0.613398 0.197671 0.056235
259 0.613398 0.178596 0.0526276
260 0.613398 0.181344 0.0534716
261 0.613398 0.145473 0.0497585
262 0.613398 0.173483 0.0554488
263 0.613398 0.187634 0.0526129
264 0.613398 0.190547 0.0472877
265 0.613709 0.174121 0.0469643
266 0.613709 0.204649 0.0559895
267 0.613709 0.194025 0.0530802
268 0.613709 0.189615 0.0521333
269 0.613709 0.193675 0.0531888
270 0.613709 0.192894 0.0578472
271 0.613709 0.210103 0.055494
272 0.613709 0.201345 0.0550008
273 0.613709 0.190036 0.050368
274 0.613709 0.205904 0.0561433
275 0.613709 0.19057 0.0568722
276 0.613709 0.191184 0.0598322
277 0.613709 0.190959 0.0575733
278 0.613709 0.203411 0.0555997
279 0.613709 0.194794 0.0547639
280 0.613709 0.214277 0.0564029
281 0.613709 0.211699 0.0536426
282 0.613709 0.170518 0.0539489
283 0.613709 0.192133 0.0508287
284 0.613709 0.204182 0.0554572
285 0.613709 0.192324 0.0533059
286 0.613709 0.178789 0.0568161
287 0.613709 0.174028 0.0559656
288 0.613709 0.181697 0.0551509
289 0.613709 0.186976 0.0523504
290 0.613709 0.172164 0.0521045
291 0.613709 0.189882 0.053683
292 0.613709 0.156977 0.0490688
293 0.613709 0.170979 0.0520716
294 0.613709 0.176893 0.0510763
295 0.613709 0.191156 0.0528003
296 0.613709 0.141082 0.0465259
297 0.613709 0.180867 0.0567627
298 0.613709 0.193647 0.0592719
299 0.613709 0.191129 0.0560553
300 0.613709 0.1961 0.056891
301 0.613709 0.187399 0.0540401
302 0.613709 0.180664 0.0535734
303 0.613709 0.171891 0.0555685
304 0.613709 0.166611 0.0547871
305 0.613709 0.16674 0.0524399
306 0.613709 0.184556 0.0548627
307 0.613709 0.184138 0.0539163
308 0.613709 0.179434 0.0507086
309 0.613709 0.176674 0.0512367
310 0.613709 0.180374 0.0534231
311 0.613709 0.187825 0.0530763
312 0.613709 0.168739 0.0495872
313 0.613709 0.192192 0.0577946
314 0.613709 0.199733 0.0533594
315 0.613709 0.202274 0.0525013
316 0.613709 0.177829 0.0543839
317 0.613709 0.180911 0.0515099
318 0.613709 0.166523 0.050805
319 0.61374 0.166179 0.0514998
320 0.61374 0.180348 0.0518566
321 0.61374 0.222504 0.056894
322 0.61374 0.211987 0.0536785
323 0.61374 0.192765 0.0530806
324 0.61374 0.212713 0.0569614
325 0.61374 0.192708 0.0514644
326 0.61374 0.197275 0.0561279
327 0.61374 0.212612 0.0549239
328 0.61374 0.182234 0.0496981
329 0.61374 0.193219 0.052905
330 0.61374 0.178335 0.0504794
331 0.61374 0.186731 0.0534652
332 0.61374 0.18643 0.0517422
333 0.61374 0.166405 0.050255
334 0.61374 0.194237 0.0534
335 0.61374 0.186664 0.0541737
336 0.61374 0.162492 0.0491275
337 0.61374 0.167498 0.049374
338 0.61374 0.171591 0.0534532
339 0.61374 0.170095 0.0530866
340 0.61374 0.159692 0.0515971
341 0.61374 0.17395 0.054242
342 0.61374 0.206915 0.0511536
343 0.61374 0.190909 0.0586344
344 0.61374 0.159728 0.0508848
345 0.61374 0.179038 0.0550024
346 0.61374 0.189467 0.0556167
347 0.61374 0.177518 0.050137
348 0.61374 0.174719 0.0544623
349 0.61374 0.178995 0.0556701
350 0.61374 0.155568 0.0477811
351 0.61374 0.177253 0.051406
352 0.61374 0.177242 0.0502902
353 0.61374 0.181642 0.0529163
354 0.61374 0.182292 0.0515588
355 0.61374 0.200619 0.0522582
356 0.61374 0.193354 0.0533943
357 0.61374 0.195805 0.0533025
358 0.61374 0.188851 0.0519818
359 0.61374 0.193643 0.0546103
360 0.61374 0.192328 0.0519337
361 0.61374 0.179881 0.0515436
362 0.61374 0.180978 0.0556531
363 0.61374 0.221079 0.0543971
364 0.61374 0.207118 0.0544047
365 0.61374 0.240182 0.0596537
366 0.614328 0.214336 0.0595063
367 0.614328 0.20569 0.0567423
368 0.614328 0.198468 0.0573809
369 0.614328 0.16559 0.0502364
370 0.614328 0.200782 0.0530386
371 0.614328 0.191815 0.0508803
372 0.614328 0.177835 0.0486769
373 0.614328 0.199205 0.0539259
374 0.614328 0.202262 0.0568984
375 0.614328 0.16034 0.0497791
376 0.614328 0.157043 0.0517891
377 0.614328 0.159728 0.0463144
378 0.614328 0.17537 0.0531401
379 0.614328 0.158702 0.0482559
380 0.614328 0.171135 0.0547095
381 0.614328 0.185464 0.04745
382 0.614328 0.206744 0.0487318
383 0.614328 0.201769 0.0514572
384 0.614328 0.193211 0.0572919
385 0.614328 0.159009 0.0508632
386 0.614328 0.148963 0.0469949
387 0.614328 0.175577 0.0535866
388 0.614328 0.174755 0.0512174
389 0.614328 0.157704 0.0500209
390 0.614328 0.178942 0.054433
391 0.614328 0.174011 0.0530664
392 0.614328 0.161774 0.0490044
393 0.614328 0.167109 0.0515943
394 0.614328 0.168828 0.0525857
395 0.614328 0.170474 0.0518047
396 0.614328 0.171117 0.0525997
397 0.614328 0.19103 0.0563327
398 0.614328 0.17618 0.0502946
399 0.614328 0.205163 0.0538667
400 0.614328 0.181174 0.0529496
401 0.614328 0.17806 0.0553645
402 0.614328 0.20249 0.0574151
403 0.614328 0.204346 0.0602061
404 0.614328 0.194415 0.0529231
405 0.614328 0.193427 0.0542168
406 0.614328 0.178131 0.0527557
407 0.614328 0.18077 0.0543729
408 0.614328 0.185248 0.0489505
409 0.614328 0.179444 0.0468003
410 0.614328 0.174922 0.0506629
411 0.614328 0.162276 0.0505638
412 0.614355 0.165208 0.0521231
413 0.614355 0.165336 0.048226
414 0.614355 0.201926 0.0594261
415 0.614355 0.170691 0.0563066
416 0.614355 0.181635 0.0505235
417 0.614355 0.199126 0.0556161
418 0.614355 0.198789 0.0551467
419 0.614355 0.214905 0.055456
420 0.614355 0.198563 0.0545366
421 0.614355 0.20738 0.0541031
422 0.614355 0.211377 0.0562428
423 0.614355 0.215538 0.0590888
424 0.614355 0.210216 0.05648
425 0.614355 0.206233 0.0566373
426 0.614355 0.197017 0.0551654
427 0.614355 0.205529 0.0558516
428 0.614355 0.200998 0.0614645
429 0.614355 0.184046 0.0539553
430 0.614355 0.184603 0.0531041
431 0.614355 0.187814 0.0560647
432 0.614355 0.203895 0.0565733
433 0.614355 0.206991 0.0552418
434 0.614355 0.219566 0.0553889
435 0.614372 0.201491 0.0515629
436 0.614372 0.211555 0.0508853
437 0.614372 0.162637 0.0517045
438 0.614372 0.162165 0.0486521
439 0.614372 0.17013 0.0511445
440 0.614372 0.176693 0.0498848
441 0.614372 0.15661 0.0467251
442 0.614372 0.175313 0.0538287
443 0.614372 0.182749 0.0530909
444 0.614372 0.178988 0.0532996
445 0.614372 0.174607 0.0525741
446 0.614372 0.182885 0.0529649
447 0.614372 0.214358 0.0569151
448 0.614372 0.211032 0.0548979
449 0.614372 0.204229 0.054869
450 0.614372 0.176437 0.0469657
451 0.614372 0.193205 0.0507414
452 0.614372 0.196035 0.052894
453 0.614372 0.200286 0.0499925
454 0.614372 0.198136 0.0499838
455 0.614372 0.178344 0.0499194
456 0.614372 0.158663 0.0496623
457 0.614372 0.16303 0.0484204
458 0.614372 0.153465 0.0469368
459 0.614372 0.177912 0.0548027
460 0.614372 0.202997 0.0578178
461 0.614372 0.203723 0.0571286
462 0.614372 0.190209 0.0590162
463 0.614372 0.171081 0.0542984
464 0.614372 0.170353 0.0506944
465 0.614372 0.18072 0.0472652
466 0.614372 0.163002 0.0510726
467 0.614372 0.165627 0.0465701
468 0.614372 0.17729 0.0549262
469 0.614372 0.158347 0.0475947
470 0.614372 0.16806 0.0473114
471 0.614372 0.153987 0.0417886
472 0.614372 0.176117 0.0450051
473 0.614372 0.169746 0.045728
474 0.614372 0.177703 0.0480095
475 0.614372 0.202006 0.0506404
476 0.614372 0.172881 0.051166
477 0.614372 0.178474 0.0485171
478 0.614372 0.192936 0.0538107
479 0.614372 0.205319 0.0578093
480 0.614372 0.185868 0.0536771
481 0.614372 0.167925 0.0502105
482 0.614372 0.193222 0.0557175
483 0.614372 0.190156 0.057968
484 0.614372 0.188423 0.0583514
485 0.614372 0.186565 0.0527571
486 0.614372 0.172732 0.0538182
487 0.614372 0.193227 0.0580884
488 0.614372 0.211977 0.0577227
489 0.614372 0.220083 0.0573164
490 0.614372 0.21999 0.0572059
491 0.614372 0.211692 0.0594605
492 0.614372 0.189914 0.0518779
493 0.614372 0.186722 0.0483622
494 0.614372 0.206263 0.0538978
495 0.614372 0.20125 0.0541415
496 0.614372 0.171534 0.0481345
497 0.614372 0.198183 0.0473065
498 0.614372 0.211645 0.0522519
499 0.614372 0.180766 0.050012
500 0.614372 0.209297 0.0508204
501 0.614372 0.198225 0.0545853
502 0.614372 0.184164 0.0541651
503 0.614372 0.179819 0.0518977
504 0.614372 0.180617 0.0513274
505 0.614372 0.192208 0.0528428
506 0.614372 0.193484 0.05265
507 0.614372 0.231559 0.0485268
508 0.614372 0.2176 0.0485221
509 0.614372 0.210589 0.0534327
510 0.614372 0.208554 0.0506527
511 0.614372 0.179333 0.0483043
512 0.614372 0.197374 0.048213
513 0.614372 0.181778 0.0471041
514 0.614372 0.18429 0.0509215
515 0.614372 0.19818 0.0512584
516 0.614372 0.187255 0.053233
517 0.614372 0.197567 0.0507566
518 0.614372 0.194165 0.0484724
519 0.614372 0.168058 0.0439995
520 0.614372 0.162927 0.047356
521 0.614372 0.166986 0.0517033
522 0.614372 0.186615 0.0534507
523 0.614372 0.172495 0.0521561
524 0.614372 0.181412 0.0559627
525 0.614372 0.196023 0.053483
526 0.614372 0.210289 0.0532116
527 0.614372 0.183877 0.0541578
528 0.614372 0.191002 0.0536772
529 0.614372 0.180946 0.0529519
530 0.614372 0.177122 0.0527324
531 0.614372 0.182731 0.0500177
532 0.614372 0.178995 0.0482941
533 0.614372 0.211492 0.0506339
534 0.614372 0.200943 0.0588395
535 0.614372 0.193045 0.054087
536 0.614372 0.194485 0.0530563
537 0.614372 0.165664 0.0505737
538 0.614372 0.175061 0.0513607
539 0.614372 0.166419 0.0500966
540 0.614372 0.1661 0.051632
541 0.614372 0.163054 0.0535353
542 0.614372 0.190115 0.0575821
543 0.614372 0.192502 0.0547317
544 0.614372 0.173622 0.0474143
545 0.614372 0.155523 0.0511954
546 0.614372 0.180461 0.0566995
547 0.614372 0.18802 0.0517549
548 0.614372 0.193941 0.0510645
549 0.614372 0.18485 0.0515177
550 0.614372 0.198905 0.0564736
551 0.614372 0.20654 0.0533421
552 0.614372 0.202168 0.0511864
553 0.614372 0.216821 0.0514285
554 0.614372 0.20968 0.0450518
555 0.614372 0.247629 0.049985
556 0.614372 0.193048 0.0457532
557 0.614372 0.186167 0.0488686
558 0.614372 0.188129 0.0481714
559 0.614372 0.163523 0.0457362
560 0.614372 0.1906 0.0506064
561 0.614372 0.179709 0.0517203
562 0.614372 0.160914 0.0464672
563 0.614372 0.156344 0.0486691
564 0.614372 0.16894 0.0499046
565 0.614372 0.179027 0.049565
566 0.614372 0.194334 0.0531442
567 0.614372 0.203164 0.0570404
568 0.614372 0.181852 0.0534106
569 0.614372 0.157883 0.049041
570 0.614372 0.179737 0.052944
571 0.614372 0.18395 0.0521172
572 0.614372 0.181953 0.0506068
573 0.614372 0.175133 0.0464509
574 0.614372 0.185048 0.0493028
575 0.614372 0.183852 0.0549399
576 0.614372 0.205177 0.0525352
577 0.614372 0.199967 0.0498396
578 0.614372 0.218786 0.0502591
579 0.614372 0.198086 0.0514474
580 0.614372 0.18625 0.0489782
581 0.614372 0.165332 0.0484389
582 0.614372 0.179202 0.0482308
583 0.614372 0.179184 0.0517056
584 0.614372 0.194869 0.0526797
585 0.614372 0.202383 0.0519883
586 0.614372 0.198812 0.0527903
587 0.614372 0.223274 0.0570107
588 0.614372 0.207634 0.0593987
589 0.614372 0.194068 0.056085
590 0.614372 0.18136 0.0537811
591 0.614372 0.189691 0.0518446
592 0.614372 0.192172 0.0521834
593 0.614372 0.207573 0.0593517
594 0.614372 0.190961 0.0537877
595 0.614372 0.207437 0.0551579
596 0.614372 0.17311 0.0506387
597 0.614372 0.197164 0.0500756
598 0.614372 0.200115 0.0509356
599 0.614372 0.189383 0.0545815
600 0.614372 0.180235 0.0550752
601 0.614372 0.176606 0.0521239
602 0.614372 0.195806 0.0556844
603 0.614372 0.184541 0.0520463
604 0.614372 0.176805 0.0500549
605 0.614372 0.171231 0.0498792
606 0.614372 0.163364 0.0465534
607 0.614372 0.174563 0.0524311
608 0.614372 0.156689 0.044244
609 0.614372 0.157533 0.0466115
610 0.614372 0.144737 0.0502211
611 0.614372 0.158002 0.0522768
612 0.614372 0.16513 0.0525217
613 0.614372 0.15629 0.0481646
614 0.614372 0.178789 0.0526139
615 0.614372 0.166384 0.0547677
616 0.614372 0.192638 0.0541332
617 0.614372 0.180644 0.0516296
618 0.614372 0.17406 0.0478653
619 0.614372 0.196703 0.0500735
620 0.614372 0.16467 0.0483386
621 0.614372 0.162366 0.0520105
622 0.614372 0.18413 0.0519806
623 0.614372 0.17162 0.0515835
624 0.614372 0.171983 0.052894
625 0.614372 0.167814 0.0526945
626 0.614372 0.175758 0.0523802
627 0.614372 0.138302 0.0463401
628 0.614372 0.177854 0.0507085
629 0.614372 0.182811 0.0506507
630 0.614372 0.170413 0.0506875
631 0.614372 0.155871 0.0488839
632 0.614372 0.17403 0.0494877
633 0.614372 0.169052 0.0494053
634 0.614372 0.152756 0.0481874
635 0.614372 0.172388 0.0460828
636 0.614372 0.162659 0.0479504
637 0.614372 0.188407 0.0536434
638 0.614372 0.200259 0.0532983
639 0.614372 0.162279 0.0501742
640 0.614372 0.190366 0.0538277
641 0.614372 0.166872 0.0478173
642 0.614372 0.174039 0.0530191
643 0.614372 0.205273 0.0565864
644 0.614372 0.193653 0.0506898
645 0.614372 0.196003 0.0533817
646 0.614372 0.184845 0.0543006
647 0.614372 0.197662 0.0512486
648 0.614372 0.205964 0.0561253
649 0.614372 0.188203 0.0546241
650 0.614372 0.1928 0.0589221
651 0.614372 0.197222 0.0568498
652 0.614372 0.201305 0.0556987
653 0.614372 0.192356 0.0523519
654 0.614372 0.222265 0.0568225
655 0.614372 0.190738 0.0534994
656 0.614372 0.182985 0.0506058
657 0.614372 0.183926 0.049489
658 0.614372 0.165108 0.0474938
659 0.614372 0.171754 0.0499516
660 0.614372 0.176581 0.0488398
661 0.614372 0.175622 0.0502079
662 0.614372 0.178382 0.0560836
663 0.614372 0.164415 0.0500814
664 0.614372 0.195042 0.0520548
665 0.614372 0.21085 0.0540605
666 0.614372 0.222079 0.0552013
667 0.614372 0.201036 0.0566118
668 0.614372 0.164621 0.0479935
669 0.614372 0.19634 0.0538625
670 0.614372 0.196231 0.0517897
671 0.614372 0.171123 0.050129
672 0.614372 0.184185 0.0522368
673 0.614372 0.188013 0.0526806
674 0.614372 0.193361 0.0542007
675 0.614372 0.203719 0.0481238
676 0.614372 0.22975 0.0487438
677 0.614372 0.226159 0.0504462
678 0.614372 0.224459 0.0509615
679 0.614372 0.219961 0.0507501
680 0.614372 0.185308 0.0492953
681 0.614372 0.180429 0.0544257
682 0.614372 0.195912 0.0530007
683 0.614372 0.212252 0.0563817
684 0.614372 0.198985 0.05632
685 0.614372 0.212132 0.0556582
686 0.614372 0.190502 0.0533681
687 0.614372 0.20902 0.0562382
688 0.614372 0.183974 0.0465948
689 0.614372 0.183106 0.0489279
690 0.614372 0.173658 0.0484196
691 0.614372 0.193857 0.0537823
692 0.614372 0.208364 0.0535845
693 0.614372 0.203467 0.0542574
694 0.614372 0.213522 0.0547599
695 0.614372 0.210558 0.0532062
696 0.614372 0.192919 0.051132
697 0.614372 0.177105 0.0518717
698 0.614372 0.202885 0.0545219
699 0.614372 0.203932 0.0546114
700 0.614372 0.225 0.0580155
701 0.614372 0.218858 0.0578537
702 0.614372 0.202854 0.0577838
703 0.614372 0.173193 0.0505448
704 0.614372 0.153031 0.0467107
705 0.614372 0.160489 0.049273
706 0.614372 0.170522 0.0539351
707 0.614372 0.209453 0.054924
708 0.614372 0.207772 0.052874
709 0.614372 0.207031 0.0575503
710 0.614372 0.191195 0.0564449
711 0.614372 0.195299 0.0539334
712 0.614372 0.163676 0.0487299
713 0.614372 0.165206 0.0540633
714 0.614372 0.174263 0.0535415
715 0.614372 0.141158 0.0474094
716 0.614372 0.140905 0.0482565
717 0.614372 0.189023 0.0569545
718 0.614372 0.172401 0.0551981
719 0.614372 0.14724 0.0517716
720 0.614372 0.172752 0.0547109
721 0.614372 0.18144 0.0550304
722 0.614372 0.191215 0.0541992
723 0.614372 0.202357 0.053262
724 0.614372 0.210212 0.0535618
725 0.614372 0.190224 0.0505397
726 0.614372 0.217724 0.0503087
727 0.614372 0.193037 0.0511149
728 0.614372 0.20445 0.0552062
729 0.614372 0.191642 0.0572487
730 0.614372 0.209774 0.0535887
731 0.614372 0.195349 0.0493171
732 0.614372 0.205962 0.0529401
733 0.614372 0.218434 0.056927
734 0.614372 0.201187 0.0556303
735 0.614372 0.179343 0.0507276
736 0.614372 0.192252 0.0532989
737 0.614372 0.173065 0.0457833
738 0.614372 0.186204 0.0489841
739 0.614372 0.179227 0.0484993
740 0.614372 0.187984 0.0513507
741 0.614372 0.16935 0.0511947
742 0.614372 0.180876 0.0489379
743 0.614372 0.1705 0.0499396
744 0.614372 0.173699 0.0516175
745 0.614372 0.182039 0.0489069
746 0.614372 0.178153 0.0504223
747 0.614372 0.164239 0.0497473
748 0.614372 0.162531 0.0503809
749 0.614372 0.183641 0.0499059
750 0.614372 0.203434 0.0553342
751 0.614372 0.189985 0.0563546
752 0.614372 0.207139 0.0542088
753 0.614372 0.187107 0.0506181
754 0.614372 0.19207 0.0512144
755 0.614372 0.170162 0.0495227
756 0.614372 0.208178 0.0525366
757 0.614372 0.186852 0.0492113
758 0.614372 0.212795 0.0537118
759 0.614372 0.219044 0.0512451
760 0.614372 0.165784 0.0466088
761 0.614372 0.192547 0.0516746
762 0.614372 0.204016 0.0527354
763 0.614372 0.200872 0.0530458
764 0.614372 0.192375 0.0482618
765 0.614372 0.208927 0.0507345
766 0.614372 0.193975 0.0528737
767 0.614372 0.176599 0.0503308
768 0.614372 0.193995 0.0536158
769 0.614372 0.166737 0.0520463
770 0.614372 0.178982 0.0510707
771 0.614372 0.173424 0.0491924
772 0.614372 0.202273 0.0526618
773 0.614372 0.204131 0.0562167
774 0.614372 0.20557 0.0509609
775 0.614372 0.210265 0.0482216
776 0.614372 0.216271 0.0523408
777 0.614372 0.212769 0.0516803
778 0.614372 0.204282 0.050411
779 0.614372 0.230007 0.0541621
780 0.614372 0.18575 0.0536293
781 0.614372 0.200728 0.0507412
782 0.614372 0.205355 0.0513816
783 0.614372 0.211512 0.0483015
784 0.614372 0.203812 0.053187
785 0.614372 0.195574 0.0517215
786 0.614372 0.160836 0.0501709
787 0.614372 0.180478 0.0554062
788 0.614372 0.173998 0.0565421
789 0.614372 0.182779 0.0560347
790 0.614372 0.166672 0.0558401
791 0.614372 0.181996 0.0518204
792 0.614372 0.213171 0.0587523
793 0.614372 0.184831 0.0575121
794 0.614372 0.174089 0.0561609
795 0.614372 0.174392 0.0496555
796 0.614372 0.182205 0.0507716
797 0.614372 0.184733 0.0569416
798 0.614372 0.185372 0.0576358
799 0.614372 0.191809 0.0538054
800 0.614372 0.194155 0.0515736
801 0.614372 0.189493 0.0535037
802 0.614372 0.214975 0.0500481
803 0.614372 0.206418 0.0523425
804 0.614372 0.233832 0.0526891
805 0.614372 0.19341 0.0502339
806 0.614372 0.178779 0.0504011
807 0.614372 0.190762 0.0504408
808 0.614372 0.184732 0.0572213
809 0.614372 0.178009 0.0520832
810 0.614372 0.174722 0.0514259
811 0.614372 0.177246 0.051032
812 0.614372 0.185791 0.0526416
813 0.614372 0.203964 0.0603052
814 0.614372 0.169889 0.053232
815 0.614372 0.187893 0.0524436
816 0.614372 0.195869 0.0518789
817 0.614372 0.226648 0.0565035
818 0.614372 0.220773 0.0560444
819 0.614372 0.195969 0.0583304
820 0.614372 0.195587 0.0560181
821 0.614372 0.181418 0.0544989
822 0.614372 0.186328 0.051951
823 0.614372 0.209382 0.0576767
824 0.614372 0.212072 0.0560633
825 0.614372 0.202658 0.0566175
826 0.614372 0.199949 0.0556598
827 0.614372 0.182676 0.0520907
828 0.614372 0.203502 0.0513319
829 0.614372 0.207679 0.054819
830 0.614372 0.217098 0.0560682
831 0.614372 0.198064 0.0546672
832 0.614372 0.219988 0.055785
833 0.614372 0.201617 0.0541757
834 0.614372 0.164735 0.0518694
835 0.614372 0.168559 0.0501353
836 0.614372 0.16681 0.0539948
837 0.614372 0.185388 0.0554831
838 0.614372 0.168832 0.0513794
839 0.614372 0.189898 0.0544025
840 0.614372 0.191932 0.054062
841 0.614372 0.204344 0.0499678
842 0.614372 0.166979 0.0497573
843 0.614372 0.177339 0.0545468
844 0.614372 0.171538 0.0535125
845 0.614372 0.159033 0.0512996
846 0.614372 0.194003 0.0572052
847 0.614372 0.196039 0.0547613
848 0.614372 0.169962 0.049162
849 0.614372 0.192506 0.0564867
850 0.614372 0.199687 0.0537009
851 0.614372 0.186135 0.0527506
852 0.614372 0.197826 0.0549245
853 0.614372 0.192109 0.051031
854 0.614372 0.187033 0.0485769
855 0.614372 0.203111 0.0496835
856 0.614372 0.205574 0.0484107
857 0.614372 0.177479 0.0498824
858 0.614372 0.182545 0.0470277
859 0.614372 0.209266 0.0567235
860 0.614372 0.198357 0.0558282
861 0.614372 0.227266 0.0563025
862 0.614372 0.229534 0.0543856
863 0.614372 0.200877 0.050042
864 0.614372 0.212813 0.054931
865 0.614372 0.196917 0.050441
866 0.614372 0.166848 0.0459803
867 0.614372 0.187235 0.0533175
868 0.614372 0.179071 0.051709
869 0.614372 0.189579 0.0488896
870 0.614372 0.183123 0.0451378
871 0.614372 0.202142 0.0498845
872 0.614372 0.201921 0.0495917
873 0.614372 0.180535 0.0481421
874 0.614372 0.186284 0.0559047
875 0.614372 0.198364 0.0514416
876 0.614372 0.210032 0.0557186
877 0.614372 0.21027 0.0593624
878 0.614372 0.213696 0.0545139
879 0.614372 0.23255 0.0609425
880 0.614372 0.210953 0.0590006
881 0.614372 0.181362 0.0530516
882 0.614372 0.177123 0.0495196
883 0.614372 0.18312 0.051527
884 0.614372 0.189611 0.0538563
885 0.614372 0.177987 0.0493644
886 0.614372 0.191523 0.0504476
887 0.614372 0.179091 0.0528315
888 0.614372 0.15545 0.0499006
889 0.614372 0.167736 0.0482646
890 0.614372 0.186162 0.0541349
891 0.614372 0.198134 0.0529185
892 0.614372 0.158229 0.0530963
893 0.614372 0.187176 0.059584
894 0.614372 0.205394 0.0555784
895 0.614372 0.167694 0.0517574
896 0.614372 0.169124 0.053612
897 0.614372 0.171313 0.0528332
898 0.614372 0.195718 0.053597
899 0.614372 0.172308 0.0498967
900 0.614372 0.174951 0.0468333
901 0.614372 0.182808 0.0471946
902 0.614372 0.179142 0.0504481
903 0.614372 0.154332 0.0470797
904 0.614372 0.174525 0.0524544
905 0.614372 0.212332 0.0523036
906 0.614372 0.22713 0.0536137
907 0.614372 0.224412 0.0562144
908 0.614372 0.17605 0.0509545
909 0.614372 0.171971 0.0516601
910 0.614372 0.174331 0.0518958
911 0.614372 0.182426 0.0520031
912 0.614372 0.180615 0.050157
913 0.614372 0.209676 0.0529349
914 0.614372 0.213307 0.0523219
915 0.614372 0.196902 0.0505718
916 0.614372 0.214105 0.0533812
917 0.614372 0.186224 0.0501228
918 0.614372 0.166785 0.0481689
919 0.614372 0.196096 0.0462033
920 0.614372 0.179986 0.0532823
921 0.614372 0.164252 0.0497717
922 0.614372 0.179188 0.0515492
923 0.614372 0.196844 0.0495754
924 0.614372 0.196263 0.0520418
925 0.614372 0.207169 0.0539735
926 0.614372 0.224066 0.0512709
927 0.614372 0.18884 0.0469329
928 0.614372 0.208453 0.0525533
929 0.614372 0.195454 0.0451145
930 0.614372 0.16628 0.0481731
931 0.614372 0.153371 0.0499966
932 0.614372 0.174516 0.0546354
933 0.614372 0.179292 0.0534801
934 0.614372 0.175769 0.0550476
935 0.614372 0.161424 0.0527558
936 0.614372 0.160822 0.0526515
937 0.614372 0.151071 0.0494313
938 0.614372 0.156347 0.0541315
939 0.614372 0.146245 0.0485882
940 0.614372 0.136775 0.0464725
941 0.614372 0.151203 0.0492643
942 0.614372 0.177596 0.0543978
943 0.614372 0.164383 0.0534014
944 0.614372 0.16927 0.0550674
945 0.614372 0.148426 0.0485966
946 0.614372 0.139507 0.0487296
947 0.614372 0.147696 0.051662
948 0.614372 0.167199 0.0550971
949 0.614372 0.152506 0.0502201
950 0.614372 0.171787 0.0554832
951 0.614372 0.176567 0.0582906
952 0.614372 0.176994 0.0527541
953 0.614372 0.148535 0.0465393
954 0.614372 0.191262 0.0526501
955 0.614372 0.166587 0.0504276
956 0.614372 0.136239 0.0441361
957 0.614372 0.166431 0.0467584
958 0.614372 0.166437 0.0498935
959 0.614372 0.161771 0.0505525
960 0.614372 0.195514 0.0551022
961 0.614372 0.174719 0.0512154
962 0.614372 0.157692 0.0483628
963 0.614372 0.204071 0.0574932
964 0.614372 0.207323 0.0579909
965 0.614372 0.233316 0.055727
966 0.614372 0.201682 0.0460187
967 0.614372 0.213847 0.0501188
968 0.614372 0.19819 0.0513567
969 0.614372 0.194632 0.0570367
970 0.614372 0.19331 0.0558532
971 0.614372 0.184334 0.0537636
972 0.614372 0.159569 0.0520082
973 0.614372 0.173271 0.0496109
974 0.614372 0.165888 0.0469185
975 0.614372 0.20819 0.0526975
976 0.614372 0.198348 0.0526562
977 0.614372 0.187182 0.0492952
978 0.614372 0.171249 0.0464385
979 0.614372 0.176294 0.0447701
980 0.614372 0.187862 0.0481111
981 0.614372 0.189294 0.0497701
982 0.614372 0.190732 0.0530205
983 0.614372 0.19534 0.047156
984 0.614372 0.183059 0.0522938
985 0.614372 0.182619 0.0545973
986 0.614372 0.154786 0.0501119
987 0.614372 0.206565 0.0578857
988 0.614372 0.191506 0.0541975
989 0.614372 0.186697 0.0529815
990 0.614372 0.205919 0.0573174
991 0.614372 0.198598 0.0549161
992 0.614372 0.217197 0.0574948
993 0.614372 0.176825 0.0539256
994 0.614372 0.199067 0.0521666
995 0.614372 0.20068 0.0553549
996 0.614372 0.197829 0.0485029
997 0.614372 0.22687 0.0535201
998 0.614372 0.160323 0.0472906
999 0.614372 0.178178 0.0537947
1000 0.614372 0.177242 0.0517693
