0 0.125274 0.0675184 0.00391174
1 0.125274 0.0679102 0.00389077
2 0.125586 0.0757805 0.00373413
3 0.125589 0.0784046 0.00364332
4 0.125589 0.0772186 0.00368582
5 0.125589 0.0840313 0.00347028
6 0.125773 0.0862233 0.00333844
7 0.285069 0.0846586 0.00384748
8 0.326713 0.096868 0.00383557
9 0.326713 0.0948228 0.00395867
10 0.326713 0.0950584 0.00463992
11 0.355322 0.093654 0.00555775
12 0.384432 0.104834 0.00713726
13 0.412466 0.116708 0.00944138
14 0.412466 0.133471 0.0109372
15 0.412466 0.135719 0.0130808
16 0.500546 0.152985 0.0170151
16 0.50986 0.0860591 0.021617
17 0.52328 0.0961141 0.0271834
18 0.52328 0.0950105 0.0317723
19 0.528757 0.0892409 0.0304944
20 0.528757 0.104113 0.0344646
21 0.541788 0.12744 0.0408273
22 0.541788 0.115571 0.0411409
23 0.541788 0.132289 0.0396858
24 0.541788 0.129024 0.0395393
25 0.541788 0.150514 0.0442345
26 0.543247 0.180958 0.0486852
27 0.544458 0.187868 0.0493807
28 0.544458 0.178696 0.0440227
29 0.544458 0.161337 0.0419003
30 0.544458 0.183944 0.0426059
31 0.554713 0.184154 0.0466851
32 0.554713 0.18522 0.0467041
33 0.575603 0.191748 0.0463972
34 0.575603 0.195457 0.0454959
35 0.575603 0.191032 0.0473853
36 0.575603 0.213635 0.0463292
37 0.585324 0.188788 0.0477761
38 0.586801 0.182459 0.0463342
39 0.586801 0.218281 0.053659
40 0.586801 0.211552 0.0525511
41 0.586801 0.20779 0.0484302
42 0.586801 0.184443 0.0469242
43 0.586801 0.224285 0.0494162
44 0.586801 0.2407 0.0505097
45 0.586801 0.200671 0.0504893
46 0.586801 0.230208 0.0495935
47 0.594634 0.227399 0.0522982
48 0.594634 0.206219 0.0476479
49 0.594634 0.212219 0.0498253
50 0.594634 0.195343 0.044415
51 0.594634 0.208966 0.0477145
52 0.594634 0.210494 0.0524924
53 0.597244 0.207256 0.0502556
54 0.597244 0.250213 0.0496268
55 0.597244 0.237721 0.0465902
56 0.597244 0.227027 0.0451106
57 0.597244 0.189696 0.0498172
58 0.597244 0.207431 0.051589
59 0.597244 0.242848 0.048305
60 0.597244 0.220954 0.0491593
61 0.597244 0.239616 0.0463116
62 0.597244 0.205926 0.0473605
63 0.597244 0.184962 0.0442953
64 0.597244 0.178162 0.0430838
65 0.597244 0.176064 0.0445724
66 0.597244 0.189523 0.0495583
67 0.597244 0.184239 0.0468553
68 0.597244 0.187943 0.0476243
69 0.597244 0.202855 0.0539923
70 0.597244 0.205076 0.0488803
71 0.597244 0.209254 0.0567485
72 0.597244 0.20945 0.0567631
73 0.597244 0.193483 0.0595079
74 0.597244 0.169615 0.0503504
75 0.597244 0.168039 0.0505825
76 0.597244 0.195865 0.0524785
77 0.597244 0.198618 0.0511813
78 0.597244 0.184241 0.0522723
79 0.597244 0.192534 0.0552663
80 0.597244 0.193523 0.0542383
81 0.597244 0.222837 0.0536924
82 0.597244 0.204936 0.0467778
83 0.597244 0.180065 0.0487167
84 0.597244 0.197691 0.0498019
85 0.597244 0.213301 0.0525508
86 0.597244 0.23058 0.0547828
87 0.597244 0.208117 0.0513626
88 0.597244 0.196831 0.0525071
89 0.597244 0.189425 0.0476894
90 0.597244 0.185309 0.0520686
91 0.597244 0.181847 0.0530815
92 0.597244 0.200037 0.0538016
93 0.597244 0.207243 0.0536611
94 0.597244 0.22552 0.0503792
95 0.597244 0.237741 0.0521216
96 0.597244 0.244079 0.0548287
97 0.597244 0.245339 0.0503461
98 0.597244 0.243932 0.0500372
99 0.597244 0.2235 0.0482521
100 0.597244 0.238031 0.0501945
101 0.597244 0.210051 0.0523478
102 0.597244 0.217783 0.0570993
103 0.597244 0.204656 0.0545911
104 0.597244 0.216421 0.055515
105 0.597244 0.237236 0.0547329
106 0.597244 0.238811 0.0528513
107 0.597244 0.274638 0.052014
108 0.597244 0.269283 0.0537753
109 0.597244 0.229693 0.0523603
110 0.597244 0.247975 0.0525934
111 0.597244 0.249131 0.0513228
112 0.597244 0.238481 0.0534474
113 0.597244 0.216377 0.0512986
114 0.597244 0.237227 0.0597701
115 0.597244 0.244727 0.0601556
116 0.597244 0.201188 0.05606
117 0.597244 0.192805 0.0505509
118 0.597244 0.213179 0.0498805
119 0.597244 0.217057 0.0588157
120 0.597244 0.204878 0.0574854
121 0.597244 0.203824 0.0539131
122 0.597244 0.217288 0.0573214
123 0.600776 0.199516 0.0476574
124 0.602322 0.210218 0.0542513
125 0.602322 0.228272 0.0540532
126 0.602322 0.243062 0.0528264
127 0.602322 0.228008 0.0502666
128 0.602322 0.232248 0.0514396
129 0.602322 0.24717 0.0456171
130 0.602322 0.222782 0.0541332
131 0.602322 0.224409 0.0524431
132 0.602322 0.227746 0.0539296
133 0.607892 0.242073 0.054346
134 0.607892 0.223388 0.0561168
135 0.607892 0.19214 0.0530919
136 0.607892 0.195213 0.0541773
137 0.607892 0.205794 0.0499469
138 0.607892 0.19192 0.0492264
139 0.607892 0.222316 0.0566436
140 0.607892 0.216194 0.0555767
141 0.607892 0.204903 0.0604884
142 0.607892 0.207163 0.0544113
143 0.607892 0.220865 0.0539793
144 0.607892 0.246628 0.0541462
145 0.607892 0.187143 0.0518536
146 0.607892 0.175437 0.0505881
147 0.607892 0.176887 0.053508
148 0.607892 0.186449 0.0515294
149 0.607892 0.167325 0.0473355
150 0.607892 0.209029 0.0499477
151 0.609723 0.191115 0.0542079
152 0.609723 0.239947 0.0592933
153 0.609723 0.208082 0.0597206
154 0.609723 0.217985 0.0540676
155 0.609723 0.205789 0.052429
156 0.609723 0.201781 0.0549779
157 0.609723 0.192183 0.05457
158 0.609723 0.179528 0.0497027
159 0.609723 0.186373 0.0555891
160 0.609723 0.227635 0.0579411
161 0.609723 0.192671 0.056582
162 0.609723 0.204184 0.0535813
163 0.609723 0.202276 0.0551281
164 0.609723 0.209634 0.0550777
165 0.609723 0.20984 0.0541307
166 0.609723 0.226148 0.0564581
167 0.609723 0.239857 0.0595397
168 0.609723 0.268021 0.0625609
169 0.609723 0.240277 0.0607645
170 0.609723 0.212866 0.0557233
171 0.609723 0.255191 0.0632773
172 0.609723 0.234771 0.0612832
173 0.609723 0.203821 0.0556906
174 0.609723 0.226677 0.0601319
175 0.609723 0.201288 0.0571771
176 0.609723 0.194183 0.0575897
177 0.609723 0.20116 0.053533
178 0.609723 0.198976 0.0529182
179 0.609723 0.249448 0.0557004
180 0.609723 0.244093 0.0548791
181 0.610196 0.258242 0.0576184
182 0.610196 0.257277 0.0589138
183 0.610196 0.272485 0.0562353
184 0.610196 0.24922 0.0582395
185 0.610196 0.254663 0.0591572
186 0.610196 0.253105 0.0569103
187 0.610196 0.243608 0.0532124
188 0.610196 0.256625 0.0547855
189 0.610196 0.243744 0.0558959
190 0.610196 0.242342 0.0533954
191 0.610196 0.257749 0.0566715
192 0.610196 0.237095 0.0574675
193 0.612561 0.236893 0.0617297
194 0.612561 0.229838 0.0606232
195 0.612561 0.249261 0.0557327
196 0.612561 0.24659 0.0566423
197 0.612561 0.223172 0.054123
198 0.612561 0.24958 0.0557681
199 0.612561 0.241836 0.0571369
200 0.612561 0.237067 0.0551939
201 0.612561 0.232227 0.0590859
202 0.612561 0.255681 0.0572649
203 0.612561 0.236359 0.0570329
204 0.612561 0.219463 0.0559384
205 0.612561 0.214756 0.0576806
206 0.612561 0.227751 0.0564541
207 0.612561 0.216734 0.0561067
208 0.612561 0.207637 0.0539972
209 0.612561 0.252881 0.0596162
210 0.612561 0.246623 0.0524514
211 0.612561 0.263681 0.0548696
212 0.612561 0.234026 0.0516244
213 0.612561 0.226925 0.0515151
214 0.612561 0.235319 0.0516582
215 0.612561 0.233886 0.0572051
216 0.612561 0.241313 0.0598867
217 0.612561 0.249706 0.054892
218 0.612561 0.232415 0.0517062
219 0.612561 0.247995 0.0548311
220 0.612561 0.256671 0.0569191
221 0.612561 0.247851 0.0533722
222 0.612561 0.266823 0.0565286
223 0.612561 0.276506 0.0554209
224 0.612561 0.230798 0.0570139
225 0.612561 0.242992 0.0547629
226 0.612561 0.254905 0.0530436
227 0.612561 0.252681 0.0505093
228 0.612561 0.270241 0.0538355
229 0.612561 0.246796 0.0546829
230 0.612561 0.269253 0.0541373
231 0.612561 0.239497 0.0554911
232 0.612561 0.2085 0.0564973
233 0.612561 0.22037 0.0603545
234 0.612561 0.200432 0.0587109
235 0.612561 0.207796 0.0573787
236 0.612561 0.228155 0.0562231
237 0.612561 0.254449 0.0609361
238 0.612561 0.238295 0.0583773
239 0.612561 0.198682 0.0536083
240 0.612561 0.205736 0.0560726
241 0.612561 0.226677 0.0598061
242 0.612561 0.237225 0.0570008
243 0.612561 0.207781 0.0563423
244 0.612561 0.226856 0.0547969
245 0.612561 0.237485 0.0535507
246 0.612561 0.269717 0.0573635
247 0.612561 0.253835 0.0581143
248 0.612561 0.233824 0.0586362
249 0.612561 0.264547 0.0590534
250 0.612561 0.269301 0.0547486
251 0.612561 0.259662 0.0574101
252 0.612561 0.24646 0.0614185
253 0.612561 0.240715 0.0603162
254 0.612561 0.240918 0.0575565
255 0.612561 0.241617 0.0573252
256 0.612561 0.202348 0.0554941
257 0.612561 0.240228 0.0525595
258 0.612561 0.232729 0.0536947
259 0.612561 0.244862 0.0576198
260 0.612561 0.218222 0.0579813
261 0.612561 0.210496 0.0552994
262 0.612561 0.220869 0.0511756
263 0.612561 0.233554 0.0544829
264 0.612561 0.220991 0.0556549
265 0.612561 0.241134 0.0510566
266 0.612561 0.244001 0.0487389
267 0.612561 0.220873 0.0515198
268 0.612561 0.233489 0.0498013
269 0.612561 0.236614 0.0502479
270 0.612561 0.265026 0.0539888
271 0.612561 0.237403 0.0608929
272 0.612561 0.261212 0.0561117
273 0.612561 0.286469 0.0555041
274 0.612561 0.294074 0.0553231
275 0.612561 0.260342 0.051519
276 0.612561 0.260812 0.0537892
277 0.612561 0.248421 0.0529472
278 0.612561 0.223811 0.0529294
279 0.612561 0.261689 0.055232
280 0.612561 0.249442 0.0525225
281 0.612561 0.242935 0.0523366
282 0.612561 0.243677 0.0529546
283 0.612561 0.257265 0.0530663
284 0.612561 0.244868 0.0528594
285 0.612561 0.248571 0.0590032
286 0.612561 0.243253 0.0532851
287 0.612561 0.254222 0.0544884
288 0.612561 0.2776 0.0502227
289 0.612561 0.248488 0.0541717
290 0.612561 0.229521 0.0561239
291 0.612561 0.244733 0.0551861
292 0.612561 0.240112 0.054122
293 0.612561 0.237272 0.0522831
294 0.612561 0.196895 0.0484917
295 0.612561 0.209615 0.0508214
296 0.612561 0.194222 0.0514077
297 0.612561 0.213604 0.0523776
298 0.612561 0.219629 0.0540708
299 0.612561 0.238867 0.0582587
300 0.612561 0.254422 0.0578259
301 0.612561 0.236759 0.0598048
302 0.612561 0.213781 0.0564706
303 0.612561 0.225782 0.0547385
304 0.612561 0.217084 0.0549017
305 0.612561 0.235931 0.0561379
306 0.612561 0.245932 0.0603914
307 0.612561 0.255853 0.0587382
308 0.612561 0.239165 0.0555972
309 0.612561 0.245934 0.0549346
310 0.612561 0.247304 0.0590176
311 0.612561 0.270368 0.0579201
312 0.612561 0.23779 0.0561464
313 0.612561 0.20856 0.0550232
314 0.612561 0.212278 0.0512297
315 0.612561 0.215226 0.0511751
316 0.612561 0.198236 0.050309
317 0.612561 0.202568 0.0495336
318 0.612561 0.212434 0.0525619
319 0.612561 0.231584 0.049327
320 0.612561 0.256108 0.0558799
321 0.612561 0.232183 0.0544303
322 0.612561 0.24286 0.0492328
323 0.612561 0.261543 0.0519221
324 0.612561 0.250206 0.0482529
325 0.612561 0.262489 0.0498337
326 0.612561 0.275442 0.049508
327 0.612561 0.26251 0.0559464
328 0.612561 0.271098 0.0570972
329 0.612561 0.284083 0.0562242
330 0.612561 0.277445 0.0581266
331 0.612561 0.283491 0.0559792
332 0.612561 0.284848 0.0582953
333 0.612561 0.27463 0.0533211
334 0.612561 0.27304 0.0534456
335 0.612561 0.283254 0.0528804
336 0.612561 0.247316 0.0522323
337 0.612561 0.268724 0.0542409
338 0.612561 0.233358 0.055924
339 0.612561 0.242499 0.0553136
340 0.612561 0.230443 0.0542707
341 0.612561 0.206111 0.0519534
342 0.612561 0.192634 0.0494767
343 0.612561 0.214201 0.054453
344 0.612561 0.25341 0.0561956
345 0.612561 0.241417 0.0583608
346 0.612561 0.226566 0.056341
347 0.612561 0.241789 0.0578358
348 0.612561 0.256219 0.0593997
349 0.612561 0.230724 0.0589484
350 0.612561 0.229857 0.0564103
351 0.612561 0.209212 0.0521143
352 0.612561 0.232113 0.054091
353 0.612561 0.268651 0.0562906
354 0.612561 0.224749 0.0500468
355 0.612561 0.24351 0.0503578
356 0.612561 0.245033 0.0578877
357 0.612561 0.221928 0.053025
358 0.612561 0.236295 0.0564123
359 0.612561 0.207497 0.0546806
360 0.612561 0.241695 0.0510197
361 0.612561 0.266874 0.0553465
362 0.612561 0.270733 0.0590906
363 0.612561 0.246121 0.0557457
364 0.612561 0.2579 0.0563455
365 0.612561 0.231733 0.0573382
366 0.612561 0.266444 0.0586944
367 0.612561 0.261582 0.0569652
368 0.612561 0.244632 0.057811
369 0.612561 0.210217 0.0549261
370 0.612561 0.201882 0.0550701
371 0.612561 0.197832 0.0580857
372 0.612561 0.198547 0.0555855
373 0.612561 0.206955 0.0525872
374 0.612561 0.220761 0.0530895
375 0.612561 0.226696 0.0624715
376 0.612561 0.208609 0.0589665
377 0.612561 0.218965 0.0627409
378 0.612561 0.220565 0.0543544
379 0.612561 0.249994 0.0564397
380 0.612561 0.230177 0.0556346
381 0.612561 0.224821 0.0539692
382 0.612561 0.221647 0.053495
383 0.612561 0.26641 0.056941
384 0.612561 0.250714 0.0557212
385 0.612561 0.221992 0.0544624
386 0.612561 0.209149 0.0600789
387 0.612561 0.251894 0.0625862
388 0.612561 0.231919 0.0599385
389 0.612561 0.238239 0.0590223
390 0.612561 0.244857 0.058021
391 0.612561 0.233282 0.0563507
392 0.612561 0.267388 0.058572
393 0.612561 0.26998 0.0587063
394 0.612561 0.215739 0.0535963
395 0.612561 0.249409 0.0586527
396 0.612561 0.204492 0.0534317
397 0.612561 0.265863 0.0593545
398 0.612561 0.225282 0.0550182
399 0.612561 0.246036 0.0581043
400 0.612561 0.291402 0.0577284
401 0.612561 0.266439 0.0587504
402 0.612561 0.255166 0.0580066
403 0.612561 0.219997 0.0546252
404 0.612561 0.218876 0.0597066
405 0.612561 0.210156 0.0586493
406 0.612561 0.203217 0.0567202
407 0.612561 0.235299 0.0597408
408 0.612561 0.240924 0.0565549
409 0.612561 0.239529 0.0596458
410 0.612561 0.242107 0.0575046
411 0.612561 0.214953 0.0542831
412 0.612561 0.219826 0.0570974
413 0.612561 0.246274 0.0585065
414 0.612561 0.232413 0.0550252
415 0.612561 0.243218 0.0574611
416 0.612561 0.238399 0.0554711
417 0.612561 0.243035 0.0523645
418 0.612561 0.257445 0.0509596
419 0.612561 0.239516 0.0556213
420 0.612561 0.25049 0.0533852
421 0.612561 0.276854 0.0582485
422 0.612561 0.254629 0.0578258
423 0.612561 0.265427 0.0577465
424 0.612561 0.253654 0.0583117
425 0.612561 0.289704 0.0606842
426 0.612561 0.302773 0.0578055
427 0.612561 0.265696 0.0575441
428 0.612561 0.242199 0.0594292
429 0.612561 0.231909 0.059611
430 0.612561 0.24075 0.0578401
431 0.612561 0.255933 0.0565078
432 0.612561 0.259427 0.0569204
433 0.612561 0.28101 0.0530049
434 0.612561 0.249662 0.0577219
435 0.612561 0.267491 0.0525099
436 0.612561 0.235013 0.0529882
437 0.612561 0.269703 0.0585112
438 0.612561 0.262192 0.0559364
439 0.612561 0.240743 0.0547527
440 0.612561 0.23247 0.0576808
441 0.612561 0.220733 0.0572279
442 0.612561 0.228956 0.0564819
443 0.612561 0.197126 0.0567757
444 0.612561 0.235829 0.0615205
445 0.612561 0.215391 0.0552104
446 0.612561 0.237719 0.0552015
447 0.612561 0.242036 0.0538483
448 0.612561 0.256212 0.0549
449 0.612561 0.210817 0.0578666
450 0.612561 0.231152 0.0622274
451 0.612561 0.24195 0.0587272
452 0.612561 0.229249 0.0585112
453 0.612561 0.247164 0.0574985
454 0.612561 0.230126 0.055532
455 0.612561 0.234437 0.0567116
456 0.612561 0.213219 0.0568833
457 0.612561 0.239897 0.0579146
458 0.612561 0.259381 0.0594532
459 0.612561 0.24199 0.0561056
460 0.612561 0.264866 0.0577593
461 0.612561 0.264027 0.0543852
462 0.612561 0.2467 0.0579811
463 0.612561 0.216909 0.0525698
464 0.612561 0.221637 0.054139
465 0.612561 0.243703 0.0596873
466 0.612561 0.212636 0.0593966
467 0.612561 0.193079 0.0532341
468 0.612561 0.235846 0.0654815
469 0.612561 0.235315 0.0609008
470 0.612561 0.191129 0.0522609
471 0.612561 0.211891 0.0502813
472 0.612561 0.210072 0.0513912
473 0.612561 0.219177 0.0550621
474 0.612561 0.212088 0.0543704
475 0.612561 0.195371 0.0517636
476 0.612561 0.225316 0.05691
477 0.612561 0.218381 0.053942
478 0.612561 0.235708 0.0521675
479 0.612561 0.246808 0.0556535
480 0.612585 0.252295 0.057549
481 0.612585 0.24494 0.0543025
482 0.612585 0.236235 0.0562763
483 0.612585 0.224039 0.058613
484 0.612585 0.235488 0.0580912
485 0.612585 0.230778 0.0584935
486 0.612585 0.193133 0.0610347
487 0.612585 0.205368 0.0590159
488 0.612585 0.230846 0.0601697
489 0.612585 0.249284 0.059964
490 0.612585 0.244559 0.0575064
491 0.612585 0.228329 0.0589789
492 0.612585 0.255056 0.0544747
493 0.612585 0.237844 0.055821
494 0.612585 0.211238 0.0501279
495 0.612585 0.248242 0.0538087
496 0.612585 0.223813 0.0549121
497 0.612585 0.243713 0.0525202
498 0.612585 0.236092 0.0518937
499 0.612585 0.241308 0.0552339
500 0.612585 0.280695 0.0536053
501 0.612585 0.288373 0.0570557
502 0.612585 0.26895 0.0583312
503 0.612585 0.273832 0.0588143
504 0.612585 0.265329 0.0582979
505 0.612585 0.274399 0.0542246
506 0.612585 0.254914 0.0546744
507 0.612585 0.239383 0.0569019
508 0.612585 0.287629 0.056121
509 0.612585 0.26787 0.0562797
510 0.612585 0.23392 0.0617223
511 0.612585 0.237025 0.0585407
512 0.612585 0.252503 0.055586
513 0.612585 0.230014 0.0510354
514 0.612585 0.240871 0.0540892
515 0.612585 0.241109 0.0613069
516 0.612585 0.249913 0.0569657
517 0.612585 0.271705 0.0594424
518 0.612585 0.245405 0.0567205
519 0.612585 0.230068 0.0509298
520 0.612585 0.237617 0.0534014
521 0.612585 0.219802 0.0528966
522 0.612585 0.233389 0.0551567
523 0.612585 0.196581 0.0500764
524 0.612585 0.207334 0.0552713
525 0.612585 0.241322 0.056065
526 0.612585 0.264997 0.0540187
527 0.612585 0.254171 0.0508769
528 0.612585 0.273526 0.0520682
529 0.612585 0.261502 0.0587994
530 0.612585 0.218384 0.0554117
531 0.612585 0.199826 0.057525
532 0.612585 0.19292 0.0568397
533 0.612585 0.20275 0.0504475
534 0.612585 0.218881 0.0551435
535 0.612585 0.217484 0.0553566
536 0.612585 0.243784 0.0573331
537 0.612585 0.26099 0.0554208
538 0.612585 0.266442 0.0578554
539 0.612585 0.263875 0.0542325
540 0.612585 0.244465 0.0579725
541 0.612585 0.287137 0.0518642
542 0.612585 0.261337 0.0532388
543 0.612585 0.272237 0.0550176
544 0.612585 0.23941 0.0531611
545 0.612585 0.264588 0.0622021
546 0.612585 0.261042 0.0623614
547 0.612585 0.253544 0.058157
548 0.612585 0.212024 0.0604909
549 0.612585 0.251735 0.0509081
550 0.612585 0.268266 0.0535818
551 0.612585 0.279472 0.0556017
552 0.612585 0.258593 0.0594536
553 0.612585 0.24327 0.059754
554 0.612585 0.253164 0.0567917
555 0.612585 0.250881 0.058756
556 0.612585 0.232047 0.0580315
557 0.612585 0.245397 0.0587144
558 0.612585 0.278857 0.05921
559 0.612585 0.2348 0.0620766
560 0.612585 0.227655 0.0539247
561 0.612585 0.270401 0.0546113
562 0.612585 0.246269 0.0538296
563 0.612585 0.216833 0.0574842
564 0.612585 0.22876 0.0621881
565 0.612585 0.231126 0.0559367
566 0.612585 0.238659 0.0534457
567 0.612585 0.23369 0.0508906
568 0.612585 0.225287 0.0513448
569 0.612585 0.244903 0.0572215
570 0.612585 0.241047 0.0580928
571 0.612585 0.226429 0.0551318
572 0.612585 0.210521 0.0555602
573 0.612585 0.251521 0.0586512
574 0.612585 0.258255 0.055802
575 0.612585 0.268682 0.0546368
576 0.612585 0.264886 0.0521755
577 0.612585 0.247959 0.0567098
578 0.612585 0.258399 0.0505548
579 0.612585 0.28433 0.0508392
580 0.612585 0.26034 0.0497389
581 0.612585 0.254106 0.0578838
582 0.612585 0.226912 0.055227
583 0.612585 0.23651 0.0557736
584 0.612585 0.238507 0.0553479
585 0.612585 0.251863 0.0542458
586 0.612585 0.251399 0.0569284
587 0.612585 0.238833 0.0600887
588 0.612585 0.223647 0.0580027
589 0.612585 0.196258 0.0526515
590 0.612585 0.200867 0.0514201
591 0.612585 0.228422 0.0569022
592 0.612585 0.215093 0.057226
593 0.612585 0.202745 0.0605963
594 0.612585 0.237622 0.0556755
595 0.612585 0.207353 0.0576205
596 0.612585 0.241759 0.0596912
597 0.612585 0.259421 0.0624234
598 0.612585 0.273749 0.0579823
599 0.612585 0.241889 0.0587564
600 0.612585 0.222895 0.0585079
601 0.612585 0.246075 0.054902
602 0.612585 0.231797 0.0565035
603 0.612585 0.223308 0.0570574
604 0.612585 0.267296 0.0573689
605 0.612585 0.241822 0.0554382
606 0.612585 0.217299 0.0519641
607 0.612585 0.224991 0.062256
608 0.612585 0.241151 0.0580863
609 0.612585 0.217458 0.0579739
610 0.612585 0.26013 0.0554683
611 0.612585 0.250458 0.0581906
612 0.612585 0.261048 0.0592748
613 0.612585 0.255223 0.0612471
614 0.612585 0.253533 0.0597127
615 0.612585 0.246877 0.0586927
616 0.612585 0.237314 0.058063
617 0.612585 0.22876 0.0576406
618 0.612585 0.245213 0.0570629
619 0.612585 0.229947 0.0559696
620 0.612585 0.260126 0.0558196
621 0.612585 0.254779 0.0564723
622 0.612585 0.220565 0.0542447
623 0.612585 0.25797 0.055883
624 0.612585 0.23492 0.0524819
625 0.612585 0.265296 0.053733
626 0.612585 0.243384 0.0574114
627 0.612585 0.240283 0.0531442
628 0.612585 0.220286 0.0578476
629 0.612585 0.209109 0.0546352
630 0.612585 0.229943 0.0577448
631 0.612585 0.243167 0.0550673
632 0.612585 0.2336 0.0576227
633 0.612585 0.232846 0.0547192
634 0.612585 0.200324 0.0543784
635 0.612585 0.21048 0.0530439
636 0.612585 0.236947 0.0553975
637 0.612585 0.240068 0.0529327
638 0.612585 0.246943 0.0572536
639 0.612585 0.2651 0.0511276
640 0.612585 0.263939 0.0558261
641 0.612585 0.252704 0.0589552
642 0.612585 0.234016 0.0537127
643 0.612585 0.208863 0.0510519
644 0.612585 0.217677 0.0522564
645 0.612585 0.208536 0.0549929
646 0.612585 0.212108 0.0613858
647 0.612585 0.195604 0.0567319
648 0.612585 0.211835 0.0604895
649 0.612585 0.231073 0.0558939
650 0.612585 0.24799 0.0577712
651 0.612585 0.252404 0.0600338
652 0.612585 0.246682 0.060116
653 0.612585 0.240329 0.0577097
654 0.612585 0.228474 0.0595924
655 0.612585 0.211141 0.0567518
656 0.612585 0.186594 0.0525368
657 0.612585 0.232791 0.050012
658 0.612585 0.214676 0.0493877
659 0.612585 0.221103 0.0551557
660 0.612585 0.221714 0.0558722
661 0.612585 0.21859 0.0550328
662 0.61293 0.218348 0.0546664
663 0.61293 0.226017 0.0537774
664 0.61293 0.200337 0.0487364
665 0.61293 0.2114 0.0512896
666 0.61293 0.218322 0.0524771
667 0.61293 0.216505 0.0481214
668 0.61293 0.228489 0.05246
669 0.61293 0.214325 0.0554547
670 0.61293 0.232991 0.0565817
671 0.61293 0.224618 0.0579483
672 0.61293 0.26398 0.0528831
673 0.61293 0.265252 0.0530297
674 0.61293 0.251245 0.0534687
675 0.61293 0.257574 0.0565204
676 0.61293 0.256979 0.055495
677 0.61293 0.25272 0.0558295
678 0.61293 0.283572 0.0526354
679 0.61293 0.265904 0.057136
680 0.61293 0.254799 0.0535749
681 0.61293 0.245352 0.0556124
682 0.61293 0.260318 0.0571046
683 0.61293 0.274602 0.0475081
684 0.61293 0.269317 0.0557053
685 0.61293 0.229077 0.054946
686 0.61293 0.254295 0.0547082
687 0.61293 0.239475 0.0597851
688 0.61293 0.229861 0.0552781
689 0.61293 0.224197 0.054316
690 0.61293 0.22996 0.0526682
691 0.61293 0.225933 0.0544407
692 0.61293 0.25689 0.0549137
693 0.61293 0.244746 0.0555653
694 0.61293 0.261511 0.058907
695 0.61293 0.255734 0.0540012
696 0.61293 0.262945 0.0567468
697 0.61293 0.259159 0.0538091
698 0.61293 0.264382 0.0576971
699 0.61293 0.27984 0.0485481
700 0.61293 0.275448 0.055367
701 0.61293 0.244792 0.0548128
702 0.61293 0.213685 0.0560558
703 0.613255 0.218734 0.0598107
704 0.613255 0.22332 0.0563346
705 0.613255 0.255072 0.0572515
706 0.613255 0.254391 0.0554097
707 0.613255 0.235855 0.0524463
708 0.613255 0.258048 0.0524336
709 0.613255 0.262929 0.0570119
710 0.613255 0.282234 0.0550553
711 0.613255 0.268081 0.053439
712 0.613255 0.277407 0.0544703
713 0.613255 0.272193 0.0574435
714 0.613255 0.256889 0.0582617
715 0.613255 0.238669 0.0545137
716 0.613255 0.236832 0.0536105
717 0.613255 0.244496 0.0598719
718 0.613255 0.226636 0.0581965
719 0.613255 0.280072 0.057886
720 0.613255 0.278 0.0514661
721 0.613255 0.266094 0.0502925
722 0.613255 0.243809 0.0573551
723 0.613255 0.237901 0.055127
724 0.613255 0.241287 0.0547831
725 0.613255 0.250917 0.0539691
726 0.613255 0.224186 0.0527686
727 0.613255 0.250712 0.0527345
728 0.613255 0.259587 0.0542601
729 0.613255 0.251868 0.0560941
730 0.613255 0.239245 0.0528243
731 0.613255 0.240183 0.0556477
732 0.613255 0.23246 0.0546278
733 0.613255 0.239112 0.0578919
734 0.613255 0.229241 0.0561597
735 0.613255 0.254984 0.0599176
736 0.613255 0.253237 0.0596737
737 0.613255 0.264114 0.0567067
738 0.613255 0.246937 0.0598325
739 0.613255 0.233991 0.057722
740 0.613255 0.247964 0.0575027
741 0.613255 0.248676 0.0563449
742 0.613255 0.264165 0.0598558
743 0.613255 0.22349 0.0567042
744 0.613255 0.241039 0.0546544
745 0.613255 0.230106 0.0555723
746 0.613255 0.231158 0.0565234
747 0.613255 0.228942 0.057722
748 0.613255 0.238403 0.0577256
749 0.613255 0.221298 0.0524328
750 0.613255 0.212228 0.0536905
751 0.613255 0.230561 0.0523164
752 0.613255 0.250155 0.0521456
753 0.613255 0.248451 0.0484608
754 0.613255 0.240322 0.0504383
755 0.613255 0.237548 0.0461592
756 0.613255 0.220803 0.0514969
757 0.613255 0.216618 0.0537768
758 0.613255 0.197031 0.0507653
759 0.613255 0.188992 0.0534112
760 0.613255 0.224006 0.056125
761 0.613255 0.23195 0.0551788
762 0.613255 0.234959 0.0553634
763 0.613255 0.229909 0.0573333
764 0.613255 0.25905 0.0531968
765 0.613255 0.246212 0.0557597
766 0.613255 0.244667 0.0538653
767 0.613255 0.251945 0.0597924
768 0.613255 0.261978 0.0542718
769 0.613255 0.269028 0.0556488
770 0.613255 0.231882 0.0566134
771 0.613255 0.232771 0.0562391
772 0.613255 0.246838 0.0579121
773 0.613255 0.239305 0.0606897
774 0.613255 0.2298 0.0617638
775 0.613255 0.2089 0.0577899
776 0.613255 0.2738 0.058032
777 0.613255 0.250652 0.0567304
778 0.613255 0.250504 0.0542666
779 0.613255 0.25847 0.0532665
780 0.613255 0.274096 0.057293
781 0.613255 0.261708 0.0535697
782 0.613255 0.234404 0.0531631
783 0.613255 0.250764 0.0515674
784 0.613255 0.259622 0.0539792
785 0.613255 0.258391 0.0541093
786 0.613255 0.236036 0.0557421
787 0.613255 0.220964 0.0581238
788 0.613255 0.21949 0.0597869
789 0.613255 0.226525 0.0577389
790 0.613255 0.249813 0.0581255
791 0.613255 0.236201 0.0576949
792 0.613255 0.254194 0.0592026
793 0.613255 0.271051 0.0599645
794 0.613255 0.24638 0.060168
795 0.613255 0.234698 0.0593926
796 0.613255 0.195351 0.0569815
797 0.613255 0.221929 0.052176
798 0.613255 0.238423 0.0571771
799 0.613255 0.220747 0.0571918
800 0.613255 0.228074 0.0590032
801 0.613255 0.241486 0.0553919
802 0.613255 0.213892 0.0537843
803 0.613255 0.216651 0.0510581
804 0.613255 0.215704 0.0552013
805 0.613255 0.232909 0.0558179
806 0.613255 0.227668 0.0590595
807 0.613255 0.241277 0.0553837
808 0.613255 0.244698 0.0554702
809 0.613255 0.244452 0.0578553
810 0.613255 0.250479 0.0561237
811 0.613255 0.23237 0.0594182
812 0.613255 0.265575 0.054882
813 0.613255 0.252753 0.055385
814 0.613255 0.258994 0.0584797
815 0.613255 0.227731 0.0577447
816 0.613255 0.262926 0.0572473
817 0.613255 0.223337 0.0544882
818 0.613255 0.256606 0.0591221
819 0.613255 0.246592 0.0562434
820 0.613255 0.243195 0.05205
821 0.613255 0.263673 0.0524118
822 0.613255 0.244095 0.0523428
823 0.613255 0.231486 0.0511776
824 0.613255 0.228483 0.0561508
825 0.613255 0.228201 0.0603034
826 0.613255 0.232284 0.0549612
827 0.613255 0.220553 0.0594622
828 0.613255 0.208462 0.0551444
829 0.613255 0.185115 0.0503878
830 0.613255 0.223694 0.055651
831 0.613255 0.240061 0.060265
832 0.613255 0.260566 0.0552137
833 0.613255 0.268909 0.0521714
834 0.613255 0.250334 0.0554839
835 0.613255 0.237927 0.0562619
836 0.613255 0.22454 0.0546744
837 0.613255 0.244847 0.0575863
838 0.613255 0.240293 0.053751
839 0.613255 0.238714 0.0592642
840 0.613255 0.266914 0.0564974
841 0.613255 0.260195 0.0613846
842 0.613255 0.253008 0.0545217
843 0.613255 0.233228 0.0559625
844 0.613255 0.232571 0.0572702
845 0.613255 0.219005 0.054299
846 0.613255 0.246378 0.0609458
847 0.613255 0.252802 0.0625922
848 0.613255 0.232597 0.0658623
849 0.613255 0.220762 0.0604645
850 0.613255 0.231665 0.0598381
851 0.613255 0.256348 0.0619609
852 0.613255 0.231129 0.0559751
853 0.613255 0.218489 0.0549235
854 0.613255 0.243246 0.0550605
855 0.613255 0.249229 0.0549478
856 0.613255 0.227403 0.0581543
857 0.613255 0.233621 0.0550533
858 0.613255 0.235727 0.0527701
859 0.613255 0.287373 0.0553461
860 0.613255 0.277408 0.053895
861 0.613255 0.272034 0.0547266
862 0.613255 0.255659 0.0577755
863 0.613255 0.286615 0.0538999
864 0.613255 0.257952 0.0494182
865 0.613255 0.25264 0.0551302
866 0.613255 0.232454 0.0506798
867 0.613255 0.255486 0.0491655
868 0.613255 0.251892 0.051651
869 0.613255 0.288489 0.0546156
870 0.613255 0.281208 0.0582693
871 0.613255 0.265437 0.0565178
872 0.613255 0.290917 0.0552433
873 0.613255 0.286626 0.0557045
874 0.613255 0.260951 0.0564319
875 0.613255 0.246841 0.0566056
876 0.613255 0.254516 0.0554469
877 0.613255 0.249982 0.0542133
878 0.613255 0.236778 0.0562544
879 0.613255 0.223878 0.0545772
880 0.613255 0.229819 0.0559756
881 0.613255 0.215783 0.0540559
882 0.613255 0.218535 0.0561145
883 0.613255 0.224262 0.0574226
884 0.613255 0.222709 0.0590966
885 0.613255 0.23769 0.0559223
886 0.613255 0.225075 0.0519872
887 0.613255 0.231659 0.0511382
888 0.613255 0.216964 0.0537931
889 0.613255 0.227338 0.0531434
890 0.613255 0.220639 0.0585208
891 0.613255 0.228365 0.0570242
892 0.613255 0.243559 0.0534953
893 0.613255 0.239905 0.0554228
894 0.613255 0.260953 0.0595785
895 0.613255 0.291951 0.0567189
896 0.613255 0.261348 0.0577226
897 0.613255 0.257677 0.0555414
898 0.613255 0.266271 0.0612996
899 0.613255 0.229233 0.059557
900 0.613255 0.24578 0.0593939
901 0.613255 0.253476 0.0563734
902 0.613255 0.237443 0.0564678
903 0.613255 0.225777 0.058424
904 0.613255 0.231924 0.0525313
905 0.613255 0.207667 0.051777
906 0.613255 0.239738 0.0508519
907 0.613255 0.213662 0.0532163
908 0.613255 0.223141 0.0543562
909 0.613255 0.228482 0.0570108
910 0.613255 0.223224 0.0559483
911 0.613255 0.235925 0.0554409
912 0.613255 0.23295 0.0564147
913 0.613255 0.229498 0.0518657
914 0.613255 0.253077 0.0543638
915 0.613255 0.2152 0.0528797
916 0.613255 0.244276 0.0564095
917 0.613255 0.247986 0.0574087
918 0.613255 0.241925 0.0576508
919 0.613255 0.24871 0.0514564
920 0.613255 0.24768 0.0512031
921 0.613255 0.231914 0.0527253
922 0.613255 0.214856 0.0577548
923 0.613255 0.245061 0.0560373
924 0.613255 0.218152 0.0551983
925 0.613255 0.230789 0.0547487
926 0.613255 0.219027 0.055559
927 0.613255 0.240697 0.0536604
928 0.613255 0.233897 0.0537227
929 0.613255 0.204008 0.0516931
930 0.613255 0.235733 0.054177
931 0.613255 0.228578 0.052567
932 0.613255 0.229601 0.0568366
933 0.613255 0.238926 0.0579491
934 0.613255 0.218549 0.0575864
935 0.613255 0.221311 0.0543385
936 0.613255 0.248614 0.0524116
937 0.613255 0.238989 0.0533662
938 0.613255 0.254883 0.0582146
939 0.613255 0.242657 0.0610613
940 0.613255 0.240317 0.0610157
941 0.613255 0.226455 0.0526917
942 0.613255 0.240624 0.0528333
943 0.613255 0.221568 0.0569405
944 0.613255 0.225357 0.0537808
945 0.613255 0.230089 0.0561223
946 0.613255 0.212496 0.0504965
947 0.613255 0.21901 0.0522128
948 0.613255 0.211755 0.0563185
949 0.613255 0.211096 0.0591156
950 0.613255 0.220681 0.0576772
951 0.613255 0.21295 0.056056
952 0.613255 0.199945 0.0528392
953 0.613255 0.212057 0.0555606
954 0.613255 0.227451 0.060467
955 0.613255 0.222259 0.0562471
956 0.613255 0.226554 0.0594995
957 0.613255 0.207342 0.0532243
958 0.613255 0.218534 0.0575564
959 0.613255 0.24153 0.0581517
960 0.613255 0.241737 0.0587138
961 0.613255 0.25617 0.0571422
962 0.613255 0.263414 0.0586939
963 0.613255 0.273046 0.0573714
964 0.613255 0.256431 0.0556384
965 0.613255 0.248096 0.0563021
966 0.613255 0.234153 0.0584595
967 0.613255 0.236344 0.0530979
968 0.613255 0.19685 0.0519073
969 0.613255 0.19309 0.0529689
970 0.613255 0.203861 0.054001
971 0.613255 0.209755 0.0545937
972 0.613255 0.211796 0.0582632
973 0.613255 0.21111 0.0557353
974 0.613255 0.199752 0.0523657
975 0.613255 0.217495 0.0531401
976 0.613255 0.248561 0.0588905
977 0.613255 0.250137 0.0578201
978 0.613255 0.226901 0.0580506
979 0.613255 0.217622 0.0538646
980 0.613255 0.228805 0.0579258
981 0.613255 0.215402 0.0577784
982 0.613255 0.220392 0.0550013
983 0.613255 0.234223 0.0537631
984 0.613255 0.235645 0.0542099
985 0.613255 0.25484 0.05801
986 0.613255 0.257436 0.0578889
987 0.613255 0.233391 0.0555979
988 0.613255 0.219054 0.0535798
989 0.613255 0.225639 0.0523853
990 0.613255 0.246988 0.0549155
991 0.613255 0.247478 0.0557609
992 0.613255 0.24188 0.0566493
993 0.613255 0.212599 0.0563725
994 0.613255 0.249663 0.0574132
995 0.613255 0.251883 0.0582135
996 0.613255 0.250381 0.0564585
997 0.613255 0.242868 0.0531613
998 0.613255 0.246252 0.0542958
999 0.613255 0.243655 0.0583803
1000 0.613255 0.266673 0.0622393
