0 0.125264 0.0608631 0.0039117
1 0.125264 0.0726579 0.00384321
2 0.125266 0.0756681 0.003731
3 0.125266 0.0801339 0.00363903
4 0.125266 0.0851125 0.00343967
5 0.125271 0.0913646 0.00311558
6 0.125271 0.0919756 0.00304059
7 0.125271 0.0966149 0.00275811
8 0.125271 0.0963785 0.00280232
9 0.125276 0.0989956 0.00260194
10 0.125276 0.0903043 0.00315666
11 0.125277 0.0920036 0.00300232
12 0.125277 0.0892281 0.00319819
13 0.125277 0.0916177 0.00307691
14 0.125277 0.100171 0.00252112
15 0.125277 0.0977232 0.00269507
16 0.125277 0.101373 0.00243431
17 0.375366 0.110213 0.00260182
18 0.375366 0.119291 0.00253422
19 0.375366 0.115164 0.0029814
20 0.479171 0.126413 0.00452425
21 0.479171 0.124099 0.00587328
22 0.479171 0.122448 0.00631733
23 0.479171 0.129734 0.00678151
24 0.479171 0.14129 0.00835108
25 0.479171 0.142427 0.00934669
26 0.479171 0.152758 0.0113782
27 0.486684 0.148713 0.0140811
28 0.50059 0.168729 0.0179835
28 0.508164 0.0835426 0.0265357
29 0.508164 0.104516 0.0330421
30 0.508164 0.0989542 0.0317003
31 0.525046 0.099185 0.03329
32 0.543928 0.122795 0.0409336
33 0.543928 0.107599 0.0352777
34 0.545583 0.107302 0.0348153
35 0.569331 0.103155 0.0360126
36 0.569331 0.108531 0.0356596
37 0.569331 0.126346 0.0378254
38 0.569331 0.122772 0.0428977
39 0.569331 0.102042 0.0369253
40 0.569331 0.136214 0.0450246
41 0.569331 0.150405 0.0463502
42 0.569331 0.150269 0.046215
43 0.569331 0.148155 0.0427652
44 0.569331 0.150276 0.0431141
45 0.569331 0.151605 0.0453122
46 0.569331 0.151781 0.0445317
47 0.569331 0.123244 0.0412405
48 0.569331 0.163053 0.044498
49 0.569331 0.143112 0.0439636
50 0.569331 0.12814 0.0399575
51 0.582954 0.155207 0.043698
52 0.582954 0.146272 0.0440445
53 0.582954 0.169458 0.047478
54 0.582954 0.19849 0.0500468
55 0.582954 0.200353 0.0477848
56 0.582954 0.209641 0.0470824
57 0.582954 0.180142 0.0468241
58 0.582954 0.18739 0.0498903
59 0.582954 0.178983 0.0453592
60 0.582954 0.191675 0.0441976
61 0.582954 0.184114 0.0442334
62 0.582954 0.146271 0.0410188
63 0.582954 0.164506 0.0488889
64 0.582954 0.16269 0.0470498
65 0.582954 0.166311 0.0457716
66 0.582954 0.182393 0.0484226
67 0.582954 0.192999 0.049275
68 0.582954 0.195848 0.0513383
69 0.582954 0.191486 0.0497228
70 0.582954 0.214795 0.0502309
71 0.582954 0.18911 0.0483739
72 0.582954 0.189102 0.0478809
73 0.582954 0.181391 0.0523074
74 0.582954 0.186354 0.0486894
75 0.582954 0.184428 0.0448699
76 0.582954 0.158401 0.0455155
77 0.582954 0.177164 0.0448602
78 0.582954 0.181633 0.0459088
79 0.582954 0.168385 0.0459907
80 0.582954 0.155761 0.0457033
81 0.582954 0.168762 0.0491011
82 0.582954 0.165446 0.0482632
83 0.582954 0.154714 0.045381
84 0.582954 0.183196 0.0520862
85 0.582954 0.181469 0.0535513
86 0.582954 0.16273 0.0466973
87 0.582954 0.161439 0.0484828
88 0.582954 0.156634 0.0476452
89 0.582954 0.171552 0.0450151
90 0.582954 0.179333 0.047266
91 0.582954 0.204627 0.0510709
92 0.582954 0.182898 0.0509257
93 0.582954 0.188594 0.0489141
94 0.582954 0.172495 0.0517434
95 0.582954 0.155876 0.0484164
96 0.582954 0.180702 0.0497749
97 0.582954 0.198887 0.0511385
98 0.582954 0.194205 0.0515225
99 0.582954 0.188503 0.051294
100 0.582954 0.173955 0.0482942
101 0.582954 0.167187 0.0487017
102 0.582954 0.170318 0.0492345
103 0.582954 0.192841 0.0527855
104 0.582954 0.177916 0.0487432
105 0.582954 0.22581 0.0540688
106 0.582954 0.222769 0.0518896
107 0.582954 0.216348 0.0519267
108 0.582954 0.212048 0.0525723
109 0.582954 0.237261 0.0487723
110 0.582954 0.23811 0.0489847
111 0.582954 0.191132 0.0522239
112 0.582954 0.199073 0.0563852
113 0.582954 0.203534 0.0499356
114 0.582954 0.214798 0.0482147
115 0.582954 0.200486 0.0472949
116 0.582954 0.204943 0.0509447
117 0.582954 0.166326 0.0432173
118 0.582954 0.143884 0.0450892
119 0.582954 0.154196 0.0458055
120 0.583173 0.148372 0.0456239
121 0.584561 0.162617 0.0462277
122 0.584561 0.16767 0.0497735
123 0.584561 0.164044 0.04898
124 0.584561 0.137146 0.0429453
125 0.584561 0.178769 0.0516184
126 0.584561 0.183643 0.0477599
127 0.584561 0.186163 0.0539548
128 0.584561 0.177772 0.0494977
129 0.584561 0.159565 0.0464662
130 0.584561 0.158544 0.0464627
131 0.584561 0.143757 0.0445939
132 0.584561 0.175158 0.0486948
133 0.584561 0.180863 0.0516251
134 0.584561 0.162801 0.0501909
135 0.584561 0.175923 0.0497569
136 0.584561 0.157444 0.04777
137 0.584561 0.171042 0.0481357
138 0.584561 0.19683 0.0540087
139 0.584561 0.208687 0.0510252
140 0.584561 0.21562 0.0491599
141 0.584561 0.218361 0.0530196
142 0.584561 0.223939 0.05487
143 0.584561 0.209261 0.0511339
144 0.584561 0.234414 0.0502753
145 0.584561 0.190576 0.0507279
146 0.586439 0.181493 0.0489182
147 0.586439 0.167403 0.0527745
148 0.586439 0.178864 0.0512434
149 0.586439 0.186287 0.0550684
150 0.586439 0.165001 0.0478155
151 0.586439 0.15791 0.0479271
152 0.586439 0.153157 0.0472849
153 0.586439 0.177719 0.0501929
154 0.586439 0.152295 0.048308
155 0.586439 0.158464 0.0486179
156 0.586439 0.177843 0.0510954
157 0.586439 0.168075 0.0509416
158 0.586439 0.17345 0.049351
159 0.586439 0.17978 0.0518667
160 0.586439 0.17865 0.051428
161 0.586439 0.183897 0.0547982
162 0.586439 0.167494 0.0500883
163 0.586439 0.159013 0.0468972
164 0.586439 0.154376 0.046418
165 0.586439 0.169038 0.0474923
166 0.586439 0.19221 0.0527367
167 0.586439 0.198364 0.0482371
168 0.586439 0.226199 0.0531895
169 0.586439 0.190595 0.0452772
170 0.586439 0.195771 0.0488631
171 0.586439 0.218133 0.0538656
172 0.586439 0.205307 0.0504206
173 0.586439 0.196457 0.0513479
174 0.586439 0.203741 0.0510123
175 0.586439 0.214942 0.0560591
176 0.587401 0.229353 0.0508054
177 0.587401 0.205137 0.0530996
178 0.587401 0.189593 0.0523198
179 0.587401 0.175315 0.0516349
180 0.587401 0.180626 0.0467396
181 0.587401 0.181143 0.0511095
182 0.587401 0.181662 0.0480417
183 0.587401 0.174955 0.0530889
184 0.588577 0.219256 0.0550782
185 0.588577 0.173354 0.0483822
186 0.588577 0.200118 0.0549557
187 0.588577 0.191394 0.0531466
188 0.588577 0.203149 0.0528364
189 0.588577 0.196183 0.0528949
190 0.590998 0.21679 0.0535549
191 0.590998 0.224474 0.0534344
192 0.590998 0.226835 0.0517437
193 0.590998 0.228774 0.0521236
194 0.590998 0.215557 0.054596
195 0.590998 0.207887 0.0512424
196 0.590998 0.212908 0.0537167
197 0.590998 0.224653 0.0561659
198 0.590998 0.210195 0.0517545
199 0.590998 0.213308 0.0515572
200 0.590998 0.220545 0.0565008
201 0.591475 0.185966 0.0502006
202 0.591475 0.172379 0.0498184
203 0.591475 0.151203 0.0483059
204 0.594739 0.157608 0.0496774
205 0.594739 0.170323 0.0486462
206 0.594739 0.178229 0.0515876
207 0.594739 0.172174 0.0484856
208 0.594739 0.203968 0.0530535
209 0.594739 0.140804 0.0458371
210 0.594739 0.168171 0.0500413
211 0.594739 0.195056 0.0513863
212 0.594739 0.183227 0.049735
213 0.594739 0.162062 0.0515923
214 0.594739 0.169714 0.0479841
215 0.594739 0.171608 0.0520594
216 0.594739 0.169173 0.0518116
217 0.594739 0.158639 0.047979
218 0.594739 0.151386 0.0477812
219 0.594739 0.182708 0.0486693
220 0.594739 0.186987 0.0493201
221 0.594739 0.199066 0.0549643
222 0.594739 0.175149 0.0539513
223 0.594739 0.177691 0.0507077
224 0.594739 0.196391 0.0525882
225 0.594739 0.146161 0.0478187
226 0.594739 0.162501 0.051175
227 0.594739 0.185265 0.0569173
228 0.594739 0.166281 0.0475891
229 0.594739 0.18771 0.0524354
230 0.594739 0.164432 0.0528561
231 0.594739 0.186917 0.0560409
232 0.594739 0.180536 0.0536589
233 0.594739 0.202213 0.05798
234 0.594739 0.182626 0.0575261
235 0.594739 0.184694 0.0561517
236 0.594739 0.196543 0.0546537
237 0.594739 0.17412 0.0517567
238 0.594739 0.189139 0.0525644
239 0.595701 0.188275 0.0558099
240 0.595701 0.190643 0.0550498
241 0.595701 0.190766 0.0554903
242 0.595701 0.171344 0.0537844
243 0.596238 0.171819 0.0507274
244 0.596238 0.193816 0.0550764
245 0.596238 0.163999 0.0518663
246 0.596238 0.185258 0.0551953
247 0.596238 0.172232 0.0532784
248 0.596238 0.18908 0.0525547
249 0.596238 0.168022 0.0545516
250 0.596238 0.175274 0.0525356
251 0.596238 0.168626 0.0548598
252 0.596238 0.145959 0.0493278
253 0.596238 0.164384 0.0529529
254 0.596238 0.178823 0.0524785
255 0.596238 0.207507 0.0559046
256 0.596238 0.181079 0.0539127
257 0.596238 0.193927 0.0565796
258 0.596238 0.190317 0.0530213
259 0.596238 0.225852 0.0527033
260 0.596238 0.225781 0.0595757
261 0.596238 0.257694 0.0546816
262 0.596238 0.251952 0.0505304
263 0.596238 0.223319 0.0512858
264 0.596238 0.213251 0.0543544
265 0.596238 0.200866 0.0551463
266 0.596238 0.209465 0.0524525
267 0.59754 0.220175 0.0542074
268 0.59754 0.202417 0.0567099
269 0.59754 0.183637 0.0499412
270 0.59754 0.180243 0.0497721
271 0.59754 0.184908 0.0527954
272 0.59754 0.194201 0.0569873
273 0.59754 0.191601 0.0570889
274 0.59754 0.175008 0.0548144
275 0.59754 0.182292 0.0557429
276 0.59754 0.172964 0.0534357
277 0.59754 0.175259 0.0527807
278 0.59754 0.160262 0.0528031
279 0.59754 0.163789 0.0517117
280 0.59754 0.178592 0.0521927
281 0.59754 0.168667 0.0522207
282 0.59754 0.160114 0.0514346
283 0.59754 0.187762 0.0531179
284 0.59754 0.188889 0.0521539
285 0.59754 0.198852 0.0495706
286 0.59754 0.207728 0.0534544
287 0.59754 0.214365 0.0536417
288 0.59754 0.18163 0.0507309
289 0.59754 0.156543 0.0496979
290 0.59754 0.159317 0.0521331
291 0.59754 0.184204 0.054111
292 0.59754 0.174774 0.0553929
293 0.59754 0.192009 0.0544391
294 0.59754 0.17854 0.0529621
295 0.59754 0.169798 0.0504789
296 0.59754 0.199675 0.0544271
297 0.59754 0.187677 0.0534731
298 0.59754 0.153902 0.0475776
299 0.59754 0.185122 0.0571206
300 0.59754 0.183558 0.0548324
301 0.59754 0.163185 0.0515643
302 0.59754 0.180061 0.0520112
303 0.59754 0.166141 0.0494045
304 0.59754 0.180224 0.0549052
305 0.59754 0.155809 0.050056
306 0.59754 0.165351 0.0513825
307 0.59754 0.17199 0.0499044
308 0.59754 0.174283 0.051861
309 0.59754 0.198063 0.0573642
310 0.59754 0.161027 0.0537544
311 0.59754 0.180348 0.0524021
312 0.59754 0.198483 0.0592814
313 0.59754 0.21426 0.0589986
314 0.59754 0.185926 0.0527965
315 0.59754 0.159022 0.0513295
316 0.59754 0.164633 0.0546852
317 0.59754 0.192713 0.0567716
318 0.59754 0.177625 0.0531229
319 0.59754 0.161124 0.0499506
320 0.59754 0.17213 0.0541083
321 0.59754 0.178933 0.0553203
322 0.59754 0.177886 0.0541101
323 0.59754 0.180509 0.0548394
324 0.59754 0.160933 0.048283
325 0.59754 0.205657 0.0524875
326 0.59754 0.193659 0.0479365
327 0.59754 0.197606 0.0534184
328 0.59754 0.189828 0.0516773
329 0.59754 0.166575 0.0513593
330 0.59754 0.172364 0.0502843
331 0.59754 0.155136 0.0498315
332 0.59754 0.182227 0.0495084
333 0.59754 0.173648 0.0506575
334 0.59754 0.190137 0.0546511
335 0.59754 0.190294 0.0528674
336 0.59754 0.180719 0.0542852
337 0.59754 0.180473 0.047067
338 0.59754 0.190968 0.0512548
339 0.59754 0.183487 0.0533773
340 0.59754 0.179905 0.0526005
341 0.59754 0.229746 0.0580868
342 0.59754 0.201565 0.0540711
343 0.59754 0.215014 0.0552066
344 0.59754 0.194873 0.0554295
345 0.59754 0.216466 0.0558383
346 0.59754 0.21913 0.0535075
347 0.59754 0.216631 0.0501737
348 0.59754 0.198449 0.0545144
349 0.59754 0.197422 0.0533385
350 0.59754 0.203697 0.0552956
351 0.59754 0.215151 0.0535507
352 0.59754 0.181198 0.0500353
353 0.59754 0.16554 0.0507073
354 0.59754 0.167918 0.0506756
355 0.59754 0.202294 0.052563
356 0.59754 0.202015 0.0568489
357 0.59754 0.22601 0.0558876
358 0.59754 0.195846 0.0579034
359 0.59754 0.221824 0.0552903
360 0.59754 0.203489 0.0531169
361 0.59754 0.206222 0.0514278
362 0.59754 0.185575 0.0575619
363 0.59754 0.190344 0.0521456
364 0.59754 0.183126 0.055664
365 0.59754 0.169332 0.047811
366 0.59754 0.193658 0.0517845
367 0.59754 0.162903 0.0507165
368 0.59754 0.169671 0.0481836
369 0.59754 0.171104 0.052165
370 0.59754 0.163447 0.0518584
371 0.59754 0.155571 0.0502683
372 0.59754 0.17479 0.0507221
373 0.59754 0.179976 0.0540951
374 0.59754 0.167175 0.0509511
375 0.59754 0.162166 0.0506146
376 0.59754 0.177059 0.0520707
377 0.59754 0.201927 0.0574603
378 0.59754 0.182187 0.0531454
379 0.59754 0.178382 0.0523636
380 0.59754 0.163341 0.0508187
381 0.59754 0.161968 0.0493084
382 0.59754 0.164736 0.0546467
383 0.59754 0.184571 0.0557928
384 0.59754 0.198425 0.0585806
385 0.59754 0.183175 0.0571761
386 0.59754 0.216928 0.0582182
387 0.59754 0.218959 0.0546458
388 0.59754 0.198318 0.056753
389 0.59754 0.182457 0.0556376
390 0.59754 0.18325 0.0541537
391 0.59754 0.203906 0.0591015
392 0.59754 0.205225 0.0597644
393 0.59754 0.19479 0.0576861
394 0.59754 0.187493 0.0556355
395 0.59754 0.194078 0.0533352
396 0.59754 0.215286 0.0518483
397 0.59754 0.233122 0.056526
398 0.59754 0.203293 0.0514755
399 0.59754 0.213878 0.0538906
400 0.59754 0.195911 0.0526762
401 0.59754 0.191192 0.0545638
402 0.59754 0.212303 0.0542016
403 0.59754 0.20817 0.0527181
404 0.59754 0.201965 0.0530775
405 0.59754 0.205062 0.0525803
406 0.59754 0.20369 0.0562907
407 0.59754 0.218919 0.0564863
408 0.59754 0.201255 0.0537827
409 0.59754 0.176196 0.0507468
410 0.59754 0.208974 0.0588633
411 0.59754 0.188483 0.0555566
412 0.59754 0.18936 0.0512757
413 0.59754 0.189837 0.0539734
414 0.59754 0.218242 0.0554402
415 0.59754 0.193272 0.051432
416 0.59754 0.188526 0.0563569
417 0.59754 0.179946 0.0551345
418 0.59754 0.191544 0.0565728
419 0.59754 0.226402 0.0590711
420 0.59754 0.216055 0.0526014
421 0.59754 0.194193 0.0534725
422 0.59754 0.202527 0.0566929
423 0.59754 0.216697 0.0553305
424 0.59754 0.211071 0.0574864
425 0.59754 0.241751 0.0576391
426 0.59754 0.21613 0.0558763
427 0.59754 0.179945 0.0523224
428 0.59754 0.158144 0.0509956
429 0.59754 0.175774 0.0520073
430 0.59754 0.187882 0.051413
431 0.59754 0.192062 0.0487229
432 0.59754 0.194604 0.0515637
433 0.59754 0.164806 0.0489431
434 0.59754 0.161392 0.0507955
435 0.59754 0.142607 0.0479952
436 0.59754 0.185954 0.0547181
437 0.59754 0.173294 0.0522685
438 0.59754 0.188213 0.0565222
439 0.59754 0.149398 0.0470279
440 0.59754 0.173169 0.0527448
441 0.59754 0.156152 0.0509451
442 0.59754 0.164046 0.0536249
443 0.59754 0.146891 0.0487804
444 0.59754 0.18414 0.0529372
445 0.59754 0.177695 0.0518975
446 0.59754 0.183138 0.0524471
447 0.59754 0.185581 0.0491051
448 0.59754 0.164193 0.0544203
449 0.59754 0.173344 0.0538897
450 0.59754 0.169655 0.0523245
451 0.59754 0.162164 0.0511444
452 0.59754 0.155157 0.0509567
453 0.59754 0.15989 0.0512244
454 0.59754 0.152905 0.0485086
455 0.59754 0.192267 0.0521709
456 0.59754 0.188199 0.0508964
457 0.59754 0.18639 0.0547801
458 0.59754 0.176957 0.0504224
459 0.59754 0.213249 0.0524441
460 0.59754 0.190036 0.0496915
461 0.59754 0.19742 0.0514797
462 0.59754 0.216461 0.0538615
463 0.59754 0.229278 0.0566589
464 0.59754 0.222059 0.0537083
465 0.59754 0.201592 0.054317
466 0.59754 0.192069 0.0530556
467 0.59754 0.194673 0.0562374
468 0.59754 0.197828 0.056255
469 0.59754 0.210355 0.0568133
470 0.59754 0.197848 0.0554915
471 0.59754 0.191745 0.0567367
472 0.59754 0.188066 0.0580424
473 0.59754 0.186473 0.0598368
474 0.59754 0.19527 0.0549033
475 0.59754 0.198357 0.0521413
476 0.59754 0.209795 0.0538928
477 0.59754 0.190461 0.0497632
478 0.59754 0.209689 0.0522188
479 0.59754 0.182262 0.0531458
480 0.59754 0.155863 0.0517794
481 0.59754 0.195133 0.0549358
482 0.59754 0.201023 0.0532961
483 0.59754 0.210683 0.0545213
484 0.59754 0.191457 0.051719
485 0.59754 0.185626 0.0546077
486 0.59754 0.215782 0.0607756
487 0.59754 0.165972 0.048154
488 0.59754 0.168974 0.0490467
489 0.59754 0.189711 0.051042
490 0.59754 0.164363 0.0479845
491 0.59754 0.193186 0.0552448
492 0.59754 0.204017 0.0543225
493 0.59754 0.196221 0.0543994
494 0.59754 0.200723 0.055859
495 0.59754 0.203945 0.0525882
496 0.59754 0.186463 0.0542583
497 0.59754 0.185179 0.0514173
498 0.59754 0.208428 0.052974
499 0.59754 0.194503 0.0509679
500 0.59754 0.195389 0.0523755
501 0.59754 0.197096 0.053776
502 0.59754 0.200972 0.0536146
503 0.59754 0.205656 0.0554075
504 0.59754 0.193088 0.0506286
505 0.59754 0.143909 0.0449232
506 0.59754 0.177518 0.0527666
507 0.59754 0.174214 0.0502592
508 0.59754 0.174986 0.050515
509 0.59754 0.172033 0.0494119
510 0.59754 0.181998 0.0539904
511 0.59754 0.192513 0.0549078
512 0.59754 0.147239 0.0448275
513 0.59754 0.186926 0.0515173
514 0.59754 0.186172 0.0538287
515 0.59754 0.168969 0.0525307
516 0.59754 0.161354 0.051929
517 0.59754 0.143092 0.0456032
518 0.59754 0.17515 0.0483519
519 0.59754 0.162437 0.0513104
520 0.59754 0.144314 0.0453123
521 0.59754 0.168474 0.0469453
522 0.59754 0.190288 0.0537778
523 0.59754 0.168835 0.0514279
524 0.59754 0.160235 0.0493096
525 0.59754 0.135626 0.0433347
526 0.59754 0.156304 0.0478636
527 0.59754 0.17297 0.0480013
528 0.59754 0.218406 0.0541649
529 0.59754 0.18612 0.0477445
530 0.59754 0.194739 0.0523535
531 0.59754 0.179708 0.0491641
532 0.59754 0.162682 0.0464555
533 0.59754 0.175278 0.0474982
534 0.59754 0.202342 0.0517773
535 0.59754 0.192893 0.0532567
536 0.59754 0.194533 0.0522212
537 0.59754 0.188839 0.0524923
538 0.59754 0.195239 0.0583529
539 0.59754 0.197161 0.0515556
540 0.59754 0.192617 0.0539505
541 0.59754 0.201766 0.0549303
542 0.59754 0.187368 0.0551437
543 0.59754 0.180286 0.0518671
544 0.59754 0.173869 0.0536499
545 0.59754 0.154489 0.0490025
546 0.59754 0.186041 0.0531119
547 0.59754 0.194637 0.0550027
548 0.59754 0.220585 0.0561061
549 0.59754 0.195629 0.0594946
550 0.59754 0.153794 0.0495949
551 0.59754 0.180431 0.0511531
552 0.59754 0.194708 0.0502416
553 0.59754 0.18868 0.0547808
554 0.59754 0.217042 0.0575143
555 0.59754 0.184876 0.0532863
556 0.59754 0.168675 0.0519006
557 0.59754 0.169866 0.04842
558 0.59754 0.182316 0.053493
559 0.59754 0.213819 0.0563552
560 0.59754 0.208871 0.0531827
561 0.59754 0.227299 0.0557671
562 0.599012 0.243044 0.0561912
563 0.599012 0.233388 0.0551506
564 0.599012 0.192053 0.0509674
565 0.599012 0.190675 0.0537475
566 0.599012 0.186352 0.0535249
567 0.599012 0.2031 0.0513378
568 0.599012 0.229565 0.0549857
569 0.599012 0.198582 0.0547021
570 0.599012 0.188302 0.0550588
571 0.599012 0.215788 0.0529513
572 0.599012 0.219653 0.0559043
573 0.599012 0.226923 0.0544086
574 0.599012 0.227481 0.0559728
575 0.599012 0.218117 0.0571745
576 0.599012 0.204539 0.0535461
577 0.599012 0.21608 0.0555742
578 0.599012 0.241857 0.0553098
579 0.599012 0.248412 0.0524213
580 0.599012 0.21782 0.0512577
581 0.599508 0.196833 0.0511903
582 0.599508 0.196865 0.0514713
583 0.599508 0.187523 0.0514499
584 0.599508 0.235758 0.0545684
585 0.599508 0.179541 0.0476956
586 0.599508 0.205178 0.0515676
587 0.599508 0.19425 0.0467177
588 0.599508 0.221592 0.0496323
589 0.599508 0.242658 0.0544653
590 0.599508 0.20615 0.0537786
591 0.599508 0.214846 0.0515012
592 0.599508 0.201849 0.0549881
593 0.599508 0.228849 0.0531199
594 0.599508 0.210197 0.055286
595 0.599508 0.182992 0.0498168
596 0.599508 0.201426 0.0536976
597 0.599508 0.20768 0.0527367
598 0.599508 0.221465 0.0578745
599 0.599508 0.226877 0.0564151
600 0.599508 0.200991 0.0570731
601 0.599508 0.187372 0.0545984
602 0.599508 0.180822 0.0540288
603 0.599508 0.21949 0.0557375
604 0.599508 0.20168 0.053333
605 0.599508 0.188434 0.0580521
606 0.600881 0.19134 0.0587864
607 0.600881 0.173832 0.0529569
608 0.600881 0.172687 0.049306
609 0.600881 0.201275 0.0546199
610 0.600881 0.198411 0.051618
611 0.600881 0.18963 0.0551906
612 0.600881 0.161224 0.0514189
613 0.600881 0.162347 0.050718
614 0.600881 0.178645 0.0533983
615 0.600881 0.168035 0.0475952
616 0.600881 0.22909 0.0530692
617 0.600881 0.192778 0.0510086
618 0.600881 0.179903 0.0522007
619 0.600881 0.183699 0.0551026
620 0.600881 0.169149 0.0507583
621 0.600881 0.22067 0.0541735
622 0.600881 0.190934 0.0507829
623 0.600881 0.181452 0.051325
624 0.600881 0.172025 0.0542685
625 0.600881 0.169318 0.051748
626 0.600881 0.181298 0.0492993
627 0.600881 0.170899 0.0539247
628 0.600881 0.156826 0.0532725
629 0.600881 0.14931 0.0527219
630 0.600881 0.170435 0.056552
631 0.600881 0.158334 0.0513512
632 0.600881 0.176677 0.0509453
633 0.600881 0.219889 0.0519909
634 0.600881 0.204336 0.0539375
635 0.600881 0.205143 0.0523697
636 0.600881 0.201065 0.0532772
637 0.600881 0.223281 0.0522959
638 0.600881 0.210837 0.0534555
639 0.600881 0.204204 0.0510886
640 0.600881 0.246921 0.0553653
641 0.600881 0.185819 0.054688
642 0.600881 0.200771 0.0542411
643 0.600881 0.195682 0.0571078
644 0.600881 0.202754 0.0563656
645 0.600881 0.218951 0.0568689
646 0.600881 0.23996 0.0616719
647 0.600881 0.217641 0.0581307
648 0.600881 0.210137 0.0637087
649 0.600881 0.180951 0.0567166
650 0.600881 0.187829 0.0556266
651 0.600881 0.198524 0.0567977
652 0.600881 0.202306 0.0577335
653 0.600881 0.228315 0.0567302
654 0.600881 0.185648 0.0537606
655 0.600881 0.195147 0.0546656
656 0.600881 0.194199 0.0588908
657 0.600881 0.220277 0.0591409
658 0.600881 0.222878 0.0583818
659 0.600881 0.224706 0.0616634
660 0.600881 0.216175 0.058526
661 0.600881 0.188444 0.0530806
662 0.600881 0.177368 0.0538358
663 0.600881 0.183417 0.0532495
664 0.600881 0.166462 0.0526425
665 0.600881 0.150435 0.0530288
666 0.600881 0.155556 0.0546203
667 0.600881 0.203557 0.0570168
668 0.600881 0.190141 0.0569028
669 0.600881 0.177755 0.0528396
670 0.600881 0.191219 0.0524844
671 0.600881 0.190425 0.0539544
672 0.600881 0.185429 0.0538826
673 0.600881 0.186024 0.0538793
674 0.600881 0.195428 0.0517268
675 0.600881 0.156279 0.0510354
676 0.600881 0.178322 0.0522633
677 0.600881 0.196151 0.0528597
678 0.600881 0.214321 0.0565469
679 0.600881 0.221034 0.0551807
680 0.600881 0.221784 0.0574065
681 0.600881 0.211954 0.054926
682 0.600881 0.19974 0.054655
683 0.600881 0.204673 0.0559444
684 0.600881 0.213835 0.056476
685 0.600881 0.195308 0.0516063
686 0.600881 0.194558 0.0530163
687 0.600881 0.20344 0.0537187
688 0.600881 0.184274 0.0538858
689 0.600881 0.213572 0.0517786
690 0.600881 0.206261 0.0561598
691 0.600881 0.206305 0.0511565
692 0.600881 0.177914 0.0499708
693 0.600881 0.184377 0.0499151
694 0.600881 0.200722 0.0566707
695 0.600881 0.178356 0.050094
696 0.600881 0.158854 0.0528939
697 0.600881 0.178116 0.0488679
698 0.600881 0.187329 0.0508396
699 0.600881 0.174846 0.0532087
700 0.600881 0.187511 0.0549442
701 0.600881 0.190144 0.0559659
702 0.600881 0.195378 0.0525711
703 0.600881 0.23446 0.0554841
704 0.600881 0.219577 0.0553047
705 0.600881 0.190519 0.0554486
706 0.600881 0.188158 0.0513934
707 0.600881 0.193615 0.0516644
708 0.600881 0.185392 0.0521027
709 0.600881 0.188125 0.0562554
710 0.600881 0.173598 0.0517136
711 0.600881 0.166451 0.0470685
712 0.600881 0.175985 0.051309
713 0.600881 0.161218 0.0515108
714 0.600881 0.195531 0.0540127
715 0.600881 0.150512 0.0502415
716 0.600881 0.164838 0.0520692
717 0.600881 0.161559 0.0527655
718 0.600881 0.173483 0.0565609
719 0.600881 0.197604 0.0562256
720 0.600881 0.185307 0.0534367
721 0.600881 0.20359 0.0559504
722 0.600881 0.213806 0.0526343
723 0.600881 0.224093 0.055549
724 0.600881 0.208915 0.0563396
725 0.600881 0.20823 0.0498869
726 0.600881 0.204105 0.0501066
727 0.600881 0.19535 0.0547433
728 0.600881 0.174177 0.0525102
729 0.600881 0.189545 0.0551758
730 0.600881 0.160814 0.0506908
731 0.600881 0.152215 0.0516229
732 0.600881 0.173196 0.0523027
733 0.600881 0.159382 0.0514601
734 0.600881 0.154695 0.0495089
735 0.600881 0.16874 0.0504197
736 0.600881 0.193447 0.0551336
737 0.600881 0.200823 0.0522619
738 0.600881 0.147458 0.0514656
739 0.600881 0.145536 0.0473161
740 0.600881 0.155804 0.0545169
741 0.600881 0.145571 0.0513313
742 0.600881 0.169355 0.0533574
743 0.601176 0.210184 0.0587272
744 0.601176 0.193345 0.0559429
745 0.601176 0.173365 0.0550187
746 0.601176 0.194988 0.0549079
747 0.601176 0.181968 0.0563074
748 0.601176 0.177569 0.0562601
749 0.601176 0.19529 0.0600207
750 0.601176 0.181936 0.0546999
751 0.601176 0.181082 0.0544547
752 0.601176 0.188732 0.0531691
753 0.601176 0.184192 0.0541266
754 0.601176 0.198952 0.0562122
755 0.601176 0.182889 0.0578219
756 0.601176 0.187456 0.0568456
757 0.601176 0.16304 0.0515379
758 0.601176 0.177282 0.0507139
759 0.601176 0.187264 0.0525171
760 0.601176 0.186017 0.0563035
761 0.601176 0.179358 0.0512011
762 0.601176 0.162705 0.0512184
763 0.601176 0.170249 0.0498487
764 0.601176 0.194709 0.0566208
765 0.601176 0.196238 0.0555832
766 0.601176 0.169308 0.052952
767 0.601176 0.175392 0.0510948
768 0.601176 0.1836 0.0564417
769 0.601176 0.172409 0.0505199
770 0.601176 0.19736 0.0584829
771 0.601176 0.196693 0.0578679
772 0.601176 0.2219 0.054859
773 0.601176 0.193268 0.052947
774 0.601176 0.172943 0.0521963
775 0.601176 0.176743 0.0541603
776 0.601176 0.169908 0.049165
777 0.601176 0.184718 0.0489531
778 0.601176 0.193055 0.0526156
779 0.601176 0.208918 0.0554984
780 0.601176 0.200538 0.0544496
781 0.601176 0.185499 0.0515422
782 0.601176 0.180148 0.0478527
783 0.601176 0.172323 0.0476761
784 0.601176 0.174393 0.0479526
785 0.601176 0.176988 0.0516614
786 0.601176 0.163022 0.0485473
787 0.601176 0.181379 0.047533
788 0.601176 0.206185 0.0561219
789 0.601176 0.212114 0.0581508
790 0.601176 0.205986 0.056775
791 0.601176 0.216138 0.0562753
792 0.601176 0.208057 0.0576961
793 0.601176 0.190215 0.0535272
794 0.601176 0.214706 0.0582808
795 0.601176 0.226417 0.059558
796 0.601176 0.212017 0.0586509
797 0.601176 0.17253 0.0537735
798 0.601176 0.179412 0.0498225
799 0.601176 0.182726 0.05097
800 0.601176 0.176204 0.0504062
801 0.601176 0.15911 0.05007
802 0.601176 0.178647 0.0516291
803 0.601176 0.191277 0.0482464
804 0.601176 0.182602 0.0547553
805 0.601176 0.2118 0.054962
806 0.601176 0.202537 0.0556734
807 0.601176 0.191553 0.0537373
808 0.601176 0.19685 0.0476833
809 0.601176 0.204843 0.0521068
810 0.601176 0.202438 0.0538416
811 0.601176 0.197969 0.0535578
812 0.601176 0.202504 0.0528144
813 0.601176 0.209622 0.050403
814 0.601176 0.206572 0.048465
815 0.601176 0.199106 0.0504167
816 0.601176 0.212937 0.0562394
817 0.601176 0.201449 0.0554767
818 0.601176 0.208033 0.0564657
819 0.601176 0.19908 0.0537265
820 0.601176 0.183165 0.0504791
821 0.601176 0.203762 0.0537279
822 0.601176 0.169417 0.0519807
823 0.601176 0.168105 0.051909
824 0.601176 0.184364 0.0544599
825 0.601176 0.184128 0.0531539
826 0.601176 0.195197 0.0515505
827 0.601176 0.199049 0.056743
828 0.601176 0.22064 0.0563659
829 0.601176 0.194463 0.0559132
830 0.601176 0.166234 0.0486179
831 0.601402 0.156973 0.0465295
832 0.601402 0.184936 0.0510863
833 0.601402 0.175584 0.0503403
834 0.601402 0.164857 0.0498369
835 0.601402 0.185269 0.0531999
836 0.601402 0.167764 0.0514615
837 0.601402 0.175906 0.0526046
838 0.601402 0.193956 0.0549726
839 0.601402 0.158575 0.0490659
840 0.601402 0.169831 0.0512382
841 0.601402 0.169358 0.048746
842 0.601402 0.171538 0.0522634
843 0.601715 0.168636 0.052398
844 0.601715 0.183363 0.0520228
845 0.601715 0.182764 0.0523856
846 0.601715 0.186842 0.0544081
847 0.601715 0.187433 0.0531933
848 0.601715 0.194229 0.0532607
849 0.601715 0.197529 0.0563871
850 0.601715 0.20263 0.0512868
851 0.601715 0.166731 0.0520555
852 0.601715 0.226307 0.0596511
853 0.601715 0.226692 0.0590153
854 0.601715 0.168818 0.0501599
855 0.601715 0.154433 0.0513168
856 0.601715 0.181684 0.0572584
857 0.601715 0.175625 0.0552584
858 0.601715 0.188042 0.0568332
859 0.601715 0.167723 0.0507059
860 0.601715 0.219341 0.052764
861 0.601715 0.235947 0.0534903
862 0.601715 0.228373 0.0557457
863 0.601715 0.241426 0.0565927
864 0.601715 0.232082 0.0522098
865 0.601715 0.206584 0.0546371
866 0.601715 0.222737 0.0585179
867 0.601715 0.170628 0.0497288
868 0.601715 0.16324 0.0505738
869 0.601715 0.170026 0.0571332
870 0.601715 0.151674 0.0487723
871 0.601715 0.168637 0.0539005
872 0.601715 0.204745 0.0516329
873 0.601715 0.222705 0.0588083
874 0.601715 0.203554 0.0548182
875 0.601715 0.211672 0.0577368
876 0.601715 0.211613 0.056769
877 0.601715 0.191893 0.0537347
878 0.601715 0.187243 0.0544792
879 0.601715 0.194406 0.0484793
880 0.601715 0.199747 0.0495975
881 0.601715 0.179431 0.0521485
882 0.601715 0.197456 0.0551969
883 0.601715 0.167968 0.0514889
884 0.601715 0.174215 0.0530889
885 0.601715 0.183419 0.0559983
886 0.601715 0.180152 0.0500033
887 0.601715 0.187422 0.0514479
888 0.601715 0.229496 0.0558254
889 0.601715 0.234354 0.055976
890 0.601715 0.232303 0.055946
891 0.601715 0.205291 0.0549522
892 0.601715 0.182725 0.053011
893 0.601715 0.167013 0.0537084
894 0.601715 0.176259 0.0556642
895 0.601715 0.166856 0.0496661
896 0.601715 0.191794 0.0519279
897 0.601715 0.187569 0.0528993
898 0.601715 0.188322 0.0522741
899 0.601715 0.163519 0.0513685
900 0.601715 0.179278 0.0542731
901 0.601715 0.175543 0.0577577
902 0.601715 0.163016 0.0505074
903 0.601715 0.181623 0.0508744
904 0.601715 0.183277 0.0550883
905 0.601715 0.194107 0.0550395
906 0.601715 0.17752 0.0554094
907 0.601715 0.184097 0.0526544
908 0.601715 0.180983 0.055009
909 0.601715 0.182713 0.0563789
910 0.601715 0.182877 0.0538673
911 0.601715 0.181962 0.0552934
912 0.601715 0.162556 0.0517504
913 0.601715 0.175567 0.0537356
914 0.601715 0.16716 0.0529963
915 0.601715 0.158964 0.0503198
916 0.601715 0.15031 0.0487959
917 0.601749 0.190035 0.0552934
918 0.601749 0.176405 0.0534855
919 0.601749 0.165549 0.0508464
920 0.601749 0.143764 0.0475748
921 0.601749 0.144778 0.0491367
922 0.601749 0.1574 0.0560483
923 0.601749 0.165031 0.0560729
924 0.601749 0.187121 0.0537285
925 0.601749 0.199065 0.0547899
926 0.601749 0.217524 0.0594716
927 0.601749 0.168322 0.0488666
928 0.601749 0.166427 0.0501993
929 0.601749 0.159795 0.048202
930 0.601749 0.162496 0.0536393
931 0.601749 0.178389 0.0538508
932 0.601749 0.205451 0.0563975
933 0.601749 0.206946 0.0555814
934 0.601749 0.203845 0.0566256
935 0.601749 0.213373 0.053433
936 0.601749 0.166894 0.0501896
937 0.601749 0.165906 0.0507369
938 0.601749 0.172952 0.0563369
939 0.601749 0.221564 0.0584574
940 0.601749 0.194237 0.0553803
941 0.602088 0.189331 0.0533188
942 0.602088 0.190214 0.0527283
943 0.602088 0.204905 0.0542746
944 0.602088 0.236722 0.0577442
945 0.602088 0.209739 0.0519523
946 0.602088 0.206782 0.0457181
947 0.602088 0.187797 0.0515416
948 0.602088 0.169645 0.0477165
949 0.602088 0.174433 0.0495854
950 0.602088 0.190836 0.053029
951 0.602088 0.172257 0.0514625
952 0.602088 0.177136 0.051851
953 0.602088 0.172273 0.0538111
954 0.602088 0.160856 0.0503593
955 0.602088 0.156847 0.0544934
956 0.602088 0.143506 0.0531662
957 0.602088 0.157809 0.0551924
958 0.602088 0.183054 0.0512848
959 0.602088 0.184723 0.0519314
960 0.602088 0.167375 0.0499423
961 0.602088 0.163204 0.0544922
962 0.602088 0.151731 0.051839
963 0.602088 0.143701 0.0472998
964 0.602088 0.139327 0.0507822
965 0.602088 0.130094 0.046457
966 0.602088 0.154743 0.0532262
967 0.602088 0.173456 0.0547073
968 0.602088 0.180253 0.0553188
969 0.602088 0.178875 0.0549615
970 0.602088 0.191686 0.057373
971 0.602088 0.166264 0.0499269
972 0.602088 0.163762 0.0520771
973 0.602088 0.17585 0.0525946
974 0.602088 0.171677 0.0503223
975 0.602088 0.176114 0.0556104
976 0.602088 0.169233 0.0560628
977 0.602088 0.166115 0.0553215
978 0.602088 0.155593 0.0525314
979 0.602088 0.172687 0.0538015
980 0.602088 0.161184 0.051786
981 0.602088 0.175033 0.0518602
982 0.602088 0.185299 0.0522478
983 0.602088 0.177614 0.0508054
984 0.602088 0.20809 0.0539607
985 0.602088 0.214522 0.0511814
986 0.602778 0.23213 0.0522863
987 0.602778 0.229461 0.0583376
988 0.602778 0.219879 0.0543193
989 0.602778 0.225688 0.0539229
990 0.603551 0.185428 0.0494371
991 0.603551 0.171724 0.0505232
992 0.603551 0.167705 0.0519343
993 0.603551 0.175113 0.055927
994 0.603551 0.179915 0.0505894
995 0.603551 0.178342 0.0568222
996 0.603551 0.182127 0.0530354
997 0.603551 0.157672 0.047833
998 0.603551 0.163442 0.050699
999 0.603551 0.171175 0.0534849
1000 0.603551 0.194719 0.0573737
