0 0.125272 0.0539263 0.00386509
1 0.162605 0.0683995 0.00393811
2 0.162605 0.0755998 0.00383006
3 0.162605 0.0856 0.00346492
4 0.162605 0.0893302 0.00328178
5 0.162605 0.0890088 0.00320009
6 0.31266 0.103222 0.00288031
7 0.31266 0.108497 0.00246376
8 0.31266 0.109661 0.00244237
9 0.31266 0.112954 0.0027378
10 0.31266 0.113101 0.00265098
11 0.31266 0.115485 0.0028539
12 0.31266 0.117209 0.00295837
13 0.31266 0.1178 0.00318981
14 0.31266 0.119987 0.00334643
15 0.31266 0.118083 0.00394661
16 0.446725 0.120309 0.00586487
17 0.446725 0.128793 0.0065035
18 0.446725 0.134554 0.00780854
19 0.446725 0.141737 0.00884409
20 0.497039 0.140239 0.0117314
21 0.500644 0.151116 0.0139557
21 0.515639 0.0651756 0.0221786
22 0.515639 0.0712747 0.0226643
23 0.515639 0.108933 0.0313397
24 0.515639 0.095999 0.0308191
25 0.515972 0.107581 0.0341488
26 0.515972 0.117676 0.0360733
27 0.544396 0.162192 0.046386
28 0.544396 0.136988 0.0415832
29 0.544396 0.147099 0.0441242
30 0.544396 0.146309 0.0415376
31 0.544396 0.176458 0.0476756
32 0.557104 0.156671 0.0469971
33 0.558541 0.162715 0.0458018
34 0.558541 0.133947 0.039272
35 0.558541 0.161309 0.0455157
36 0.558541 0.135896 0.0415042
37 0.560657 0.143727 0.042811
38 0.560657 0.163177 0.0434814
39 0.560657 0.15394 0.0437073
40 0.560657 0.151185 0.0466221
41 0.560657 0.144816 0.042092
42 0.560657 0.158059 0.0457696
43 0.560657 0.152137 0.0455383
44 0.560657 0.147404 0.0427929
45 0.560657 0.151179 0.0430267
46 0.564328 0.150535 0.0466889
47 0.564328 0.1404 0.0415964
48 0.564328 0.141271 0.0431227
49 0.565241 0.144148 0.0449129
50 0.565241 0.157036 0.0442134
51 0.565241 0.173115 0.0436087
52 0.565764 0.184702 0.0508703
53 0.565764 0.164899 0.0441045
54 0.565764 0.204325 0.0510247
55 0.565764 0.197506 0.0501722
56 0.569236 0.187032 0.0477561
57 0.569236 0.17763 0.0450148
58 0.569236 0.178085 0.0454194
59 0.569236 0.17585 0.0447407
60 0.569236 0.170497 0.0434334
61 0.569236 0.145329 0.0401478
62 0.569236 0.155723 0.0462144
63 0.569236 0.1641 0.0461863
64 0.569236 0.184301 0.0491849
65 0.569236 0.172741 0.0445509
66 0.569236 0.159112 0.0481015
67 0.569236 0.154596 0.0491152
68 0.569236 0.130826 0.0455327
69 0.569236 0.164343 0.0489331
70 0.569236 0.1548 0.0470422
71 0.569236 0.153544 0.0447658
72 0.569236 0.17454 0.0477707
73 0.569236 0.196241 0.0496414
74 0.569236 0.16726 0.0472276
75 0.569236 0.173753 0.045267
76 0.569236 0.179067 0.0439577
77 0.571809 0.190019 0.04788
78 0.571809 0.18973 0.046526
79 0.571809 0.201658 0.0473731
80 0.571809 0.201691 0.0508553
81 0.571809 0.168266 0.0450418
82 0.571809 0.1838 0.0461951
83 0.571809 0.185653 0.0477334
84 0.571809 0.196217 0.0517748
85 0.571809 0.201432 0.0498562
86 0.571809 0.177182 0.0490387
87 0.571809 0.156694 0.0428676
88 0.571809 0.144556 0.0453575
89 0.571809 0.133841 0.043546
90 0.571809 0.146685 0.044245
91 0.571809 0.149547 0.0464646
92 0.57785 0.166338 0.0487895
93 0.57785 0.183155 0.0501403
94 0.57785 0.176886 0.0476664
95 0.57785 0.150924 0.0445027
96 0.57785 0.143193 0.0422628
97 0.57785 0.15548 0.0469761
98 0.57785 0.150822 0.0470355
99 0.57785 0.144338 0.0425923
100 0.57785 0.141902 0.043432
101 0.57785 0.149218 0.0430881
102 0.57785 0.168514 0.0473917
103 0.57785 0.152863 0.0434352
104 0.57785 0.151752 0.0482447
105 0.57785 0.144515 0.040203
106 0.57785 0.134052 0.0413627
107 0.57785 0.145476 0.0405418
108 0.57785 0.138081 0.0458415
109 0.57785 0.136827 0.0467082
110 0.57785 0.166671 0.0511917
111 0.57785 0.135397 0.042751
112 0.57785 0.153189 0.0477026
113 0.57785 0.164614 0.0469897
114 0.581035 0.181658 0.0462219
115 0.581035 0.180457 0.0475101
116 0.581035 0.175428 0.0497917
117 0.581035 0.171213 0.0518963
118 0.581035 0.150718 0.0457628
119 0.581035 0.165041 0.0501025
120 0.581035 0.161478 0.0484602
121 0.581035 0.159917 0.0481445
122 0.581035 0.181189 0.0472056
123 0.581035 0.147024 0.0454233
124 0.581035 0.144104 0.0455641
125 0.581035 0.153186 0.0503276
126 0.581035 0.148591 0.0464672
127 0.581035 0.155781 0.0488895
128 0.581035 0.149297 0.0462262
129 0.581035 0.141609 0.0439914
130 0.581035 0.135447 0.0424464
131 0.581035 0.146369 0.0490036
132 0.581035 0.165098 0.0473382
133 0.581035 0.17618 0.0470858
134 0.581035 0.204102 0.0461505
135 0.581035 0.164395 0.0434021
136 0.581035 0.181631 0.0458033
137 0.581035 0.174364 0.0454734
138 0.581035 0.185415 0.0486407
139 0.581035 0.175326 0.0451396
140 0.581035 0.127755 0.0422926
141 0.581035 0.134567 0.0422184
142 0.581035 0.151456 0.0418257
143 0.581035 0.149567 0.0426685
144 0.581035 0.176018 0.0517861
145 0.581974 0.16856 0.0463831
146 0.581974 0.167079 0.0462075
147 0.581974 0.144329 0.0455943
148 0.581974 0.162831 0.0494204
149 0.581974 0.15837 0.0490186
150 0.581974 0.154751 0.0453816
151 0.581974 0.169558 0.0500615
152 0.581974 0.164742 0.0500562
153 0.581974 0.184934 0.0511245
154 0.581974 0.176389 0.0482945
155 0.581974 0.175636 0.0481344
156 0.581974 0.19185 0.0481861
157 0.581974 0.168711 0.0476896
158 0.581974 0.182538 0.0520574
159 0.581974 0.208987 0.0516951
160 0.581974 0.172737 0.0507108
161 0.581974 0.157563 0.0496926
162 0.581974 0.183023 0.0506354
163 0.581974 0.198536 0.047528
164 0.581974 0.224775 0.0516982
165 0.581974 0.214222 0.0561062
166 0.581974 0.183904 0.0493919
167 0.58305 0.180899 0.0526439
168 0.58305 0.195189 0.0577457
169 0.58305 0.191546 0.0518187
170 0.58305 0.176761 0.0490802
171 0.58305 0.170612 0.0481719
172 0.58305 0.151777 0.0439437
173 0.58305 0.163607 0.0506973
174 0.58305 0.182038 0.0496408
175 0.58305 0.156849 0.0460862
176 0.58305 0.17076 0.0473533
177 0.58305 0.176378 0.0490777
178 0.58305 0.175114 0.0522874
179 0.58305 0.175618 0.0522519
180 0.58305 0.155253 0.0469157
181 0.58305 0.181961 0.0499008
182 0.58305 0.168571 0.0465844
183 0.58305 0.184769 0.0474546
184 0.58305 0.203788 0.0502281
185 0.58305 0.205757 0.053536
186 0.58305 0.189052 0.0480286
187 0.58305 0.170651 0.0472637
188 0.58305 0.154175 0.0409306
189 0.58305 0.164738 0.0482823
190 0.58305 0.194097 0.0503332
191 0.58305 0.173447 0.0452721
192 0.58305 0.165421 0.0446023
193 0.58305 0.169984 0.0510392
194 0.58305 0.170891 0.053868
195 0.58305 0.178131 0.0544081
196 0.58305 0.186183 0.0515447
197 0.58305 0.163198 0.0509834
198 0.58305 0.176394 0.0499796
199 0.58305 0.166246 0.0491136
200 0.58305 0.163834 0.0503355
201 0.58305 0.168371 0.0497841
202 0.58305 0.19258 0.0553342
203 0.58305 0.210962 0.0574957
204 0.58305 0.223189 0.0505738
205 0.58305 0.213292 0.0525506
206 0.58305 0.195442 0.0503754
207 0.58305 0.202825 0.050594
208 0.58305 0.218146 0.0507593
209 0.58305 0.18451 0.0509794
210 0.58305 0.183912 0.0491936
211 0.58305 0.198853 0.0496782
212 0.58305 0.212952 0.0504281
213 0.583056 0.20004 0.0494434
214 0.583056 0.190624 0.0488189
215 0.583152 0.212248 0.0531528
216 0.583152 0.174818 0.0490462
217 0.583152 0.181366 0.0500211
218 0.583152 0.161155 0.0460574
219 0.583152 0.144967 0.0457041
220 0.583152 0.134179 0.0435045
221 0.583152 0.16673 0.0504166
222 0.583152 0.181097 0.0482576
223 0.583152 0.156926 0.0444369
224 0.583152 0.160056 0.04734
225 0.583152 0.162844 0.0447111
226 0.583152 0.142858 0.045074
227 0.583152 0.148199 0.0446663
228 0.583152 0.154266 0.0468756
229 0.583152 0.162423 0.0539665
230 0.583152 0.185233 0.0524673
231 0.583311 0.167681 0.0509912
232 0.583311 0.176723 0.0503652
233 0.583311 0.149293 0.0493871
234 0.583311 0.162107 0.0468434
235 0.583311 0.17305 0.0477955
236 0.583311 0.161995 0.0410175
237 0.583311 0.160717 0.0485961
238 0.583311 0.196209 0.0503072
239 0.583311 0.180388 0.0479667
240 0.583311 0.168447 0.0497858
241 0.583311 0.224073 0.0548917
242 0.583311 0.189771 0.0494258
243 0.584322 0.174315 0.0486734
244 0.584322 0.170552 0.047349
245 0.584322 0.185494 0.0493648
246 0.584322 0.176362 0.0476125
247 0.584322 0.204453 0.0508267
248 0.584322 0.197 0.0517218
249 0.584322 0.197085 0.050362
250 0.584322 0.193945 0.0495838
251 0.584322 0.210578 0.0508085
252 0.584322 0.193116 0.0509856
253 0.584322 0.200845 0.05224
254 0.584322 0.19986 0.0530508
255 0.584322 0.22333 0.0542363
256 0.584322 0.215155 0.0561181
257 0.584322 0.221959 0.0538596
258 0.584322 0.175803 0.0530735
259 0.584322 0.186521 0.0548834
260 0.584322 0.205577 0.0562481
261 0.584322 0.199664 0.0504888
262 0.584322 0.171946 0.048039
263 0.584322 0.188563 0.0499982
264 0.584322 0.157605 0.0464332
265 0.584322 0.167772 0.0493049
266 0.584322 0.203739 0.0503355
267 0.584517 0.182282 0.0476715
268 0.584517 0.179292 0.0513971
269 0.584517 0.169537 0.052177
270 0.584517 0.181408 0.0527833
271 0.584517 0.179572 0.0477665
272 0.584517 0.201473 0.050567
273 0.584517 0.175912 0.0504396
274 0.584517 0.199832 0.0495236
275 0.584517 0.196035 0.0548
276 0.584517 0.211842 0.0509877
277 0.584517 0.165904 0.047719
278 0.584517 0.187362 0.0507629
279 0.584517 0.163514 0.044336
280 0.584517 0.182744 0.0497534
281 0.584517 0.190374 0.0481969
282 0.584517 0.207984 0.051066
283 0.584517 0.168786 0.0420589
284 0.584517 0.179545 0.0419275
285 0.584517 0.175319 0.0387062
286 0.584517 0.18411 0.0425278
287 0.584517 0.211057 0.0477484
288 0.584517 0.187999 0.0516363
289 0.584517 0.18224 0.0479316
290 0.584517 0.171762 0.0469823
291 0.584517 0.204612 0.0540593
292 0.584517 0.181186 0.0479103
293 0.584517 0.171981 0.050479
294 0.584517 0.162586 0.047582
295 0.584517 0.17577 0.0486278
296 0.584517 0.187094 0.0548515
297 0.584517 0.186797 0.0488377
298 0.584517 0.166973 0.0460767
299 0.584517 0.162336 0.0472362
300 0.584517 0.161006 0.0471811
301 0.584517 0.162176 0.0484024
302 0.584517 0.150118 0.0460491
303 0.584517 0.138088 0.0429478
304 0.584517 0.139884 0.0489433
305 0.584517 0.162407 0.0529097
306 0.584517 0.184735 0.0562961
307 0.584542 0.190344 0.0545269
308 0.584542 0.171596 0.0501684
309 0.584542 0.179187 0.0447674
310 0.584542 0.17605 0.0444754
311 0.584542 0.161174 0.0461174
312 0.584542 0.175581 0.0453971
313 0.584847 0.17758 0.0499209
314 0.584847 0.19009 0.0496123
315 0.584847 0.165231 0.0456524
316 0.584847 0.182482 0.0513724
317 0.584847 0.166539 0.0507319
318 0.584847 0.179087 0.0535173
319 0.584847 0.147015 0.0484122
320 0.584847 0.129326 0.0436902
321 0.584847 0.150253 0.0489064
322 0.584847 0.141338 0.0468135
323 0.584847 0.17978 0.0514345
324 0.584847 0.1653 0.0475347
325 0.584847 0.177685 0.053133
326 0.584847 0.172023 0.0495701
327 0.584847 0.180694 0.0549406
328 0.584847 0.186815 0.055461
329 0.584847 0.176751 0.0496257
330 0.584847 0.173361 0.0491313
331 0.584847 0.176021 0.0489745
332 0.584847 0.17017 0.0481657
333 0.584847 0.169055 0.0465874
334 0.584847 0.171774 0.0452479
335 0.584847 0.193309 0.0553709
336 0.584847 0.182551 0.0516254
337 0.584847 0.183963 0.0478771
338 0.584847 0.17351 0.0521862
339 0.584847 0.181403 0.0550765
340 0.584847 0.175645 0.054199
341 0.584847 0.179694 0.0536617
342 0.584847 0.157955 0.0502284
343 0.584847 0.155874 0.0510728
344 0.584847 0.181651 0.0528603
345 0.584847 0.18542 0.053218
346 0.584847 0.166825 0.050788
347 0.584847 0.180911 0.0535983
348 0.584847 0.165371 0.0487875
349 0.584847 0.148773 0.0441392
350 0.584847 0.159136 0.0449755
351 0.584847 0.147981 0.0482421
352 0.584847 0.148718 0.0465528
353 0.584847 0.176381 0.0514124
354 0.586013 0.163435 0.0493854
355 0.586013 0.159491 0.0474985
356 0.586013 0.208475 0.056117
357 0.586013 0.201992 0.0490092
358 0.586013 0.203165 0.0519773
359 0.586013 0.187522 0.0514074
360 0.586013 0.183497 0.0495867
361 0.586013 0.177716 0.0475184
362 0.586013 0.17673 0.0473604
363 0.586013 0.160289 0.0464072
364 0.586013 0.204371 0.0530937
365 0.586013 0.196451 0.0493034
366 0.586013 0.184774 0.0506915
367 0.586013 0.181946 0.0523314
368 0.586013 0.178893 0.0512794
369 0.586013 0.163757 0.0488403
370 0.586013 0.179992 0.0493405
371 0.586441 0.181905 0.0505127
372 0.586441 0.17668 0.0509215
373 0.586441 0.199247 0.0497839
374 0.586441 0.178358 0.0525808
375 0.586441 0.175661 0.0503385
376 0.586441 0.16069 0.0458055
377 0.586441 0.147532 0.0465245
378 0.586441 0.142647 0.0454537
379 0.586441 0.146655 0.0470788
380 0.586441 0.163604 0.0500247
381 0.586441 0.193245 0.0606052
382 0.586441 0.189905 0.0554007
383 0.586441 0.181193 0.0531972
384 0.586441 0.170751 0.0530045
385 0.586441 0.179626 0.0493931
386 0.586441 0.147451 0.0443999
387 0.586441 0.139241 0.0423231
388 0.586441 0.168512 0.0473879
389 0.586441 0.191987 0.0520972
390 0.586441 0.183918 0.0508245
391 0.586441 0.189243 0.0492882
392 0.586441 0.177952 0.0492454
393 0.586441 0.151702 0.0468947
394 0.586441 0.166139 0.0539088
395 0.586441 0.1724 0.0520728
396 0.586441 0.158518 0.0501526
397 0.586441 0.178613 0.0473385
398 0.586441 0.169031 0.0472505
399 0.586441 0.178582 0.0538776
400 0.586441 0.186808 0.0467868
401 0.586441 0.194559 0.0467204
402 0.586441 0.176253 0.0465607
403 0.586441 0.194845 0.0479025
404 0.586441 0.184771 0.047852
405 0.586441 0.178293 0.0522871
406 0.586441 0.175222 0.0530336
407 0.586441 0.153357 0.050298
408 0.586441 0.13607 0.0435534
409 0.586441 0.146997 0.0474112
410 0.586441 0.145906 0.045309
411 0.586441 0.159681 0.0516165
412 0.586441 0.171157 0.0560257
413 0.586441 0.177307 0.0526426
414 0.586441 0.164174 0.0502741
415 0.586441 0.167504 0.0488869
416 0.586441 0.164022 0.0457737
417 0.586441 0.170377 0.0507834
418 0.586441 0.174893 0.0481462
419 0.586441 0.185149 0.0474243
420 0.586441 0.172565 0.0457321
421 0.586441 0.17979 0.0497437
422 0.586441 0.190453 0.0474843
423 0.586441 0.171813 0.0493222
424 0.586441 0.180499 0.0479139
425 0.586441 0.162931 0.0479905
426 0.586441 0.137011 0.0432734
427 0.586441 0.162777 0.0466755
428 0.586441 0.191563 0.0516146
429 0.586441 0.186841 0.0511443
430 0.586441 0.166388 0.0455015
431 0.586441 0.158461 0.0490931
432 0.586441 0.185416 0.0525341
433 0.586441 0.172132 0.0499643
434 0.586441 0.191071 0.0508337
435 0.586441 0.198239 0.0505965
436 0.586441 0.198034 0.0561985
437 0.586441 0.181142 0.0473092
438 0.586441 0.175491 0.0431358
439 0.586441 0.189479 0.0522329
440 0.586441 0.2009 0.0537585
441 0.586441 0.174592 0.0487168
442 0.586441 0.168277 0.0528899
443 0.586441 0.172568 0.0502686
444 0.586441 0.206391 0.051122
445 0.586441 0.192068 0.0529469
446 0.586441 0.175713 0.050413
447 0.586441 0.176478 0.0471368
448 0.586441 0.175577 0.0489052
449 0.586441 0.166226 0.0485622
450 0.586441 0.175163 0.0529429
451 0.586441 0.203232 0.054746
452 0.586441 0.194039 0.0533682
453 0.586441 0.180962 0.0509936
454 0.586441 0.189573 0.0532454
455 0.586965 0.159046 0.0479016
456 0.586965 0.163952 0.0491886
457 0.586965 0.169643 0.0499218
458 0.586965 0.164576 0.0507217
459 0.586965 0.169638 0.0486243
460 0.586965 0.156018 0.0495579
461 0.586965 0.152889 0.0454721
462 0.586965 0.180323 0.0508198
463 0.586965 0.20059 0.0498899
464 0.586965 0.17548 0.0492768
465 0.586965 0.185033 0.0498094
466 0.586965 0.162519 0.0469528
467 0.586965 0.170733 0.050407
468 0.586965 0.167767 0.047837
469 0.586965 0.14843 0.0480465
470 0.586965 0.18163 0.0524443
471 0.586965 0.183095 0.0467781
472 0.586965 0.183122 0.0475997
473 0.586965 0.197024 0.0509728
474 0.586965 0.196202 0.0501016
475 0.586965 0.169494 0.0502415
476 0.586965 0.161098 0.0474104
477 0.586965 0.157972 0.0471283
478 0.586965 0.168187 0.0454985
479 0.586965 0.169518 0.0463541
480 0.586965 0.159759 0.0429505
481 0.586965 0.160265 0.0443984
482 0.586965 0.18371 0.0493818
483 0.586965 0.184898 0.0529898
484 0.586965 0.174627 0.0493085
485 0.586965 0.169261 0.0497679
486 0.586965 0.184204 0.0523817
487 0.586965 0.204435 0.0530668
488 0.586965 0.197728 0.0515582
489 0.586965 0.197648 0.0528474
490 0.586965 0.16586 0.0489004
491 0.586965 0.161167 0.0512494
492 0.586965 0.190164 0.0513968
493 0.586965 0.222312 0.0523607
494 0.586965 0.195003 0.052623
495 0.586965 0.200505 0.0473886
496 0.586965 0.203745 0.0502921
497 0.586965 0.229526 0.0532841
498 0.586965 0.172446 0.0506754
499 0.586965 0.178103 0.0476809
500 0.586965 0.157619 0.0482767
501 0.586965 0.174462 0.0461446
502 0.586965 0.164202 0.0470968
503 0.586965 0.178243 0.0489159
504 0.586965 0.162534 0.0461374
505 0.586965 0.162468 0.0506611
506 0.586965 0.159757 0.0472746
507 0.586965 0.152519 0.0498729
508 0.586965 0.144453 0.0491611
509 0.586965 0.143851 0.0476512
510 0.586965 0.154975 0.0464436
511 0.586965 0.195852 0.0588594
512 0.586965 0.206549 0.0542675
513 0.586965 0.199657 0.05043
514 0.586965 0.217588 0.0552469
515 0.586965 0.205946 0.0531415
516 0.586965 0.151689 0.0481772
517 0.586965 0.16988 0.0485494
518 0.586965 0.160335 0.0513565
519 0.586965 0.139158 0.0462031
520 0.586965 0.135338 0.0434382
521 0.586965 0.140237 0.0470919
522 0.586965 0.157312 0.0492401
523 0.586965 0.16636 0.0483544
524 0.586965 0.167751 0.0543035
525 0.586965 0.17292 0.0558145
526 0.586965 0.211905 0.0597055
527 0.586965 0.18724 0.0505553
528 0.586965 0.177505 0.0510372
529 0.586965 0.204784 0.0551555
530 0.586965 0.189396 0.0556951
531 0.586965 0.209132 0.0559979
532 0.586965 0.202374 0.0500154
533 0.586965 0.214309 0.0525876
534 0.586965 0.209018 0.05101
535 0.586965 0.186962 0.04762
536 0.586965 0.200079 0.0530881
537 0.586965 0.191213 0.053002
538 0.586965 0.195922 0.053738
539 0.586965 0.21745 0.0512348
540 0.586965 0.17192 0.0484101
541 0.586965 0.193322 0.053092
542 0.586965 0.203877 0.0490074
543 0.586965 0.19665 0.0480481
544 0.586965 0.201958 0.0484023
545 0.586965 0.166103 0.0483089
546 0.586965 0.177033 0.0501277
547 0.586965 0.184606 0.0494779
548 0.586965 0.171232 0.0496966
549 0.586965 0.187798 0.0511643
550 0.586965 0.156203 0.0426108
551 0.586965 0.168635 0.0414621
552 0.586965 0.168122 0.0454767
553 0.586965 0.159688 0.043544
554 0.586965 0.148365 0.0444139
555 0.586965 0.169697 0.0483134
556 0.586965 0.183596 0.0512471
557 0.586965 0.191253 0.0503605
558 0.586965 0.188039 0.0533378
559 0.586965 0.181549 0.0509013
560 0.586965 0.175153 0.048592
561 0.586965 0.152822 0.0490293
562 0.586965 0.173227 0.0517126
563 0.586965 0.153335 0.0500368
564 0.586965 0.168391 0.0481533
565 0.586965 0.155734 0.0495903
566 0.586965 0.149189 0.0483246
567 0.586965 0.166329 0.0484206
568 0.586965 0.206947 0.0519122
569 0.586965 0.188839 0.052192
570 0.586965 0.185467 0.0476522
571 0.586965 0.205201 0.0460191
572 0.586965 0.206976 0.0525287
573 0.586965 0.175647 0.0459381
574 0.586965 0.169482 0.0462126
575 0.586965 0.208205 0.0493738
576 0.586965 0.186344 0.0490325
577 0.586965 0.173637 0.0474358
578 0.586965 0.16324 0.0494867
579 0.586965 0.157851 0.0465829
580 0.586965 0.159689 0.0444557
581 0.586965 0.160849 0.0486457
582 0.586965 0.171008 0.0477725
583 0.586965 0.162294 0.0495157
584 0.586965 0.16386 0.0498839
585 0.586965 0.182822 0.053505
586 0.586965 0.160492 0.0473377
587 0.586965 0.151701 0.0442157
588 0.586965 0.167386 0.0459806
589 0.586965 0.181627 0.0488885
590 0.586965 0.156115 0.0450867
591 0.586965 0.138379 0.0448303
592 0.586965 0.137289 0.0460422
593 0.586965 0.147811 0.0461052
594 0.586965 0.156693 0.04794
595 0.586965 0.175769 0.0505346
596 0.586965 0.159137 0.0447456
597 0.586965 0.152173 0.0443552
598 0.586965 0.158281 0.044966
599 0.586965 0.14348 0.0446315
600 0.586965 0.15339 0.048265
601 0.586965 0.155365 0.0505813
602 0.586965 0.162445 0.0483043
603 0.586965 0.187704 0.057477
604 0.586965 0.179786 0.0526246
605 0.586965 0.191194 0.0507606
606 0.586965 0.179301 0.047085
607 0.586965 0.189514 0.0514234
608 0.586965 0.18246 0.0462678
609 0.586965 0.181991 0.0436272
610 0.586965 0.209409 0.0466373
611 0.586965 0.173354 0.0479884
612 0.586965 0.144811 0.0470831
613 0.586965 0.174764 0.0525077
614 0.586965 0.184413 0.050795
615 0.586965 0.16039 0.0496674
616 0.586965 0.174243 0.0477713
617 0.586965 0.194533 0.0503844
618 0.586965 0.176855 0.0460885
619 0.586965 0.146389 0.0441075
620 0.586965 0.162329 0.048529
621 0.586965 0.163822 0.0472284
622 0.586965 0.194137 0.053424
623 0.586965 0.17623 0.0513426
624 0.586965 0.175728 0.0511739
625 0.586965 0.166794 0.0490561
626 0.586965 0.1525 0.0448395
627 0.586965 0.162454 0.0483154
628 0.586965 0.179838 0.046704
629 0.586965 0.149265 0.0452548
630 0.586965 0.149511 0.0448944
631 0.586965 0.17792 0.0472301
632 0.586965 0.172816 0.0465353
633 0.586965 0.178035 0.0516751
634 0.586965 0.187177 0.0531343
635 0.586965 0.190837 0.0507261
636 0.586965 0.186506 0.0466738
637 0.586965 0.207395 0.0542937
638 0.586965 0.201414 0.0498351
639 0.586965 0.184404 0.0477008
640 0.586965 0.178464 0.0535823
641 0.586965 0.173335 0.0544658
642 0.586965 0.179217 0.0518045
643 0.586965 0.204429 0.0548959
644 0.586965 0.164998 0.0465509
645 0.586965 0.13912 0.0465182
646 0.586965 0.153627 0.0497828
647 0.586965 0.156578 0.0495943
648 0.586965 0.190921 0.0536613
649 0.586965 0.158556 0.051474
650 0.586965 0.145222 0.0514482
651 0.586965 0.128612 0.0486679
652 0.586965 0.154259 0.0477643
653 0.586965 0.163539 0.0495315
654 0.586965 0.165539 0.0483923
655 0.586965 0.150176 0.0439364
656 0.586965 0.168907 0.051326
657 0.586965 0.153391 0.0502935
658 0.586965 0.159617 0.0511669
659 0.586965 0.159686 0.0504793
660 0.586965 0.156058 0.0454381
661 0.586965 0.15852 0.04324
662 0.586965 0.151767 0.047377
663 0.586965 0.145463 0.0479071
664 0.586965 0.142282 0.0463449
665 0.586965 0.141808 0.0513858
666 0.586965 0.145338 0.0467944
667 0.586965 0.148202 0.0485882
668 0.586965 0.185005 0.0548502
669 0.586965 0.172882 0.0526751
670 0.586965 0.163951 0.0495913
671 0.586965 0.173362 0.0515225
672 0.586965 0.178273 0.0461857
673 0.586965 0.156191 0.0493798
674 0.586965 0.147908 0.0447434
675 0.586965 0.168318 0.045443
676 0.586965 0.166103 0.0493454
677 0.586965 0.1782 0.0484054
678 0.586965 0.196106 0.0516025
679 0.586965 0.193661 0.049738
680 0.586965 0.17931 0.0501953
681 0.586965 0.185491 0.0507486
682 0.586965 0.171622 0.0468103
683 0.586965 0.16638 0.0493202
684 0.586965 0.17911 0.0483302
685 0.586965 0.159363 0.0473311
686 0.586965 0.177526 0.0517321
687 0.586965 0.204584 0.0518228
688 0.586965 0.174928 0.0530915
689 0.586965 0.178113 0.0538125
690 0.586965 0.204343 0.0560216
691 0.586965 0.177453 0.0522454
692 0.586965 0.193817 0.0563068
693 0.586965 0.176989 0.054107
694 0.586965 0.167184 0.0483191
695 0.586965 0.159969 0.0483659
696 0.586965 0.152115 0.0498769
697 0.586965 0.157027 0.0466351
698 0.586965 0.178831 0.0528339
699 0.586965 0.19495 0.057817
700 0.586965 0.179752 0.0506817
701 0.586965 0.167616 0.0450832
702 0.586965 0.203907 0.047692
703 0.586965 0.172032 0.0461993
704 0.586965 0.153901 0.0493597
705 0.586965 0.143297 0.0439787
706 0.586965 0.138478 0.0438275
707 0.586965 0.163369 0.0470938
708 0.586965 0.153171 0.0479396
709 0.586965 0.180246 0.0522715
710 0.586965 0.148828 0.0464639
711 0.586965 0.150708 0.043094
712 0.586965 0.157823 0.0470178
713 0.586965 0.1467 0.0444033
714 0.586965 0.176863 0.0513484
715 0.586965 0.179796 0.0491809
716 0.586965 0.158821 0.0461208
717 0.586965 0.180892 0.0521626
718 0.586965 0.168853 0.0510407
719 0.586965 0.196526 0.0563935
720 0.586965 0.177344 0.0520644
721 0.586965 0.181832 0.0516453
722 0.586965 0.188145 0.0548845
723 0.586965 0.178213 0.0526087
724 0.586965 0.1704 0.0455285
725 0.586965 0.181859 0.0472231
726 0.586965 0.201962 0.0490004
727 0.586965 0.198639 0.0481224
728 0.586965 0.175936 0.04691
729 0.586965 0.186859 0.0526058
730 0.586965 0.193174 0.0524897
731 0.586965 0.175052 0.0509288
732 0.586965 0.152752 0.0450931
733 0.586965 0.16058 0.0505633
734 0.586965 0.14082 0.0493603
735 0.586965 0.156472 0.0487696
736 0.586965 0.150571 0.0463286
737 0.586965 0.165035 0.0520921
738 0.586965 0.149358 0.0501629
739 0.586965 0.128792 0.0449442
740 0.586965 0.145315 0.0473755
741 0.586965 0.182459 0.0526423
742 0.586965 0.167156 0.0465457
743 0.586965 0.163388 0.0505986
744 0.586965 0.175678 0.0514181
745 0.586965 0.162896 0.0491695
746 0.586965 0.169589 0.0499955
747 0.586965 0.151447 0.0442325
748 0.586965 0.169553 0.0548368
749 0.586965 0.180643 0.0516178
750 0.586965 0.171038 0.0477649
751 0.586965 0.154875 0.0482087
752 0.586965 0.168349 0.0512029
753 0.586965 0.157951 0.0508555
754 0.586965 0.176901 0.0531518
755 0.586965 0.180705 0.0517331
756 0.586965 0.162442 0.0484228
757 0.586965 0.159578 0.0458974
758 0.586965 0.20238 0.0553857
759 0.586965 0.181076 0.0523409
760 0.586965 0.187287 0.0492226
761 0.586965 0.209085 0.0531971
762 0.586965 0.188256 0.0509734
763 0.586965 0.180982 0.0522991
764 0.586965 0.187433 0.0537233
765 0.586965 0.196638 0.0496656
766 0.586965 0.179572 0.0484955
767 0.586965 0.189028 0.0472451
768 0.586965 0.19421 0.0491252
769 0.586965 0.173774 0.0487726
770 0.586965 0.190761 0.0524905
771 0.586965 0.211731 0.0539618
772 0.586965 0.187753 0.0497561
773 0.586965 0.188124 0.0407503
774 0.586965 0.198425 0.0438759
775 0.586965 0.202763 0.0477567
776 0.586965 0.217566 0.050705
777 0.586965 0.222962 0.0474615
778 0.586965 0.23573 0.0427249
779 0.586965 0.211372 0.052379
780 0.586965 0.225267 0.0515826
781 0.586965 0.194552 0.0454095
782 0.586965 0.222174 0.0485304
783 0.586965 0.199629 0.0494335
784 0.586965 0.184526 0.0512797
785 0.586965 0.165163 0.0465427
786 0.586965 0.186566 0.0499585
787 0.586965 0.196181 0.0505065
788 0.586965 0.201311 0.0542455
789 0.586965 0.188974 0.0497133
790 0.586965 0.16464 0.0466726
791 0.586965 0.170693 0.0441939
792 0.586965 0.179512 0.0520185
793 0.586965 0.177532 0.050214
794 0.586965 0.186898 0.0535614
795 0.586965 0.176166 0.0521983
796 0.586965 0.174493 0.0495908
797 0.586965 0.204218 0.0513676
798 0.586965 0.224106 0.0520426
799 0.586965 0.217996 0.0528703
800 0.586965 0.169456 0.0497335
801 0.586965 0.169707 0.0431564
802 0.586965 0.180343 0.0490134
803 0.586965 0.181389 0.0478825
804 0.586965 0.167221 0.047033
805 0.586965 0.163267 0.0463597
806 0.586965 0.169043 0.0509281
807 0.586965 0.176884 0.050404
808 0.586965 0.174849 0.0527918
809 0.586965 0.178947 0.0502397
810 0.586965 0.200473 0.0486141
811 0.586965 0.190383 0.046943
812 0.586965 0.201585 0.0493707
813 0.586965 0.176079 0.0440895
814 0.586965 0.201446 0.048607
815 0.586965 0.179516 0.0472301
816 0.586965 0.192702 0.0501489
817 0.586965 0.162547 0.0514048
818 0.586965 0.136927 0.0425946
819 0.586965 0.178189 0.0514123
820 0.586965 0.184158 0.051126
821 0.586965 0.173783 0.0502423
822 0.586965 0.146813 0.0457858
823 0.586965 0.128909 0.0401409
824 0.586965 0.163926 0.0484136
825 0.586965 0.152593 0.0467621
826 0.586965 0.160665 0.0491124
827 0.586965 0.168514 0.046041
828 0.586965 0.189655 0.0505427
829 0.586965 0.180688 0.051657
830 0.586965 0.197381 0.0479741
831 0.586965 0.188026 0.0479493
832 0.586965 0.191235 0.0480103
833 0.586965 0.191442 0.0462285
834 0.586965 0.185361 0.0522505
835 0.586965 0.189559 0.0488564
836 0.586965 0.174776 0.0481124
837 0.586965 0.17899 0.053076
838 0.586965 0.169265 0.0530261
839 0.586965 0.161203 0.0495976
840 0.586965 0.164889 0.0503755
841 0.586965 0.187101 0.051849
842 0.586965 0.184651 0.0495154
843 0.586965 0.179067 0.0477518
844 0.586965 0.173795 0.0500277
845 0.586965 0.152927 0.043594
846 0.586965 0.146733 0.0439909
847 0.586965 0.148736 0.0455952
848 0.586965 0.139962 0.0425642
849 0.586965 0.151069 0.043573
850 0.586965 0.143953 0.0485711
851 0.586965 0.168814 0.0513971
852 0.586965 0.180987 0.0522684
853 0.586965 0.162992 0.0501532
854 0.586965 0.156007 0.049199
855 0.586965 0.161202 0.0534371
856 0.586965 0.15253 0.047565
857 0.586965 0.160707 0.0482271
858 0.586965 0.151207 0.0466135
859 0.586965 0.148346 0.0495908
860 0.586965 0.146599 0.0464789
861 0.586965 0.163826 0.04986
862 0.586965 0.162002 0.0539989
863 0.586965 0.174832 0.0506787
864 0.586965 0.190042 0.0550261
865 0.586965 0.163479 0.0529041
866 0.586965 0.14346 0.0483061
867 0.586965 0.149335 0.0482712
868 0.586965 0.179175 0.0488426
869 0.586965 0.152972 0.0473331
870 0.586965 0.174741 0.0517641
871 0.586965 0.144483 0.0458913
872 0.586965 0.161085 0.0483572
873 0.586965 0.16882 0.04929
874 0.586965 0.179398 0.0496284
875 0.586965 0.184672 0.0485075
876 0.586965 0.179089 0.0506295
877 0.586965 0.153617 0.0441445
878 0.586965 0.163271 0.0504052
879 0.586965 0.137372 0.0417265
880 0.586965 0.161616 0.0453966
881 0.586965 0.180301 0.0487463
882 0.586965 0.206077 0.0509857
883 0.586965 0.175356 0.0523229
884 0.586965 0.164009 0.04861
885 0.586965 0.183475 0.0493853
886 0.586965 0.183071 0.0519573
887 0.586965 0.189607 0.0532707
888 0.586965 0.196689 0.051429
889 0.586965 0.206118 0.0536553
890 0.586965 0.173039 0.0490994
891 0.586965 0.1803 0.0491963
892 0.586965 0.154025 0.0446142
893 0.586965 0.18491 0.0496136
894 0.586965 0.198587 0.0537243
895 0.586965 0.166748 0.0502139
896 0.586965 0.16307 0.045234
897 0.586965 0.147888 0.0461917
898 0.586965 0.159169 0.047514
899 0.586965 0.147789 0.0457485
900 0.586965 0.171816 0.0505125
901 0.586965 0.16328 0.0464947
902 0.586965 0.179793 0.0503399
903 0.586965 0.147228 0.0468729
904 0.586965 0.151962 0.0516001
905 0.586965 0.181736 0.0534847
906 0.586965 0.164861 0.0446815
907 0.586965 0.19156 0.0512161
908 0.586965 0.193367 0.0523217
909 0.586965 0.206919 0.0555543
910 0.586965 0.162844 0.0460664
911 0.586965 0.157675 0.0440185
912 0.586965 0.163236 0.0472477
913 0.586965 0.163637 0.0481109
914 0.586965 0.201542 0.0555007
915 0.586965 0.188202 0.052405
916 0.586965 0.187572 0.0487742
917 0.586965 0.173847 0.0454672
918 0.586965 0.160223 0.0486324
919 0.586965 0.1699 0.0492263
920 0.586965 0.163058 0.0493818
921 0.586965 0.187298 0.0546556
922 0.586965 0.175971 0.0503571
923 0.586965 0.170315 0.0450476
924 0.586965 0.186954 0.0493866
925 0.586965 0.179933 0.0510281
926 0.586965 0.174486 0.0504639
927 0.586965 0.1595 0.0447116
928 0.586965 0.166783 0.048534
929 0.586965 0.133311 0.0427887
930 0.586965 0.155441 0.0498428
931 0.586965 0.152671 0.0484791
932 0.586965 0.16713 0.0490199
933 0.586965 0.135806 0.0472256
934 0.586965 0.155652 0.0451189
935 0.586965 0.16948 0.0483867
936 0.586965 0.162494 0.0530139
937 0.586965 0.170502 0.0502898
938 0.586965 0.17279 0.0473008
939 0.586965 0.181689 0.0514914
940 0.586965 0.153552 0.0472934
941 0.586965 0.172666 0.0513443
942 0.586965 0.150778 0.0457831
943 0.586965 0.167737 0.0484475
944 0.586965 0.166682 0.0503815
945 0.586965 0.146901 0.0425863
946 0.586965 0.150855 0.0451945
947 0.586965 0.154216 0.0452292
948 0.586965 0.143506 0.0443308
949 0.586965 0.154072 0.0468474
950 0.586965 0.162699 0.048384
951 0.586965 0.174492 0.0471284
952 0.586965 0.17135 0.0474582
953 0.586965 0.155078 0.0447748
954 0.586965 0.166013 0.0458942
955 0.586965 0.174975 0.0482398
956 0.586965 0.173375 0.0484515
957 0.586965 0.172113 0.0485318
958 0.586965 0.151464 0.0492344
959 0.586965 0.158998 0.0466193
960 0.586965 0.161466 0.044635
961 0.586965 0.123958 0.0422135
962 0.586965 0.16046 0.0491581
963 0.586965 0.162834 0.0503389
964 0.586965 0.169681 0.0490158
965 0.586965 0.178979 0.0509938
966 0.586965 0.163614 0.052144
967 0.586965 0.184907 0.0487675
968 0.586965 0.158591 0.0468127
969 0.586965 0.169213 0.0467172
970 0.586965 0.182917 0.0504802
971 0.586965 0.150459 0.047045
972 0.586965 0.179923 0.0474206
973 0.586965 0.193025 0.0509355
974 0.586965 0.208707 0.0503372
975 0.586965 0.215978 0.0456165
976 0.586965 0.187144 0.0445859
977 0.586965 0.180701 0.0490284
978 0.586965 0.163071 0.0487925
979 0.586965 0.203219 0.0516856
980 0.586965 0.215475 0.0498427
981 0.586965 0.192334 0.051509
982 0.586965 0.168211 0.0479132
983 0.586965 0.15885 0.0489411
984 0.586965 0.178727 0.049691
985 0.586965 0.14729 0.0449719
986 0.586965 0.148331 0.0450857
987 0.586965 0.154663 0.0433972
988 0.586965 0.171621 0.0512526
989 0.586965 0.153371 0.0460966
990 0.586965 0.164272 0.0456884
991 0.586965 0.172626 0.0473939
992 0.586965 0.16119 0.0446551
993 0.586965 0.154047 0.0443876
994 0.586965 0.151036 0.0467771
995 0.586965 0.167692 0.0506346
996 0.586965 0.151931 0.0432059
997 0.586965 0.172297 0.0480112
998 0.586965 0.165419 0.0474201
999 0.586965 0.169604 0.0485815
1000 0.586965 0.140514 0.0489933
