0 0.125262 0.0671127 0.00385412
1 0.125275 0.0739075 0.00381709
2 0.125275 0.0853258 0.00340854
3 0.125277 0.0876613 0.00331302
4 0.125277 0.088885 0.00325352
5 0.125277 0.0863747 0.00338004
6 0.125277 0.0914828 0.00309726
7 0.169152 0.0996712 0.00260352
8 0.169152 0.0961201 0.00285336
9 0.356832 0.0967444 0.00361117
10 0.373154 0.0988667 0.00441559
11 0.508169 0.113924 0.00651227
11 0.567288 0.0238546 0.00836363
12 0.567288 0.034331 0.0108232
13 0.567288 0.059809 0.0176347
14 0.567288 0.0723609 0.0217087
15 0.567288 0.0614933 0.0202256
16 0.567288 0.0753978 0.0258659
17 0.567288 0.0922434 0.0309249
18 0.567288 0.109642 0.0359299
19 0.567288 0.110057 0.0343929
20 0.567288 0.11313 0.0364691
21 0.567288 0.127577 0.0411335
22 0.567288 0.124472 0.0403145
23 0.567288 0.129835 0.0403086
24 0.567288 0.131724 0.0375293
25 0.567288 0.153467 0.0405362
26 0.567288 0.164081 0.0458797
27 0.567288 0.169567 0.0463009
28 0.567288 0.145838 0.0430629
29 0.567288 0.160586 0.0431781
30 0.567288 0.178417 0.0451463
31 0.579015 0.207665 0.048743
32 0.581899 0.213955 0.0510035
33 0.581899 0.212603 0.0502936
34 0.581899 0.216068 0.0503447
35 0.581899 0.213327 0.048548
36 0.581899 0.208593 0.0538839
37 0.581899 0.222583 0.0534267
38 0.581899 0.231883 0.0522181
39 0.581899 0.221465 0.05141
40 0.583973 0.22454 0.0486777
41 0.587428 0.279589 0.0469986
42 0.587428 0.256832 0.0518487
43 0.587428 0.230375 0.0509959
44 0.587428 0.210866 0.0481552
45 0.587428 0.212663 0.0508122
46 0.587428 0.220901 0.0524598
47 0.587428 0.216359 0.0539246
48 0.587428 0.224064 0.0558725
49 0.587428 0.20274 0.0523482
50 0.587891 0.194404 0.0503299
51 0.587891 0.235446 0.0463599
52 0.587891 0.205992 0.0460915
53 0.587891 0.204245 0.0453191
54 0.587891 0.230937 0.0453147
55 0.587891 0.23743 0.0486431
56 0.587891 0.246773 0.0519475
57 0.587891 0.253256 0.0545514
58 0.587891 0.258919 0.0473948
59 0.587891 0.240386 0.0457631
60 0.587891 0.218501 0.0513447
61 0.587891 0.212099 0.0519586
62 0.587891 0.209143 0.0506686
63 0.587891 0.23044 0.0505653
64 0.587891 0.222047 0.0499846
65 0.587891 0.206944 0.0504498
66 0.587891 0.229467 0.0517842
67 0.587891 0.227383 0.0525473
68 0.587891 0.229039 0.0543872
69 0.587891 0.223046 0.0538973
70 0.587891 0.23038 0.0529151
71 0.590601 0.213605 0.0553782
72 0.590601 0.203704 0.0524596
73 0.590601 0.200955 0.0518715
74 0.590601 0.19272 0.0525244
75 0.590601 0.20453 0.0539345
76 0.590601 0.202404 0.0530717
77 0.590601 0.230824 0.0501288
78 0.590601 0.211445 0.0530749
79 0.590601 0.236337 0.0477478
80 0.590601 0.236757 0.0491609
81 0.590601 0.227033 0.0475456
82 0.590601 0.217693 0.0472004
83 0.590601 0.234646 0.0505316
84 0.590601 0.225763 0.0562514
85 0.590601 0.224257 0.0570717
86 0.590601 0.215624 0.054237
87 0.590701 0.187926 0.0506994
88 0.590701 0.181644 0.0499547
89 0.590701 0.200741 0.0552458
90 0.590701 0.200058 0.0522523
91 0.590701 0.186327 0.0500004
92 0.590701 0.204223 0.0529582
93 0.590701 0.202897 0.0508162
94 0.590701 0.225468 0.0553263
95 0.590701 0.233307 0.0529282
96 0.590701 0.234188 0.0598184
97 0.590701 0.215922 0.0559864
98 0.590701 0.250824 0.0573327
99 0.590701 0.205209 0.0543921
100 0.590701 0.239701 0.0564333
101 0.590701 0.226505 0.0537219
102 0.591402 0.237077 0.0521115
103 0.591402 0.265718 0.0519116
104 0.591402 0.282908 0.050999
105 0.591402 0.260395 0.0510499
106 0.591402 0.254524 0.0543695
107 0.591402 0.247588 0.0521427
108 0.591402 0.254386 0.0490883
109 0.591402 0.246685 0.0531616
110 0.591402 0.24969 0.0551813
111 0.591402 0.236786 0.057672
112 0.591402 0.249793 0.0532035
113 0.591402 0.246173 0.0567174
114 0.591402 0.252203 0.0558571
115 0.591402 0.203471 0.0518885
116 0.591402 0.199395 0.0512243
117 0.591402 0.198692 0.0522557
118 0.591402 0.188845 0.0507207
119 0.591402 0.219285 0.0555554
120 0.591402 0.203306 0.0522638
121 0.591402 0.213863 0.0551362
122 0.591402 0.205242 0.0544202
123 0.591402 0.220766 0.0547668
124 0.591402 0.221702 0.0559341
125 0.591402 0.219477 0.0568786
126 0.592347 0.229557 0.0551129
127 0.592347 0.244426 0.0546384
128 0.592347 0.231356 0.0525785
129 0.592347 0.222645 0.052924
130 0.592347 0.221376 0.0534146
131 0.593712 0.254521 0.0552331
132 0.593712 0.250039 0.0548162
133 0.593712 0.24684 0.0497028
134 0.593712 0.216568 0.0501689
135 0.593712 0.244078 0.0544454
136 0.593712 0.216528 0.0519879
137 0.593712 0.197468 0.0519513
138 0.593712 0.203653 0.0522873
139 0.593712 0.194051 0.0543137
140 0.593712 0.188418 0.0538172
141 0.593712 0.198131 0.0590333
142 0.593712 0.189359 0.0522476
143 0.593712 0.214498 0.0581015
144 0.593712 0.223621 0.0547768
145 0.593712 0.212797 0.0520993
146 0.593712 0.213651 0.0496612
147 0.593712 0.222572 0.0542607
148 0.593712 0.198245 0.056064
149 0.593712 0.201755 0.0521498
150 0.594412 0.202277 0.0546736
151 0.594412 0.214803 0.0579958
152 0.594412 0.201393 0.0568816
153 0.594412 0.202494 0.054502
154 0.594412 0.198915 0.0550268
155 0.594412 0.230174 0.0547602
156 0.594412 0.253541 0.0520389
157 0.594412 0.237249 0.0533122
158 0.594412 0.243932 0.0525859
159 0.594412 0.233827 0.0458611
160 0.594412 0.257473 0.0533956
161 0.594412 0.259202 0.0525831
162 0.597939 0.236801 0.0499727
163 0.597939 0.241122 0.0487776
164 0.597939 0.233419 0.0548128
165 0.597939 0.211596 0.0521621
166 0.597939 0.245408 0.0526586
167 0.597939 0.251583 0.0532215
168 0.597939 0.253496 0.0555916
169 0.597939 0.224873 0.0538363
170 0.597939 0.217558 0.0529263
171 0.597939 0.239174 0.0521871
172 0.597939 0.249204 0.0530776
173 0.597939 0.24136 0.0530707
174 0.597939 0.257933 0.0533206
175 0.597939 0.234675 0.0565727
176 0.597939 0.244092 0.052231
177 0.597939 0.256922 0.055863
178 0.597939 0.264557 0.0561073
179 0.597939 0.24435 0.052468
180 0.597939 0.24547 0.0532858
181 0.597939 0.214028 0.0518556
182 0.597939 0.206526 0.0571612
183 0.597939 0.235109 0.0543684
184 0.597939 0.227735 0.0530509
185 0.597939 0.231764 0.0547734
186 0.597939 0.253864 0.0523333
187 0.597939 0.23245 0.0537522
188 0.597939 0.236152 0.0527377
189 0.597939 0.211378 0.0507382
190 0.597939 0.237953 0.0606482
191 0.597939 0.211439 0.0516175
192 0.597939 0.202406 0.0495261
193 0.598516 0.213609 0.0530142
194 0.598516 0.223208 0.0551105
195 0.598516 0.217526 0.0512153
196 0.598516 0.234598 0.0505893
197 0.598516 0.230301 0.0537075
198 0.598516 0.247788 0.054963
199 0.598516 0.256537 0.0591116
200 0.598516 0.218793 0.0577664
201 0.598516 0.209588 0.0566189
202 0.598516 0.225182 0.0559952
203 0.598516 0.211981 0.0547756
204 0.598516 0.205532 0.0593199
205 0.598516 0.211834 0.0543066
206 0.598516 0.213468 0.0560159
207 0.598516 0.246942 0.058951
208 0.598516 0.220149 0.0583018
209 0.598516 0.242389 0.0600963
210 0.598516 0.26611 0.0580618
211 0.598516 0.246154 0.0551138
212 0.598516 0.230013 0.0529044
213 0.598516 0.210966 0.053801
214 0.598516 0.249867 0.0546322
215 0.598516 0.218763 0.0550047
216 0.598516 0.236134 0.053663
217 0.598951 0.235755 0.0586933
218 0.598951 0.233101 0.0542114
219 0.598951 0.212582 0.0516102
220 0.59931 0.22129 0.0508504
221 0.59931 0.243532 0.0511082
222 0.59931 0.240942 0.0542256
223 0.59931 0.251118 0.0543184
224 0.59931 0.253091 0.0513286
225 0.59931 0.267738 0.0557382
226 0.59931 0.249232 0.0526177
227 0.59931 0.242519 0.0545981
228 0.59931 0.223979 0.0558033
229 0.59931 0.241885 0.0566088
230 0.59931 0.254809 0.0558545
231 0.59931 0.25278 0.0534389
232 0.59931 0.250824 0.0534751
233 0.59931 0.23678 0.0571567
234 0.59931 0.252005 0.0519104
235 0.59931 0.268987 0.0501227
236 0.59931 0.272067 0.0485436
237 0.604804 0.261763 0.0524735
238 0.604804 0.277442 0.0480911
239 0.604804 0.244674 0.0545839
240 0.604804 0.279955 0.057452
241 0.604804 0.250228 0.0548175
242 0.604804 0.230113 0.0555994
243 0.604804 0.244011 0.0556737
244 0.604804 0.249864 0.0506786
245 0.604804 0.267095 0.0534969
246 0.604804 0.249935 0.0495687
247 0.604804 0.266216 0.051212
248 0.604804 0.25265 0.0508464
249 0.604804 0.291189 0.0537933
250 0.604804 0.265434 0.0541044
251 0.604804 0.265207 0.0495807
252 0.604804 0.249316 0.0529749
253 0.604804 0.245549 0.0509032
254 0.604804 0.239744 0.0496699
255 0.604804 0.235174 0.0534399
256 0.604804 0.20755 0.0515505
257 0.604804 0.249694 0.0583383
258 0.604804 0.232061 0.0544301
259 0.604804 0.233389 0.0540852
260 0.604804 0.224708 0.057505
261 0.604804 0.213546 0.0530601
262 0.604804 0.214057 0.0525862
263 0.604804 0.272571 0.0562148
264 0.604804 0.221709 0.0550682
265 0.604804 0.216624 0.0534011
266 0.604804 0.201437 0.0530903
267 0.604804 0.203743 0.0520881
268 0.604804 0.218793 0.0547804
269 0.604804 0.245015 0.0552525
270 0.604804 0.246731 0.0519252
271 0.604804 0.261563 0.0476295
272 0.604804 0.252574 0.0570025
273 0.604804 0.218551 0.0550377
274 0.604804 0.232447 0.0564194
275 0.604804 0.21918 0.058516
276 0.604804 0.232667 0.0586175
277 0.604804 0.196518 0.0542861
278 0.604804 0.214272 0.0573605
279 0.604804 0.196748 0.0566692
280 0.604804 0.194236 0.0554552
281 0.604804 0.187618 0.0544815
282 0.604804 0.218142 0.0555007
283 0.604804 0.203039 0.0529494
284 0.604804 0.215405 0.0578141
285 0.604804 0.23258 0.0592942
286 0.604804 0.262691 0.0607127
287 0.604804 0.238265 0.0560094
288 0.604804 0.208492 0.0550718
289 0.604804 0.20139 0.0537595
290 0.604804 0.218676 0.0538609
291 0.604804 0.24228 0.0600812
292 0.604804 0.209646 0.0549679
293 0.604804 0.217236 0.0542334
294 0.604804 0.210946 0.0590626
295 0.604804 0.19336 0.0614366
296 0.604804 0.211566 0.0591408
297 0.604804 0.195065 0.0551726
298 0.604804 0.211529 0.0585686
299 0.604804 0.216988 0.061832
300 0.604804 0.215437 0.0620943
301 0.604804 0.209677 0.0533751
302 0.604804 0.233496 0.0562323
303 0.604804 0.22777 0.0560213
304 0.604804 0.223035 0.0545901
305 0.604804 0.204704 0.0540923
306 0.604804 0.227958 0.0504142
307 0.604804 0.25074 0.0529826
308 0.604804 0.280025 0.0562662
309 0.604804 0.26714 0.0572231
310 0.604804 0.237219 0.0531926
311 0.604804 0.238411 0.0562487
312 0.604804 0.198521 0.0542746
313 0.604804 0.260965 0.0565005
314 0.604804 0.249158 0.0582566
315 0.60516 0.254875 0.0546489
316 0.60516 0.264399 0.0562303
317 0.60516 0.282294 0.0559102
318 0.60516 0.274993 0.0523915
319 0.60516 0.272261 0.0562198
320 0.60516 0.27066 0.0502673
321 0.60516 0.267148 0.0529889
322 0.60516 0.259746 0.0561012
323 0.60516 0.266822 0.0580147
324 0.60516 0.248718 0.0572711
325 0.60516 0.245899 0.0537253
326 0.60516 0.273413 0.0592192
327 0.60516 0.219248 0.0551053
328 0.60516 0.242777 0.0632281
329 0.60516 0.210271 0.0570696
330 0.60516 0.237075 0.0555643
331 0.60516 0.236359 0.054592
332 0.60516 0.217117 0.0573233
333 0.60516 0.219193 0.063739
334 0.60516 0.211828 0.0599045
335 0.60516 0.222225 0.0521468
336 0.60516 0.20825 0.053693
337 0.60516 0.198974 0.0564512
338 0.60516 0.234896 0.0538066
339 0.607006 0.185471 0.0537083
340 0.607006 0.200114 0.0525113
341 0.607006 0.198909 0.0565631
342 0.607006 0.186254 0.0519591
343 0.607006 0.215311 0.0583491
344 0.607006 0.222419 0.0631823
345 0.607573 0.21279 0.0587384
346 0.607573 0.219305 0.0549137
347 0.607573 0.194069 0.0550763
348 0.607573 0.213575 0.0579606
349 0.607573 0.236318 0.0539833
350 0.607573 0.222358 0.0536866
351 0.607573 0.210215 0.0565842
352 0.607573 0.220559 0.0586225
353 0.607573 0.208024 0.0543099
354 0.607573 0.222576 0.0567348
355 0.607573 0.228364 0.0540882
356 0.607573 0.213699 0.0589965
357 0.607573 0.222314 0.0548802
358 0.607573 0.255281 0.0561731
359 0.607573 0.210315 0.0529783
360 0.607573 0.205944 0.0530005
361 0.607573 0.197643 0.0519701
362 0.607573 0.214838 0.0557283
363 0.607573 0.253416 0.0595557
364 0.607573 0.256721 0.0580306
365 0.607573 0.251937 0.0594597
366 0.607573 0.252102 0.0549742
367 0.607573 0.241614 0.0563986
368 0.607573 0.245025 0.0582749
369 0.607573 0.223005 0.0558939
370 0.607573 0.210408 0.054957
371 0.607573 0.242165 0.0544728
372 0.607573 0.224408 0.0535883
373 0.607573 0.230114 0.0553514
374 0.607573 0.22 0.0550296
375 0.607573 0.222423 0.0564579
376 0.607573 0.226979 0.0563621
377 0.607573 0.218334 0.055559
378 0.607573 0.238493 0.0548995
379 0.607573 0.206035 0.0549248
380 0.607573 0.225666 0.0535386
381 0.607573 0.259342 0.0534068
382 0.607573 0.271549 0.0574503
383 0.607573 0.250821 0.0525611
384 0.607573 0.25601 0.0530183
385 0.607573 0.229815 0.0564994
386 0.607573 0.228946 0.0559877
387 0.607573 0.219359 0.0547908
388 0.607573 0.235347 0.0581632
389 0.607573 0.219729 0.0543133
390 0.607573 0.228685 0.0563668
391 0.607573 0.24158 0.0566556
392 0.607573 0.207875 0.0543916
393 0.607573 0.239017 0.0548385
394 0.607573 0.21078 0.0562359
395 0.607573 0.247 0.0539218
396 0.607573 0.245726 0.0573145
397 0.607573 0.238943 0.055407
398 0.607573 0.252902 0.0531599
399 0.607573 0.266426 0.0542519
400 0.607573 0.247591 0.0538356
401 0.607573 0.257269 0.0629851
402 0.607573 0.234126 0.057569
403 0.607573 0.220153 0.0570927
404 0.607573 0.22697 0.0548838
405 0.607573 0.263063 0.062645
406 0.607573 0.229947 0.057616
407 0.607573 0.213032 0.0619933
408 0.607573 0.221652 0.0589266
409 0.607573 0.240335 0.0530836
410 0.607573 0.235435 0.0543278
411 0.607573 0.222517 0.0585758
412 0.607868 0.230915 0.059122
413 0.607868 0.230681 0.0583343
414 0.607868 0.218661 0.0568939
415 0.607868 0.215281 0.0588984
416 0.607868 0.217198 0.060202
417 0.607868 0.221397 0.058353
418 0.607868 0.214915 0.0552591
419 0.608204 0.239604 0.0591903
420 0.608204 0.222547 0.0533317
421 0.608204 0.249576 0.0560652
422 0.608204 0.251667 0.0578106
423 0.608204 0.256229 0.0572917
424 0.608204 0.223878 0.0538556
425 0.608204 0.228833 0.0587232
426 0.608204 0.221091 0.059842
427 0.608204 0.199825 0.0611285
428 0.608204 0.208362 0.0592317
429 0.608204 0.217407 0.0562222
430 0.608204 0.226402 0.0551306
431 0.608204 0.222 0.0580216
432 0.608204 0.257 0.0602688
433 0.608204 0.242532 0.0600695
434 0.608204 0.240114 0.0543459
435 0.608204 0.227783 0.0548938
436 0.608204 0.223721 0.0543773
437 0.608204 0.211547 0.0537982
438 0.608204 0.227406 0.0579303
439 0.608204 0.231757 0.0573828
440 0.609838 0.220716 0.0564117
441 0.609838 0.234153 0.0527538
442 0.609838 0.205786 0.0556675
443 0.609838 0.215458 0.0565107
444 0.609838 0.211493 0.0566009
445 0.609838 0.224899 0.0573794
446 0.609838 0.246372 0.0662381
447 0.609838 0.248147 0.0605795
448 0.609838 0.250819 0.0587609
449 0.609838 0.25808 0.0585808
450 0.609838 0.252869 0.0568186
451 0.609838 0.253566 0.0580406
452 0.609838 0.274887 0.0597905
453 0.609838 0.28601 0.0594833
454 0.609838 0.271652 0.0581926
455 0.609838 0.252137 0.0592905
456 0.609838 0.246359 0.0632996
457 0.609838 0.24688 0.0611838
458 0.609838 0.224474 0.0583104
459 0.609838 0.222641 0.0609804
460 0.609838 0.226815 0.0591929
461 0.609838 0.206299 0.0594307
462 0.609838 0.229705 0.0593053
463 0.609838 0.240689 0.0610234
464 0.609838 0.223936 0.057071
465 0.609838 0.212609 0.0529579
466 0.609838 0.245603 0.0559554
467 0.609838 0.216335 0.0545914
468 0.609838 0.234058 0.0580582
469 0.609838 0.214389 0.0581566
470 0.609838 0.237244 0.05793
471 0.609838 0.20779 0.0526894
472 0.609838 0.195072 0.0472476
473 0.609838 0.226329 0.0546534
474 0.609838 0.227992 0.0597875
475 0.609838 0.225693 0.0532342
476 0.609838 0.228177 0.0526053
477 0.609838 0.185479 0.0474715
478 0.609838 0.206309 0.0529378
479 0.609838 0.230117 0.0562937
480 0.609838 0.253112 0.0534997
481 0.609838 0.223291 0.0532393
482 0.609838 0.23944 0.0504858
483 0.609838 0.208967 0.0517657
484 0.609838 0.197466 0.0527152
485 0.609838 0.239298 0.049056
486 0.609838 0.209872 0.0532267
487 0.609838 0.185997 0.0517126
488 0.609838 0.205668 0.0576114
489 0.609838 0.209006 0.0532882
490 0.609838 0.249777 0.0568542
491 0.61069 0.221081 0.0587898
492 0.61069 0.219183 0.0545557
493 0.61069 0.187024 0.0561251
494 0.61069 0.222615 0.0583715
495 0.61069 0.205221 0.0573157
496 0.61069 0.209501 0.0581618
497 0.61069 0.200576 0.0594413
498 0.61069 0.183315 0.0557731
499 0.61069 0.191515 0.0551786
500 0.61069 0.221625 0.0626563
501 0.61069 0.197271 0.0611038
502 0.61069 0.193378 0.0585169
503 0.61069 0.205085 0.0566922
504 0.61069 0.201762 0.056851
505 0.61069 0.221388 0.0513261
506 0.61069 0.227211 0.0593266
507 0.61069 0.225873 0.057324
508 0.61069 0.239479 0.0593675
509 0.61069 0.19841 0.0543769
510 0.61069 0.250069 0.0545745
511 0.61069 0.261326 0.0527872
512 0.61069 0.278889 0.0578897
513 0.61069 0.232523 0.0570847
514 0.61069 0.22687 0.0583004
515 0.61069 0.257506 0.0620584
516 0.61069 0.215959 0.0568653
517 0.61069 0.222321 0.0624009
518 0.61069 0.203383 0.0571602
519 0.61069 0.239837 0.0580804
520 0.61069 0.19683 0.0602333
521 0.61069 0.194556 0.0576019
522 0.61069 0.216444 0.0579891
523 0.61069 0.212404 0.0563444
524 0.61069 0.209885 0.0599186
525 0.61069 0.217791 0.058864
526 0.61069 0.215889 0.0616568
527 0.61069 0.186913 0.0574847
528 0.61069 0.196011 0.0566943
529 0.61069 0.203552 0.0641546
530 0.61069 0.16506 0.0554009
531 0.61069 0.180334 0.0550561
532 0.61069 0.183933 0.0563377
533 0.61069 0.200616 0.0544489
534 0.61069 0.188542 0.0517575
535 0.61069 0.186348 0.0565005
536 0.61069 0.241237 0.0642869
537 0.61069 0.211416 0.0594934
538 0.61069 0.205561 0.0565559
539 0.61069 0.204617 0.0578046
540 0.61069 0.197818 0.0565827
541 0.61069 0.200689 0.0549411
542 0.61069 0.221285 0.0532521
543 0.61069 0.273432 0.057832
544 0.61069 0.250041 0.0511211
545 0.61069 0.221057 0.056135
546 0.61069 0.231526 0.0570686
547 0.61069 0.228841 0.0549734
548 0.61069 0.209742 0.0520496
549 0.61069 0.210012 0.0542105
550 0.610952 0.229422 0.0530511
551 0.610952 0.24926 0.0541918
552 0.610952 0.251351 0.056387
553 0.610952 0.251402 0.0504731
554 0.610952 0.191814 0.0515666
555 0.610952 0.234259 0.0543039
556 0.610952 0.24042 0.0551463
557 0.610952 0.259359 0.0562862
558 0.610952 0.244689 0.051044
559 0.610952 0.226265 0.0491546
560 0.610952 0.226904 0.0546644
561 0.610952 0.233979 0.055152
562 0.610952 0.229645 0.0570466
563 0.610952 0.223454 0.0588807
564 0.610952 0.215485 0.0523441
565 0.610952 0.234808 0.0561293
566 0.610952 0.244975 0.0601539
567 0.610952 0.237081 0.0556843
568 0.610952 0.215886 0.0544693
569 0.610952 0.221452 0.0541467
570 0.610952 0.202661 0.0503832
571 0.610952 0.18441 0.0539076
572 0.610952 0.217275 0.0597833
573 0.610952 0.19266 0.0517331
574 0.610952 0.210747 0.0582014
575 0.610952 0.208341 0.0564549
576 0.610952 0.213676 0.0559959
577 0.610952 0.225395 0.0555976
578 0.610952 0.194532 0.0580789
579 0.610952 0.205098 0.0541524
580 0.610952 0.205099 0.0612623
581 0.610952 0.221718 0.057925
582 0.610952 0.215332 0.0521521
583 0.610952 0.208022 0.0536528
584 0.610952 0.23207 0.058571
585 0.610952 0.232394 0.0553795
586 0.610952 0.246459 0.0525195
587 0.610952 0.206025 0.0531457
588 0.610952 0.209479 0.050523
589 0.610952 0.224226 0.0518013
590 0.610952 0.252508 0.0575431
591 0.610952 0.233821 0.0530036
592 0.610952 0.262575 0.0557092
593 0.610952 0.225033 0.0561674
594 0.610952 0.258876 0.0528059
595 0.610952 0.236885 0.0534123
596 0.610952 0.224736 0.0522653
597 0.610952 0.220976 0.0524312
598 0.610952 0.198514 0.0519337
599 0.610952 0.201731 0.0581483
600 0.610952 0.200248 0.0558078
601 0.610952 0.212261 0.0517017
602 0.610952 0.230391 0.0529502
603 0.610952 0.221976 0.0559885
604 0.610952 0.239961 0.0543034
605 0.610952 0.237725 0.0538375
606 0.610952 0.217505 0.0528226
607 0.610952 0.238004 0.0520292
608 0.610952 0.238759 0.057615
609 0.610952 0.237972 0.0552572
610 0.610952 0.230917 0.057918
611 0.610952 0.23378 0.0579429
612 0.610952 0.219664 0.0527296
613 0.610952 0.219622 0.0524848
614 0.610952 0.226142 0.0568539
615 0.610952 0.20748 0.0548838
616 0.610952 0.229223 0.0534802
617 0.610952 0.18424 0.0518155
618 0.610952 0.197705 0.0549241
619 0.610952 0.210426 0.0558761
620 0.610952 0.204626 0.053743
621 0.610952 0.197749 0.0556101
622 0.610952 0.204954 0.0522864
623 0.610952 0.195227 0.0535936
624 0.610952 0.2071 0.0543666
625 0.610952 0.227512 0.0552117
626 0.610952 0.224242 0.0548522
627 0.610952 0.19765 0.0554569
628 0.610952 0.194996 0.0568938
629 0.610952 0.196177 0.0575895
630 0.610952 0.199773 0.0595249
631 0.610952 0.186913 0.0555666
632 0.610952 0.183015 0.0531274
633 0.610952 0.163796 0.0519015
634 0.610952 0.152014 0.0505253
635 0.610952 0.197848 0.0546897
636 0.610952 0.221084 0.0599885
637 0.610952 0.203188 0.0565786
638 0.610952 0.205042 0.0552026
639 0.610952 0.171743 0.0494521
640 0.610952 0.192055 0.053091
641 0.610952 0.20009 0.0555991
642 0.610952 0.164062 0.0502771
643 0.610952 0.195799 0.0583524
644 0.610952 0.222114 0.0583855
645 0.610952 0.209607 0.0544961
646 0.610952 0.213099 0.0583277
647 0.610952 0.217386 0.0574928
648 0.610952 0.196087 0.055593
649 0.610952 0.216275 0.057048
650 0.610952 0.223339 0.0545185
651 0.610952 0.210768 0.0571401
652 0.610952 0.220656 0.0583132
653 0.610952 0.195337 0.0551833
654 0.610952 0.1681 0.0502
655 0.610952 0.175577 0.055241
656 0.610952 0.170728 0.0549045
657 0.610952 0.223223 0.0560869
658 0.610952 0.220722 0.0587785
659 0.610952 0.236018 0.0584975
660 0.610952 0.246732 0.0575818
661 0.610952 0.227248 0.0594093
662 0.610952 0.242092 0.0575982
663 0.610952 0.236299 0.0571498
664 0.610952 0.229492 0.0570589
665 0.610952 0.239209 0.0576428
666 0.610952 0.205792 0.0559131
667 0.610952 0.232227 0.0613783
668 0.610952 0.220127 0.0556326
669 0.610952 0.249927 0.057486
670 0.610952 0.208748 0.0545578
671 0.61107 0.236126 0.0528386
672 0.61107 0.19955 0.0550889
673 0.61107 0.213011 0.0595069
674 0.61107 0.228015 0.0548052
675 0.61107 0.194939 0.0565967
676 0.61107 0.216293 0.0577257
677 0.61107 0.22379 0.0543416
678 0.61107 0.222376 0.0555484
679 0.61107 0.23878 0.0515411
680 0.61107 0.24041 0.0587663
681 0.61107 0.232976 0.0563963
682 0.61107 0.214139 0.0580782
683 0.61107 0.234672 0.0567547
684 0.61107 0.237403 0.0594262
685 0.61107 0.196568 0.0563007
686 0.61107 0.215047 0.0564415
687 0.61107 0.226251 0.0570391
688 0.61107 0.261638 0.0584019
689 0.61107 0.220926 0.0540772
690 0.61107 0.243831 0.0535545
691 0.61107 0.233214 0.054059
692 0.61107 0.218918 0.0560702
693 0.61107 0.256176 0.0597159
694 0.61107 0.202632 0.0569867
695 0.61107 0.207995 0.0572985
696 0.61107 0.215375 0.0562487
697 0.61107 0.214484 0.056889
698 0.61107 0.201782 0.0538553
699 0.61107 0.208016 0.0602014
700 0.61107 0.228718 0.0569819
701 0.61107 0.209979 0.0568286
702 0.61107 0.222129 0.0571326
703 0.61107 0.222483 0.0534069
704 0.61107 0.216693 0.0544497
705 0.61107 0.216868 0.0534891
706 0.61107 0.220982 0.050814
707 0.61107 0.215854 0.0551927
708 0.61107 0.204697 0.0507163
709 0.61107 0.199205 0.0528661
710 0.61107 0.210501 0.0565642
711 0.61107 0.190392 0.057266
712 0.61107 0.214608 0.0564691
713 0.61107 0.231825 0.0583198
714 0.61107 0.214233 0.0568529
715 0.61107 0.221224 0.0589279
716 0.61107 0.198605 0.0557911
717 0.61107 0.212894 0.0605578
718 0.61107 0.182604 0.0563548
719 0.61107 0.196545 0.0548302
720 0.61107 0.186795 0.052306
721 0.61107 0.187448 0.052682
722 0.61107 0.18915 0.0553285
723 0.61107 0.159585 0.0522729
724 0.61107 0.159999 0.0521785
725 0.61107 0.197011 0.0574466
726 0.61107 0.203012 0.0611278
727 0.61107 0.232587 0.0585397
728 0.61107 0.217067 0.0613671
729 0.61107 0.210523 0.0616212
730 0.61107 0.214076 0.0596022
731 0.61107 0.191406 0.0563997
732 0.61107 0.186883 0.0588783
733 0.61107 0.18071 0.0559506
734 0.61107 0.187387 0.054854
735 0.61107 0.210347 0.0609501
736 0.61107 0.227553 0.0605791
737 0.61107 0.210617 0.0553475
738 0.61107 0.210626 0.0560137
739 0.61107 0.217416 0.0592971
740 0.61107 0.188219 0.0520803
741 0.61107 0.206894 0.0531355
742 0.61107 0.203527 0.0577241
743 0.61107 0.232692 0.0586751
744 0.61107 0.209514 0.0608075
745 0.61107 0.227883 0.0553406
746 0.61107 0.212621 0.0540123
747 0.61107 0.207433 0.0556808
748 0.61107 0.2142 0.052796
749 0.61107 0.207295 0.057297
750 0.61107 0.183176 0.0573933
751 0.61107 0.209478 0.0543108
752 0.61107 0.207567 0.0586552
753 0.61107 0.183472 0.0534315
754 0.61107 0.179057 0.0555781
755 0.61107 0.217257 0.0581308
756 0.61107 0.206719 0.0538722
757 0.61107 0.189529 0.0519702
758 0.61107 0.202625 0.0554179
759 0.61107 0.239469 0.0554654
760 0.61107 0.219176 0.0583236
761 0.61107 0.209735 0.0556102
762 0.61107 0.21988 0.0566649
763 0.61107 0.230037 0.0534477
764 0.61107 0.233203 0.0537473
765 0.61107 0.196893 0.0511721
766 0.61107 0.199812 0.0567539
767 0.61107 0.210968 0.0531758
768 0.61107 0.200037 0.0565885
769 0.61107 0.175756 0.0521377
770 0.61107 0.180399 0.0537116
771 0.61107 0.206739 0.0588098
772 0.61107 0.178045 0.055691
773 0.61107 0.194318 0.0580268
774 0.61107 0.181513 0.0522937
775 0.61107 0.16823 0.0514169
776 0.61107 0.18226 0.0510744
777 0.61107 0.180991 0.051438
778 0.61107 0.211054 0.0543904
779 0.61107 0.175549 0.050676
780 0.61107 0.181352 0.0505845
781 0.61107 0.187501 0.0533325
782 0.61107 0.202817 0.0558943
783 0.61107 0.196918 0.0550585
784 0.61107 0.224054 0.0574859
785 0.61107 0.204164 0.0563584
786 0.61107 0.192324 0.0572637
787 0.61107 0.20586 0.0560379
788 0.61107 0.185347 0.0559807
789 0.61107 0.205239 0.0540416
790 0.61107 0.18704 0.0570216
791 0.61107 0.184476 0.0575168
792 0.61107 0.202504 0.0595062
793 0.61107 0.211953 0.0566124
794 0.61107 0.2247 0.0549616
795 0.61107 0.215047 0.0547
796 0.61107 0.205548 0.0569687
797 0.61107 0.195838 0.0562667
798 0.61107 0.189366 0.0551517
799 0.61107 0.193828 0.0560809
800 0.61107 0.201599 0.0561905
801 0.61107 0.172321 0.051374
802 0.61107 0.18833 0.0547394
803 0.61107 0.192851 0.0548345
804 0.61107 0.159709 0.0516263
805 0.61107 0.159451 0.0577851
806 0.61107 0.163208 0.0559229
807 0.61107 0.179436 0.0577537
808 0.61107 0.156463 0.0570572
809 0.61107 0.179748 0.0570445
810 0.61107 0.174433 0.0551052
811 0.61107 0.189374 0.0533425
812 0.61107 0.206414 0.0587239
813 0.61107 0.178638 0.0535296
814 0.61107 0.192542 0.0535115
815 0.61107 0.200036 0.0565054
816 0.61107 0.224192 0.05741
817 0.61107 0.222406 0.053749
818 0.61107 0.194087 0.0568655
819 0.61107 0.198342 0.0549941
820 0.61107 0.196495 0.0580204
821 0.61107 0.18217 0.0551191
822 0.61107 0.17455 0.0575697
823 0.61107 0.206154 0.0582558
824 0.61107 0.216968 0.0574233
825 0.61107 0.193168 0.0581075
826 0.61107 0.186717 0.0568032
827 0.61107 0.206422 0.0563782
828 0.61107 0.191667 0.056044
829 0.61107 0.192686 0.0554066
830 0.61107 0.218303 0.0529633
831 0.61107 0.209761 0.0540394
832 0.61107 0.186326 0.0530324
833 0.61107 0.172065 0.0491839
834 0.61107 0.209781 0.0511962
835 0.61107 0.232001 0.0553121
836 0.61107 0.200321 0.0558247
837 0.61107 0.202166 0.0548575
838 0.61107 0.212344 0.0556425
839 0.61107 0.190314 0.0571799
840 0.61107 0.193211 0.0550294
841 0.61107 0.220924 0.0608127
842 0.61107 0.206117 0.0563179
843 0.61107 0.191364 0.0535419
844 0.61107 0.20236 0.0509758
845 0.61107 0.217249 0.0530323
846 0.61107 0.221342 0.0626483
847 0.61107 0.215767 0.0567611
848 0.61107 0.209295 0.0591897
849 0.61107 0.226628 0.0546606
850 0.61107 0.229612 0.0531373
851 0.61107 0.219752 0.0537816
852 0.61107 0.192881 0.0526985
853 0.61107 0.214956 0.0548026
854 0.61107 0.238231 0.0608511
855 0.61107 0.222223 0.0561031
856 0.61107 0.205991 0.0523673
857 0.61107 0.194555 0.0550173
858 0.61107 0.206561 0.0532216
859 0.61107 0.199216 0.0558893
860 0.61107 0.205736 0.058583
861 0.61107 0.184319 0.0542205
862 0.61107 0.198 0.0542403
863 0.61107 0.196477 0.0570057
864 0.61107 0.2218 0.059451
865 0.61107 0.224238 0.0609366
866 0.61107 0.221841 0.0558196
867 0.61107 0.210822 0.0578225
868 0.61107 0.204845 0.0562549
869 0.61107 0.219977 0.0558569
870 0.61107 0.210001 0.0588162
871 0.61107 0.218272 0.0528848
872 0.61107 0.188926 0.051323
873 0.61107 0.205877 0.0535709
874 0.61107 0.206805 0.0534644
875 0.61107 0.192773 0.0540823
876 0.61107 0.209692 0.0523334
877 0.61107 0.227132 0.0565174
878 0.61107 0.224853 0.0586576
879 0.61107 0.228604 0.0588139
880 0.61107 0.241252 0.0547076
881 0.61107 0.217928 0.0605947
882 0.61107 0.198045 0.051219
883 0.61107 0.206311 0.054488
884 0.61107 0.224902 0.0554186
885 0.61107 0.207522 0.0552875
886 0.61107 0.206351 0.055878
887 0.61107 0.189688 0.0526549
888 0.61107 0.197864 0.0536027
889 0.61107 0.222639 0.054129
890 0.61107 0.199586 0.0508331
891 0.61107 0.178946 0.0494215
892 0.61107 0.214434 0.0534725
893 0.61107 0.210151 0.0520805
894 0.61107 0.22266 0.0478868
895 0.61107 0.199154 0.0518996
896 0.61107 0.179985 0.0489709
897 0.61107 0.175022 0.0481349
898 0.61107 0.181291 0.0548806
899 0.61107 0.201684 0.0576138
900 0.61107 0.202419 0.0566469
901 0.61107 0.218413 0.0496201
902 0.61107 0.208677 0.0525127
903 0.61107 0.218003 0.0523342
904 0.61107 0.199288 0.0542412
905 0.61107 0.215176 0.0579089
906 0.61107 0.21077 0.0545666
907 0.61107 0.210333 0.0524675
908 0.61107 0.235343 0.0554644
909 0.61107 0.198235 0.0554345
910 0.61107 0.185989 0.0533708
911 0.61107 0.189991 0.0547436
912 0.61107 0.202048 0.0510771
913 0.61107 0.181717 0.0495641
914 0.61107 0.171014 0.0524614
915 0.61107 0.165023 0.0492054
916 0.61107 0.183467 0.0501058
917 0.61107 0.195875 0.0534168
918 0.61107 0.183538 0.0521175
919 0.61107 0.195778 0.0517275
920 0.61107 0.19793 0.0473996
921 0.61107 0.237868 0.0484462
922 0.61107 0.255667 0.0493797
923 0.61107 0.243727 0.0494908
924 0.61107 0.278273 0.0550087
925 0.61107 0.247709 0.0606914
926 0.61107 0.263674 0.0559404
927 0.61107 0.230694 0.0521108
928 0.61107 0.226745 0.0573768
929 0.61107 0.205149 0.056701
930 0.61107 0.20352 0.0564213
931 0.61107 0.235852 0.0579553
932 0.61107 0.228594 0.0566415
933 0.61107 0.20815 0.0529211
934 0.61107 0.211341 0.051996
935 0.61107 0.199887 0.0525202
936 0.61107 0.165463 0.0486522
937 0.61107 0.179974 0.0534343
938 0.61107 0.208529 0.0567342
939 0.61107 0.202391 0.0557001
940 0.61107 0.189464 0.060114
941 0.61107 0.21703 0.058933
942 0.61107 0.203371 0.0576296
943 0.61107 0.213756 0.0546166
944 0.61107 0.177082 0.0532155
945 0.61107 0.193186 0.055924
946 0.61107 0.189353 0.0588289
947 0.61107 0.239145 0.0577555
948 0.61107 0.216167 0.0569088
949 0.61107 0.199564 0.0542654
950 0.61107 0.209913 0.0554542
951 0.61107 0.210113 0.0596996
952 0.61107 0.215322 0.0587364
953 0.61107 0.204715 0.0579769
954 0.61107 0.187884 0.0549533
955 0.61107 0.215754 0.0586415
956 0.61107 0.219491 0.0571268
957 0.61107 0.209431 0.0562507
958 0.61107 0.229007 0.0576871
959 0.61107 0.257429 0.0542575
960 0.61107 0.239691 0.0552547
961 0.61107 0.22777 0.0491452
962 0.61107 0.239515 0.054331
963 0.61107 0.21973 0.0569245
964 0.61107 0.22128 0.0542581
965 0.61107 0.216477 0.0568582
966 0.61107 0.229271 0.054246
967 0.61107 0.235063 0.0522278
968 0.61107 0.232615 0.0524089
969 0.61107 0.227846 0.0568041
970 0.61107 0.247967 0.0593999
971 0.61107 0.221025 0.0546296
972 0.61107 0.239799 0.058437
973 0.61107 0.235335 0.0555037
974 0.61107 0.23593 0.0581125
975 0.61107 0.233099 0.0569582
976 0.61107 0.22823 0.0570053
977 0.61107 0.22904 0.0547973
978 0.61107 0.230266 0.0548493
979 0.61107 0.234855 0.0586515
980 0.61107 0.232497 0.0563064
981 0.61107 0.227932 0.0576876
982 0.61107 0.228109 0.0560481
983 0.61107 0.228219 0.0556444
984 0.61107 0.219208 0.054522
985 0.61107 0.236598 0.0547407
986 0.61107 0.216787 0.0555759
987 0.61107 0.217877 0.0542984
988 0.61107 0.206474 0.0558641
989 0.61107 0.232122 0.0579106
990 0.61107 0.230628 0.0590034
991 0.61107 0.209146 0.0577304
992 0.61107 0.215467 0.0555083
993 0.61107 0.20662 0.0501506
994 0.61107 0.216658 0.0511034
995 0.61107 0.189059 0.0489826
996 0.61107 0.176519 0.0523293
997 0.61107 0.20344 0.0540255
998 0.61107 0.203696 0.0479588
999 0.61107 0.222286 0.0517247
1000 0.61107 0.222464 0.0533248
