0 0.125239 0.0578241 0.00390045
1 0.125276 0.0714951 0.00385437
2 0.125276 0.0779427 0.00367858
3 0.125276 0.0806075 0.00357066
4 0.125276 0.0840238 0.00346823
5 0.126207 0.0840372 0.00347334
6 0.126207 0.0901398 0.00318729
7 0.136531 0.0940912 0.00295433
8 0.136531 0.0890663 0.00325219
9 0.136531 0.0940874 0.0029584
10 0.136531 0.0943139 0.0029226
11 0.136531 0.0940645 0.0029625
12 0.136531 0.0952538 0.00289092
13 0.136531 0.10049 0.00249725
14 0.276642 0.105622 0.00251196
15 0.276642 0.101142 0.00293496
16 0.351373 0.102015 0.00365053
17 0.351373 0.105257 0.00345334
18 0.351373 0.0996782 0.00436942
19 0.351373 0.10381 0.00456994
20 0.375255 0.113511 0.0048499
21 0.375255 0.102083 0.00599693
22 0.375255 0.094141 0.00706431
23 0.380921 0.103496 0.0083951
24 0.381222 0.103459 0.00938813
25 0.381222 0.106714 0.00984092
26 0.500606 0.119285 0.0119066
26 0.495462 0.0500744 0.0153962
27 0.509541 0.0548562 0.0178536
28 0.509541 0.0579797 0.0188167
29 0.509541 0.0594227 0.020029
30 0.509541 0.0547828 0.0185634
31 0.509541 0.0530191 0.0193205
32 0.527831 0.0626653 0.0221859
33 0.527831 0.0747683 0.0253594
34 0.527831 0.0700813 0.024133
35 0.527831 0.0710285 0.0255254
36 0.527831 0.0730654 0.0264154
37 0.527831 0.0682681 0.0247995
38 0.527831 0.0623112 0.0239897
39 0.534275 0.0720542 0.0274258
40 0.534275 0.0728819 0.0273176
41 0.534275 0.063378 0.024116
42 0.534275 0.0707758 0.0267245
43 0.534275 0.0825566 0.030483
44 0.534275 0.0918504 0.031835
45 0.534275 0.0788723 0.0279919
46 0.534275 0.0841664 0.031428
47 0.534275 0.0761053 0.0285385
48 0.558381 0.0760012 0.0304666
49 0.558381 0.0813681 0.0289706
50 0.558381 0.0723308 0.027874
51 0.558381 0.0889045 0.0314082
52 0.558381 0.0775817 0.0284907
53 0.558381 0.0883761 0.032097
54 0.558381 0.0854731 0.0332683
55 0.558381 0.0713474 0.0283887
56 0.558381 0.0738117 0.0292809
57 0.558381 0.0973468 0.0351737
58 0.558381 0.0766036 0.0310763
59 0.558381 0.0853665 0.0308674
60 0.559864 0.0840903 0.0336782
61 0.559864 0.0798191 0.0327057
62 0.566296 0.0780877 0.0318807
63 0.566296 0.0780064 0.0302134
64 0.566296 0.0729184 0.0307642
65 0.566296 0.0813864 0.0324822
66 0.566296 0.0735452 0.0296737
67 0.566296 0.0852071 0.0344155
68 0.570655 0.0967337 0.0354916
69 0.570655 0.080961 0.0340461
70 0.570655 0.0803151 0.0332086
71 0.570655 0.0860522 0.0343103
72 0.570655 0.0747038 0.0335524
73 0.570655 0.0864259 0.0358928
74 0.570655 0.0820984 0.0340392
75 0.570655 0.08483 0.035177
76 0.570655 0.0781398 0.0336821
77 0.570655 0.0810107 0.0339442
78 0.570655 0.0772594 0.0322321
79 0.570655 0.0786874 0.0338535
80 0.587714 0.0866202 0.0373048
81 0.587714 0.0871794 0.034837
82 0.587714 0.0995592 0.0414498
83 0.587714 0.088895 0.0376034
84 0.587714 0.083097 0.0366974
85 0.587714 0.0877354 0.0357095
86 0.587714 0.0844088 0.0338748
87 0.587714 0.0890089 0.0382046
88 0.587714 0.0804824 0.0338232
89 0.587714 0.103891 0.0383198
90 0.587714 0.0955984 0.0405192
91 0.587714 0.0924512 0.0379989
92 0.587714 0.0972122 0.0379022
93 0.587714 0.0982976 0.0371837
94 0.587714 0.100341 0.0405036
95 0.587714 0.0887652 0.0378751
96 0.587714 0.0863379 0.0385103
97 0.587714 0.0964131 0.0382592
98 0.587714 0.0980885 0.0386396
99 0.587714 0.0845703 0.0388047
100 0.587714 0.0839506 0.0390698
101 0.587714 0.0958477 0.0404523
102 0.587714 0.106551 0.0427296
103 0.587714 0.0919104 0.0391024
104 0.587714 0.0923148 0.0381306
105 0.587714 0.0865527 0.0367661
106 0.587714 0.0848352 0.0356883
107 0.587714 0.0918903 0.0397894
108 0.587714 0.0970937 0.0418027
109 0.587714 0.106033 0.0415203
110 0.587745 0.114607 0.0443608
111 0.587745 0.101273 0.0385835
112 0.587745 0.0983376 0.042187
113 0.587745 0.0983881 0.0400544
114 0.587745 0.083999 0.0383352
115 0.587745 0.108837 0.0429379
116 0.587745 0.10657 0.0415546
117 0.587745 0.0868355 0.0345454
118 0.587745 0.0843529 0.0336538
119 0.587745 0.0802507 0.032675
120 0.587745 0.101301 0.0391904
121 0.587745 0.10745 0.0418432
122 0.587745 0.100887 0.0405635
123 0.587745 0.0910225 0.0397038
124 0.587745 0.101191 0.0427331
125 0.587745 0.102316 0.0426941
126 0.587745 0.0918071 0.0373011
127 0.587745 0.0964567 0.0410096
128 0.587745 0.0963188 0.0400935
129 0.587745 0.0792574 0.0361611
130 0.587745 0.0840067 0.0372207
131 0.587745 0.090323 0.0407708
132 0.587745 0.0925199 0.0398671
133 0.587745 0.0869736 0.0382475
134 0.587745 0.0805465 0.0351339
135 0.589288 0.0995403 0.0429775
136 0.589288 0.0912499 0.0389301
137 0.589288 0.0840454 0.0348336
138 0.589288 0.0829798 0.0350444
139 0.589288 0.0942955 0.0391537
140 0.589288 0.107971 0.0437688
141 0.589288 0.0961414 0.0402333
142 0.592014 0.0993211 0.0429816
143 0.592014 0.0920584 0.0388436
144 0.592014 0.094162 0.0387411
145 0.592014 0.0933775 0.0374125
146 0.592014 0.108416 0.0455504
147 0.592014 0.0806214 0.0360881
148 0.592014 0.0839154 0.0348029
149 0.592014 0.086167 0.0373393
150 0.592014 0.0945222 0.0404494
151 0.592014 0.106138 0.0454898
152 0.592014 0.0913681 0.0391582
153 0.592014 0.0978349 0.0393141
154 0.592014 0.10517 0.0439943
155 0.592014 0.0899002 0.0380918
156 0.592014 0.0944896 0.0399934
157 0.592014 0.0923442 0.0406136
158 0.592014 0.0774057 0.0358254
159 0.592014 0.0659337 0.032458
160 0.592014 0.0634595 0.0319845
161 0.592014 0.0875569 0.038247
162 0.592014 0.0778246 0.034623
163 0.592014 0.0981398 0.0378794
164 0.592014 0.0922489 0.0383099
165 0.592014 0.0970004 0.0414569
166 0.592014 0.127677 0.0478157
167 0.592014 0.12767 0.0470775
168 0.592014 0.100982 0.0402962
169 0.592014 0.12298 0.0460079
170 0.592014 0.0901736 0.0404504
171 0.599428 0.11608 0.0470772
172 0.599428 0.0879202 0.0379302
173 0.599428 0.0910686 0.0391485
174 0.599428 0.0930117 0.0397148
175 0.599428 0.0853515 0.0388317
176 0.599428 0.0935011 0.0378618
177 0.599428 0.103986 0.0439514
178 0.599428 0.0892162 0.0405016
179 0.599428 0.0833123 0.0361203
180 0.599428 0.0885039 0.038817
181 0.599428 0.0873632 0.0389655
182 0.599428 0.0914629 0.04002
183 0.599428 0.086076 0.0390467
184 0.599428 0.0934959 0.0390122
185 0.599428 0.0988676 0.040772
186 0.599428 0.103389 0.0428324
187 0.599428 0.102325 0.0385063
188 0.599428 0.109871 0.0423771
189 0.599428 0.095898 0.0404737
190 0.599428 0.0854716 0.0379514
191 0.599428 0.0923664 0.0405117
192 0.599428 0.093333 0.0405002
193 0.599428 0.101554 0.0425473
194 0.599428 0.0995425 0.044017
195 0.599428 0.110683 0.0460737
196 0.599428 0.0980814 0.0424223
197 0.599428 0.0943374 0.0381389
198 0.599428 0.0861538 0.0392054
199 0.599428 0.0951481 0.0407428
200 0.599428 0.0938645 0.0400297
201 0.599428 0.091154 0.0386841
202 0.599428 0.0908492 0.0373949
203 0.599428 0.0851491 0.0383222
204 0.599428 0.0836022 0.0363566
205 0.599428 0.114017 0.0460641
206 0.599428 0.0873281 0.0384996
207 0.599428 0.0895421 0.0410604
208 0.599428 0.0843318 0.0357369
209 0.599428 0.068181 0.0341698
210 0.599428 0.091764 0.0402186
211 0.599428 0.086931 0.0387059
212 0.599428 0.0905313 0.0386561
213 0.599428 0.0978549 0.0442345
214 0.599428 0.115744 0.0490851
215 0.600825 0.100038 0.0423504
216 0.600825 0.0950053 0.0402419
217 0.600825 0.10231 0.0442223
218 0.600825 0.0979395 0.0395851
219 0.600825 0.0904658 0.037461
220 0.600825 0.0846936 0.0374027
221 0.600825 0.10744 0.0425116
222 0.600825 0.120946 0.0466321
223 0.600825 0.124956 0.0474981
224 0.600825 0.0998999 0.04359
225 0.600825 0.100351 0.0432438
226 0.600825 0.0896231 0.0411651
227 0.600825 0.0950374 0.0426607
228 0.600825 0.0853244 0.0370111
229 0.600825 0.0749483 0.0351941
230 0.600825 0.0931664 0.0423649
231 0.600825 0.106016 0.0435891
232 0.600825 0.119137 0.0470168
233 0.600825 0.110658 0.0468251
234 0.600825 0.098449 0.0432088
235 0.600825 0.102098 0.0415557
236 0.600825 0.0884832 0.0415409
237 0.600825 0.0742584 0.0360542
238 0.600825 0.0709394 0.0340131
239 0.600825 0.0809638 0.03701
240 0.600825 0.0826032 0.0388206
241 0.600825 0.0810686 0.0375405
242 0.600825 0.100894 0.0427049
243 0.600997 0.0908275 0.0416717
244 0.600997 0.107116 0.0464296
245 0.600997 0.115156 0.0446976
246 0.600997 0.0931381 0.0385937
247 0.600997 0.103502 0.0421919
248 0.600997 0.0969382 0.0416448
249 0.600997 0.0928107 0.0419279
250 0.600997 0.0752937 0.0365146
251 0.600997 0.0745056 0.0359683
252 0.600997 0.0849685 0.0377188
253 0.600997 0.0944505 0.0428691
254 0.600997 0.0939313 0.0418171
255 0.600997 0.110273 0.0474866
256 0.600997 0.098264 0.0424592
257 0.600997 0.0932404 0.0410799
258 0.600997 0.101421 0.0423823
259 0.600997 0.106539 0.0456082
260 0.600997 0.110511 0.0440309
261 0.600997 0.0987135 0.0401147
262 0.600997 0.0974332 0.0447503
263 0.600997 0.0999205 0.0435089
264 0.600997 0.112769 0.0452655
265 0.600997 0.115984 0.0462409
266 0.600997 0.111046 0.0433168
267 0.600997 0.103016 0.0432622
268 0.600997 0.102728 0.0402392
269 0.600997 0.0947702 0.0403899
270 0.600997 0.102345 0.0432549
271 0.600997 0.0934754 0.041244
272 0.600997 0.0972376 0.0414892
273 0.600997 0.099936 0.0398896
274 0.600997 0.092615 0.0392333
275 0.600997 0.11031 0.0452704
276 0.600997 0.0873011 0.0384134
277 0.600997 0.106603 0.042043
278 0.600997 0.0883995 0.0385728
279 0.600997 0.116533 0.0479067
280 0.600997 0.11119 0.0458147
281 0.600997 0.10058 0.0434247
282 0.600997 0.0888475 0.0381221
283 0.600997 0.0936228 0.0375964
284 0.600997 0.0944375 0.0413993
285 0.600997 0.112892 0.0452302
286 0.600997 0.112919 0.0422554
287 0.600997 0.106043 0.042008
288 0.600997 0.12641 0.0445737
289 0.600997 0.103592 0.0405775
290 0.600997 0.0996027 0.0407803
291 0.600997 0.0855393 0.0349968
292 0.600997 0.110807 0.044196
293 0.600997 0.110933 0.0435047
294 0.600997 0.0917265 0.0390274
295 0.600997 0.109776 0.0452398
296 0.600997 0.0948204 0.0389413
297 0.600997 0.118985 0.0476996
298 0.600997 0.101617 0.0444342
299 0.600997 0.0967644 0.0409692
300 0.600997 0.100008 0.0404902
301 0.600997 0.0974226 0.0418565
302 0.600997 0.0813106 0.0378432
303 0.600997 0.106524 0.0431505
304 0.600997 0.0968283 0.0418901
305 0.600997 0.0923723 0.0383234
306 0.600997 0.0941892 0.0385227
307 0.600997 0.100911 0.0409484
308 0.600997 0.104743 0.0434165
309 0.600997 0.0946982 0.039697
310 0.600997 0.0973827 0.0413601
311 0.600997 0.115568 0.0462056
312 0.600997 0.0972797 0.0419309
313 0.600997 0.0797651 0.0361118
314 0.600997 0.0977669 0.0411309
315 0.600997 0.080203 0.0379833
316 0.600997 0.0937514 0.0406878
317 0.601342 0.103613 0.0446597
318 0.601342 0.0897602 0.0382812
319 0.601342 0.0942816 0.0411853
320 0.601342 0.0944601 0.0419083
321 0.601342 0.0805873 0.035332
322 0.601342 0.103345 0.0389341
323 0.601342 0.0889895 0.0381942
324 0.601342 0.105601 0.0442692
325 0.601342 0.10787 0.0450697
326 0.601342 0.10048 0.0420988
327 0.601342 0.0966402 0.0418851
328 0.601342 0.117753 0.0461416
329 0.601342 0.0921031 0.0382864
330 0.601342 0.103332 0.0459184
331 0.601342 0.0863644 0.0389994
332 0.601342 0.111116 0.0456743
333 0.601342 0.125112 0.0499796
334 0.60209 0.101851 0.0448725
335 0.60209 0.0818754 0.0386355
336 0.60209 0.0911075 0.0399578
337 0.60209 0.0930174 0.0407836
338 0.60209 0.0909913 0.0414088
339 0.60209 0.0960314 0.040227
340 0.60209 0.0833385 0.0375058
341 0.60209 0.0981769 0.0408201
342 0.60209 0.105818 0.0433167
343 0.60209 0.095945 0.0405333
344 0.60209 0.106479 0.0432266
345 0.60209 0.0905261 0.0369006
346 0.60209 0.111829 0.0430592
347 0.60209 0.0725245 0.0347611
348 0.60209 0.085538 0.0363716
349 0.60209 0.0782867 0.0374213
350 0.60209 0.104459 0.0447992
351 0.60209 0.101917 0.0410184
352 0.60209 0.104702 0.043726
353 0.60209 0.0914776 0.0403511
354 0.60209 0.0915221 0.0375523
355 0.60209 0.0974137 0.0420583
356 0.60209 0.0966807 0.0398701
357 0.60209 0.0938612 0.0403181
358 0.60209 0.102008 0.0442263
359 0.60209 0.0995887 0.0400348
360 0.60209 0.0887001 0.0407546
361 0.60209 0.103128 0.0402352
362 0.60209 0.125517 0.0482382
363 0.60209 0.113772 0.0451558
364 0.60209 0.109754 0.0446771
365 0.60209 0.104964 0.043113
366 0.60209 0.13227 0.0488666
367 0.60209 0.119202 0.0442988
368 0.60209 0.0938522 0.0392541
369 0.60209 0.0933605 0.03908
370 0.60209 0.0987619 0.0403865
371 0.60209 0.112164 0.0444248
372 0.60209 0.120951 0.0471257
373 0.60209 0.108293 0.0457738
374 0.60209 0.114266 0.0465053
375 0.60209 0.103314 0.0449511
376 0.60209 0.107749 0.0448249
377 0.60209 0.103937 0.0445092
378 0.60209 0.1081 0.0410039
379 0.60209 0.0941492 0.0376013
380 0.60209 0.10582 0.0428249
381 0.60209 0.127604 0.048273
382 0.60209 0.114117 0.0459804
383 0.60209 0.0870643 0.0395772
384 0.60209 0.0896377 0.0404468
385 0.60209 0.101748 0.04466
386 0.60209 0.0859005 0.038924
387 0.60209 0.0961372 0.0424156
388 0.60209 0.103591 0.0420829
389 0.60209 0.0981138 0.042137
390 0.60209 0.0956786 0.0391633
391 0.60209 0.0879184 0.0398215
392 0.60209 0.102575 0.0405918
393 0.60209 0.0940896 0.0396621
394 0.60209 0.0772006 0.0357429
395 0.60209 0.0914891 0.0406287
396 0.60209 0.089595 0.0420123
397 0.60209 0.0880827 0.0388746
398 0.60209 0.0921994 0.0416187
399 0.60209 0.0979049 0.042222
400 0.60209 0.105993 0.0417845
401 0.60209 0.111565 0.0445752
402 0.60209 0.113 0.0440765
403 0.60209 0.0858741 0.037271
404 0.60209 0.0920283 0.042899
405 0.60209 0.0859697 0.036763
406 0.60209 0.0948405 0.0387403
407 0.60209 0.0986927 0.0415365
408 0.60209 0.0843343 0.0349211
409 0.60209 0.10139 0.0437836
410 0.60209 0.0988074 0.039797
411 0.60209 0.107535 0.0444448
412 0.60209 0.0711988 0.0343099
413 0.60209 0.0806212 0.0375262
414 0.60209 0.0920558 0.0406177
415 0.60209 0.112063 0.0482794
416 0.60209 0.108222 0.0450326
417 0.60209 0.111001 0.0442948
418 0.60209 0.124377 0.0515395
419 0.60209 0.110403 0.0449601
420 0.60209 0.111211 0.0439427
421 0.60209 0.112295 0.0462371
422 0.60209 0.107403 0.0440605
423 0.60209 0.0965756 0.0433933
424 0.60209 0.0904143 0.0398427
425 0.60209 0.103442 0.0442866
426 0.60209 0.107312 0.0410199
427 0.60209 0.108854 0.0448323
428 0.60209 0.0945605 0.0409994
429 0.60209 0.0908838 0.0368141
430 0.60209 0.0819857 0.0347041
431 0.602454 0.100249 0.0448295
432 0.602454 0.107091 0.0432871
433 0.602454 0.101206 0.0407153
434 0.602454 0.1028 0.0424805
435 0.602454 0.111011 0.0458763
436 0.602454 0.0967545 0.0426584
437 0.602454 0.0824816 0.0380527
438 0.602454 0.0898984 0.0407929
439 0.602454 0.0863345 0.0377079
440 0.602454 0.0727668 0.0341182
441 0.602454 0.0859648 0.0402789
442 0.602454 0.0828606 0.0382692
443 0.602454 0.120052 0.0481695
444 0.602454 0.0909634 0.0399462
445 0.602454 0.0989462 0.0399512
446 0.602454 0.103769 0.042644
447 0.602454 0.118643 0.0449661
448 0.602454 0.109455 0.0463566
449 0.602454 0.117827 0.0451703
450 0.602454 0.118878 0.0484252
451 0.602454 0.0942933 0.0378804
452 0.602454 0.106774 0.0413091
453 0.602454 0.124861 0.0465177
454 0.602454 0.0989641 0.0406529
455 0.602454 0.105085 0.0435686
456 0.602454 0.116295 0.0455133
457 0.602454 0.110596 0.045061
458 0.602454 0.111448 0.045617
459 0.602454 0.116863 0.0470517
460 0.602454 0.0984575 0.0438767
461 0.602454 0.117982 0.0449755
462 0.602454 0.120813 0.0486579
463 0.602454 0.121653 0.046417
464 0.602454 0.102861 0.0450749
465 0.602454 0.109173 0.0463374
466 0.602454 0.120162 0.0467629
467 0.602454 0.115469 0.0457678
468 0.602454 0.109171 0.043299
469 0.602454 0.108303 0.0440455
470 0.602454 0.0818141 0.0383849
471 0.602454 0.0909752 0.0420424
472 0.602454 0.0971486 0.0425765
473 0.602454 0.104897 0.0426015
474 0.602454 0.0848689 0.0373623
475 0.602454 0.110937 0.0461113
476 0.602454 0.102208 0.0425362
477 0.602454 0.107795 0.0443592
478 0.602454 0.109434 0.0428668
479 0.602454 0.0937059 0.0373755
480 0.602454 0.118956 0.0481223
481 0.602454 0.103385 0.0426778
482 0.602454 0.101141 0.0413586
483 0.602454 0.115462 0.0479506
484 0.602454 0.100886 0.0410627
485 0.60247 0.120856 0.0456082
486 0.60247 0.0919458 0.0405974
487 0.60247 0.122422 0.0473151
488 0.60247 0.12188 0.0468844
489 0.60247 0.103967 0.0432974
490 0.60247 0.115511 0.0428243
491 0.60247 0.101944 0.0435619
492 0.60247 0.0836999 0.0372462
493 0.60247 0.11217 0.0426617
494 0.60247 0.113294 0.0449774
495 0.602664 0.116488 0.0446147
496 0.602664 0.101967 0.039848
497 0.602664 0.0888313 0.0396105
498 0.602664 0.103015 0.0419441
499 0.602664 0.122985 0.050801
500 0.602664 0.11215 0.0444308
501 0.602664 0.111475 0.0445411
502 0.602664 0.0952091 0.0398546
503 0.602664 0.0924484 0.0371154
504 0.602664 0.0986841 0.0400267
505 0.602664 0.105804 0.0389248
506 0.602664 0.0895845 0.0386736
507 0.602664 0.0967334 0.0411768
508 0.602664 0.0992707 0.0402104
509 0.602664 0.0990157 0.0453287
510 0.602664 0.100881 0.0416069
511 0.602664 0.101649 0.0432292
512 0.602664 0.10106 0.0401239
513 0.602664 0.101922 0.0407666
514 0.602664 0.102332 0.0426145
515 0.603043 0.11881 0.0483046
516 0.603043 0.0854843 0.0386105
517 0.603043 0.10415 0.0419229
518 0.603043 0.098994 0.0426044
519 0.603043 0.0863104 0.0373202
520 0.603043 0.0718301 0.0346771
521 0.603043 0.088442 0.0392903
522 0.603043 0.0962746 0.0408115
523 0.603043 0.0975809 0.0439418
524 0.603043 0.107545 0.0469853
525 0.603043 0.0818689 0.0363053
526 0.603043 0.10193 0.0436573
527 0.603043 0.102896 0.0439361
528 0.603043 0.111757 0.0483471
529 0.603043 0.102538 0.0412509
530 0.603043 0.110465 0.0437869
531 0.603043 0.0946672 0.0385405
532 0.603043 0.117569 0.0436185
533 0.603043 0.119315 0.0448329
534 0.603043 0.102724 0.0458547
535 0.603043 0.0889478 0.0391312
536 0.603043 0.0820131 0.0370857
537 0.603043 0.0965037 0.0411543
538 0.603043 0.0915796 0.0386111
539 0.603043 0.104716 0.0421248
540 0.603043 0.0931976 0.0390511
541 0.603043 0.0803586 0.0374328
542 0.603043 0.0983102 0.0443754
543 0.603043 0.0923424 0.0401211
544 0.603043 0.087978 0.0405455
545 0.603043 0.0821419 0.0361014
546 0.603043 0.0813053 0.0369189
547 0.603043 0.0987517 0.0393264
548 0.603043 0.0881236 0.0395714
549 0.603043 0.0846577 0.0367449
550 0.603043 0.0850986 0.0359703
551 0.603043 0.0850608 0.0379556
552 0.603043 0.0941407 0.0415718
553 0.603043 0.101567 0.0438286
554 0.603043 0.0844479 0.0390474
555 0.603043 0.089044 0.0408646
556 0.603043 0.11215 0.0471591
557 0.603043 0.096234 0.0420317
558 0.603043 0.0910228 0.0379117
559 0.603043 0.0804767 0.0369902
560 0.603043 0.0913665 0.0413943
561 0.603043 0.0995605 0.0442037
562 0.603043 0.0883819 0.0421829
563 0.603043 0.102181 0.0464464
564 0.603043 0.0761439 0.034898
565 0.603043 0.09198 0.0418073
566 0.603043 0.0870437 0.0388859
567 0.603043 0.114443 0.0469376
568 0.603043 0.101009 0.0404171
569 0.603043 0.100995 0.0430204
570 0.603043 0.0926649 0.0403361
571 0.603043 0.0956354 0.0388999
572 0.603043 0.100171 0.0432246
573 0.603043 0.0906881 0.038829
574 0.603043 0.0945268 0.0414019
575 0.603043 0.0959158 0.0434676
576 0.603043 0.103328 0.0413211
577 0.603043 0.1363 0.0510369
578 0.603043 0.108299 0.0478601
579 0.603043 0.0942781 0.0405566
580 0.603043 0.115936 0.0461228
581 0.603043 0.111793 0.0463976
582 0.603043 0.11783 0.0474595
583 0.603043 0.1394 0.0499655
584 0.603043 0.113171 0.0440291
585 0.603043 0.0981515 0.0392464
586 0.603043 0.111229 0.0440522
587 0.603043 0.102662 0.041947
588 0.603043 0.0879189 0.0388171
589 0.603043 0.115597 0.0458461
590 0.603043 0.113342 0.0474967
591 0.603043 0.097001 0.0424395
592 0.603043 0.092725 0.0401003
593 0.603043 0.109937 0.0449016
594 0.603043 0.0963856 0.0435132
595 0.603043 0.0840596 0.0371691
596 0.603043 0.0962928 0.0398379
597 0.603043 0.0974085 0.040502
598 0.603043 0.0890964 0.0380999
599 0.603043 0.0923777 0.0420196
600 0.603043 0.0987843 0.0401273
601 0.603043 0.0962177 0.0401151
602 0.603043 0.0929029 0.0393649
603 0.603043 0.094867 0.0424956
604 0.603043 0.093943 0.0393695
605 0.603043 0.0879965 0.0354492
606 0.603043 0.0946605 0.0403995
607 0.603043 0.0946633 0.0378004
608 0.603043 0.0988411 0.0407049
609 0.603043 0.110477 0.0469471
610 0.603043 0.113631 0.0488045
611 0.603043 0.0969128 0.0414485
612 0.603043 0.0987952 0.0412188
613 0.603043 0.0956452 0.0408184
614 0.603043 0.107245 0.0440025
615 0.603043 0.0988337 0.0400177
616 0.603043 0.0864261 0.0395783
617 0.603043 0.0876344 0.0385558
618 0.603043 0.0960639 0.0432022
619 0.603043 0.0916106 0.0374386
620 0.603043 0.117083 0.0480613
621 0.603043 0.107855 0.0440154
622 0.603043 0.0930399 0.0394569
623 0.603043 0.0849766 0.0379857
624 0.603043 0.0913625 0.0376388
625 0.603043 0.105377 0.0416516
626 0.603043 0.0859939 0.0378683
627 0.603043 0.10503 0.0411934
628 0.603043 0.104214 0.0415407
629 0.603043 0.118554 0.0434716
630 0.603043 0.102686 0.0453616
631 0.603043 0.0928942 0.0426688
632 0.603043 0.0906406 0.0404921
633 0.603043 0.109513 0.0444263
634 0.603043 0.0883281 0.0403737
635 0.603043 0.108637 0.0417518
636 0.603043 0.112675 0.0445516
637 0.603043 0.0996407 0.041626
638 0.603043 0.0870951 0.038811
639 0.603043 0.0939436 0.0381896
640 0.603043 0.0902623 0.0385753
641 0.603043 0.0859431 0.03765
642 0.603043 0.0865254 0.0389047
643 0.603043 0.0874942 0.0388938
644 0.603043 0.0904248 0.0401013
645 0.603043 0.0804594 0.0358903
646 0.603043 0.0894917 0.0406504
647 0.603043 0.0894175 0.0426827
648 0.603043 0.082212 0.0395958
649 0.603043 0.0857737 0.0390358
650 0.603043 0.0821537 0.0376785
651 0.603043 0.102285 0.0432801
652 0.603043 0.0941197 0.0415033
653 0.603043 0.0880758 0.0399164
654 0.603043 0.111978 0.0446948
655 0.603043 0.0865171 0.0372895
656 0.603043 0.105195 0.0427679
657 0.603043 0.0937126 0.0387631
658 0.603043 0.0921675 0.039543
659 0.603043 0.11421 0.0429748
660 0.603043 0.112699 0.0451539
661 0.603043 0.0872251 0.0372539
662 0.603043 0.0887076 0.0390761
663 0.603043 0.0942527 0.0417005
664 0.603043 0.105583 0.0449447
665 0.603043 0.0908032 0.0390018
666 0.603043 0.0925541 0.0406879
667 0.603043 0.0921233 0.037963
668 0.603043 0.099485 0.0405479
669 0.603043 0.0888261 0.0372405
670 0.603043 0.0969491 0.0420911
671 0.603043 0.096275 0.0423358
672 0.603043 0.10337 0.041622
673 0.603043 0.102764 0.0415459
674 0.603043 0.100269 0.041332
675 0.603043 0.11528 0.0466252
676 0.603043 0.0974363 0.0439135
677 0.603043 0.0912682 0.0379502
678 0.603043 0.0961559 0.0424341
679 0.603043 0.0978917 0.0407904
680 0.603043 0.0926123 0.039443
681 0.603043 0.0760278 0.0358305
682 0.603043 0.0878898 0.0385856
683 0.603043 0.0890255 0.0401573
684 0.603043 0.079217 0.0359493
685 0.603043 0.0726436 0.0338277
686 0.603043 0.0942844 0.0405211
687 0.603043 0.0898162 0.0409591
688 0.603043 0.098444 0.0392869
689 0.603043 0.096087 0.0409173
690 0.603043 0.0998357 0.0401816
691 0.603043 0.0931688 0.0386002
692 0.603043 0.101246 0.0423897
693 0.603043 0.104103 0.0413928
694 0.603043 0.111828 0.0430536
695 0.603043 0.122554 0.0458599
696 0.603043 0.112532 0.0443078
697 0.603043 0.10518 0.0423479
698 0.603043 0.0990688 0.0436075
699 0.603043 0.0994502 0.0429702
700 0.603043 0.0833869 0.038148
701 0.603043 0.0949574 0.0418428
702 0.603043 0.113656 0.0444796
703 0.603043 0.10031 0.0410525
704 0.603043 0.108914 0.043125
705 0.603043 0.121616 0.0462421
706 0.603043 0.0976373 0.039807
707 0.603477 0.111914 0.045741
708 0.603477 0.0968327 0.0427906
709 0.603477 0.0855516 0.038295
710 0.603477 0.089007 0.0376867
711 0.603477 0.0858152 0.0380459
712 0.603477 0.0814337 0.0375472
713 0.603477 0.0813398 0.0377158
714 0.603477 0.0861333 0.0377217
715 0.603477 0.0882685 0.0407089
716 0.603477 0.0916724 0.0389305
717 0.603477 0.0769997 0.0375775
718 0.603477 0.0896796 0.0391064
719 0.603477 0.0898049 0.0402243
720 0.603477 0.0897863 0.0411583
721 0.603477 0.0904114 0.0402231
722 0.603477 0.0983126 0.0446697
723 0.603477 0.0815324 0.0374414
724 0.603477 0.0805722 0.0362124
725 0.603477 0.0986781 0.0398281
726 0.603477 0.0921679 0.0384028
727 0.603477 0.0946498 0.0380939
728 0.603477 0.0896958 0.0378905
729 0.603477 0.094304 0.0396951
730 0.603477 0.0889317 0.0381532
731 0.603477 0.0794151 0.0350535
732 0.603477 0.08581 0.0363682
733 0.603477 0.110459 0.0458937
734 0.603477 0.0971552 0.0408853
735 0.603477 0.0976112 0.0393147
736 0.603477 0.0815704 0.0363781
737 0.603477 0.0966048 0.0396771
738 0.603477 0.0976059 0.0425397
739 0.603477 0.0773221 0.0372235
740 0.603477 0.0916344 0.0374608
741 0.603477 0.0903109 0.0394591
742 0.603477 0.0980494 0.0402328
743 0.603477 0.0762845 0.035826
744 0.603477 0.0954044 0.0408794
745 0.603477 0.104782 0.0410615
746 0.603477 0.092705 0.038535
747 0.603477 0.110251 0.0394051
748 0.603477 0.116505 0.0444484
749 0.603477 0.0902693 0.0390413
750 0.603477 0.109 0.0431397
751 0.603477 0.118668 0.0456547
752 0.603477 0.128537 0.0468885
753 0.603477 0.109898 0.0447366
754 0.603477 0.107263 0.0449713
755 0.603477 0.105513 0.0441211
756 0.603477 0.0970323 0.0396931
757 0.603477 0.118227 0.0432461
758 0.603477 0.0999582 0.0413763
759 0.603477 0.0840155 0.0383679
760 0.603477 0.0988912 0.0402409
761 0.603477 0.100994 0.038615
762 0.603477 0.102234 0.0416227
763 0.603477 0.0903092 0.0405529
764 0.603477 0.0933701 0.0384773
765 0.603477 0.0747322 0.0348183
766 0.603477 0.0798334 0.0346627
767 0.603477 0.100924 0.0447955
768 0.603477 0.081322 0.0353861
769 0.603477 0.0835292 0.0379035
770 0.603477 0.0854172 0.0393056
771 0.603477 0.0970317 0.0434398
772 0.603477 0.0766644 0.0346518
773 0.603477 0.0799364 0.0357942
774 0.603477 0.095397 0.0412204
775 0.603477 0.106734 0.0468217
776 0.603477 0.0967688 0.0397904
777 0.603477 0.0803795 0.0370058
778 0.603477 0.0984644 0.0416273
779 0.603477 0.0969352 0.0392834
780 0.603477 0.095224 0.040487
781 0.603477 0.0878016 0.0392974
782 0.603477 0.107929 0.0459528
783 0.603477 0.111332 0.0426132
784 0.603477 0.0807827 0.0345708
785 0.603477 0.0994741 0.0406848
786 0.603477 0.100847 0.0422028
787 0.603477 0.110897 0.0445185
788 0.603477 0.104105 0.0430547
789 0.603477 0.127611 0.0506342
790 0.603477 0.101743 0.0424776
791 0.603477 0.105992 0.0450867
792 0.603477 0.113767 0.0424301
793 0.603477 0.0975469 0.0414194
794 0.603477 0.0818014 0.0363834
795 0.603477 0.0902068 0.0398113
796 0.603477 0.0860865 0.0386042
797 0.603477 0.103661 0.039582
798 0.603477 0.0692154 0.0331626
799 0.603477 0.0907684 0.0397641
800 0.603477 0.0990592 0.040599
801 0.603477 0.121531 0.0475292
802 0.603477 0.106059 0.0396605
803 0.603477 0.100582 0.0402962
804 0.603477 0.0874223 0.0383959
805 0.603477 0.0928363 0.0407246
806 0.603477 0.0969798 0.0425743
807 0.603477 0.0945217 0.0411353
808 0.603477 0.0863709 0.0372141
809 0.603477 0.0902443 0.0397329
810 0.603477 0.102079 0.0428984
811 0.603477 0.0918612 0.039816
812 0.603477 0.105962 0.0430592
813 0.603477 0.121103 0.0470547
814 0.603477 0.110703 0.0448601
815 0.603477 0.0962957 0.0400096
816 0.603477 0.0944861 0.0373522
817 0.603477 0.135215 0.0469498
818 0.603477 0.107941 0.0402482
819 0.603477 0.102121 0.0405218
820 0.603477 0.114044 0.0451373
821 0.603477 0.0994122 0.0411747
822 0.603477 0.0907208 0.0406712
823 0.603477 0.0813363 0.0380706
824 0.603477 0.0942453 0.040464
825 0.603477 0.107065 0.0435765
826 0.603477 0.0810455 0.0370451
827 0.603477 0.0878719 0.0393793
828 0.603477 0.0800484 0.0374109
829 0.603477 0.085944 0.0388536
830 0.603477 0.0913075 0.0388082
831 0.603477 0.0943317 0.0421447
832 0.603477 0.0958921 0.0417336
833 0.603477 0.0806338 0.0364992
834 0.603477 0.0993447 0.0432783
835 0.603477 0.0838351 0.0381869
836 0.603477 0.074309 0.0356071
837 0.603477 0.101621 0.0428422
838 0.603477 0.11466 0.0445277
839 0.603477 0.0907427 0.0378661
840 0.603477 0.0851511 0.0386898
841 0.603477 0.0850277 0.0409948
842 0.603477 0.0823715 0.0367986
843 0.603477 0.0961009 0.0430536
844 0.603477 0.112482 0.046003
845 0.603477 0.102609 0.0441394
846 0.603477 0.098472 0.0433969
847 0.603477 0.089204 0.03692
848 0.603477 0.0812564 0.0355441
849 0.603477 0.106028 0.043066
850 0.603477 0.0875301 0.037914
851 0.603477 0.0929785 0.0409782
852 0.603477 0.0850562 0.038555
853 0.603477 0.0907138 0.0390778
854 0.603477 0.0890703 0.0381608
855 0.603477 0.0843271 0.0373584
856 0.603477 0.105549 0.0412901
857 0.603477 0.0880047 0.0398861
858 0.603477 0.0930298 0.0407756
859 0.603477 0.0880635 0.0391577
860 0.603477 0.0872372 0.0390528
861 0.603477 0.0945292 0.0404488
862 0.603477 0.090098 0.0405716
863 0.603477 0.103896 0.0444331
864 0.603477 0.0787445 0.03732
865 0.603477 0.0859492 0.0379519
866 0.603477 0.111128 0.0442846
867 0.603477 0.10094 0.0423111
868 0.603477 0.100624 0.0447497
869 0.603477 0.0923175 0.0405339
870 0.603477 0.104016 0.0433215
871 0.603477 0.0914949 0.0380321
872 0.603477 0.103378 0.0408173
873 0.603477 0.0908353 0.0384068
874 0.603477 0.102428 0.0416518
875 0.603477 0.10235 0.0423878
876 0.603477 0.0894369 0.0401756
877 0.603477 0.0872022 0.03977
878 0.603477 0.0902367 0.0381121
879 0.603477 0.105546 0.0437575
880 0.603477 0.116421 0.0473378
881 0.603477 0.100339 0.0416604
882 0.603477 0.113714 0.0456149
883 0.603477 0.109614 0.0459363
884 0.603477 0.107782 0.0455107
885 0.603477 0.106253 0.0427939
886 0.603477 0.104377 0.0426332
887 0.603477 0.0976442 0.0425326
888 0.603477 0.0783293 0.0370996
889 0.603477 0.0823994 0.0386084
890 0.603477 0.0832928 0.0377866
891 0.603477 0.0930754 0.0414627
892 0.603477 0.0820972 0.0386768
893 0.603477 0.0888862 0.0392241
894 0.603477 0.101172 0.0413321
895 0.603477 0.112181 0.0464984
896 0.603477 0.0891515 0.0401863
897 0.603477 0.0920616 0.0399042
898 0.603477 0.0890605 0.0397734
899 0.603477 0.0913852 0.0388795
900 0.603477 0.0876456 0.0409851
901 0.603477 0.0913849 0.0383887
902 0.603477 0.0871768 0.0360504
903 0.603477 0.082079 0.0378884
904 0.603477 0.0982978 0.0427812
905 0.603477 0.0820532 0.0360636
906 0.603477 0.098287 0.0420472
907 0.603477 0.0850317 0.0386838
908 0.603477 0.0692926 0.0350332
909 0.603477 0.0731616 0.03599
910 0.603477 0.0659917 0.0334687
911 0.603477 0.0664062 0.0346491
912 0.603477 0.0835479 0.0380551
913 0.603477 0.0919819 0.0429996
914 0.603477 0.0851418 0.0406658
915 0.603477 0.0928699 0.0435172
916 0.603477 0.0749381 0.037482
917 0.603477 0.0810925 0.038389
918 0.603477 0.0771234 0.036949
919 0.603477 0.0877877 0.0405513
920 0.603477 0.0931111 0.0402801
921 0.603477 0.0943234 0.0417346
922 0.603477 0.102615 0.0430935
923 0.603477 0.101068 0.0418689
924 0.603477 0.0824622 0.0382137
925 0.603477 0.0889165 0.0395519
926 0.603477 0.0990553 0.0454672
927 0.603477 0.0887516 0.0407476
928 0.603477 0.0812419 0.0355354
929 0.603477 0.0869886 0.0365001
930 0.603477 0.103773 0.0424207
931 0.603477 0.0937753 0.0401953
932 0.603477 0.107123 0.0436217
933 0.603477 0.0775473 0.0350017
934 0.603477 0.0813587 0.0387773
935 0.603477 0.0869741 0.0387667
936 0.603477 0.0949202 0.0420471
937 0.603477 0.0805327 0.0363541
938 0.603477 0.0809723 0.0374511
939 0.603477 0.102829 0.041778
940 0.603477 0.115504 0.0454432
941 0.603477 0.0918282 0.0391287
942 0.603477 0.0940783 0.0410356
943 0.603477 0.0951422 0.0401671
944 0.603477 0.0780615 0.0369029
945 0.603477 0.0915897 0.0414898
946 0.603477 0.100973 0.0445743
947 0.603477 0.0941256 0.0398914
948 0.603477 0.0896021 0.0386615
949 0.603477 0.118562 0.0472811
950 0.603477 0.103378 0.0431429
951 0.603477 0.0976039 0.040025
952 0.603477 0.0955013 0.0407472
953 0.603477 0.101795 0.0424912
954 0.603477 0.0908929 0.0407516
955 0.603477 0.0777167 0.0366964
956 0.603477 0.0779744 0.0361301
957 0.603477 0.0852603 0.0381835
958 0.603477 0.0860774 0.038252
959 0.603477 0.0851669 0.0365589
960 0.603477 0.0981609 0.046046
961 0.603477 0.0805824 0.0371881
962 0.603477 0.0899635 0.0392656
963 0.603477 0.0994828 0.0395252
964 0.603477 0.0931057 0.0389638
965 0.603477 0.0940563 0.0385211
966 0.603477 0.0783528 0.036242
967 0.603477 0.0967054 0.0432501
968 0.603477 0.0914319 0.041521
969 0.603477 0.101702 0.0438526
970 0.603477 0.0876651 0.039853
971 0.603477 0.0895972 0.0406425
972 0.603477 0.0925097 0.0405006
973 0.603477 0.0991595 0.0421917
974 0.603477 0.0771358 0.0345863
975 0.603477 0.0812671 0.0375232
976 0.603477 0.0946014 0.0404414
977 0.603477 0.101848 0.0420527
978 0.603477 0.0802506 0.0396626
979 0.603477 0.0832378 0.0391559
980 0.603477 0.0752906 0.035965
981 0.603477 0.103197 0.0437095
982 0.603477 0.103966 0.0422606
983 0.603477 0.0827777 0.0360991
984 0.603477 0.0844821 0.0366294
985 0.603477 0.0914139 0.0386471
986 0.603477 0.102497 0.0428969
987 0.603477 0.10523 0.0440218
988 0.603477 0.0994296 0.043534
989 0.603477 0.0978301 0.0426871
990 0.603477 0.0991133 0.0411231
991 0.603477 0.0988468 0.0398258
992 0.603477 0.106269 0.0425529
993 0.603477 0.0872978 0.0396665
994 0.603477 0.0821818 0.0366973
995 0.603477 0.0878699 0.0356363
996 0.603477 0.094559 0.0378193
997 0.603477 0.0970596 0.0397927
998 0.603477 0.103021 0.0433834
999 0.603477 0.0938089 0.0412983
1000 0.603477 0.103803 0.0411781
