0 0.12526 0.0588293 0.0039374
1 0.125268 0.0701038 0.00389563
2 0.125268 0.0738955 0.00382007
3 0.125268 0.0760408 0.00372378
4 0.125276 0.0852245 0.00342335
5 0.125276 0.0839669 0.00347786
6 0.125276 0.0877039 0.00330554
7 0.125276 0.0865117 0.00335898
8 0.125276 0.0914056 0.00310955
9 0.125276 0.0916676 0.00306806
10 0.125276 0.0963856 0.00280008
11 0.125276 0.101385 0.00243429
12 0.125276 0.0904188 0.00313616
13 0.125276 0.0927066 0.00302854
14 0.125276 0.0989659 0.0026075
15 0.125278 0.10265 0.00233052
16 0.125278 0.0988935 0.00261998
17 0.125278 0.105177 0.00211501
18 0.125278 0.105157 0.00212098
19 0.125278 0.11138 0.00154865
20 0.125278 0.111391 0.00154895
21 0.125278 0.115201 0.00114845
22 0.125278 0.115157 0.00116151
23 0.125278 0.11016 0.00166656
24 0.125278 0.111407 0.00154584
25 0.125278 0.115143 0.00116373
26 0.125278 0.116401 0.0010271
27 0.125278 0.117651 0.000892448
28 0.125278 0.115137 0.00116439
29 0.125278 0.115149 0.00116154
30 0.125278 0.112638 0.00142394
31 0.125278 0.113975 0.00127984
32 0.125278 0.111525 0.00151922
33 0.125278 0.112729 0.001405
34 0.125278 0.108997 0.00176835
35 0.125278 0.109458 0.00168561
36 0.413199 0.120525 0.00176575
37 0.413199 0.124273 0.00131182
38 0.413199 0.121763 0.00161679
39 0.413199 0.129279 0.00161092
40 0.420814 0.128495 0.00297446
41 0.420814 0.130988 0.00263491
42 0.420814 0.133858 0.00228997
43 0.500739 0.135696 0.00403059
43 0.494717 0.0203753 0.007605
44 0.494717 0.0298102 0.00958414
45 0.494717 0.0446278 0.013579
46 0.494717 0.0587421 0.019543
47 0.494717 0.0677234 0.0247448
48 0.537695 0.0829742 0.0287096
49 0.537695 0.100487 0.0328753
50 0.548887 0.0955075 0.0334446
51 0.548887 0.107247 0.0375278
52 0.551 0.116757 0.0395148
53 0.563198 0.107645 0.0374416
54 0.563198 0.106121 0.0351269
55 0.563198 0.118598 0.0396932
56 0.563198 0.127742 0.0413912
57 0.563198 0.135159 0.0435264
58 0.565742 0.10717 0.03749
59 0.565742 0.124308 0.037957
60 0.565742 0.110946 0.0393846
61 0.565742 0.118201 0.0441044
62 0.565742 0.133917 0.0452418
63 0.587336 0.150166 0.0434293
64 0.587336 0.131345 0.0418437
65 0.587336 0.114631 0.0375586
66 0.587336 0.105186 0.0372708
67 0.587336 0.120551 0.0404289
68 0.587336 0.111718 0.0369423
69 0.587336 0.118405 0.0411508
70 0.587336 0.10603 0.0365589
71 0.587336 0.145547 0.0462283
72 0.587336 0.12533 0.0400104
73 0.587336 0.131913 0.0449614
74 0.587336 0.131208 0.0413683
75 0.587336 0.127556 0.0419683
76 0.587336 0.127473 0.040142
77 0.587336 0.127232 0.0380186
78 0.587336 0.131728 0.0417805
79 0.587336 0.121535 0.0360116
80 0.587336 0.131252 0.0400355
81 0.587336 0.135875 0.0396333
82 0.587336 0.151562 0.0437967
83 0.587336 0.157402 0.0467174
84 0.587336 0.153694 0.0466095
85 0.587336 0.138147 0.0470545
86 0.587336 0.139074 0.0477332
87 0.588296 0.142301 0.0503658
88 0.588296 0.138703 0.0452053
89 0.588296 0.134801 0.0428698
90 0.588296 0.131432 0.0462049
91 0.588296 0.127648 0.0413226
92 0.588296 0.145427 0.0472281
93 0.588296 0.124214 0.0426519
94 0.588296 0.143532 0.0491017
95 0.5886 0.150242 0.0490609
96 0.5886 0.155497 0.0494831
97 0.5886 0.153269 0.0462549
98 0.5886 0.129582 0.0443607
99 0.5886 0.147828 0.0493036
100 0.5886 0.147397 0.0457868
101 0.5886 0.152708 0.0493985
102 0.5886 0.164512 0.0490634
103 0.5886 0.176918 0.0526272
104 0.5886 0.142747 0.0480946
105 0.589637 0.142727 0.0452984
106 0.590643 0.168623 0.0517915
107 0.590643 0.164143 0.051181
108 0.590643 0.158766 0.0504132
109 0.590643 0.17688 0.0531382
110 0.590643 0.163838 0.0525825
111 0.590643 0.146785 0.0517059
112 0.590643 0.158095 0.0471314
113 0.590643 0.170754 0.0488801
114 0.590643 0.186221 0.0542538
115 0.590643 0.178216 0.0529621
116 0.590643 0.17029 0.0505453
117 0.590643 0.17211 0.0457864
118 0.590643 0.181704 0.0473661
119 0.597895 0.178254 0.0484906
120 0.597895 0.175372 0.0522843
121 0.597895 0.179951 0.0545407
122 0.597895 0.186382 0.0532103
123 0.597895 0.193282 0.0544518
124 0.597895 0.172078 0.0498034
125 0.597895 0.175882 0.0492988
126 0.597895 0.173767 0.0444641
127 0.597895 0.171155 0.0480225
128 0.597895 0.153576 0.0470922
129 0.597895 0.172311 0.0440035
130 0.597895 0.152703 0.0475402
131 0.597895 0.186425 0.0506237
132 0.597895 0.20194 0.0515072
133 0.597895 0.191364 0.0495369
134 0.597895 0.181409 0.0474537
135 0.597895 0.179586 0.0503227
136 0.597895 0.205607 0.0526221
137 0.597895 0.201386 0.0529248
138 0.597895 0.167443 0.0442026
139 0.599152 0.187107 0.0564605
140 0.599152 0.19135 0.0519467
141 0.599152 0.196212 0.0544964
142 0.599152 0.205912 0.0540228
143 0.599152 0.18478 0.0534918
144 0.599152 0.182864 0.0482007
145 0.599152 0.188887 0.053887
146 0.599152 0.179774 0.0484924
147 0.599152 0.206004 0.0520673
148 0.60056 0.183007 0.0570963
149 0.60056 0.208539 0.0564915
150 0.600635 0.219987 0.0541366
151 0.606441 0.175678 0.0508852
152 0.606441 0.186189 0.0479151
153 0.606441 0.19312 0.0531538
154 0.606441 0.16239 0.0466129
155 0.606441 0.185229 0.0499951
156 0.606441 0.181377 0.0500259
157 0.606441 0.190015 0.0500744
158 0.606441 0.187642 0.0487519
159 0.606441 0.195646 0.0485765
160 0.606441 0.160157 0.0472948
161 0.606441 0.194411 0.0524699
162 0.606441 0.208804 0.0572295
163 0.606441 0.195917 0.0510595
164 0.606441 0.196219 0.0519385
165 0.606441 0.187809 0.0484383
166 0.606441 0.182381 0.0493045
167 0.606441 0.193824 0.051407
168 0.606441 0.195722 0.0502563
169 0.606441 0.197767 0.047397
170 0.606441 0.194142 0.0523674
171 0.606441 0.196341 0.0512103
172 0.606441 0.186413 0.0485539
173 0.606441 0.234119 0.0527138
174 0.606441 0.190497 0.0488348
175 0.606441 0.191476 0.0473402
176 0.606441 0.163078 0.0434195
177 0.606441 0.177532 0.0506635
178 0.606441 0.193826 0.0523407
179 0.606441 0.20293 0.0522311
180 0.606441 0.188416 0.0514458
181 0.606441 0.176488 0.0499348
182 0.606441 0.197986 0.0536037
183 0.606441 0.198926 0.0495705
184 0.606441 0.180158 0.0474393
185 0.606441 0.176449 0.0538043
186 0.606441 0.169137 0.0471183
187 0.606441 0.205918 0.0537595
188 0.606441 0.186426 0.0511568
189 0.606441 0.200201 0.0549033
190 0.606441 0.173624 0.0513907
191 0.606441 0.197324 0.054828
192 0.606441 0.173777 0.0534837
193 0.606441 0.167181 0.0528
194 0.606441 0.183476 0.050143
195 0.609116 0.179459 0.053302
196 0.609116 0.175714 0.04876
197 0.609116 0.173258 0.0494617
198 0.609116 0.177153 0.0501323
199 0.609116 0.183092 0.0506622
200 0.609116 0.171999 0.0549501
201 0.609116 0.174011 0.0517152
202 0.609116 0.197597 0.0541072
203 0.609116 0.199245 0.0559445
204 0.609116 0.169732 0.0501563
205 0.609116 0.150182 0.0482184
206 0.609116 0.13622 0.0471171
207 0.609116 0.175434 0.0578444
208 0.609116 0.191482 0.0580763
209 0.609116 0.195197 0.0546322
210 0.609459 0.183539 0.0502773
211 0.609459 0.190291 0.0521444
212 0.609459 0.200036 0.053085
213 0.609459 0.204717 0.0509778
214 0.609459 0.19198 0.0449093
215 0.609459 0.207716 0.0519418
216 0.609459 0.223517 0.0517405
217 0.609459 0.227018 0.0517006
218 0.609459 0.185299 0.0534345
219 0.609459 0.182944 0.051948
220 0.609459 0.202109 0.0530876
221 0.610103 0.204364 0.0496056
222 0.610103 0.209176 0.0512383
223 0.610103 0.212967 0.0500197
224 0.610103 0.202241 0.0522716
225 0.610103 0.202212 0.0510974
226 0.610103 0.201338 0.0532917
227 0.610103 0.20476 0.0519194
228 0.610103 0.209046 0.0496982
229 0.610103 0.223513 0.046666
230 0.610103 0.206065 0.051238
231 0.610103 0.177354 0.0469871
232 0.610103 0.205346 0.0506156
233 0.610103 0.210081 0.051326
234 0.610103 0.209438 0.0502475
235 0.610103 0.197028 0.050826
236 0.610103 0.21146 0.0480713
237 0.610103 0.221158 0.0490363
238 0.610103 0.23055 0.0538775
239 0.610103 0.186577 0.0476152
240 0.610103 0.191853 0.0507897
241 0.610103 0.202048 0.0541615
242 0.610103 0.193065 0.0483873
243 0.610103 0.168178 0.0488597
244 0.610103 0.206111 0.0579043
245 0.610103 0.204929 0.0548791
246 0.610103 0.21406 0.0476853
247 0.610103 0.189018 0.0501019
248 0.610103 0.16306 0.0492066
249 0.610103 0.176941 0.0502122
250 0.610103 0.196392 0.0558334
251 0.610103 0.214947 0.0523124
252 0.610103 0.196408 0.0529387
253 0.610103 0.200531 0.0538424
254 0.610103 0.199551 0.050541
255 0.610103 0.207912 0.0514756
256 0.610103 0.209496 0.0536976
257 0.610103 0.219126 0.0536774
258 0.610103 0.213815 0.0539721
259 0.610103 0.192406 0.0520932
260 0.610103 0.17626 0.0507067
261 0.610103 0.167136 0.0510809
262 0.610103 0.164211 0.0503926
263 0.610103 0.202716 0.0521676
264 0.610103 0.196656 0.0544355
265 0.610103 0.191453 0.0530048
266 0.610103 0.159738 0.0502134
267 0.610103 0.165387 0.0551246
268 0.610103 0.16944 0.0549416
269 0.610103 0.202704 0.056303
270 0.610103 0.182493 0.0524171
271 0.610103 0.166414 0.0509547
272 0.610103 0.183551 0.0545059
273 0.610103 0.208557 0.047699
274 0.610103 0.198952 0.0552368
275 0.610103 0.195798 0.0554319
276 0.610103 0.18694 0.0516381
277 0.610103 0.180448 0.0509198
278 0.610103 0.191216 0.0543061
279 0.610103 0.186882 0.0498652
280 0.610103 0.18489 0.050643
281 0.610103 0.178876 0.0513272
282 0.610103 0.167508 0.0503275
283 0.610103 0.183937 0.0506403
284 0.610103 0.181345 0.0492057
285 0.610103 0.194079 0.0532858
286 0.610103 0.21226 0.0532631
287 0.610103 0.165849 0.0462892
288 0.610103 0.183711 0.0543589
289 0.610103 0.177882 0.0526216
290 0.610103 0.171034 0.0525009
291 0.610103 0.182729 0.0483389
292 0.610103 0.192812 0.0524574
293 0.610103 0.171479 0.0478739
294 0.610103 0.167099 0.0464184
295 0.61025 0.185071 0.0544774
296 0.61025 0.176547 0.0491986
297 0.61025 0.169385 0.0506371
298 0.61025 0.1879 0.0543887
299 0.61025 0.191642 0.0519079
300 0.61025 0.18018 0.0523086
301 0.61025 0.190873 0.0520735
302 0.61025 0.181491 0.0529884
303 0.61025 0.199373 0.0564479
304 0.61025 0.181751 0.0533289
305 0.61025 0.19874 0.0525978
306 0.61025 0.194669 0.0496859
307 0.61025 0.182223 0.0525391
308 0.61025 0.212091 0.0554347
309 0.61025 0.196821 0.0510864
310 0.61025 0.194257 0.0542562
311 0.61025 0.178968 0.0484513
312 0.61025 0.192893 0.0530556
313 0.61025 0.187455 0.0502204
314 0.61025 0.176489 0.0509164
315 0.61025 0.190565 0.0530653
316 0.61025 0.17576 0.0515846
317 0.61025 0.183046 0.0520058
318 0.61025 0.220497 0.0527969
319 0.61025 0.149164 0.0439643
320 0.61025 0.212725 0.0511962
321 0.61025 0.180266 0.0512002
322 0.61025 0.198339 0.0556493
323 0.61025 0.201421 0.0491957
324 0.61025 0.198601 0.0492351
325 0.61025 0.193486 0.0506551
326 0.61025 0.189604 0.0490884
327 0.61025 0.186114 0.050838
328 0.61025 0.218198 0.0553389
329 0.61025 0.193534 0.0539326
330 0.61025 0.19311 0.0547786
331 0.61025 0.186245 0.0521306
332 0.61025 0.208278 0.0519002
333 0.61025 0.183745 0.0542997
334 0.61025 0.179549 0.046125
335 0.61025 0.19131 0.0487839
336 0.61025 0.193122 0.0511141
337 0.61025 0.18831 0.0497372
338 0.61025 0.189872 0.0498594
339 0.61025 0.171241 0.0531276
340 0.61025 0.156031 0.0490957
341 0.61025 0.156788 0.0502585
342 0.61025 0.188392 0.0534267
343 0.61025 0.163064 0.0511539
344 0.61025 0.179279 0.0523024
345 0.61025 0.193005 0.056651
346 0.61025 0.187469 0.049603
347 0.61025 0.185707 0.0483554
348 0.61025 0.177945 0.0518489
349 0.61025 0.179287 0.0498262
350 0.61025 0.204721 0.0546829
351 0.61025 0.176863 0.0487791
352 0.61025 0.197261 0.0505056
353 0.61025 0.198046 0.0506159
354 0.61025 0.198641 0.0478186
355 0.61025 0.217745 0.0514631
356 0.61025 0.190166 0.0489748
357 0.61025 0.189767 0.0547125
358 0.61025 0.181271 0.0454417
359 0.61025 0.200966 0.0519773
360 0.61025 0.181976 0.0487634
361 0.61025 0.194209 0.0519969
362 0.61025 0.194813 0.0485917
363 0.61025 0.187607 0.0506758
364 0.61025 0.188028 0.0477154
365 0.61025 0.190284 0.0460156
366 0.61025 0.197621 0.0483255
367 0.61025 0.19872 0.0515037
368 0.61025 0.173493 0.0506982
369 0.61025 0.198714 0.0534631
370 0.61025 0.174134 0.0484663
371 0.61025 0.158905 0.0475401
372 0.61025 0.155976 0.047975
373 0.61025 0.169541 0.0535956
374 0.61025 0.162305 0.0527358
375 0.61025 0.171009 0.0546023
376 0.61025 0.164248 0.0540939
377 0.61025 0.15249 0.0485937
378 0.61025 0.159527 0.0557888
379 0.61025 0.163038 0.0534226
380 0.61025 0.169628 0.0558147
381 0.61025 0.178658 0.0571238
382 0.61025 0.155509 0.049937
383 0.61025 0.167319 0.054561
384 0.61025 0.187356 0.0516811
385 0.61025 0.173989 0.048492
386 0.61025 0.197819 0.0525352
387 0.61025 0.173599 0.0497898
388 0.61025 0.159175 0.0505813
389 0.61025 0.172403 0.0481642
390 0.61025 0.171654 0.0466844
391 0.61025 0.185483 0.0503533
392 0.61025 0.180154 0.0509747
393 0.61025 0.157521 0.045633
394 0.61025 0.175486 0.0510098
395 0.61025 0.189607 0.051787
396 0.61025 0.20266 0.0541168
397 0.61025 0.194817 0.0527648
398 0.61025 0.190483 0.0539778
399 0.61025 0.183354 0.0493841
400 0.61025 0.210047 0.0551159
401 0.61025 0.209331 0.056969
402 0.61025 0.199077 0.0568903
403 0.61025 0.216229 0.0567472
404 0.61025 0.190972 0.0553445
405 0.61025 0.175352 0.0531863
406 0.61025 0.159862 0.051704
407 0.61025 0.185199 0.0561793
408 0.61025 0.186206 0.0525493
409 0.61025 0.17092 0.0458949
410 0.61025 0.169713 0.0473106
411 0.61025 0.168132 0.0494592
412 0.61025 0.145735 0.0439504
413 0.61025 0.161855 0.0466543
414 0.61025 0.185651 0.047691
415 0.61025 0.190675 0.0493824
416 0.61025 0.167654 0.0491777
417 0.61025 0.187243 0.0475871
418 0.61025 0.169764 0.0494158
419 0.61025 0.190873 0.0528544
420 0.61025 0.180315 0.0534509
421 0.61025 0.164053 0.0492539
422 0.61025 0.184464 0.0497281
423 0.61025 0.215449 0.0494574
424 0.61025 0.251726 0.0539168
425 0.61025 0.212184 0.0540911
426 0.61025 0.222683 0.0568251
427 0.61025 0.210485 0.0496093
428 0.61025 0.215634 0.0619399
429 0.61025 0.22222 0.0562616
430 0.61025 0.248345 0.0541158
431 0.61025 0.207841 0.0521326
432 0.61025 0.219044 0.0527624
433 0.61025 0.191579 0.0490178
434 0.611702 0.179438 0.0490205
435 0.611702 0.190595 0.0506416
436 0.611702 0.20432 0.0585312
437 0.611702 0.188448 0.0582936
438 0.611702 0.205032 0.0529752
439 0.611702 0.168298 0.0525878
440 0.611702 0.168886 0.0556616
441 0.611702 0.163642 0.0523461
442 0.611702 0.16999 0.0481062
443 0.611702 0.152844 0.0483929
444 0.611702 0.190182 0.0577536
445 0.611702 0.18268 0.0547416
446 0.611702 0.182769 0.0543116
447 0.611702 0.191142 0.0517451
448 0.611702 0.174839 0.0519925
449 0.611702 0.14066 0.0435748
450 0.611702 0.179756 0.0523815
451 0.611702 0.168173 0.0497384
452 0.611702 0.164743 0.0519022
453 0.611702 0.170558 0.0493673
454 0.611702 0.190008 0.0535141
455 0.611702 0.162352 0.0489717
456 0.611702 0.193461 0.0521559
457 0.611702 0.174767 0.0506016
458 0.611702 0.211419 0.0514487
459 0.611702 0.19564 0.0550583
460 0.611702 0.199924 0.0511263
461 0.611702 0.200268 0.0488545
462 0.611702 0.196754 0.0492867
463 0.611702 0.20034 0.0502739
464 0.611702 0.20855 0.0499782
465 0.611702 0.192692 0.0535244
466 0.611702 0.188971 0.0518844
467 0.611702 0.190008 0.0514391
468 0.611702 0.183272 0.0489862
469 0.611702 0.19394 0.0496292
470 0.611702 0.180623 0.0478402
471 0.611702 0.194276 0.0471872
472 0.611702 0.196544 0.0456557
473 0.611702 0.197404 0.0515602
474 0.611702 0.200544 0.0495794
475 0.611702 0.203199 0.0519296
476 0.611702 0.207557 0.0504386
477 0.611702 0.196359 0.0511383
478 0.611702 0.200126 0.052286
479 0.611702 0.197471 0.0504345
480 0.611702 0.220431 0.0470301
481 0.611702 0.208886 0.0521225
482 0.611702 0.189722 0.0519249
483 0.611702 0.189076 0.0476575
484 0.611702 0.208775 0.052377
485 0.611702 0.217062 0.0544606
486 0.611702 0.20727 0.0536274
487 0.611702 0.222691 0.0538796
488 0.611702 0.201167 0.0495343
489 0.611702 0.197988 0.0515178
490 0.611702 0.188453 0.056464
491 0.611702 0.180764 0.0531308
492 0.611702 0.158847 0.0476367
493 0.611702 0.17843 0.0538013
494 0.611702 0.181462 0.0504933
495 0.611702 0.166046 0.0481496
496 0.611702 0.187459 0.0550022
497 0.611702 0.169118 0.0504237
498 0.611702 0.16629 0.0508217
499 0.611702 0.152688 0.0490385
500 0.611702 0.166821 0.0500196
501 0.611702 0.158185 0.0500515
502 0.611702 0.170473 0.0506136
503 0.611702 0.168933 0.0509107
504 0.611702 0.183719 0.0516185
505 0.611702 0.179514 0.0517672
506 0.611702 0.17669 0.0504531
507 0.611702 0.175445 0.0491774
508 0.611702 0.176731 0.0495648
509 0.611702 0.154596 0.0426094
510 0.611702 0.163596 0.0458643
511 0.611702 0.144837 0.0427152
512 0.611702 0.15279 0.0420906
513 0.611702 0.164964 0.0511786
514 0.611702 0.171123 0.0519285
515 0.611702 0.183301 0.0525974
516 0.611702 0.175921 0.0506975
517 0.611702 0.172446 0.054692
518 0.611702 0.175394 0.0489902
519 0.611702 0.170768 0.0476594
520 0.611702 0.172936 0.0493511
521 0.611702 0.166498 0.0470991
522 0.611702 0.167735 0.0493887
523 0.611702 0.177949 0.0498192
524 0.611702 0.229115 0.0558103
525 0.611702 0.205412 0.0527651
526 0.611702 0.157631 0.0483434
527 0.611702 0.158081 0.048158
528 0.611702 0.176821 0.051153
529 0.611702 0.184054 0.0551766
530 0.611702 0.178526 0.0525088
531 0.611702 0.156569 0.0489055
532 0.611702 0.176483 0.0519524
533 0.611702 0.173278 0.0518396
534 0.611702 0.161753 0.0461619
535 0.611702 0.167365 0.0452356
536 0.611702 0.185772 0.0463935
537 0.611702 0.194127 0.0470225
538 0.611702 0.166158 0.0456687
539 0.611702 0.19252 0.0527789
540 0.611702 0.212842 0.0555323
541 0.611702 0.205149 0.0522564
542 0.611702 0.163644 0.0513159
543 0.611702 0.166347 0.0509544
544 0.611702 0.179821 0.0520082
545 0.611702 0.191246 0.0530238
546 0.611702 0.208164 0.0550217
547 0.611702 0.186307 0.0542108
548 0.611702 0.188854 0.0554305
549 0.611702 0.175433 0.0558072
550 0.611702 0.201382 0.0631907
551 0.611702 0.188602 0.0594956
552 0.611702 0.188445 0.053944
553 0.611702 0.168504 0.0534468
554 0.611702 0.146967 0.0501846
555 0.611702 0.176302 0.0522895
556 0.611702 0.163956 0.0528916
557 0.611702 0.200611 0.0587279
558 0.611702 0.198434 0.0535682
559 0.611702 0.156605 0.0491457
560 0.611702 0.152067 0.0483953
561 0.611702 0.162744 0.0526708
562 0.611702 0.158652 0.0490815
563 0.611702 0.167099 0.0514793
564 0.611702 0.175749 0.0503589
565 0.611702 0.157557 0.0500099
566 0.611702 0.208449 0.0602253
567 0.611702 0.1797 0.05752
568 0.611702 0.15367 0.0461276
569 0.611702 0.170613 0.0529873
570 0.611702 0.17796 0.052882
571 0.611702 0.177324 0.0534987
572 0.611702 0.18386 0.0466467
573 0.611702 0.198117 0.0482578
574 0.611702 0.200714 0.0526447
575 0.611702 0.181378 0.0521417
576 0.611702 0.14979 0.0447305
577 0.611702 0.172182 0.0493824
578 0.611702 0.152796 0.0518791
579 0.611702 0.17364 0.0561692
580 0.611702 0.157998 0.0501408
581 0.611702 0.171789 0.0529621
582 0.611702 0.156858 0.0496158
583 0.611702 0.177127 0.0484334
584 0.611702 0.156481 0.0437376
585 0.611702 0.170692 0.0484718
586 0.611702 0.169743 0.050457
587 0.611702 0.162306 0.0458307
588 0.611702 0.181073 0.0479735
589 0.611702 0.195552 0.0486318
590 0.611702 0.170363 0.0481516
591 0.611702 0.176118 0.0493509
592 0.611702 0.184687 0.0572313
593 0.611702 0.170925 0.0525733
594 0.611702 0.190372 0.051583
595 0.611702 0.21282 0.0531665
596 0.611702 0.210051 0.049598
597 0.611702 0.185612 0.0486773
598 0.611702 0.178905 0.0518815
599 0.611702 0.205236 0.0489382
600 0.611702 0.251594 0.0554176
601 0.611702 0.184458 0.0517821
602 0.611702 0.184021 0.0500166
603 0.611702 0.179889 0.0534215
604 0.611702 0.189125 0.0522298
605 0.611702 0.201338 0.0522158
606 0.611702 0.202685 0.0523315
607 0.611702 0.187558 0.0480018
608 0.611702 0.169457 0.0506022
609 0.611702 0.188655 0.0530093
610 0.611702 0.185711 0.0521198
611 0.611702 0.202307 0.051886
612 0.611702 0.195461 0.0564843
613 0.611702 0.182508 0.0511316
614 0.611702 0.187878 0.0523223
615 0.611702 0.224022 0.0566421
616 0.611702 0.205998 0.0535843
617 0.611702 0.228044 0.0494801
618 0.611702 0.211268 0.0540649
619 0.611702 0.194014 0.0534176
620 0.611702 0.183041 0.0486145
621 0.611702 0.172596 0.0501258
622 0.611702 0.159892 0.0469211
623 0.611702 0.169851 0.0495091
624 0.611702 0.166523 0.0451376
625 0.611702 0.195223 0.051743
626 0.611702 0.192606 0.0563572
627 0.611702 0.194416 0.0500139
628 0.611702 0.205585 0.0551361
629 0.611702 0.20623 0.0581419
630 0.611702 0.183753 0.0542532
631 0.611702 0.203549 0.0583662
632 0.611702 0.1929 0.0542472
633 0.611702 0.193178 0.055196
634 0.611702 0.216841 0.0519426
635 0.611702 0.206444 0.0562092
636 0.611702 0.204806 0.0503885
637 0.611702 0.205341 0.0514755
638 0.611702 0.211859 0.0530683
639 0.611702 0.185234 0.0499479
640 0.611702 0.180521 0.0491627
641 0.611702 0.20047 0.05133
642 0.611702 0.207951 0.0537788
643 0.611702 0.192925 0.0579313
644 0.611702 0.204114 0.0563817
645 0.611702 0.18248 0.0530957
646 0.611702 0.199932 0.0499449
647 0.611702 0.194974 0.0553425
648 0.611702 0.203489 0.0545293
649 0.611702 0.175823 0.0514803
650 0.611702 0.201861 0.0535674
651 0.611702 0.215471 0.0561863
652 0.611702 0.20801 0.0540089
653 0.611702 0.17836 0.0453713
654 0.611702 0.205634 0.0503573
655 0.611702 0.224469 0.0565134
656 0.611702 0.209682 0.0511463
657 0.611702 0.192734 0.0531412
658 0.611702 0.214158 0.0547527
659 0.611702 0.165888 0.0493246
660 0.611702 0.213075 0.0586128
661 0.611702 0.17373 0.0518393
662 0.611702 0.161989 0.0497899
663 0.611702 0.169937 0.0508612
664 0.611702 0.157073 0.047494
665 0.611702 0.157402 0.0494733
666 0.611702 0.161841 0.0505891
667 0.611702 0.146464 0.0417373
668 0.611702 0.1847 0.0477639
669 0.611702 0.182416 0.0551549
670 0.611702 0.191805 0.0548797
671 0.611702 0.177017 0.0500432
672 0.611702 0.17785 0.0558516
673 0.611702 0.168151 0.0523942
674 0.611702 0.186103 0.0581282
675 0.611702 0.178359 0.0505187
676 0.611702 0.191766 0.0557963
677 0.611702 0.164256 0.0504454
678 0.611702 0.17787 0.0544546
679 0.611702 0.169858 0.0547932
680 0.611702 0.161015 0.0493069
681 0.611702 0.167282 0.0494137
682 0.611702 0.181094 0.0534739
683 0.611702 0.169964 0.049437
684 0.611702 0.160529 0.049851
685 0.611702 0.176375 0.0489148
686 0.611702 0.207156 0.0542
687 0.611702 0.211933 0.0562002
688 0.611702 0.205018 0.0542484
689 0.611702 0.185592 0.0525517
690 0.611702 0.228649 0.0566692
691 0.611702 0.18564 0.0484837
692 0.611702 0.191137 0.0549442
693 0.611702 0.195205 0.0508688
694 0.611702 0.204615 0.0538837
695 0.611702 0.195259 0.0510472
696 0.611702 0.200031 0.054378
697 0.611702 0.218452 0.0548687
698 0.611702 0.201291 0.0533298
699 0.611702 0.200576 0.0502934
700 0.611702 0.180984 0.056184
701 0.611702 0.206493 0.0562003
702 0.611702 0.19289 0.050071
703 0.611702 0.193638 0.0496877
704 0.611702 0.185464 0.0549416
705 0.611702 0.176083 0.0498916
706 0.611702 0.165635 0.0518291
707 0.611702 0.159018 0.0514665
708 0.611702 0.196469 0.0561576
709 0.611702 0.183603 0.0538276
710 0.611702 0.21496 0.0549834
711 0.611702 0.212344 0.0522751
712 0.611702 0.184543 0.0515585
713 0.611702 0.170571 0.0510714
714 0.611702 0.153781 0.0510836
715 0.611702 0.150998 0.0494287
716 0.611702 0.168375 0.0545609
717 0.611702 0.164233 0.0533442
718 0.611702 0.1775 0.0567991
719 0.611702 0.190212 0.056307
720 0.611702 0.18404 0.0549953
721 0.611702 0.190666 0.0535441
722 0.611702 0.1881 0.0491405
723 0.611702 0.17886 0.0526825
724 0.611702 0.202689 0.0513965
725 0.611702 0.216006 0.0537721
726 0.611702 0.207633 0.0540667
727 0.611702 0.171149 0.0477922
728 0.611702 0.176528 0.0493158
729 0.611702 0.191333 0.0523308
730 0.611702 0.162948 0.0500664
731 0.611702 0.15512 0.0444938
732 0.611702 0.181733 0.0491942
733 0.611702 0.199381 0.0515096
734 0.611702 0.218302 0.0491444
735 0.611702 0.200192 0.0498689
736 0.611702 0.214216 0.0528126
737 0.611702 0.192685 0.0495657
738 0.611702 0.191705 0.0507123
739 0.611702 0.16269 0.0466321
740 0.611702 0.173858 0.0499534
741 0.611702 0.183288 0.0529688
742 0.611702 0.18769 0.0523186
743 0.611702 0.18035 0.0484539
744 0.611702 0.198197 0.0570814
745 0.611702 0.198126 0.0517904
746 0.611702 0.17975 0.0492732
747 0.611702 0.167567 0.0531243
748 0.611702 0.176505 0.0523897
749 0.611702 0.199436 0.0527204
750 0.611702 0.203021 0.0572954
751 0.611702 0.194315 0.0530449
752 0.611702 0.198711 0.056737
753 0.611702 0.172336 0.0504861
754 0.611702 0.185493 0.0515311
755 0.611702 0.150464 0.0456721
756 0.611702 0.159892 0.0479712
757 0.611702 0.171553 0.0501469
758 0.611702 0.185286 0.0514284
759 0.611702 0.161544 0.0491253
760 0.611702 0.169515 0.0517071
761 0.611702 0.174286 0.0493644
762 0.611702 0.154019 0.0511311
763 0.611702 0.167577 0.0552838
764 0.611702 0.184613 0.0544685
765 0.611702 0.165263 0.0539423
766 0.611702 0.189303 0.056188
767 0.611702 0.194069 0.053547
768 0.611702 0.184912 0.0505695
769 0.611702 0.200965 0.0522653
770 0.611702 0.183922 0.054897
771 0.611702 0.17765 0.0534261
772 0.611702 0.18758 0.0526477
773 0.611702 0.18443 0.0524406
774 0.611702 0.166552 0.0527429
775 0.611702 0.199697 0.0536755
776 0.611702 0.188313 0.0546231
777 0.611702 0.203989 0.0564375
778 0.611702 0.208791 0.0503525
779 0.611702 0.214701 0.0519465
780 0.611702 0.193217 0.0482524
781 0.611702 0.195475 0.0530982
782 0.611702 0.187219 0.0521821
783 0.611702 0.162458 0.0486621
784 0.611702 0.19146 0.0519043
785 0.611702 0.186053 0.0527752
786 0.611702 0.171166 0.0503959
787 0.611702 0.189924 0.0524679
788 0.611702 0.179338 0.0527414
789 0.611702 0.199313 0.0520632
790 0.611702 0.166686 0.0470816
791 0.611702 0.178834 0.0480466
792 0.611702 0.186004 0.051181
793 0.611702 0.214536 0.0506588
794 0.611702 0.208701 0.0498367
795 0.611702 0.192571 0.0521841
796 0.611702 0.186598 0.0487491
797 0.611702 0.189009 0.0523691
798 0.611702 0.188144 0.0529612
799 0.611702 0.1866 0.0464008
800 0.611702 0.200034 0.04888
801 0.611702 0.192289 0.0492133
802 0.611702 0.203863 0.0504449
803 0.611702 0.21893 0.0538754
804 0.611702 0.224533 0.051464
805 0.611702 0.195596 0.0518564
806 0.611702 0.225056 0.0523349
807 0.611702 0.205291 0.0525053
808 0.611702 0.17891 0.0453749
809 0.611702 0.179972 0.0537425
810 0.611702 0.209102 0.0584087
811 0.611702 0.171519 0.049798
812 0.611702 0.162184 0.0479699
813 0.611702 0.174536 0.04987
814 0.611702 0.177494 0.0492907
815 0.611702 0.179797 0.0512848
816 0.611702 0.186285 0.0528312
817 0.611702 0.169939 0.0503133
818 0.611702 0.186921 0.04874
819 0.611702 0.167407 0.0430177
820 0.611702 0.169547 0.0465933
821 0.611702 0.187278 0.0529332
822 0.611702 0.168135 0.0493753
823 0.611702 0.167497 0.0467167
824 0.611702 0.198151 0.0512323
825 0.611702 0.211122 0.0503498
826 0.611702 0.203541 0.0491209
827 0.611702 0.187469 0.0488427
828 0.611702 0.217722 0.052852
829 0.611702 0.21753 0.0517249
830 0.611702 0.182185 0.0478592
831 0.611702 0.175021 0.0513894
832 0.611702 0.198131 0.0556972
833 0.611702 0.207875 0.052481
834 0.611702 0.210901 0.0514852
835 0.611702 0.179365 0.0470951
836 0.611702 0.208973 0.0560412
837 0.611702 0.205338 0.0593844
838 0.611702 0.176653 0.0500489
839 0.611702 0.168671 0.0515939
840 0.611702 0.161887 0.0523081
841 0.611702 0.173205 0.0539971
842 0.611702 0.188476 0.0533827
843 0.611702 0.2001 0.0520639
844 0.611702 0.215231 0.0556133
845 0.611702 0.207188 0.0559198
846 0.611702 0.205367 0.0539073
847 0.611702 0.192327 0.0523699
848 0.611702 0.174288 0.0505099
849 0.611702 0.17827 0.050743
850 0.611702 0.188733 0.0559833
851 0.611702 0.165582 0.0482932
852 0.611702 0.159387 0.0434094
853 0.611702 0.16008 0.0480246
854 0.611702 0.163355 0.044955
855 0.611702 0.157392 0.0438406
856 0.611702 0.188863 0.0508359
857 0.611702 0.195884 0.0532484
858 0.611702 0.194006 0.051723
859 0.611702 0.214261 0.0544085
860 0.611702 0.204251 0.0548636
861 0.611702 0.208792 0.0543425
862 0.611702 0.194815 0.0568869
863 0.611702 0.184532 0.0531154
864 0.611702 0.168088 0.051629
865 0.611702 0.186787 0.0546865
866 0.611702 0.156913 0.0524163
867 0.611702 0.187682 0.0585163
868 0.611702 0.167074 0.0513728
869 0.611702 0.166148 0.0538995
870 0.611702 0.161506 0.0509328
871 0.611702 0.169434 0.0507626
872 0.611702 0.171347 0.0502817
873 0.611702 0.189355 0.0527014
874 0.611702 0.182673 0.0497069
875 0.611702 0.195684 0.0542944
876 0.611702 0.186856 0.0492604
877 0.611702 0.168439 0.0513293
878 0.611702 0.206241 0.0585231
879 0.611702 0.206027 0.0589961
880 0.611702 0.218025 0.0605627
881 0.611702 0.21289 0.0599567
882 0.611702 0.187586 0.0541702
883 0.611702 0.18505 0.0528121
884 0.611702 0.198262 0.0538519
885 0.611702 0.183611 0.0528073
886 0.611702 0.199583 0.0587173
887 0.611702 0.196053 0.0526115
888 0.611702 0.200498 0.0525259
889 0.611702 0.198837 0.0474128
890 0.611702 0.18924 0.0524154
891 0.611702 0.177873 0.0485069
892 0.611702 0.151913 0.0461232
893 0.611702 0.183527 0.0477664
894 0.611702 0.188787 0.0536077
895 0.611702 0.160498 0.0483764
896 0.611702 0.172098 0.0481692
897 0.611702 0.181692 0.0551694
898 0.611702 0.193187 0.0539089
899 0.611702 0.176222 0.052701
900 0.611702 0.164039 0.047144
901 0.611702 0.183235 0.0545055
902 0.611702 0.194415 0.050318
903 0.611702 0.177864 0.0504082
904 0.611702 0.164203 0.0522575
905 0.611702 0.194992 0.053944
906 0.611702 0.211304 0.0549074
907 0.611702 0.230737 0.0508553
908 0.611702 0.220607 0.0519564
909 0.611702 0.20686 0.04766
910 0.611702 0.169918 0.0501612
911 0.611702 0.172971 0.0485288
912 0.611702 0.178584 0.0523624
913 0.611702 0.179125 0.0539702
914 0.611702 0.201324 0.0520321
915 0.611702 0.217585 0.054793
916 0.611702 0.223298 0.05339
917 0.611702 0.209729 0.0513259
918 0.611702 0.207936 0.0577243
919 0.611702 0.21365 0.0586172
920 0.611702 0.198222 0.0504414
921 0.611702 0.210554 0.0517416
922 0.611702 0.183254 0.0493372
923 0.611702 0.180722 0.0485769
924 0.611702 0.176723 0.0515894
925 0.611702 0.200732 0.052676
926 0.611702 0.192384 0.0494828
927 0.611702 0.192104 0.0507224
928 0.611702 0.196427 0.0527555
929 0.611702 0.191488 0.0475813
930 0.611702 0.21174 0.0509209
931 0.611702 0.198932 0.0514379
932 0.611702 0.202117 0.0510116
933 0.611702 0.171929 0.050795
934 0.611702 0.189911 0.0507058
935 0.611702 0.17343 0.0502307
936 0.611702 0.188633 0.0547338
937 0.611702 0.175025 0.050919
938 0.611702 0.184591 0.0559882
939 0.611702 0.173288 0.0509695
940 0.611702 0.142218 0.0478996
941 0.611702 0.150379 0.0482752
942 0.611702 0.170993 0.053086
943 0.611702 0.168518 0.0466928
944 0.611702 0.17825 0.049279
945 0.611702 0.185829 0.0490272
946 0.611702 0.167147 0.0482445
947 0.611702 0.166976 0.0484373
948 0.611702 0.170745 0.0489238
949 0.611702 0.14999 0.0472516
950 0.611702 0.162217 0.0468089
951 0.611702 0.156038 0.0449525
952 0.611702 0.206623 0.05649
953 0.611702 0.186619 0.0495566
954 0.611702 0.18411 0.0535327
955 0.611702 0.184644 0.0507436
956 0.611702 0.166233 0.0484385
957 0.611702 0.179277 0.0487677
958 0.611702 0.192513 0.0532787
959 0.611702 0.177139 0.0524597
960 0.611702 0.171806 0.0567937
961 0.611702 0.183074 0.0547265
962 0.611702 0.196401 0.0565642
963 0.611702 0.194344 0.0555626
964 0.611702 0.170329 0.0481011
965 0.611702 0.165411 0.053763
966 0.611702 0.200072 0.0598919
967 0.611702 0.197883 0.0509883
968 0.611702 0.162818 0.0478165
969 0.611702 0.170127 0.0537904
970 0.611702 0.144211 0.0464832
971 0.611702 0.153467 0.0534112
972 0.611702 0.149102 0.0483205
973 0.611702 0.171326 0.0484423
974 0.611702 0.187342 0.0471058
975 0.611702 0.169623 0.0434316
976 0.611702 0.173032 0.0456507
977 0.611702 0.1907 0.0480527
978 0.611702 0.188979 0.0502419
979 0.611702 0.177508 0.0489973
980 0.611702 0.174166 0.0498872
981 0.611702 0.191703 0.0505942
982 0.611702 0.191075 0.0523598
983 0.611702 0.196645 0.0515465
984 0.611702 0.180517 0.0493044
985 0.611702 0.224308 0.0519156
986 0.611702 0.216855 0.0536746
987 0.611702 0.22309 0.0518051
988 0.611702 0.18783 0.0517013
989 0.611702 0.18619 0.0511489
990 0.611702 0.200995 0.0521792
991 0.611702 0.168855 0.0464662
992 0.611702 0.174545 0.0485074
993 0.611702 0.168312 0.0480076
994 0.611702 0.156429 0.0427194
995 0.611702 0.18603 0.0502069
996 0.611702 0.177043 0.0494621
997 0.611702 0.198855 0.0530438
998 0.611702 0.180046 0.049365
999 0.611702 0.187629 0.0491704
1000 0.611702 0.179779 0.0489281
