0 0.28601 0.0639342 0.00438279
1 0.28601 0.0723971 0.00427239
2 0.387083 0.0806012 0.00511228
3 0.387083 0.0771217 0.00519558
4 0.387083 0.0869999 0.00482054
5 0.387083 0.0936459 0.0058301
6 0.387083 0.100738 0.00731633
7 0.512709 0.109983 0.0089881
7 0.560621 0.0343837 0.0117142
8 0.560621 0.0456059 0.0146604
9 0.560621 0.0690782 0.0210281
10 0.560621 0.0680806 0.022392
11 0.560621 0.0538827 0.0200702
12 0.560621 0.0572595 0.0207222
13 0.560621 0.0613213 0.0217364
14 0.560621 0.0902193 0.028673
15 0.560621 0.071609 0.0252481
16 0.560621 0.0686113 0.0246522
17 0.560621 0.0710711 0.0256608
18 0.560621 0.083785 0.030087
19 0.560797 0.0870665 0.0309796
20 0.560797 0.0728337 0.029207
21 0.560797 0.0715355 0.0273393
22 0.560797 0.0952 0.0340207
23 0.560797 0.0935975 0.0333814
24 0.560797 0.0887547 0.0320547
25 0.560797 0.0932058 0.0317683
26 0.560797 0.109682 0.0383435
27 0.560797 0.103635 0.0364932
28 0.560797 0.0828407 0.0316341
29 0.560797 0.0974111 0.0368323
30 0.560797 0.106256 0.0360487
31 0.560797 0.10096 0.03654
32 0.560797 0.103994 0.036537
33 0.560797 0.0966698 0.0359569
34 0.560797 0.104835 0.040021
35 0.568297 0.127002 0.0449321
36 0.588536 0.109919 0.0416957
37 0.588536 0.103147 0.0392478
38 0.588536 0.0746754 0.0321905
39 0.588536 0.0962446 0.0369046
40 0.588536 0.117797 0.0450965
41 0.588536 0.102636 0.0377741
42 0.588536 0.108955 0.0411835
43 0.588536 0.0887078 0.0330145
44 0.588536 0.109939 0.0403681
45 0.588536 0.102504 0.0401649
46 0.588536 0.103225 0.040005
47 0.588536 0.117655 0.0433678
48 0.588536 0.102983 0.0417235
49 0.588536 0.0905517 0.039865
50 0.588536 0.117835 0.0433682
51 0.588536 0.100002 0.0387574
52 0.588536 0.112153 0.0408603
53 0.588536 0.119486 0.0452296
54 0.588536 0.086124 0.0345665
55 0.588536 0.103656 0.0352318
56 0.588536 0.119388 0.040392
57 0.588536 0.108898 0.0423736
58 0.588536 0.11581 0.0391475
59 0.588536 0.115266 0.0415692
60 0.588536 0.107183 0.036643
61 0.588536 0.117471 0.0411483
62 0.588536 0.110681 0.0398289
63 0.588536 0.155467 0.0512503
64 0.588536 0.131188 0.0465917
65 0.588536 0.122468 0.0449236
66 0.588536 0.109665 0.0380296
67 0.588536 0.106161 0.0382186
68 0.588536 0.101336 0.037808
69 0.588536 0.110902 0.0416543
70 0.588536 0.13637 0.0440792
71 0.588536 0.11775 0.0404835
72 0.588536 0.111491 0.0383858
73 0.588536 0.147668 0.0482078
74 0.588536 0.123271 0.0439219
75 0.588536 0.13484 0.041775
76 0.588536 0.123867 0.0416662
77 0.588536 0.111562 0.0429134
78 0.588536 0.119125 0.0450188
79 0.588536 0.137874 0.0511713
80 0.588536 0.105202 0.0424755
81 0.588536 0.114675 0.0411664
82 0.588536 0.11488 0.0438023
83 0.588536 0.1185 0.0441024
84 0.588536 0.112552 0.0419707
85 0.588536 0.115595 0.0405533
86 0.589757 0.121381 0.0419076
87 0.589757 0.111974 0.0447407
88 0.589757 0.101457 0.0409871
89 0.589757 0.0907583 0.036341
90 0.589757 0.131651 0.0503578
91 0.589757 0.136624 0.0485255
92 0.589757 0.123249 0.0437093
93 0.589757 0.135643 0.0479052
94 0.589757 0.120147 0.0400883
95 0.589757 0.129291 0.0441633
96 0.589757 0.12487 0.0439816
97 0.589757 0.121903 0.0434205
98 0.589757 0.133807 0.0464093
99 0.589757 0.142768 0.0440223
100 0.589757 0.144121 0.0464742
101 0.589757 0.112512 0.0427362
102 0.589757 0.115257 0.0417942
103 0.589757 0.131912 0.0427767
104 0.589757 0.123562 0.0385493
105 0.589757 0.13696 0.0495973
106 0.589757 0.116405 0.043945
107 0.589757 0.115649 0.0432578
108 0.589757 0.120986 0.045873
109 0.589757 0.110133 0.0408643
110 0.589757 0.0948064 0.0409356
111 0.589757 0.088832 0.0374971
112 0.589757 0.0928014 0.0369317
113 0.589757 0.0897395 0.0389424
114 0.589757 0.118541 0.0461402
115 0.589757 0.0894363 0.0366054
116 0.589757 0.102724 0.039853
117 0.589757 0.118506 0.0465005
118 0.589757 0.091321 0.0379905
119 0.589757 0.106205 0.0444392
120 0.589757 0.143258 0.0500597
121 0.589757 0.111892 0.0392272
122 0.589757 0.111616 0.0438437
123 0.589757 0.128253 0.0492274
124 0.589757 0.131986 0.0529772
125 0.589757 0.153856 0.0522495
126 0.589757 0.121059 0.0431017
127 0.589757 0.118074 0.0459825
128 0.589757 0.132761 0.0474368
129 0.589757 0.124115 0.0458877
130 0.589757 0.115373 0.0449386
131 0.589757 0.121096 0.0468673
132 0.589757 0.135891 0.045619
133 0.589757 0.114181 0.0434694
134 0.589757 0.122665 0.0452179
135 0.589757 0.131106 0.0500971
136 0.589757 0.150814 0.0489133
137 0.589757 0.129115 0.0452367
138 0.59184 0.145644 0.049908
139 0.59184 0.134324 0.047008
140 0.59184 0.142349 0.0507595
141 0.59184 0.125536 0.0440877
142 0.59184 0.112952 0.0429962
143 0.59184 0.107996 0.0406164
144 0.59184 0.109362 0.0410765
145 0.59184 0.107696 0.0404113
146 0.59184 0.134244 0.0498269
147 0.59184 0.106031 0.0413651
148 0.59184 0.0999118 0.038373
149 0.59184 0.11013 0.0448015
150 0.59184 0.115406 0.0465845
151 0.59184 0.102058 0.0423458
152 0.59184 0.121274 0.0479001
153 0.59184 0.108356 0.0432817
154 0.59184 0.0973174 0.0394323
155 0.59184 0.0946548 0.0400058
156 0.59184 0.117014 0.0470469
157 0.59184 0.113913 0.0445964
158 0.59184 0.107348 0.0450797
159 0.59184 0.0856118 0.0373263
160 0.59184 0.118394 0.0464071
161 0.59184 0.105087 0.0429662
162 0.59184 0.112957 0.0403223
163 0.59184 0.120547 0.0465991
164 0.59184 0.123228 0.0483988
165 0.59184 0.0972553 0.0412977
166 0.59184 0.0950926 0.0403697
167 0.59184 0.110041 0.0456329
168 0.59184 0.118783 0.046626
169 0.59184 0.099961 0.0415615
170 0.59184 0.0996105 0.0394519
171 0.59184 0.0971612 0.0416318
172 0.59184 0.0910834 0.0399106
173 0.59184 0.121031 0.0506832
174 0.59184 0.0989431 0.042141
175 0.59184 0.107535 0.0442638
176 0.59184 0.109239 0.0437929
177 0.59184 0.125439 0.0497196
178 0.59184 0.112663 0.0465253
179 0.59184 0.117045 0.0468029
180 0.592307 0.120711 0.048297
181 0.592307 0.113706 0.0425458
182 0.592307 0.10808 0.0414972
183 0.592307 0.10527 0.0385025
184 0.592307 0.125975 0.048792
185 0.592307 0.122169 0.0475891
186 0.592307 0.126377 0.049484
187 0.592307 0.107103 0.0422703
188 0.592307 0.101688 0.0434801
189 0.592307 0.105979 0.0447562
190 0.593145 0.0971664 0.0392229
191 0.593145 0.108753 0.0439185
192 0.593145 0.099319 0.0422646
193 0.593145 0.0829896 0.0370466
194 0.593145 0.105682 0.0420855
195 0.593145 0.115045 0.0438064
196 0.593145 0.109574 0.0473062
197 0.593145 0.106014 0.0408622
198 0.593145 0.104626 0.0407572
199 0.593145 0.110838 0.0441278
200 0.593145 0.106136 0.041498
201 0.593145 0.103352 0.0396549
202 0.593145 0.114673 0.0429478
203 0.593145 0.120629 0.0449675
204 0.593145 0.116288 0.0436363
205 0.593145 0.128013 0.0461176
206 0.593838 0.120287 0.0421557
207 0.593838 0.12609 0.0453231
208 0.593838 0.121708 0.0462142
209 0.593838 0.129299 0.0502899
210 0.593838 0.114898 0.044872
211 0.593838 0.127748 0.047995
212 0.593838 0.109513 0.0434339
213 0.593838 0.117931 0.0449401
214 0.593838 0.114559 0.0419358
215 0.593838 0.115552 0.0414986
216 0.593838 0.117313 0.0442092
217 0.593838 0.128168 0.0463192
218 0.593838 0.104542 0.0393154
219 0.593838 0.104942 0.0414587
220 0.593838 0.116725 0.0436157
221 0.593838 0.0953244 0.0368816
222 0.593838 0.0993385 0.0388764
223 0.593838 0.106962 0.0409806
224 0.593838 0.107694 0.0392236
225 0.593838 0.130115 0.0445363
226 0.593838 0.107473 0.0453319
227 0.593838 0.125706 0.0442213
228 0.593838 0.112717 0.0434332
229 0.593838 0.115929 0.0433154
230 0.593838 0.103631 0.0426515
231 0.593838 0.128588 0.0475496
232 0.593838 0.114554 0.0433744
233 0.593838 0.12631 0.0434585
234 0.593838 0.122723 0.0449842
235 0.593838 0.13079 0.0465734
236 0.593838 0.126611 0.0429867
237 0.593838 0.110438 0.0425275
238 0.593838 0.107527 0.0406691
239 0.593838 0.118542 0.0433189
240 0.593838 0.130365 0.0471791
241 0.593838 0.123887 0.0421156
242 0.593838 0.127709 0.046315
243 0.593838 0.11765 0.0447226
244 0.593838 0.100753 0.0400434
245 0.593838 0.112085 0.0454628
246 0.593838 0.113041 0.0441184
247 0.593838 0.120887 0.0472738
248 0.593838 0.10704 0.0411462
249 0.593838 0.128104 0.0482727
250 0.593838 0.109247 0.0448942
251 0.593838 0.120699 0.0443978
252 0.593838 0.11384 0.0415867
253 0.593838 0.133457 0.046608
254 0.593838 0.123194 0.0468208
255 0.593838 0.120252 0.0424675
256 0.593838 0.11336 0.0409122
257 0.593838 0.123291 0.0439293
258 0.593838 0.114859 0.0448755
259 0.593838 0.121627 0.0446322
260 0.593838 0.126967 0.0474251
261 0.593838 0.115401 0.042373
262 0.593838 0.135417 0.0465985
263 0.593838 0.108926 0.0422701
264 0.597757 0.121122 0.044947
265 0.597757 0.120666 0.048152
266 0.597757 0.118141 0.0449736
267 0.597757 0.106417 0.0435342
268 0.597757 0.111915 0.0456163
269 0.597757 0.108485 0.0438073
270 0.597757 0.0961778 0.0381321
271 0.597757 0.113983 0.0442948
272 0.597757 0.127282 0.0500858
273 0.597757 0.0902622 0.0381278
274 0.597757 0.111909 0.0454493
275 0.597757 0.126772 0.0470539
276 0.597757 0.102823 0.0420106
277 0.597757 0.102953 0.0436842
278 0.597757 0.103023 0.0448058
279 0.600397 0.0929131 0.0403079
280 0.600397 0.102431 0.0415336
281 0.600397 0.123787 0.0475253
282 0.600397 0.0966847 0.0409395
283 0.600397 0.113473 0.0460877
284 0.601595 0.104495 0.0433326
285 0.601595 0.109112 0.040849
286 0.601595 0.100962 0.0378256
287 0.601595 0.130813 0.0497964
288 0.601595 0.133783 0.0478628
289 0.601595 0.101221 0.0401076
290 0.603643 0.119806 0.0490377
291 0.603643 0.11084 0.0422412
292 0.603643 0.129126 0.0479255
293 0.603643 0.112971 0.0452483
294 0.603643 0.117054 0.047202
295 0.603643 0.118311 0.0468258
296 0.603643 0.11648 0.0472255
297 0.603643 0.130507 0.0482407
298 0.604403 0.118602 0.0466719
299 0.604403 0.0963664 0.0418497
300 0.604403 0.102484 0.0436272
301 0.604403 0.117064 0.0464307
302 0.604403 0.125904 0.049056
303 0.604403 0.136161 0.0496451
304 0.604403 0.119322 0.0472809
305 0.604403 0.135289 0.0469345
306 0.604403 0.0954439 0.0405873
307 0.604403 0.093195 0.0394393
308 0.604403 0.0982218 0.0410442
309 0.604403 0.115666 0.0453702
310 0.604403 0.114798 0.0489276
311 0.604403 0.103108 0.0440907
312 0.604403 0.139936 0.0521577
313 0.604403 0.114404 0.0441387
314 0.604852 0.107529 0.0432171
315 0.604852 0.140035 0.0497588
316 0.604852 0.105837 0.0450111
317 0.604852 0.118795 0.0503078
318 0.604852 0.124288 0.0471605
319 0.604852 0.127577 0.0498294
320 0.604852 0.142811 0.0504831
321 0.604852 0.138843 0.0499865
322 0.604852 0.129173 0.0469702
323 0.604852 0.123274 0.044066
324 0.604852 0.109048 0.0430194
325 0.604852 0.12283 0.0483275
326 0.604852 0.118129 0.0427952
327 0.604852 0.128876 0.047749
328 0.604852 0.114308 0.0431727
329 0.604852 0.122936 0.0471601
330 0.604852 0.139991 0.0493933
331 0.604852 0.121285 0.0477636
332 0.604852 0.13152 0.0502285
333 0.604852 0.103181 0.0452278
334 0.604852 0.129937 0.0526715
335 0.604852 0.124313 0.05039
336 0.604852 0.126077 0.0471157
337 0.604852 0.109428 0.0421808
338 0.604852 0.103531 0.0421459
339 0.604852 0.121402 0.0474967
340 0.604852 0.137279 0.0533223
341 0.604852 0.102206 0.0441059
342 0.604852 0.10823 0.0448038
343 0.604852 0.0887965 0.0392869
344 0.604852 0.12055 0.0464836
345 0.604852 0.130707 0.047414
346 0.60541 0.145074 0.0540707
347 0.60541 0.125865 0.050974
348 0.60541 0.12203 0.0500314
349 0.60541 0.113267 0.0461311
350 0.60541 0.117565 0.0469829
351 0.60541 0.116976 0.046244
352 0.60541 0.136386 0.0536328
353 0.60541 0.114431 0.047745
354 0.60541 0.115515 0.0460938
355 0.60541 0.10539 0.0451662
356 0.60541 0.105679 0.0472121
357 0.60541 0.0989215 0.043299
358 0.60541 0.124687 0.0514147
359 0.60541 0.113577 0.0461925
360 0.60541 0.145904 0.0554159
361 0.60541 0.130775 0.052929
362 0.60541 0.115781 0.0495767
363 0.60541 0.121353 0.0460167
364 0.60541 0.124282 0.0455218
365 0.60541 0.127404 0.0480127
366 0.60541 0.115564 0.0466624
367 0.60541 0.11861 0.0413648
368 0.60541 0.153639 0.0552847
369 0.60541 0.126201 0.0462569
370 0.60541 0.128698 0.0458367
371 0.60541 0.125632 0.0455
372 0.60541 0.123541 0.042913
373 0.60541 0.103374 0.0423534
374 0.60541 0.11707 0.0490098
375 0.60541 0.113328 0.0446797
376 0.60541 0.0980425 0.04018
377 0.60541 0.0996936 0.0414057
378 0.60541 0.129896 0.0482988
379 0.60541 0.0979201 0.0417263
380 0.60541 0.136188 0.0492573
381 0.60541 0.110698 0.0409641
382 0.60541 0.100045 0.0412521
383 0.60541 0.0997449 0.0444514
384 0.60541 0.107518 0.0447594
385 0.60541 0.095001 0.0400274
386 0.60541 0.103901 0.0421635
387 0.60541 0.104164 0.0421263
388 0.60541 0.12413 0.0443997
389 0.60541 0.133967 0.0494488
390 0.60541 0.119903 0.0469304
391 0.60541 0.135438 0.0513865
392 0.60541 0.155672 0.0537009
393 0.60541 0.113897 0.0450005
394 0.60541 0.126383 0.0467764
395 0.60541 0.130864 0.0493315
396 0.60541 0.127332 0.047755
397 0.60541 0.106336 0.0444629
398 0.60541 0.119912 0.0466733
399 0.60541 0.117842 0.0434841
400 0.60541 0.114475 0.0468067
401 0.60541 0.123807 0.0498729
402 0.60541 0.144759 0.052484
403 0.60541 0.137772 0.0489582
404 0.60541 0.13281 0.0493273
405 0.60541 0.105257 0.0423039
406 0.60541 0.0961759 0.0401199
407 0.60541 0.110762 0.0455286
408 0.60541 0.0986957 0.0416991
409 0.60541 0.0980117 0.0408284
410 0.60541 0.109477 0.0411721
411 0.60541 0.107234 0.0423508
412 0.60541 0.111231 0.0460794
413 0.60541 0.115335 0.0450311
414 0.60541 0.098679 0.0413022
415 0.60541 0.0928311 0.0395711
416 0.60541 0.0932845 0.0393683
417 0.60541 0.0894733 0.0381617
418 0.60541 0.101312 0.0435847
419 0.60541 0.0956306 0.0436222
420 0.60541 0.0903898 0.040341
421 0.60541 0.100305 0.0433596
422 0.60541 0.120083 0.0481283
423 0.60541 0.121391 0.0476245
424 0.60541 0.113266 0.0434231
425 0.60541 0.111108 0.0467244
426 0.60541 0.104668 0.0437101
427 0.60541 0.116989 0.0478769
428 0.60541 0.10515 0.0434745
429 0.60541 0.114194 0.0484914
430 0.60541 0.117201 0.04811
431 0.60541 0.119547 0.0467239
432 0.60541 0.12015 0.0467904
433 0.60541 0.130073 0.0491881
434 0.60541 0.110304 0.0424288
435 0.60541 0.11875 0.047857
436 0.60541 0.105547 0.045103
437 0.60541 0.132001 0.0537377
438 0.60541 0.10893 0.0436726
439 0.60541 0.106426 0.0433037
440 0.60541 0.137058 0.0480943
441 0.60541 0.139271 0.0525471
442 0.60541 0.132133 0.0475519
443 0.60541 0.141277 0.052505
444 0.60541 0.120498 0.0470209
445 0.60541 0.128464 0.0518419
446 0.60541 0.103682 0.0463988
447 0.60541 0.0989751 0.044901
448 0.60541 0.0928862 0.0396954
449 0.60541 0.0798439 0.0379385
450 0.60541 0.0890854 0.0402231
451 0.60541 0.0996388 0.044493
452 0.60541 0.0945172 0.0413922
453 0.60541 0.101011 0.044833
454 0.60541 0.108563 0.0446207
455 0.60541 0.102394 0.0432228
456 0.60541 0.0953788 0.0424399
457 0.60541 0.106427 0.0417612
458 0.60541 0.117721 0.0467972
459 0.60541 0.108448 0.045326
460 0.60541 0.117408 0.0467382
461 0.60541 0.121109 0.045004
462 0.60541 0.1142 0.044834
463 0.60541 0.102321 0.0419299
464 0.60541 0.116132 0.0472807
465 0.60541 0.109898 0.0419528
466 0.60541 0.119853 0.0435423
467 0.60541 0.139122 0.0428535
468 0.60541 0.108718 0.0408832
469 0.60541 0.143111 0.0527722
470 0.60541 0.138813 0.0510126
471 0.60541 0.118844 0.047625
472 0.60541 0.104459 0.042575
473 0.60541 0.0960196 0.042613
474 0.60541 0.0986349 0.0422728
475 0.60541 0.0984324 0.0411732
476 0.60541 0.101786 0.0420849
477 0.60541 0.10185 0.0445527
478 0.60541 0.0978543 0.0422216
479 0.60541 0.105211 0.045052
480 0.60541 0.106978 0.0425054
481 0.60541 0.105651 0.0458098
482 0.60541 0.109792 0.0456711
483 0.60541 0.101285 0.0416176
484 0.60541 0.10108 0.0407322
485 0.60541 0.104112 0.0451396
486 0.60541 0.110233 0.0436526
487 0.60541 0.105866 0.04024
488 0.60541 0.117192 0.0447603
489 0.60541 0.130279 0.0481879
490 0.60541 0.14102 0.0563924
491 0.60541 0.128762 0.0483516
492 0.60541 0.111199 0.0449146
493 0.60541 0.106083 0.0453349
494 0.60541 0.0988012 0.0442833
495 0.60541 0.111539 0.046968
496 0.60541 0.113316 0.0426534
497 0.60541 0.1284 0.0489139
498 0.60541 0.100341 0.0418402
499 0.60541 0.0887077 0.0376979
500 0.60541 0.0858848 0.0361337
501 0.60541 0.0914355 0.0401321
502 0.60541 0.110475 0.0445005
503 0.60541 0.114678 0.0472416
504 0.60541 0.102452 0.0431888
505 0.60541 0.113694 0.0447047
506 0.60541 0.0864473 0.0384381
507 0.60541 0.083715 0.0388325
508 0.60541 0.088885 0.0400341
509 0.60541 0.103561 0.045524
510 0.60541 0.120677 0.0520836
511 0.60541 0.101359 0.0434186
512 0.60541 0.098181 0.0433658
513 0.60541 0.0896148 0.0390887
514 0.60541 0.102925 0.0410612
515 0.60541 0.100674 0.0399522
516 0.60541 0.111278 0.0454582
517 0.60541 0.0950471 0.0394722
518 0.60541 0.101521 0.0421577
519 0.60541 0.127977 0.0413336
520 0.60541 0.137652 0.0471197
521 0.60541 0.124216 0.0468584
522 0.60541 0.132506 0.0469356
523 0.60541 0.148158 0.0533183
524 0.60541 0.125218 0.0480055
525 0.60541 0.122948 0.0503364
526 0.60541 0.112896 0.04794
527 0.60541 0.0935066 0.0406303
528 0.60541 0.111586 0.0471458
529 0.60541 0.10821 0.0442736
530 0.60541 0.0948105 0.0414563
531 0.60541 0.116177 0.0456079
532 0.60541 0.129865 0.0486916
533 0.60541 0.119789 0.0465316
534 0.60541 0.134269 0.0506709
535 0.60541 0.130419 0.0482631
536 0.60541 0.108318 0.0429705
537 0.60541 0.109345 0.0410809
538 0.60541 0.117021 0.0423256
539 0.60541 0.147427 0.0505941
540 0.60541 0.143631 0.0494577
541 0.60541 0.156571 0.053768
542 0.60541 0.138907 0.0487315
543 0.60541 0.131008 0.046385
544 0.60541 0.129588 0.0493423
545 0.60541 0.10435 0.0404291
546 0.60541 0.127152 0.0510894
547 0.60541 0.12866 0.0478195
548 0.60541 0.123089 0.0472537
549 0.60541 0.100347 0.0415241
550 0.60541 0.102973 0.0401109
551 0.60541 0.124989 0.0464563
552 0.60541 0.129917 0.0449347
553 0.60541 0.127029 0.0488463
554 0.60541 0.119205 0.0467684
555 0.60541 0.101989 0.0422693
556 0.60541 0.112956 0.0451624
557 0.60541 0.106819 0.0462361
558 0.60541 0.104001 0.0438981
559 0.60541 0.098048 0.0406367
560 0.60541 0.102852 0.0435353
561 0.60541 0.107259 0.0453931
562 0.60541 0.100415 0.0439726
563 0.60541 0.115498 0.0439861
564 0.60541 0.129979 0.0496009
565 0.60541 0.116913 0.046168
566 0.60541 0.120249 0.0478091
567 0.60541 0.119503 0.0475015
568 0.60541 0.0916121 0.0387828
569 0.60541 0.0908904 0.0391167
570 0.60541 0.126941 0.0479731
571 0.60541 0.0972683 0.0375884
572 0.60541 0.110103 0.0447003
573 0.60541 0.129718 0.0475374
574 0.60541 0.123563 0.0455384
575 0.60541 0.1375 0.048825
576 0.60541 0.126686 0.0461836
577 0.60541 0.130813 0.0487721
578 0.60541 0.137275 0.0493968
579 0.60541 0.117316 0.0450912
580 0.60541 0.106162 0.0414981
581 0.60541 0.1256 0.0466051
582 0.60541 0.148187 0.0501605
583 0.60541 0.116476 0.0478225
584 0.60541 0.121586 0.0446028
585 0.60541 0.108989 0.0399373
586 0.60541 0.11608 0.0434091
587 0.60541 0.113471 0.0455245
588 0.60541 0.107134 0.0430291
589 0.60541 0.104474 0.0449907
590 0.60541 0.122656 0.0505178
591 0.60541 0.125815 0.0467078
592 0.60541 0.113808 0.0433042
593 0.60541 0.120003 0.0487112
594 0.60541 0.116394 0.0446183
595 0.60541 0.122123 0.0468135
596 0.60541 0.135207 0.049002
597 0.60541 0.105124 0.0426416
598 0.60541 0.109872 0.0431454
599 0.60541 0.0927592 0.0389059
600 0.60541 0.139242 0.0543719
601 0.60541 0.120804 0.046358
602 0.60541 0.148308 0.0533729
603 0.60541 0.125043 0.047214
604 0.60541 0.120911 0.0452225
605 0.60541 0.152692 0.0519248
606 0.60541 0.124521 0.0491172
607 0.60541 0.12598 0.0475496
608 0.60541 0.103025 0.0412185
609 0.60541 0.0911878 0.038384
610 0.60541 0.107335 0.0408077
611 0.60541 0.108374 0.0424471
612 0.60541 0.0853809 0.0384429
613 0.60541 0.0865985 0.038884
614 0.60541 0.0901999 0.040795
615 0.60541 0.106911 0.0458395
616 0.60541 0.11957 0.0460822
617 0.60541 0.118613 0.0515833
618 0.60541 0.0994688 0.038365
619 0.60541 0.112083 0.0454465
620 0.60541 0.107989 0.0449345
621 0.60541 0.101789 0.0435723
622 0.60541 0.1003 0.0438027
623 0.60541 0.103074 0.0428697
624 0.60541 0.106371 0.0454992
625 0.60541 0.10555 0.0451239
626 0.60541 0.113207 0.0470669
627 0.60541 0.0998731 0.0437014
628 0.60541 0.11867 0.045239
629 0.60541 0.131315 0.0468031
630 0.60541 0.105717 0.0445678
631 0.60541 0.0954519 0.042345
632 0.60541 0.0922876 0.041271
633 0.60541 0.0885337 0.0405865
634 0.60541 0.0940252 0.0415226
635 0.60541 0.0972446 0.0416963
636 0.60541 0.102919 0.0433288
637 0.60541 0.110581 0.0444249
638 0.60541 0.119682 0.0488493
639 0.60541 0.0998928 0.043362
640 0.606047 0.0975304 0.0403894
641 0.606047 0.105849 0.0426516
642 0.606047 0.117073 0.0486817
643 0.606047 0.138478 0.0503978
644 0.606047 0.122448 0.0488744
645 0.606047 0.114799 0.0464112
646 0.606047 0.118662 0.0450607
647 0.606047 0.0994501 0.0422667
648 0.606047 0.111517 0.0466169
649 0.606047 0.100681 0.0422856
650 0.606047 0.0996143 0.0405922
651 0.606047 0.106618 0.0438779
652 0.606047 0.106985 0.042953
653 0.606047 0.0898224 0.042271
654 0.606047 0.0948353 0.0417206
655 0.606047 0.0961997 0.0401965
656 0.606047 0.104387 0.0416506
657 0.606047 0.092127 0.0383025
658 0.606047 0.0991707 0.0426444
659 0.606047 0.115314 0.0451665
660 0.606047 0.113029 0.0473781
661 0.606047 0.104519 0.0424252
662 0.606047 0.105035 0.0451171
663 0.606047 0.098202 0.0446299
664 0.606047 0.100452 0.0410565
665 0.606047 0.0967231 0.0415301
666 0.606047 0.0905192 0.0395723
667 0.606047 0.108735 0.0445389
668 0.606047 0.116536 0.0460787
669 0.606047 0.111874 0.044643
670 0.606047 0.111944 0.0419842
671 0.606047 0.10599 0.0417701
672 0.606047 0.102289 0.0403972
673 0.606047 0.0859103 0.0386896
674 0.606047 0.111081 0.0451294
675 0.606047 0.10592 0.0425545
676 0.606047 0.101407 0.0440303
677 0.606047 0.109038 0.0446467
678 0.606047 0.100998 0.039788
679 0.606047 0.0997598 0.0403203
680 0.606047 0.0972072 0.0402645
681 0.606047 0.106588 0.0436433
682 0.606047 0.1263 0.0474287
683 0.606047 0.119559 0.0426376
684 0.606047 0.114854 0.0445139
685 0.606047 0.102119 0.0433118
686 0.606047 0.119669 0.046355
687 0.606047 0.0945438 0.0417093
688 0.606047 0.122298 0.046508
689 0.606047 0.122498 0.0477293
690 0.606047 0.10005 0.041391
691 0.606047 0.131258 0.0486789
692 0.606047 0.132151 0.0501727
693 0.606047 0.13618 0.0517607
694 0.606047 0.1016 0.0410387
695 0.606047 0.0984758 0.0420868
696 0.606047 0.0988319 0.0402686
697 0.606047 0.102657 0.045024
698 0.606047 0.109962 0.0464003
699 0.606047 0.0962712 0.0421385
700 0.606047 0.115215 0.0460766
701 0.606047 0.113687 0.0419356
702 0.606047 0.11827 0.0431832
703 0.606047 0.0944201 0.0383877
704 0.606047 0.105846 0.0458292
705 0.606047 0.0982846 0.041835
706 0.606047 0.125008 0.0445517
707 0.606047 0.124289 0.046304
708 0.606047 0.111685 0.0411337
709 0.606047 0.102089 0.0400967
710 0.606047 0.107115 0.0427728
711 0.606047 0.129862 0.0509332
712 0.606047 0.102057 0.0425137
713 0.606047 0.105436 0.0465272
714 0.606047 0.113127 0.048506
715 0.606047 0.114007 0.04372
716 0.606047 0.0848989 0.0385265
717 0.606047 0.0899691 0.0402085
718 0.606047 0.101785 0.0454995
719 0.606047 0.112616 0.0486109
720 0.606047 0.121785 0.0470915
721 0.606047 0.121505 0.0472246
722 0.606047 0.119773 0.0457203
723 0.606047 0.112389 0.0453759
724 0.606047 0.11392 0.0477671
725 0.606047 0.103388 0.0408966
726 0.606047 0.116893 0.0446317
727 0.606047 0.131441 0.0511039
728 0.606047 0.119074 0.0446943
729 0.606047 0.123027 0.0469125
730 0.606047 0.103067 0.0409508
731 0.606047 0.112896 0.0397252
732 0.606047 0.117378 0.0429918
733 0.606047 0.117265 0.0474801
734 0.606047 0.118005 0.0476554
735 0.606047 0.107636 0.0485098
736 0.606047 0.128217 0.0531337
737 0.60691 0.141439 0.0556872
738 0.60691 0.128101 0.0497691
739 0.60691 0.12642 0.0470095
740 0.60691 0.0969408 0.038436
741 0.60691 0.108339 0.0440461
742 0.60691 0.124891 0.049719
743 0.60691 0.120145 0.0438378
744 0.60691 0.106402 0.0435563
745 0.60691 0.0995212 0.0409947
746 0.60691 0.102577 0.0427734
747 0.60691 0.128008 0.0522834
748 0.60691 0.10696 0.0449945
749 0.60691 0.0999777 0.0420219
750 0.60691 0.11632 0.047835
751 0.60691 0.0927554 0.0403549
752 0.60691 0.106595 0.041276
753 0.60691 0.0992155 0.0410299
754 0.60691 0.11262 0.0453004
755 0.60691 0.121737 0.0488135
756 0.60691 0.0952414 0.0412163
757 0.60691 0.107014 0.0433474
758 0.60691 0.130533 0.0497739
759 0.60691 0.120795 0.0481266
760 0.60691 0.138337 0.0504198
761 0.60691 0.124561 0.0460641
762 0.60691 0.114444 0.0461342
763 0.60691 0.109743 0.0455622
764 0.60691 0.116027 0.0456772
765 0.60691 0.12446 0.0520605
766 0.60691 0.0870301 0.0415596
767 0.60691 0.117295 0.0493781
768 0.60691 0.103589 0.0465019
769 0.60691 0.111533 0.0459274
770 0.60691 0.0952578 0.0415842
771 0.60691 0.120965 0.0490894
772 0.60691 0.122849 0.0503012
773 0.60691 0.128173 0.0514265
774 0.60691 0.111217 0.0448655
775 0.60691 0.112755 0.0445841
776 0.60691 0.0916805 0.0384039
777 0.60691 0.105427 0.0434533
778 0.60691 0.102474 0.0424609
779 0.60691 0.100399 0.0447538
780 0.60691 0.122262 0.0513414
781 0.60691 0.119589 0.0463478
782 0.60691 0.0977559 0.0427857
783 0.60691 0.0903264 0.0397293
784 0.60691 0.0966694 0.0424932
785 0.60691 0.10076 0.0447203
786 0.60691 0.129253 0.0532499
787 0.60691 0.102702 0.0439323
788 0.60691 0.0903475 0.0387233
789 0.60691 0.0892224 0.0399726
790 0.60691 0.102245 0.0428812
791 0.60691 0.0971331 0.0394551
792 0.60691 0.104998 0.0460933
793 0.60691 0.116368 0.0465613
794 0.60691 0.103196 0.0469169
795 0.60691 0.0914297 0.0431158
796 0.60691 0.111779 0.045231
797 0.60691 0.119576 0.0486683
798 0.60691 0.102245 0.0393886
799 0.60691 0.127992 0.0466591
800 0.60691 0.159342 0.0490699
801 0.60691 0.123654 0.0468519
802 0.60691 0.15366 0.0568212
803 0.60691 0.1255 0.0470907
804 0.60691 0.110292 0.0424976
805 0.60691 0.118575 0.0434185
806 0.60691 0.128278 0.0425852
807 0.60691 0.129707 0.0473967
808 0.60691 0.14802 0.0537678
809 0.60691 0.135831 0.0504504
810 0.60691 0.114082 0.0410482
811 0.60691 0.11795 0.0466461
812 0.60691 0.129458 0.0526232
813 0.60691 0.135284 0.0494472
814 0.60691 0.131701 0.0462447
815 0.60691 0.124107 0.0475665
816 0.60691 0.135932 0.0484901
817 0.60691 0.130161 0.0499487
818 0.60691 0.115279 0.0461201
819 0.60691 0.111677 0.0429162
820 0.60691 0.104351 0.0430266
821 0.60691 0.10603 0.0449815
822 0.60691 0.0999765 0.038958
823 0.60691 0.100773 0.0426872
824 0.60691 0.107648 0.0434935
825 0.60691 0.134442 0.0488577
826 0.60691 0.112765 0.043479
827 0.60691 0.11579 0.0438428
828 0.60691 0.086544 0.0385592
829 0.60691 0.088786 0.0396422
830 0.60691 0.0927548 0.0410987
831 0.60691 0.103513 0.0443059
832 0.60691 0.0991785 0.0440009
833 0.60691 0.110617 0.0468767
834 0.60691 0.117775 0.0509072
835 0.60691 0.116096 0.0496234
836 0.60691 0.128812 0.0529308
837 0.60691 0.119604 0.0455806
838 0.60691 0.124917 0.0450994
839 0.60691 0.113503 0.0405284
840 0.60691 0.107265 0.0439758
841 0.60691 0.12921 0.0472538
842 0.60691 0.12174 0.0448493
843 0.60691 0.113929 0.0413041
844 0.60691 0.127082 0.0441307
845 0.60691 0.0926318 0.0394181
846 0.60691 0.101515 0.0425809
847 0.60691 0.100954 0.0416575
848 0.60691 0.134627 0.0529185
849 0.60691 0.131625 0.0514486
850 0.60691 0.113628 0.0450539
851 0.60691 0.13085 0.0482894
852 0.60691 0.148697 0.0513847
853 0.60691 0.109329 0.0453714
854 0.60691 0.0978661 0.0392242
855 0.60691 0.0979959 0.039971
856 0.60691 0.114499 0.0469256
857 0.60691 0.10905 0.0443854
858 0.60691 0.112486 0.046229
859 0.60691 0.11086 0.0449385
860 0.60691 0.118155 0.0453185
861 0.60691 0.120577 0.0469553
862 0.60691 0.105339 0.0437264
863 0.60691 0.103642 0.0435419
864 0.60691 0.106486 0.0418099
865 0.60691 0.107329 0.0420616
866 0.60691 0.121093 0.044873
867 0.60691 0.110668 0.0456036
868 0.60691 0.114524 0.0438194
869 0.60691 0.110222 0.0426191
870 0.60691 0.138506 0.0532732
871 0.60691 0.111341 0.0445727
872 0.60691 0.0919854 0.0408881
873 0.60691 0.0891263 0.0392443
874 0.60691 0.0871241 0.0389845
875 0.60691 0.0927235 0.041547
876 0.60691 0.0967217 0.0424196
877 0.60691 0.0877266 0.0385389
878 0.60691 0.109082 0.0462717
879 0.60691 0.118585 0.0461597
880 0.60691 0.116388 0.0443056
881 0.60691 0.0841299 0.0384427
882 0.60691 0.107375 0.0413351
883 0.60691 0.105142 0.0416809
884 0.60691 0.099801 0.0385299
885 0.60691 0.106619 0.0405922
886 0.60691 0.112282 0.0424094
887 0.60691 0.117412 0.0460946
888 0.60691 0.103318 0.0431263
889 0.60691 0.108858 0.0427733
890 0.60691 0.11585 0.0431252
891 0.60691 0.13611 0.0500615
892 0.60691 0.117593 0.0475142
893 0.60691 0.137678 0.0510401
894 0.60691 0.129983 0.0471091
895 0.60691 0.135107 0.0466605
896 0.60691 0.123542 0.0455258
897 0.60691 0.125214 0.0453351
898 0.60691 0.117555 0.0459515
899 0.60691 0.118888 0.0455417
900 0.60691 0.132645 0.047069
901 0.60691 0.133949 0.0481097
902 0.60691 0.133698 0.0483635
903 0.60691 0.123741 0.0495
904 0.60691 0.112773 0.0449928
905 0.60691 0.150386 0.0503782
906 0.60691 0.14825 0.0532658
907 0.60691 0.132226 0.0491199
908 0.60691 0.114609 0.0466661
909 0.60691 0.13259 0.048399
910 0.60691 0.117847 0.0455292
911 0.60691 0.11436 0.0441521
912 0.60691 0.112835 0.0443413
913 0.60691 0.102146 0.0423385
914 0.60691 0.096204 0.041106
915 0.60691 0.114682 0.0457819
916 0.60691 0.127802 0.049622
917 0.60691 0.111396 0.0422185
918 0.60691 0.128494 0.0481776
919 0.60691 0.148829 0.057372
920 0.60691 0.143606 0.0532974
921 0.60691 0.1305 0.047899
922 0.60691 0.116298 0.0440919
923 0.60691 0.11286 0.0448193
924 0.60691 0.1112 0.0445389
925 0.60691 0.104364 0.0413398
926 0.60691 0.11389 0.0441117
927 0.60691 0.0858986 0.0393827
928 0.60691 0.108346 0.0453908
929 0.60691 0.106635 0.0427309
930 0.60691 0.105001 0.0434527
931 0.60691 0.0999548 0.0419402
932 0.60691 0.124228 0.0448247
933 0.60691 0.131379 0.0470422
934 0.60691 0.123712 0.0460593
935 0.60691 0.140662 0.0488242
936 0.60691 0.122033 0.045737
937 0.60691 0.107166 0.0461066
938 0.60691 0.132144 0.0503382
939 0.60691 0.126457 0.0486428
940 0.60691 0.117104 0.0481859
941 0.60691 0.114576 0.0453189
942 0.60691 0.130999 0.0508127
943 0.60691 0.0879798 0.0379067
944 0.60691 0.0848939 0.0380448
945 0.60691 0.0965938 0.0421989
946 0.60691 0.099112 0.0438342
947 0.60691 0.116256 0.0478863
948 0.60691 0.115175 0.0451248
949 0.60691 0.110031 0.0468435
950 0.60691 0.0935361 0.0413664
951 0.60691 0.124105 0.0463738
952 0.60691 0.107627 0.0416978
953 0.60691 0.124961 0.0470742
954 0.60691 0.10438 0.0436266
955 0.60691 0.0999148 0.0414474
956 0.60691 0.108595 0.0453758
957 0.60691 0.0965485 0.0425973
958 0.60691 0.128583 0.0500762
959 0.60691 0.132362 0.0514252
960 0.60691 0.124501 0.0491321
961 0.60691 0.122403 0.0462564
962 0.60691 0.126298 0.0469611
963 0.60691 0.11576 0.0451124
964 0.60691 0.104845 0.042852
965 0.60691 0.111246 0.0441486
966 0.60691 0.130315 0.0492288
967 0.60691 0.107406 0.0449335
968 0.60691 0.0964336 0.0390791
969 0.60691 0.114753 0.0416764
970 0.60691 0.123326 0.0437972
971 0.60691 0.120917 0.0434904
972 0.60691 0.106939 0.0444201
973 0.60691 0.140709 0.0504233
974 0.60691 0.126868 0.0467212
975 0.60691 0.131686 0.0482357
976 0.60691 0.146097 0.0520352
977 0.60691 0.102256 0.0415195
978 0.60691 0.126619 0.0491164
979 0.60691 0.13441 0.0496551
980 0.60691 0.139016 0.0524646
981 0.60691 0.126333 0.0478742
982 0.60691 0.113078 0.0457294
983 0.60691 0.11465 0.0464176
984 0.60691 0.12202 0.0450458
985 0.60691 0.117326 0.0455716
986 0.60691 0.0952548 0.0405017
987 0.60691 0.0901691 0.0419076
988 0.60691 0.103911 0.0441934
989 0.60691 0.103862 0.0458341
990 0.60691 0.110658 0.04651
991 0.60691 0.094808 0.0389345
992 0.60691 0.0915422 0.0412425
993 0.60691 0.102904 0.0418687
994 0.60691 0.0820674 0.0357459
995 0.60691 0.0979039 0.0408557
996 0.60691 0.11316 0.0417436
997 0.60691 0.111525 0.0437413
998 0.60691 0.102408 0.039514
999 0.60691 0.100173 0.042821
1000 0.60691 0.102485 0.0413753
