0 0.125276 0.070408 0.00385187
1 0.125276 0.0751693 0.00378201
2 0.125276 0.070551 0.00384026
3 0.125276 0.0740684 0.00379519
4 0.125276 0.0864629 0.00336484
5 0.125276 0.089122 0.00321118
6 0.125276 0.0926493 0.00299461
7 0.125278 0.0942155 0.00291186
8 0.125278 0.101911 0.00234578
9 0.125278 0.0964635 0.00278442
10 0.125278 0.098652 0.00260774
11 0.125278 0.105154 0.00212363
12 0.125278 0.0977686 0.00268868
13 0.125278 0.0996359 0.00251499
14 0.125278 0.105345 0.00208309
15 0.125278 0.1009 0.0024269
16 0.125278 0.106682 0.00196171
17 0.125278 0.105138 0.00212528
18 0.125278 0.100413 0.00247542
19 0.125278 0.106397 0.00201305
20 0.125278 0.10514 0.00212439
21 0.125278 0.108956 0.00177466
22 0.125278 0.112656 0.00142029
23 0.125278 0.116406 0.00102776
24 0.125278 0.115143 0.00116231
25 0.125278 0.113894 0.00129237
26 0.125278 0.115278 0.0011334
27 0.125278 0.122174 0.000330787
28 0.125278 0.11681 0.000949157
29 0.125278 0.118897 0.00075108
30 0.125279 0.119011 0.000727064
31 0.125279 0.121391 0.000459049
32 0.125279 0.120153 0.000607616
33 0.308318 0.122001 0.000959959
34 0.308318 0.124486 0.000654869
35 0.426078 0.128257 0.0021209
36 0.426078 0.131246 0.00257859
37 0.426078 0.142823 0.00463379
38 0.426078 0.145332 0.00587888
39 0.426078 0.154213 0.00699981
40 0.426078 0.156448 0.00829502
41 0.500179 0.171332 0.0119547
41 0.51159 0.0771993 0.0191737
42 0.51159 0.0909311 0.0211309
43 0.51159 0.101721 0.0243363
44 0.51159 0.107431 0.0274952
45 0.585601 0.111972 0.0282732
46 0.585601 0.10801 0.0280326
47 0.585601 0.121671 0.0322072
48 0.585601 0.117102 0.0347428
49 0.585601 0.134571 0.0384265
50 0.585601 0.145891 0.0394584
51 0.585601 0.171713 0.0397728
52 0.585601 0.171641 0.04189
53 0.585601 0.155296 0.0382841
54 0.585601 0.151785 0.0382063
55 0.585601 0.15663 0.0423879
56 0.585601 0.15232 0.0397405
57 0.585601 0.165601 0.0459048
58 0.585601 0.161438 0.043308
59 0.585601 0.176005 0.046663
60 0.585601 0.152526 0.044434
61 0.585601 0.150247 0.0403483
62 0.585601 0.154933 0.0412208
63 0.585601 0.173959 0.0432664
64 0.585601 0.169464 0.0447808
65 0.585601 0.153986 0.0450954
66 0.585601 0.139858 0.0404302
67 0.585601 0.158519 0.0428856
68 0.585601 0.139375 0.0445645
69 0.585601 0.153202 0.0446536
70 0.585601 0.17165 0.0479329
71 0.588684 0.168607 0.0499415
72 0.588684 0.176456 0.0488032
73 0.588684 0.199807 0.049711
74 0.588684 0.172866 0.0487769
75 0.588684 0.190427 0.0501275
76 0.588684 0.185098 0.0466097
77 0.588684 0.156874 0.0474354
78 0.588684 0.169043 0.0452188
79 0.588684 0.178283 0.0463019
80 0.588684 0.187897 0.0488146
81 0.588684 0.17936 0.0446643
82 0.588684 0.181858 0.0480298
83 0.588684 0.173085 0.0445629
84 0.588684 0.180239 0.0478453
85 0.588684 0.169369 0.0475603
86 0.588684 0.176656 0.0460512
87 0.588684 0.1836 0.0506558
88 0.588684 0.165324 0.0494678
89 0.588684 0.175672 0.0492393
90 0.588684 0.186403 0.0498917
91 0.588684 0.199068 0.0500861
92 0.590958 0.204652 0.0476733
93 0.590958 0.187416 0.0490145
94 0.590958 0.188385 0.0521978
95 0.590958 0.192263 0.0514994
96 0.590958 0.182926 0.0492163
97 0.590958 0.179114 0.0465724
98 0.590958 0.183289 0.0504012
99 0.590958 0.201514 0.0532891
100 0.590958 0.227319 0.0567211
101 0.590958 0.184776 0.0498485
102 0.590958 0.190448 0.0505308
103 0.590958 0.196768 0.0492609
104 0.590958 0.217201 0.0492755
105 0.590958 0.190714 0.0481994
106 0.590958 0.205672 0.0513318
107 0.590958 0.206572 0.0476488
108 0.590958 0.21237 0.0526541
109 0.590958 0.23775 0.0506001
110 0.590958 0.265968 0.0494239
111 0.594394 0.25677 0.0514432
112 0.594394 0.223238 0.0524693
113 0.594394 0.208218 0.0519711
114 0.594394 0.218206 0.0504705
115 0.594394 0.201236 0.0511114
116 0.594394 0.207702 0.0552384
117 0.594394 0.203001 0.0566066
118 0.594394 0.211183 0.0486226
119 0.594394 0.248315 0.0546514
120 0.594394 0.225166 0.0518182
121 0.594394 0.214638 0.052267
122 0.594394 0.231223 0.0497259
123 0.594394 0.206207 0.050172
124 0.594394 0.194321 0.0483432
125 0.594394 0.204617 0.0529351
126 0.594394 0.183177 0.047756
127 0.594394 0.194469 0.0478827
128 0.59533 0.197792 0.0515341
129 0.59533 0.193276 0.0503121
130 0.59533 0.174747 0.0489736
131 0.59533 0.179893 0.0525154
132 0.59533 0.179176 0.048053
133 0.59533 0.191321 0.0508017
134 0.59533 0.220874 0.052161
135 0.59533 0.23296 0.0532174
136 0.59533 0.2397 0.055471
137 0.59533 0.216915 0.0501331
138 0.59533 0.221597 0.0561118
139 0.59533 0.203831 0.0534903
140 0.59533 0.197125 0.0502302
141 0.59533 0.186422 0.047284
142 0.59533 0.188119 0.0497515
143 0.59533 0.198308 0.0508089
144 0.59533 0.217783 0.0491109
145 0.59533 0.237423 0.0492807
146 0.59533 0.217014 0.0513578
147 0.59533 0.213391 0.0515599
148 0.59533 0.195302 0.0508269
149 0.59533 0.219296 0.0495643
150 0.59533 0.201187 0.0512302
151 0.59533 0.230375 0.0505977
152 0.59533 0.251472 0.0497527
153 0.59533 0.236099 0.0507462
154 0.59533 0.23099 0.0476719
155 0.59533 0.227415 0.0493707
156 0.59533 0.209888 0.0475542
157 0.59533 0.227849 0.0528908
158 0.59533 0.232555 0.054015
159 0.59533 0.226644 0.0514999
160 0.59533 0.241735 0.054409
161 0.59533 0.23108 0.0490665
162 0.59533 0.23467 0.0469878
163 0.59533 0.219591 0.0510013
164 0.59802 0.239992 0.0522165
165 0.59802 0.232375 0.0519757
166 0.59802 0.230166 0.0542678
167 0.59802 0.232565 0.0558516
168 0.59802 0.274503 0.0544746
169 0.59802 0.265507 0.0528157
170 0.59802 0.254056 0.0565002
171 0.59802 0.237239 0.0552598
172 0.59802 0.234326 0.0529551
173 0.59802 0.244503 0.0579196
174 0.59802 0.235286 0.0560017
175 0.59802 0.206446 0.0501131
176 0.59802 0.206483 0.0507427
177 0.59802 0.220453 0.0538256
178 0.59802 0.227743 0.0532242
179 0.59802 0.214833 0.0522681
180 0.59802 0.226627 0.0526725
181 0.59802 0.230439 0.0574077
182 0.59802 0.232836 0.0554021
183 0.59802 0.209534 0.0538854
184 0.59802 0.201733 0.0553417
185 0.59802 0.194114 0.049812
186 0.59802 0.236926 0.0553423
187 0.59802 0.23401 0.0574074
188 0.59802 0.239913 0.0544936
189 0.59802 0.239515 0.0560096
190 0.59802 0.207061 0.0589357
191 0.59802 0.204364 0.0537287
192 0.59802 0.201575 0.0573048
193 0.59802 0.21639 0.0565183
194 0.59802 0.226224 0.0536651
195 0.59802 0.220119 0.0518747
196 0.59802 0.252615 0.0564491
197 0.59802 0.225573 0.0565808
198 0.59802 0.237528 0.0577119
199 0.59802 0.208737 0.0534505
200 0.59802 0.207957 0.0504072
201 0.59802 0.189485 0.0523418
202 0.59802 0.194438 0.0487491
203 0.59802 0.231521 0.0553613
204 0.59802 0.198011 0.0502154
205 0.59802 0.221977 0.0554468
206 0.59802 0.209229 0.0511383
207 0.59802 0.195562 0.0536297
208 0.59802 0.22051 0.0527681
209 0.59802 0.234993 0.0500798
210 0.59802 0.238403 0.0502743
211 0.59802 0.250313 0.0484364
212 0.59802 0.241294 0.0497695
213 0.59802 0.228793 0.0522805
214 0.59802 0.250275 0.0556541
215 0.59802 0.23282 0.0560551
216 0.59802 0.24675 0.0556688
217 0.59802 0.267489 0.0530929
218 0.59802 0.249696 0.0583779
219 0.59802 0.254049 0.0599502
220 0.59802 0.240399 0.0564156
221 0.59802 0.257251 0.0555905
222 0.59802 0.262137 0.0571932
223 0.59802 0.232069 0.05964
224 0.59802 0.233166 0.0528968
225 0.59802 0.22863 0.0520956
226 0.59802 0.253499 0.0519133
227 0.59802 0.26038 0.0523228
228 0.59802 0.218819 0.0516659
229 0.59802 0.220965 0.0535091
230 0.59802 0.214462 0.0564807
231 0.59802 0.20191 0.0567745
232 0.59802 0.215226 0.0550995
233 0.59802 0.220345 0.0522404
234 0.59802 0.236986 0.0540294
235 0.59802 0.245704 0.0528195
236 0.59802 0.202995 0.0557139
237 0.59802 0.215644 0.0568382
238 0.59802 0.199112 0.0539227
239 0.59802 0.218049 0.0565058
240 0.59802 0.194435 0.0473983
241 0.59802 0.220443 0.0472782
242 0.59802 0.284604 0.0493745
243 0.59802 0.25076 0.0565789
244 0.59802 0.220368 0.0573676
245 0.59802 0.236007 0.0567851
246 0.59802 0.26064 0.0563305
247 0.59802 0.271523 0.0542166
248 0.59802 0.282809 0.0571893
249 0.59802 0.282803 0.0528766
250 0.59802 0.25647 0.0570657
251 0.59802 0.254374 0.0500556
252 0.59802 0.263859 0.0584757
253 0.59802 0.277962 0.0470668
254 0.59802 0.249204 0.0511989
255 0.59802 0.244268 0.0572497
256 0.59802 0.239167 0.0507437
257 0.59802 0.20338 0.0520541
258 0.59802 0.241073 0.0494473
259 0.59802 0.271711 0.0505561
260 0.59802 0.253857 0.051083
261 0.59802 0.250998 0.0506835
262 0.59802 0.244428 0.0482762
263 0.59802 0.263756 0.049861
264 0.59802 0.243855 0.0566862
265 0.59802 0.232227 0.0566184
266 0.59802 0.224511 0.0586609
267 0.59802 0.206818 0.055551
268 0.59802 0.1839 0.057369
269 0.59802 0.196666 0.0573535
270 0.59802 0.175662 0.0555566
271 0.59802 0.193095 0.0527666
272 0.59802 0.169752 0.0507038
273 0.59802 0.154042 0.0489805
274 0.59802 0.166053 0.0509597
275 0.59802 0.181865 0.0533034
276 0.599422 0.19577 0.0543771
277 0.599422 0.215514 0.0567521
278 0.599422 0.225371 0.0533265
279 0.599422 0.227201 0.0561627
280 0.599422 0.213025 0.054915
281 0.599422 0.244555 0.0591334
282 0.599422 0.220354 0.0586962
283 0.599422 0.224837 0.0560938
284 0.599422 0.224281 0.0557325
285 0.599422 0.238306 0.0604226
286 0.599422 0.23908 0.0552764
287 0.599422 0.226559 0.0533134
288 0.599422 0.222017 0.0537121
289 0.599422 0.192716 0.0513495
290 0.599422 0.226745 0.060217
291 0.599422 0.219186 0.0606336
292 0.599422 0.221345 0.0589196
293 0.599422 0.238913 0.0602726
294 0.599422 0.202373 0.0548018
295 0.599422 0.21201 0.0593057
296 0.599422 0.177248 0.0537462
297 0.599422 0.189691 0.0532943
298 0.599422 0.182416 0.0525155
299 0.599422 0.179501 0.0522349
300 0.599422 0.214517 0.0554535
301 0.599422 0.227417 0.0560459
302 0.599422 0.24316 0.0550667
303 0.599422 0.218826 0.0558583
304 0.599422 0.211572 0.0549968
305 0.599422 0.220274 0.05689
306 0.599422 0.235443 0.0577325
307 0.599422 0.219667 0.0558371
308 0.599422 0.255511 0.0524134
309 0.599422 0.255585 0.0549959
310 0.599422 0.241852 0.0533463
311 0.599422 0.210269 0.0562303
312 0.599422 0.241681 0.0572514
313 0.599422 0.213383 0.0556717
314 0.599422 0.226804 0.0570131
315 0.599422 0.211138 0.0576709
316 0.599422 0.227594 0.0538693
317 0.599422 0.212463 0.0561418
318 0.599422 0.215652 0.0562401
319 0.599422 0.201017 0.0557434
320 0.599422 0.211381 0.05232
321 0.599422 0.210529 0.054364
322 0.599422 0.207373 0.0561631
323 0.599422 0.196319 0.0546415
324 0.599422 0.215839 0.0537445
325 0.599422 0.194133 0.0532702
326 0.599422 0.192174 0.0569082
327 0.599422 0.184969 0.0529562
328 0.599422 0.194447 0.0500507
329 0.599422 0.201908 0.053455
330 0.599422 0.208803 0.0587589
331 0.599422 0.161435 0.0506064
332 0.599422 0.182059 0.0530416
333 0.599422 0.206503 0.0579036
334 0.599422 0.196827 0.0566523
335 0.599422 0.190275 0.0546343
336 0.599422 0.207158 0.0549642
337 0.599422 0.208538 0.0573695
338 0.599422 0.240447 0.0560959
339 0.599422 0.245413 0.0574752
340 0.599422 0.241776 0.0555284
341 0.599422 0.229795 0.0569789
342 0.599422 0.224688 0.0534207
343 0.599422 0.228386 0.0553067
344 0.599422 0.23675 0.0557456
345 0.599422 0.279297 0.0526536
346 0.599422 0.315004 0.0454066
347 0.599422 0.277888 0.0497531
348 0.599422 0.278921 0.0526933
349 0.599422 0.258284 0.0566341
350 0.599422 0.261744 0.0499294
351 0.599422 0.254667 0.0548681
352 0.599422 0.259216 0.0499155
353 0.599422 0.262564 0.0523381
354 0.599422 0.258738 0.052095
355 0.599422 0.228817 0.0532028
356 0.599422 0.250089 0.0547285
357 0.599422 0.234953 0.0579084
358 0.599422 0.215102 0.0538361
359 0.599903 0.226673 0.0515086
360 0.600042 0.250455 0.0570366
361 0.600042 0.240593 0.0574682
362 0.600042 0.234266 0.053663
363 0.600042 0.25582 0.0548613
364 0.600042 0.25378 0.0533745
365 0.600042 0.213918 0.054301
366 0.600042 0.210158 0.0499116
367 0.600042 0.201375 0.052482
368 0.600042 0.185898 0.0518575
369 0.600042 0.209942 0.0499694
370 0.600042 0.213201 0.052758
371 0.600042 0.210072 0.0519419
372 0.600042 0.222944 0.0502941
373 0.600042 0.236845 0.0556522
374 0.600042 0.237901 0.0503734
375 0.600042 0.218445 0.0542562
376 0.600042 0.219404 0.055483
377 0.600042 0.189259 0.0535963
378 0.600042 0.188948 0.0533482
379 0.600042 0.193717 0.0561891
380 0.600042 0.20808 0.0573142
381 0.600042 0.200344 0.0581121
382 0.600042 0.218764 0.0572428
383 0.600042 0.213957 0.0552863
384 0.600042 0.220126 0.0565309
385 0.600042 0.218954 0.0577575
386 0.600042 0.19664 0.052506
387 0.600042 0.182863 0.0535522
388 0.600042 0.229138 0.0533174
389 0.600042 0.198367 0.0519522
390 0.600042 0.216424 0.0544096
391 0.600042 0.209049 0.0571842
392 0.600042 0.231817 0.0536092
393 0.600042 0.24477 0.0541578
394 0.600042 0.267906 0.0538653
395 0.600042 0.249783 0.0578096
396 0.600042 0.230184 0.0563436
397 0.600042 0.237047 0.0531883
398 0.600042 0.261381 0.0595088
399 0.600042 0.255578 0.0508484
400 0.60014 0.224821 0.0529935
401 0.60046 0.230098 0.0571953
402 0.60046 0.223777 0.0557636
403 0.60046 0.24142 0.0515973
404 0.60046 0.252358 0.0564264
405 0.60046 0.236221 0.050532
406 0.60046 0.250349 0.0488176
407 0.60046 0.230149 0.0527456
408 0.60046 0.219791 0.0546841
409 0.60046 0.222857 0.056138
410 0.60046 0.219844 0.056861
411 0.60046 0.234387 0.0563362
412 0.60046 0.229948 0.0588773
413 0.60046 0.216918 0.060101
414 0.60046 0.235132 0.0575526
415 0.60046 0.232467 0.0595446
416 0.60046 0.227871 0.0574336
417 0.60046 0.224592 0.0566065
418 0.60046 0.23688 0.0586961
419 0.60046 0.230527 0.0554706
420 0.60046 0.216281 0.0559013
421 0.60046 0.217122 0.0550193
422 0.60046 0.207621 0.0571096
423 0.60046 0.236132 0.0648018
424 0.60046 0.242634 0.0567359
425 0.601638 0.216365 0.0552887
426 0.601638 0.214839 0.0539635
427 0.601638 0.226438 0.0558237
428 0.601638 0.218963 0.054887
429 0.601638 0.234698 0.0551107
430 0.601638 0.233949 0.0552481
431 0.601638 0.237719 0.057775
432 0.601638 0.22674 0.0574454
433 0.601638 0.231512 0.0531233
434 0.601638 0.218549 0.0559046
435 0.601638 0.241807 0.0579994
436 0.601638 0.262478 0.0568274
437 0.601638 0.274785 0.0603322
438 0.601638 0.2627 0.0550995
439 0.601638 0.257517 0.0585387
440 0.601638 0.255935 0.0564611
441 0.601638 0.221807 0.0553402
442 0.601638 0.238411 0.0580503
443 0.601638 0.227147 0.056535
444 0.601638 0.202229 0.0568559
445 0.601638 0.214624 0.05827
446 0.601638 0.22781 0.0556159
447 0.601638 0.254954 0.0575499
448 0.601638 0.27794 0.0580654
449 0.601638 0.29471 0.0586566
450 0.601638 0.281684 0.0563883
451 0.601638 0.292895 0.0517549
452 0.601638 0.250522 0.051341
453 0.601638 0.286489 0.049734
454 0.601638 0.290456 0.0522038
455 0.601638 0.278279 0.0523971
456 0.601638 0.281574 0.0534384
457 0.601638 0.250561 0.0557898
458 0.601638 0.246723 0.0483624
459 0.601638 0.252071 0.0564891
460 0.601638 0.226567 0.0572402
461 0.601638 0.258103 0.0565398
462 0.601638 0.245403 0.0518054
463 0.601638 0.260451 0.0563859
464 0.601638 0.216494 0.0562711
465 0.601638 0.232194 0.0570917
466 0.601638 0.229774 0.0579748
467 0.601638 0.240564 0.0520158
468 0.601638 0.23314 0.0567662
469 0.601638 0.215673 0.0520095
470 0.601638 0.222285 0.0500762
471 0.601638 0.217729 0.0547608
472 0.601638 0.209324 0.0548924
473 0.601638 0.217479 0.0508503
474 0.601638 0.205684 0.0504457
475 0.601638 0.188291 0.0529396
476 0.601638 0.185559 0.0570618
477 0.601638 0.181959 0.0567795
478 0.601638 0.175167 0.0520004
479 0.601638 0.173097 0.0525157
480 0.601638 0.208818 0.0577722
481 0.601638 0.211927 0.0594206
482 0.601638 0.227603 0.0594183
483 0.601638 0.240836 0.0581623
484 0.601638 0.239141 0.0526223
485 0.601638 0.264718 0.0588088
486 0.601638 0.272098 0.0594401
487 0.601638 0.242244 0.0591257
488 0.601638 0.228326 0.0649999
489 0.601638 0.237258 0.0577676
490 0.601638 0.248706 0.0582583
491 0.601638 0.230315 0.0566204
492 0.601638 0.279665 0.0623103
493 0.601638 0.283226 0.0589359
494 0.601638 0.238721 0.0532614
495 0.601638 0.247461 0.0539299
496 0.601638 0.227259 0.0525349
497 0.601638 0.227743 0.0565758
498 0.601638 0.259317 0.0573831
499 0.601638 0.224355 0.0585965
500 0.601638 0.210888 0.0599887
501 0.601638 0.212143 0.0593748
502 0.601638 0.225217 0.0583393
503 0.601638 0.181407 0.0496113
504 0.601638 0.230173 0.0530611
505 0.602481 0.212865 0.0545113
506 0.602481 0.236279 0.0573507
507 0.602481 0.238942 0.0504756
508 0.602593 0.233011 0.0563033
509 0.602593 0.226855 0.0536556
510 0.602593 0.215323 0.0570516
511 0.602593 0.231435 0.0540591
512 0.602593 0.222792 0.0550461
513 0.60265 0.239916 0.0558249
514 0.60265 0.231925 0.056433
515 0.60265 0.205229 0.0541455
516 0.60265 0.189457 0.0515029
517 0.60265 0.195903 0.0562747
518 0.60265 0.2185 0.0564066
519 0.60265 0.254255 0.0568939
520 0.60265 0.216655 0.0547288
521 0.60265 0.229955 0.0578402
522 0.60265 0.231622 0.0629835
523 0.60265 0.217606 0.0601304
524 0.60265 0.22749 0.0617134
525 0.60265 0.244915 0.0589194
526 0.60265 0.235886 0.0534152
527 0.60265 0.214059 0.055477
528 0.60265 0.217022 0.0562406
529 0.60265 0.176834 0.048091
530 0.60265 0.185624 0.0513194
531 0.60265 0.204931 0.0542025
532 0.60265 0.222863 0.0576375
533 0.60265 0.215201 0.0531788
534 0.60265 0.229592 0.0530521
535 0.60265 0.254453 0.0545538
536 0.60265 0.259608 0.0508767
537 0.60265 0.23841 0.0560446
538 0.60265 0.223769 0.0565326
539 0.60265 0.244805 0.0606006
540 0.60265 0.249802 0.0579638
541 0.60265 0.24314 0.0561621
542 0.60265 0.237849 0.060973
543 0.60265 0.256243 0.0585345
544 0.60265 0.225192 0.0546715
545 0.60265 0.235923 0.0540784
546 0.60265 0.242468 0.0576055
547 0.60265 0.249917 0.0584449
548 0.60265 0.259889 0.0583967
549 0.60265 0.244051 0.0561314
550 0.60265 0.244658 0.055485
551 0.60265 0.224889 0.0600463
552 0.60265 0.205767 0.0553077
553 0.60265 0.207999 0.0549615
554 0.60265 0.221504 0.0565748
555 0.60265 0.200752 0.0573456
556 0.60265 0.237488 0.0581335
557 0.60265 0.237129 0.059047
558 0.60265 0.224399 0.05487
559 0.60265 0.235489 0.0605517
560 0.60265 0.218718 0.0593898
561 0.60265 0.246271 0.0578872
562 0.60265 0.245696 0.0553799
563 0.60265 0.229668 0.0539479
564 0.60265 0.222662 0.0542208
565 0.60265 0.218584 0.0551238
566 0.60265 0.220768 0.0580645
567 0.60265 0.25349 0.0613115
568 0.60265 0.251318 0.0612869
569 0.60265 0.219438 0.0594038
570 0.60265 0.233516 0.0560218
571 0.60265 0.237113 0.0585302
572 0.60265 0.239095 0.0577823
573 0.60265 0.247826 0.056947
574 0.60265 0.25481 0.0550812
575 0.60265 0.234939 0.0543255
576 0.60265 0.216353 0.0553547
577 0.60265 0.19955 0.054735
578 0.60265 0.21649 0.057414
579 0.60265 0.218382 0.0579736
580 0.60265 0.215974 0.0592747
581 0.60265 0.24284 0.0599108
582 0.60265 0.22586 0.0585557
583 0.60265 0.23791 0.0563912
584 0.60265 0.234154 0.0589169
585 0.60265 0.233161 0.0589216
586 0.60265 0.235165 0.0538404
587 0.60265 0.229059 0.0549959
588 0.60265 0.214408 0.0595001
589 0.60265 0.219102 0.0589863
590 0.60265 0.226287 0.0573697
591 0.60265 0.241753 0.0554396
592 0.60265 0.235384 0.0525104
593 0.60265 0.237901 0.0548056
594 0.60265 0.22782 0.0576352
595 0.60265 0.225545 0.0572366
596 0.60265 0.223645 0.0577207
597 0.60265 0.239391 0.0544733
598 0.60265 0.20982 0.0534094
599 0.60265 0.239272 0.0590556
600 0.60265 0.232064 0.0569883
601 0.60265 0.269094 0.0562664
602 0.60265 0.257025 0.0524011
603 0.60265 0.239064 0.0508058
604 0.60265 0.26246 0.0550547
605 0.60265 0.221425 0.0572086
606 0.60265 0.233526 0.0557342
607 0.60265 0.239866 0.0547155
608 0.60265 0.225877 0.054497
609 0.60265 0.227402 0.0539196
610 0.60265 0.237656 0.0568256
611 0.60265 0.238635 0.0549522
612 0.60265 0.257168 0.0513003
613 0.60265 0.232491 0.0507488
614 0.60265 0.207254 0.0512344
615 0.60265 0.240136 0.0537025
616 0.60265 0.220433 0.0530274
617 0.60265 0.204422 0.0516016
618 0.60265 0.191042 0.0549627
619 0.60265 0.216177 0.0538393
620 0.60265 0.233637 0.0548457
621 0.60265 0.263371 0.0503396
622 0.60265 0.257814 0.0569511
623 0.60265 0.251316 0.0593127
624 0.60265 0.211803 0.0564841
625 0.60265 0.210914 0.0557638
626 0.60265 0.194529 0.0540002
627 0.60265 0.224838 0.0553555
628 0.60265 0.196115 0.0537056
629 0.60265 0.220352 0.0590141
630 0.60265 0.228282 0.0561807
631 0.60265 0.252503 0.0587424
632 0.60265 0.230758 0.0624795
633 0.60265 0.256984 0.0573713
634 0.60265 0.235689 0.0580921
635 0.60265 0.227142 0.0570756
636 0.60265 0.268259 0.0574946
637 0.60265 0.256224 0.0606303
638 0.60265 0.238295 0.06286
639 0.60265 0.220446 0.0619868
640 0.60265 0.254319 0.0585897
641 0.60265 0.231333 0.0581636
642 0.60265 0.223131 0.054595
643 0.60265 0.237463 0.0562892
644 0.60265 0.224495 0.0564518
645 0.60265 0.248062 0.0532386
646 0.60265 0.243544 0.058748
647 0.60265 0.243599 0.0555807
648 0.60265 0.222541 0.0523308
649 0.60265 0.210474 0.0514789
650 0.60265 0.225067 0.0503956
651 0.60265 0.225311 0.0520267
652 0.60265 0.231886 0.0495166
653 0.604255 0.206477 0.0498064
654 0.604255 0.236719 0.0580522
655 0.604255 0.25861 0.0538309
656 0.604255 0.234621 0.0578813
657 0.604255 0.248141 0.0554802
658 0.604255 0.226779 0.0584272
659 0.604255 0.203108 0.058795
660 0.604255 0.208911 0.0579532
661 0.604255 0.216328 0.0563295
662 0.604255 0.227974 0.0584824
663 0.604255 0.216256 0.0527616
664 0.604255 0.214799 0.0509763
665 0.604255 0.227781 0.0525858
666 0.604255 0.257513 0.0555205
667 0.604255 0.238521 0.0567859
668 0.604255 0.227373 0.0591314
669 0.604255 0.198744 0.0498916
670 0.604255 0.201158 0.0559652
671 0.604255 0.220539 0.0559931
672 0.604255 0.215088 0.0564094
673 0.604255 0.234273 0.0594279
674 0.604255 0.233945 0.0575935
675 0.604255 0.242008 0.0567582
676 0.604255 0.235152 0.0541971
677 0.604255 0.246196 0.0593868
678 0.604255 0.244574 0.0581991
679 0.604255 0.250043 0.0538112
680 0.604255 0.240511 0.0557062
681 0.604255 0.235455 0.0513234
682 0.604255 0.224248 0.0529234
683 0.604255 0.235494 0.0547466
684 0.604255 0.243075 0.0611317
685 0.604255 0.262472 0.057553
686 0.604255 0.244034 0.0554368
687 0.604255 0.271927 0.0540329
688 0.604255 0.231308 0.0572786
689 0.604255 0.219524 0.0567902
690 0.604255 0.228493 0.0508431
691 0.604255 0.259891 0.0522775
692 0.604255 0.286131 0.0543318
693 0.604255 0.269386 0.0557813
694 0.604255 0.292059 0.0557464
695 0.604255 0.276678 0.0573206
696 0.604255 0.271864 0.0598115
697 0.604947 0.256282 0.0580204
698 0.604947 0.278292 0.0508104
699 0.604947 0.262652 0.0583379
700 0.604947 0.26255 0.0577762
701 0.604947 0.288131 0.0577567
702 0.604947 0.267484 0.0593712
703 0.604947 0.233501 0.0631371
704 0.604947 0.267305 0.0535115
705 0.604947 0.261544 0.0569017
706 0.604947 0.25818 0.0612079
707 0.604947 0.240188 0.0571366
708 0.604947 0.270259 0.0605265
709 0.604947 0.253547 0.056836
710 0.604947 0.253015 0.0547057
711 0.604947 0.280745 0.0527484
712 0.604947 0.319183 0.0592509
713 0.605359 0.276686 0.0555388
714 0.605359 0.253747 0.0558099
715 0.605359 0.248336 0.0546417
716 0.605359 0.24708 0.0555885
717 0.605359 0.255044 0.0535539
718 0.605359 0.269629 0.0563318
719 0.605359 0.246211 0.054161
720 0.605359 0.260401 0.0561705
721 0.605359 0.272296 0.054152
722 0.605359 0.249467 0.0542931
723 0.605359 0.253728 0.0533952
724 0.605359 0.264501 0.0571668
725 0.605359 0.286937 0.0528514
726 0.605359 0.316622 0.0547915
727 0.605359 0.304646 0.0517669
728 0.605359 0.269827 0.0513186
729 0.605359 0.263205 0.0496931
730 0.605359 0.243339 0.0584596
731 0.605359 0.256699 0.0555402
732 0.606265 0.246124 0.0540849
733 0.606265 0.226816 0.0555452
734 0.606265 0.251787 0.0555531
735 0.606265 0.239547 0.060689
736 0.606265 0.252013 0.058274
737 0.606265 0.240971 0.0569111
738 0.606265 0.23166 0.0566353
739 0.606265 0.271107 0.0591216
740 0.606265 0.249535 0.0549884
741 0.606265 0.257456 0.0542528
742 0.606265 0.262661 0.0532216
743 0.606665 0.250303 0.0578303
744 0.606665 0.28261 0.0557267
745 0.606665 0.266536 0.0603744
746 0.607276 0.306566 0.0528754
747 0.607276 0.282672 0.0628768
748 0.607276 0.280336 0.0624029
749 0.607276 0.276836 0.0577445
750 0.607276 0.26629 0.054918
751 0.607276 0.275563 0.050535
752 0.607276 0.284144 0.0581815
753 0.607276 0.251429 0.0574632
754 0.607276 0.220895 0.0588693
755 0.607276 0.219845 0.0546279
756 0.607491 0.229614 0.056247
757 0.607491 0.228292 0.0582236
758 0.607491 0.245254 0.0547679
759 0.607491 0.231833 0.050964
760 0.607491 0.246221 0.0523769
761 0.607491 0.245419 0.0547462
762 0.607491 0.255836 0.0563389
763 0.607491 0.247987 0.0538243
764 0.607491 0.24318 0.0528169
765 0.607491 0.232367 0.0562178
766 0.607491 0.253019 0.055074
767 0.607491 0.237254 0.0578839
768 0.607491 0.26105 0.0562932
769 0.607491 0.241775 0.0564253
770 0.607491 0.211213 0.0573861
771 0.607491 0.200699 0.052309
772 0.607491 0.234028 0.0616602
773 0.607491 0.222417 0.0578999
774 0.607491 0.242517 0.0606327
775 0.607491 0.229709 0.0623774
776 0.607491 0.236486 0.0621551
777 0.607491 0.2308 0.0645587
778 0.607491 0.217286 0.0594572
779 0.607491 0.222989 0.0597287
780 0.607491 0.214539 0.0612233
781 0.607491 0.236826 0.0595715
782 0.607491 0.212678 0.0566129
783 0.607491 0.228111 0.0579028
784 0.607491 0.220177 0.0593183
785 0.607491 0.230434 0.0583103
786 0.607491 0.238078 0.0601798
787 0.607491 0.233315 0.0579346
788 0.607491 0.223859 0.0551213
789 0.607491 0.237462 0.0538091
790 0.607491 0.225576 0.0591146
791 0.607491 0.207889 0.0546184
792 0.607491 0.229975 0.0574445
793 0.607491 0.229928 0.0565298
794 0.607491 0.24875 0.0538218
795 0.607491 0.222919 0.0568744
796 0.607491 0.247702 0.0599889
797 0.607491 0.211658 0.0604369
798 0.607491 0.19828 0.0584089
799 0.607491 0.209525 0.0582558
800 0.607491 0.217126 0.0574982
801 0.607491 0.241029 0.0570714
802 0.607491 0.21241 0.0547909
803 0.607491 0.191092 0.0471389
804 0.607491 0.208112 0.0548055
805 0.607491 0.198035 0.0511873
806 0.607491 0.220709 0.0545121
807 0.607491 0.228962 0.0578385
808 0.607491 0.265813 0.0587536
809 0.607491 0.22115 0.0510615
810 0.607491 0.216462 0.0562533
811 0.607491 0.200118 0.0515554
812 0.607491 0.217855 0.0534345
813 0.607491 0.196838 0.0553702
814 0.607491 0.184565 0.0568659
815 0.607491 0.213812 0.06083
816 0.607491 0.199579 0.057945
817 0.607491 0.22024 0.0579786
818 0.607491 0.220834 0.0601726
819 0.607491 0.222841 0.0608509
820 0.607491 0.225252 0.0590288
821 0.607491 0.194412 0.0543489
822 0.607491 0.23108 0.0575259
823 0.607491 0.231723 0.0507969
824 0.607491 0.249174 0.0557175
825 0.607491 0.234173 0.0590195
826 0.607491 0.232895 0.0539006
827 0.607491 0.254293 0.0525611
828 0.607491 0.265169 0.0525675
829 0.607491 0.290934 0.0536658
830 0.607491 0.293585 0.0546679
831 0.607491 0.274496 0.0572686
832 0.607491 0.274132 0.0565476
833 0.607491 0.26177 0.0534169
834 0.607491 0.248042 0.0550736
835 0.607491 0.23262 0.0528064
836 0.607491 0.221101 0.0571723
837 0.607491 0.229215 0.0542897
838 0.607491 0.216763 0.0531476
839 0.607491 0.202082 0.0555239
840 0.607491 0.201763 0.0532384
841 0.607491 0.211566 0.0543399
842 0.607491 0.232016 0.0556665
843 0.607491 0.239819 0.0542364
844 0.607491 0.218602 0.0587601
845 0.607491 0.206746 0.0553751
846 0.608555 0.219337 0.0591141
847 0.608555 0.223212 0.0528814
848 0.608555 0.214175 0.0570386
849 0.608555 0.215579 0.0578599
850 0.615485 0.189899 0.0533999
851 0.615485 0.197652 0.0515722
852 0.615485 0.214801 0.0540698
853 0.615485 0.194572 0.0539095
854 0.615485 0.189286 0.0523404
855 0.615485 0.198406 0.0595746
856 0.615485 0.208976 0.0602015
857 0.615485 0.229123 0.0601863
858 0.615485 0.230492 0.0564879
859 0.615485 0.227297 0.0597762
860 0.615485 0.233404 0.0643696
861 0.615485 0.245396 0.058988
862 0.615485 0.247829 0.0534993
863 0.615485 0.227616 0.0600815
864 0.615485 0.193725 0.0511371
865 0.615485 0.207732 0.0577656
866 0.615485 0.198475 0.0566932
867 0.615485 0.201506 0.058404
868 0.615485 0.204666 0.0554366
869 0.615485 0.235898 0.0595287
870 0.615485 0.203948 0.0546716
871 0.615485 0.209562 0.058272
872 0.615485 0.208445 0.0583397
873 0.615485 0.203402 0.05872
874 0.615485 0.231937 0.0625783
875 0.615485 0.212756 0.0619928
876 0.615485 0.231522 0.0608582
877 0.615485 0.211357 0.0576826
878 0.615485 0.217553 0.0594326
879 0.615485 0.227512 0.0566315
880 0.615485 0.239254 0.056143
881 0.615485 0.199598 0.0539539
882 0.615485 0.206413 0.0504253
883 0.615485 0.20132 0.0530022
884 0.615485 0.208899 0.0574893
885 0.615485 0.238867 0.0581428
886 0.615485 0.216777 0.0566783
887 0.615485 0.235803 0.0572199
888 0.615485 0.257648 0.0554997
889 0.615485 0.241082 0.0574753
890 0.615485 0.228864 0.057788
891 0.615485 0.21061 0.0550088
892 0.615485 0.21482 0.0499431
893 0.615485 0.210961 0.0503191
894 0.615485 0.19939 0.0502803
895 0.615485 0.207193 0.0489688
896 0.615485 0.192092 0.0528596
897 0.615485 0.190298 0.0541899
898 0.615485 0.181993 0.050132
899 0.615485 0.205084 0.0556599
900 0.615485 0.178953 0.0486639
901 0.615485 0.157028 0.0517329
902 0.615485 0.175427 0.0471966
903 0.615485 0.191204 0.0500595
904 0.615485 0.174151 0.0478955
905 0.615485 0.171112 0.0510184
906 0.615485 0.170062 0.0526349
907 0.615485 0.153468 0.0467155
908 0.615485 0.153406 0.0425989
909 0.615485 0.185649 0.0507226
910 0.615485 0.15605 0.0490305
911 0.615485 0.162608 0.0496298
912 0.615485 0.174513 0.0491845
913 0.615485 0.174318 0.0523717
914 0.615485 0.17626 0.048947
915 0.615485 0.206599 0.0574584
916 0.615485 0.188478 0.053658
917 0.615485 0.182745 0.0522884
918 0.615485 0.191788 0.0548798
919 0.615485 0.184623 0.0520544
920 0.615485 0.178769 0.055033
921 0.615485 0.197548 0.0579486
922 0.615485 0.209034 0.0597886
923 0.615485 0.169406 0.0561278
924 0.615485 0.182369 0.0550283
925 0.615485 0.191759 0.0545377
926 0.615485 0.170983 0.0543406
927 0.615485 0.183645 0.0552331
928 0.615485 0.194167 0.0579878
929 0.615485 0.176913 0.0580995
930 0.615485 0.193945 0.055872
931 0.615485 0.219888 0.0573596
932 0.615485 0.19466 0.0530885
933 0.615485 0.186822 0.0506792
934 0.615485 0.195358 0.0546078
935 0.615485 0.198887 0.0560863
936 0.615485 0.209485 0.0550433
937 0.615485 0.197023 0.0504451
938 0.615485 0.199557 0.0522198
939 0.615485 0.189934 0.0494849
940 0.615485 0.180068 0.0472848
941 0.615485 0.191688 0.0501487
942 0.615485 0.205274 0.0494686
943 0.615485 0.207932 0.0508675
944 0.615485 0.177496 0.0476231
945 0.615485 0.155905 0.0467093
946 0.615485 0.214573 0.0518612
947 0.615485 0.175328 0.0514962
948 0.615485 0.183869 0.0521855
949 0.615485 0.191239 0.0548652
950 0.615485 0.185377 0.0527822
951 0.615485 0.20677 0.0522861
952 0.615485 0.205404 0.0549729
953 0.616751 0.207587 0.0584845
954 0.616751 0.185731 0.0555414
955 0.616751 0.184126 0.0539559
956 0.616751 0.172821 0.0499246
957 0.616751 0.193112 0.0517221
958 0.616751 0.185837 0.052823
959 0.616751 0.188244 0.0512222
960 0.616751 0.181455 0.0510798
961 0.616751 0.208556 0.0537024
962 0.616751 0.188878 0.0536683
963 0.616751 0.216145 0.0576599
964 0.616751 0.227589 0.0508268
965 0.616751 0.22086 0.0544724
966 0.616751 0.210085 0.0500609
967 0.616751 0.230214 0.0584796
968 0.616751 0.20434 0.0594335
969 0.616751 0.188263 0.0532664
970 0.616751 0.202718 0.056775
971 0.616751 0.183867 0.0518508
972 0.616751 0.191531 0.0520523
973 0.616751 0.180578 0.0548512
974 0.616751 0.206597 0.0571657
975 0.616751 0.198599 0.0491997
976 0.616751 0.201669 0.0500814
977 0.616751 0.178197 0.0512096
978 0.616751 0.18811 0.0520181
979 0.616751 0.188687 0.0549376
980 0.616751 0.170625 0.0537368
981 0.616751 0.217891 0.0570612
982 0.616751 0.206327 0.0532637
983 0.616751 0.208775 0.0535126
984 0.616751 0.228007 0.0535027
985 0.616751 0.208016 0.0537401
986 0.616751 0.210845 0.0564424
987 0.616751 0.212625 0.0524149
988 0.616751 0.188862 0.0538214
989 0.616751 0.196924 0.0538074
990 0.616751 0.196587 0.0541836
991 0.616751 0.187888 0.0552485
992 0.616751 0.185023 0.0520505
993 0.616751 0.196772 0.0581621
994 0.616751 0.178139 0.0519759
995 0.616751 0.182847 0.0531144
996 0.616751 0.199929 0.0532034
997 0.616751 0.176902 0.0493477
998 0.616751 0.169665 0.0523464
999 0.616751 0.185807 0.0508141
1000 0.616751 0.176576 0.0515515
