0 0.125277 0.06685 0.00388478
1 0.125277 0.0702006 0.00388327
2 0.125277 0.0740421 0.00379649
3 0.125277 0.0851593 0.00343037
4 0.125277 0.0964204 0.00278976
5 0.125277 0.0976826 0.00270141
6 0.125277 0.100243 0.00250855
7 0.125277 0.0984528 0.00261248
8 0.125277 0.105597 0.00203996
9 0.125277 0.100595 0.00243991
10 0.125277 0.100398 0.00247832
11 0.125277 0.105658 0.00202664
12 0.125277 0.106475 0.00199803
13 0.125277 0.107666 0.0018991
14 0.125277 0.107946 0.00184272
15 0.125277 0.108911 0.00178252
16 0.17477 0.108172 0.00193888
17 0.17477 0.113628 0.00137277
18 0.17477 0.113251 0.00136837
19 0.17477 0.114028 0.00133523
20 0.17477 0.116126 0.00110838
21 0.267953 0.114341 0.00164661
22 0.267953 0.113607 0.00223359
23 0.267953 0.112216 0.00269598
24 0.369406 0.117535 0.00379631
25 0.377737 0.125397 0.00568939
26 0.416742 0.130378 0.00732484
27 0.49225 0.14295 0.00799419
28 0.49225 0.139821 0.01001
29 0.49225 0.141469 0.0115392
30 0.49225 0.139126 0.0125028
31 0.49225 0.14903 0.0155427
32 0.49225 0.148935 0.0171181
33 0.49225 0.145256 0.0177908
34 0.49225 0.150768 0.0177678
35 0.542899 0.173731 0.0219796
35 0.531279 0.0990022 0.0328297
36 0.531279 0.0953836 0.0314899
37 0.554409 0.101992 0.0363287
38 0.554409 0.11279 0.0374472
39 0.554409 0.0931436 0.0321483
40 0.554409 0.124785 0.0375428
41 0.554409 0.119839 0.0403313
42 0.554409 0.116225 0.0374166
43 0.57181 0.129295 0.0394529
44 0.57181 0.147129 0.0420603
45 0.57181 0.151515 0.0446659
46 0.57181 0.153662 0.0478651
47 0.574512 0.154227 0.049823
48 0.574512 0.176138 0.0470831
49 0.581327 0.153313 0.0447069
50 0.581327 0.152675 0.0399452
51 0.581327 0.14482 0.0422546
52 0.581327 0.150463 0.0445495
53 0.581327 0.122112 0.0387549
54 0.581327 0.151445 0.04449
55 0.581327 0.150317 0.0421773
56 0.581327 0.128574 0.0425191
57 0.581327 0.1339 0.042808
58 0.581327 0.182828 0.047803
59 0.581327 0.139947 0.0446638
60 0.581327 0.137328 0.0474278
61 0.581327 0.113981 0.0403582
62 0.581327 0.115076 0.0400039
63 0.581327 0.0919842 0.0341379
64 0.581327 0.097601 0.0373615
65 0.581327 0.132603 0.0441451
66 0.581327 0.142427 0.0427398
67 0.581327 0.123868 0.0413122
68 0.581327 0.142556 0.0457023
69 0.581327 0.135484 0.0434743
70 0.581327 0.146128 0.047269
71 0.581327 0.149536 0.0418373
72 0.581327 0.13892 0.0425375
73 0.58835 0.154967 0.0492509
74 0.58835 0.128324 0.0442173
75 0.58835 0.155709 0.0440853
76 0.58835 0.140964 0.0421861
77 0.58835 0.143708 0.04328
78 0.58835 0.154415 0.0437648
79 0.58835 0.149841 0.0461578
80 0.58835 0.157549 0.0457379
81 0.58835 0.159137 0.0438974
82 0.58835 0.153892 0.0420213
83 0.58835 0.169532 0.0448104
84 0.58835 0.162682 0.0425075
85 0.58835 0.168601 0.0418124
86 0.58835 0.175169 0.0460239
87 0.58835 0.150038 0.0453909
88 0.58835 0.142602 0.0463033
89 0.58835 0.143165 0.0429854
90 0.58835 0.141434 0.0433818
91 0.58835 0.140959 0.0435325
92 0.58835 0.124981 0.0413129
93 0.58835 0.113104 0.0392368
94 0.58835 0.127419 0.0405353
95 0.58835 0.138158 0.0437425
96 0.58835 0.123579 0.0419471
97 0.58835 0.140699 0.0482809
98 0.607595 0.169704 0.049606
99 0.607595 0.176107 0.051566
100 0.607595 0.18211 0.0525556
101 0.607595 0.172957 0.0523729
102 0.607595 0.157735 0.0497554
103 0.607595 0.149451 0.0477289
104 0.607595 0.165465 0.0494273
105 0.607595 0.143597 0.0458703
106 0.607595 0.146968 0.0483987
107 0.607595 0.164366 0.0522572
108 0.607595 0.152799 0.0507432
109 0.607595 0.161875 0.0501418
110 0.607595 0.13803 0.0491322
111 0.607595 0.158164 0.0520257
112 0.607595 0.13475 0.0460206
113 0.607595 0.13384 0.0477404
114 0.607595 0.128927 0.043932
115 0.607595 0.151315 0.0469684
116 0.607595 0.138975 0.0466888
117 0.607595 0.148242 0.0471909
118 0.607595 0.166372 0.0524743
119 0.607595 0.144901 0.0484862
120 0.607595 0.125732 0.0453848
121 0.607595 0.152687 0.0466122
122 0.607595 0.174216 0.051677
123 0.607595 0.142824 0.0462116
124 0.607595 0.153158 0.0497311
125 0.607595 0.170741 0.0535611
126 0.607595 0.164958 0.0523673
127 0.607595 0.169891 0.0529031
128 0.607595 0.140751 0.048243
129 0.607595 0.14439 0.0526965
130 0.607595 0.165261 0.0484653
131 0.607595 0.140248 0.0451183
132 0.607595 0.160353 0.0501802
133 0.607595 0.17261 0.0519455
134 0.607595 0.174391 0.0481812
135 0.607595 0.179268 0.0485682
136 0.607595 0.166575 0.048842
137 0.607595 0.179712 0.0543569
138 0.607595 0.165274 0.0532448
139 0.607595 0.168247 0.0507955
140 0.607595 0.190633 0.054495
141 0.609012 0.187896 0.0532491
142 0.609012 0.16797 0.0490611
143 0.609012 0.151764 0.0490428
144 0.609012 0.157858 0.0506249
145 0.609012 0.140826 0.046497
146 0.609012 0.173758 0.0543776
147 0.609012 0.162449 0.0477567
148 0.609012 0.149812 0.0468627
149 0.609012 0.152668 0.048613
150 0.609012 0.182666 0.0526778
151 0.609012 0.16547 0.0524146
152 0.609012 0.16902 0.0469288
153 0.609012 0.179258 0.0487815
154 0.609012 0.177948 0.0472365
155 0.609012 0.17923 0.048902
156 0.609012 0.158264 0.046747
157 0.609012 0.169118 0.0494654
158 0.609012 0.161255 0.0525288
159 0.609012 0.169169 0.0554906
160 0.609012 0.190144 0.0576602
161 0.611289 0.197719 0.0532049
162 0.611289 0.163184 0.051059
163 0.611289 0.17003 0.0541916
164 0.611289 0.151875 0.053889
165 0.611289 0.124532 0.0498703
166 0.611289 0.135819 0.048798
167 0.611289 0.143628 0.0511532
168 0.611289 0.137037 0.0507723
169 0.611289 0.159041 0.0503734
170 0.611289 0.169394 0.051599
171 0.611289 0.163588 0.0518537
172 0.611289 0.168215 0.0543832
173 0.611289 0.149375 0.0455247
174 0.611289 0.153203 0.0489195
175 0.611289 0.129926 0.043561
176 0.611289 0.136871 0.0457861
177 0.611289 0.13791 0.0473834
178 0.611289 0.126946 0.0455407
179 0.611289 0.142797 0.0504643
180 0.611289 0.150191 0.0468366
181 0.611289 0.160694 0.0499771
182 0.611289 0.169646 0.0483065
183 0.611289 0.153418 0.0486795
184 0.611289 0.143268 0.0489128
185 0.611289 0.134215 0.0453764
186 0.611289 0.161433 0.0502771
187 0.611289 0.147168 0.0508264
188 0.611289 0.153688 0.0491407
189 0.611289 0.162246 0.0502701
190 0.611289 0.163022 0.0545332
191 0.611289 0.163327 0.0565903
192 0.611289 0.155778 0.0501211
193 0.611289 0.129409 0.0465117
194 0.611289 0.134622 0.0473957
195 0.611289 0.162248 0.0548581
196 0.611289 0.148087 0.0527156
197 0.611289 0.156406 0.0535089
198 0.611289 0.150155 0.0542299
199 0.611289 0.14178 0.0525284
200 0.611289 0.136381 0.0505175
201 0.611289 0.153221 0.0514962
202 0.611289 0.156654 0.0554211
203 0.611289 0.13523 0.0490576
204 0.611289 0.13223 0.0485702
205 0.611289 0.164579 0.0546857
206 0.611289 0.142247 0.0546673
207 0.611289 0.161295 0.0544682
208 0.611289 0.155705 0.0535764
209 0.611289 0.129982 0.0451673
210 0.611289 0.134353 0.0453665
211 0.611289 0.147302 0.0524387
212 0.611289 0.134459 0.0491201
213 0.611289 0.151463 0.0526062
214 0.611289 0.152601 0.0542893
215 0.611289 0.137286 0.0464841
216 0.611289 0.140611 0.0501257
217 0.611289 0.13286 0.0474765
218 0.611289 0.1351 0.046491
219 0.611289 0.142838 0.0473154
220 0.611289 0.150227 0.048213
221 0.611289 0.156914 0.0522403
222 0.611289 0.164025 0.05123
223 0.611289 0.167288 0.0533668
224 0.611289 0.158279 0.0514663
225 0.611289 0.1644 0.0591349
226 0.611289 0.182272 0.0522929
227 0.611289 0.173637 0.0520651
228 0.611289 0.191943 0.0531264
229 0.611289 0.184761 0.0540359
230 0.611289 0.161718 0.0523199
231 0.611289 0.163973 0.0556475
232 0.611289 0.169664 0.060148
233 0.611289 0.121681 0.0439974
234 0.611289 0.154671 0.0514296
235 0.611289 0.139614 0.0493883
236 0.611289 0.142104 0.0457371
237 0.611289 0.148239 0.0529941
238 0.611289 0.140027 0.0527874
239 0.611289 0.147926 0.0490851
240 0.611289 0.150253 0.049577
241 0.611289 0.149977 0.0494995
242 0.611289 0.150701 0.0472998
243 0.611289 0.177585 0.0546422
244 0.611289 0.144182 0.0507336
245 0.611289 0.131035 0.0437878
246 0.611289 0.144326 0.0497473
247 0.611289 0.152804 0.0508755
248 0.611289 0.165467 0.0533259
249 0.611289 0.175473 0.0502986
250 0.611289 0.158951 0.0551006
251 0.611289 0.155154 0.050229
252 0.611289 0.156292 0.0520588
253 0.611289 0.167072 0.0533324
254 0.611289 0.156915 0.0476393
255 0.611289 0.178595 0.0498922
256 0.611289 0.155915 0.0507429
257 0.611289 0.125095 0.0439672
258 0.611289 0.146854 0.0520873
259 0.611289 0.139977 0.0489233
260 0.611289 0.133646 0.0479173
261 0.611289 0.179923 0.0506802
262 0.611289 0.144949 0.0463566
263 0.611289 0.154205 0.0478305
264 0.611289 0.178228 0.052809
265 0.611289 0.209365 0.06094
266 0.611289 0.186864 0.0552048
267 0.611289 0.167458 0.0524957
268 0.611289 0.157492 0.051284
269 0.611289 0.154124 0.0524223
270 0.611289 0.14923 0.0511436
271 0.611289 0.176877 0.0517329
272 0.611289 0.16329 0.0544446
273 0.611289 0.130466 0.0487387
274 0.611289 0.160051 0.053304
275 0.611289 0.153037 0.0501156
276 0.611289 0.164917 0.0531302
277 0.611289 0.165785 0.0500029
278 0.611289 0.151784 0.0484422
279 0.611289 0.14406 0.0460034
280 0.611289 0.186123 0.0558743
281 0.611289 0.130924 0.0443596
282 0.611289 0.130764 0.0458634
283 0.611289 0.140967 0.0469019
284 0.611289 0.159851 0.0519169
285 0.611289 0.150176 0.0511518
286 0.611289 0.143248 0.0507583
287 0.611289 0.149295 0.0530021
288 0.611289 0.180077 0.0564557
289 0.611289 0.18235 0.0559901
290 0.611289 0.14641 0.0474482
291 0.611289 0.155686 0.0517221
292 0.611289 0.150923 0.050528
293 0.611289 0.127499 0.0429004
294 0.611289 0.133638 0.0463253
295 0.611289 0.159117 0.0533346
296 0.611289 0.137499 0.0505122
297 0.611289 0.137436 0.0489772
298 0.611289 0.132902 0.0498542
299 0.611289 0.139343 0.0492228
300 0.611289 0.129417 0.0481825
301 0.611289 0.147053 0.0523676
302 0.611289 0.149855 0.0522846
303 0.611289 0.13925 0.0464881
304 0.611289 0.148475 0.0503043
305 0.611289 0.137948 0.0483276
306 0.611289 0.141553 0.0476715
307 0.611289 0.160187 0.0535306
308 0.611289 0.165139 0.0496433
309 0.611289 0.171353 0.0495127
310 0.611289 0.184746 0.0487945
311 0.611289 0.16411 0.0471816
312 0.611289 0.184936 0.0518799
313 0.611289 0.160557 0.0483135
314 0.611289 0.168604 0.0525922
315 0.611289 0.186368 0.0549585
316 0.611289 0.15443 0.0468942
317 0.611289 0.164791 0.0532361
318 0.611289 0.145341 0.0520535
319 0.611289 0.143187 0.0492073
320 0.611289 0.127982 0.0441392
321 0.611289 0.14792 0.0511571
322 0.611289 0.139663 0.0517867
323 0.611289 0.15818 0.0547138
324 0.611289 0.151926 0.0503896
325 0.611289 0.171927 0.057607
326 0.611289 0.146351 0.050983
327 0.611289 0.15104 0.0497222
328 0.611289 0.165355 0.0533809
329 0.611289 0.195408 0.059896
330 0.611289 0.189821 0.0632252
331 0.611289 0.181724 0.0554926
332 0.611289 0.195394 0.055737
333 0.611289 0.163657 0.0574708
334 0.611289 0.14117 0.0479329
335 0.611289 0.133841 0.0453619
336 0.611289 0.152778 0.0480085
337 0.611289 0.15046 0.0460385
338 0.611289 0.184876 0.0558801
339 0.611289 0.158571 0.0505977
340 0.611289 0.139232 0.0464176
341 0.611289 0.156747 0.0505368
342 0.611289 0.167783 0.0524283
343 0.611289 0.16564 0.0528277
344 0.611289 0.168812 0.0528597
345 0.611289 0.185923 0.054031
346 0.611289 0.168398 0.0544994
347 0.611289 0.175027 0.052733
348 0.611289 0.140091 0.047739
349 0.611289 0.164176 0.0523374
350 0.611289 0.135242 0.0492323
351 0.611289 0.158124 0.0499027
352 0.611289 0.166954 0.0528497
353 0.611289 0.141317 0.049077
354 0.611289 0.153041 0.0545432
355 0.611289 0.156679 0.0494756
356 0.611289 0.151513 0.0475648
357 0.611289 0.16235 0.0495572
358 0.611289 0.138362 0.0467812
359 0.611289 0.163082 0.0531291
360 0.611289 0.153349 0.0488266
361 0.611289 0.168149 0.0508547
362 0.611289 0.161344 0.0493696
363 0.611289 0.168316 0.0522717
364 0.611289 0.163388 0.0532142
365 0.611289 0.17017 0.0557543
366 0.611289 0.171011 0.0546973
367 0.611289 0.145026 0.0491321
368 0.611289 0.156315 0.0511025
369 0.611289 0.173701 0.0535671
370 0.611289 0.172811 0.0492513
371 0.611289 0.151514 0.0463509
372 0.611289 0.158978 0.0505201
373 0.611289 0.156232 0.0504281
374 0.611289 0.166685 0.0533546
375 0.611289 0.175919 0.0565164
376 0.611289 0.162671 0.0514665
377 0.611289 0.161106 0.0536154
378 0.611289 0.174543 0.052404
379 0.611289 0.166595 0.0532906
380 0.611289 0.178109 0.0577004
381 0.611289 0.179063 0.05674
382 0.611289 0.165233 0.0525851
383 0.611289 0.167178 0.0501523
384 0.611289 0.15724 0.050956
385 0.611289 0.166148 0.0526569
386 0.611289 0.161985 0.0524365
387 0.611289 0.182635 0.0545862
388 0.611289 0.174076 0.0511075
389 0.611289 0.149275 0.0478906
390 0.611289 0.169109 0.0522045
391 0.611289 0.168931 0.0506901
392 0.611289 0.154761 0.0500001
393 0.611289 0.164339 0.0527629
394 0.611289 0.136233 0.0502435
395 0.611289 0.150149 0.0503075
396 0.611289 0.141023 0.0489362
397 0.611289 0.159859 0.0565968
398 0.611289 0.163409 0.0489393
399 0.611289 0.162321 0.0535492
400 0.611289 0.163353 0.0532876
401 0.611289 0.159297 0.0501912
402 0.611289 0.169899 0.0504923
403 0.611289 0.140052 0.0468925
404 0.611289 0.128702 0.0469922
405 0.611289 0.140932 0.051636
406 0.611289 0.132083 0.0499077
407 0.611289 0.14862 0.0517619
408 0.611289 0.171545 0.0537554
409 0.611289 0.15024 0.0484774
410 0.611289 0.169242 0.0525085
411 0.611289 0.152359 0.0524089
412 0.611289 0.155285 0.0524795
413 0.611289 0.169275 0.0502991
414 0.611289 0.168935 0.0509692
415 0.611289 0.152426 0.0453855
416 0.611289 0.171717 0.0509489
417 0.611289 0.1695 0.0549702
418 0.611289 0.133711 0.0460209
419 0.611289 0.158538 0.0525313
420 0.611289 0.159773 0.0542177
421 0.611289 0.15709 0.0567468
422 0.611289 0.169481 0.0547223
423 0.611289 0.147229 0.0527671
424 0.611289 0.139468 0.0495991
425 0.611289 0.142233 0.0505463
426 0.611289 0.159419 0.0530527
427 0.611289 0.157203 0.04925
428 0.611289 0.148708 0.0486661
429 0.611289 0.148538 0.0459312
430 0.611289 0.15102 0.049277
431 0.611289 0.14558 0.0454252
432 0.611289 0.174484 0.0494479
433 0.611289 0.163667 0.0529981
434 0.611289 0.141072 0.0506618
435 0.611289 0.158063 0.0549335
436 0.611289 0.138896 0.0512877
437 0.611289 0.152116 0.049852
438 0.611289 0.157764 0.0538332
439 0.611289 0.154081 0.0478936
440 0.611289 0.165543 0.0554551
441 0.611289 0.178659 0.0567498
442 0.611289 0.170417 0.0553038
443 0.611289 0.175366 0.0607279
444 0.611289 0.181106 0.05908
445 0.611289 0.197502 0.05766
446 0.611289 0.13948 0.0499453
447 0.611289 0.159783 0.0514306
448 0.611289 0.150039 0.0526358
449 0.611289 0.16913 0.0574386
450 0.611289 0.159128 0.0541014
451 0.611289 0.156388 0.0531621
452 0.611289 0.179968 0.0561844
453 0.611289 0.153232 0.0500205
454 0.611289 0.150076 0.0487392
455 0.611289 0.153129 0.0522921
456 0.611289 0.144407 0.0505694
457 0.611289 0.131716 0.0493259
458 0.611289 0.150383 0.052346
459 0.611289 0.142885 0.0496795
460 0.611289 0.134866 0.0481658
461 0.611289 0.168306 0.0553235
462 0.611289 0.154109 0.048842
463 0.611289 0.166312 0.0486807
464 0.611289 0.171075 0.0488572
465 0.611289 0.154112 0.0521238
466 0.611289 0.14396 0.053879
467 0.611289 0.14725 0.0495963
468 0.611289 0.167779 0.0550583
469 0.611289 0.150587 0.049991
470 0.611289 0.143586 0.0482949
471 0.611289 0.147138 0.0484208
472 0.611289 0.158532 0.0507604
473 0.611289 0.153653 0.0506704
474 0.611289 0.132281 0.0469921
475 0.611289 0.163496 0.0527953
476 0.611289 0.179564 0.0569385
477 0.611289 0.160228 0.0496231
478 0.611289 0.149019 0.0470181
479 0.611289 0.17446 0.0501061
480 0.611289 0.158168 0.0475138
481 0.611289 0.136838 0.0439421
482 0.611289 0.150471 0.0493222
483 0.611289 0.17966 0.054521
484 0.611289 0.182523 0.054628
485 0.611289 0.189575 0.0593139
486 0.611289 0.174327 0.0589615
487 0.611289 0.166821 0.0552427
488 0.611289 0.121883 0.0450501
489 0.611289 0.167781 0.0553356
490 0.611289 0.183195 0.0540486
491 0.611289 0.195938 0.055789
492 0.611289 0.180527 0.0518289
493 0.611289 0.181875 0.0562231
494 0.611289 0.170059 0.0516355
495 0.611289 0.158311 0.0529609
496 0.611289 0.151416 0.0524118
497 0.611289 0.157326 0.0565468
498 0.611289 0.157581 0.0510719
499 0.611289 0.128737 0.047011
500 0.611289 0.13661 0.0466785
501 0.611289 0.163468 0.0491898
502 0.611289 0.143747 0.0468904
503 0.611289 0.148122 0.0513261
504 0.611289 0.145244 0.05271
505 0.611289 0.145814 0.0474486
506 0.611289 0.152167 0.0531673
507 0.611289 0.126518 0.0453378
508 0.611289 0.116816 0.0448823
509 0.611289 0.130893 0.0466264
510 0.611289 0.125463 0.0462364
511 0.611289 0.142896 0.0488755
512 0.611289 0.137499 0.0490754
513 0.611289 0.139141 0.0484602
514 0.611289 0.129398 0.0472868
515 0.611289 0.16308 0.0521877
516 0.611289 0.123821 0.0465838
517 0.611289 0.137853 0.0469618
518 0.611289 0.128632 0.0441226
519 0.611289 0.13314 0.0483575
520 0.611289 0.143676 0.0505953
521 0.611289 0.130791 0.0453722
522 0.611289 0.139757 0.0490362
523 0.611289 0.150661 0.0526656
524 0.611289 0.162383 0.0527481
525 0.611289 0.139135 0.0477576
526 0.611289 0.144099 0.0537107
527 0.611289 0.164145 0.0560401
528 0.611289 0.155375 0.0553987
529 0.611289 0.164055 0.0560678
530 0.611289 0.146756 0.0472741
531 0.611289 0.153495 0.0510621
532 0.611289 0.145158 0.0488004
533 0.611289 0.148479 0.0545155
534 0.611289 0.144515 0.0543493
535 0.611289 0.118693 0.046258
536 0.611289 0.135215 0.0487575
537 0.611289 0.156334 0.0524938
538 0.611289 0.160378 0.0585704
539 0.611289 0.166264 0.0524727
540 0.611289 0.150163 0.0521503
541 0.611289 0.159354 0.051838
542 0.611289 0.160201 0.0534886
543 0.611289 0.155221 0.048557
544 0.611289 0.173446 0.0543426
545 0.611289 0.157033 0.0448509
546 0.611289 0.194508 0.0569604
547 0.611289 0.175477 0.0535737
548 0.611289 0.174677 0.0511728
549 0.611289 0.167313 0.0497415
550 0.611289 0.157414 0.0488122
551 0.611289 0.154352 0.0499737
552 0.611289 0.164835 0.0496946
553 0.611289 0.1421 0.0464067
554 0.611289 0.132886 0.0462073
555 0.611289 0.168649 0.051193
556 0.611289 0.154065 0.0540002
557 0.611289 0.168313 0.0560371
558 0.611289 0.181988 0.0542078
559 0.611289 0.16526 0.053867
560 0.611289 0.166035 0.0542609
561 0.611289 0.160448 0.0534573
562 0.611289 0.153282 0.048342
563 0.611289 0.143919 0.0470832
564 0.611289 0.168063 0.0522119
565 0.611289 0.150744 0.0509852
566 0.611289 0.152092 0.0511326
567 0.611289 0.163144 0.0550963
568 0.611289 0.145366 0.0494341
569 0.611289 0.185949 0.0545208
570 0.611289 0.168295 0.0483754
571 0.611289 0.181514 0.0502084
572 0.611289 0.157129 0.0442516
573 0.611289 0.165915 0.0512854
574 0.611289 0.135885 0.0448847
575 0.611289 0.146253 0.0466243
576 0.611289 0.174851 0.0542492
577 0.611289 0.150555 0.0456957
578 0.611289 0.148634 0.0462424
579 0.611289 0.160219 0.0507454
580 0.611289 0.177714 0.0547154
581 0.611289 0.158001 0.050248
582 0.611289 0.155076 0.0515367
583 0.611289 0.171772 0.0549217
584 0.611289 0.159763 0.0512529
585 0.611289 0.146934 0.0504669
586 0.611289 0.135967 0.0495912
587 0.611289 0.160266 0.0491464
588 0.611289 0.164071 0.0503245
589 0.611289 0.151466 0.0492741
590 0.611289 0.167965 0.0524499
591 0.611289 0.173606 0.0543216
592 0.611289 0.195804 0.0552973
593 0.611289 0.179972 0.0534023
594 0.611289 0.16187 0.0512271
595 0.611289 0.170459 0.0550071
596 0.611289 0.156295 0.0508728
597 0.611289 0.152244 0.0517524
598 0.611289 0.159668 0.0513201
599 0.611289 0.148734 0.0479709
600 0.611289 0.147568 0.0480493
601 0.611289 0.169439 0.0503936
602 0.611289 0.188185 0.0582553
603 0.611289 0.162414 0.0500488
604 0.611289 0.177348 0.0535685
605 0.611289 0.1355 0.050376
606 0.611289 0.145925 0.0530574
607 0.611289 0.135189 0.0473118
608 0.611289 0.164625 0.0532644
609 0.611289 0.164968 0.0569052
610 0.611289 0.150654 0.0511852
611 0.611289 0.163223 0.0506776
612 0.611289 0.171196 0.050789
613 0.611289 0.158489 0.0522297
614 0.611289 0.168394 0.0535813
615 0.611289 0.186031 0.0540964
616 0.611289 0.158652 0.0548219
617 0.611289 0.13892 0.0464832
618 0.611289 0.138333 0.0513976
619 0.611289 0.152923 0.0537479
620 0.611289 0.150074 0.051652
621 0.611289 0.164495 0.0522723
622 0.611289 0.170413 0.0534822
623 0.611289 0.196973 0.0598987
624 0.611289 0.180732 0.051902
625 0.611289 0.182709 0.0563984
626 0.611289 0.203651 0.0556213
627 0.611289 0.205861 0.0565452
628 0.611289 0.183778 0.0539162
629 0.611289 0.169586 0.0504223
630 0.611289 0.155811 0.0476328
631 0.611289 0.150839 0.0468738
632 0.611289 0.175167 0.0530831
633 0.611289 0.155052 0.0493166
634 0.611289 0.161214 0.0556933
635 0.611289 0.148975 0.0484779
636 0.611289 0.145914 0.0499982
637 0.611289 0.123625 0.0474951
638 0.611289 0.170842 0.0574526
639 0.611289 0.141325 0.0493555
640 0.611289 0.159616 0.053985
641 0.611289 0.132232 0.0452003
642 0.611289 0.161211 0.0546537
643 0.611289 0.152906 0.0539967
644 0.611289 0.141561 0.0493294
645 0.611289 0.150607 0.0542191
646 0.611289 0.116658 0.0431934
647 0.611289 0.153759 0.0523041
648 0.611289 0.124695 0.0446532
649 0.611289 0.143123 0.0474694
650 0.611289 0.143542 0.0536708
651 0.611289 0.146975 0.0522169
652 0.611289 0.13881 0.0491309
653 0.611289 0.132044 0.0442099
654 0.611289 0.140632 0.0467318
655 0.611289 0.16807 0.0518852
656 0.611289 0.157299 0.0479836
657 0.611289 0.175859 0.0515265
658 0.611289 0.164852 0.0481615
659 0.611289 0.152563 0.0490855
660 0.611289 0.150675 0.0476603
661 0.611289 0.170951 0.052901
662 0.611289 0.170581 0.0550885
663 0.611289 0.173742 0.0495894
664 0.611289 0.177708 0.0514343
665 0.611289 0.142238 0.0436062
666 0.611289 0.149361 0.049423
667 0.611289 0.179324 0.0536172
668 0.611289 0.158237 0.0518907
669 0.611289 0.140439 0.0473449
670 0.611289 0.14705 0.0494911
671 0.611289 0.127732 0.0457694
672 0.611289 0.14924 0.0497494
673 0.611289 0.145529 0.0515408
674 0.611289 0.144313 0.045705
675 0.611289 0.159039 0.0481889
676 0.611289 0.164491 0.0517184
677 0.611289 0.150376 0.0480833
678 0.611289 0.158499 0.0527282
679 0.611289 0.167352 0.048863
680 0.611289 0.181118 0.0510042
681 0.611289 0.166889 0.0517377
682 0.611289 0.168829 0.0528347
683 0.611289 0.153058 0.0494341
684 0.611289 0.166998 0.0560791
685 0.611289 0.178294 0.052063
686 0.611289 0.159275 0.0504047
687 0.611289 0.138096 0.0472358
688 0.611289 0.151232 0.0509852
689 0.611289 0.132948 0.0447121
690 0.611289 0.155313 0.0490851
691 0.611289 0.160488 0.0512665
692 0.611289 0.169947 0.0493481
693 0.611289 0.134472 0.0484681
694 0.611289 0.162324 0.0503773
695 0.611289 0.15172 0.0486696
696 0.611289 0.1419 0.0481269
697 0.611289 0.150913 0.0512513
698 0.611289 0.156968 0.0495511
699 0.611289 0.152086 0.0489598
700 0.611289 0.176141 0.0530649
701 0.611289 0.128842 0.0458636
702 0.611289 0.138056 0.0469912
703 0.611289 0.162381 0.0505156
704 0.611289 0.140306 0.045587
705 0.611289 0.144392 0.0438259
706 0.611289 0.173143 0.0517318
707 0.611289 0.189075 0.0542023
708 0.611289 0.156085 0.0494071
709 0.611289 0.150325 0.0493223
710 0.611289 0.139996 0.0504019
711 0.611289 0.137294 0.0485114
712 0.611289 0.145154 0.0505408
713 0.611289 0.178303 0.0539241
714 0.611289 0.151033 0.049559
715 0.611289 0.14828 0.0457832
716 0.611289 0.161388 0.0523269
717 0.611289 0.168523 0.0529474
718 0.611289 0.174501 0.0515725
719 0.611289 0.15761 0.0502263
720 0.611289 0.168667 0.0513498
721 0.611289 0.16244 0.0473544
722 0.611289 0.191541 0.0554879
723 0.611289 0.17929 0.0541314
724 0.611289 0.191592 0.0612396
725 0.611289 0.166083 0.0528959
726 0.611289 0.139607 0.0493046
727 0.611289 0.133495 0.0499485
728 0.611289 0.116746 0.0444505
729 0.611289 0.136901 0.0497437
730 0.611289 0.148042 0.053166
731 0.611289 0.126801 0.0475114
732 0.611289 0.128528 0.0474404
733 0.611289 0.150578 0.0483108
734 0.611289 0.150318 0.0527188
735 0.611289 0.148489 0.0496264
736 0.611289 0.112961 0.042237
737 0.611289 0.129184 0.048902
738 0.611289 0.145866 0.0511491
739 0.611289 0.194396 0.0582824
740 0.611289 0.176479 0.0559149
741 0.611289 0.186187 0.0595944
742 0.611289 0.178973 0.0543721
743 0.611289 0.181473 0.056751
744 0.611289 0.172143 0.0535161
745 0.611289 0.169457 0.0537573
746 0.611289 0.176184 0.0508907
747 0.611289 0.178036 0.0534198
748 0.611289 0.193814 0.0528233
749 0.611289 0.168228 0.0576229
750 0.611289 0.163948 0.0531504
751 0.611289 0.133238 0.0495165
752 0.611289 0.139269 0.0512541
753 0.611289 0.139036 0.0537154
754 0.611289 0.142155 0.049937
755 0.611289 0.138938 0.0500477
756 0.611289 0.148491 0.0496806
757 0.611289 0.14815 0.0499545
758 0.611289 0.146848 0.0476071
759 0.611289 0.15955 0.0509223
760 0.611289 0.144631 0.0480637
761 0.611289 0.146763 0.0499262
762 0.611289 0.155528 0.0494579
763 0.611289 0.14093 0.0492921
764 0.611289 0.154983 0.0509567
765 0.611289 0.175938 0.0560813
766 0.611289 0.180343 0.055841
767 0.611289 0.15706 0.0528715
768 0.611289 0.15825 0.04831
769 0.611289 0.163531 0.0520054
770 0.611289 0.174457 0.0561474
771 0.611289 0.17049 0.0524368
772 0.611289 0.146967 0.0543949
773 0.611289 0.147353 0.0526196
774 0.611289 0.14846 0.0506862
775 0.611289 0.12285 0.0455833
776 0.611289 0.130404 0.0458502
777 0.611289 0.144458 0.0497693
778 0.611289 0.144885 0.0491421
779 0.611289 0.168734 0.0534586
780 0.611289 0.163667 0.0543034
781 0.611289 0.161438 0.0530982
782 0.611289 0.181592 0.0598662
783 0.611289 0.136606 0.0490009
784 0.611289 0.146884 0.054384
785 0.611289 0.147433 0.0520263
786 0.611289 0.126815 0.0462776
787 0.611289 0.149214 0.0517021
788 0.611289 0.14612 0.0455781
789 0.611289 0.146997 0.0456162
790 0.611289 0.148968 0.0480919
791 0.611289 0.164246 0.0510684
792 0.611289 0.159664 0.0545992
793 0.611289 0.148913 0.0494418
794 0.611289 0.148866 0.0529744
795 0.611289 0.141424 0.0476168
796 0.611289 0.143771 0.046453
797 0.611289 0.13278 0.044822
798 0.611289 0.152719 0.0481926
799 0.611289 0.167771 0.0515433
800 0.611289 0.154617 0.0499967
801 0.611289 0.16416 0.0523974
802 0.611289 0.14065 0.0479457
803 0.611289 0.12451 0.0460834
804 0.611289 0.134555 0.0516527
805 0.611289 0.148844 0.0500606
806 0.611289 0.14079 0.0495013
807 0.611289 0.128233 0.0477125
808 0.611289 0.145541 0.0498877
809 0.611289 0.126136 0.0457458
810 0.611289 0.136411 0.0518776
811 0.611289 0.14442 0.0532441
812 0.611289 0.153827 0.0563483
813 0.611289 0.151076 0.0540774
814 0.611289 0.176369 0.0565098
815 0.611289 0.160812 0.0510128
816 0.611289 0.152813 0.0528595
817 0.611289 0.143476 0.0497187
818 0.611289 0.148962 0.0488782
819 0.611289 0.170542 0.0546462
820 0.611289 0.186331 0.05772
821 0.611289 0.208633 0.0589073
822 0.611289 0.161656 0.0528474
823 0.611289 0.159452 0.0464594
824 0.611289 0.158476 0.0503557
825 0.611289 0.143635 0.0495856
826 0.611289 0.142959 0.0468916
827 0.611289 0.151845 0.048508
828 0.611289 0.158307 0.0499495
829 0.611289 0.164851 0.0528167
830 0.611289 0.168676 0.0503106
831 0.611289 0.165688 0.0495679
832 0.611289 0.153704 0.0501355
833 0.611289 0.171761 0.0547227
834 0.611289 0.152629 0.0536615
835 0.611289 0.149584 0.0477193
836 0.611289 0.130052 0.0426475
837 0.611289 0.152863 0.0483714
838 0.611289 0.164786 0.0520996
839 0.611289 0.145754 0.0490624
840 0.611289 0.148069 0.0522698
841 0.611289 0.157363 0.0540994
842 0.611289 0.175656 0.0535639
843 0.611289 0.186819 0.052088
844 0.611289 0.170268 0.0508073
845 0.611289 0.161497 0.0519393
846 0.611289 0.158124 0.051299
847 0.611289 0.127437 0.0446222
848 0.611289 0.158102 0.0507019
849 0.611289 0.17239 0.0539149
850 0.611289 0.164492 0.0505535
851 0.611289 0.141403 0.048393
852 0.611289 0.147389 0.0483776
853 0.611289 0.146976 0.0499118
854 0.611289 0.14933 0.0507793
855 0.611289 0.161897 0.0502044
856 0.611289 0.16151 0.0499779
857 0.611289 0.186831 0.0550676
858 0.611289 0.14985 0.051999
859 0.611289 0.137775 0.0486996
860 0.611289 0.124287 0.0481411
861 0.611289 0.151921 0.0526032
862 0.611289 0.133105 0.0514693
863 0.611289 0.142765 0.0500333
864 0.611289 0.127559 0.0502668
865 0.611289 0.136322 0.0506653
866 0.611289 0.130109 0.048753
867 0.611289 0.150103 0.0528405
868 0.611289 0.128259 0.0481376
869 0.611289 0.151919 0.051906
870 0.611289 0.131929 0.0500287
871 0.611289 0.128034 0.0459466
872 0.611289 0.130464 0.0459043
873 0.611289 0.153412 0.0513308
874 0.611289 0.143171 0.0493914
875 0.611289 0.129036 0.0455399
876 0.611289 0.145387 0.0525074
877 0.611289 0.132138 0.0468446
878 0.611289 0.142269 0.0480466
879 0.611289 0.139875 0.05026
880 0.611289 0.123073 0.0488252
881 0.611289 0.152015 0.0545763
882 0.611289 0.146199 0.049245
883 0.611289 0.138019 0.04783
884 0.611289 0.152494 0.052046
885 0.611289 0.140351 0.0478859
886 0.611289 0.161725 0.0505529
887 0.611289 0.14495 0.051433
888 0.611289 0.13175 0.0477246
889 0.611289 0.159286 0.0501823
890 0.611289 0.143606 0.0494085
891 0.611289 0.129037 0.0472764
892 0.611289 0.123335 0.047083
893 0.611289 0.12868 0.0481178
894 0.611289 0.121587 0.0471269
895 0.611289 0.125035 0.0461074
896 0.611289 0.143766 0.0497962
897 0.611289 0.152056 0.0462991
898 0.611289 0.126877 0.0455888
899 0.611289 0.151863 0.0491893
900 0.611289 0.132328 0.0488736
901 0.611289 0.143876 0.0538763
902 0.611289 0.142324 0.0532074
903 0.611289 0.119301 0.0471404
904 0.611289 0.145342 0.0534307
905 0.611289 0.138808 0.0519986
906 0.611289 0.155595 0.0521289
907 0.611289 0.135779 0.047164
908 0.611289 0.137903 0.0483397
909 0.611289 0.136391 0.0479832
910 0.611289 0.154792 0.0537353
911 0.611289 0.164735 0.0537125
912 0.611289 0.148534 0.0483224
913 0.611289 0.122778 0.0441366
914 0.611289 0.134284 0.0458521
915 0.611289 0.151328 0.0486904
916 0.611289 0.161641 0.0519708
917 0.611289 0.147198 0.050033
918 0.611289 0.125475 0.0456977
919 0.611289 0.141413 0.0528519
920 0.611289 0.114622 0.0432721
921 0.611289 0.147985 0.0543622
922 0.611289 0.133311 0.0466102
923 0.611289 0.133444 0.0507473
924 0.611289 0.146165 0.0537004
925 0.611289 0.143419 0.0488085
926 0.611289 0.120161 0.0459272
927 0.611289 0.12469 0.0480004
928 0.611289 0.120554 0.0445521
929 0.611289 0.15494 0.0579857
930 0.611289 0.126481 0.0465308
931 0.611289 0.139003 0.0473264
932 0.611289 0.136053 0.0458968
933 0.611289 0.147683 0.0477243
934 0.611289 0.131364 0.0429431
935 0.611289 0.12912 0.0455591
936 0.611289 0.14027 0.0483294
937 0.611289 0.138184 0.0460151
938 0.611289 0.177387 0.0576105
939 0.611289 0.153934 0.0529907
940 0.611289 0.123126 0.0455226
941 0.611289 0.123434 0.0464874
942 0.611289 0.112623 0.0422498
943 0.611289 0.104683 0.0415634
944 0.611289 0.132967 0.0514115
945 0.611289 0.110808 0.0448458
946 0.611289 0.136996 0.0468207
947 0.611289 0.142318 0.0460236
948 0.611289 0.14745 0.0514682
949 0.611289 0.144092 0.0472397
950 0.611289 0.124928 0.042704
951 0.611289 0.140626 0.0429362
952 0.611289 0.153564 0.0480314
953 0.611289 0.164971 0.0531882
954 0.611289 0.157166 0.0466982
955 0.611289 0.180342 0.0506426
956 0.611289 0.175952 0.051389
957 0.611289 0.170237 0.0483806
958 0.611289 0.183745 0.0526581
959 0.611289 0.15145 0.0491719
960 0.611289 0.16447 0.0505945
961 0.611289 0.170043 0.0504852
962 0.611289 0.162561 0.0525698
963 0.611289 0.162568 0.0510903
964 0.611289 0.173147 0.0508146
965 0.611289 0.197513 0.0558964
966 0.611289 0.19531 0.0559209
967 0.611613 0.18518 0.0559241
968 0.611613 0.164426 0.0490294
969 0.611613 0.159455 0.0520061
970 0.611613 0.152534 0.0506027
971 0.611613 0.16977 0.0567245
972 0.611613 0.15372 0.0487936
973 0.611613 0.180488 0.0513402
974 0.611613 0.162302 0.0495083
975 0.611613 0.144876 0.048105
976 0.611613 0.130268 0.0475797
977 0.611613 0.148629 0.047837
978 0.611613 0.148253 0.0529061
979 0.611613 0.148518 0.0525554
980 0.611613 0.177379 0.0537098
981 0.611613 0.17671 0.0524692
982 0.611613 0.157053 0.0502243
983 0.611613 0.147726 0.0477541
984 0.611613 0.15578 0.0503228
985 0.611613 0.173608 0.0526943
986 0.611613 0.149121 0.0498943
987 0.611613 0.198766 0.0588343
988 0.611613 0.179269 0.0571527
989 0.611613 0.140964 0.0490111
990 0.611613 0.151969 0.0521333
991 0.611613 0.153365 0.0468882
992 0.611613 0.16118 0.0518636
993 0.611613 0.158914 0.0539659
994 0.611613 0.176012 0.0536667
995 0.611613 0.163065 0.0519999
996 0.611613 0.154914 0.0504467
997 0.611613 0.152216 0.0513079
998 0.611613 0.177837 0.0565862
999 0.611613 0.158792 0.0525988
1000 0.611613 0.142054 0.0488211
