0 0.125253 0.0664613 0.00392174
1 0.125256 0.0742106 0.0037775
2 0.125256 0.0827398 0.00352617
3 0.125277 0.0879909 0.00326313
4 0.125277 0.0945321 0.00286145
5 0.125277 0.100806 0.00243628
6 0.125277 0.100668 0.00245051
7 0.125277 0.108191 0.00180993
8 0.125277 0.109561 0.00166447
9 0.125277 0.108296 0.00179119
10 0.125277 0.114393 0.00120574
11 0.125277 0.115183 0.00115507
12 0.125277 0.117657 0.000889585
13 0.125277 0.11272 0.0014046
14 0.125277 0.112674 0.00141643
15 0.125277 0.120163 0.000606049
16 0.125277 0.11642 0.00102211
17 0.125277 0.117606 0.000871488
18 0.125277 0.11893 0.000741953
19 0.125277 0.117946 0.000829852
20 0.125277 0.119077 0.000710756
21 0.125277 0.116483 0.0010097
22 0.125277 0.116428 0.00102302
23 0.125277 0.115201 0.00115154
24 0.125277 0.115151 0.00116067
25 0.125277 0.116437 0.00101815
26 0.125277 0.118915 0.000746113
27 0.125277 0.113922 0.00128958
28 0.125277 0.115161 0.00115809
29 0.125277 0.116392 0.00102963
30 0.125277 0.117653 0.000889306
31 0.125277 0.118898 0.000750896
32 0.125277 0.121399 0.000460411
33 0.125277 0.11765 0.000891397
34 0.125277 0.113895 0.00129271
35 0.125277 0.111253 0.00154003
36 0.125277 0.114483 0.00118929
37 0.125277 0.113891 0.00129449
38 0.125277 0.117659 0.000891424
39 0.125277 0.120142 0.000607503
40 0.125277 0.118039 0.000814458
41 0.125277 0.117654 0.000891433
42 0.125277 0.119942 0.000608599
43 0.125278 0.118897 0.000750612
44 0.125278 0.120137 0.000606542
45 0.125278 0.115155 0.00116181
46 0.125278 0.115139 0.00116359
47 0.125278 0.11764 0.000891739
48 0.125278 0.115161 0.00115994
49 0.125278 0.11515 0.00116255
50 0.125278 0.111934 0.00145427
51 0.125278 0.110158 0.00166908
52 0.125278 0.111384 0.00154875
53 0.125278 0.112634 0.00142357
54 0.125278 0.115177 0.00115784
55 0.125278 0.115149 0.00116178
56 0.125278 0.117653 0.000889782
57 0.125278 0.121184 0.0004615
58 0.125278 0.1187 0.000748232
59 0.125278 0.118908 0.000750057
60 0.125278 0.120164 0.00060645
61 0.125278 0.121411 0.000458547
62 0.125278 0.123919 0.000155499
63 0.125278 0.118928 0.00074259
64 0.125278 0.118956 0.000734988
65 0.125278 0.118977 0.000731248
66 0.125278 0.121406 0.000459413
67 0.125278 0.118581 0.000756539
68 0.125278 0.120145 0.000607531
69 0.125278 0.12139 0.000460345
70 0.125278 0.120146 0.000607543
71 0.125278 0.120155 0.000607352
72 0.125278 0.117649 0.000892414
73 0.125278 0.122649 0.000310104
74 0.125278 0.123902 0.00015664
75 0.125278 0.120139 0.00060693
76 0.125278 0.121413 0.000460521
77 0.125278 0.118901 0.000751597
78 0.125278 0.120157 0.000607658
79 0.125278 0.119174 0.000693805
80 0.125278 0.11918 0.000693783
81 0.125278 0.118897 0.000751545
82 0.125278 0.123901 0.000156638
83 0.125278 0.121389 0.000460338
84 0.125278 0.120151 0.000607589
85 0.125278 0.1189 0.000751587
86 0.125278 0.120142 0.0006075
87 0.125278 0.121393 0.000460373
88 0.125278 0.120152 0.000607603
89 0.125278 0.121395 0.000460388
90 0.125278 0.120148 0.00060756
91 0.125278 0.1164 0.00102969
92 0.125278 0.11264 0.00142293
93 0.125278 0.11888 0.000751322
94 0.125278 0.119279 0.000672834
95 0.125278 0.120155 0.000606953
96 0.125278 0.118903 0.000750096
97 0.125278 0.115149 0.0011631
98 0.125278 0.115371 0.00111398
99 0.125278 0.117653 0.000891753
100 0.125278 0.117652 0.000892468
101 0.125278 0.117646 0.000892363
102 0.125278 0.120148 0.000607561
103 0.125278 0.120155 0.000607639
104 0.125278 0.12014 0.000607478
105 0.125278 0.121407 0.00046048
106 0.125278 0.120144 0.000607126
107 0.125278 0.122648 0.000309698
108 0.125278 0.122662 0.000310168
109 0.125278 0.121411 0.000460507
110 0.125278 0.120149 0.00060757
111 0.125278 0.118889 0.000751451
112 0.125278 0.118896 0.00075153
113 0.125278 0.118884 0.000751372
114 0.125278 0.122642 0.000310069
115 0.125278 0.116398 0.00103009
116 0.125278 0.12014 0.000606352
117 0.125278 0.121408 0.000455841
118 0.125278 0.120129 0.000607393
119 0.125278 0.1226 0.000309966
120 0.125278 0.12264 0.000310055
121 0.125278 0.121395 0.000460384
122 0.125278 0.121392 0.000460361
123 0.125278 0.121389 0.000460342
124 0.125278 0.122643 0.00031007
125 0.125278 0.121405 0.000460462
126 0.125278 0.122654 0.000310129
127 0.125278 0.122694 0.000298409
128 0.125278 0.121401 0.000460073
129 0.125278 0.121408 0.000460485
130 0.125278 0.1214 0.000460421
131 0.125278 0.118904 0.000751641
132 0.125278 0.117644 0.000892337
133 0.125278 0.120146 0.000607544
134 0.125278 0.121399 0.000460415
135 0.125278 0.117754 0.000869874
136 0.125278 0.120252 0.000586426
137 0.125278 0.120152 0.000606183
138 0.125278 0.12515 6.67547e-09
139 0.125278 0.125162 7.03146e-09
140 0.125278 0.123893 0.000156618
141 0.125278 0.122644 0.000310079
142 0.125278 0.121406 0.000460468
143 0.125278 0.118899 0.000751568
144 0.125278 0.12141 0.000460497
145 0.125278 0.12143 0.000454126
146 0.125278 0.121399 0.000460413
147 0.125278 0.121406 0.000460469
148 0.125278 0.121407 0.000460423
149 0.125279 0.123894 0.000156621
150 0.125279 0.123904 0.000156647
151 0.125279 0.123899 0.000156634
152 0.125279 0.125141 6.93813e-09
153 0.125279 0.123899 0.000156634
154 0.125279 0.121387 0.000460326
155 0.125279 0.122647 0.000310095
156 0.125279 0.122642 0.000310068
157 0.125279 0.1214 0.000460427
158 0.125279 0.122646 0.00031009
159 0.125279 0.122651 0.000310112
160 0.125279 0.118895 0.000751523
161 0.125279 0.122648 0.000310098
162 0.125279 0.121403 0.000460447
163 0.125279 0.121391 0.000460352
164 0.125279 0.122649 0.000310102
165 0.125279 0.122647 0.000310093
166 0.125279 0.1189 0.00075159
167 0.125279 0.122655 0.000310131
168 0.125279 0.120693 0.000505933
169 0.125279 0.123916 0.000156675
170 0.125279 0.121425 0.000457615
171 0.125279 0.120221 0.000590728
172 0.125279 0.120158 0.000607663
173 0.125279 0.120157 0.000607651
174 0.125279 0.120141 0.000607491
175 0.125279 0.120148 0.000607193
176 0.125279 0.120154 0.000607622
177 0.125279 0.120156 0.000607649
178 0.125279 0.118915 0.000750291
179 0.125279 0.116403 0.00102908
180 0.125279 0.121403 0.000459608
181 0.125279 0.116394 0.00102982
182 0.125279 0.118902 0.000749841
183 0.125279 0.122649 0.00031005
184 0.125279 0.122644 0.000310052
185 0.125279 0.117652 0.000891439
186 0.125279 0.120138 0.000606391
187 0.125279 0.120139 0.000606355
188 0.125279 0.117636 0.000891159
189 0.125279 0.118903 0.000750712
190 0.125279 0.123897 0.000156216
191 0.125279 0.12515 6.54278e-09
192 0.125279 0.123896 0.000156624
193 0.125279 0.122666 0.00031019
194 0.125279 0.123911 0.000156663
195 0.125279 0.125152 6.30065e-09
196 0.125279 0.121398 0.00046041
197 0.125279 0.120146 0.000607544
198 0.125279 0.118893 0.000751501
199 0.125279 0.121404 0.000460452
200 0.125279 0.117642 0.000892316
201 0.125279 0.116404 0.0010302
202 0.125279 0.118892 0.000751487
203 0.125279 0.117631 0.000891988
204 0.125279 0.120152 0.000607604
205 0.125279 0.121394 0.000460377
206 0.125279 0.118891 0.000751467
207 0.125279 0.113908 0.00129296
208 0.125279 0.116395 0.00102849
209 0.125279 0.121393 0.000460372
210 0.125279 0.121398 0.000460407
211 0.125279 0.123901 0.000156637
212 0.125279 0.121398 0.000460394
213 0.125279 0.123897 0.000156628
214 0.125279 0.122655 0.000310132
215 0.125279 0.121398 0.000460408
216 0.125279 0.123903 0.000156644
217 0.125279 0.125161 6.05163e-09
218 0.125279 0.122642 0.000310067
219 0.125279 0.123416 0.000174941
220 0.125279 0.122654 0.000310128
221 0.125279 0.118897 0.000751096
222 0.125279 0.118896 0.000751534
223 0.125279 0.121406 0.000460473
224 0.125279 0.12016 0.000607681
225 0.125279 0.118884 0.000751386
226 0.125279 0.122657 0.000310145
227 0.125279 0.11641 0.0010303
228 0.125279 0.118902 0.000751548
229 0.125279 0.122654 0.000310127
230 0.125279 0.122714 0.000294777
231 0.125279 0.122653 0.000310114
232 0.125279 0.121394 0.000460314
233 0.125279 0.121378 0.000460258
234 0.125279 0.121417 0.000455838
235 0.125279 0.120154 0.000607623
236 0.125279 0.117647 0.000892385
237 0.125279 0.112627 0.00142307
238 0.125279 0.113908 0.00128962
239 0.125279 0.115151 0.00116403
240 0.125279 0.117651 0.000891817
241 0.125279 0.117649 0.000892412
242 0.125279 0.11641 0.00102839
243 0.125279 0.121398 0.000460412
244 0.125279 0.122656 0.000310137
245 0.125279 0.1214 0.000459874
246 0.125279 0.121407 0.000460475
247 0.125279 0.120144 0.000607506
248 0.125279 0.115198 0.00114924
249 0.125279 0.114121 0.00124665
250 0.125279 0.11513 0.00116425
251 0.125279 0.117638 0.000892249
252 0.125279 0.120143 0.000607516
253 0.125279 0.122656 0.000310138
254 0.125279 0.122661 0.000310165
255 0.125279 0.118918 0.000748298
256 0.125279 0.11764 0.000891955
257 0.125279 0.120051 0.000607534
258 0.125279 0.120142 0.0006075
259 0.125279 0.118928 0.000745567
260 0.125279 0.122653 0.000309198
261 0.125279 0.122654 0.000310128
262 0.125279 0.122663 0.000310176
263 0.125279 0.117649 0.000892416
264 0.125279 0.12015 0.000607579
265 0.125279 0.120151 0.000607592
266 0.125279 0.122641 0.000310065
267 0.125279 0.121571 0.000416934
268 0.125279 0.118948 0.000738956
269 0.125279 0.116386 0.00102977
270 0.125279 0.117646 0.000892377
271 0.125279 0.121389 0.000460343
272 0.125279 0.117636 0.000892219
273 0.125279 0.11639 0.00102995
274 0.125279 0.117739 0.000873254
275 0.125279 0.122655 0.000309034
276 0.125279 0.121414 0.000458669
277 0.125279 0.12138 0.000460274
278 0.125279 0.115156 0.00116269
279 0.125279 0.113897 0.00129529
280 0.125279 0.110147 0.00166833
281 0.125279 0.120135 0.000607421
282 0.125279 0.12139 0.000460229
283 0.125279 0.118881 0.000751086
284 0.125279 0.118906 0.000749506
285 0.125279 0.117642 0.000888927
286 0.125279 0.118893 0.000749218
287 0.125279 0.122649 0.000307612
288 0.125279 0.117645 0.000889304
289 0.125279 0.120151 0.000605912
290 0.125279 0.118891 0.000751468
291 0.125279 0.117657 0.000890966
292 0.125279 0.117688 0.000881776
293 0.125279 0.118393 0.000762193
294 0.125279 0.120198 0.000594377
295 0.125279 0.120145 0.000607533
296 0.125279 0.117656 0.000892527
297 0.125279 0.121408 0.000460485
298 0.125279 0.120152 0.000607605
299 0.125279 0.121402 0.000460441
300 0.125279 0.121392 0.000460364
301 0.125279 0.12516 6.1173e-09
302 0.125279 0.122649 0.000310104
303 0.125279 0.121444 0.000449265
304 0.125279 0.120146 0.000605398
305 0.125279 0.123478 0.000174012
306 0.125279 0.116481 0.00101364
307 0.125279 0.117722 0.00087465
308 0.174736 0.118476 0.000856021
309 0.174736 0.116976 0.00104167
310 0.174736 0.115927 0.00121963
311 0.174736 0.114092 0.00146484
312 0.174736 0.114387 0.00149678
313 0.174736 0.115729 0.00134468
314 0.174736 0.116225 0.00121944
315 0.174736 0.122305 0.000670842
316 0.174736 0.119522 0.000998112
317 0.174736 0.1174 0.00127065
318 0.174736 0.117564 0.00128854
319 0.174736 0.11861 0.00113413
320 0.283858 0.110367 0.00250164
321 0.283858 0.0991856 0.0034648
322 0.283858 0.111648 0.00304468
323 0.283858 0.107019 0.0034503
324 0.283858 0.108428 0.00354107
325 0.284855 0.11486 0.00334222
326 0.304706 0.120335 0.00373
327 0.349498 0.117852 0.006012
328 0.473701 0.12291 0.00886141
329 0.473701 0.123774 0.00818602
330 0.473701 0.130236 0.00929747
331 0.473701 0.134771 0.0104736
332 0.473701 0.142376 0.0135336
333 0.523753 0.146019 0.0150107
333 0.551631 0.0712837 0.0200898
334 0.551631 0.0792692 0.0225138
335 0.551631 0.0633293 0.0209709
336 0.551631 0.0701497 0.0254093
337 0.551631 0.0869375 0.0294829
338 0.551631 0.0859008 0.029992
339 0.551631 0.0853102 0.0290083
340 0.551631 0.111013 0.0344929
341 0.551631 0.113454 0.0344709
342 0.558459 0.108347 0.0322867
343 0.558492 0.0838468 0.0309585
344 0.562708 0.107717 0.0362947
345 0.562708 0.103253 0.0334765
346 0.562708 0.0968109 0.0346057
347 0.562708 0.102372 0.0350967
348 0.562708 0.093121 0.0321486
349 0.562708 0.0900391 0.0322184
350 0.562708 0.103142 0.0348661
351 0.562708 0.0959233 0.0320894
352 0.562708 0.12857 0.0384841
353 0.563186 0.109194 0.0370279
354 0.564318 0.118115 0.0389093
355 0.564318 0.112161 0.0381969
356 0.564318 0.116434 0.036754
357 0.570618 0.120355 0.0384942
358 0.570618 0.115855 0.04085
359 0.570618 0.119541 0.0377782
360 0.571065 0.117217 0.0385837
361 0.571065 0.107425 0.0349591
362 0.571065 0.112178 0.0374703
363 0.571065 0.137105 0.0451426
364 0.571065 0.123092 0.0408074
365 0.571065 0.121456 0.0400157
366 0.571065 0.0984558 0.0353038
367 0.571065 0.131124 0.037903
368 0.571065 0.109844 0.0366164
369 0.571065 0.122977 0.0406086
370 0.571065 0.128814 0.0415451
371 0.580785 0.12682 0.0436642
372 0.580785 0.105001 0.0359406
373 0.580785 0.132633 0.0428673
374 0.580785 0.139747 0.043805
375 0.580785 0.108101 0.0391545
376 0.580785 0.12178 0.0426227
377 0.580785 0.106163 0.0385315
378 0.580785 0.137028 0.0412702
379 0.580785 0.124554 0.0360583
380 0.580785 0.122817 0.0397361
381 0.580785 0.119489 0.0411574
382 0.580785 0.116789 0.0395578
383 0.580785 0.12314 0.0409489
384 0.580785 0.113313 0.0405187
385 0.580785 0.12187 0.0418098
386 0.580785 0.0980216 0.0370294
387 0.580785 0.0944433 0.0351364
388 0.580785 0.088538 0.0343576
389 0.580785 0.11605 0.0410175
390 0.580785 0.117252 0.0391298
391 0.580785 0.11476 0.0410685
392 0.580785 0.117555 0.0388724
393 0.580785 0.127239 0.0387617
394 0.580785 0.116521 0.0389648
395 0.580785 0.119606 0.0385661
396 0.580785 0.120704 0.0408297
397 0.580785 0.103412 0.0364036
398 0.580785 0.11141 0.0365286
399 0.580785 0.137061 0.0439119
400 0.580785 0.112784 0.0407841
401 0.596773 0.109533 0.0384308
402 0.596773 0.130517 0.0434325
403 0.596773 0.116129 0.0384753
404 0.596773 0.111148 0.0379714
405 0.596773 0.120684 0.0387976
406 0.596773 0.123732 0.0421762
407 0.596773 0.123844 0.03974
408 0.596773 0.108677 0.0355397
409 0.596773 0.120979 0.0407978
410 0.596773 0.125225 0.0418923
411 0.602428 0.111971 0.0404621
412 0.602428 0.111847 0.0410346
413 0.602428 0.103622 0.0383765
414 0.602428 0.116497 0.0412873
415 0.602428 0.104974 0.0384724
416 0.602428 0.11578 0.0400599
417 0.602428 0.131878 0.0455712
418 0.602428 0.132269 0.0454637
419 0.602428 0.130885 0.0437897
420 0.602428 0.108702 0.0395664
421 0.602428 0.130758 0.0437795
422 0.602428 0.140379 0.0458202
423 0.602428 0.126773 0.0418136
424 0.602428 0.116812 0.0391558
425 0.602428 0.122721 0.0418234
426 0.602428 0.105869 0.0402633
427 0.602428 0.109805 0.0407145
428 0.602428 0.108342 0.0411855
429 0.602428 0.105678 0.0406164
430 0.602428 0.132092 0.0458226
431 0.602428 0.13444 0.0411729
432 0.602428 0.124545 0.0402073
433 0.602428 0.132085 0.0489643
434 0.602428 0.110806 0.041748
435 0.602428 0.108547 0.0413091
436 0.602428 0.10715 0.0413897
437 0.602428 0.095919 0.0384151
438 0.602428 0.117048 0.0453023
439 0.603317 0.101985 0.0403538
440 0.603317 0.127324 0.0443762
441 0.603317 0.136523 0.0480268
442 0.603317 0.148403 0.0474001
443 0.603317 0.106801 0.0389564
444 0.603317 0.111452 0.0395955
445 0.603317 0.124482 0.0431879
446 0.603317 0.128434 0.0436642
447 0.603317 0.112571 0.0404038
448 0.603317 0.114324 0.037173
449 0.603317 0.09608 0.035632
450 0.603317 0.110631 0.037352
451 0.603317 0.121713 0.0425597
452 0.603317 0.125569 0.0455068
453 0.603317 0.123538 0.0418263
454 0.603317 0.130135 0.0466608
455 0.603317 0.107712 0.0409256
456 0.603317 0.11065 0.0390144
457 0.603317 0.100937 0.0375645
458 0.603317 0.115701 0.0437991
459 0.603317 0.121803 0.0439489
460 0.603317 0.130499 0.0458583
461 0.603317 0.126889 0.0442599
462 0.603317 0.124424 0.0448147
463 0.603317 0.0982193 0.0396148
464 0.603317 0.115384 0.042658
465 0.603317 0.124779 0.0401551
466 0.603317 0.100568 0.0382955
467 0.603317 0.101995 0.0374153
468 0.603317 0.0995021 0.0372849
469 0.603317 0.124264 0.0446846
470 0.603317 0.131057 0.0472966
471 0.603317 0.127731 0.0477107
472 0.603317 0.135779 0.045208
473 0.603317 0.135137 0.0451345
474 0.603317 0.119565 0.044337
475 0.603317 0.12225 0.0442048
476 0.603317 0.137627 0.0447207
477 0.603317 0.12112 0.0402953
478 0.603317 0.123736 0.0380699
479 0.603317 0.127933 0.0420775
480 0.603317 0.123643 0.0433009
481 0.603317 0.125007 0.0451805
482 0.603317 0.127786 0.0462847
483 0.603317 0.140867 0.0519141
484 0.603317 0.124877 0.0448498
485 0.603317 0.141938 0.0473736
486 0.603317 0.126167 0.0450331
487 0.603317 0.13811 0.0429831
488 0.603317 0.122068 0.0449317
489 0.603317 0.128475 0.0477849
490 0.603317 0.116994 0.0428988
491 0.603317 0.144439 0.0522136
492 0.603317 0.127303 0.0454516
493 0.603317 0.128673 0.0451506
494 0.603317 0.142245 0.0508883
495 0.603317 0.107897 0.0406436
496 0.603317 0.131155 0.0469378
497 0.603317 0.110501 0.0401148
498 0.603317 0.131789 0.0461723
499 0.603317 0.122764 0.044231
500 0.603317 0.113399 0.0436141
501 0.603317 0.127763 0.0471421
502 0.603317 0.119928 0.0449311
503 0.603317 0.102932 0.0431416
504 0.603317 0.105976 0.040211
505 0.603317 0.112357 0.0431393
506 0.603317 0.143045 0.0482517
507 0.603317 0.145925 0.0462228
508 0.603317 0.122326 0.0436681
509 0.603317 0.132308 0.0465808
510 0.603317 0.14657 0.0480679
511 0.603317 0.133772 0.046286
512 0.603317 0.149458 0.0447979
513 0.603317 0.146989 0.0481608
514 0.603317 0.11773 0.0422178
515 0.603317 0.134542 0.0467253
516 0.603317 0.123683 0.0418453
517 0.603317 0.122341 0.0449841
518 0.603317 0.123615 0.0431232
519 0.603317 0.124293 0.0413821
520 0.603317 0.126845 0.0411314
521 0.603317 0.125025 0.0428726
522 0.603317 0.135992 0.0474245
523 0.603317 0.125767 0.0455291
524 0.603317 0.122439 0.0413033
525 0.603317 0.11042 0.0428528
526 0.603317 0.131012 0.0491119
527 0.603317 0.0968115 0.0381453
528 0.603317 0.118132 0.044992
529 0.603317 0.115196 0.0437889
530 0.603317 0.114662 0.0411313
531 0.603317 0.114207 0.0430088
532 0.603317 0.102582 0.0389812
533 0.603317 0.118874 0.0445112
534 0.603317 0.101859 0.0423804
535 0.603317 0.096925 0.0367814
536 0.603317 0.10412 0.0387399
537 0.603317 0.126558 0.0458209
538 0.603317 0.108173 0.0433114
539 0.603317 0.123485 0.0443023
540 0.604704 0.121844 0.046149
541 0.604704 0.136972 0.0481178
542 0.604704 0.111801 0.0403748
543 0.604704 0.119128 0.0414529
544 0.604704 0.127906 0.0424773
545 0.604704 0.12898 0.0466627
546 0.604704 0.146173 0.0505611
547 0.604704 0.140357 0.0458399
548 0.604704 0.140973 0.0454836
549 0.604704 0.13804 0.0493928
550 0.604704 0.121229 0.0420557
551 0.604704 0.137905 0.0470078
552 0.604704 0.131574 0.0432929
553 0.604704 0.126869 0.0443633
554 0.604704 0.152714 0.0521968
555 0.604704 0.135082 0.0448713
556 0.604704 0.137804 0.0493702
557 0.604704 0.113411 0.0395386
558 0.604704 0.125354 0.0456102
559 0.604704 0.11379 0.0427
560 0.604704 0.131519 0.0478841
561 0.604704 0.118673 0.0435452
562 0.604704 0.128708 0.0457201
563 0.604704 0.138491 0.04591
564 0.604704 0.110843 0.0396452
565 0.604704 0.133055 0.0476981
566 0.604704 0.124062 0.0437019
567 0.604704 0.114874 0.0432811
568 0.604704 0.115446 0.0426819
569 0.604704 0.119987 0.0457597
570 0.604704 0.116088 0.0450151
571 0.604704 0.120903 0.0435102
572 0.604704 0.120516 0.0422788
573 0.604704 0.126334 0.0478573
574 0.604704 0.110049 0.0428976
575 0.604704 0.115116 0.0388591
576 0.604704 0.117719 0.0426928
577 0.604704 0.119232 0.0406092
578 0.604704 0.117742 0.0415111
579 0.604704 0.118943 0.040401
580 0.604704 0.121005 0.0443375
581 0.604704 0.109347 0.0383269
582 0.604704 0.111812 0.0443203
583 0.604704 0.105609 0.0408851
584 0.604704 0.12256 0.0420489
585 0.604704 0.107861 0.0417315
586 0.604704 0.124314 0.0445837
587 0.604704 0.15244 0.0509234
588 0.604704 0.125545 0.0435134
589 0.604704 0.11131 0.0416226
590 0.604704 0.117333 0.0436501
591 0.604704 0.139073 0.04807
592 0.604704 0.11645 0.0453875
593 0.604704 0.108657 0.0412752
594 0.604704 0.122329 0.0453607
595 0.604704 0.105681 0.0424345
596 0.604704 0.118704 0.0446362
597 0.604704 0.11138 0.0434609
598 0.604704 0.113126 0.0441451
599 0.604704 0.138342 0.0482522
600 0.604704 0.159671 0.0508715
601 0.604704 0.144472 0.0509963
602 0.604704 0.113037 0.0449093
603 0.604704 0.120633 0.046386
604 0.604704 0.122538 0.0432231
605 0.604704 0.111068 0.0409652
606 0.604704 0.147664 0.0498728
607 0.604704 0.133814 0.0448702
608 0.604704 0.127869 0.0448729
609 0.604704 0.12164 0.043604
610 0.604704 0.116526 0.039727
611 0.604704 0.108534 0.0370827
612 0.604704 0.106618 0.0397391
613 0.604704 0.127919 0.0459936
614 0.604704 0.137883 0.0484937
615 0.604704 0.128113 0.045904
616 0.604704 0.12589 0.0455041
617 0.604704 0.118313 0.045048
618 0.604704 0.122776 0.0485785
619 0.604704 0.111112 0.0417487
620 0.604704 0.118605 0.0418422
621 0.604704 0.114827 0.0413148
622 0.604704 0.128099 0.0491299
623 0.604704 0.112083 0.0407942
624 0.604704 0.119057 0.0410081
625 0.604704 0.125411 0.0455362
626 0.604704 0.147945 0.0478806
627 0.604704 0.144622 0.0489204
628 0.604704 0.146281 0.0455757
629 0.604704 0.138458 0.0448735
630 0.604704 0.143703 0.0452061
631 0.604704 0.139335 0.0471184
632 0.604704 0.1269 0.0402742
633 0.604704 0.138522 0.0429323
634 0.604704 0.134034 0.0465395
635 0.604704 0.141761 0.046533
636 0.604704 0.146657 0.0512766
637 0.604704 0.11041 0.0415341
638 0.604704 0.132236 0.0469595
639 0.604704 0.113512 0.0411943
640 0.604704 0.135352 0.0489419
641 0.604704 0.146457 0.0469573
642 0.604704 0.145717 0.0490632
643 0.604704 0.148991 0.0473448
644 0.604704 0.143296 0.0437821
645 0.604704 0.13833 0.0458769
646 0.604704 0.124022 0.042547
647 0.604704 0.106436 0.0397755
648 0.604704 0.114186 0.0414776
649 0.605954 0.124768 0.0452059
650 0.605954 0.12554 0.0460334
651 0.605954 0.124599 0.0444351
652 0.605954 0.151249 0.0499924
653 0.605954 0.131828 0.0474243
654 0.605954 0.11531 0.0411154
655 0.605954 0.113792 0.0429567
656 0.605954 0.126039 0.0469209
657 0.605954 0.130327 0.0491088
658 0.605954 0.113078 0.0438165
659 0.605954 0.116216 0.0424875
660 0.605954 0.119216 0.0430023
661 0.605954 0.101928 0.0402981
662 0.605954 0.127987 0.0485826
663 0.605954 0.110618 0.0410196
664 0.605954 0.104638 0.0409155
665 0.605954 0.112548 0.0409741
666 0.605954 0.103373 0.0409853
667 0.605954 0.119666 0.0469261
668 0.605954 0.121276 0.0424009
669 0.605954 0.119002 0.0436448
670 0.605954 0.126542 0.0439867
671 0.605954 0.124188 0.0458505
672 0.605954 0.139667 0.0504283
673 0.605954 0.146154 0.0504889
674 0.605954 0.129484 0.0470608
675 0.605954 0.123521 0.0460269
676 0.605954 0.131459 0.047767
677 0.605954 0.104665 0.0402268
678 0.605954 0.102784 0.0384831
679 0.605954 0.0999506 0.0402773
680 0.605954 0.11773 0.0434133
681 0.605954 0.122361 0.0408041
682 0.605954 0.122551 0.0433397
683 0.605954 0.113577 0.0401971
684 0.605954 0.134145 0.0465327
685 0.605954 0.142943 0.0446027
686 0.605954 0.138924 0.0509583
687 0.605954 0.140061 0.0479719
688 0.605954 0.137205 0.0478562
689 0.605954 0.152997 0.052549
690 0.605954 0.169025 0.0549469
691 0.605954 0.147823 0.0478906
692 0.605954 0.142439 0.0440786
693 0.605954 0.124871 0.045535
694 0.605954 0.128927 0.047963
695 0.605954 0.110908 0.0436156
696 0.605954 0.107345 0.0427182
697 0.605954 0.150424 0.0483874
698 0.605954 0.167111 0.0545977
699 0.605954 0.125074 0.0468266
700 0.605954 0.111869 0.0427595
701 0.605954 0.108977 0.0448838
702 0.605954 0.127954 0.0461899
703 0.605954 0.123856 0.0461354
704 0.605954 0.118404 0.0445856
705 0.605954 0.115525 0.0399699
706 0.605954 0.112571 0.0432197
707 0.605954 0.115782 0.0455605
708 0.605954 0.112574 0.0428474
709 0.605954 0.12301 0.0454941
710 0.605954 0.114456 0.046643
711 0.605954 0.114821 0.0431424
712 0.605954 0.110537 0.0448539
713 0.605954 0.125344 0.0454676
714 0.605954 0.113731 0.0414217
715 0.605954 0.113401 0.0403233
716 0.605954 0.120118 0.0427168
717 0.605954 0.138127 0.048023
718 0.605954 0.135602 0.050685
719 0.605954 0.143599 0.0486711
720 0.605954 0.11878 0.0425931
721 0.605954 0.134186 0.04531
722 0.605954 0.141587 0.0449866
723 0.605954 0.135961 0.0417731
724 0.605954 0.144836 0.0431273
725 0.605954 0.12531 0.0434869
726 0.605954 0.129627 0.0451318
727 0.605954 0.148605 0.0499654
728 0.605954 0.131135 0.0455191
729 0.605954 0.12908 0.0455982
730 0.605954 0.132007 0.0439276
731 0.605954 0.121588 0.0466315
732 0.605954 0.114171 0.0419514
733 0.605954 0.125674 0.0452547
734 0.605954 0.121833 0.0466017
735 0.605954 0.127084 0.0461126
736 0.605954 0.117929 0.0436672
737 0.605954 0.12852 0.0447794
738 0.605954 0.125384 0.0473975
739 0.605954 0.132608 0.0485847
740 0.605954 0.134974 0.0492064
741 0.605954 0.108393 0.0437068
742 0.605954 0.0986201 0.0411792
743 0.605954 0.113006 0.0435121
744 0.605954 0.133558 0.0478813
745 0.605954 0.138956 0.0478866
746 0.605954 0.119319 0.0431679
747 0.605954 0.138698 0.050935
748 0.605954 0.125048 0.0435944
749 0.605954 0.135868 0.046438
750 0.605954 0.102711 0.041108
751 0.605954 0.117116 0.04333
752 0.605954 0.130812 0.0456305
753 0.605954 0.128921 0.0440036
754 0.605954 0.124119 0.0439796
755 0.605954 0.130113 0.0450264
756 0.605954 0.109059 0.0420796
757 0.605954 0.121136 0.0466029
758 0.605954 0.144689 0.0511346
759 0.605954 0.168568 0.0546497
760 0.605954 0.13979 0.0475261
761 0.605954 0.132877 0.0446654
762 0.605954 0.122942 0.0432834
763 0.605954 0.136508 0.0505517
764 0.605954 0.12807 0.0467478
765 0.605954 0.0879997 0.0362166
766 0.605954 0.0966091 0.0379788
767 0.605954 0.124326 0.0454203
768 0.605954 0.118073 0.0483753
769 0.605954 0.123515 0.0502806
770 0.605954 0.132991 0.0490816
771 0.605954 0.127975 0.049825
772 0.605954 0.108684 0.0428564
773 0.605954 0.1229 0.0447337
774 0.605954 0.10172 0.038001
775 0.605954 0.0961288 0.0386246
776 0.605954 0.114302 0.0426872
777 0.605954 0.109018 0.0420727
778 0.605954 0.128425 0.0485097
779 0.605954 0.115975 0.0444291
780 0.605954 0.135209 0.0470364
781 0.605954 0.147377 0.047589
782 0.605954 0.138274 0.0485992
783 0.605954 0.122987 0.0410869
784 0.605954 0.142685 0.044945
785 0.605954 0.117772 0.0420069
786 0.605954 0.109352 0.0390723
787 0.605954 0.10259 0.0391628
788 0.605954 0.108201 0.0399535
789 0.605954 0.118725 0.0447977
790 0.605954 0.123649 0.0422377
791 0.605954 0.140551 0.0481144
792 0.605954 0.130487 0.0484799
793 0.605954 0.116154 0.0436698
794 0.605954 0.13796 0.0473431
795 0.605954 0.120571 0.0473874
796 0.605954 0.149623 0.0535952
797 0.605954 0.131906 0.0475382
798 0.605954 0.119149 0.0430272
799 0.606043 0.121419 0.047051
800 0.606043 0.0950598 0.0388165
801 0.606043 0.108225 0.0416964
802 0.606043 0.100253 0.0393588
803 0.606043 0.102145 0.0421252
804 0.606043 0.11183 0.0431381
805 0.606043 0.0849499 0.0364098
806 0.606043 0.112825 0.0431759
807 0.606043 0.113837 0.0416452
808 0.606043 0.110553 0.0400546
809 0.606043 0.100195 0.0386032
810 0.606043 0.125894 0.0493002
811 0.606043 0.128404 0.0451523
812 0.606043 0.119364 0.0435306
813 0.606043 0.113358 0.0416607
814 0.606043 0.119499 0.044533
815 0.606043 0.126682 0.0460772
816 0.606043 0.158872 0.0481806
817 0.606043 0.139038 0.0491699
818 0.606043 0.129707 0.0495245
819 0.606043 0.123811 0.0450176
820 0.606043 0.109787 0.0428906
821 0.606043 0.121442 0.0461912
822 0.606043 0.11114 0.0427283
823 0.606043 0.109211 0.0436982
824 0.606043 0.11652 0.0478336
825 0.606043 0.0826073 0.0361513
826 0.606043 0.113516 0.0461422
827 0.606043 0.115991 0.0455606
828 0.606043 0.1017 0.0386753
829 0.606043 0.104697 0.0419465
830 0.606043 0.114736 0.0456372
831 0.606043 0.103768 0.0406682
832 0.606043 0.122739 0.0462095
833 0.606043 0.128668 0.0461402
834 0.606043 0.134324 0.045235
835 0.606043 0.119736 0.0448421
836 0.606043 0.112175 0.0427369
837 0.606043 0.109204 0.0430711
838 0.606043 0.1128 0.04665
839 0.606043 0.102719 0.0425408
840 0.606043 0.122719 0.0454808
841 0.606043 0.110271 0.041967
842 0.606043 0.121815 0.0452896
843 0.606043 0.0948547 0.037256
844 0.606043 0.112722 0.0438349
845 0.606043 0.0986108 0.0407089
846 0.606043 0.111906 0.044088
847 0.606043 0.103515 0.0416498
848 0.606043 0.106276 0.040586
849 0.606043 0.122265 0.0451118
850 0.606043 0.106772 0.0427666
851 0.606043 0.11182 0.0439459
852 0.606043 0.129488 0.0477208
853 0.606043 0.137377 0.0504959
854 0.606043 0.12076 0.0455917
855 0.606043 0.132656 0.0466304
856 0.606043 0.140028 0.0484192
857 0.606043 0.129278 0.0485325
858 0.606043 0.124202 0.046518
859 0.606043 0.113576 0.0425461
860 0.606043 0.125742 0.0471493
861 0.606043 0.123012 0.0475038
862 0.606043 0.126571 0.043282
863 0.606043 0.148688 0.0529847
864 0.606115 0.146516 0.0498877
865 0.606115 0.120789 0.0459701
866 0.606115 0.116239 0.0444215
867 0.606115 0.136486 0.0471457
868 0.606115 0.121385 0.0445565
869 0.606115 0.129737 0.0445126
870 0.606115 0.131651 0.0438974
871 0.606115 0.1167 0.0455033
872 0.606115 0.152669 0.0508251
873 0.606115 0.116625 0.0453733
874 0.606115 0.126462 0.0444401
875 0.606115 0.121378 0.0443204
876 0.606115 0.120895 0.0437473
877 0.606115 0.152101 0.0499763
878 0.606115 0.117931 0.0443753
879 0.606115 0.124836 0.0461626
880 0.606115 0.10954 0.0398278
881 0.606115 0.115115 0.0423858
882 0.606115 0.106216 0.0426623
883 0.606115 0.120092 0.0454209
884 0.606115 0.114926 0.0448036
885 0.606115 0.108379 0.0388913
886 0.606115 0.128192 0.0441002
887 0.606115 0.134937 0.0476786
888 0.606115 0.121056 0.0448176
889 0.606115 0.123738 0.0445352
890 0.606115 0.124432 0.0480093
891 0.606115 0.10573 0.0436777
892 0.606115 0.121602 0.0462696
893 0.606115 0.116283 0.0442891
894 0.606115 0.112214 0.0452482
895 0.606115 0.101589 0.0412586
896 0.606115 0.119486 0.0425146
897 0.606115 0.118856 0.0418766
898 0.606115 0.10759 0.0399821
899 0.606115 0.13103 0.0485926
900 0.606115 0.142029 0.0485535
901 0.606115 0.12149 0.0422511
902 0.606115 0.129316 0.0480787
903 0.606115 0.1269 0.0441717
904 0.606115 0.125504 0.0458626
905 0.606115 0.134693 0.0475145
906 0.606115 0.11913 0.0433378
907 0.606115 0.126743 0.0457513
908 0.606115 0.11328 0.0436502
909 0.606115 0.111058 0.0427635
910 0.606115 0.136602 0.0508369
911 0.606115 0.120937 0.0452826
912 0.606115 0.13793 0.0503883
913 0.606115 0.136985 0.0508434
914 0.606115 0.136245 0.0500142
915 0.606115 0.146578 0.0506864
916 0.606115 0.115195 0.0440504
917 0.606115 0.126074 0.0451983
918 0.606115 0.135385 0.0463318
919 0.606115 0.138907 0.0444918
920 0.606115 0.135156 0.0445842
921 0.606115 0.14459 0.0472561
922 0.606115 0.125944 0.0455387
923 0.606115 0.121942 0.0460795
924 0.606115 0.123817 0.0450718
925 0.606115 0.145938 0.0496492
926 0.606115 0.149571 0.0475008
927 0.606115 0.149947 0.0515864
928 0.606115 0.139458 0.0453743
929 0.606115 0.142669 0.0467076
930 0.606115 0.122247 0.0422642
931 0.606115 0.125535 0.0427972
932 0.606115 0.126609 0.0418967
933 0.606115 0.125928 0.0434641
934 0.606115 0.12594 0.0465576
935 0.606115 0.121209 0.0426199
936 0.606115 0.122566 0.0407422
937 0.606115 0.122981 0.0425373
938 0.606115 0.119875 0.039907
939 0.606115 0.115844 0.0430486
940 0.606115 0.127399 0.0443327
941 0.606115 0.120786 0.0444248
942 0.606115 0.11067 0.0431253
943 0.606115 0.127953 0.0478818
944 0.606115 0.111176 0.0448226
945 0.606115 0.116584 0.0432672
946 0.606115 0.148869 0.0488454
947 0.606115 0.135282 0.0466499
948 0.606115 0.136639 0.0453839
949 0.606115 0.120228 0.0428882
950 0.606115 0.123582 0.0470717
951 0.606115 0.110419 0.0413798
952 0.606115 0.150459 0.0548538
953 0.606115 0.139339 0.0486542
954 0.606115 0.13401 0.0505347
955 0.606115 0.116003 0.0454194
956 0.606115 0.115077 0.0419224
957 0.606115 0.135103 0.050018
958 0.606115 0.0953419 0.03946
959 0.606115 0.133997 0.0444991
960 0.606115 0.125565 0.0469097
961 0.606115 0.112129 0.0413514
962 0.606115 0.125403 0.0455298
963 0.606115 0.121759 0.0449812
964 0.606115 0.114372 0.0459603
965 0.606115 0.112667 0.0448023
966 0.606115 0.123178 0.0457736
967 0.606115 0.134129 0.0449585
968 0.606115 0.108547 0.0427371
969 0.606115 0.0996936 0.0430963
970 0.606115 0.128134 0.0482292
971 0.606115 0.125192 0.0466944
972 0.606115 0.127031 0.048795
973 0.606115 0.0974204 0.0406927
974 0.606115 0.0917597 0.0379549
975 0.606115 0.103748 0.0394716
976 0.606115 0.148218 0.049504
977 0.606115 0.129632 0.0432139
978 0.606115 0.113272 0.0406019
979 0.606115 0.113594 0.0411978
980 0.606115 0.119976 0.0428812
981 0.606115 0.128628 0.0467051
982 0.606115 0.1202 0.0441912
983 0.606115 0.126236 0.0436556
984 0.606115 0.136712 0.0497155
985 0.606115 0.141858 0.0472394
986 0.606115 0.142614 0.0459866
987 0.606115 0.135641 0.0435505
988 0.606115 0.120679 0.044468
989 0.606115 0.114081 0.0401624
990 0.606115 0.135759 0.0419079
991 0.606115 0.126852 0.0461442
992 0.606115 0.12247 0.043436
993 0.606115 0.144952 0.0495943
994 0.606115 0.133066 0.0430407
995 0.606115 0.167594 0.0503725
996 0.606115 0.132766 0.0461576
997 0.606115 0.121522 0.0440515
998 0.606115 0.13737 0.0448617
999 0.606115 0.137601 0.0446143
1000 0.606115 0.125589 0.0439017
