0 0.125245 0.0539506 0.00385962
1 0.125245 0.0588935 0.00393044
2 0.125261 0.0665165 0.00391667
3 0.125278 0.0664814 0.00391971
4 0.125278 0.0802248 0.00362626
5 0.125278 0.0789335 0.0036761
6 0.125278 0.081522 0.00357434
7 0.125278 0.0901392 0.00318561
8 0.125278 0.088888 0.00325345
9 0.125278 0.0919745 0.00303578
10 0.125278 0.100118 0.00253074
11 0.125278 0.101583 0.00239575
12 0.544094 0.109412 0.00403096
12 0.54914 0.0054914 0.00301554
13 0.54914 0.00565632 0.00301644
14 0.54914 0.00633732 0.00305503
15 0.54914 0.00633732 0.00305503
16 0.54914 0.00697709 0.00307173
17 0.54914 0.00697709 0.00307173
18 0.54914 0.00837597 0.00315849
19 0.54914 0.00892194 0.00317907
20 0.54914 0.00925285 0.00317863
21 0.54914 0.0110445 0.0032665
22 0.54914 0.0130016 0.00337986
23 0.54914 0.0193012 0.00452135
24 0.54914 0.0248177 0.0057058
25 0.54914 0.0286153 0.00662997
26 0.54914 0.0312418 0.00792591
27 0.54914 0.0328243 0.00797785
28 0.54914 0.0405419 0.0117256
29 0.54914 0.046678 0.0147465
30 0.54914 0.0430598 0.0150586
31 0.54914 0.0533196 0.0178176
32 0.54914 0.0633947 0.0224262
33 0.54914 0.0741414 0.0259445
34 0.54914 0.0898291 0.0281545
35 0.54914 0.0944717 0.0318354
36 0.54914 0.0819997 0.0276755
37 0.54914 0.0836358 0.0304302
38 0.54914 0.0877658 0.0319921
39 0.54914 0.0800841 0.0289487
40 0.576668 0.102777 0.0345606
41 0.576668 0.0936019 0.0357818
42 0.576668 0.101617 0.0378118
43 0.576668 0.0904313 0.033035
44 0.604102 0.100812 0.0376159
45 0.604102 0.123975 0.0439891
46 0.604102 0.0971344 0.0378414
47 0.604102 0.102816 0.041112
48 0.604102 0.11122 0.0389045
49 0.604102 0.109387 0.0401154
50 0.604102 0.110984 0.0412172
51 0.604102 0.105756 0.0416177
52 0.604102 0.100043 0.0393151
53 0.604102 0.107173 0.0392007
54 0.604102 0.100336 0.0374267
55 0.604102 0.10129 0.0386119
56 0.604102 0.115903 0.0404097
57 0.604102 0.10058 0.0385548
58 0.604102 0.105048 0.0395844
59 0.604102 0.0950093 0.0387061
60 0.604102 0.0892733 0.0366501
61 0.604102 0.102697 0.0392143
62 0.604102 0.102313 0.0372287
63 0.604102 0.095551 0.0384794
64 0.604102 0.107835 0.0389249
65 0.604102 0.115529 0.0419664
66 0.604102 0.0921122 0.0399529
67 0.604102 0.104437 0.040077
68 0.604102 0.0882677 0.0344343
69 0.604102 0.0895673 0.0362429
70 0.604102 0.0924454 0.0371703
71 0.604102 0.118297 0.0430517
72 0.604102 0.109984 0.0428266
73 0.604102 0.104159 0.0399768
74 0.604102 0.115028 0.0420333
75 0.604102 0.11598 0.0416584
76 0.604102 0.123914 0.0408387
77 0.604102 0.113479 0.0420753
78 0.606119 0.101358 0.0395064
79 0.606119 0.115048 0.0418059
80 0.606119 0.107647 0.0401944
81 0.606119 0.104203 0.0411681
82 0.606119 0.114795 0.041728
83 0.606119 0.121244 0.046209
84 0.606119 0.108743 0.041736
85 0.606119 0.120825 0.0456334
86 0.606119 0.13133 0.0459829
87 0.606119 0.128384 0.0457547
88 0.606119 0.111401 0.0418096
89 0.606119 0.11465 0.0446893
90 0.606119 0.121135 0.0464269
91 0.606119 0.138978 0.0490289
92 0.606119 0.116563 0.0450015
93 0.606119 0.119886 0.0421857
94 0.606119 0.122558 0.0448473
95 0.606119 0.13085 0.0452969
96 0.606119 0.0940042 0.036664
97 0.606119 0.103018 0.0419804
98 0.606119 0.0999442 0.0403752
99 0.606119 0.109975 0.0433807
100 0.606119 0.112108 0.0422519
101 0.606119 0.10423 0.0393603
102 0.606119 0.105385 0.0448901
103 0.606119 0.104807 0.039152
104 0.606119 0.10974 0.0398841
105 0.606119 0.100192 0.042065
106 0.606119 0.0921675 0.0368589
107 0.606119 0.0869286 0.0378296
108 0.606119 0.0984214 0.0425558
109 0.606119 0.0894299 0.0391606
110 0.606119 0.10099 0.0417504
111 0.606119 0.0715072 0.0344743
112 0.606119 0.119865 0.0483013
113 0.606119 0.110074 0.0419001
114 0.606119 0.109227 0.0425413
115 0.606119 0.118621 0.0452642
116 0.606119 0.0982554 0.0392903
117 0.606119 0.1056 0.0435966
118 0.606119 0.0973384 0.0420545
119 0.606119 0.0976011 0.0398545
120 0.606119 0.0988839 0.0423091
121 0.606119 0.117858 0.0460842
122 0.606119 0.0914004 0.0389658
123 0.606119 0.0811186 0.0386373
124 0.606119 0.109996 0.0457569
125 0.606119 0.126415 0.0499909
126 0.606119 0.124255 0.0451318
127 0.606119 0.105108 0.0396465
128 0.606119 0.121881 0.0462
129 0.606119 0.13849 0.0483004
130 0.606119 0.115827 0.0437072
131 0.606119 0.126626 0.0459449
132 0.606119 0.119134 0.0455133
133 0.606119 0.127388 0.0467856
134 0.607567 0.1016 0.0417651
135 0.607567 0.11517 0.0448842
136 0.607567 0.0953515 0.0385428
137 0.607567 0.107308 0.0435154
138 0.607567 0.123509 0.0436508
139 0.607567 0.105578 0.0416587
140 0.607567 0.103508 0.0401321
141 0.607567 0.0887056 0.0392168
142 0.607567 0.102163 0.0420706
143 0.607567 0.0924284 0.0380159
144 0.607567 0.11981 0.0428034
145 0.607567 0.126099 0.0434285
146 0.607567 0.125561 0.0432349
147 0.607567 0.134468 0.050039
148 0.607567 0.110074 0.0440016
149 0.607567 0.0999683 0.0439093
150 0.607567 0.107949 0.0430745
151 0.607567 0.0919089 0.0378529
152 0.607567 0.0938966 0.0402322
153 0.607567 0.0920022 0.0395777
154 0.607567 0.105369 0.0413155
155 0.607567 0.0900583 0.0381538
156 0.607567 0.105262 0.0411547
157 0.607567 0.114161 0.0452926
158 0.607567 0.112248 0.0420848
159 0.607567 0.127155 0.0469011
160 0.607567 0.140173 0.0505248
161 0.607567 0.116635 0.0460751
162 0.607567 0.126205 0.0481071
163 0.607567 0.111752 0.0450487
164 0.607567 0.119516 0.0464487
165 0.607567 0.132152 0.0533441
166 0.608141 0.113121 0.0444099
167 0.608141 0.0970489 0.0408432
168 0.608141 0.1025 0.0419614
169 0.608141 0.113608 0.0430748
170 0.608141 0.124689 0.0422961
171 0.608141 0.103158 0.0434141
172 0.608497 0.113444 0.047344
173 0.608497 0.123067 0.0487525
174 0.608497 0.114083 0.0430709
175 0.608497 0.103147 0.0405282
176 0.608497 0.0924177 0.0395809
177 0.608497 0.0907074 0.0415649
178 0.608497 0.0964146 0.0419765
179 0.608497 0.105448 0.0430268
180 0.608497 0.117516 0.0479412
181 0.608497 0.132778 0.0506603
182 0.608497 0.112069 0.0433157
183 0.608497 0.111968 0.0451313
184 0.608497 0.120319 0.0436621
185 0.608497 0.121072 0.0441994
186 0.608497 0.112111 0.044892
187 0.608497 0.11733 0.046949
188 0.608497 0.122771 0.0476668
189 0.608497 0.105718 0.043208
190 0.608497 0.10595 0.0424521
191 0.608497 0.126614 0.0500317
192 0.608497 0.115938 0.0458284
193 0.608497 0.118367 0.0434693
194 0.608497 0.109322 0.0440437
195 0.608497 0.113416 0.0444515
196 0.608497 0.118775 0.0426624
197 0.608497 0.117467 0.0429515
198 0.608497 0.109917 0.0444949
199 0.608497 0.117093 0.0426729
200 0.608497 0.101417 0.0395986
201 0.608497 0.105609 0.044341
202 0.608497 0.100924 0.0398289
203 0.608497 0.102049 0.0408276
204 0.608497 0.0928552 0.0400388
205 0.608497 0.0986116 0.0427878
206 0.608497 0.0892821 0.0378202
207 0.608497 0.103859 0.0424677
208 0.608497 0.105307 0.0427869
209 0.608497 0.111815 0.0449883
210 0.608497 0.10836 0.0438348
211 0.608497 0.120217 0.0467697
212 0.608497 0.117828 0.0459093
213 0.608497 0.113642 0.0464549
214 0.608497 0.130544 0.0472757
215 0.608497 0.105225 0.0385941
216 0.608497 0.113716 0.0416098
217 0.608497 0.1071 0.0395908
218 0.608497 0.129649 0.0477516
219 0.608497 0.112319 0.0414177
220 0.608497 0.123533 0.0443067
221 0.608497 0.117322 0.0459695
222 0.608497 0.126505 0.0475939
223 0.608497 0.122327 0.0472306
224 0.608497 0.109789 0.0435493
225 0.608497 0.113553 0.0461429
226 0.608497 0.137534 0.0516158
227 0.608497 0.138981 0.047889
228 0.608497 0.126109 0.04707
229 0.608497 0.1252 0.0471815
230 0.608497 0.103097 0.0427995
231 0.608497 0.12852 0.0490924
232 0.608497 0.133588 0.0501789
233 0.608497 0.115049 0.0437138
234 0.608497 0.109422 0.0435314
235 0.608497 0.0937276 0.039885
236 0.608497 0.108419 0.0428044
237 0.608497 0.110301 0.0421801
238 0.608497 0.126895 0.0474218
239 0.608497 0.117412 0.0455097
240 0.608497 0.110475 0.0468554
241 0.608497 0.128181 0.0462578
242 0.608497 0.131055 0.0518488
243 0.608497 0.114919 0.0472156
244 0.609875 0.114557 0.0461539
245 0.609875 0.105876 0.0442733
246 0.609875 0.100724 0.0404857
247 0.609875 0.114153 0.0455363
248 0.609875 0.12422 0.0454707
249 0.609875 0.14195 0.0519152
250 0.609875 0.102147 0.0411445
251 0.61096 0.141347 0.0529084
252 0.61096 0.126633 0.0490101
253 0.61096 0.134219 0.0539024
254 0.61096 0.119853 0.0469751
255 0.61096 0.100965 0.0437779
256 0.61096 0.124191 0.0470285
257 0.61096 0.115764 0.0450406
258 0.61096 0.114468 0.0487202
259 0.61096 0.114282 0.0454177
260 0.61096 0.115571 0.0447209
261 0.61096 0.141302 0.0483316
262 0.61096 0.123162 0.0412356
263 0.61096 0.119653 0.0444073
264 0.61096 0.119606 0.04724
265 0.61096 0.123308 0.0510664
266 0.61096 0.121868 0.0491715
267 0.61096 0.138289 0.0538541
268 0.61096 0.113575 0.0464596
269 0.61096 0.13096 0.0461582
270 0.61096 0.120929 0.0466724
271 0.61096 0.115589 0.0462841
272 0.61096 0.122108 0.0461502
273 0.61096 0.107511 0.0442381
274 0.61096 0.118725 0.0476475
275 0.61096 0.120549 0.0466377
276 0.61096 0.122872 0.0459081
277 0.61096 0.12532 0.0453358
278 0.61096 0.116233 0.0449601
279 0.61096 0.121748 0.046089
280 0.61096 0.104546 0.0396801
281 0.61096 0.100236 0.0408536
282 0.61096 0.111472 0.0462028
283 0.61096 0.106514 0.0464961
284 0.61096 0.106418 0.0452713
285 0.61096 0.0970633 0.0418518
286 0.61096 0.106304 0.0439288
287 0.61096 0.10682 0.0438959
288 0.61096 0.107483 0.0437522
289 0.61096 0.107433 0.0417929
290 0.61096 0.0984295 0.0405425
291 0.61096 0.100053 0.0424762
292 0.61096 0.109876 0.0433129
293 0.61096 0.128145 0.0506665
294 0.61096 0.130596 0.0453162
295 0.61096 0.136961 0.048426
296 0.61096 0.125538 0.0477336
297 0.61096 0.128656 0.050326
298 0.61096 0.119887 0.0457508
299 0.61096 0.109547 0.0426782
300 0.61096 0.110093 0.0442867
301 0.61096 0.108648 0.0393363
302 0.61096 0.112163 0.0425239
303 0.61096 0.130141 0.0458817
304 0.61096 0.124993 0.0448884
305 0.61096 0.107935 0.0427558
306 0.61096 0.11129 0.0428894
307 0.61096 0.117889 0.0441846
308 0.61096 0.111286 0.0446085
309 0.61096 0.110069 0.0428206
310 0.61096 0.108861 0.0417558
311 0.61096 0.115345 0.0458092
312 0.61096 0.119511 0.0460077
313 0.61096 0.124598 0.0448896
314 0.61096 0.0990066 0.0374044
315 0.61096 0.092815 0.0363731
316 0.61096 0.110988 0.0429251
317 0.61096 0.117688 0.0426514
318 0.61096 0.108139 0.0417874
319 0.61096 0.108864 0.0435173
320 0.61096 0.0916345 0.0389574
321 0.61096 0.130633 0.050663
322 0.61096 0.14231 0.0496843
323 0.61096 0.146652 0.0489726
324 0.61096 0.121642 0.04384
325 0.61096 0.119445 0.0452288
326 0.61096 0.128848 0.0486603
327 0.61096 0.115584 0.0448294
328 0.61096 0.131013 0.0498657
329 0.61096 0.127162 0.0451976
330 0.61096 0.121008 0.0457741
331 0.61096 0.127044 0.0505243
332 0.61096 0.10112 0.0441798
333 0.61096 0.093152 0.0405472
334 0.61096 0.124815 0.0482841
335 0.61096 0.116828 0.0461216
336 0.61096 0.108068 0.0436454
337 0.61096 0.134961 0.0494418
338 0.61096 0.121654 0.0467231
339 0.61096 0.128809 0.048883
340 0.61096 0.1213 0.0440508
341 0.61096 0.13599 0.0473017
342 0.61096 0.127435 0.0452405
343 0.61096 0.108089 0.0425986
344 0.61096 0.101991 0.0395729
345 0.61096 0.108715 0.0447192
346 0.61096 0.102328 0.0414467
347 0.61096 0.114735 0.0414345
348 0.61096 0.108271 0.0411456
349 0.61096 0.119638 0.0454845
350 0.61096 0.113428 0.0445806
351 0.61096 0.101543 0.0397382
352 0.61096 0.0965357 0.0411644
353 0.61096 0.109616 0.0470212
354 0.61096 0.100995 0.0418727
355 0.61096 0.10491 0.0417167
356 0.61096 0.108533 0.0447995
357 0.61096 0.109083 0.0429457
358 0.61096 0.113713 0.0434974
359 0.61096 0.107021 0.0411918
360 0.61096 0.121415 0.0488198
361 0.61096 0.0931047 0.0412223
362 0.61096 0.111241 0.0452789
363 0.61096 0.130794 0.0486871
364 0.61096 0.129937 0.0497074
365 0.61096 0.119198 0.046762
366 0.61096 0.112643 0.0428316
367 0.61096 0.109989 0.0424735
368 0.61096 0.113554 0.0426505
369 0.61096 0.104898 0.0426204
370 0.61096 0.120358 0.0458853
371 0.61096 0.11614 0.0429342
372 0.61096 0.100113 0.0418785
373 0.61096 0.10577 0.0425794
374 0.611146 0.114143 0.0464407
375 0.611146 0.114048 0.0443251
376 0.611146 0.11768 0.0439881
377 0.611146 0.107577 0.0426676
378 0.611146 0.111264 0.0430489
379 0.611146 0.116085 0.0452676
380 0.611146 0.120137 0.0465249
381 0.611146 0.106378 0.0420804
382 0.611146 0.123555 0.0460693
383 0.611146 0.0955435 0.0397371
384 0.611146 0.106863 0.0411514
385 0.611146 0.126994 0.0493762
386 0.611146 0.105407 0.0429504
387 0.611146 0.0925352 0.039573
388 0.611146 0.0961565 0.0420362
389 0.611146 0.105546 0.0431735
390 0.611146 0.118213 0.0458075
391 0.611146 0.106895 0.0418308
392 0.611146 0.104338 0.0414184
393 0.611146 0.127036 0.0496404
394 0.611146 0.127227 0.0505433
395 0.611146 0.112125 0.0441498
396 0.611353 0.121538 0.0491541
397 0.611353 0.143204 0.0511599
398 0.611353 0.124326 0.0475394
399 0.611353 0.127115 0.0464648
400 0.611353 0.121966 0.0466864
401 0.611353 0.120364 0.0446396
402 0.611353 0.108264 0.0438182
403 0.611353 0.0948594 0.0415304
404 0.611353 0.0991922 0.0423746
405 0.611353 0.107296 0.0421261
406 0.611353 0.120236 0.0449829
407 0.611353 0.121471 0.0478005
408 0.611353 0.131321 0.0478735
409 0.611353 0.128643 0.0449898
410 0.611353 0.113352 0.0432691
411 0.611353 0.118617 0.0450289
412 0.611353 0.117086 0.0485389
413 0.611353 0.127042 0.0499714
414 0.611353 0.119692 0.0476175
415 0.611353 0.12131 0.0444483
416 0.611353 0.100295 0.0384716
417 0.611353 0.102072 0.0428038
418 0.611353 0.104713 0.0428012
419 0.611353 0.117164 0.046017
420 0.611353 0.106826 0.0451144
421 0.611353 0.102714 0.041606
422 0.611353 0.105077 0.0427427
423 0.611353 0.111104 0.0421895
424 0.611353 0.127575 0.0514778
425 0.611353 0.112451 0.0483907
426 0.611353 0.134769 0.0489564
427 0.611353 0.116196 0.0441921
428 0.611353 0.120162 0.0480297
429 0.611353 0.128411 0.0468769
430 0.611353 0.122033 0.0449966
431 0.611353 0.114084 0.0454074
432 0.611353 0.120424 0.0461072
433 0.611353 0.128004 0.0490948
434 0.611353 0.106936 0.0437031
435 0.611353 0.105538 0.0427305
436 0.611353 0.129252 0.0523936
437 0.611353 0.134448 0.0521458
438 0.611353 0.130591 0.0527931
439 0.611353 0.108655 0.0474307
440 0.611353 0.120385 0.0481007
441 0.611353 0.139816 0.0524806
442 0.611353 0.100387 0.0423154
443 0.611353 0.0965672 0.0417398
444 0.611353 0.105633 0.0455659
445 0.611353 0.121226 0.0489107
446 0.611353 0.11777 0.0490772
447 0.611353 0.111754 0.0459905
448 0.611353 0.113332 0.046204
449 0.611353 0.108726 0.0458877
450 0.611353 0.105501 0.0428872
451 0.611353 0.11103 0.0437535
452 0.611353 0.14159 0.0502597
453 0.611353 0.111768 0.0451093
454 0.611353 0.116453 0.0476467
455 0.611353 0.100887 0.0423114
456 0.611353 0.0974679 0.0401277
457 0.611353 0.113881 0.0436802
458 0.611353 0.105487 0.0451889
459 0.611353 0.115689 0.0449488
460 0.611353 0.132837 0.0504316
461 0.611353 0.116836 0.0448106
462 0.611353 0.10884 0.0426018
463 0.611353 0.127463 0.0487435
464 0.611353 0.121823 0.0455466
465 0.611353 0.113871 0.0470987
466 0.611353 0.114134 0.0446932
467 0.611353 0.124817 0.0485547
468 0.611353 0.141649 0.051277
469 0.611353 0.156822 0.0520746
470 0.611353 0.134248 0.0487062
471 0.611353 0.121381 0.0459355
472 0.611353 0.146881 0.0483085
473 0.611353 0.119294 0.0448501
474 0.611353 0.122645 0.0441878
475 0.611353 0.11822 0.0422703
476 0.611353 0.126094 0.0425221
477 0.611353 0.106627 0.042851
478 0.611353 0.12534 0.0484613
479 0.611353 0.11576 0.0466079
480 0.611353 0.13089 0.0511917
481 0.611353 0.0930422 0.0401395
482 0.611353 0.0791721 0.0384129
483 0.611353 0.100193 0.0415886
484 0.611353 0.0938062 0.0414281
485 0.611353 0.0937763 0.0396306
486 0.611353 0.115647 0.0451424
487 0.611353 0.0972203 0.0434184
488 0.611353 0.131295 0.0491694
489 0.611353 0.112045 0.0429847
490 0.611472 0.126281 0.0460548
491 0.612111 0.127671 0.0487688
492 0.612111 0.123218 0.0450839
493 0.612111 0.114233 0.0439248
494 0.612111 0.100974 0.0436466
495 0.612111 0.11672 0.0438619
496 0.612111 0.12976 0.0456073
497 0.612111 0.130745 0.0469127
498 0.612111 0.118509 0.0442194
499 0.612111 0.101335 0.040972
500 0.612111 0.116147 0.0444308
501 0.612111 0.107182 0.0406703
502 0.612111 0.11603 0.0472426
503 0.612111 0.115196 0.04742
504 0.612111 0.108941 0.0419974
505 0.612111 0.133511 0.0494223
506 0.612111 0.125479 0.0461036
507 0.612111 0.126926 0.0450856
508 0.612111 0.133396 0.0452008
509 0.612111 0.134972 0.0454049
510 0.612111 0.154161 0.050653
511 0.612111 0.133725 0.0490397
512 0.612111 0.123127 0.0450306
513 0.612111 0.129313 0.0471855
514 0.612111 0.118791 0.0466105
515 0.612111 0.124795 0.0471051
516 0.612111 0.135914 0.0517094
517 0.612111 0.12062 0.0510025
518 0.612111 0.1263 0.0481289
519 0.612111 0.12988 0.0465553
520 0.612111 0.130818 0.0502096
521 0.612111 0.126438 0.0469683
522 0.612111 0.123473 0.0474652
523 0.612111 0.0987297 0.0393942
524 0.612111 0.102954 0.0403469
525 0.612111 0.14023 0.0539757
526 0.612111 0.107167 0.044708
527 0.612111 0.0989696 0.0425176
528 0.612111 0.10011 0.0398032
529 0.612111 0.106937 0.0401289
530 0.612111 0.113453 0.0397587
531 0.612111 0.107623 0.0412583
532 0.612111 0.096769 0.040632
533 0.612111 0.100015 0.0413332
534 0.612111 0.103182 0.0418798
535 0.612111 0.10072 0.0404131
536 0.612111 0.0978208 0.0411416
537 0.612111 0.104119 0.0463506
538 0.612111 0.119204 0.0457294
539 0.612111 0.104272 0.0436713
540 0.612111 0.106632 0.0457983
541 0.612111 0.119193 0.045644
542 0.612111 0.111826 0.0414118
543 0.612111 0.130101 0.0482867
544 0.612111 0.123836 0.0455791
545 0.612111 0.106341 0.0443827
546 0.612111 0.117208 0.0454229
547 0.612111 0.122575 0.0484067
548 0.612111 0.117019 0.0450065
549 0.612111 0.113337 0.0445134
550 0.612111 0.124101 0.0468696
551 0.612111 0.110789 0.0439798
552 0.612111 0.125403 0.0515651
553 0.612111 0.103645 0.0435699
554 0.612111 0.104625 0.0419025
555 0.612111 0.0973369 0.0400853
556 0.612111 0.124834 0.0498328
557 0.612184 0.133902 0.0504303
558 0.612184 0.14489 0.0537624
559 0.612251 0.143413 0.0540214
560 0.612251 0.13451 0.0547896
561 0.612251 0.126381 0.0484557
562 0.612251 0.115044 0.0479771
563 0.612251 0.107489 0.0464809
564 0.612251 0.116741 0.0461869
565 0.612251 0.121377 0.0468257
566 0.612251 0.120932 0.0462613
567 0.612251 0.108912 0.0393118
568 0.612251 0.112753 0.044905
569 0.612251 0.0976817 0.0435635
570 0.612251 0.112992 0.0444409
571 0.612251 0.105443 0.0443225
572 0.612251 0.0922983 0.0402196
573 0.612251 0.0837167 0.0386281
574 0.612251 0.106968 0.0434198
575 0.612251 0.121608 0.0473272
576 0.612251 0.122512 0.0456886
577 0.612251 0.111867 0.0419267
578 0.612251 0.113755 0.0440182
579 0.612251 0.132407 0.0485598
580 0.612251 0.112535 0.0418949
581 0.612251 0.117832 0.0466736
582 0.612251 0.137213 0.0565604
583 0.612251 0.103466 0.0446581
584 0.612251 0.114229 0.0492576
585 0.612251 0.123666 0.047856
586 0.612251 0.149657 0.0529904
587 0.612251 0.141647 0.0502591
588 0.612251 0.132136 0.0465983
589 0.612251 0.122908 0.0484194
590 0.612251 0.142624 0.0544882
591 0.612251 0.105631 0.0450215
592 0.612251 0.111093 0.0438822
593 0.612251 0.115231 0.0436506
594 0.612251 0.114137 0.0463398
595 0.612251 0.12592 0.0468727
596 0.612251 0.110655 0.0444745
597 0.612251 0.0919915 0.0395832
598 0.612251 0.106094 0.043384
599 0.612251 0.118643 0.0464616
600 0.612251 0.117024 0.0482128
601 0.612251 0.127602 0.0475217
602 0.612251 0.119132 0.0479436
603 0.612251 0.134261 0.051285
604 0.612251 0.121974 0.0470315
605 0.612251 0.115666 0.0464582
606 0.612251 0.135233 0.048563
607 0.612251 0.119345 0.0469637
608 0.612251 0.111127 0.0452128
609 0.612251 0.106787 0.0451065
610 0.612251 0.0938325 0.0373368
611 0.612251 0.102767 0.0411921
612 0.612251 0.0836208 0.0368036
613 0.612251 0.108403 0.0434991
614 0.612251 0.120596 0.0476127
615 0.612251 0.119854 0.0472425
616 0.612251 0.106236 0.0431914
617 0.612251 0.103328 0.0410458
618 0.612251 0.108351 0.0397857
619 0.612251 0.132793 0.0458275
620 0.612251 0.126108 0.0447459
621 0.612251 0.106872 0.0407748
622 0.612251 0.104741 0.0451963
623 0.612251 0.101848 0.0430399
624 0.612251 0.112744 0.0459223
625 0.612251 0.113561 0.0469538
626 0.612251 0.13037 0.0523811
627 0.612251 0.113044 0.0472945
628 0.612251 0.102511 0.0455018
629 0.612251 0.0941929 0.0426803
630 0.612251 0.109946 0.0441066
631 0.612251 0.0951757 0.0426015
632 0.612251 0.107538 0.0447318
633 0.612251 0.113405 0.0481757
634 0.612251 0.103605 0.0409691
635 0.612251 0.129572 0.0471323
636 0.612251 0.101277 0.0423062
637 0.612251 0.1169 0.0453071
638 0.612251 0.126193 0.0493723
639 0.612251 0.123761 0.0495963
640 0.612251 0.117642 0.0476758
641 0.612251 0.10336 0.0411221
642 0.612251 0.0992486 0.0403765
643 0.612251 0.103925 0.0429628
644 0.612251 0.0984863 0.0399734
645 0.612251 0.120668 0.0451439
646 0.612251 0.0929329 0.041058
647 0.612251 0.0795271 0.0362947
648 0.612251 0.0921338 0.0407863
649 0.612251 0.101721 0.0453982
650 0.612251 0.100132 0.0416775
651 0.612251 0.104606 0.0441499
652 0.612251 0.0985917 0.0411692
653 0.612251 0.109931 0.0418552
654 0.612251 0.119418 0.0427665
655 0.612251 0.110181 0.0422332
656 0.612251 0.0991795 0.0390626
657 0.612251 0.116983 0.0442216
658 0.612251 0.11446 0.0414027
659 0.612251 0.0838611 0.0363836
660 0.612251 0.109486 0.0425154
661 0.612251 0.124945 0.0476759
662 0.612251 0.112424 0.043438
663 0.612251 0.101851 0.0425244
664 0.612251 0.106727 0.0387441
665 0.612251 0.0958587 0.0399988
666 0.612251 0.0885842 0.0383565
667 0.612251 0.106552 0.0436859
668 0.612251 0.103479 0.0437762
669 0.612251 0.131501 0.0484823
670 0.612251 0.106583 0.0403968
671 0.612251 0.117988 0.044269
672 0.612251 0.126821 0.0460089
673 0.612251 0.132843 0.0489157
674 0.612251 0.129019 0.0458127
675 0.612251 0.100903 0.039961
676 0.612251 0.102853 0.0406409
677 0.612251 0.12731 0.0469734
678 0.612251 0.125375 0.0469715
679 0.612251 0.123887 0.0452434
680 0.612251 0.130099 0.0464339
681 0.612251 0.125944 0.0442273
682 0.612251 0.107558 0.0427647
683 0.612251 0.0990514 0.0439913
684 0.612251 0.106677 0.0425913
685 0.612251 0.105834 0.0429385
686 0.612251 0.116542 0.0489627
687 0.612251 0.0970592 0.0412744
688 0.612251 0.111787 0.0454771
689 0.612251 0.111266 0.0456072
690 0.612251 0.0933725 0.0377911
691 0.612251 0.119313 0.0472806
692 0.612251 0.0924007 0.0410074
693 0.612251 0.0863173 0.0400848
694 0.612251 0.114542 0.046007
695 0.612251 0.0974406 0.0416477
696 0.612251 0.0996759 0.0395027
697 0.612251 0.10534 0.042815
698 0.612251 0.115173 0.0478839
699 0.612251 0.106002 0.0435994
700 0.612251 0.0924491 0.0393006
701 0.612251 0.102416 0.041763
702 0.612251 0.122016 0.0469389
703 0.612251 0.105631 0.0423305
704 0.612251 0.114922 0.0444517
705 0.612251 0.117156 0.0482515
706 0.612251 0.106108 0.0440667
707 0.612251 0.0936045 0.041929
708 0.612251 0.103597 0.0443162
709 0.612251 0.124148 0.0471674
710 0.612251 0.0981051 0.0370015
711 0.612251 0.118571 0.0430309
712 0.612251 0.123896 0.0451371
713 0.612251 0.125505 0.0463089
714 0.612251 0.132863 0.047399
715 0.612251 0.118613 0.0434238
716 0.612251 0.129227 0.0504116
717 0.612251 0.149086 0.0553852
718 0.612251 0.116882 0.0466704
719 0.612251 0.126334 0.0469673
720 0.612251 0.112655 0.0426373
721 0.612251 0.103197 0.0394391
722 0.612251 0.132178 0.0516617
723 0.612251 0.132474 0.0463625
724 0.612251 0.122309 0.0410981
725 0.612251 0.123211 0.0437232
726 0.61241 0.116465 0.0438385
727 0.61241 0.117537 0.0458878
728 0.61241 0.0946306 0.0398101
729 0.61241 0.109891 0.0451758
730 0.61241 0.107001 0.043969
731 0.61241 0.0969256 0.0428135
732 0.61241 0.120264 0.0483067
733 0.61241 0.114098 0.0441343
734 0.61241 0.112637 0.0441566
735 0.61241 0.111781 0.0460183
736 0.61241 0.112864 0.0417917
737 0.61241 0.124217 0.0513447
738 0.61241 0.0993707 0.0434867
739 0.61241 0.101908 0.0443116
740 0.61241 0.0920211 0.0430737
741 0.61241 0.111688 0.0452859
742 0.61241 0.105054 0.0409157
743 0.61241 0.103605 0.0417056
744 0.61241 0.111822 0.0425837
745 0.61241 0.123966 0.0459052
746 0.61241 0.131338 0.0487533
747 0.61241 0.123647 0.0511813
748 0.61241 0.0906329 0.0408242
749 0.61241 0.124864 0.049488
750 0.61241 0.109281 0.042363
751 0.61241 0.122339 0.0467182
752 0.61241 0.0984285 0.0394612
753 0.61241 0.115198 0.0456734
754 0.61241 0.115126 0.0465569
755 0.61241 0.136122 0.0516842
756 0.61241 0.12176 0.0451567
757 0.61241 0.107353 0.0411876
758 0.61241 0.128274 0.0473674
759 0.61241 0.122547 0.0474064
760 0.61241 0.118217 0.0443675
761 0.61241 0.111478 0.0437393
762 0.61241 0.114355 0.0431577
763 0.61241 0.115463 0.0469123
764 0.61241 0.113116 0.0462913
765 0.61241 0.132009 0.0494662
766 0.61241 0.130253 0.0482024
767 0.61241 0.0982032 0.0398836
768 0.61241 0.0978894 0.0405729
769 0.61241 0.106674 0.037707
770 0.61241 0.136683 0.0452357
771 0.61241 0.12746 0.0460938
772 0.61241 0.103926 0.0418503
773 0.61241 0.12213 0.0484514
774 0.61241 0.110654 0.0438061
775 0.61241 0.110402 0.0448244
776 0.61241 0.116984 0.0421485
777 0.61241 0.130983 0.046358
778 0.61241 0.115829 0.0409832
779 0.61241 0.108747 0.0436789
780 0.61241 0.124388 0.0479755
781 0.61241 0.131454 0.0454538
782 0.61241 0.11977 0.0472715
783 0.61241 0.087837 0.0386867
784 0.61241 0.0901256 0.0392229
785 0.61241 0.0913922 0.0412392
786 0.61241 0.112371 0.0446865
787 0.61241 0.110911 0.043997
788 0.61241 0.113397 0.0436181
789 0.61241 0.0982631 0.0408899
790 0.61241 0.10344 0.0393322
791 0.61241 0.101173 0.0395863
792 0.61241 0.12927 0.0473461
793 0.61241 0.125314 0.0488053
794 0.61241 0.111152 0.0456135
795 0.61241 0.111741 0.0449313
796 0.61241 0.109973 0.0452315
797 0.61241 0.0888335 0.0401716
798 0.61241 0.0924647 0.0397111
799 0.61241 0.115507 0.0468356
800 0.61241 0.119804 0.0465058
801 0.61241 0.114102 0.0455183
802 0.61241 0.108515 0.0424741
803 0.61241 0.0989505 0.0420414
804 0.61241 0.0939285 0.040749
805 0.61241 0.111344 0.0451236
806 0.61241 0.130329 0.0475406
807 0.61241 0.129952 0.0510415
808 0.61241 0.131332 0.0455731
809 0.61241 0.106072 0.0391589
810 0.61241 0.109482 0.0406628
811 0.61241 0.115812 0.0422023
812 0.61241 0.127442 0.0449807
813 0.61241 0.15071 0.0506482
814 0.61241 0.13083 0.0448382
815 0.61241 0.132732 0.0484888
816 0.61241 0.129116 0.0485179
817 0.61241 0.105558 0.0417719
818 0.61241 0.11682 0.0456419
819 0.61241 0.114897 0.0449248
820 0.61241 0.0943364 0.0426803
821 0.61241 0.0933298 0.0418923
822 0.61241 0.0868397 0.0394069
823 0.61241 0.0908319 0.0400224
824 0.61241 0.108355 0.0445652
825 0.61241 0.108066 0.0451428
826 0.61241 0.104607 0.0420141
827 0.61241 0.134024 0.0464949
828 0.61241 0.120052 0.0473881
829 0.61241 0.125685 0.0493011
830 0.61241 0.0856977 0.0387516
831 0.61241 0.11901 0.0479077
832 0.61241 0.109115 0.047922
833 0.61241 0.0864877 0.0375764
834 0.61241 0.0987092 0.0430619
835 0.61241 0.110486 0.0442734
836 0.61241 0.103142 0.0438008
837 0.61241 0.103232 0.0408629
838 0.61241 0.0969584 0.0429457
839 0.61241 0.113138 0.0447096
840 0.61241 0.126407 0.0497235
841 0.61241 0.121444 0.0471643
842 0.61241 0.125148 0.0494947
843 0.61241 0.105605 0.0426638
844 0.61241 0.104763 0.0405326
845 0.61241 0.108264 0.0474993
846 0.61241 0.123187 0.044378
847 0.61241 0.112229 0.0439757
848 0.61241 0.0970344 0.042053
849 0.61241 0.101186 0.0429097
850 0.61241 0.0965407 0.0450946
851 0.61241 0.105253 0.0430384
852 0.61241 0.0982554 0.0382227
853 0.61241 0.102746 0.0415793
854 0.61241 0.130558 0.0479141
855 0.61241 0.124504 0.0443007
856 0.61241 0.131373 0.048308
857 0.61241 0.0969066 0.0394331
858 0.61241 0.0975806 0.0415844
859 0.61241 0.100232 0.0437382
860 0.61241 0.121467 0.0451898
861 0.61241 0.0967751 0.0432461
862 0.61241 0.120011 0.0445154
863 0.61241 0.105811 0.0440272
864 0.61241 0.128663 0.05017
865 0.61241 0.118144 0.0427589
866 0.61241 0.112196 0.0426015
867 0.61241 0.103209 0.0414454
868 0.61241 0.108811 0.0416658
869 0.61241 0.110091 0.0486568
870 0.61241 0.0854288 0.0379321
871 0.61241 0.12001 0.0504728
872 0.61241 0.0982789 0.0409513
873 0.61241 0.0969743 0.0400953
874 0.61241 0.121614 0.0438804
875 0.61241 0.122294 0.0488593
876 0.61241 0.107134 0.0449996
877 0.61241 0.105357 0.046301
878 0.612504 0.115691 0.0459895
879 0.612504 0.126383 0.0493389
880 0.612504 0.113246 0.0445553
881 0.612504 0.110817 0.0438301
882 0.612504 0.0946972 0.0392679
883 0.612504 0.0932749 0.0374215
884 0.612504 0.124002 0.0418984
885 0.612504 0.101175 0.0433223
886 0.612504 0.0968329 0.0421129
887 0.612504 0.0897349 0.0392604
888 0.612504 0.104938 0.0426686
889 0.612504 0.0832582 0.0385056
890 0.612504 0.107625 0.0465583
891 0.612504 0.086146 0.0357741
892 0.612504 0.118572 0.047141
893 0.612504 0.11878 0.0471397
894 0.612504 0.100368 0.0424347
895 0.612504 0.109436 0.0441827
896 0.612504 0.115204 0.0455163
897 0.612504 0.119339 0.0444428
898 0.612504 0.12761 0.0443103
899 0.612504 0.11652 0.0464047
900 0.612504 0.106802 0.0416483
901 0.612504 0.101537 0.0420061
902 0.612504 0.117324 0.0482545
903 0.612504 0.117907 0.0460931
904 0.612504 0.103275 0.0422699
905 0.612504 0.111221 0.0451126
906 0.612504 0.105036 0.0440004
907 0.612504 0.106734 0.0437788
908 0.612504 0.0913856 0.0408601
909 0.612504 0.0943138 0.0426792
910 0.612504 0.111807 0.0505153
911 0.612504 0.101092 0.0452503
912 0.612504 0.101606 0.0447161
913 0.612504 0.106516 0.0440804
914 0.612504 0.111979 0.0467623
915 0.612504 0.0972997 0.0404041
916 0.612504 0.112179 0.0463646
917 0.612504 0.107065 0.0424697
918 0.612504 0.0962761 0.0413373
919 0.612504 0.112441 0.0445989
920 0.612504 0.108741 0.0467331
921 0.612504 0.104112 0.0424297
922 0.612504 0.105279 0.0441208
923 0.612504 0.119004 0.0469095
924 0.612504 0.115696 0.045167
925 0.612504 0.118737 0.0481533
926 0.612504 0.0971455 0.0399694
927 0.612504 0.111869 0.0426883
928 0.612504 0.113149 0.0409572
929 0.612504 0.116321 0.0445994
930 0.612504 0.127817 0.0487935
931 0.612504 0.111347 0.0434451
932 0.612504 0.117139 0.0446669
933 0.612504 0.0969091 0.0420593
934 0.612504 0.0970243 0.0405995
935 0.612504 0.104467 0.0458047
936 0.612504 0.108883 0.046849
937 0.612504 0.09234 0.0416838
938 0.612504 0.0940065 0.0405683
939 0.612504 0.093264 0.0423445
940 0.612504 0.0886615 0.0377954
941 0.612504 0.111455 0.0465903
942 0.612504 0.0995643 0.0400744
943 0.612504 0.104389 0.0421492
944 0.612504 0.085206 0.0387128
945 0.612504 0.108087 0.0448127
946 0.612504 0.116661 0.04309
947 0.612504 0.119444 0.0442227
948 0.612504 0.124199 0.0469046
949 0.612504 0.11995 0.0445677
950 0.612504 0.128623 0.0482786
951 0.612504 0.133267 0.0452423
952 0.612504 0.119954 0.0447569
953 0.612504 0.103646 0.0421524
954 0.612504 0.128978 0.0478762
955 0.612504 0.129026 0.0524816
956 0.612504 0.124942 0.0483046
957 0.612504 0.0979345 0.0420663
958 0.612504 0.114819 0.0453836
959 0.612504 0.112462 0.0430878
960 0.612504 0.110112 0.0420296
961 0.612504 0.0938734 0.0401362
962 0.612504 0.107142 0.0425879
963 0.612504 0.10235 0.0453283
964 0.612504 0.0764138 0.035669
965 0.612504 0.087225 0.0371863
966 0.612504 0.101142 0.0443464
967 0.612504 0.0963278 0.0402938
968 0.612504 0.102059 0.0450789
969 0.612504 0.0975727 0.0441223
970 0.612504 0.0943078 0.0396185
971 0.612504 0.0847912 0.0372772
972 0.612504 0.099759 0.0413227
973 0.612504 0.102412 0.0423863
974 0.612504 0.110754 0.0457358
975 0.612504 0.102231 0.040137
976 0.612504 0.108265 0.0467551
977 0.612504 0.117535 0.0482808
978 0.612504 0.110581 0.0436043
979 0.612504 0.112114 0.0443262
980 0.612504 0.112081 0.0449211
981 0.612504 0.132612 0.0518573
982 0.612504 0.110913 0.044948
983 0.612504 0.118087 0.0472444
984 0.612504 0.103876 0.0419187
985 0.612504 0.103544 0.0423989
986 0.612504 0.12471 0.0498512
987 0.612504 0.123433 0.0482384
988 0.612504 0.117045 0.0485838
989 0.612563 0.121425 0.0439078
990 0.612563 0.104774 0.0437144
991 0.612563 0.106101 0.0410706
992 0.612563 0.103462 0.042969
993 0.612563 0.0985793 0.0403552
994 0.612563 0.0863883 0.0387848
995 0.612563 0.0979862 0.0437161
996 0.612563 0.100253 0.0437945
997 0.612563 0.0935611 0.0428498
998 0.612563 0.130654 0.0507234
999 0.612563 0.142474 0.0509773
1000 0.612563 0.11666 0.0465872
