0 0.125272 0.0582556 0.0038874
1 0.125272 0.061339 0.00394931
2 0.125272 0.0631225 0.00390855
3 0.125432 0.07331 0.00379982
4 0.125432 0.0752742 0.00377129
5 0.125432 0.0790028 0.00366499
6 0.125432 0.084376 0.00341861
7 0.125432 0.0853588 0.00340196
8 0.125432 0.0901964 0.00317437
9 0.125528 0.0948318 0.00283769
10 0.190517 0.0959805 0.00293531
11 0.190517 0.0987701 0.00281244
12 0.234543 0.0972808 0.00318445
13 0.249265 0.107907 0.00272716
14 0.249265 0.103537 0.00319405
15 0.249265 0.100423 0.00361471
16 0.250286 0.0960726 0.00433216
17 0.277248 0.101055 0.00458599
18 0.383522 0.114654 0.00481608
19 0.464092 0.122227 0.00639529
20 0.464477 0.125401 0.00876201
21 0.464477 0.123343 0.00969632
22 0.471559 0.13983 0.0122005
23 0.502245 0.139163 0.0126204
23 0.492523 0.0567693 0.0165799
24 0.492523 0.0558997 0.0176628
25 0.521817 0.0636848 0.0204695
26 0.521817 0.0673235 0.0224429
27 0.521817 0.0714643 0.0233521
28 0.521817 0.0740541 0.0255688
29 0.521817 0.063109 0.0218059
30 0.521817 0.094102 0.0304703
31 0.521817 0.0926655 0.0302744
32 0.521817 0.0827676 0.026876
33 0.537487 0.0743428 0.0263892
34 0.537487 0.0743143 0.0281282
35 0.537487 0.0786402 0.0284668
36 0.537487 0.0756077 0.0287132
37 0.537487 0.0827592 0.0313112
38 0.537487 0.084684 0.0311553
39 0.537487 0.0808057 0.0298228
40 0.537487 0.105569 0.0370922
41 0.537487 0.104475 0.0367232
42 0.553223 0.0922545 0.0334971
43 0.553223 0.0782514 0.0304502
44 0.570546 0.0887896 0.0324272
45 0.570546 0.084116 0.0299663
46 0.570546 0.0971454 0.0350928
47 0.570546 0.0798134 0.0272631
48 0.570546 0.0770159 0.0305072
49 0.570546 0.0986658 0.0374482
50 0.579893 0.100403 0.0353776
51 0.579893 0.110858 0.0418454
52 0.579893 0.108085 0.0406556
53 0.579893 0.0856042 0.0331722
54 0.579893 0.0950183 0.0369446
55 0.579893 0.0783325 0.0309474
56 0.579893 0.0856663 0.0342063
57 0.579893 0.0711249 0.0291593
58 0.579893 0.0856532 0.0332517
59 0.579893 0.08201 0.0322275
60 0.579893 0.0774846 0.0312771
61 0.579893 0.0935314 0.0342571
62 0.579893 0.11263 0.0370851
63 0.579893 0.0965828 0.0346254
64 0.579893 0.0831106 0.0340694
65 0.579893 0.0988404 0.0387396
66 0.579893 0.0939021 0.0350397
67 0.579893 0.0890659 0.0332881
68 0.579893 0.0923082 0.0351326
69 0.579893 0.0985426 0.0376231
70 0.579893 0.104258 0.0401473
71 0.579893 0.104745 0.0383501
72 0.579893 0.0999242 0.0375618
73 0.579893 0.102128 0.0387611
74 0.579893 0.100174 0.0370244
75 0.579893 0.0848168 0.0345232
76 0.579893 0.0772653 0.0334757
77 0.579893 0.0931626 0.0357193
78 0.579893 0.0981376 0.0371388
79 0.579893 0.0888318 0.0365768
80 0.579893 0.0849301 0.0326222
81 0.579893 0.0955297 0.0365311
82 0.579893 0.0820498 0.0352202
83 0.579893 0.0887745 0.0362484
84 0.58171 0.0885067 0.0379103
85 0.58171 0.0857976 0.035109
86 0.58171 0.0773709 0.0345926
87 0.58171 0.0955696 0.0383803
88 0.58171 0.120304 0.0470718
89 0.58171 0.101252 0.0392398
90 0.58171 0.100558 0.0379933
91 0.58171 0.108153 0.0385485
92 0.58171 0.115254 0.0377275
93 0.58171 0.0966423 0.0369949
94 0.583328 0.106238 0.0404226
95 0.583328 0.10116 0.037872
96 0.583328 0.0794404 0.0342583
97 0.583328 0.0882426 0.0344966
98 0.583328 0.102268 0.0414475
99 0.583328 0.114323 0.040069
100 0.583328 0.101605 0.0368494
101 0.583328 0.0894532 0.0373519
102 0.584283 0.0867782 0.0356206
103 0.588987 0.101786 0.0400277
104 0.588987 0.0922506 0.0375727
105 0.588987 0.0902002 0.0359498
106 0.588987 0.108829 0.0428343
107 0.588987 0.101861 0.038149
108 0.588987 0.0875363 0.0356222
109 0.588987 0.0926444 0.038657
110 0.588987 0.0986643 0.0387621
111 0.588987 0.106039 0.0419907
112 0.588987 0.0908418 0.0370988
113 0.588987 0.0912146 0.0389822
114 0.588987 0.0880543 0.0371572
115 0.588987 0.0883875 0.0375591
116 0.588987 0.101317 0.0425574
117 0.588987 0.0808155 0.0367316
118 0.588987 0.0929517 0.0396118
119 0.588987 0.106904 0.0420151
120 0.588987 0.0924582 0.0377178
121 0.588987 0.112358 0.0419658
122 0.588987 0.093547 0.0376298
123 0.588987 0.0990124 0.0393628
124 0.588987 0.0936934 0.0368913
125 0.588987 0.083841 0.0350942
126 0.588987 0.11002 0.0444225
127 0.588987 0.097985 0.0369661
128 0.588987 0.133038 0.0483415
129 0.588987 0.101167 0.0379036
130 0.588987 0.0990611 0.0378329
131 0.588987 0.130086 0.042291
132 0.588987 0.104947 0.0374901
133 0.588987 0.104507 0.0379749
134 0.588987 0.134315 0.043731
135 0.590845 0.112679 0.0417567
136 0.590845 0.0940982 0.0361052
137 0.590845 0.117514 0.042128
138 0.590845 0.0915087 0.0347367
139 0.590845 0.0983825 0.0380366
140 0.590845 0.103336 0.0411303
141 0.590845 0.0868539 0.0352619
142 0.590845 0.0866669 0.0367985
143 0.590845 0.0813216 0.034032
144 0.590845 0.0905484 0.0371853
145 0.590845 0.0894257 0.038591
146 0.590845 0.0835495 0.0346811
147 0.590845 0.100424 0.0373325
148 0.590845 0.10381 0.0371779
149 0.590845 0.101047 0.0390068
150 0.590845 0.107505 0.0387508
151 0.590845 0.104832 0.0417822
152 0.590845 0.0907367 0.0377763
153 0.590845 0.0800888 0.0346018
154 0.590845 0.0890237 0.0343699
155 0.590845 0.098536 0.0390017
156 0.590845 0.106564 0.0434331
157 0.590845 0.105731 0.0436574
158 0.592354 0.108113 0.0467645
159 0.599127 0.101051 0.0403679
160 0.599127 0.1053 0.0385234
161 0.599127 0.10101 0.039081
162 0.599127 0.0949688 0.0396267
163 0.599127 0.111285 0.0418757
164 0.599127 0.111822 0.0434278
165 0.599127 0.112037 0.0454927
166 0.599127 0.0909499 0.0381926
167 0.599127 0.103638 0.0415208
168 0.599127 0.0979962 0.038059
169 0.599127 0.104476 0.0407928
170 0.599127 0.0873702 0.0352049
171 0.599127 0.110087 0.0412186
172 0.599127 0.101693 0.0422321
173 0.599127 0.0903777 0.0354755
174 0.599127 0.0995189 0.0379907
175 0.599127 0.123852 0.0460396
176 0.599127 0.115896 0.042
177 0.599127 0.107356 0.0404779
178 0.599127 0.103201 0.0393793
179 0.599127 0.106101 0.0396612
180 0.599127 0.0916503 0.0385301
181 0.599127 0.0958579 0.0390939
182 0.599127 0.101534 0.0386179
183 0.599127 0.0961608 0.0343863
184 0.599127 0.100071 0.0398919
185 0.599127 0.101422 0.0407885
186 0.599127 0.102438 0.0419419
187 0.599127 0.0956499 0.0418852
188 0.599127 0.107056 0.0445118
189 0.599127 0.107479 0.0448064
190 0.599127 0.0972995 0.0406353
191 0.599127 0.101422 0.04192
192 0.599127 0.0884528 0.0368363
193 0.599127 0.0899514 0.0406575
194 0.599127 0.107401 0.0416553
195 0.599127 0.10208 0.0409561
196 0.599127 0.114502 0.0404489
197 0.599127 0.129169 0.0452565
198 0.599127 0.114777 0.040998
199 0.599127 0.123867 0.0436295
200 0.599127 0.0972035 0.0383989
201 0.599127 0.114322 0.0437887
202 0.599127 0.104179 0.0380361
203 0.599127 0.126852 0.0462414
204 0.599127 0.0947901 0.038494
205 0.599127 0.102384 0.0373845
206 0.599127 0.0930823 0.0372524
207 0.599127 0.104277 0.0366707
208 0.599127 0.0818236 0.0352049
209 0.599127 0.0875614 0.0366191
210 0.599127 0.0951008 0.0372858
211 0.599127 0.0790121 0.0338832
212 0.599127 0.096201 0.0389181
213 0.599127 0.108628 0.0408573
214 0.599127 0.10179 0.0402779
215 0.60445 0.104427 0.0405427
216 0.60445 0.112987 0.0423149
217 0.60445 0.10463 0.0379266
218 0.60445 0.0752585 0.0346772
219 0.60445 0.0876498 0.0352244
220 0.60445 0.103558 0.0401697
221 0.60445 0.0967603 0.039051
222 0.60445 0.0802479 0.0364853
223 0.60445 0.0851715 0.0380458
224 0.60445 0.0880988 0.039616
225 0.60445 0.0848025 0.0361029
226 0.60445 0.085078 0.0354257
227 0.60445 0.0926809 0.0387146
228 0.60445 0.0860683 0.0382935
229 0.60445 0.113127 0.0446762
230 0.60445 0.0953863 0.0420677
231 0.60445 0.100195 0.044038
232 0.60445 0.0973295 0.041804
233 0.60445 0.100919 0.0397529
234 0.60445 0.0894646 0.0393806
235 0.60445 0.109519 0.0433256
236 0.60445 0.126346 0.0486688
237 0.604469 0.125268 0.0490501
238 0.604469 0.0982177 0.0400431
239 0.604469 0.0999836 0.0414523
240 0.604469 0.0964964 0.0405396
241 0.604469 0.126389 0.0487009
242 0.608294 0.121274 0.0483768
243 0.608294 0.115188 0.044907
244 0.608294 0.145115 0.0500334
245 0.608294 0.124091 0.0448336
246 0.608294 0.123115 0.0447173
247 0.608294 0.103986 0.0408987
248 0.608294 0.094838 0.0408325
249 0.608294 0.100777 0.0421898
250 0.608294 0.0988944 0.0396715
251 0.608294 0.11538 0.0438307
252 0.608294 0.0998745 0.0403302
253 0.608294 0.118221 0.0436261
254 0.608294 0.123177 0.0451147
255 0.608294 0.127929 0.0455018
256 0.608294 0.136967 0.051622
257 0.608294 0.130077 0.0510756
258 0.608294 0.12905 0.0486359
259 0.608294 0.114393 0.0424909
260 0.608294 0.103302 0.0434582
261 0.608294 0.110484 0.0461428
262 0.608294 0.134437 0.0508265
263 0.608294 0.120963 0.0453399
264 0.608294 0.105301 0.0439468
265 0.608294 0.122803 0.0506589
266 0.611517 0.110884 0.0438776
267 0.611517 0.110666 0.0437058
268 0.611517 0.140493 0.0514236
269 0.611517 0.163592 0.0546991
270 0.611517 0.154753 0.0506412
271 0.611517 0.16544 0.0525978
272 0.611517 0.144103 0.0498395
273 0.611517 0.139651 0.0477756
274 0.611517 0.137205 0.0462755
275 0.611517 0.16171 0.0544184
276 0.611517 0.154311 0.0538341
277 0.611517 0.125222 0.0467321
278 0.611517 0.115367 0.04496
279 0.611517 0.122578 0.0459044
280 0.611517 0.133389 0.0493522
281 0.612909 0.14751 0.0512251
282 0.612909 0.136519 0.0497113
283 0.612909 0.112064 0.0432667
284 0.612909 0.128079 0.0464845
285 0.612909 0.122803 0.0479004
286 0.612909 0.115849 0.0461355
287 0.612909 0.124574 0.0477235
288 0.612909 0.113116 0.0434932
289 0.612909 0.138117 0.0519439
290 0.612909 0.141869 0.0527409
291 0.612909 0.135856 0.0506566
292 0.612909 0.1456 0.0517316
293 0.612909 0.130505 0.0453349
294 0.612909 0.133277 0.0484484
295 0.612909 0.132346 0.0490009
296 0.612909 0.136894 0.0538492
297 0.612909 0.122134 0.0461923
298 0.612909 0.116597 0.0480692
299 0.612909 0.113904 0.0474118
300 0.612909 0.140391 0.0544217
301 0.612909 0.111703 0.044017
302 0.612909 0.102193 0.043313
303 0.612909 0.133468 0.0486901
304 0.612909 0.122729 0.0471563
305 0.612909 0.113016 0.0440248
306 0.612909 0.145701 0.0526466
307 0.612909 0.130798 0.0482594
308 0.612909 0.127058 0.0474036
309 0.612909 0.113965 0.0471636
310 0.612909 0.101155 0.0431211
311 0.612909 0.12286 0.0497454
312 0.612909 0.113101 0.0425977
313 0.612909 0.113077 0.0448979
314 0.612909 0.127254 0.0471118
315 0.612909 0.113494 0.0441298
316 0.612909 0.118342 0.0459797
317 0.612909 0.111575 0.046261
318 0.61338 0.128118 0.0518548
319 0.61338 0.14516 0.0510518
320 0.61338 0.153043 0.0531455
321 0.61338 0.136343 0.0509639
322 0.61338 0.14192 0.0531885
323 0.61338 0.13101 0.0498939
324 0.61338 0.113132 0.0434822
325 0.61338 0.131808 0.0478193
326 0.61338 0.11871 0.0419607
327 0.61338 0.125479 0.0444168
328 0.61338 0.13158 0.0470066
329 0.61338 0.119844 0.0487685
330 0.61338 0.0934885 0.0422822
331 0.61338 0.110858 0.0474013
332 0.61338 0.127573 0.0520306
333 0.61338 0.106616 0.0447191
334 0.61338 0.130314 0.0481523
335 0.61338 0.14726 0.0504594
336 0.61338 0.12771 0.0486586
337 0.61338 0.131089 0.0516556
338 0.61338 0.142753 0.0531656
339 0.61338 0.123902 0.0470648
340 0.61338 0.143132 0.0519014
341 0.61338 0.126227 0.0471493
342 0.61338 0.109007 0.0438756
343 0.61338 0.128338 0.0481918
344 0.61338 0.124844 0.0474338
345 0.61338 0.117944 0.0477396
346 0.61338 0.119373 0.0449984
347 0.61338 0.113289 0.0455553
348 0.61338 0.097017 0.040256
349 0.61338 0.101148 0.0412717
350 0.61338 0.125334 0.0488594
351 0.61338 0.126946 0.0485666
352 0.61338 0.12623 0.0448542
353 0.61338 0.145748 0.0494061
354 0.61338 0.125812 0.0464412
355 0.61338 0.115366 0.043309
356 0.61338 0.121503 0.0454959
357 0.613607 0.113163 0.0431327
358 0.613607 0.0964758 0.0384538
359 0.613607 0.119271 0.047041
360 0.613607 0.111976 0.0457769
361 0.613607 0.120202 0.0467543
362 0.613607 0.122039 0.0476254
363 0.613607 0.116768 0.0489569
364 0.613607 0.127863 0.0498299
365 0.613607 0.106728 0.0449417
366 0.613607 0.1081 0.0444522
367 0.613607 0.117071 0.0451732
368 0.613607 0.104017 0.0413059
369 0.613607 0.118672 0.0468915
370 0.613607 0.106254 0.045081
371 0.613607 0.118386 0.047208
372 0.613607 0.0903233 0.0401953
373 0.613607 0.10664 0.0424342
374 0.613607 0.104107 0.0447189
375 0.613607 0.138565 0.0497441
376 0.613607 0.125203 0.0447937
377 0.613607 0.116144 0.0459766
378 0.613607 0.148057 0.0546224
379 0.613607 0.119376 0.0488992
380 0.613607 0.119735 0.0462921
381 0.613607 0.122335 0.0472807
382 0.613607 0.124526 0.0480653
383 0.613607 0.102901 0.0435147
384 0.613607 0.097352 0.041023
385 0.613607 0.0985436 0.0409165
386 0.613607 0.117838 0.04942
387 0.613607 0.107997 0.0441612
388 0.613607 0.123661 0.0524048
389 0.613607 0.10937 0.046098
390 0.613607 0.106385 0.0463477
391 0.613607 0.0897065 0.0385596
392 0.613607 0.108059 0.045464
393 0.613607 0.090076 0.0390844
394 0.613607 0.126322 0.0468769
395 0.613607 0.10459 0.0414058
396 0.613607 0.118709 0.048467
397 0.613607 0.095438 0.0403944
398 0.613607 0.108524 0.0442083
399 0.613607 0.111693 0.0461236
400 0.614723 0.126155 0.0525341
401 0.614723 0.130629 0.0494259
402 0.614723 0.106248 0.0435697
403 0.614723 0.107228 0.045468
404 0.614723 0.118814 0.0460244
405 0.614723 0.104853 0.0437661
406 0.614723 0.115774 0.0491218
407 0.614723 0.100235 0.0423585
408 0.614723 0.124877 0.0508367
409 0.614723 0.122888 0.0455948
410 0.614723 0.120036 0.0460469
411 0.614723 0.100743 0.0451488
412 0.614723 0.0820971 0.0370947
413 0.614723 0.105167 0.0450302
414 0.614723 0.0992194 0.0434889
415 0.614723 0.0971402 0.0403887
416 0.614723 0.105645 0.0431542
417 0.614723 0.115238 0.0455454
418 0.614723 0.119858 0.0462858
419 0.614723 0.103372 0.0438178
420 0.614723 0.107227 0.0428432
421 0.614723 0.115992 0.0469481
422 0.614723 0.109663 0.0454576
423 0.614723 0.130093 0.0515021
424 0.614723 0.138767 0.0530621
425 0.614723 0.119227 0.0447989
426 0.614723 0.116795 0.0485396
427 0.614723 0.136212 0.0507168
428 0.614723 0.140045 0.0529066
429 0.614723 0.127205 0.0466839
430 0.614723 0.11104 0.0433275
431 0.614723 0.122978 0.0448249
432 0.614723 0.123318 0.0440768
433 0.614723 0.124257 0.0453249
434 0.614723 0.124371 0.048462
435 0.614723 0.126584 0.0458838
436 0.614723 0.117009 0.0459498
437 0.614723 0.11276 0.0450124
438 0.614723 0.106576 0.0420256
439 0.614723 0.110748 0.0449582
440 0.614723 0.114032 0.0436394
441 0.614723 0.122851 0.0472647
442 0.614723 0.111387 0.0413733
443 0.614723 0.125799 0.0491853
444 0.614723 0.136566 0.0542456
445 0.614723 0.129739 0.048853
446 0.614723 0.108934 0.0450354
447 0.614723 0.106925 0.0444336
448 0.614723 0.110819 0.0447871
449 0.614723 0.113602 0.0479444
450 0.614723 0.124583 0.047379
451 0.615187 0.125857 0.0496097
452 0.615187 0.135419 0.0514075
453 0.615187 0.113535 0.0477114
454 0.615187 0.106719 0.0443366
455 0.615187 0.114152 0.0458506
456 0.615187 0.1174 0.0459789
457 0.615187 0.122269 0.0469851
458 0.615187 0.122617 0.0483517
459 0.615187 0.102155 0.0404494
460 0.615187 0.0977567 0.0420615
461 0.615187 0.123566 0.0480108
462 0.615187 0.110995 0.04351
463 0.615187 0.119679 0.0442154
464 0.615187 0.119237 0.0452956
465 0.615187 0.124911 0.0478367
466 0.615187 0.120187 0.0484985
467 0.615187 0.119117 0.0469598
468 0.615187 0.111348 0.0447066
469 0.615187 0.102023 0.0455685
470 0.615187 0.121354 0.0502504
471 0.615187 0.118722 0.0488368
472 0.615187 0.11386 0.0476392
473 0.615187 0.131235 0.0502208
474 0.615187 0.118795 0.0461753
475 0.615187 0.110243 0.0454042
476 0.615187 0.112596 0.0458379
477 0.615187 0.107834 0.0445967
478 0.615187 0.102562 0.043347
479 0.615187 0.102498 0.0405186
480 0.615187 0.101872 0.0405504
481 0.615187 0.12725 0.0507224
482 0.615187 0.128105 0.0487707
483 0.615187 0.129086 0.0502976
484 0.615187 0.120138 0.0423596
485 0.615187 0.125331 0.0463887
486 0.615187 0.143968 0.0526492
487 0.615187 0.12848 0.0482899
488 0.615187 0.106958 0.0434673
489 0.615187 0.0955376 0.0403115
490 0.615187 0.111052 0.0423443
491 0.615187 0.105211 0.0423242
492 0.615187 0.0985067 0.0434368
493 0.615187 0.105872 0.0449161
494 0.615187 0.109657 0.0446753
495 0.615187 0.101646 0.0461324
496 0.615187 0.102826 0.0418943
497 0.615187 0.111916 0.0464086
498 0.615251 0.126223 0.0501528
499 0.615251 0.128369 0.0484284
500 0.615251 0.117064 0.047396
501 0.615251 0.131206 0.0526175
502 0.615251 0.103261 0.0443664
503 0.615251 0.107549 0.0433972
504 0.615251 0.123978 0.0467394
505 0.615251 0.134454 0.0511536
506 0.615251 0.120907 0.0436197
507 0.615251 0.111871 0.0448538
508 0.615251 0.11949 0.0454196
509 0.615251 0.110416 0.0437938
510 0.615251 0.110429 0.0437743
511 0.615251 0.121603 0.0461305
512 0.615251 0.11635 0.0468079
513 0.615251 0.1024 0.0433304
514 0.615251 0.127833 0.0467334
515 0.615251 0.122929 0.0476761
516 0.615251 0.100608 0.0422492
517 0.615251 0.106461 0.0454682
518 0.615251 0.132335 0.0479738
519 0.615251 0.122674 0.049032
520 0.615251 0.124259 0.0490898
521 0.615251 0.131129 0.0495877
522 0.615251 0.117147 0.048582
523 0.615251 0.135561 0.0539598
524 0.615251 0.13052 0.0472449
525 0.615251 0.103505 0.0432653
526 0.615251 0.116062 0.0462442
527 0.615251 0.08931 0.0375153
528 0.615251 0.101149 0.0408194
529 0.615251 0.131653 0.0477025
530 0.615251 0.109571 0.043964
531 0.615251 0.113921 0.0443715
532 0.615251 0.127583 0.049791
533 0.615251 0.105329 0.043131
534 0.615251 0.115368 0.0451633
535 0.615251 0.120308 0.0476825
536 0.615251 0.100701 0.0457662
537 0.615251 0.0985197 0.0430048
538 0.615251 0.122843 0.0489917
539 0.615251 0.0991284 0.0407253
540 0.615251 0.0980641 0.0399997
541 0.615251 0.111642 0.0423356
542 0.615251 0.107127 0.0445955
543 0.615251 0.115283 0.0469178
544 0.615251 0.125273 0.0485257
545 0.615251 0.105598 0.045686
546 0.615251 0.134906 0.0505845
547 0.615251 0.136159 0.0500795
548 0.615251 0.105151 0.0424635
549 0.615251 0.0968841 0.0439036
550 0.615251 0.106075 0.0452109
551 0.616368 0.10334 0.0473445
552 0.616368 0.0977165 0.042338
553 0.616368 0.0984835 0.0430849
554 0.616368 0.100101 0.0441177
555 0.616368 0.120259 0.0476612
556 0.616368 0.112183 0.0473525
557 0.616368 0.113553 0.0450794
558 0.616368 0.115786 0.0459665
559 0.616368 0.102172 0.0418448
560 0.616368 0.107953 0.046303
561 0.616368 0.102729 0.0440947
562 0.616368 0.118178 0.0465605
563 0.616368 0.120585 0.0458891
564 0.616368 0.118212 0.0484572
565 0.616368 0.114376 0.0470402
566 0.616368 0.125496 0.0468318
567 0.616368 0.144148 0.0546135
568 0.616368 0.128846 0.0519372
569 0.616368 0.116655 0.0452626
570 0.616368 0.072698 0.0356183
571 0.616368 0.100991 0.0431614
572 0.616368 0.103933 0.0447781
573 0.616368 0.113975 0.0501469
574 0.616368 0.0950315 0.0423498
575 0.616368 0.126511 0.0493646
576 0.616368 0.086717 0.0381762
577 0.616368 0.117566 0.0465204
578 0.616368 0.12741 0.0482324
579 0.616368 0.106286 0.0454029
580 0.616368 0.113543 0.0455732
581 0.616368 0.121388 0.0454806
582 0.616368 0.113468 0.0462616
583 0.616368 0.109796 0.0441222
584 0.616368 0.130929 0.0507448
585 0.616368 0.111194 0.0447515
586 0.616368 0.0857419 0.0372104
587 0.616368 0.0980523 0.0398746
588 0.616368 0.119519 0.0454737
589 0.616368 0.0959896 0.038075
590 0.616368 0.100255 0.0403943
591 0.616368 0.126069 0.0501827
592 0.616368 0.130153 0.0449373
593 0.616368 0.12378 0.0469224
594 0.616368 0.11309 0.0440655
595 0.616368 0.105103 0.0428389
596 0.616368 0.133412 0.0555613
597 0.616368 0.104986 0.0449784
598 0.616368 0.118296 0.0483762
599 0.616368 0.136072 0.0516485
600 0.616368 0.127503 0.0502754
601 0.616368 0.117826 0.0471344
602 0.616368 0.116652 0.0464494
603 0.616368 0.120047 0.0474846
604 0.616368 0.109921 0.0418602
605 0.616368 0.123612 0.0461857
606 0.616368 0.124537 0.047961
607 0.616368 0.120883 0.0462633
608 0.616368 0.114946 0.0455165
609 0.616368 0.123208 0.0462815
610 0.616368 0.153089 0.0512298
611 0.616368 0.139207 0.0497356
612 0.616368 0.12958 0.0490122
613 0.616368 0.12458 0.0482269
614 0.616368 0.134104 0.0488721
615 0.616368 0.144324 0.0498249
616 0.616368 0.140078 0.0517285
617 0.616368 0.108711 0.0452957
618 0.616368 0.120221 0.0478048
619 0.616368 0.107324 0.0427714
620 0.616368 0.112976 0.0459891
621 0.616368 0.128799 0.0497412
622 0.616368 0.113333 0.0400407
623 0.616368 0.106762 0.0410142
624 0.616368 0.108576 0.0452294
625 0.616368 0.0947616 0.0414924
626 0.616368 0.103494 0.0406652
627 0.616368 0.132598 0.0485345
628 0.616368 0.132049 0.0489748
629 0.616368 0.111178 0.044146
630 0.616368 0.112776 0.0427245
631 0.616368 0.105891 0.0426712
632 0.616368 0.118574 0.047118
633 0.616368 0.092302 0.039161
634 0.616368 0.100428 0.0428165
635 0.616368 0.107794 0.0441522
636 0.616368 0.128888 0.047514
637 0.616368 0.119257 0.0495078
638 0.616368 0.138918 0.0535803
639 0.616368 0.121861 0.0516455
640 0.616368 0.118661 0.0466417
641 0.616368 0.142437 0.0548193
642 0.616368 0.11829 0.049465
643 0.616368 0.114366 0.0436526
644 0.616368 0.113253 0.0434214
645 0.616368 0.103512 0.0424125
646 0.616368 0.107483 0.0416721
647 0.616368 0.115478 0.0454833
648 0.616368 0.105842 0.043048
649 0.616368 0.098248 0.0409311
650 0.616368 0.122658 0.0467749
651 0.616368 0.119485 0.0442654
652 0.616368 0.115952 0.0450181
653 0.616368 0.120285 0.0499305
654 0.616368 0.126482 0.0468146
655 0.616368 0.144973 0.0527526
656 0.616368 0.120001 0.0463166
657 0.616368 0.132143 0.0477437
658 0.616368 0.143809 0.0549796
659 0.616368 0.11714 0.0478146
660 0.616368 0.117829 0.0444053
661 0.616368 0.134316 0.0509749
662 0.616368 0.113921 0.0428318
663 0.616368 0.126899 0.0487631
664 0.616368 0.133099 0.0494585
665 0.616368 0.131827 0.0528089
666 0.616368 0.125685 0.0492908
667 0.616368 0.136245 0.0491967
668 0.616368 0.132518 0.0514069
669 0.616368 0.151602 0.0573952
670 0.616368 0.157438 0.055227
671 0.616368 0.137047 0.0537207
672 0.616368 0.12468 0.0440844
673 0.616368 0.129154 0.0477466
674 0.616368 0.127955 0.0495104
675 0.616368 0.122762 0.0497452
676 0.616368 0.113164 0.0464414
677 0.616368 0.0923247 0.0389117
678 0.616368 0.106465 0.0446269
679 0.616368 0.12876 0.0492021
680 0.616368 0.106209 0.0428783
681 0.616368 0.128362 0.0510566
682 0.616368 0.138172 0.0553778
683 0.616368 0.111487 0.04574
684 0.616368 0.156715 0.0499199
685 0.616368 0.119248 0.0426511
686 0.616368 0.125196 0.0476991
687 0.616368 0.123882 0.0451229
688 0.616368 0.154424 0.0511256
689 0.616368 0.127422 0.0456468
690 0.616368 0.129882 0.0480706
691 0.616368 0.151807 0.0530349
692 0.616368 0.14384 0.0530627
693 0.616368 0.11493 0.0458008
694 0.616368 0.169893 0.0587032
695 0.616368 0.147533 0.0541769
696 0.616368 0.131812 0.0480838
697 0.616368 0.115234 0.0429351
698 0.616368 0.136725 0.050821
699 0.616368 0.125422 0.0460891
700 0.616368 0.136432 0.0529706
701 0.616368 0.142551 0.0505176
702 0.616368 0.135492 0.0456631
703 0.616836 0.121358 0.0457101
704 0.616836 0.121982 0.0476303
705 0.616836 0.145673 0.0560596
706 0.616836 0.147801 0.0530136
707 0.616836 0.110242 0.043719
708 0.616836 0.109163 0.0451081
709 0.616836 0.112525 0.0418038
710 0.616836 0.0985089 0.040992
711 0.616836 0.108663 0.0413452
712 0.616836 0.103991 0.0428044
713 0.617763 0.122489 0.0500842
714 0.617763 0.12566 0.0485565
715 0.617763 0.131154 0.0506078
716 0.617763 0.133392 0.0492342
717 0.617763 0.13956 0.0546193
718 0.617763 0.128757 0.0534316
719 0.617763 0.113551 0.0484088
720 0.617763 0.106623 0.0428138
721 0.617763 0.119291 0.0483881
722 0.617763 0.117397 0.0475355
723 0.617763 0.130841 0.0509584
724 0.617763 0.134053 0.050422
725 0.617763 0.14798 0.0559325
726 0.617763 0.132994 0.0485804
727 0.617763 0.117928 0.0464745
728 0.617763 0.107975 0.0440455
729 0.617763 0.120075 0.0462943
730 0.617763 0.111329 0.0408209
731 0.617763 0.143074 0.0470506
732 0.617763 0.145277 0.0522616
733 0.617763 0.138181 0.050532
734 0.617763 0.130373 0.0516397
735 0.617763 0.124505 0.0503341
736 0.617763 0.140402 0.0518019
737 0.617763 0.104504 0.0423747
738 0.617763 0.141851 0.0519297
739 0.617763 0.131396 0.0528892
740 0.617763 0.13177 0.0500462
741 0.617763 0.118399 0.0461747
742 0.617763 0.111322 0.0454135
743 0.617763 0.123047 0.0485028
744 0.617763 0.126049 0.0501423
745 0.617763 0.137513 0.0484806
746 0.617763 0.132743 0.0487056
747 0.617763 0.131219 0.0439963
748 0.617763 0.131654 0.0477468
749 0.617763 0.128977 0.0511005
750 0.617763 0.137027 0.0511571
751 0.617763 0.125801 0.0445342
752 0.617763 0.130317 0.042419
753 0.617763 0.121387 0.0455224
754 0.617763 0.128295 0.0452656
755 0.617763 0.118996 0.0457253
756 0.617763 0.135867 0.0455401
757 0.617763 0.126088 0.0464796
758 0.617763 0.103621 0.0417905
759 0.617763 0.133999 0.0508305
760 0.617763 0.132884 0.0512861
761 0.617763 0.137296 0.0518187
762 0.617763 0.132153 0.0507878
763 0.617763 0.119226 0.0478699
764 0.617763 0.117862 0.0457482
765 0.617763 0.124502 0.0455214
766 0.617763 0.118438 0.0452607
767 0.617763 0.1358 0.0507321
768 0.617763 0.151358 0.0580895
769 0.617763 0.121575 0.0516279
770 0.617763 0.13838 0.053799
771 0.617763 0.115406 0.0466963
772 0.617763 0.12388 0.0521522
773 0.617763 0.109055 0.0476268
774 0.617763 0.112846 0.0456357
775 0.617763 0.126168 0.0493284
776 0.617763 0.115249 0.0465688
777 0.617763 0.106098 0.0445101
778 0.617763 0.120918 0.0470825
779 0.617763 0.137442 0.0506186
780 0.617763 0.112311 0.047465
781 0.617763 0.104381 0.0419841
782 0.617763 0.0973221 0.0405554
783 0.618493 0.109707 0.0478854
784 0.618493 0.107655 0.0451273
785 0.618493 0.102659 0.0426283
786 0.618493 0.112717 0.0455866
787 0.618493 0.115207 0.0433969
788 0.618493 0.148408 0.0544571
789 0.618493 0.133793 0.0495231
790 0.618493 0.107128 0.0431338
791 0.618493 0.134007 0.0535642
792 0.618493 0.109177 0.0480389
793 0.618493 0.0981156 0.0424644
794 0.618493 0.117181 0.046497
795 0.618493 0.102879 0.043174
796 0.618493 0.108046 0.0445528
797 0.618493 0.120894 0.0481407
798 0.618493 0.123232 0.0474835
799 0.618493 0.120564 0.0511306
800 0.618493 0.129486 0.0512599
801 0.618493 0.127207 0.0481453
802 0.618493 0.117845 0.0504066
803 0.618493 0.143382 0.0534667
804 0.618493 0.143319 0.0501754
805 0.618493 0.137807 0.0511679
806 0.618493 0.121583 0.0487307
807 0.618493 0.119673 0.0470634
808 0.618493 0.131596 0.0519904
809 0.618493 0.145678 0.0575776
810 0.618493 0.12165 0.0479318
811 0.618493 0.131326 0.0494869
812 0.618493 0.117547 0.0447095
813 0.618493 0.122108 0.0482005
814 0.618493 0.131436 0.0513182
815 0.618493 0.119655 0.0452546
816 0.618493 0.11366 0.0455676
817 0.618493 0.138685 0.0505687
818 0.618493 0.13053 0.0502346
819 0.618493 0.160395 0.0581695
820 0.618493 0.114828 0.0427006
821 0.618493 0.120649 0.0461635
822 0.618493 0.112451 0.0452769
823 0.618493 0.103686 0.0415333
824 0.618493 0.137078 0.0489769
825 0.618493 0.117913 0.0421311
826 0.618493 0.102893 0.0393218
827 0.618493 0.133428 0.0462034
828 0.618493 0.117876 0.0452496
829 0.618493 0.135249 0.0528323
830 0.618493 0.121353 0.0458816
831 0.618493 0.112951 0.0457379
832 0.618493 0.130184 0.0484785
833 0.618493 0.1079 0.0405025
834 0.618493 0.121066 0.0512
835 0.618493 0.1261 0.0472758
836 0.618493 0.145092 0.0510171
837 0.618493 0.145945 0.0534341
838 0.618493 0.124725 0.0465714
839 0.618493 0.150446 0.0541736
840 0.618493 0.138994 0.0547281
841 0.618493 0.125475 0.0455917
842 0.618493 0.128204 0.0471484
843 0.618493 0.107731 0.0445841
844 0.618493 0.12482 0.0495857
845 0.618493 0.102252 0.0420297
846 0.618493 0.105807 0.0445631
847 0.618493 0.107461 0.045268
848 0.618493 0.103333 0.0426647
849 0.618493 0.108275 0.0469676
850 0.618493 0.122824 0.0496319
851 0.618493 0.0997401 0.0416478
852 0.618493 0.116548 0.0465953
853 0.618493 0.102317 0.0453513
854 0.618493 0.120767 0.0507555
855 0.618493 0.141413 0.0537279
856 0.618493 0.1395 0.052286
857 0.618493 0.115584 0.0468514
858 0.618493 0.110232 0.0471305
859 0.618493 0.129914 0.0496732
860 0.618493 0.136282 0.0510843
861 0.618493 0.126535 0.0470001
862 0.618493 0.103385 0.0430426
863 0.618493 0.079313 0.0359854
864 0.618493 0.09346 0.0414957
865 0.618493 0.112527 0.0460022
866 0.618493 0.117665 0.0470379
867 0.618493 0.14362 0.0513585
868 0.618493 0.147475 0.0533973
869 0.618493 0.151806 0.0558912
870 0.618493 0.135592 0.0492522
871 0.618493 0.113634 0.0439827
872 0.618493 0.123127 0.047241
873 0.618493 0.1216 0.0475049
874 0.618493 0.122082 0.043574
875 0.618493 0.116285 0.0427479
876 0.618493 0.125133 0.0511872
877 0.618493 0.124101 0.0505973
878 0.618493 0.133212 0.0514614
879 0.618493 0.127755 0.0465474
880 0.618493 0.110448 0.0424563
881 0.618493 0.145888 0.0522338
882 0.618493 0.131595 0.0535785
883 0.618493 0.115076 0.0441754
884 0.618493 0.132708 0.0476596
885 0.618493 0.143071 0.0487212
886 0.618493 0.128699 0.0475784
887 0.618493 0.108883 0.0445338
888 0.618493 0.103972 0.041496
889 0.618493 0.0989958 0.0401852
890 0.618493 0.0993171 0.0435524
891 0.618493 0.105133 0.0419254
892 0.618493 0.104232 0.0433754
893 0.618493 0.10851 0.0424056
894 0.618493 0.134907 0.0501891
895 0.618493 0.105108 0.0431036
896 0.618493 0.11285 0.0494253
897 0.618493 0.109488 0.0447139
898 0.618493 0.117614 0.046125
899 0.618493 0.100845 0.0446318
900 0.618493 0.100297 0.0444276
901 0.618493 0.111737 0.0446951
902 0.618493 0.111831 0.0459456
903 0.618493 0.116442 0.0438908
904 0.618493 0.107987 0.0449037
905 0.618493 0.105774 0.0449525
906 0.618493 0.113843 0.0464989
907 0.618493 0.107672 0.0455245
908 0.618493 0.0973424 0.0411201
909 0.618493 0.100703 0.0420597
910 0.618493 0.109387 0.046949
911 0.618493 0.126946 0.0509514
912 0.618493 0.13434 0.0505133
913 0.618493 0.0940951 0.0400998
914 0.618493 0.121366 0.0480217
915 0.618493 0.116195 0.0469681
916 0.618493 0.103406 0.0420306
917 0.618493 0.112162 0.0472836
918 0.618493 0.107917 0.0460737
919 0.618493 0.104428 0.0441017
920 0.618493 0.119711 0.0475848
921 0.618493 0.117169 0.0470808
922 0.618493 0.118875 0.0465282
923 0.618493 0.133671 0.0503728
924 0.618493 0.131269 0.0488496
925 0.618493 0.141615 0.0512951
926 0.618493 0.143925 0.0521771
927 0.618493 0.131921 0.0459682
928 0.618493 0.126973 0.0479593
929 0.618493 0.125288 0.0501858
930 0.618493 0.0936146 0.0433297
931 0.618493 0.0916101 0.0417014
932 0.618493 0.0854854 0.0385554
933 0.618493 0.0775942 0.0366012
934 0.618493 0.0922178 0.0409652
935 0.618493 0.0870869 0.0397915
936 0.618493 0.103767 0.0448189
937 0.618493 0.121099 0.0516307
938 0.618493 0.135499 0.0492685
939 0.618493 0.101974 0.0419521
940 0.618493 0.111097 0.0464145
941 0.618493 0.116655 0.049961
942 0.618493 0.120949 0.050274
943 0.618493 0.119433 0.0502752
944 0.618493 0.118815 0.046005
945 0.618493 0.133421 0.0481918
946 0.618493 0.126435 0.0481558
947 0.618493 0.139012 0.0505684
948 0.618493 0.134746 0.049915
949 0.618493 0.117964 0.0450658
950 0.618493 0.107405 0.044261
951 0.618493 0.0998501 0.0445835
952 0.618493 0.121985 0.0506503
953 0.618493 0.124082 0.0497774
954 0.618493 0.114763 0.0459261
955 0.618493 0.139459 0.0521966
956 0.618493 0.110369 0.0442934
957 0.618493 0.112611 0.0452034
958 0.618493 0.125786 0.0484983
959 0.618493 0.12902 0.0482856
960 0.618493 0.137804 0.0510692
961 0.618493 0.098766 0.043058
962 0.618493 0.0847795 0.0402877
963 0.618493 0.101075 0.045703
964 0.618493 0.119104 0.0496922
965 0.618493 0.108575 0.0474674
966 0.618493 0.110832 0.0451509
967 0.618493 0.0922147 0.0397391
968 0.618493 0.119188 0.0497987
969 0.618493 0.106449 0.0471672
970 0.618493 0.099306 0.0396589
971 0.618493 0.128969 0.0486121
972 0.618493 0.112977 0.0434025
973 0.618493 0.109565 0.0439647
974 0.618493 0.107979 0.0449642
975 0.618493 0.123641 0.0504227
976 0.618493 0.121195 0.0507503
977 0.618493 0.101505 0.0419708
978 0.618493 0.123565 0.0492198
979 0.618493 0.104816 0.0422263
980 0.618493 0.111813 0.0432093
981 0.618493 0.106698 0.0416089
982 0.618493 0.115709 0.0443242
983 0.618493 0.12471 0.047739
984 0.618493 0.110529 0.0474053
985 0.618493 0.10861 0.044047
986 0.618493 0.117799 0.0469664
987 0.618493 0.113591 0.0495861
988 0.618493 0.109831 0.0459435
989 0.618493 0.109781 0.0463894
990 0.618493 0.103826 0.0445773
991 0.618493 0.0925114 0.0428773
992 0.618493 0.126304 0.0516468
993 0.618493 0.12768 0.054603
994 0.618493 0.10792 0.0482334
995 0.618493 0.113374 0.0462526
996 0.618493 0.113703 0.0472653
997 0.618493 0.100285 0.0422673
998 0.618493 0.103265 0.0440647
999 0.618493 0.118872 0.0488383
1000 0.618493 0.106181 0.0448806
