0 0.125263 0.0590559 0.00391082
1 0.125263 0.0662775 0.00390576
2 0.125274 0.0713938 0.00386826
3 0.125274 0.0751602 0.0037864
4 0.125274 0.0813676 0.00359649
5 0.125274 0.0826424 0.00354384
6 0.125274 0.087659 0.00331536
7 0.125274 0.0914598 0.00309969
8 0.125276 0.0926924 0.00303346
9 0.125277 0.0941143 0.00292373
10 0.125277 0.10013 0.00252999
11 0.125277 0.103283 0.00224062
12 0.125277 0.107927 0.0018494
13 0.125277 0.10889 0.00178581
14 0.125277 0.110181 0.00166043
15 0.125277 0.108899 0.00178651
16 0.125277 0.104108 0.00218883
17 0.125277 0.109212 0.00172711
18 0.410068 0.109276 0.00292445
19 0.410068 0.111736 0.00269492
20 0.410068 0.117426 0.00205806
21 0.410068 0.114662 0.00289039
22 0.410068 0.120908 0.00219228
23 0.410068 0.118426 0.00247939
24 0.410068 0.117334 0.00262301
25 0.410068 0.112333 0.00315184
26 0.410068 0.112396 0.00348892
27 0.410068 0.11518 0.0031713
28 0.410068 0.120527 0.00293225
29 0.410068 0.116663 0.00337908
30 0.410068 0.11518 0.00377154
31 0.410068 0.119712 0.00434421
32 0.410068 0.118649 0.00621131
33 0.410068 0.120546 0.00635419
34 0.410068 0.122159 0.00763358
35 0.442578 0.13054 0.00926545
36 0.467663 0.128302 0.0116914
37 0.467663 0.143642 0.0140725
38 0.467663 0.150406 0.0155485
39 0.467663 0.136691 0.0152893
40 0.467663 0.129276 0.0133874
41 0.500303 0.14703 0.0179666
41 0.501263 0.085114 0.0263533
42 0.501263 0.0627964 0.0212411
43 0.501263 0.0840742 0.0259867
44 0.537281 0.0882303 0.0284135
45 0.537281 0.0843942 0.0283299
46 0.537281 0.0929989 0.0320773
47 0.537281 0.0938089 0.0324693
48 0.537281 0.099006 0.0336332
49 0.537281 0.0969865 0.0302798
50 0.572126 0.103942 0.0353691
51 0.572126 0.0937546 0.030158
52 0.572126 0.105665 0.0344896
53 0.572126 0.108014 0.0368522
54 0.572126 0.091282 0.0327587
55 0.572126 0.0931795 0.0331757
56 0.575366 0.122889 0.0380036
57 0.576001 0.110595 0.0368424
58 0.576001 0.129736 0.0416581
59 0.576001 0.127696 0.0382101
60 0.576001 0.132761 0.0414793
61 0.576001 0.116101 0.038196
62 0.576001 0.107174 0.0384673
63 0.576001 0.111643 0.0407205
64 0.576001 0.111668 0.0390367
65 0.576001 0.130017 0.0448955
66 0.576001 0.11365 0.0434489
67 0.576001 0.115978 0.0409041
68 0.576001 0.112217 0.0402019
69 0.576001 0.109312 0.0403625
70 0.576001 0.133316 0.0442812
71 0.576001 0.130318 0.0444512
72 0.576001 0.122912 0.0395649
73 0.576001 0.118151 0.0381407
74 0.576001 0.125943 0.0415527
75 0.576001 0.138703 0.0425586
76 0.576784 0.139471 0.0450833
77 0.576784 0.132235 0.0436326
78 0.576784 0.131098 0.0442633
79 0.576784 0.12962 0.0438215
80 0.576784 0.12273 0.0429087
81 0.576784 0.136801 0.0453137
82 0.576784 0.144853 0.0435979
83 0.576784 0.138253 0.0430569
84 0.576784 0.158917 0.0484077
85 0.576784 0.173524 0.0472898
86 0.576784 0.136617 0.0440163
87 0.576784 0.152006 0.0479463
88 0.576784 0.142531 0.0433883
89 0.576784 0.133411 0.0431152
90 0.576784 0.146639 0.047024
91 0.576784 0.139815 0.0442043
92 0.576784 0.160743 0.0462748
93 0.576784 0.13949 0.0408035
94 0.576784 0.135065 0.0430516
95 0.576784 0.14471 0.0441162
96 0.576784 0.13562 0.0409065
97 0.576784 0.128157 0.0441806
98 0.576784 0.136741 0.0463397
99 0.576784 0.145635 0.0465794
100 0.576784 0.149876 0.0456834
101 0.576784 0.121463 0.0388329
102 0.576784 0.120824 0.0407652
103 0.576784 0.111369 0.0385277
104 0.576784 0.0988631 0.0349246
105 0.576784 0.113608 0.0392305
106 0.576784 0.121965 0.0444186
107 0.57883 0.147617 0.0487436
108 0.57883 0.125901 0.0430886
109 0.57883 0.129322 0.0413122
110 0.57883 0.125794 0.0443293
111 0.57883 0.136601 0.0453062
112 0.57883 0.157666 0.0423598
113 0.57883 0.135615 0.040926
114 0.57883 0.137183 0.0404604
115 0.57883 0.158134 0.0463715
116 0.580569 0.138651 0.0458796
117 0.580604 0.144224 0.0450681
118 0.580604 0.13818 0.0474922
119 0.580604 0.147366 0.0498935
120 0.580604 0.149195 0.0476467
121 0.580604 0.156447 0.0478146
122 0.580604 0.146578 0.0455423
123 0.580604 0.14147 0.0459324
124 0.580604 0.156463 0.0482767
125 0.580604 0.151663 0.0464957
126 0.580604 0.136144 0.0441611
127 0.580604 0.11066 0.041261
128 0.580604 0.116343 0.0411983
129 0.580604 0.111551 0.0399304
130 0.582622 0.132461 0.0443738
131 0.587949 0.146129 0.0485598
132 0.587949 0.144225 0.0464409
133 0.587949 0.132123 0.0457403
134 0.587949 0.125714 0.0432684
135 0.587949 0.12338 0.0417891
136 0.587949 0.149936 0.0491107
137 0.587949 0.124109 0.0446411
138 0.587949 0.149055 0.049917
139 0.587949 0.146257 0.0480047
140 0.587949 0.109314 0.0383556
141 0.587949 0.142947 0.0482054
142 0.587949 0.129473 0.0445788
143 0.587949 0.130723 0.0449621
144 0.587949 0.131139 0.0419663
145 0.587949 0.141317 0.0492142
146 0.587949 0.131205 0.0403033
147 0.587949 0.12786 0.0392663
148 0.587949 0.134792 0.0435906
149 0.587949 0.156592 0.0515861
150 0.587949 0.125239 0.0423737
151 0.587949 0.143184 0.0464673
152 0.587949 0.143653 0.0451723
153 0.587949 0.147981 0.0488081
154 0.587949 0.14018 0.0457848
155 0.587949 0.129429 0.0432659
156 0.587949 0.127321 0.0430044
157 0.587949 0.135325 0.0465514
158 0.587949 0.138744 0.0460994
159 0.587949 0.146744 0.048406
160 0.587949 0.109811 0.0380954
161 0.587949 0.130559 0.0430606
162 0.587949 0.133891 0.0431676
163 0.587949 0.121402 0.0439791
164 0.587949 0.103474 0.0388477
165 0.587949 0.121112 0.0422187
166 0.587949 0.141716 0.0470411
167 0.587949 0.136636 0.0460504
168 0.587949 0.152866 0.0453179
169 0.587949 0.137724 0.0444868
170 0.587949 0.131435 0.0428153
171 0.587949 0.131582 0.04311
172 0.587949 0.115764 0.0405244
173 0.587949 0.134912 0.0476682
174 0.587949 0.143297 0.0488065
175 0.587949 0.177333 0.0493047
176 0.587949 0.173372 0.0498229
177 0.587949 0.177604 0.0495844
178 0.587949 0.178772 0.0485875
179 0.587949 0.1744 0.048435
180 0.587949 0.143143 0.044671
181 0.587949 0.164397 0.0476118
182 0.587949 0.151194 0.0474321
183 0.587949 0.152741 0.045159
184 0.587949 0.163667 0.0470415
185 0.587949 0.134401 0.0452952
186 0.587949 0.128979 0.043287
187 0.587949 0.160987 0.0476344
188 0.590459 0.158019 0.0527631
189 0.590459 0.14957 0.0485398
190 0.590459 0.134776 0.0450297
191 0.590459 0.156405 0.0507106
192 0.590459 0.149553 0.0492625
193 0.590459 0.147249 0.0484223
194 0.590459 0.128307 0.046084
195 0.590459 0.112412 0.0436123
196 0.590459 0.131293 0.0429381
197 0.590459 0.133126 0.0485203
198 0.592321 0.176651 0.0543665
199 0.592321 0.144685 0.0465659
200 0.592321 0.177816 0.0499179
201 0.592321 0.143605 0.0490831
202 0.592321 0.150576 0.0483912
203 0.592321 0.154759 0.0495545
204 0.592825 0.137099 0.0443474
205 0.592825 0.157906 0.0529312
206 0.592825 0.145566 0.0465855
207 0.600574 0.134276 0.0488943
208 0.600574 0.136389 0.0504965
209 0.600574 0.125053 0.0481356
210 0.600574 0.113098 0.0430176
211 0.600574 0.11941 0.0451663
212 0.600574 0.13016 0.0469455
213 0.600574 0.140657 0.0499192
214 0.600574 0.124687 0.0464832
215 0.600574 0.124566 0.0454597
216 0.600574 0.105259 0.0374924
217 0.600574 0.105454 0.0400142
218 0.600574 0.10992 0.0432056
219 0.600574 0.109115 0.0401217
220 0.600574 0.112475 0.0397404
221 0.600574 0.102141 0.040255
222 0.600574 0.120188 0.0445926
223 0.600574 0.129467 0.0439067
224 0.600574 0.109417 0.044019
225 0.600574 0.120083 0.0437854
226 0.600574 0.128059 0.0453933
227 0.600574 0.12729 0.0424185
228 0.600574 0.110725 0.0438279
229 0.600574 0.0901139 0.0364879
230 0.600574 0.115624 0.040107
231 0.600574 0.132415 0.0472744
232 0.600574 0.109266 0.0434345
233 0.600574 0.106949 0.0420849
234 0.600574 0.137564 0.047932
235 0.600574 0.124115 0.045223
236 0.600574 0.133918 0.0460299
237 0.600574 0.149377 0.0511056
238 0.600574 0.139115 0.0474067
239 0.600574 0.146993 0.0449329
240 0.600574 0.136597 0.0475443
241 0.600574 0.122593 0.0477887
242 0.600574 0.119143 0.0437582
243 0.600574 0.135911 0.0509543
244 0.600574 0.126251 0.0456942
245 0.600574 0.13823 0.0471369
246 0.600574 0.153697 0.0483376
247 0.600574 0.159344 0.0532684
248 0.600574 0.141627 0.0476937
249 0.600574 0.135598 0.0477241
250 0.600574 0.126879 0.0490999
251 0.600574 0.130597 0.0457178
252 0.600574 0.149338 0.051025
253 0.600574 0.145137 0.0460241
254 0.600574 0.123975 0.0464312
255 0.600574 0.119837 0.0453285
256 0.600574 0.114924 0.0429577
257 0.600574 0.123311 0.0421411
258 0.600574 0.130999 0.0462621
259 0.600574 0.125049 0.0444577
260 0.600574 0.106781 0.0398474
261 0.600574 0.122556 0.0453539
262 0.600574 0.117193 0.0461374
263 0.600574 0.137189 0.0479284
264 0.600574 0.109989 0.0411987
265 0.600574 0.126371 0.0459259
266 0.600574 0.11827 0.0416884
267 0.600574 0.129997 0.0450091
268 0.600574 0.1402 0.0492465
269 0.600574 0.136098 0.0480738
270 0.600574 0.105183 0.0393715
271 0.600574 0.102214 0.0394173
272 0.600574 0.122657 0.0460064
273 0.600574 0.115818 0.0440021
274 0.600574 0.112543 0.0428793
275 0.600574 0.114584 0.0418275
276 0.600574 0.0973197 0.0374939
277 0.600574 0.12994 0.0457798
278 0.600574 0.107492 0.0402619
279 0.600574 0.107984 0.0414487
280 0.600574 0.104389 0.0417414
281 0.600574 0.176639 0.0570678
282 0.600574 0.152379 0.0501857
283 0.600574 0.135273 0.0462608
284 0.600574 0.131528 0.0457792
285 0.600574 0.151295 0.0454342
286 0.600574 0.118417 0.0432602
287 0.600574 0.107696 0.0403758
288 0.600574 0.116291 0.0464045
289 0.600574 0.109965 0.0427097
290 0.600574 0.13049 0.0455322
291 0.600574 0.0993331 0.0417069
292 0.60177 0.122569 0.0454386
293 0.60177 0.110496 0.0420163
294 0.60177 0.114764 0.0428927
295 0.60177 0.117331 0.0435404
296 0.60177 0.140447 0.0480076
297 0.60177 0.12745 0.0418271
298 0.60177 0.123299 0.0429655
299 0.60177 0.117036 0.0443623
300 0.60177 0.0944651 0.0367741
301 0.60177 0.111285 0.0423929
302 0.60177 0.121804 0.0427617
303 0.60177 0.0945028 0.0382204
304 0.60177 0.127766 0.0482034
305 0.60177 0.114994 0.0454015
306 0.60177 0.121993 0.0470706
307 0.60177 0.127722 0.0467649
308 0.60177 0.117244 0.0453157
309 0.60177 0.150644 0.0509845
310 0.60177 0.12219 0.0465477
311 0.60177 0.12467 0.0454309
312 0.60177 0.118603 0.042489
313 0.60177 0.13069 0.0464136
314 0.60177 0.126334 0.0453155
315 0.60177 0.129037 0.0447982
316 0.60177 0.129285 0.0443277
317 0.60177 0.133544 0.0470866
318 0.60177 0.110957 0.0400106
319 0.60177 0.120427 0.0455673
320 0.60177 0.108483 0.0416882
321 0.60177 0.13228 0.0462626
322 0.60177 0.134915 0.0418355
323 0.60177 0.139659 0.0429962
324 0.60177 0.126924 0.0445351
325 0.60177 0.135869 0.0437794
326 0.60177 0.137751 0.0508752
327 0.60177 0.119751 0.0441038
328 0.60177 0.110045 0.0425838
329 0.60177 0.103946 0.041777
330 0.60177 0.100217 0.0408518
331 0.60177 0.0926583 0.0398793
332 0.60177 0.0939246 0.0376766
333 0.60177 0.101722 0.0402344
334 0.60177 0.115027 0.0427526
335 0.60177 0.113943 0.0443396
336 0.60177 0.120822 0.0444456
337 0.60177 0.120463 0.0432299
338 0.60177 0.156103 0.0481962
339 0.60177 0.118063 0.0417309
340 0.60177 0.121257 0.0438361
341 0.60177 0.128836 0.0437762
342 0.60177 0.103396 0.0381045
343 0.60177 0.140635 0.0498166
344 0.60177 0.13211 0.042494
345 0.60177 0.114084 0.0414928
346 0.60177 0.111594 0.0401656
347 0.60177 0.10786 0.0409943
348 0.60177 0.10626 0.0389597
349 0.60177 0.114732 0.0426299
350 0.60177 0.111587 0.0385093
351 0.60177 0.12064 0.0430119
352 0.60177 0.121937 0.0421715
353 0.60177 0.148821 0.0520608
354 0.60177 0.151452 0.05115
355 0.60177 0.13862 0.0451489
356 0.60177 0.140164 0.0444555
357 0.60177 0.133961 0.0423028
358 0.60177 0.144638 0.0442767
359 0.60177 0.14303 0.0461548
360 0.60177 0.121151 0.0395802
361 0.60177 0.130079 0.0430968
362 0.60177 0.132174 0.0461025
363 0.60177 0.128901 0.0454702
364 0.60177 0.115812 0.0393798
365 0.60177 0.121551 0.040875
366 0.60177 0.140723 0.0447386
367 0.60177 0.138374 0.043393
368 0.60177 0.143365 0.0454619
369 0.60177 0.139197 0.0453362
370 0.60177 0.134156 0.0461749
371 0.60177 0.131267 0.0456046
372 0.60177 0.126844 0.0460711
373 0.60177 0.11799 0.0397569
374 0.60177 0.131113 0.0445357
375 0.60234 0.194557 0.0565579
376 0.60234 0.172854 0.0496696
377 0.60234 0.153506 0.0472048
378 0.60234 0.134788 0.0462161
379 0.60234 0.169244 0.0499572
380 0.602742 0.161833 0.0477402
381 0.602742 0.160124 0.0488627
382 0.602742 0.158864 0.0453993
383 0.602742 0.166268 0.0457489
384 0.602742 0.149627 0.0443896
385 0.602742 0.154623 0.0497244
386 0.602742 0.155538 0.0480661
387 0.602742 0.146814 0.0460677
388 0.602742 0.171696 0.0460754
389 0.602742 0.150575 0.0484876
390 0.602742 0.160653 0.047641
391 0.602742 0.162554 0.0499491
392 0.602742 0.165505 0.0487243
393 0.602742 0.162123 0.0445769
394 0.602742 0.124189 0.0407927
395 0.602742 0.148879 0.0464413
396 0.602742 0.152955 0.0474028
397 0.602742 0.141003 0.0455036
398 0.602742 0.133988 0.0454027
399 0.602742 0.146386 0.0450395
400 0.602742 0.156704 0.047907
401 0.602742 0.127516 0.0434971
402 0.602742 0.150591 0.0482119
403 0.602742 0.136284 0.0440193
404 0.602742 0.144038 0.0487036
405 0.602742 0.134751 0.0425506
406 0.602742 0.133142 0.0451265
407 0.602742 0.152934 0.0447714
408 0.602742 0.155418 0.0453135
409 0.602742 0.142972 0.0453929
410 0.602742 0.141114 0.0426901
411 0.602742 0.134275 0.0464118
412 0.602742 0.141293 0.0434009
413 0.602742 0.15768 0.0453115
414 0.602742 0.131651 0.0422822
415 0.602742 0.138494 0.0451852
416 0.602742 0.151584 0.0488194
417 0.603371 0.141151 0.0455666
418 0.603371 0.126606 0.0433949
419 0.603371 0.143844 0.0432016
420 0.603371 0.134968 0.0439414
421 0.603371 0.134224 0.0453264
422 0.603371 0.127315 0.0444848
423 0.603371 0.144148 0.0458311
424 0.603371 0.124604 0.0470582
425 0.603371 0.108745 0.0424268
426 0.603371 0.130038 0.0457036
427 0.603371 0.154857 0.0503702
428 0.603371 0.139564 0.0476805
429 0.603371 0.137858 0.0436063
430 0.603371 0.113664 0.0408595
431 0.603371 0.148554 0.0511609
432 0.603371 0.154992 0.0478494
433 0.603371 0.150081 0.0523003
434 0.603371 0.14058 0.0472465
435 0.603371 0.153507 0.0486737
436 0.603371 0.150947 0.047273
437 0.603371 0.131839 0.0439625
438 0.603371 0.148186 0.0475249
439 0.603371 0.191499 0.0542595
440 0.603371 0.134767 0.0443959
441 0.603371 0.123592 0.0453613
442 0.603371 0.144054 0.046684
443 0.603371 0.152027 0.0482716
444 0.603371 0.16162 0.0489421
445 0.603371 0.142825 0.0441179
446 0.603371 0.152417 0.0440627
447 0.603371 0.12532 0.0428329
448 0.603371 0.133098 0.0448247
449 0.603371 0.115749 0.0416034
450 0.603371 0.122065 0.0428579
451 0.603371 0.142023 0.0478749
452 0.603371 0.14808 0.0479177
453 0.603371 0.147711 0.0480521
454 0.603371 0.177267 0.0522761
455 0.603371 0.137829 0.0443124
456 0.603371 0.130344 0.0446052
457 0.603371 0.138796 0.0473884
458 0.603371 0.168225 0.0534769
459 0.603371 0.154031 0.0494208
460 0.603371 0.134571 0.0437779
461 0.603371 0.107759 0.041175
462 0.603371 0.142732 0.0484492
463 0.603371 0.151628 0.0505124
464 0.603371 0.158428 0.0515583
465 0.603371 0.157368 0.0499846
466 0.603371 0.142467 0.0463196
467 0.603371 0.13809 0.04448
468 0.603371 0.112423 0.042114
469 0.603371 0.120724 0.0441741
470 0.603371 0.168494 0.0530047
471 0.603371 0.140893 0.0482839
472 0.603371 0.132493 0.0444853
473 0.603371 0.147349 0.0425449
474 0.603371 0.120005 0.0398474
475 0.603371 0.149175 0.0468546
476 0.603371 0.154883 0.0496761
477 0.603371 0.141636 0.0451546
478 0.603392 0.143937 0.0475444
479 0.603392 0.156089 0.0472534
480 0.603446 0.157227 0.0475385
481 0.603446 0.155859 0.0464975
482 0.603446 0.166596 0.0476951
483 0.603446 0.152586 0.0454616
484 0.603446 0.135583 0.0432441
485 0.603446 0.141817 0.0473919
486 0.603446 0.13879 0.0476835
487 0.603446 0.164411 0.0511078
488 0.603446 0.155687 0.050709
489 0.603446 0.160949 0.0490226
490 0.603446 0.163323 0.0478806
491 0.603446 0.147934 0.0452221
492 0.603446 0.152643 0.0466789
493 0.603446 0.140599 0.0466245
494 0.603561 0.147425 0.0545381
495 0.603561 0.144643 0.0480974
496 0.603561 0.143362 0.0479054
497 0.603561 0.147661 0.0512929
498 0.603561 0.149756 0.0498035
499 0.603561 0.150608 0.0488851
500 0.603561 0.167188 0.055342
501 0.603561 0.141268 0.0501817
502 0.603561 0.160241 0.0486248
503 0.603561 0.147338 0.0422438
504 0.60378 0.133886 0.0442992
505 0.60378 0.152343 0.0457435
506 0.60378 0.166069 0.0502994
507 0.60378 0.144779 0.0461132
508 0.60378 0.140169 0.0478473
509 0.60378 0.136327 0.0487452
510 0.60378 0.157985 0.0481647
511 0.60378 0.145553 0.0457079
512 0.60378 0.143872 0.0497005
513 0.60378 0.152734 0.0459576
514 0.60378 0.127125 0.043067
515 0.60378 0.153747 0.0455539
516 0.60378 0.135432 0.0409169
517 0.60378 0.138049 0.0433178
518 0.60378 0.142686 0.0456197
519 0.60378 0.133745 0.0423227
520 0.60378 0.143806 0.0475003
521 0.60378 0.125392 0.04077
522 0.60378 0.138441 0.0462318
523 0.60378 0.123292 0.0446501
524 0.60378 0.145455 0.045119
525 0.60378 0.140965 0.0469301
526 0.60378 0.151071 0.0486335
527 0.60378 0.150717 0.0430214
528 0.60378 0.155034 0.0469365
529 0.60378 0.161014 0.0432886
530 0.60378 0.138918 0.0427086
531 0.60378 0.135252 0.0408321
532 0.60378 0.128342 0.0410582
533 0.60378 0.150528 0.0405764
534 0.60378 0.143348 0.044793
535 0.60378 0.12202 0.040379
536 0.60378 0.128615 0.0447891
537 0.60378 0.137097 0.0470044
538 0.60378 0.147757 0.0481393
539 0.60378 0.147573 0.0478126
540 0.60378 0.160184 0.0546098
541 0.60378 0.146327 0.0495403
542 0.60378 0.140492 0.0489005
543 0.60378 0.135351 0.0469539
544 0.60378 0.152911 0.0478191
545 0.60393 0.13743 0.0499147
546 0.60393 0.142978 0.0468071
547 0.60393 0.150115 0.0475117
548 0.60393 0.144963 0.0493674
549 0.60393 0.124623 0.0437347
550 0.60393 0.134761 0.0437082
551 0.60393 0.145571 0.0528917
552 0.60393 0.136993 0.0450843
553 0.60393 0.153445 0.0488869
554 0.60393 0.153448 0.0480226
555 0.60393 0.154537 0.0493051
556 0.60393 0.152389 0.0487826
557 0.60393 0.157315 0.0477499
558 0.60393 0.163003 0.0507474
559 0.60393 0.138356 0.0497912
560 0.60393 0.118822 0.0448711
561 0.60393 0.139288 0.0470278
562 0.60393 0.135277 0.0452255
563 0.60393 0.123139 0.0437792
564 0.60393 0.123422 0.0461938
565 0.60393 0.14073 0.0504415
566 0.60393 0.122319 0.0491506
567 0.60393 0.130588 0.047277
568 0.60393 0.118406 0.0443502
569 0.60393 0.107577 0.0429853
570 0.60393 0.128391 0.0481829
571 0.60393 0.146141 0.0520527
572 0.60393 0.12992 0.044503
573 0.60393 0.145126 0.0472825
574 0.60393 0.153998 0.0481287
575 0.60393 0.149996 0.0458082
576 0.60393 0.130191 0.0425241
577 0.60393 0.1277 0.04225
578 0.60393 0.140556 0.0442164
579 0.60393 0.16478 0.0491358
580 0.60393 0.139464 0.0455887
581 0.60393 0.159222 0.0522406
582 0.60393 0.125027 0.0414205
583 0.60393 0.130234 0.0458188
584 0.60393 0.123637 0.0441955
585 0.60393 0.151269 0.0500646
586 0.60393 0.161706 0.047718
587 0.60393 0.143982 0.0441838
588 0.60393 0.167398 0.0506394
589 0.60393 0.152626 0.0465257
590 0.60393 0.144466 0.0437691
591 0.60393 0.1569 0.0443472
592 0.60393 0.142553 0.0442037
593 0.60393 0.133992 0.0454615
594 0.60393 0.128031 0.0438772
595 0.60393 0.135874 0.0459113
596 0.60393 0.132697 0.0448109
597 0.60393 0.137128 0.0441537
598 0.60393 0.130801 0.0425587
599 0.60393 0.126324 0.0407518
600 0.60393 0.152483 0.0517787
601 0.60393 0.134624 0.0442902
602 0.60393 0.13035 0.04694
603 0.60393 0.146038 0.0498403
604 0.60393 0.139028 0.045942
605 0.60393 0.168849 0.0471773
606 0.60393 0.141128 0.0453408
607 0.60393 0.12881 0.0405495
608 0.60393 0.126905 0.0433598
609 0.60393 0.151108 0.0512184
610 0.60393 0.160221 0.0507563
611 0.60393 0.166118 0.0501541
612 0.60393 0.153664 0.0466608
613 0.60393 0.15355 0.0443398
614 0.60393 0.153341 0.0492787
615 0.60393 0.144276 0.04677
616 0.60393 0.145143 0.0475643
617 0.60393 0.152753 0.0483986
618 0.60393 0.152264 0.0472209
619 0.60393 0.159537 0.0497071
620 0.60393 0.174434 0.0494939
621 0.60393 0.159932 0.0461016
622 0.60393 0.160724 0.0472609
623 0.60393 0.144496 0.0446832
624 0.60393 0.139485 0.045652
625 0.60393 0.166067 0.0501262
626 0.60393 0.128439 0.0433444
627 0.60393 0.158178 0.0462135
628 0.60393 0.134794 0.0430414
629 0.60393 0.121571 0.0437629
630 0.60393 0.117975 0.0415391
631 0.60393 0.137159 0.0461009
632 0.60393 0.143094 0.0462393
633 0.60393 0.121015 0.0430873
634 0.60393 0.138508 0.0451697
635 0.60393 0.121718 0.0426213
636 0.60393 0.123417 0.0432499
637 0.60393 0.129118 0.043004
638 0.60393 0.106983 0.040373
639 0.60393 0.104621 0.040891
640 0.60393 0.136703 0.0443393
641 0.60393 0.138193 0.0451133
642 0.60393 0.149497 0.0502106
643 0.60393 0.132875 0.0437272
644 0.60393 0.124749 0.0418151
645 0.60393 0.138927 0.0465312
646 0.60393 0.103583 0.03952
647 0.60393 0.120522 0.0397155
648 0.60393 0.129963 0.0413801
649 0.60393 0.134184 0.0462291
650 0.60393 0.112809 0.041273
651 0.60393 0.126534 0.0464319
652 0.60393 0.141042 0.0483403
653 0.60393 0.124547 0.0471918
654 0.60393 0.127328 0.0435764
655 0.60393 0.120053 0.0418318
656 0.60393 0.116599 0.0384101
657 0.60393 0.120722 0.0434091
658 0.60393 0.124543 0.0426187
659 0.60393 0.126429 0.0453219
660 0.60393 0.16089 0.0474763
661 0.60393 0.150197 0.0445256
662 0.60393 0.144273 0.0452757
663 0.60393 0.144781 0.0433449
664 0.60393 0.142448 0.0433377
665 0.60393 0.121789 0.0399995
666 0.60393 0.128356 0.0433067
667 0.60393 0.151366 0.0470887
668 0.60393 0.179581 0.0534961
669 0.60393 0.149693 0.0493674
670 0.60393 0.15868 0.0485173
671 0.60393 0.134061 0.044348
672 0.60393 0.128297 0.0401566
673 0.60393 0.110041 0.0397787
674 0.60393 0.114027 0.0425178
675 0.60393 0.112097 0.0441915
676 0.60393 0.10908 0.0420811
677 0.60393 0.138162 0.045115
678 0.60393 0.149432 0.0436274
679 0.60393 0.14466 0.0452974
680 0.60393 0.136819 0.0448192
681 0.60393 0.151985 0.0464769
682 0.60393 0.160723 0.0515526
683 0.60393 0.154675 0.0476725
684 0.60393 0.148532 0.0465514
685 0.60393 0.136552 0.0457282
686 0.60393 0.137221 0.0435131
687 0.60393 0.1177 0.043913
688 0.60393 0.122889 0.0444814
689 0.60393 0.13385 0.0463139
690 0.60393 0.149875 0.0523649
691 0.60393 0.159798 0.0506579
692 0.60393 0.154938 0.0507874
693 0.60393 0.143318 0.0433877
694 0.60393 0.155447 0.0476932
695 0.60393 0.138764 0.0506002
696 0.60393 0.131143 0.0492779
697 0.60393 0.131942 0.0470983
698 0.60393 0.134792 0.0449046
699 0.60393 0.117897 0.0452727
700 0.60393 0.108807 0.0425596
701 0.60393 0.116003 0.0445061
702 0.60393 0.109998 0.0473164
703 0.60393 0.132944 0.0472088
704 0.60393 0.110806 0.0410161
705 0.60393 0.133342 0.0449264
706 0.60393 0.134244 0.0474888
707 0.60393 0.142468 0.047323
708 0.60393 0.13077 0.0449735
709 0.60393 0.125825 0.0427122
710 0.60393 0.129113 0.04458
711 0.60393 0.122959 0.0450883
712 0.60393 0.146189 0.0500129
713 0.60393 0.113926 0.0443091
714 0.60393 0.139349 0.0537027
715 0.60393 0.120686 0.0449705
716 0.60393 0.107443 0.0413204
717 0.60393 0.118519 0.0418753
718 0.60393 0.132152 0.0474962
719 0.60393 0.119247 0.0442691
720 0.60393 0.122794 0.0426713
721 0.60393 0.129887 0.0465001
722 0.60393 0.125089 0.0458616
723 0.60393 0.133977 0.0466598
724 0.60393 0.161222 0.0530969
725 0.60393 0.136606 0.0470144
726 0.60393 0.129687 0.0407494
727 0.60393 0.144415 0.0418876
728 0.60393 0.118216 0.0427083
729 0.60393 0.129117 0.0429099
730 0.60393 0.114333 0.0386122
731 0.60393 0.152302 0.0480756
732 0.60393 0.1534 0.0468586
733 0.60393 0.124483 0.0425793
734 0.60393 0.126447 0.0441948
735 0.60393 0.115704 0.0436938
736 0.60393 0.112252 0.041561
737 0.60393 0.129345 0.0446151
738 0.60393 0.123298 0.0448918
739 0.60393 0.139929 0.0475901
740 0.60393 0.10578 0.0403109
741 0.60393 0.103389 0.0386366
742 0.60393 0.122297 0.0440332
743 0.60393 0.111776 0.0443229
744 0.60393 0.141599 0.0516295
745 0.60393 0.109703 0.0423177
746 0.60393 0.135328 0.0444279
747 0.60393 0.122721 0.0418029
748 0.60393 0.134369 0.0451176
749 0.60393 0.134417 0.0449231
750 0.60393 0.141547 0.0447022
751 0.60393 0.14412 0.0486334
752 0.60393 0.133746 0.0470018
753 0.60393 0.108398 0.0392363
754 0.60393 0.135295 0.0466485
755 0.60393 0.143924 0.044976
756 0.60393 0.156506 0.0518475
757 0.60393 0.138761 0.0495723
758 0.60393 0.122918 0.044501
759 0.60393 0.12353 0.0423036
760 0.60393 0.119411 0.0437654
761 0.60393 0.107264 0.0416707
762 0.60393 0.132404 0.0487532
763 0.60393 0.124963 0.0449022
764 0.60393 0.149174 0.0499607
765 0.60393 0.154031 0.0519509
766 0.60393 0.13806 0.0477048
767 0.60393 0.139489 0.0482266
768 0.60393 0.139538 0.0490477
769 0.60393 0.137379 0.0445666
770 0.60393 0.161319 0.05199
771 0.60393 0.147733 0.0467193
772 0.60393 0.14235 0.0486376
773 0.60393 0.134776 0.0485387
774 0.60393 0.133848 0.0487015
775 0.60393 0.128993 0.0448171
776 0.60393 0.144939 0.0507754
777 0.60393 0.14547 0.0439661
778 0.60393 0.131944 0.0434145
779 0.60393 0.124225 0.0431769
780 0.60393 0.129482 0.0431137
781 0.60393 0.134179 0.0454014
782 0.60393 0.12679 0.0457898
783 0.60393 0.11422 0.043023
784 0.60393 0.126379 0.0403003
785 0.60393 0.13913 0.0442552
786 0.60393 0.147557 0.0441734
787 0.60393 0.139985 0.0452529
788 0.60393 0.154778 0.0465124
789 0.60393 0.164003 0.0472209
790 0.60393 0.141979 0.0452282
791 0.60393 0.13439 0.0476231
792 0.60393 0.123668 0.0431925
793 0.60393 0.138271 0.0449698
794 0.60393 0.153463 0.0456723
795 0.60393 0.151292 0.0456859
796 0.60393 0.158047 0.0480678
797 0.60393 0.151121 0.0510504
798 0.60393 0.137868 0.0482771
799 0.60393 0.12036 0.0473984
800 0.60393 0.130422 0.0460741
801 0.60393 0.133995 0.0439803
802 0.60393 0.1316 0.04607
803 0.60393 0.123831 0.0438185
804 0.60393 0.130076 0.0466934
805 0.60393 0.15488 0.0478706
806 0.60393 0.119777 0.0437058
807 0.60393 0.137302 0.0493716
808 0.60393 0.122553 0.0454755
809 0.60393 0.148334 0.0495449
810 0.60393 0.153729 0.0502484
811 0.60393 0.147539 0.0486762
812 0.60393 0.147334 0.0495033
813 0.60393 0.155139 0.0471083
814 0.60393 0.119531 0.0408159
815 0.60393 0.123106 0.0421129
816 0.60393 0.13916 0.0421828
817 0.60393 0.141269 0.0431195
818 0.60393 0.149769 0.0446256
819 0.60393 0.136885 0.0443881
820 0.60393 0.14078 0.0443346
821 0.60393 0.132864 0.0433304
822 0.60393 0.134156 0.0453676
823 0.60393 0.153854 0.0516737
824 0.60393 0.141932 0.0490178
825 0.60393 0.125321 0.0415319
826 0.60393 0.143803 0.0481542
827 0.60393 0.156924 0.0512113
828 0.60393 0.127436 0.0432089
829 0.60393 0.159745 0.0479666
830 0.60393 0.142879 0.0440665
831 0.60393 0.140142 0.045524
832 0.60393 0.114023 0.0390274
833 0.60393 0.146905 0.0449837
834 0.60393 0.132395 0.0436077
835 0.60393 0.135518 0.0450922
836 0.60393 0.13538 0.0454784
837 0.60393 0.126533 0.0439565
838 0.60393 0.120317 0.043486
839 0.60393 0.141157 0.0497035
840 0.60393 0.125969 0.0452984
841 0.60393 0.146878 0.0465842
842 0.60393 0.133579 0.0447345
843 0.60393 0.139421 0.0475558
844 0.60393 0.146316 0.0456449
845 0.60393 0.149967 0.047014
846 0.60393 0.145123 0.0466156
847 0.60393 0.155504 0.0488354
848 0.60393 0.144748 0.0462546
849 0.60393 0.133694 0.0444128
850 0.60393 0.105689 0.0386845
851 0.60393 0.112653 0.040162
852 0.60393 0.139556 0.0472906
853 0.60393 0.106245 0.0419375
854 0.60393 0.136443 0.0473934
855 0.60393 0.125364 0.0458408
856 0.60393 0.113488 0.0427846
857 0.60393 0.113729 0.0455063
858 0.60393 0.13779 0.0461532
859 0.60393 0.124951 0.0446232
860 0.60393 0.14033 0.047846
861 0.60393 0.125415 0.0434386
862 0.60393 0.145861 0.0514759
863 0.60393 0.123622 0.042147
864 0.60393 0.144163 0.0443538
865 0.60393 0.154825 0.0473142
866 0.60393 0.128954 0.0434727
867 0.60393 0.148877 0.0483781
868 0.60393 0.155882 0.0530747
869 0.60393 0.120732 0.044202
870 0.60393 0.12044 0.0417809
871 0.60393 0.138703 0.045556
872 0.60393 0.151153 0.0489702
873 0.60393 0.135961 0.047982
874 0.60393 0.14313 0.0509206
875 0.60393 0.127454 0.0468312
876 0.60403 0.137774 0.047816
877 0.60403 0.126686 0.0470559
878 0.60403 0.133688 0.0477539
879 0.60403 0.124152 0.0476515
880 0.60403 0.151468 0.0499892
881 0.60403 0.143164 0.0501492
882 0.60403 0.153312 0.0488621
883 0.60403 0.110597 0.0424249
884 0.60403 0.145531 0.0510358
885 0.60403 0.147752 0.0472758
886 0.60403 0.147913 0.0512882
887 0.60403 0.138254 0.048032
888 0.60403 0.1596 0.0493695
889 0.60403 0.119086 0.0412773
890 0.60403 0.114658 0.0423809
891 0.60403 0.12323 0.0460108
892 0.60403 0.121887 0.0456361
893 0.60403 0.134625 0.0462098
894 0.60403 0.124734 0.0422582
895 0.60403 0.120064 0.0424112
896 0.60403 0.120639 0.0413276
897 0.60403 0.127343 0.0430806
898 0.60403 0.146123 0.0490092
899 0.60403 0.128239 0.0439732
900 0.60403 0.135779 0.0461043
901 0.60403 0.147734 0.0501719
902 0.60403 0.153938 0.0490176
903 0.60403 0.159638 0.046462
904 0.60403 0.144768 0.0459518
905 0.60403 0.158084 0.0491588
906 0.60403 0.119802 0.0413645
907 0.60403 0.12712 0.0446405
908 0.60403 0.143099 0.0488862
909 0.60403 0.110823 0.0387344
910 0.60403 0.134353 0.0480078
911 0.60403 0.124019 0.0456197
912 0.60403 0.115992 0.0439198
913 0.60403 0.11662 0.0420475
914 0.60403 0.146076 0.0513772
915 0.60403 0.127134 0.0449714
916 0.60403 0.128077 0.0420986
917 0.60403 0.126176 0.0461605
918 0.60403 0.139619 0.0449459
919 0.60403 0.153014 0.0504818
920 0.60403 0.145755 0.0503794
921 0.60403 0.145211 0.0522376
922 0.60403 0.139116 0.0493982
923 0.60403 0.143609 0.0441192
924 0.60403 0.145865 0.0501687
925 0.60403 0.13754 0.0482056
926 0.60403 0.150517 0.0439781
927 0.60403 0.135558 0.041551
928 0.60403 0.120239 0.0418631
929 0.60403 0.11951 0.0408074
930 0.60403 0.126048 0.0435421
931 0.60403 0.140899 0.0479805
932 0.60403 0.153036 0.0444461
933 0.60403 0.117418 0.0413144
934 0.60403 0.129319 0.0432465
935 0.60403 0.138217 0.0471458
936 0.60403 0.117271 0.044738
937 0.60403 0.122276 0.0458226
938 0.60403 0.142248 0.0481113
939 0.60403 0.14188 0.05021
940 0.60403 0.169898 0.0529795
941 0.60403 0.148353 0.0483874
942 0.60403 0.166456 0.0525617
943 0.60403 0.153247 0.0498136
944 0.60403 0.146007 0.0485245
945 0.60403 0.136228 0.0443406
946 0.60403 0.145332 0.0487829
947 0.60403 0.151406 0.0491473
948 0.60403 0.132833 0.046624
949 0.60403 0.142269 0.0465359
950 0.60403 0.156852 0.0480989
951 0.60403 0.169915 0.0508328
952 0.60403 0.196344 0.0531063
953 0.60403 0.177699 0.0499011
954 0.60403 0.138939 0.0473851
955 0.60403 0.15907 0.0486364
956 0.60403 0.158446 0.0487401
957 0.60403 0.151038 0.0471326
958 0.60403 0.150076 0.0468296
959 0.60403 0.146672 0.0445659
960 0.60403 0.118953 0.0444465
961 0.60403 0.14098 0.0467479
962 0.60403 0.168459 0.0538207
963 0.60403 0.136118 0.0439693
964 0.60403 0.145805 0.0425853
965 0.60403 0.112726 0.0423296
966 0.60403 0.139147 0.0453943
967 0.60403 0.152016 0.0434939
968 0.60403 0.136712 0.0439438
969 0.60403 0.118462 0.0424783
970 0.60403 0.129715 0.0427314
971 0.60403 0.125729 0.0458542
972 0.60403 0.118015 0.0432513
973 0.60403 0.11499 0.0403642
974 0.60403 0.10709 0.0411921
975 0.60403 0.132885 0.0447224
976 0.60403 0.147595 0.0516467
977 0.60403 0.134225 0.0480065
978 0.60403 0.143334 0.0451811
979 0.60403 0.121847 0.0401146
980 0.60403 0.128817 0.0433163
981 0.60403 0.145882 0.0465876
982 0.60403 0.126045 0.0418025
983 0.60403 0.128043 0.0416647
984 0.60403 0.14319 0.0460399
985 0.60403 0.155601 0.0497437
986 0.60403 0.12705 0.0448996
987 0.60403 0.131657 0.0470028
988 0.60403 0.124055 0.0448676
989 0.60403 0.117047 0.0414295
990 0.60403 0.12698 0.0459329
991 0.60403 0.120968 0.0430826
992 0.60403 0.122926 0.0436634
993 0.60403 0.123912 0.047633
994 0.60403 0.119617 0.0459228
995 0.60403 0.137385 0.0480222
996 0.60403 0.141706 0.0464671
997 0.60403 0.156193 0.0491016
998 0.60403 0.125953 0.0425866
999 0.60403 0.167111 0.0505213
1000 0.60403 0.176831 0.0446718
