0 0.125273 0.0789065 0.00367364
1 0.125273 0.0864823 0.00336023
2 0.125273 0.0914826 0.0030975
3 0.125573 0.0938965 0.00296287
4 0.125573 0.101489 0.00241275
5 0.125959 0.098764 0.00256656
6 0.125959 0.0944044 0.00288989
7 0.126541 0.0953408 0.00285349
8 0.126541 0.10058 0.00246007
9 0.126541 0.105198 0.00211858
10 0.126541 0.107754 0.00188358
11 0.126541 0.10659 0.00198265
12 0.126541 0.109198 0.00173377
13 0.126541 0.107751 0.00188997
14 0.12659 0.105336 0.00210131
15 0.126769 0.102148 0.00231883
16 0.126769 0.0979145 0.00269736
17 0.126769 0.0905427 0.0031451
18 0.126769 0.0912087 0.00308425
19 0.126769 0.0927803 0.0029751
20 0.126769 0.093804 0.00292247
21 0.126769 0.0853352 0.00319353
22 0.127931 0.0872417 0.00329961
23 0.127931 0.0835327 0.00341565
24 0.127931 0.090297 0.00314677
25 0.127931 0.0880717 0.00328796
26 0.127931 0.090948 0.00311274
27 0.127931 0.0905453 0.0031663
28 0.127931 0.0838245 0.0034309
29 0.127931 0.0873981 0.00323963
30 0.127931 0.0824079 0.00352437
31 0.127931 0.0856767 0.00340259
32 0.12984 0.087218 0.00332878
33 0.12984 0.0955929 0.00287236
34 0.12984 0.0885705 0.00324364
35 0.12984 0.095863 0.0028347
36 0.12984 0.098182 0.00269979
37 0.152592 0.0945479 0.00299717
38 0.152592 0.0945789 0.00299592
39 0.152592 0.0929634 0.00306759
40 0.152592 0.0873987 0.0033492
41 0.152592 0.0920862 0.00311787
42 0.152592 0.0857606 0.00338232
43 0.152592 0.0888782 0.00332513
44 0.152592 0.080285 0.00369192
45 0.199024 0.0898739 0.00339452
46 0.199024 0.0912193 0.00333262
47 0.199024 0.0982721 0.00294873
48 0.199024 0.0892588 0.00345291
49 0.199024 0.092656 0.00328313
50 0.199024 0.090564 0.00344037
51 0.199024 0.0976524 0.00301819
52 0.199024 0.0935042 0.0032297
53 0.199024 0.0921663 0.00331544
54 0.199024 0.0974007 0.00307226
55 0.199024 0.105186 0.00240665
56 0.199024 0.0983576 0.00293472
57 0.199024 0.107145 0.00240374
58 0.199024 0.0933865 0.0033233
59 0.199024 0.0950138 0.00339563
60 0.222732 0.0997887 0.00315108
61 0.222732 0.0983206 0.0033266
62 0.222732 0.100234 0.00322347
63 0.222732 0.103975 0.00290479
64 0.222732 0.102321 0.00304505
65 0.222732 0.101862 0.00314659
66 0.222732 0.101076 0.00325589
67 0.222732 0.0941641 0.00353252
68 0.222732 0.0947837 0.00376969
69 0.304635 0.100531 0.00420134
70 0.304635 0.0962574 0.0044254
71 0.304635 0.105997 0.00376261
72 0.304635 0.0991291 0.00441995
73 0.304635 0.0974022 0.0047316
74 0.42677 0.110182 0.00495314
75 0.42677 0.109542 0.00475564
76 0.42677 0.102684 0.00556538
77 0.42677 0.102995 0.00577956
78 0.42677 0.0985733 0.00619756
79 0.42677 0.0957009 0.00650506
80 0.42677 0.102899 0.00613212
81 0.42677 0.104905 0.0061265
82 0.42677 0.103538 0.00654496
83 0.42677 0.109925 0.00734801
84 0.42677 0.109782 0.00740035
85 0.484135 0.111253 0.00966411
86 0.484135 0.104106 0.00955835
87 0.484135 0.114856 0.00902951
88 0.484135 0.118494 0.00837519
89 0.484135 0.119211 0.00898246
90 0.484135 0.115294 0.00924602
91 0.484135 0.124062 0.00819222
92 0.484135 0.121004 0.00886249
93 0.484135 0.123978 0.00917949
94 0.484135 0.12045 0.00965606
95 0.484135 0.122434 0.0091515
96 0.484135 0.120947 0.00918279
97 0.484135 0.12133 0.0104582
98 0.484135 0.122143 0.0112438
99 0.484135 0.127375 0.0101134
100 0.484135 0.119841 0.0112637
101 0.484135 0.128641 0.0113059
102 0.484135 0.121068 0.0118942
103 0.484135 0.135658 0.0116607
104 0.484135 0.133389 0.0115204
105 0.49679 0.14266 0.0128538
106 0.49679 0.143815 0.014659
107 0.49679 0.123599 0.0144429
108 0.49679 0.12415 0.0148294
109 0.49679 0.129125 0.0144796
110 0.49679 0.129272 0.0152747
111 0.49679 0.129574 0.0150737
112 0.49679 0.139368 0.015878
113 0.49679 0.142567 0.0148792
114 0.49679 0.130715 0.0147525
115 0.49679 0.138844 0.0138392
116 0.49679 0.131079 0.01382
117 0.49679 0.1393 0.0162981
118 0.49679 0.14654 0.0173556
119 0.49679 0.126203 0.0145278
120 0.49679 0.125996 0.0144826
121 0.49679 0.131744 0.0138021
122 0.49679 0.137604 0.013901
123 0.549515 0.149775 0.0160301
123 0.552608 0.0640959 0.0255595
124 0.552608 0.0640199 0.0246473
125 0.552608 0.0597027 0.0246783
126 0.552608 0.0578804 0.0241093
127 0.552608 0.0521252 0.0226132
128 0.552608 0.0666532 0.0255261
129 0.552608 0.0660067 0.0287998
130 0.552608 0.0659884 0.027959
131 0.552608 0.0647331 0.0257277
132 0.552608 0.0572014 0.0245417
133 0.552608 0.0632133 0.0262192
134 0.552608 0.0593658 0.0261516
135 0.552608 0.0657943 0.027778
136 0.552608 0.0590051 0.0243415
137 0.552608 0.0530717 0.0241486
138 0.552608 0.0581768 0.0264545
139 0.552608 0.0632202 0.0277866
140 0.552608 0.0665196 0.0273222
141 0.552608 0.0598113 0.0258683
142 0.552608 0.0603468 0.0268245
143 0.552608 0.0691175 0.0284179
144 0.552608 0.0580449 0.0251341
145 0.552608 0.0564665 0.0248281
146 0.552608 0.0636684 0.027461
147 0.552608 0.0578788 0.025206
148 0.552608 0.0575122 0.0251353
149 0.552608 0.0698705 0.0297904
150 0.552608 0.0626992 0.027982
151 0.552608 0.063399 0.0278014
152 0.552608 0.059104 0.0261193
153 0.552608 0.0681138 0.0290965
154 0.552608 0.0563307 0.0261987
155 0.552608 0.059729 0.0259094
156 0.552608 0.0647647 0.0282032
157 0.552608 0.0642363 0.0270177
158 0.552608 0.0619465 0.0278864
159 0.552608 0.0580577 0.0262522
160 0.552722 0.0610455 0.0283556
161 0.552722 0.0639209 0.0293325
162 0.564763 0.0663601 0.0298289
163 0.564763 0.0596276 0.0273559
164 0.564763 0.0617866 0.0278574
165 0.564763 0.0647259 0.0287885
166 0.564763 0.0562002 0.0267383
167 0.564763 0.0662913 0.0277095
168 0.564763 0.0614169 0.0273129
169 0.564763 0.0700686 0.0280133
170 0.564763 0.0607679 0.0270029
171 0.564763 0.0676013 0.0282639
172 0.564763 0.0602037 0.0266409
173 0.564763 0.0597653 0.0270643
174 0.564763 0.0622618 0.0277211
175 0.564763 0.0621644 0.0271858
176 0.564763 0.0670231 0.0290775
177 0.564763 0.0633117 0.0279723
178 0.564763 0.0609208 0.0270335
179 0.564763 0.0774809 0.0318365
180 0.564763 0.0631099 0.0279379
181 0.564763 0.0783524 0.0330338
182 0.564763 0.064263 0.0282709
183 0.564763 0.0637102 0.0281278
184 0.564763 0.0605328 0.0279023
185 0.564763 0.0607415 0.029706
186 0.565343 0.0674732 0.0325412
187 0.565343 0.061314 0.0281168
188 0.565343 0.0718858 0.0325628
189 0.565343 0.0647097 0.029287
190 0.565343 0.0684872 0.0311084
191 0.565343 0.0661738 0.0300172
192 0.565343 0.0653339 0.0301354
193 0.565343 0.066648 0.0303346
194 0.565343 0.0589806 0.0280993
195 0.566152 0.0741759 0.0338782
196 0.566152 0.0708296 0.0311235
197 0.566152 0.0659062 0.0296352
198 0.566152 0.0631569 0.0282512
199 0.566152 0.0746397 0.0336186
200 0.566152 0.0669142 0.0313191
201 0.566152 0.063874 0.029349
202 0.566152 0.0615015 0.0297252
203 0.566152 0.0588098 0.0284103
204 0.566152 0.0674242 0.030498
205 0.566152 0.0668775 0.0305751
206 0.566152 0.0744778 0.0336729
207 0.566152 0.0728184 0.0304733
208 0.566152 0.060552 0.0285188
209 0.566152 0.0681327 0.0296548
210 0.566152 0.0726843 0.0314265
211 0.566152 0.0627002 0.0291768
212 0.566152 0.0776978 0.0318162
213 0.566152 0.0712616 0.0313255
214 0.566152 0.0692061 0.0306199
215 0.566152 0.0679636 0.0306175
216 0.566152 0.0720789 0.0306936
217 0.566152 0.0599549 0.0286196
218 0.566152 0.0649552 0.0310099
219 0.56887 0.0682824 0.0314649
220 0.56887 0.0681122 0.0300778
221 0.56887 0.0663407 0.0297114
222 0.56887 0.0712571 0.0305564
223 0.56887 0.0710222 0.0306885
224 0.56887 0.0687122 0.0302591
225 0.56887 0.0670383 0.0292614
226 0.56887 0.0633524 0.0300099
227 0.56887 0.0656213 0.0311188
228 0.56887 0.0687061 0.0310739
229 0.56887 0.0598835 0.0289912
230 0.56887 0.0666537 0.0318763
231 0.56887 0.057782 0.0289628
232 0.56887 0.0667535 0.0320267
233 0.56887 0.0605264 0.0291203
234 0.56887 0.068444 0.0315295
235 0.56887 0.0693207 0.0330889
236 0.56887 0.0686135 0.0306771
237 0.56887 0.064797 0.0302169
238 0.56887 0.0587715 0.0290007
239 0.56887 0.0778012 0.0339802
240 0.56887 0.0598605 0.0290511
241 0.56887 0.0675359 0.0305543
242 0.56887 0.0717452 0.0323871
243 0.56887 0.0629062 0.0299548
244 0.56887 0.0700093 0.0321493
245 0.570805 0.0766174 0.0347306
246 0.570805 0.0813024 0.0335535
247 0.570805 0.0721055 0.0313619
248 0.570805 0.0735262 0.0348465
249 0.570805 0.0678972 0.0302427
250 0.570805 0.0679525 0.029698
251 0.574289 0.0790751 0.0347468
252 0.574289 0.0780642 0.0346571
253 0.574289 0.0694169 0.0301743
254 0.574289 0.0683479 0.0321176
255 0.574289 0.0667335 0.0297032
256 0.574289 0.0763761 0.0336229
257 0.574289 0.0684252 0.0319634
258 0.574289 0.0663136 0.0301621
259 0.574289 0.066598 0.0303865
260 0.574289 0.0671953 0.0308528
261 0.574289 0.0733291 0.0347701
262 0.574289 0.0731502 0.0358977
263 0.574289 0.0598258 0.0297712
264 0.574289 0.0772142 0.0338327
265 0.574289 0.0631382 0.0307525
266 0.574289 0.0812733 0.0365091
267 0.574289 0.0721701 0.0314184
268 0.574289 0.0693691 0.0307334
269 0.574289 0.0664738 0.0298353
270 0.574289 0.0681145 0.0310781
271 0.574289 0.0622108 0.0295033
272 0.574289 0.0707388 0.0335147
273 0.574289 0.0644346 0.0303618
274 0.574289 0.0796888 0.0342106
275 0.574289 0.0619323 0.0298453
276 0.574289 0.0663968 0.0308579
277 0.574289 0.0744789 0.0333647
278 0.574289 0.0667021 0.0312041
279 0.574289 0.0660488 0.0312049
280 0.574289 0.0767932 0.0328645
281 0.574289 0.0781583 0.0328507
282 0.574289 0.0701007 0.0316751
283 0.574289 0.0710636 0.0330991
284 0.574289 0.0629744 0.0295109
285 0.574289 0.0634492 0.0299552
286 0.574289 0.0654611 0.0303588
287 0.574289 0.0734325 0.0349933
288 0.574289 0.0777712 0.0357923
289 0.574289 0.0727044 0.0324299
290 0.574289 0.0647627 0.0307059
291 0.574289 0.0776323 0.0354076
292 0.574289 0.0637035 0.0294511
293 0.574289 0.0722083 0.0328751
294 0.574289 0.0650003 0.0295391
295 0.574289 0.0668447 0.0313138
296 0.574289 0.0713229 0.0332364
297 0.574289 0.0739993 0.0332754
298 0.574289 0.0635054 0.0309986
299 0.574289 0.0760382 0.0338687
300 0.574289 0.0612323 0.0305239
301 0.574289 0.0624808 0.0310397
302 0.574289 0.0628516 0.0299938
303 0.574289 0.0702802 0.0333894
304 0.574289 0.0668564 0.0308991
305 0.574289 0.0698279 0.0321194
306 0.574289 0.0716198 0.031795
307 0.574289 0.058273 0.0293168
308 0.574289 0.0702498 0.0316878
309 0.574289 0.067084 0.0321161
310 0.574289 0.0845471 0.0377164
311 0.574289 0.0778212 0.0336388
312 0.574289 0.063836 0.0296137
313 0.574289 0.065562 0.0310382
314 0.574289 0.0827178 0.0341534
315 0.574289 0.0893971 0.0358308
316 0.574289 0.0761877 0.0317582
317 0.574289 0.0702329 0.0316519
318 0.574289 0.080996 0.0366389
319 0.574289 0.0633221 0.0303771
320 0.574289 0.076716 0.0357723
321 0.574289 0.0729044 0.0348446
322 0.574289 0.0846429 0.0368311
323 0.574289 0.0686451 0.0323341
324 0.574289 0.0676613 0.0326222
325 0.574289 0.0772204 0.0345714
326 0.574289 0.0653336 0.0306316
327 0.574289 0.0667854 0.0309132
328 0.574289 0.0808368 0.0347716
329 0.574289 0.0636268 0.0309201
330 0.574289 0.0651297 0.0318589
331 0.574289 0.0687543 0.032788
332 0.574289 0.0653817 0.0309746
333 0.574289 0.0928427 0.0393829
334 0.574289 0.0843452 0.0352814
335 0.574289 0.0751885 0.0321614
336 0.574289 0.0798849 0.0346253
337 0.574289 0.0789163 0.0354392
338 0.574289 0.0753732 0.0330328
339 0.574289 0.080419 0.035926
340 0.574289 0.0703856 0.0319487
341 0.574289 0.0690529 0.0306724
342 0.574289 0.075608 0.0336013
343 0.574289 0.0767805 0.0325544
344 0.574289 0.0727924 0.0318773
345 0.574289 0.0743143 0.0340851
346 0.574289 0.0850156 0.034759
347 0.574289 0.0805058 0.0349353
348 0.574289 0.0852001 0.036507
349 0.574289 0.080628 0.0373346
350 0.574289 0.0721451 0.034306
351 0.574289 0.0848513 0.0378842
352 0.574289 0.0754457 0.0349519
353 0.574289 0.0738147 0.0314727
354 0.574289 0.0717067 0.0322057
355 0.574289 0.0755195 0.0360245
356 0.574289 0.0683844 0.03262
357 0.574289 0.0730624 0.0327265
358 0.574289 0.0837183 0.0361141
359 0.574289 0.0772222 0.0327794
360 0.574289 0.102675 0.0422312
361 0.574289 0.0938762 0.0407975
362 0.574289 0.0887832 0.0373732
363 0.574289 0.0845529 0.0370497
364 0.574289 0.0737785 0.0340275
365 0.574289 0.0665521 0.0318733
366 0.574289 0.079152 0.0354494
367 0.574289 0.0639873 0.0313186
368 0.574289 0.0658727 0.0303602
369 0.574289 0.0828301 0.0369595
370 0.574289 0.0610052 0.0301049
371 0.574289 0.0651535 0.0314451
372 0.574289 0.0760953 0.0330497
373 0.574289 0.0738018 0.0323293
374 0.574289 0.070745 0.0325969
375 0.574289 0.0612511 0.0297954
376 0.574289 0.0785074 0.0361438
377 0.574289 0.0706835 0.0322163
378 0.574289 0.0658458 0.031631
379 0.574289 0.0675975 0.0330569
380 0.574289 0.0729935 0.0340748
381 0.574289 0.0801346 0.0349501
382 0.574289 0.0774886 0.0349032
383 0.574289 0.0865319 0.0377078
384 0.574289 0.0609948 0.0298354
385 0.574289 0.071043 0.0329064
386 0.574289 0.0783383 0.0359325
387 0.574289 0.070212 0.0330612
388 0.574289 0.0785637 0.0357308
389 0.574289 0.079689 0.0348065
390 0.574289 0.0672915 0.0305708
391 0.574289 0.0755912 0.0345129
392 0.574289 0.0621643 0.0296377
393 0.574289 0.0703153 0.0332336
394 0.574289 0.0889657 0.0394005
395 0.574289 0.07798 0.0345425
396 0.574289 0.0831865 0.0359296
397 0.574289 0.0667426 0.0315757
398 0.574289 0.0652612 0.0307825
399 0.574289 0.0779972 0.0357335
400 0.574289 0.0769691 0.0347547
401 0.574289 0.0766773 0.0334983
402 0.574289 0.0828988 0.036392
403 0.576695 0.0752532 0.034755
404 0.576695 0.0657265 0.0323898
405 0.576695 0.0626383 0.0303337
406 0.576695 0.0785567 0.0335417
407 0.576695 0.0739434 0.033144
408 0.576695 0.0797581 0.0358252
409 0.576695 0.0869119 0.0358379
410 0.576695 0.0848284 0.0356347
411 0.576695 0.0831156 0.0349696
412 0.576695 0.075915 0.032326
413 0.576695 0.0807716 0.0353566
414 0.576695 0.0773615 0.0324469
415 0.576695 0.0725393 0.0313823
416 0.576695 0.0831209 0.0362083
417 0.576695 0.0858106 0.0384475
418 0.576695 0.082745 0.0367383
419 0.576695 0.0846019 0.0367678
420 0.576695 0.0779824 0.0337214
421 0.576695 0.0805254 0.0371487
422 0.576695 0.0719243 0.0338134
423 0.576695 0.0653196 0.0318434
424 0.576695 0.0724789 0.0327141
425 0.576695 0.0728252 0.0334656
426 0.576695 0.0769183 0.0359503
427 0.576695 0.0727127 0.0331811
428 0.576695 0.0920431 0.0402145
429 0.576695 0.0886078 0.0369462
430 0.576695 0.0902727 0.0376178
431 0.576695 0.0812601 0.0342002
432 0.576695 0.0679044 0.0338611
433 0.576695 0.0809578 0.0363051
434 0.576695 0.0794203 0.0362831
435 0.576695 0.0697904 0.0319663
436 0.576695 0.0790209 0.0363669
437 0.576695 0.0793878 0.0350589
438 0.576695 0.0707414 0.0333737
439 0.576695 0.0804844 0.0346801
440 0.576695 0.0686106 0.030696
441 0.576695 0.0730919 0.0332017
442 0.576695 0.0761076 0.0353243
443 0.576695 0.0716929 0.0339995
444 0.576695 0.0794853 0.0371145
445 0.576695 0.0680903 0.0325589
446 0.576695 0.0691995 0.0330114
447 0.576695 0.0816026 0.0357959
448 0.576695 0.0817489 0.0372901
449 0.576695 0.0801293 0.0344357
450 0.576695 0.0900724 0.0382847
451 0.579528 0.0839532 0.0367935
452 0.579528 0.0777069 0.0377674
453 0.579528 0.0647872 0.0328063
454 0.579528 0.0669258 0.0316693
455 0.579528 0.0691719 0.0330527
456 0.579528 0.0717798 0.035197
457 0.579528 0.0726254 0.0333023
458 0.579528 0.078791 0.0357461
459 0.579528 0.0796708 0.036358
460 0.579528 0.0698932 0.0350552
461 0.579528 0.0669965 0.0329459
462 0.579528 0.0632521 0.0304709
463 0.579528 0.069708 0.031972
464 0.579528 0.0625786 0.0307948
465 0.579528 0.0869565 0.0378859
466 0.579528 0.0728461 0.0333422
467 0.579528 0.0816665 0.0357798
468 0.579528 0.0757667 0.0355678
469 0.579528 0.0727576 0.0346083
470 0.579528 0.094831 0.0417912
471 0.579528 0.0700235 0.0324069
472 0.579528 0.0782195 0.0340162
473 0.579528 0.0751466 0.0346735
474 0.579528 0.072755 0.0342582
475 0.579528 0.0655818 0.031395
476 0.579528 0.0659261 0.0310779
477 0.579528 0.0701509 0.0335138
478 0.579528 0.0753522 0.0345674
479 0.579528 0.0778755 0.0325558
480 0.579528 0.0745562 0.0338378
481 0.579528 0.0624103 0.0304146
482 0.579528 0.0803996 0.0352594
483 0.579528 0.084756 0.0380576
484 0.579528 0.0829828 0.0379628
485 0.579528 0.0656783 0.031839
486 0.579528 0.066553 0.0306982
487 0.579528 0.0806832 0.0382794
488 0.579528 0.0814993 0.0400426
489 0.579528 0.0694872 0.0344529
490 0.579528 0.0737523 0.0342814
491 0.579528 0.0718473 0.0332614
492 0.579528 0.0751367 0.0333405
493 0.579528 0.0668211 0.0329856
494 0.579528 0.072354 0.0338017
495 0.579528 0.0735598 0.0321842
496 0.579528 0.0665785 0.0307983
497 0.579528 0.0751692 0.033817
498 0.579528 0.0709725 0.0332819
499 0.579528 0.0768383 0.0350948
500 0.579528 0.0826183 0.0390812
501 0.579528 0.062994 0.0304907
502 0.579528 0.0614502 0.0305762
503 0.579528 0.0697049 0.0339665
504 0.579528 0.0853591 0.0361724
505 0.579528 0.0789506 0.0347033
506 0.579528 0.0613054 0.0304146
507 0.579528 0.0737971 0.0346943
508 0.579528 0.0710468 0.0341009
509 0.579528 0.0746021 0.0326024
510 0.579528 0.087952 0.0392817
511 0.579528 0.0687965 0.0325043
512 0.579528 0.0717984 0.034251
513 0.579528 0.0790522 0.0342933
514 0.579528 0.0616525 0.0306941
515 0.579528 0.0767796 0.0346587
516 0.579528 0.0653896 0.0311523
517 0.579528 0.0819851 0.0372751
518 0.579528 0.0750656 0.0338854
519 0.579528 0.0683845 0.030739
520 0.579528 0.0646435 0.030655
521 0.579528 0.0667077 0.0315607
522 0.579528 0.0722267 0.0335579
523 0.579528 0.0719217 0.0320042
524 0.579528 0.0683493 0.032432
525 0.579528 0.0699379 0.0335706
526 0.579528 0.0670045 0.0333424
527 0.579528 0.0657878 0.0331576
528 0.579528 0.0786514 0.0343329
529 0.579528 0.0653572 0.0331525
530 0.579528 0.0618559 0.0305788
531 0.579528 0.0779858 0.0362092
532 0.579528 0.0753129 0.0363904
533 0.579528 0.0746914 0.0324464
534 0.579528 0.0879167 0.0376432
535 0.579528 0.0693654 0.0331754
536 0.579528 0.0666862 0.031052
537 0.579528 0.0713148 0.0334534
538 0.579528 0.0879727 0.0374781
539 0.579528 0.0726479 0.0329675
540 0.579528 0.0699906 0.0330039
541 0.579528 0.0663167 0.0316279
542 0.579528 0.062245 0.0305802
543 0.579528 0.0665166 0.0310635
544 0.579528 0.0784382 0.0355157
545 0.579528 0.0737053 0.0332955
546 0.579528 0.0670138 0.0318327
547 0.579528 0.0887131 0.0371707
548 0.579528 0.0720824 0.0334019
549 0.579528 0.0772827 0.0339945
550 0.579528 0.069844 0.0308013
551 0.579528 0.0705489 0.0333847
552 0.579528 0.0679406 0.0318815
553 0.579528 0.0594651 0.0304443
554 0.579528 0.0680732 0.0311422
555 0.579528 0.0815575 0.0334919
556 0.579528 0.0676306 0.0316065
557 0.579528 0.0624102 0.0307549
558 0.579528 0.0796689 0.0347653
559 0.579528 0.0716684 0.0318399
560 0.579528 0.0721324 0.0330859
561 0.579528 0.0688628 0.0319371
562 0.579528 0.0688486 0.0318734
563 0.579528 0.0596884 0.0306301
564 0.579528 0.0774013 0.0335904
565 0.579528 0.0693275 0.0314433
566 0.579528 0.0673955 0.0310652
567 0.579528 0.0630231 0.0304916
568 0.579528 0.0674927 0.0328564
569 0.579528 0.0707692 0.0337824
570 0.579528 0.065648 0.0306989
571 0.579528 0.0713657 0.0321474
572 0.579528 0.0638961 0.030845
573 0.579528 0.0595588 0.0306019
574 0.579528 0.0679452 0.0338561
575 0.579528 0.0726505 0.0354356
576 0.579528 0.0720411 0.0340615
577 0.579528 0.0805147 0.0373697
578 0.579528 0.0770473 0.0345211
579 0.579528 0.0596682 0.0305061
580 0.579528 0.0624694 0.0305797
581 0.579528 0.0700223 0.0321935
582 0.579528 0.0740948 0.0338448
583 0.579528 0.0791623 0.0359812
584 0.579528 0.0653362 0.031472
585 0.579528 0.0675492 0.0316383
586 0.579528 0.0704448 0.0317273
587 0.579528 0.0873545 0.0389438
588 0.579528 0.0726693 0.0338093
589 0.579528 0.0706919 0.0322747
590 0.579528 0.0735862 0.0339316
591 0.579528 0.0627581 0.0310208
592 0.579528 0.0651259 0.0326361
593 0.579528 0.0761553 0.0349762
594 0.579528 0.0730598 0.0324765
595 0.579528 0.0684859 0.0327314
596 0.579528 0.0727756 0.0335899
597 0.579528 0.0901868 0.0393112
598 0.579528 0.0644052 0.0310037
599 0.579528 0.0905731 0.041193
600 0.579528 0.0776027 0.0346347
601 0.579528 0.0789376 0.0334679
602 0.579528 0.0652618 0.0306033
603 0.579528 0.0711619 0.0312011
604 0.579528 0.0738369 0.032607
605 0.579528 0.0851567 0.0355818
606 0.579528 0.0751043 0.0320888
607 0.579528 0.0894845 0.0367225
608 0.579528 0.0764737 0.0340591
609 0.579528 0.0789476 0.032848
610 0.579528 0.0783856 0.0345382
611 0.579528 0.078544 0.034011
612 0.579528 0.0727036 0.0341269
613 0.579528 0.0791289 0.0359903
614 0.579528 0.0724113 0.0339062
615 0.579528 0.0758121 0.0333638
616 0.579528 0.0803702 0.0372958
617 0.579528 0.080537 0.0350276
618 0.579528 0.0703933 0.0321338
619 0.579528 0.0673123 0.0326695
620 0.579528 0.0681047 0.0309989
621 0.579528 0.0733628 0.0314157
622 0.579528 0.0711922 0.0330407
623 0.579528 0.0760006 0.0322947
624 0.579528 0.0779692 0.0345721
625 0.579528 0.0840364 0.0354838
626 0.579528 0.0723709 0.0312634
627 0.579528 0.0740766 0.0327556
628 0.579528 0.0752213 0.0334198
629 0.579528 0.0782297 0.031846
630 0.579528 0.0751374 0.0331119
631 0.579528 0.0812258 0.0343215
632 0.579528 0.0783011 0.0332983
633 0.579528 0.0869061 0.0374072
634 0.579528 0.0732543 0.0326098
635 0.579528 0.071815 0.0333561
636 0.579528 0.0701688 0.0325776
637 0.579528 0.0813615 0.0371519
638 0.579528 0.0672342 0.0325511
639 0.579528 0.0722727 0.0344404
640 0.579528 0.0864891 0.0379624
641 0.579528 0.0747948 0.0337117
642 0.579528 0.0800499 0.0369915
643 0.579528 0.0771345 0.0354052
644 0.579528 0.070886 0.0333713
645 0.579528 0.0665672 0.032595
646 0.579528 0.0649662 0.0322401
647 0.579528 0.0618539 0.0306296
648 0.579528 0.0717824 0.0329625
649 0.579528 0.0846989 0.0382986
650 0.579528 0.0842994 0.0388129
651 0.579528 0.0840419 0.0366287
652 0.579528 0.0763622 0.0334286
653 0.579528 0.072458 0.0314018
654 0.579528 0.0682364 0.0333619
655 0.579528 0.0725816 0.0335895
656 0.579528 0.0814264 0.0359587
657 0.579528 0.0920587 0.0384424
658 0.579528 0.0730787 0.0313875
659 0.579528 0.0802396 0.0373444
660 0.579528 0.0733182 0.0345138
661 0.579528 0.06361 0.0306145
662 0.579528 0.0712394 0.0327066
663 0.579528 0.0812567 0.035665
664 0.579528 0.0770737 0.0349537
665 0.579528 0.0821887 0.0353685
666 0.579528 0.0673901 0.0330179
667 0.579528 0.0660729 0.0317001
668 0.579528 0.0769658 0.0346935
669 0.579528 0.0667731 0.0307575
670 0.579528 0.0677741 0.0320308
671 0.579528 0.0627571 0.0305407
672 0.579528 0.0766188 0.0354366
673 0.579528 0.0645558 0.0320182
674 0.579528 0.074351 0.0360416
675 0.579528 0.0790832 0.0342719
676 0.579528 0.0637549 0.0304857
677 0.579528 0.0641349 0.0309796
678 0.579528 0.0668052 0.0310892
679 0.579528 0.0676225 0.0316321
680 0.579528 0.074197 0.0328034
681 0.579528 0.0653529 0.0309482
682 0.579528 0.0723843 0.0320042
683 0.579528 0.0646527 0.0310183
684 0.579528 0.065615 0.0307285
685 0.579528 0.0709809 0.0346855
686 0.579528 0.0808465 0.0367242
687 0.579528 0.0835158 0.0370652
688 0.579528 0.0825429 0.0376955
689 0.579528 0.067502 0.0333879
690 0.579528 0.0736642 0.0337722
691 0.579528 0.0812192 0.0359679
692 0.579528 0.0610494 0.0304125
693 0.579528 0.0759335 0.0354644
694 0.579528 0.0656317 0.0317535
695 0.579528 0.0719022 0.0325791
696 0.579528 0.0679876 0.030924
697 0.579528 0.0689762 0.0324897
698 0.579528 0.0750003 0.0332193
699 0.579528 0.0674661 0.0310142
700 0.579528 0.0739766 0.0325151
701 0.579528 0.0775342 0.0340464
702 0.579528 0.069579 0.0342524
703 0.579528 0.0769282 0.0351115
704 0.579528 0.0788253 0.0332611
705 0.579528 0.0712684 0.0329209
706 0.579528 0.094316 0.0382345
707 0.579528 0.0774459 0.0343158
708 0.579528 0.0665767 0.0318837
709 0.579528 0.0663558 0.0316638
710 0.579528 0.067345 0.0333177
711 0.579528 0.0722437 0.034846
712 0.579528 0.0712985 0.0331254
713 0.579528 0.0707994 0.0334159
714 0.579528 0.0667019 0.0315885
715 0.579528 0.0709551 0.032474
716 0.579528 0.0801351 0.0365029
717 0.579528 0.0642152 0.0310998
718 0.579528 0.0654083 0.0304034
719 0.579528 0.0683436 0.0305285
720 0.579528 0.0757751 0.0313092
721 0.579528 0.078263 0.0341743
722 0.579528 0.0690219 0.0327853
723 0.579528 0.0694982 0.0314827
724 0.579528 0.0746121 0.0358701
725 0.579528 0.0784528 0.034777
726 0.579528 0.0638078 0.0307033
727 0.579528 0.0673319 0.0322882
728 0.579528 0.0614073 0.0311902
729 0.579528 0.0699362 0.0338183
730 0.579528 0.0719736 0.0332356
731 0.579528 0.0603856 0.0305816
732 0.579528 0.0637297 0.0308553
733 0.579528 0.0727798 0.0344389
734 0.579528 0.0723899 0.0337711
735 0.579528 0.0629478 0.0311313
736 0.579528 0.0666786 0.0314766
737 0.579528 0.0940203 0.0398657
738 0.579528 0.081328 0.0364989
739 0.579528 0.075099 0.0340378
740 0.579528 0.0855541 0.0346675
741 0.579528 0.0743593 0.0331545
742 0.579528 0.0810146 0.0341399
743 0.579528 0.0742222 0.0334347
744 0.579528 0.0824666 0.0366609
745 0.579528 0.08314 0.0363518
746 0.579528 0.072043 0.0337762
747 0.579528 0.0781382 0.034675
748 0.579528 0.0735971 0.033099
749 0.579528 0.0831224 0.0367185
750 0.579528 0.0739331 0.0341974
751 0.579528 0.0729135 0.0337267
752 0.579528 0.0780723 0.0344668
753 0.579528 0.0756507 0.0348258
754 0.579528 0.0612271 0.0306615
755 0.579528 0.0724149 0.0323857
756 0.579528 0.0731824 0.0330577
757 0.579528 0.0646025 0.0305072
758 0.579528 0.0669361 0.0314263
759 0.579528 0.0669533 0.0316065
760 0.579528 0.0889813 0.0379241
761 0.579528 0.067415 0.0333816
762 0.579528 0.0732735 0.0344838
763 0.579528 0.0840528 0.0378425
764 0.579528 0.086223 0.0374019
765 0.579528 0.0786082 0.0351122
766 0.579528 0.0948797 0.0396736
767 0.579528 0.078403 0.0344811
768 0.579528 0.0755878 0.0331091
769 0.579528 0.0785528 0.0341218
770 0.579528 0.0752785 0.0342749
771 0.579528 0.0738509 0.0345639
772 0.579528 0.0670998 0.032919
773 0.579528 0.0673858 0.0312841
774 0.579528 0.068775 0.0324026
775 0.579528 0.0794815 0.0356348
776 0.579528 0.0651349 0.0307046
777 0.579528 0.0735636 0.0327534
778 0.579528 0.0688577 0.0325005
779 0.579528 0.0827031 0.0356356
780 0.579528 0.0797073 0.036663
781 0.579528 0.0755884 0.0337652
782 0.579528 0.0724244 0.0326169
783 0.579528 0.074203 0.0349395
784 0.579528 0.0603833 0.0305399
785 0.579528 0.0683743 0.0324227
786 0.579528 0.0923702 0.0389935
787 0.579528 0.0727337 0.0344958
788 0.579528 0.0841522 0.0373369
789 0.579528 0.0656156 0.0305534
790 0.579528 0.0732337 0.0326493
791 0.579528 0.069483 0.0316762
792 0.579528 0.0635333 0.0305509
793 0.579528 0.068294 0.0311507
794 0.579528 0.0723031 0.0336674
795 0.579528 0.0686556 0.0314019
796 0.579528 0.0799575 0.0346275
797 0.579528 0.0696329 0.0322537
798 0.579528 0.0762804 0.0323256
799 0.579528 0.0765135 0.031786
800 0.579528 0.0834455 0.0359399
801 0.579528 0.0746491 0.0334575
802 0.579528 0.070822 0.0320195
803 0.579528 0.0663393 0.0317617
804 0.579528 0.0628535 0.031058
805 0.579528 0.0741302 0.0346037
806 0.579528 0.0644542 0.0306068
807 0.579528 0.0701905 0.0338804
808 0.579528 0.0854207 0.0373773
809 0.579528 0.0754058 0.0339414
810 0.579528 0.0784147 0.0328049
811 0.579528 0.0683892 0.0313874
812 0.579528 0.065345 0.0312516
813 0.579528 0.0664355 0.0330096
814 0.579528 0.0628817 0.0311406
815 0.579528 0.0702654 0.0321557
816 0.579528 0.0779576 0.0347641
817 0.579528 0.075362 0.0326437
818 0.579719 0.0777867 0.0373857
819 0.579719 0.0720128 0.0319167
820 0.579719 0.0870113 0.0352272
821 0.579719 0.086516 0.0354154
822 0.579719 0.0735307 0.032241
823 0.579719 0.0774827 0.0337648
824 0.579719 0.0803154 0.0349823
825 0.579719 0.078464 0.0335426
826 0.579719 0.0797765 0.035399
827 0.579719 0.0791428 0.035477
828 0.579719 0.0694734 0.0308368
829 0.579719 0.0780874 0.0331907
830 0.579719 0.0719222 0.0322885
831 0.579719 0.0781349 0.0337528
832 0.579719 0.0797459 0.0356205
833 0.579719 0.0839401 0.0365446
834 0.579719 0.0687029 0.0326448
835 0.579719 0.0705613 0.0327207
836 0.579719 0.0647282 0.0321848
837 0.579719 0.0770001 0.0363307
838 0.579719 0.0780641 0.0339228
839 0.579719 0.0734547 0.0337339
840 0.579719 0.0711127 0.0328341
841 0.579719 0.0642585 0.0315919
842 0.579719 0.082191 0.038597
843 0.579719 0.0822641 0.0355349
844 0.579719 0.0685705 0.0318558
845 0.579719 0.0701991 0.0332977
846 0.579719 0.0809247 0.035321
847 0.579719 0.0721007 0.0318792
848 0.579719 0.0783515 0.0329987
849 0.579719 0.0755143 0.0345409
850 0.579719 0.0678348 0.0323587
851 0.579719 0.0683086 0.0317237
852 0.579719 0.0671311 0.0320313
853 0.579719 0.0696989 0.0329643
854 0.579719 0.0716911 0.0339758
855 0.579719 0.0651735 0.0310592
856 0.579719 0.0751812 0.035189
857 0.579719 0.068162 0.0316375
858 0.579719 0.0718592 0.0333538
859 0.579719 0.0606739 0.0305249
860 0.579719 0.0629032 0.0308754
861 0.579719 0.0715851 0.0342092
862 0.579719 0.0779936 0.0359763
863 0.579719 0.0681224 0.0325023
864 0.579719 0.0783168 0.0358225
865 0.579719 0.0666932 0.0332681
866 0.579719 0.0727923 0.0341337
867 0.579719 0.0625216 0.0307348
868 0.579719 0.0743178 0.0326598
869 0.579719 0.0766356 0.0353504
870 0.579719 0.0795767 0.0337542
871 0.579719 0.0669602 0.0318704
872 0.579719 0.0705594 0.0339077
873 0.579719 0.0750635 0.0338862
874 0.579719 0.0744026 0.0356747
875 0.579719 0.0650044 0.0322709
876 0.579719 0.0704788 0.0330598
877 0.579719 0.0781484 0.0351439
878 0.579719 0.0752124 0.032833
879 0.579719 0.0759363 0.035181
880 0.579719 0.0769633 0.0327718
881 0.579719 0.0827255 0.0366347
882 0.579719 0.0688956 0.0326147
883 0.579719 0.075037 0.0359896
884 0.579719 0.070547 0.033749
885 0.579719 0.0644066 0.0307493
886 0.579719 0.0736964 0.0332697
887 0.579719 0.067867 0.0311653
888 0.579719 0.0637113 0.0313215
889 0.579719 0.0745334 0.0330705
890 0.579719 0.0662151 0.0311864
891 0.579719 0.0682927 0.0331364
892 0.579719 0.0775228 0.0345725
893 0.579719 0.0781896 0.034667
894 0.579719 0.0693405 0.0331233
895 0.579719 0.0780749 0.037451
896 0.579719 0.063804 0.031833
897 0.579719 0.0766152 0.0343892
898 0.579719 0.0827344 0.0369926
899 0.579719 0.0684671 0.0308667
900 0.579719 0.073753 0.0323499
901 0.579719 0.0721862 0.0315951
902 0.579719 0.0771504 0.0359106
903 0.579719 0.0781954 0.0363735
904 0.579719 0.0705593 0.0328827
905 0.579719 0.0658595 0.031036
906 0.579719 0.080003 0.0356229
907 0.579719 0.0630022 0.0313258
908 0.579719 0.0655986 0.0307081
909 0.579719 0.0723325 0.0331286
910 0.579719 0.0701369 0.034006
911 0.579719 0.069116 0.0321538
912 0.579719 0.0718382 0.0321606
913 0.579719 0.0775949 0.0331414
914 0.579719 0.0644687 0.0305671
915 0.579719 0.0826714 0.036626
916 0.579719 0.068504 0.0333295
917 0.579719 0.0700488 0.0332276
918 0.579719 0.0768517 0.0355718
919 0.579719 0.075736 0.0333843
920 0.579719 0.0790416 0.0350558
921 0.579719 0.0781487 0.0349249
922 0.579719 0.069199 0.0321507
923 0.579719 0.066907 0.0329078
924 0.579719 0.0738221 0.0349487
925 0.579719 0.0751638 0.0347666
926 0.579719 0.0670406 0.0309554
927 0.579719 0.0745606 0.0323848
928 0.579719 0.071689 0.0333157
929 0.579719 0.0712268 0.0319987
930 0.579719 0.0835082 0.0370787
931 0.579719 0.087937 0.0378737
932 0.579719 0.0859149 0.0390955
933 0.579719 0.0698753 0.0326654
934 0.579719 0.0765988 0.0372892
935 0.579719 0.0670453 0.0324225
936 0.579719 0.0720054 0.0337848
937 0.579719 0.0728192 0.033272
938 0.579719 0.0729032 0.0322281
939 0.579719 0.0813795 0.0345288
940 0.579719 0.0800604 0.0356205
941 0.579719 0.0800373 0.0356754
942 0.579719 0.0801755 0.0353783
943 0.579719 0.0786845 0.0339908
944 0.579719 0.0725147 0.0344247
945 0.579719 0.0684623 0.0316227
946 0.579719 0.0689761 0.0336177
947 0.579719 0.0764327 0.032891
948 0.579719 0.0789728 0.0335172
949 0.579719 0.0842112 0.0348797
950 0.579719 0.0706742 0.0313273
951 0.579719 0.0702898 0.0317015
952 0.579719 0.0729512 0.0337845
953 0.579719 0.0850855 0.0346406
954 0.579719 0.0868946 0.0388165
955 0.579719 0.0776198 0.035525
956 0.579719 0.0745257 0.0338317
957 0.579719 0.0653557 0.0309895
958 0.579719 0.0658527 0.0311764
959 0.579719 0.0682073 0.0332313
960 0.579719 0.0717537 0.0332219
961 0.579719 0.0702352 0.0329509
962 0.579719 0.0703372 0.0339429
963 0.579719 0.0612972 0.0304265
964 0.579719 0.0633686 0.0307447
965 0.579719 0.0603881 0.0304196
966 0.579719 0.0725974 0.0336383
967 0.579719 0.0842309 0.0363881
968 0.579719 0.0717306 0.0342612
969 0.579719 0.0730063 0.0331467
970 0.579719 0.0688639 0.0331978
971 0.579719 0.0650247 0.0319188
972 0.579719 0.0720137 0.0320206
973 0.579719 0.0798638 0.033864
974 0.579719 0.072894 0.0326909
975 0.579719 0.0698593 0.0340253
976 0.579719 0.0700943 0.0317142
977 0.579719 0.0902279 0.0387982
978 0.580526 0.0722047 0.0336671
979 0.580526 0.0751726 0.0332171
980 0.580526 0.0893359 0.0378401
981 0.580526 0.0671085 0.0323046
982 0.580526 0.0792302 0.0361267
983 0.580526 0.0855058 0.0373352
984 0.580526 0.0745689 0.0331029
985 0.580526 0.0795542 0.0357377
986 0.580526 0.0728522 0.0352792
987 0.580526 0.0678658 0.0324029
988 0.580526 0.0643225 0.0307917
989 0.580526 0.0649598 0.0331367
990 0.580526 0.0792693 0.0343159
991 0.580526 0.0753123 0.0346741
992 0.580526 0.0622549 0.0303973
993 0.580526 0.0750282 0.0332022
994 0.580526 0.0731039 0.0339246
995 0.580526 0.0813517 0.0349401
996 0.580526 0.0753622 0.0358233
997 0.580526 0.0652371 0.0311488
998 0.580526 0.080781 0.0379554
999 0.580526 0.0672332 0.030532
1000 0.580526 0.0648815 0.0313881
