0 0.125269 0.0563498 0.00391035
1 0.125269 0.0676224 0.00392541
2 0.204845 0.0746743 0.00396888
3 0.204845 0.0797816 0.00380374
4 0.250295 0.0872193 0.00381658
5 0.250295 0.086059 0.00386166
6 0.250295 0.0884254 0.00375906
7 0.250295 0.0849567 0.00388566
8 0.250295 0.0959486 0.00330564
9 0.35217 0.0996176 0.00383536
10 0.35217 0.10021 0.00427418
11 0.422788 0.11188 0.00640025
12 0.422788 0.123881 0.00712445
13 0.463774 0.127944 0.0101673
14 0.500934 0.13819 0.0153041
14 0.530903 0.0717587 0.0218716
15 0.530903 0.0748593 0.0234385
16 0.564101 0.0986421 0.0305334
17 0.564101 0.0808682 0.026838
18 0.564101 0.109072 0.0382038
19 0.564101 0.130649 0.0416011
20 0.564101 0.125463 0.0415422
21 0.564101 0.13555 0.0461401
22 0.564101 0.132918 0.0437226
23 0.578167 0.128572 0.0443247
24 0.579482 0.124596 0.0445889
25 0.579482 0.120867 0.041888
26 0.579482 0.147771 0.0496961
27 0.579482 0.116152 0.0404468
28 0.58912 0.139982 0.0481065
29 0.58912 0.165636 0.0508864
30 0.58912 0.201089 0.0533009
31 0.58912 0.208434 0.0540838
32 0.58912 0.169186 0.0466704
33 0.58912 0.174615 0.0540528
34 0.58912 0.170053 0.0474438
35 0.58912 0.172338 0.0463523
36 0.58912 0.160768 0.0433632
37 0.58912 0.166086 0.0473786
38 0.58912 0.181745 0.0529841
39 0.58912 0.215998 0.0553302
40 0.58912 0.167558 0.043043
41 0.58912 0.200589 0.0502831
42 0.58912 0.206834 0.0531371
43 0.58912 0.187966 0.0501649
44 0.58912 0.198934 0.050365
45 0.58912 0.212724 0.0546305
46 0.58912 0.197806 0.0514455
47 0.58912 0.209607 0.0534235
48 0.58912 0.187817 0.0548858
49 0.58912 0.159983 0.0473572
50 0.58912 0.168044 0.0516761
51 0.58912 0.207225 0.0550482
52 0.58912 0.21443 0.0530884
53 0.58912 0.235547 0.0502471
54 0.589185 0.242405 0.0551876
55 0.589185 0.221947 0.05512
56 0.589185 0.250936 0.0564307
57 0.589507 0.2365 0.0594272
58 0.589507 0.222229 0.0553917
59 0.589507 0.225808 0.0562286
60 0.589507 0.219064 0.0577556
61 0.589507 0.217285 0.0595832
62 0.589507 0.222572 0.0544839
63 0.589507 0.221135 0.0548939
64 0.589507 0.212388 0.0554799
65 0.589507 0.176359 0.0545238
66 0.589507 0.223 0.0565044
67 0.589507 0.176581 0.0501211
68 0.589507 0.194536 0.0541316
69 0.589507 0.219915 0.0534878
70 0.589507 0.217032 0.0559199
71 0.589507 0.239941 0.0525085
72 0.589507 0.235064 0.0506428
73 0.589507 0.234234 0.0501441
74 0.589507 0.239476 0.0541089
75 0.589507 0.227216 0.051152
76 0.589507 0.230954 0.05193
77 0.589507 0.212789 0.0518559
78 0.589507 0.240056 0.0534653
79 0.589507 0.231956 0.0540992
80 0.589507 0.225163 0.0534105
81 0.589507 0.236483 0.0582138
82 0.589507 0.209697 0.0560843
83 0.589507 0.199132 0.0524137
84 0.589507 0.221375 0.0537525
85 0.589507 0.194388 0.0523678
86 0.589507 0.192187 0.0529576
87 0.589507 0.183713 0.0528125
88 0.589507 0.216089 0.0541822
89 0.589507 0.223076 0.0520016
90 0.589507 0.243543 0.0514198
91 0.589507 0.24158 0.0619459
92 0.589507 0.26199 0.0593857
93 0.589507 0.234488 0.0555851
94 0.589507 0.216655 0.055547
95 0.589507 0.206849 0.0498756
96 0.589507 0.206484 0.0548467
97 0.589507 0.220606 0.0559434
98 0.589507 0.231502 0.0517393
99 0.589507 0.201103 0.0480693
100 0.589507 0.173628 0.0532811
101 0.589507 0.201379 0.0528616
102 0.589888 0.224845 0.0550984
103 0.589888 0.229003 0.0553077
104 0.589888 0.216115 0.0548108
105 0.589888 0.214759 0.0546527
106 0.589888 0.197263 0.0505392
107 0.589888 0.192134 0.0518945
108 0.589888 0.211387 0.0521097
109 0.589888 0.202812 0.0500574
110 0.589888 0.201019 0.0535604
111 0.589888 0.1916 0.0518682
112 0.589888 0.19178 0.0509996
113 0.589888 0.216813 0.0540942
114 0.589888 0.176305 0.0549663
115 0.589888 0.214215 0.0532848
116 0.589888 0.179343 0.0485643
117 0.589888 0.183214 0.0482103
118 0.589888 0.187749 0.0508104
119 0.589888 0.205014 0.0488616
120 0.589888 0.207342 0.055035
121 0.589888 0.201421 0.0523273
122 0.589888 0.180423 0.0530201
123 0.589888 0.206835 0.0558528
124 0.589888 0.235499 0.0506974
125 0.589888 0.223343 0.0540931
126 0.589888 0.201165 0.0568644
127 0.589888 0.215841 0.0543553
128 0.589888 0.20208 0.0530626
129 0.589888 0.187995 0.0512652
130 0.589888 0.172339 0.0501952
131 0.589888 0.157034 0.0469544
132 0.589888 0.188442 0.0503956
133 0.589888 0.197623 0.052235
134 0.589888 0.198103 0.0521331
135 0.589888 0.233508 0.0539592
136 0.589888 0.227991 0.0503083
137 0.589888 0.230129 0.0524439
138 0.589888 0.228471 0.0574759
139 0.589888 0.241452 0.0541535
140 0.589888 0.269332 0.053366
141 0.589888 0.216635 0.0524197
142 0.589888 0.215405 0.049691
143 0.589888 0.209016 0.0507839
144 0.589888 0.212674 0.050311
145 0.589888 0.190728 0.0502287
146 0.589888 0.185135 0.0486699
147 0.589888 0.177403 0.0529703
148 0.589888 0.1933 0.0519979
149 0.590308 0.233091 0.0542083
150 0.590308 0.227297 0.0545898
151 0.590308 0.203836 0.0488639
152 0.590308 0.20715 0.0523285
153 0.590308 0.210717 0.0517973
154 0.590308 0.247041 0.0567086
155 0.590308 0.229625 0.0535793
156 0.590308 0.204251 0.053013
157 0.590308 0.230958 0.053696
158 0.590308 0.213576 0.0537997
159 0.590308 0.215972 0.0512534
160 0.590308 0.212223 0.056192
161 0.590308 0.228917 0.0538553
162 0.590308 0.20657 0.0506318
163 0.590308 0.215297 0.0534918
164 0.590308 0.214705 0.0560528
165 0.590308 0.249881 0.0544167
166 0.590308 0.244949 0.0539804
167 0.590308 0.207905 0.0550319
168 0.590308 0.203051 0.0539699
169 0.590308 0.207669 0.055123
170 0.590308 0.195434 0.0536923
171 0.590308 0.196596 0.0510978
172 0.590308 0.21516 0.0525093
173 0.590308 0.187794 0.049764
174 0.590308 0.222935 0.0503953
175 0.590308 0.240056 0.0488823
176 0.590308 0.245623 0.0508656
177 0.590308 0.240375 0.0512682
178 0.590308 0.213534 0.0507567
179 0.590308 0.250439 0.0583153
180 0.590308 0.269886 0.0562299
181 0.590308 0.286075 0.0560616
182 0.590308 0.255672 0.0557674
183 0.590308 0.232332 0.0567542
184 0.590308 0.241617 0.0556526
185 0.590308 0.234857 0.0524142
186 0.590308 0.253599 0.0545982
187 0.590308 0.237808 0.0515306
188 0.590308 0.229046 0.0520122
189 0.590308 0.229658 0.0544801
190 0.590308 0.22191 0.0531354
191 0.590308 0.226934 0.058245
192 0.590308 0.227907 0.0532416
193 0.590308 0.208622 0.0521359
194 0.590308 0.23572 0.0549169
195 0.590308 0.240436 0.052642
196 0.590308 0.225653 0.0570365
197 0.590308 0.21534 0.0528353
198 0.590308 0.225197 0.0556028
199 0.590308 0.215744 0.0510131
200 0.590308 0.213724 0.0509195
201 0.590308 0.234359 0.0479804
202 0.590308 0.229487 0.0486022
203 0.590308 0.222893 0.0477134
204 0.590308 0.236103 0.0472314
205 0.590308 0.207664 0.0466684
206 0.590308 0.240044 0.0497026
207 0.590308 0.220867 0.050656
208 0.590308 0.222873 0.0521832
209 0.590308 0.21663 0.0460237
210 0.590308 0.216529 0.05217
211 0.590308 0.245619 0.0516663
212 0.590308 0.259875 0.0474615
213 0.590308 0.215865 0.0467654
214 0.590308 0.195767 0.0497178
215 0.590308 0.22263 0.0579919
216 0.590308 0.219146 0.055266
217 0.590308 0.221366 0.0548751
218 0.590308 0.225134 0.0503694
219 0.590308 0.202553 0.0458354
220 0.590308 0.164481 0.0491971
221 0.590308 0.17211 0.0519528
222 0.590308 0.186405 0.0489776
223 0.590308 0.194551 0.0501895
224 0.590308 0.199955 0.0567237
225 0.590308 0.235963 0.0546498
226 0.590308 0.21721 0.0568864
227 0.590308 0.19876 0.0521613
228 0.590308 0.2127 0.0545905
229 0.590308 0.202619 0.0541811
230 0.590308 0.216039 0.0537972
231 0.590308 0.211359 0.0538759
232 0.590308 0.219952 0.0582625
233 0.590308 0.208582 0.0561279
234 0.590308 0.185186 0.0496141
235 0.590308 0.223872 0.0550795
236 0.590308 0.24613 0.0571379
237 0.590308 0.231372 0.0543941
238 0.590308 0.219983 0.0555075
239 0.590308 0.184875 0.0522943
240 0.591471 0.195841 0.0529489
241 0.591471 0.193766 0.0499088
242 0.591471 0.201673 0.0546075
243 0.591471 0.174376 0.0486857
244 0.591471 0.198948 0.0478648
245 0.591471 0.216739 0.0486182
246 0.591471 0.225653 0.0524875
247 0.591471 0.227436 0.0502164
248 0.591471 0.232888 0.0511487
249 0.591471 0.239429 0.0501606
250 0.591471 0.22163 0.051789
251 0.591471 0.218838 0.0475737
252 0.591471 0.213656 0.0520235
253 0.591471 0.218426 0.0513507
254 0.591471 0.215574 0.0524905
255 0.591471 0.2036 0.0538981
256 0.591471 0.228046 0.0559937
257 0.591471 0.226233 0.0501302
258 0.591471 0.232392 0.0549311
259 0.591471 0.22765 0.055514
260 0.591471 0.224481 0.0548372
261 0.591471 0.232344 0.0529585
262 0.591471 0.239229 0.0574021
263 0.591471 0.247775 0.0521746
264 0.591471 0.215353 0.0497598
265 0.591471 0.227187 0.055696
266 0.591471 0.230802 0.0558757
267 0.591471 0.213364 0.0562687
268 0.591471 0.228314 0.0602149
269 0.591471 0.228135 0.053873
270 0.591471 0.224644 0.0534692
271 0.591471 0.244001 0.0543903
272 0.591471 0.230211 0.0528211
273 0.591471 0.223967 0.0474477
274 0.591471 0.221961 0.0503097
275 0.591471 0.205737 0.0495693
276 0.591471 0.227461 0.053385
277 0.591471 0.240142 0.0551137
278 0.591471 0.258695 0.0536316
279 0.591471 0.221046 0.0565652
280 0.591471 0.204637 0.0559632
281 0.591471 0.193181 0.0566448
282 0.591471 0.228428 0.0579448
283 0.591471 0.196042 0.0517817
284 0.591471 0.232739 0.056156
285 0.591471 0.249758 0.0559531
286 0.591471 0.240617 0.0549304
287 0.591471 0.211273 0.058728
288 0.591471 0.234166 0.0563763
289 0.592092 0.258559 0.0540446
290 0.592092 0.24816 0.056701
291 0.592092 0.240717 0.0560904
292 0.592092 0.240608 0.0545636
293 0.592092 0.217776 0.0556043
294 0.592092 0.206108 0.0501062
295 0.592092 0.206167 0.0543726
296 0.592092 0.223226 0.0599911
297 0.592092 0.219885 0.0546531
298 0.592092 0.237301 0.0526839
299 0.592092 0.223088 0.0532236
300 0.592092 0.204386 0.0529788
301 0.592092 0.192978 0.0498103
302 0.592092 0.20744 0.0527309
303 0.592092 0.201172 0.0553256
304 0.592092 0.218105 0.0514045
305 0.592092 0.245967 0.0504659
306 0.592092 0.237943 0.0566288
307 0.592092 0.225001 0.0584852
308 0.592092 0.209588 0.0528773
309 0.592092 0.175095 0.0490724
310 0.592092 0.189116 0.055047
311 0.592092 0.195487 0.0546037
312 0.592092 0.216562 0.0498481
313 0.592092 0.211008 0.0503247
314 0.592092 0.222736 0.0532299
315 0.592092 0.228586 0.0486278
316 0.592194 0.240852 0.0527491
317 0.592194 0.205113 0.0498945
318 0.592194 0.217855 0.0535388
319 0.592194 0.205848 0.0510932
320 0.592194 0.216096 0.0535663
321 0.592194 0.224253 0.0517299
322 0.592194 0.193163 0.0525736
323 0.592194 0.210376 0.0546199
324 0.592194 0.228172 0.0544952
325 0.592194 0.215562 0.0531943
326 0.592194 0.217527 0.0480892
327 0.592194 0.215589 0.0516642
328 0.592194 0.210392 0.0513233
329 0.592194 0.222848 0.0553879
330 0.592194 0.216633 0.0520053
331 0.592194 0.200421 0.0484524
332 0.592194 0.200506 0.0484973
333 0.592194 0.208055 0.05057
334 0.592194 0.209337 0.0507339
335 0.592194 0.17582 0.0541228
336 0.592194 0.187555 0.0488445
337 0.592194 0.168907 0.0450807
338 0.592194 0.185393 0.0482778
339 0.592194 0.203827 0.0551008
340 0.592194 0.193824 0.0540916
341 0.592194 0.200735 0.0518922
342 0.592194 0.226816 0.0569066
343 0.592194 0.225349 0.0543861
344 0.592194 0.243929 0.0522251
345 0.592194 0.200506 0.0529212
346 0.592194 0.217685 0.0552112
347 0.592194 0.234838 0.0526962
348 0.592194 0.223619 0.0524164
349 0.592194 0.188658 0.0531928
350 0.592194 0.192146 0.0505506
351 0.592194 0.191501 0.0477165
352 0.592194 0.202672 0.0508577
353 0.592194 0.190889 0.0499251
354 0.592194 0.206949 0.0532245
355 0.592194 0.212427 0.0558999
356 0.592194 0.210305 0.0516774
357 0.592194 0.171623 0.0519797
358 0.592194 0.182094 0.0511709
359 0.592194 0.177627 0.0566077
360 0.592194 0.176888 0.0563749
361 0.592194 0.195313 0.0545235
362 0.592194 0.190704 0.0537634
363 0.592194 0.216954 0.0590708
364 0.592194 0.24011 0.054882
365 0.592194 0.231464 0.0557775
366 0.592194 0.235599 0.0522177
367 0.592194 0.232012 0.05334
368 0.593533 0.234708 0.0562897
369 0.593533 0.248429 0.0553032
370 0.593533 0.212118 0.051703
371 0.593533 0.217718 0.0540418
372 0.593533 0.180314 0.0486019
373 0.593533 0.183968 0.0497319
374 0.593533 0.175312 0.0508344
375 0.593533 0.211381 0.0581132
376 0.593533 0.208263 0.0550432
377 0.593533 0.19423 0.0533656
378 0.593533 0.207567 0.0507741
379 0.593533 0.185473 0.0506654
380 0.593533 0.194853 0.0533529
381 0.593533 0.178442 0.049605
382 0.593533 0.202725 0.0487981
383 0.593533 0.224281 0.0572577
384 0.593533 0.20789 0.0547031
385 0.593533 0.219287 0.0531449
386 0.593533 0.215646 0.0505465
387 0.59565 0.202224 0.0499834
388 0.59565 0.20044 0.0482224
389 0.59565 0.222004 0.0530865
390 0.59565 0.230119 0.056194
391 0.596119 0.20671 0.0539521
392 0.596119 0.210063 0.0538472
393 0.596119 0.200164 0.0526893
394 0.596119 0.213538 0.0539725
395 0.596119 0.185998 0.050127
396 0.596119 0.203564 0.0509316
397 0.596119 0.202753 0.0553504
398 0.596119 0.240057 0.0648682
399 0.596119 0.205283 0.0568157
400 0.596119 0.205749 0.0590488
401 0.596119 0.187856 0.0544982
402 0.596119 0.215417 0.0553645
403 0.596119 0.192087 0.0564947
404 0.596119 0.190039 0.0518791
405 0.596119 0.196191 0.052868
406 0.596119 0.185926 0.0503583
407 0.596119 0.210909 0.0520817
408 0.597067 0.208203 0.0545308
409 0.597067 0.165354 0.0500471
410 0.597067 0.177013 0.0525504
411 0.597067 0.220253 0.0544855
412 0.597067 0.190158 0.0581988
413 0.597067 0.176244 0.0494439
414 0.597067 0.206791 0.0531846
415 0.597067 0.17589 0.0502842
416 0.597067 0.177379 0.0567244
417 0.597067 0.188197 0.0521343
418 0.597067 0.184938 0.0513385
419 0.597067 0.188994 0.056229
420 0.597067 0.21159 0.0556923
421 0.597067 0.214674 0.0549727
422 0.597067 0.208642 0.0565871
423 0.597067 0.222554 0.056401
424 0.597067 0.218819 0.0545341
425 0.597067 0.215927 0.054744
426 0.597067 0.227012 0.0519523
427 0.597067 0.231258 0.0542418
428 0.598498 0.208798 0.0518617
429 0.598498 0.212786 0.0528894
430 0.598498 0.217249 0.0546817
431 0.598498 0.201371 0.0538129
432 0.598498 0.197945 0.053609
433 0.598498 0.206947 0.0539006
434 0.598498 0.211758 0.0532745
435 0.598498 0.200839 0.0518522
436 0.598498 0.209169 0.0509758
437 0.598498 0.229496 0.0530474
438 0.598498 0.228687 0.0587568
439 0.598498 0.202289 0.0540326
440 0.601341 0.206424 0.0551749
441 0.601341 0.210607 0.0525687
442 0.601341 0.203995 0.0503136
443 0.601341 0.213763 0.0539216
444 0.601341 0.211129 0.0522102
445 0.601341 0.186837 0.049624
446 0.601341 0.201018 0.0533283
447 0.601341 0.191796 0.0540644
448 0.601341 0.185895 0.0522514
449 0.601341 0.206942 0.0547437
450 0.601341 0.241089 0.0544038
451 0.601341 0.224114 0.0518586
452 0.601341 0.204479 0.0545169
453 0.601341 0.208636 0.051962
454 0.601341 0.233687 0.0608296
455 0.604207 0.218253 0.0609539
456 0.604207 0.210965 0.0590112
457 0.604207 0.222895 0.0526617
458 0.604207 0.224128 0.0531294
459 0.604207 0.240441 0.0588636
460 0.604207 0.222546 0.0583785
461 0.604207 0.244383 0.0570615
462 0.604207 0.226888 0.0544817
463 0.604207 0.208397 0.0556852
464 0.604207 0.224493 0.0572397
465 0.604207 0.215363 0.0574772
466 0.604207 0.202561 0.0576172
467 0.604207 0.222223 0.0563731
468 0.604207 0.205607 0.0572476
469 0.604207 0.186821 0.0558422
470 0.604207 0.191167 0.0573359
471 0.604207 0.199967 0.0575437
472 0.604207 0.207233 0.0559292
473 0.604207 0.212911 0.0576068
474 0.604207 0.237782 0.0587532
475 0.604207 0.248586 0.0585245
476 0.604207 0.226505 0.0604217
477 0.604207 0.219885 0.0548754
478 0.604207 0.212067 0.0589866
479 0.604207 0.222243 0.0517619
480 0.604207 0.246489 0.0550471
481 0.604207 0.238636 0.0522719
482 0.604207 0.246479 0.0579562
483 0.604207 0.262916 0.0517621
484 0.604207 0.263864 0.0520498
485 0.604207 0.241297 0.0530989
486 0.604207 0.231722 0.0543392
487 0.604207 0.230279 0.0538312
488 0.604207 0.24331 0.0589841
489 0.604207 0.270969 0.0580959
490 0.604207 0.239537 0.0549294
491 0.604207 0.259458 0.0555079
492 0.604207 0.23791 0.0507979
493 0.604207 0.238861 0.0616032
494 0.604207 0.236022 0.0573117
495 0.604207 0.241998 0.0568433
496 0.604207 0.258743 0.0576301
497 0.604207 0.222403 0.0550059
498 0.604207 0.232665 0.0584046
499 0.604207 0.192622 0.0567066
500 0.604207 0.220114 0.0563767
501 0.604207 0.203959 0.0584202
502 0.604207 0.224308 0.0571167
503 0.604207 0.223924 0.0547202
504 0.604207 0.237937 0.0510819
505 0.604207 0.253303 0.0542076
506 0.604207 0.204972 0.0509176
507 0.604207 0.258991 0.0499472
508 0.604207 0.250827 0.0514558
509 0.604207 0.248329 0.0568559
510 0.604207 0.20746 0.0572962
511 0.604207 0.251028 0.0568093
512 0.604207 0.240691 0.0538223
513 0.604207 0.249496 0.0585399
514 0.604207 0.26846 0.0587244
515 0.604207 0.27691 0.0517227
516 0.605207 0.269431 0.0522588
517 0.605207 0.233309 0.0560371
518 0.605207 0.261151 0.0491903
519 0.605207 0.259014 0.0530273
520 0.605207 0.25318 0.0529655
521 0.605207 0.266411 0.0560539
522 0.605207 0.235989 0.0594514
523 0.605207 0.229453 0.0532277
524 0.605207 0.259245 0.0549225
525 0.605207 0.259428 0.0530327
526 0.605207 0.252972 0.0575994
527 0.605207 0.241989 0.0548452
528 0.605207 0.234294 0.0538431
529 0.605207 0.24955 0.0576826
530 0.605207 0.222694 0.0546929
531 0.605207 0.226778 0.0579832
532 0.605207 0.249521 0.0562707
533 0.605207 0.237553 0.0567379
534 0.605207 0.198868 0.0500223
535 0.605207 0.211537 0.0493653
536 0.605207 0.215278 0.0561586
537 0.605207 0.222974 0.0584224
538 0.605207 0.190839 0.0539765
539 0.605207 0.173835 0.0480059
540 0.605207 0.190674 0.0524682
541 0.605207 0.210452 0.0531492
542 0.605207 0.21163 0.0573913
543 0.605207 0.219582 0.0549942
544 0.605207 0.225349 0.0553819
545 0.606876 0.216848 0.0583069
546 0.606876 0.192976 0.0579752
547 0.606876 0.20221 0.0556371
548 0.606876 0.184107 0.0515559
549 0.607069 0.196402 0.0584823
550 0.607069 0.187861 0.0588072
551 0.607069 0.199868 0.0567799
552 0.607069 0.169258 0.0522725
553 0.607069 0.165637 0.0518271
554 0.607069 0.211335 0.058101
555 0.607069 0.22724 0.0576427
556 0.607069 0.228126 0.0618349
557 0.609434 0.201431 0.0580204
558 0.609434 0.210513 0.0553403
559 0.609434 0.209863 0.0534077
560 0.609434 0.183805 0.0549185
561 0.609434 0.202377 0.0541024
562 0.609434 0.186144 0.0538578
563 0.609434 0.203467 0.0563492
564 0.609434 0.189214 0.05542
565 0.609434 0.205178 0.0546953
566 0.609434 0.211059 0.0584593
567 0.609434 0.194134 0.0584974
568 0.609434 0.207526 0.0551954
569 0.609434 0.216235 0.0564288
570 0.609434 0.226869 0.0585281
571 0.609434 0.221041 0.0567431
572 0.609434 0.214631 0.0552539
573 0.609434 0.213462 0.0545025
574 0.609434 0.211185 0.0542861
575 0.609434 0.20654 0.0534613
576 0.609434 0.196266 0.0525338
577 0.609434 0.172996 0.0489331
578 0.609434 0.185214 0.0527932
579 0.609434 0.198202 0.0503114
580 0.609434 0.216822 0.0554186
581 0.609434 0.229418 0.0603066
582 0.609434 0.197524 0.0549024
583 0.609434 0.214269 0.0630226
584 0.609434 0.222748 0.0581676
585 0.609434 0.214682 0.0520937
586 0.609434 0.221713 0.058037
587 0.609434 0.21457 0.0609547
588 0.609434 0.22766 0.0625451
589 0.609434 0.189495 0.0573963
590 0.609434 0.188385 0.053963
591 0.609434 0.179127 0.0549001
592 0.609434 0.17531 0.0525848
593 0.609434 0.196798 0.0563204
594 0.609434 0.219256 0.0593255
595 0.609434 0.225557 0.0627338
596 0.609434 0.24988 0.0627077
597 0.609434 0.239853 0.0579435
598 0.609434 0.217613 0.0571376
599 0.609434 0.186792 0.0549327
600 0.609434 0.181968 0.0564649
601 0.609434 0.19752 0.0552346
602 0.609434 0.194694 0.0587682
603 0.609434 0.205423 0.0588712
604 0.609434 0.21367 0.0594252
605 0.609434 0.223926 0.0573782
606 0.609434 0.217547 0.0576495
607 0.609434 0.183408 0.051952
608 0.609434 0.191804 0.0513151
609 0.609434 0.225848 0.0599604
610 0.609434 0.257994 0.0644307
611 0.609434 0.223008 0.0557544
612 0.609434 0.212786 0.0591317
613 0.609434 0.164346 0.0527598
614 0.609434 0.183911 0.0521391
615 0.609434 0.192006 0.0530127
616 0.609434 0.191134 0.0568305
617 0.609434 0.187856 0.0536303
618 0.609434 0.191313 0.0549365
619 0.609434 0.192589 0.0570156
620 0.609434 0.208014 0.0558113
621 0.609434 0.196942 0.05518
622 0.609434 0.187256 0.0540187
623 0.609434 0.186873 0.052099
624 0.609434 0.184497 0.0549258
625 0.609434 0.211373 0.0613399
626 0.609434 0.205323 0.0531736
627 0.609434 0.200805 0.0542392
628 0.609434 0.214024 0.0540634
629 0.609434 0.194784 0.0529747
630 0.609434 0.200532 0.0511967
631 0.609434 0.194632 0.0555781
632 0.609434 0.178013 0.0529934
633 0.609434 0.223718 0.0625373
634 0.609434 0.207736 0.0565831
635 0.609434 0.201582 0.064288
636 0.609434 0.175942 0.0540831
637 0.609434 0.188992 0.052279
638 0.609434 0.189432 0.052274
639 0.609434 0.183537 0.0485128
640 0.609434 0.203989 0.0514821
641 0.609434 0.192515 0.0588949
642 0.609434 0.184861 0.0556651
643 0.609434 0.189621 0.0576266
644 0.609434 0.203466 0.0596127
645 0.609434 0.199027 0.054092
646 0.609434 0.203671 0.060159
647 0.609434 0.203486 0.0569733
648 0.609434 0.248096 0.0645065
649 0.609434 0.197435 0.0568197
650 0.609434 0.216055 0.0573215
651 0.609434 0.222013 0.0584653
652 0.609434 0.2192 0.0613126
653 0.609434 0.228545 0.0608494
654 0.609434 0.207828 0.059765
655 0.609434 0.196246 0.0569516
656 0.609434 0.195267 0.0545802
657 0.609434 0.215985 0.0589188
658 0.609434 0.217262 0.0565851
659 0.609434 0.216115 0.0556343
660 0.609434 0.205481 0.055378
661 0.609434 0.202657 0.0570454
662 0.609434 0.210768 0.0588923
663 0.609434 0.224182 0.0588451
664 0.609434 0.223 0.0563351
665 0.609434 0.221706 0.0578623
666 0.609434 0.174675 0.0531954
667 0.609434 0.175404 0.0552486
668 0.609434 0.161078 0.0540864
669 0.609434 0.205712 0.0587239
670 0.609434 0.193943 0.0546745
671 0.609434 0.184475 0.0558904
672 0.609718 0.19053 0.0558776
673 0.609718 0.213596 0.0579403
674 0.609718 0.219987 0.0593916
675 0.609718 0.197373 0.0557706
676 0.609718 0.212623 0.0598292
677 0.609718 0.246581 0.0582544
678 0.609718 0.221338 0.0599323
679 0.609718 0.227894 0.0622049
680 0.609718 0.223818 0.0572047
681 0.609718 0.205048 0.0594754
682 0.609718 0.218286 0.0621775
683 0.609718 0.199605 0.0568603
684 0.609718 0.195307 0.0586852
685 0.609718 0.188881 0.062832
686 0.609718 0.177708 0.0573839
687 0.609718 0.165839 0.0525281
688 0.609718 0.17336 0.0500058
689 0.609718 0.159231 0.0525782
690 0.609718 0.16848 0.0546331
691 0.609718 0.187546 0.0585425
692 0.609718 0.192259 0.0553918
693 0.609718 0.19937 0.0593766
694 0.609718 0.187714 0.0542293
695 0.609718 0.208989 0.0566976
696 0.609718 0.235747 0.064383
697 0.609718 0.201361 0.0596855
698 0.609718 0.186858 0.057849
699 0.609718 0.208176 0.0636256
700 0.609718 0.172115 0.0563001
701 0.609718 0.177583 0.0517013
702 0.609718 0.193707 0.0527375
703 0.609718 0.20695 0.0584163
704 0.609718 0.196314 0.0558804
705 0.609718 0.173591 0.0547678
706 0.609718 0.202253 0.055835
707 0.609718 0.223164 0.0586948
708 0.609718 0.220341 0.0604013
709 0.609718 0.224266 0.061452
710 0.609718 0.238186 0.0578157
711 0.609718 0.222136 0.055971
712 0.609718 0.222305 0.0594529
713 0.609718 0.204475 0.0524249
714 0.609718 0.198761 0.0522434
715 0.609718 0.226359 0.0566038
716 0.609718 0.229586 0.0580389
717 0.609718 0.238858 0.0569808
718 0.609718 0.239208 0.0580813
719 0.609718 0.229405 0.0552049
720 0.609718 0.239759 0.0542449
721 0.609718 0.247307 0.0522604
722 0.609718 0.218723 0.0518386
723 0.609718 0.213192 0.0524426
724 0.609718 0.221792 0.058077
725 0.609718 0.231394 0.0578339
726 0.609718 0.205824 0.0566052
727 0.609718 0.222849 0.0595694
728 0.609718 0.212203 0.0565092
729 0.609718 0.179259 0.0559482
730 0.609718 0.200474 0.0532789
731 0.609718 0.193001 0.0605219
732 0.609718 0.194954 0.0610653
733 0.609718 0.198975 0.0582095
734 0.609718 0.174344 0.0528326
735 0.609718 0.192175 0.0594591
736 0.609718 0.17092 0.0543221
737 0.609718 0.165561 0.0563914
738 0.609718 0.195177 0.059513
739 0.609718 0.209049 0.0604415
740 0.609718 0.216608 0.0613114
741 0.609718 0.20863 0.0583776
742 0.609718 0.176835 0.0596349
743 0.609718 0.214653 0.0672079
744 0.609718 0.192506 0.0593592
745 0.609718 0.204894 0.0564916
746 0.609718 0.230435 0.0613757
747 0.609718 0.2083 0.0576603
748 0.609718 0.207833 0.0623899
749 0.609718 0.202939 0.0604706
750 0.609718 0.205093 0.0584914
751 0.609718 0.178904 0.0582701
752 0.609718 0.211344 0.0595292
753 0.609718 0.216263 0.0531986
754 0.609718 0.187026 0.0495823
755 0.609718 0.18495 0.0520124
756 0.609718 0.183682 0.0546059
757 0.609718 0.199974 0.0549911
758 0.609718 0.196155 0.0551213
759 0.609718 0.181493 0.0549494
760 0.609718 0.201795 0.0526964
761 0.609718 0.193292 0.0504306
762 0.609718 0.230717 0.0556783
763 0.609718 0.20568 0.0547385
764 0.609718 0.190352 0.0530368
765 0.609718 0.21817 0.0557803
766 0.609718 0.20154 0.0519674
767 0.609718 0.16172 0.0469295
768 0.609718 0.190256 0.0513495
769 0.609718 0.194013 0.0524816
770 0.609718 0.174737 0.0530061
771 0.609718 0.191436 0.0540682
772 0.609718 0.200542 0.0536519
773 0.609718 0.202172 0.0559312
774 0.609718 0.21742 0.0587279
775 0.609718 0.196056 0.0551856
776 0.609718 0.201291 0.0568674
777 0.609718 0.214382 0.058386
778 0.609718 0.21803 0.0554834
779 0.609718 0.203834 0.0574588
780 0.609718 0.21086 0.0590408
781 0.609718 0.186914 0.0581004
782 0.609718 0.213757 0.057704
783 0.609718 0.194056 0.0568159
784 0.609718 0.195289 0.0543638
785 0.609718 0.181103 0.0523301
786 0.609718 0.205117 0.0565559
787 0.609718 0.1867 0.0570352
788 0.609718 0.205338 0.0575346
789 0.609718 0.19346 0.0563154
790 0.609718 0.224229 0.061872
791 0.609718 0.227743 0.059022
792 0.609718 0.202868 0.0605582
793 0.609718 0.193458 0.0553642
794 0.609718 0.20231 0.0547152
795 0.609718 0.239491 0.0644048
796 0.609718 0.208526 0.0593105
797 0.609718 0.203669 0.0584959
798 0.609718 0.152308 0.0528914
799 0.609718 0.174433 0.0597413
800 0.609718 0.176989 0.0563961
801 0.609718 0.201987 0.0587829
802 0.609718 0.166933 0.0546398
803 0.609718 0.195055 0.0591764
804 0.609718 0.186644 0.0569818
805 0.609718 0.17105 0.0529519
806 0.609718 0.196383 0.0562742
807 0.609718 0.176371 0.0573652
808 0.609718 0.195094 0.0545884
809 0.609718 0.22752 0.0578106
810 0.609718 0.197353 0.0541368
811 0.609718 0.193363 0.0599146
812 0.609718 0.178968 0.0545961
813 0.609718 0.197771 0.0610832
814 0.609718 0.190446 0.0603725
815 0.609718 0.214939 0.0615274
816 0.609718 0.17306 0.0576195
817 0.609718 0.20309 0.0615707
818 0.609718 0.205355 0.062204
819 0.609718 0.209573 0.0560128
820 0.609718 0.181085 0.0577913
821 0.609718 0.174189 0.0534834
822 0.609718 0.218604 0.0574816
823 0.609718 0.223582 0.0598956
824 0.609718 0.202485 0.056061
825 0.609718 0.234225 0.0569878
826 0.609718 0.244073 0.0563629
827 0.609718 0.245276 0.0614833
828 0.609718 0.23353 0.0603124
829 0.609718 0.231949 0.0607298
830 0.609718 0.237359 0.057105
831 0.609718 0.252305 0.0579785
832 0.609718 0.214314 0.0598572
833 0.609718 0.210488 0.0581942
834 0.609718 0.20387 0.0546832
835 0.609718 0.194304 0.0519264
836 0.609718 0.196076 0.0573574
837 0.609718 0.199749 0.0593238
838 0.609718 0.223935 0.0593331
839 0.609718 0.218399 0.0617003
840 0.609718 0.183842 0.0543536
841 0.609718 0.183687 0.0555945
842 0.609718 0.201608 0.0580916
843 0.609718 0.239105 0.05845
844 0.609718 0.240668 0.061309
845 0.609718 0.220207 0.057468
846 0.609718 0.20835 0.0623838
847 0.609718 0.249504 0.0644718
848 0.609718 0.184407 0.0602529
849 0.609718 0.208829 0.0612471
850 0.609718 0.233242 0.0609471
851 0.609718 0.227015 0.0609317
852 0.609718 0.241525 0.0599997
853 0.609718 0.217691 0.0561541
854 0.609718 0.211562 0.0593238
855 0.609718 0.192587 0.0542731
856 0.609718 0.186991 0.0500065
857 0.609718 0.195207 0.0564279
858 0.609718 0.199647 0.056862
859 0.609841 0.186616 0.0551676
860 0.609841 0.199349 0.0569577
861 0.609841 0.186032 0.0552244
862 0.609841 0.180623 0.0585474
863 0.609841 0.201114 0.0597592
864 0.609841 0.227847 0.0586368
865 0.609841 0.205616 0.0553263
866 0.609841 0.184249 0.0551422
867 0.609841 0.179576 0.0528549
868 0.609841 0.194137 0.0581933
869 0.609841 0.203045 0.0601468
870 0.609841 0.201062 0.0563437
871 0.609841 0.195034 0.0515829
872 0.609841 0.231399 0.0532009
873 0.609841 0.210984 0.057845
874 0.609841 0.209034 0.0546963
875 0.609841 0.199917 0.0536648
876 0.609841 0.215662 0.0582425
877 0.609841 0.21101 0.0501693
878 0.609841 0.211474 0.05681
879 0.609841 0.208701 0.050334
880 0.609841 0.193885 0.0542722
881 0.609841 0.199495 0.0529432
882 0.609841 0.206915 0.0555137
883 0.609841 0.23017 0.0557945
884 0.609841 0.209744 0.0583451
885 0.609841 0.191074 0.059016
886 0.609841 0.18335 0.0580783
887 0.609841 0.194327 0.0579539
888 0.609841 0.199018 0.0519184
889 0.609841 0.218499 0.0530677
890 0.609841 0.240465 0.0511583
891 0.609841 0.229698 0.0520844
892 0.609841 0.226872 0.0573274
893 0.609841 0.224354 0.0543355
894 0.609841 0.240108 0.0584009
895 0.609841 0.186848 0.0542894
896 0.609841 0.196339 0.0536846
897 0.609841 0.208114 0.0548715
898 0.609841 0.224479 0.0585319
899 0.609841 0.226194 0.0576405
900 0.609841 0.208724 0.0594033
901 0.609841 0.217623 0.0565786
902 0.609841 0.180618 0.0530018
903 0.609841 0.204996 0.057025
904 0.609841 0.198294 0.0559388
905 0.609841 0.202834 0.0563818
906 0.609841 0.196739 0.0586518
907 0.609841 0.183683 0.0522363
908 0.609841 0.196931 0.0556882
909 0.609841 0.18504 0.0540704
910 0.609841 0.200771 0.0557063
911 0.609841 0.176906 0.05787
912 0.609841 0.187961 0.0564712
913 0.609841 0.175492 0.0511054
914 0.609841 0.205483 0.0548432
915 0.609841 0.195347 0.0539005
916 0.609841 0.191788 0.0563471
917 0.609841 0.182862 0.0543191
918 0.609841 0.207828 0.0574883
919 0.609841 0.223599 0.0557097
920 0.609841 0.216974 0.0575738
921 0.609841 0.194139 0.0566525
922 0.609841 0.212938 0.0548603
923 0.609841 0.226529 0.0601057
924 0.609841 0.215396 0.0556399
925 0.609841 0.227188 0.0591527
926 0.609841 0.227963 0.0585084
927 0.609841 0.20602 0.0505473
928 0.609841 0.21989 0.0558749
929 0.609841 0.188768 0.0528514
930 0.609841 0.199092 0.0549834
931 0.609841 0.243442 0.0596194
932 0.609841 0.233806 0.0577088
933 0.609841 0.227976 0.0523017
934 0.609841 0.199779 0.0589329
935 0.609841 0.211791 0.0585378
936 0.609841 0.198344 0.0529497
937 0.609841 0.199438 0.0594002
938 0.609841 0.211585 0.0587685
939 0.609841 0.178796 0.0547503
940 0.609841 0.198139 0.058805
941 0.609841 0.194252 0.0598539
942 0.609841 0.194086 0.058657
943 0.609841 0.176106 0.0527811
944 0.609841 0.188189 0.0563441
945 0.609841 0.210666 0.0574548
946 0.609841 0.2048 0.0592129
947 0.609841 0.228964 0.0598202
948 0.609841 0.212589 0.0623728
949 0.609841 0.222675 0.0576561
950 0.609841 0.208979 0.0582943
951 0.609841 0.19862 0.0551462
952 0.609841 0.183779 0.0571271
953 0.609841 0.172629 0.0546292
954 0.609841 0.203504 0.0561644
955 0.609841 0.200749 0.0625021
956 0.609841 0.196931 0.0552111
957 0.609841 0.199084 0.0593842
958 0.609841 0.192194 0.0598465
959 0.610239 0.209587 0.0606462
960 0.610239 0.221034 0.059429
961 0.610239 0.204433 0.062558
962 0.610239 0.193191 0.0585374
963 0.610239 0.20233 0.0575768
964 0.610239 0.19787 0.0590113
965 0.610239 0.184742 0.0574598
966 0.610239 0.190214 0.0561705
967 0.610239 0.205622 0.0607237
968 0.610239 0.212622 0.0605341
969 0.610239 0.225968 0.0613814
970 0.610239 0.229356 0.0570824
971 0.610239 0.224766 0.0522441
972 0.610239 0.213196 0.0587894
973 0.610239 0.190988 0.0580165
974 0.610239 0.173706 0.0518613
975 0.610239 0.194619 0.0604569
976 0.610239 0.158766 0.0483753
977 0.610239 0.168282 0.0529609
978 0.610239 0.214672 0.0632072
979 0.610239 0.189296 0.0567074
980 0.610239 0.207729 0.0605835
981 0.610239 0.168774 0.0562388
982 0.610239 0.152082 0.050041
983 0.610239 0.177289 0.0527752
984 0.610239 0.15492 0.0541602
985 0.610239 0.179811 0.0613539
986 0.610239 0.180457 0.0566231
987 0.610239 0.20065 0.0573526
988 0.610239 0.160766 0.0495924
989 0.610239 0.167 0.0522626
990 0.610239 0.24327 0.0629988
991 0.610239 0.224968 0.0564048
992 0.610239 0.218549 0.0564789
993 0.610239 0.199984 0.052524
994 0.610239 0.209748 0.06312
995 0.610239 0.199869 0.0559684
996 0.610239 0.162132 0.0527149
997 0.610239 0.178905 0.055266
998 0.610239 0.16873 0.0504017
999 0.610239 0.195196 0.0570918
1000 0.610239 0.175491 0.0576933
