0 0.125976 0.0613158 0.00395186
1 0.125976 0.0638599 0.0039505
2 0.126529 0.0677076 0.00392051
3 0.127266 0.0703586 0.00387532
4 0.127266 0.0727199 0.00384845
5 0.127266 0.0765805 0.00374315
6 0.128644 0.0767886 0.00372473
7 0.128644 0.077795 0.00372299
8 0.128644 0.0903119 0.0031912
9 0.128644 0.0855569 0.00340771
10 0.128644 0.0866733 0.0033697
11 0.131132 0.0854794 0.00344482
12 0.131132 0.0915989 0.00311422
13 0.193362 0.101771 0.0025187
14 0.193362 0.0931958 0.00316415
15 0.193362 0.0962581 0.00301593
16 0.207672 0.095531 0.00327974
17 0.207672 0.0962007 0.00320353
18 0.207672 0.0930579 0.00339422
19 0.237672 0.0920049 0.003782
20 0.237672 0.0891598 0.00389604
21 0.237672 0.0865693 0.00454769
22 0.264176 0.0936565 0.00449465
23 0.264176 0.0942504 0.00444044
24 0.335265 0.0842858 0.00566804
25 0.479309 0.0956472 0.00698335
26 0.479309 0.101026 0.00804332
27 0.479309 0.110843 0.00902556
28 0.479309 0.107659 0.0113958
29 0.490376 0.120013 0.0154831
30 0.490376 0.121208 0.015214
31 0.490376 0.12402 0.0142424
32 0.490376 0.117487 0.0155001
33 0.490376 0.12406 0.016716
34 0.490376 0.13269 0.0159913
35 0.500426 0.142292 0.0213886
35 0.510692 0.0755821 0.0253628
36 0.573964 0.0649626 0.0245554
37 0.573964 0.0744487 0.0268518
38 0.573964 0.0706593 0.0262245
39 0.573964 0.0776525 0.0282044
40 0.583602 0.0853809 0.0306003
41 0.583602 0.0772803 0.0295593
42 0.583602 0.0836188 0.0300358
43 0.583602 0.095369 0.0360312
44 0.583602 0.0813519 0.0314099
45 0.583602 0.0833237 0.0327332
46 0.583602 0.0875355 0.0338269
47 0.583602 0.0888058 0.0350918
48 0.583602 0.0876671 0.0333369
49 0.583602 0.0721526 0.029558
50 0.583602 0.093765 0.0353893
51 0.583602 0.0924323 0.0341402
52 0.583602 0.0920857 0.039245
53 0.589785 0.0817318 0.0349924
54 0.589785 0.0888812 0.0368441
55 0.589785 0.097045 0.0370481
56 0.589785 0.101143 0.0399528
57 0.589785 0.0932897 0.0376578
58 0.589785 0.109392 0.0384052
59 0.589785 0.102886 0.0388131
60 0.589785 0.103995 0.0382897
61 0.589785 0.0979053 0.0366452
62 0.589785 0.0834814 0.0327383
63 0.589785 0.0981035 0.03602
64 0.589785 0.0956038 0.0357863
65 0.601091 0.100976 0.0397915
66 0.601091 0.097254 0.039153
67 0.601091 0.0956625 0.0366667
68 0.601091 0.115081 0.0399993
69 0.601091 0.106416 0.0378989
70 0.601091 0.121421 0.0436068
71 0.601091 0.121379 0.0421073
72 0.601091 0.107943 0.0408943
73 0.601091 0.0933118 0.0358044
74 0.601091 0.0938604 0.0351542
75 0.601091 0.0943097 0.0370755
76 0.601091 0.0982982 0.0369852
77 0.601091 0.0846921 0.0350238
78 0.607302 0.0814335 0.0361574
79 0.607302 0.0912782 0.0370904
80 0.607302 0.0956287 0.0397275
81 0.607302 0.107895 0.041415
82 0.607302 0.0990121 0.0384202
83 0.607302 0.102215 0.0390471
84 0.607302 0.094006 0.037049
85 0.607302 0.0823562 0.0362787
86 0.607302 0.082217 0.0351756
87 0.607302 0.0664601 0.0322143
88 0.607302 0.0890213 0.0399449
89 0.607302 0.0853023 0.0372643
90 0.607302 0.0964659 0.0431874
91 0.607302 0.080334 0.0371709
92 0.607302 0.075927 0.0347732
93 0.607302 0.0802343 0.0371518
94 0.607302 0.0973497 0.0385505
95 0.607302 0.105431 0.0426474
96 0.607302 0.0995443 0.041166
97 0.607302 0.0866086 0.0384392
98 0.607302 0.0972565 0.0410404
99 0.607302 0.102339 0.0426042
100 0.607302 0.103595 0.0398928
101 0.607302 0.100387 0.0406964
102 0.607302 0.0920569 0.038027
103 0.607302 0.101448 0.0399626
104 0.607302 0.112023 0.0419516
105 0.607302 0.0977321 0.0388069
106 0.607302 0.0999153 0.038477
107 0.607302 0.0877749 0.0371857
108 0.607302 0.104045 0.041989
109 0.607302 0.119221 0.0463995
110 0.607302 0.129386 0.0466884
111 0.607302 0.111265 0.0464249
112 0.607302 0.0912676 0.0384653
113 0.616819 0.105905 0.0429906
114 0.616819 0.0926324 0.0374962
115 0.616819 0.113948 0.0464431
116 0.616819 0.112419 0.0419033
117 0.616819 0.113969 0.0455418
118 0.616819 0.127142 0.0481204
119 0.616819 0.134898 0.0486438
120 0.616819 0.0999318 0.0397707
121 0.616819 0.111811 0.0447662
122 0.616819 0.121278 0.0462467
123 0.616819 0.112474 0.0441163
124 0.616819 0.125946 0.0482269
125 0.616819 0.137372 0.055856
126 0.616819 0.126611 0.0478665
127 0.616819 0.120499 0.0450745
128 0.616819 0.102672 0.0397186
129 0.616819 0.103205 0.0403882
130 0.616819 0.113459 0.0466034
131 0.616819 0.110202 0.0436154
132 0.616819 0.113513 0.0434315
133 0.616819 0.127615 0.0470377
134 0.616819 0.138674 0.0475181
135 0.616819 0.128786 0.0472379
136 0.616819 0.130569 0.0446365
137 0.616819 0.148342 0.0500048
138 0.616819 0.153517 0.048912
139 0.616819 0.123595 0.0440922
140 0.616819 0.123359 0.0458815
141 0.616819 0.141438 0.0494421
142 0.616819 0.127798 0.0452876
143 0.616819 0.101446 0.0389367
144 0.616819 0.116591 0.0454412
145 0.616819 0.126595 0.041298
146 0.616819 0.153763 0.0558548
147 0.616819 0.172926 0.0561255
148 0.616819 0.151083 0.0503771
149 0.616819 0.132852 0.0477891
150 0.616819 0.143102 0.0549669
151 0.616819 0.14695 0.0512823
152 0.616819 0.111471 0.0410677
153 0.616819 0.124505 0.0491497
154 0.616819 0.119254 0.0447329
155 0.616819 0.127845 0.0447595
156 0.616819 0.130732 0.0464089
157 0.616819 0.13217 0.0502554
158 0.616819 0.153167 0.0545365
159 0.616819 0.147021 0.0489377
160 0.616819 0.147129 0.0488972
161 0.616819 0.169849 0.0543606
162 0.616819 0.187057 0.0560239
163 0.616819 0.159374 0.0531086
164 0.616819 0.138959 0.0482167
165 0.616819 0.129697 0.0464954
166 0.616819 0.147424 0.0474309
167 0.616819 0.137365 0.0467501
168 0.616819 0.133109 0.0502358
169 0.616819 0.134753 0.0486597
170 0.616819 0.137668 0.0461016
171 0.616819 0.159909 0.0512557
172 0.616819 0.163387 0.0522469
173 0.616819 0.152267 0.049722
174 0.616819 0.156942 0.0494142
175 0.616819 0.153292 0.0483194
176 0.616819 0.154682 0.0491915
177 0.616819 0.151365 0.050815
178 0.616819 0.14398 0.0495704
179 0.616819 0.111816 0.0423892
180 0.616819 0.127981 0.0460457
181 0.616819 0.13388 0.0458822
182 0.616819 0.135366 0.0509686
183 0.616819 0.111809 0.0439071
184 0.616819 0.123954 0.0460713
185 0.616819 0.122342 0.0472664
186 0.616819 0.115015 0.0457525
187 0.616819 0.132615 0.0508712
188 0.616819 0.132434 0.0447467
189 0.616819 0.101455 0.0422925
190 0.616819 0.143336 0.0505366
191 0.616819 0.114608 0.0431558
192 0.616819 0.0987692 0.0401752
193 0.616819 0.13897 0.0472611
194 0.616819 0.13206 0.0507061
195 0.616819 0.132035 0.0442232
196 0.616819 0.112497 0.0428742
197 0.616819 0.12471 0.0464323
198 0.616819 0.127921 0.0489185
199 0.616819 0.124262 0.0464878
200 0.616819 0.12418 0.0477237
201 0.616819 0.141001 0.0531432
202 0.616819 0.10601 0.042908
203 0.616819 0.113797 0.0474594
204 0.616819 0.130128 0.0512349
205 0.616819 0.119 0.0455194
206 0.616819 0.121564 0.0451372
207 0.616819 0.122945 0.0447067
208 0.616819 0.124174 0.0471906
209 0.616819 0.141591 0.0510174
210 0.616819 0.110871 0.0433098
211 0.616819 0.131556 0.0463885
212 0.616819 0.131614 0.0435052
213 0.616819 0.119598 0.0439778
214 0.616819 0.126125 0.0486175
215 0.616819 0.13559 0.0510395
216 0.616819 0.124128 0.0434937
217 0.616819 0.140101 0.0476444
218 0.616819 0.134139 0.0458125
219 0.616819 0.118785 0.0426546
220 0.616819 0.140324 0.0481184
221 0.616819 0.119683 0.0422282
222 0.616819 0.145233 0.0501692
223 0.616819 0.160779 0.0535045
224 0.616819 0.135457 0.0457889
225 0.616819 0.115382 0.0431409
226 0.616819 0.125796 0.0466456
227 0.616819 0.130875 0.0488754
228 0.616819 0.145664 0.0490905
229 0.617476 0.148649 0.050975
230 0.617476 0.132365 0.0456166
231 0.617476 0.111305 0.0436396
232 0.617476 0.121595 0.0466311
233 0.617476 0.13086 0.0472146
234 0.617476 0.160318 0.0511436
235 0.617476 0.126525 0.0478684
236 0.617476 0.12582 0.0470321
237 0.617476 0.132602 0.0481388
238 0.617476 0.137854 0.0497785
239 0.617476 0.132617 0.0456106
240 0.617476 0.128113 0.0456749
241 0.617476 0.125267 0.0438544
242 0.617476 0.119501 0.0431846
243 0.617476 0.115977 0.0419881
244 0.617476 0.138983 0.0452051
245 0.617476 0.1605 0.0500769
246 0.617476 0.146128 0.0546728
247 0.617476 0.13329 0.0487893
248 0.617476 0.154 0.0536864
249 0.617476 0.133249 0.043269
250 0.617476 0.14937 0.054921
251 0.617476 0.164612 0.0551947
252 0.617476 0.170756 0.0486077
253 0.617476 0.147918 0.0503756
254 0.617476 0.152362 0.0522822
255 0.617476 0.144098 0.0468833
256 0.617476 0.131748 0.0455582
257 0.617476 0.119876 0.0452642
258 0.617476 0.129358 0.0476744
259 0.617476 0.138693 0.0457135
260 0.617476 0.13889 0.0485815
261 0.617476 0.152947 0.0506709
262 0.617476 0.149831 0.0506523
263 0.617476 0.155261 0.0527714
264 0.617476 0.147633 0.0539319
265 0.618006 0.131368 0.050607
266 0.618006 0.131612 0.0473167
267 0.618006 0.15173 0.0519191
268 0.618006 0.155007 0.0530151
269 0.618006 0.126961 0.0480335
270 0.618006 0.130043 0.0507077
271 0.618006 0.150641 0.0535319
272 0.618006 0.134668 0.0518682
273 0.618006 0.151588 0.0534945
274 0.618006 0.121666 0.0441318
275 0.618006 0.141693 0.0500869
276 0.618006 0.147604 0.0541157
277 0.618006 0.125866 0.0484202
278 0.618006 0.148853 0.0515513
279 0.618006 0.124582 0.0450162
280 0.618006 0.128876 0.0474085
281 0.618006 0.12024 0.0465993
282 0.618006 0.153258 0.0484752
283 0.618006 0.140065 0.0482354
284 0.618006 0.132387 0.0469863
285 0.618006 0.118783 0.0434478
286 0.618006 0.118994 0.0465408
287 0.618006 0.124011 0.0481555
288 0.618006 0.133882 0.0476061
289 0.618006 0.140561 0.0471074
290 0.618006 0.137571 0.0458506
291 0.618006 0.125654 0.0437908
292 0.618006 0.13215 0.0444707
293 0.618006 0.14416 0.048454
294 0.618006 0.145193 0.0525901
295 0.618006 0.134685 0.0458845
296 0.618006 0.161373 0.0487229
297 0.618006 0.14621 0.0520843
298 0.618006 0.133295 0.0462217
299 0.618006 0.142441 0.0482184
300 0.618006 0.138643 0.0504703
301 0.618006 0.141164 0.0501167
302 0.618006 0.118529 0.0482421
303 0.618006 0.130652 0.0436766
304 0.618006 0.123723 0.048569
305 0.618006 0.143901 0.0485064
306 0.618006 0.142462 0.0501979
307 0.618006 0.13494 0.0497913
308 0.618006 0.134094 0.0461157
309 0.618006 0.148839 0.0525132
310 0.618006 0.141924 0.051263
311 0.618006 0.142273 0.0535721
312 0.618006 0.131045 0.0431549
313 0.618006 0.138826 0.0498066
314 0.618006 0.12422 0.045222
315 0.618006 0.124151 0.0464012
316 0.618006 0.117111 0.0450578
317 0.618006 0.127033 0.0448507
318 0.618006 0.118784 0.0413884
319 0.618006 0.135504 0.0478449
320 0.618006 0.125458 0.0410035
321 0.618006 0.146977 0.0463155
322 0.618006 0.125664 0.0446505
323 0.618006 0.139665 0.0499928
324 0.618006 0.146005 0.0477195
325 0.618006 0.140069 0.0488142
326 0.618006 0.132404 0.0460206
327 0.618006 0.156929 0.0527302
328 0.618006 0.147665 0.0480976
329 0.618006 0.13512 0.0473675
330 0.618006 0.139217 0.0473659
331 0.618006 0.125654 0.0471421
332 0.618006 0.150228 0.0541854
333 0.618006 0.122902 0.045612
334 0.618006 0.114933 0.0453837
335 0.618006 0.126738 0.0508653
336 0.618006 0.11558 0.0436623
337 0.618006 0.161538 0.057152
338 0.618006 0.147201 0.0494176
339 0.618043 0.135173 0.0495159
340 0.618043 0.122 0.048016
341 0.618043 0.115373 0.0443188
342 0.618043 0.112769 0.0432711
343 0.618043 0.127027 0.0477505
344 0.618043 0.142813 0.0495385
345 0.618043 0.124321 0.0464519
346 0.618043 0.125649 0.0494324
347 0.618043 0.137248 0.0452945
348 0.618043 0.177354 0.0495143
349 0.618043 0.148185 0.0461349
350 0.618043 0.153379 0.0517236
351 0.618043 0.150702 0.0543651
352 0.618043 0.128896 0.0438962
353 0.618043 0.142736 0.051223
354 0.618043 0.139744 0.047929
355 0.618043 0.159635 0.051717
356 0.618043 0.180747 0.0593424
357 0.618043 0.160054 0.0487133
358 0.618043 0.156364 0.0504591
359 0.618043 0.125878 0.0467211
360 0.618043 0.115082 0.0449176
361 0.618043 0.126278 0.0479528
362 0.618043 0.162218 0.053905
363 0.618043 0.11346 0.0440608
364 0.618043 0.126305 0.047416
365 0.618043 0.120892 0.0453535
366 0.618183 0.128223 0.0478608
367 0.618183 0.154526 0.0531876
368 0.618183 0.131477 0.0442506
369 0.618183 0.157697 0.0454754
370 0.618183 0.146141 0.0462957
371 0.618183 0.137481 0.047389
372 0.618183 0.151809 0.048931
373 0.618183 0.153819 0.0512551
374 0.618183 0.13586 0.0458028
375 0.618183 0.13799 0.0505423
376 0.618183 0.120166 0.0459413
377 0.618183 0.136583 0.0466641
378 0.618183 0.120425 0.0418978
379 0.618183 0.137219 0.0454441
380 0.618183 0.147908 0.0491787
381 0.618183 0.164643 0.0524314
382 0.618183 0.154497 0.0522673
383 0.618183 0.13799 0.0528424
384 0.618183 0.138978 0.0534516
385 0.618183 0.136093 0.0507216
386 0.618183 0.151822 0.0570583
387 0.618183 0.122074 0.0438222
388 0.618183 0.121355 0.0490616
389 0.618183 0.13275 0.0459626
390 0.618183 0.139374 0.0464396
391 0.618183 0.139004 0.0467438
392 0.618183 0.143593 0.0480914
393 0.618183 0.132218 0.0494345
394 0.618183 0.138116 0.0480034
395 0.618183 0.129834 0.0484223
396 0.618183 0.11949 0.0444337
397 0.618183 0.123194 0.0457609
398 0.618183 0.122164 0.0465641
399 0.618183 0.117891 0.0464745
400 0.618183 0.153759 0.0497367
401 0.618183 0.168225 0.0521466
402 0.618183 0.163124 0.0503455
403 0.618183 0.153636 0.0532868
404 0.618183 0.170042 0.0533473
405 0.618183 0.177712 0.0532105
406 0.618183 0.146638 0.0500329
407 0.618183 0.173 0.0501993
408 0.618183 0.163399 0.0516232
409 0.618183 0.152275 0.049685
410 0.618183 0.156645 0.0523958
411 0.618183 0.152007 0.0504692
412 0.618183 0.145044 0.0537244
413 0.618183 0.144156 0.0509602
414 0.618183 0.142679 0.0477952
415 0.618183 0.150022 0.0515587
416 0.618183 0.13152 0.0495226
417 0.618183 0.141275 0.0546472
418 0.618183 0.137557 0.0491986
419 0.618183 0.125409 0.045829
420 0.618183 0.124212 0.0460323
421 0.618183 0.134623 0.0482469
422 0.618183 0.162414 0.0517337
423 0.618183 0.155595 0.049929
424 0.618183 0.148636 0.0494705
425 0.618183 0.147981 0.0505617
426 0.618183 0.16253 0.0536148
427 0.618183 0.149472 0.0465791
428 0.618183 0.153333 0.0491806
429 0.618183 0.159127 0.0527482
430 0.618183 0.141826 0.047324
431 0.618183 0.126768 0.0431443
432 0.618183 0.157022 0.0441718
433 0.618183 0.145216 0.0514751
434 0.618183 0.135293 0.0489932
435 0.618183 0.131139 0.0480249
436 0.618183 0.136573 0.0504651
437 0.618183 0.135715 0.0500491
438 0.618183 0.120863 0.0423444
439 0.618183 0.127636 0.0479338
440 0.618183 0.12265 0.0489622
441 0.618183 0.141125 0.0542076
442 0.618183 0.138372 0.0479288
443 0.618183 0.142738 0.045776
444 0.618183 0.139298 0.0433566
445 0.618183 0.137145 0.0433893
446 0.618183 0.138403 0.0465344
447 0.618183 0.158073 0.0542913
448 0.618183 0.156113 0.0510956
449 0.618183 0.151338 0.0527863
450 0.618183 0.139288 0.0482483
451 0.618183 0.131347 0.0433399
452 0.618183 0.14081 0.0496773
453 0.618183 0.13289 0.0473325
454 0.618183 0.107427 0.04428
455 0.618183 0.118501 0.0445845
456 0.618183 0.139254 0.0518686
457 0.618183 0.113379 0.0425181
458 0.618183 0.161281 0.0548011
459 0.618183 0.14041 0.0509972
460 0.618183 0.114971 0.047192
461 0.618183 0.124107 0.0488122
462 0.618183 0.0971378 0.03999
463 0.618183 0.110698 0.0428512
464 0.618183 0.120229 0.0450166
465 0.618183 0.116339 0.0449328
466 0.618183 0.14212 0.0470112
467 0.618183 0.142779 0.0480489
468 0.618418 0.147444 0.051163
469 0.618418 0.125717 0.0483849
470 0.618418 0.135533 0.0527765
471 0.618418 0.130624 0.050393
472 0.618418 0.120613 0.0426952
473 0.618418 0.122394 0.0459615
474 0.618418 0.121294 0.0425156
475 0.618418 0.130044 0.0489126
476 0.618418 0.140573 0.050951
477 0.618418 0.13848 0.047633
478 0.618418 0.116131 0.0423282
479 0.618418 0.139603 0.0469126
480 0.618418 0.145015 0.0453157
481 0.618418 0.139839 0.0431084
482 0.618418 0.121046 0.04268
483 0.618418 0.141963 0.0488545
484 0.618418 0.141948 0.0506766
485 0.618418 0.116854 0.0432681
486 0.618418 0.10864 0.040698
487 0.618418 0.116291 0.0440766
488 0.618418 0.114928 0.0447181
489 0.618418 0.135749 0.0455203
490 0.618418 0.129195 0.0456356
491 0.618418 0.140518 0.0490586
492 0.618418 0.144222 0.0503376
493 0.618418 0.150536 0.0524663
494 0.618418 0.160765 0.053056
495 0.618418 0.149782 0.0482071
496 0.618418 0.143119 0.0508993
497 0.618418 0.138136 0.0532567
498 0.618418 0.115185 0.0409774
499 0.618418 0.147334 0.0502374
500 0.618418 0.153528 0.0526162
501 0.618418 0.124715 0.04243
502 0.618418 0.145484 0.0510303
503 0.618418 0.141258 0.0479564
504 0.618418 0.150575 0.0478904
505 0.618418 0.15414 0.0511299
506 0.618418 0.136713 0.0455914
507 0.618418 0.125188 0.0449257
508 0.618418 0.113623 0.043661
509 0.618418 0.134085 0.0464447
510 0.618418 0.121086 0.0438357
511 0.618418 0.137379 0.0517751
512 0.618418 0.14245 0.0490983
513 0.618418 0.130792 0.0454282
514 0.618418 0.135118 0.0453719
515 0.618418 0.13956 0.047356
516 0.618418 0.139804 0.047511
517 0.618418 0.146278 0.0510344
518 0.618418 0.146064 0.0497189
519 0.618418 0.125497 0.0435101
520 0.618418 0.125502 0.0459616
521 0.618418 0.108418 0.0449122
522 0.618418 0.139591 0.0491731
523 0.618418 0.132682 0.0481142
524 0.618418 0.114692 0.0447872
525 0.618418 0.136895 0.0472623
526 0.618418 0.133739 0.0491524
527 0.618418 0.136211 0.0520819
528 0.618418 0.133981 0.0529599
529 0.618418 0.142602 0.0551704
530 0.618418 0.143918 0.0512805
531 0.618418 0.146925 0.0483812
532 0.618418 0.134745 0.0467309
533 0.618418 0.151468 0.0501251
534 0.618418 0.158093 0.0487673
535 0.618418 0.159375 0.0516032
536 0.618418 0.160612 0.0499417
537 0.618418 0.164274 0.0541472
538 0.618418 0.131207 0.0441108
539 0.618418 0.145736 0.0488659
540 0.618418 0.151517 0.0507617
541 0.618418 0.147521 0.0515211
542 0.618418 0.129546 0.0502498
543 0.618418 0.141811 0.0533782
544 0.618418 0.14229 0.05411
545 0.618418 0.168431 0.0567401
546 0.618418 0.170781 0.0520831
547 0.618418 0.138181 0.045465
548 0.618418 0.150337 0.0496446
549 0.618418 0.153943 0.0530235
550 0.618418 0.146149 0.0484533
551 0.618418 0.160197 0.0491344
552 0.618418 0.139893 0.0486483
553 0.618418 0.136912 0.0483513
554 0.618418 0.126452 0.0436496
555 0.618418 0.107835 0.0422507
556 0.618418 0.116763 0.0496007
557 0.618418 0.163604 0.0570114
558 0.618418 0.145397 0.0519911
559 0.618418 0.134002 0.0491446
560 0.618418 0.142315 0.0468915
561 0.618418 0.131046 0.0461753
562 0.618418 0.134975 0.0456244
563 0.618418 0.137917 0.0515853
564 0.618418 0.127687 0.0476625
565 0.618418 0.128819 0.0433098
566 0.618418 0.126078 0.0435277
567 0.618418 0.115822 0.0442604
568 0.618418 0.110403 0.0421585
569 0.618418 0.125036 0.0469386
570 0.618418 0.123946 0.0461308
571 0.618418 0.137617 0.045352
572 0.618418 0.13669 0.0476353
573 0.618418 0.118256 0.0458317
574 0.618418 0.131874 0.051515
575 0.618418 0.126944 0.0510675
576 0.618418 0.132797 0.0490713
577 0.618418 0.141478 0.0514121
578 0.618418 0.146813 0.0488382
579 0.618418 0.110768 0.0416354
580 0.618418 0.120847 0.0485372
581 0.618418 0.111212 0.043972
582 0.618418 0.141678 0.0532759
583 0.618418 0.140517 0.0520314
584 0.618418 0.139815 0.052542
585 0.618418 0.122437 0.0483377
586 0.618418 0.138694 0.0504188
587 0.618418 0.13153 0.0483365
588 0.618418 0.135362 0.0534747
589 0.618418 0.138723 0.0500124
590 0.618418 0.166935 0.0548055
591 0.618418 0.134776 0.0471343
592 0.618418 0.168051 0.0539962
593 0.618418 0.176709 0.0561192
594 0.618418 0.16802 0.0480745
595 0.618418 0.171385 0.0510292
596 0.618418 0.138826 0.0473197
597 0.618418 0.164001 0.0568405
598 0.618418 0.15006 0.0535136
599 0.618418 0.127216 0.0491539
600 0.618418 0.138281 0.0500023
601 0.618418 0.132925 0.0510111
602 0.618418 0.166927 0.0599096
603 0.618418 0.166386 0.0550316
604 0.618418 0.168214 0.0531483
605 0.618418 0.145898 0.0507633
606 0.618418 0.129948 0.0488874
607 0.618418 0.155222 0.0589295
608 0.618418 0.162186 0.0561338
609 0.618418 0.13866 0.0504316
610 0.618418 0.142932 0.0504128
611 0.618418 0.125767 0.0447595
612 0.618418 0.158543 0.0540538
613 0.618418 0.148421 0.052321
614 0.618418 0.145221 0.0512157
615 0.618418 0.148528 0.0527529
616 0.619382 0.176298 0.054994
617 0.619382 0.157911 0.0521566
618 0.619382 0.146287 0.049899
619 0.619382 0.130708 0.0496058
620 0.619382 0.147584 0.0530719
621 0.619382 0.130667 0.0477762
622 0.619382 0.142712 0.0524285
623 0.619382 0.176055 0.0561865
624 0.619382 0.122162 0.0453403
625 0.619382 0.129499 0.0477104
626 0.619382 0.139654 0.0520035
627 0.619382 0.173592 0.0527691
628 0.619382 0.158759 0.0494388
629 0.619382 0.128752 0.0458336
630 0.619382 0.147718 0.0558395
631 0.619382 0.136245 0.0509319
632 0.619382 0.134447 0.0512045
633 0.619382 0.133742 0.0502924
634 0.619382 0.128977 0.0509124
635 0.619382 0.136292 0.0471246
636 0.619382 0.135523 0.0461376
637 0.619382 0.128909 0.045151
638 0.619382 0.147021 0.0484735
639 0.619382 0.126462 0.0440198
640 0.619382 0.108822 0.0410377
641 0.619382 0.161541 0.0502152
642 0.619382 0.152498 0.052915
643 0.619382 0.14898 0.0466208
644 0.619382 0.146343 0.0477794
645 0.619382 0.137158 0.0480486
646 0.619382 0.15152 0.047118
647 0.619382 0.130214 0.0461695
648 0.619382 0.153854 0.0522954
649 0.619382 0.157821 0.0550002
650 0.619382 0.165595 0.051122
651 0.619382 0.153623 0.0531047
652 0.619382 0.148199 0.0498936
653 0.619382 0.123937 0.0453819
654 0.619382 0.141127 0.0471372
655 0.619382 0.116552 0.0420437
656 0.619382 0.118239 0.0449517
657 0.619382 0.137838 0.0470544
658 0.619382 0.133273 0.0449327
659 0.619382 0.147385 0.0516285
660 0.619382 0.162254 0.0548511
661 0.619382 0.136305 0.0484289
662 0.619382 0.149137 0.0479778
663 0.619382 0.140432 0.0476479
664 0.619382 0.143944 0.0495141
665 0.619382 0.163589 0.0514257
666 0.619382 0.143041 0.048362
667 0.619382 0.152904 0.0487464
668 0.619382 0.132295 0.0437424
669 0.619382 0.143588 0.049409
670 0.619382 0.14422 0.0452939
671 0.619382 0.146422 0.0477207
672 0.619382 0.127188 0.047056
673 0.619382 0.126207 0.0498696
674 0.619382 0.13318 0.047979
675 0.619382 0.130759 0.0505659
676 0.619382 0.144035 0.0538403
677 0.619382 0.123019 0.0468827
678 0.619382 0.122722 0.0493517
679 0.619382 0.118151 0.0488483
680 0.619382 0.130497 0.0508251
681 0.619382 0.154492 0.0518705
682 0.619382 0.157629 0.0513431
683 0.619382 0.143193 0.0504201
684 0.619382 0.122908 0.0468252
685 0.619382 0.144765 0.0473207
686 0.619382 0.137179 0.0474656
687 0.619382 0.140362 0.0455087
688 0.619382 0.158045 0.0490769
689 0.619382 0.139646 0.0499424
690 0.619382 0.117383 0.0458259
691 0.619382 0.125139 0.0447198
692 0.619382 0.141524 0.052225
693 0.619382 0.153889 0.0544566
694 0.619382 0.131603 0.051224
695 0.619382 0.146853 0.0537628
696 0.619382 0.151166 0.0533837
697 0.619382 0.140293 0.0502952
698 0.619382 0.150571 0.0551514
699 0.619382 0.131706 0.0454033
700 0.619382 0.114164 0.0400177
701 0.619382 0.126865 0.0465187
702 0.619382 0.11938 0.0454722
703 0.619382 0.119451 0.0469031
704 0.619382 0.141989 0.0510294
705 0.619382 0.155169 0.0498312
706 0.619382 0.179479 0.0536044
707 0.619382 0.140276 0.0452206
708 0.619382 0.147655 0.0478979
709 0.619382 0.163704 0.0517794
710 0.619382 0.14253 0.0477296
711 0.619382 0.156979 0.0499709
712 0.619382 0.149237 0.0489632
713 0.619382 0.140426 0.0477464
714 0.619382 0.137615 0.0503254
715 0.619382 0.167381 0.054292
716 0.619382 0.153092 0.0515761
717 0.619382 0.150491 0.051718
718 0.619382 0.165515 0.0520723
719 0.619382 0.158602 0.0552019
720 0.619382 0.166957 0.0523424
721 0.619382 0.160015 0.0496873
722 0.619382 0.161456 0.0505836
723 0.619382 0.148151 0.0429084
724 0.619382 0.150502 0.0505419
725 0.619382 0.145018 0.0496673
726 0.619382 0.139017 0.0449468
727 0.619382 0.153452 0.0450721
728 0.619382 0.141417 0.0458379
729 0.619382 0.139778 0.0445621
730 0.619382 0.146954 0.045748
731 0.619382 0.155431 0.0455124
732 0.619382 0.137318 0.0454375
733 0.619382 0.14263 0.0442157
734 0.619382 0.126448 0.0475976
735 0.619382 0.136434 0.047548
736 0.619382 0.139157 0.0477587
737 0.619382 0.159756 0.052748
738 0.619382 0.161737 0.0564405
739 0.619382 0.121046 0.0434227
740 0.619382 0.147311 0.0470204
741 0.619382 0.152161 0.0522033
742 0.619382 0.13359 0.0539095
743 0.619382 0.111393 0.0460439
744 0.619382 0.141382 0.0506711
745 0.619382 0.153626 0.0533632
746 0.619382 0.136271 0.0469203
747 0.619382 0.160515 0.0541058
748 0.619382 0.167357 0.0536198
749 0.619382 0.15468 0.0477846
750 0.619382 0.142539 0.0474484
751 0.619382 0.136398 0.0444411
752 0.619382 0.147082 0.0470913
753 0.619382 0.114205 0.0451024
754 0.619382 0.116248 0.0422398
755 0.619382 0.11633 0.0426807
756 0.619382 0.115988 0.0415162
757 0.619382 0.114409 0.0401305
758 0.619382 0.139176 0.0453325
759 0.619382 0.134119 0.0432531
760 0.619382 0.146286 0.0473056
761 0.619382 0.13649 0.0488572
762 0.619382 0.136176 0.0466509
763 0.619382 0.129531 0.0472652
764 0.619382 0.126332 0.045173
765 0.619382 0.101769 0.0401558
766 0.619382 0.117003 0.0467212
767 0.619382 0.114598 0.0453687
768 0.619382 0.117682 0.0452099
769 0.619382 0.123091 0.0465946
770 0.619382 0.13713 0.0510382
771 0.619382 0.138762 0.0514466
772 0.619382 0.133486 0.0444969
773 0.619382 0.121605 0.0458138
774 0.619382 0.123977 0.0449283
775 0.619382 0.135251 0.0495403
776 0.619382 0.118574 0.0437288
777 0.619382 0.135743 0.0514474
778 0.619382 0.136431 0.0490367
779 0.619382 0.169076 0.0515718
780 0.619382 0.135022 0.0470556
781 0.619382 0.120813 0.0451734
782 0.619382 0.10774 0.0431819
783 0.619382 0.12707 0.0480242
784 0.619382 0.140861 0.0498944
785 0.619382 0.142429 0.0514151
786 0.619382 0.143959 0.0476573
787 0.619382 0.134746 0.0489138
788 0.619382 0.119167 0.0466419
789 0.619382 0.123776 0.0499481
790 0.619382 0.114173 0.0462283
791 0.619382 0.113773 0.0473456
792 0.619382 0.133758 0.0518947
793 0.619382 0.1231 0.0478219
794 0.619382 0.127078 0.045295
795 0.619382 0.122076 0.0456089
796 0.619382 0.132527 0.0463823
797 0.619382 0.120671 0.046576
798 0.619382 0.129515 0.0485468
799 0.619382 0.152984 0.052835
800 0.619382 0.132673 0.0457611
801 0.619382 0.135513 0.0482814
802 0.619382 0.159766 0.0566002
803 0.619382 0.154263 0.0539906
804 0.619382 0.161035 0.0545176
805 0.619382 0.146709 0.0517727
806 0.619382 0.131175 0.0469884
807 0.619382 0.127279 0.0462218
808 0.619382 0.131323 0.046001
809 0.619382 0.127218 0.0456292
810 0.619382 0.125651 0.047182
811 0.619382 0.134881 0.0485578
812 0.619382 0.160856 0.0508808
813 0.619382 0.129949 0.0439536
814 0.619382 0.142458 0.0481615
815 0.619382 0.149495 0.0478829
816 0.619382 0.130062 0.0407455
817 0.619382 0.127777 0.0481189
818 0.619382 0.140754 0.0478202
819 0.619382 0.127654 0.0436043
820 0.619382 0.143647 0.0485424
821 0.619382 0.138396 0.0474741
822 0.619382 0.13946 0.0477324
823 0.619382 0.140427 0.0522769
824 0.619382 0.133533 0.0473953
825 0.619382 0.14502 0.0508513
826 0.619382 0.119683 0.0449738
827 0.619382 0.120013 0.0440367
828 0.619382 0.124259 0.045116
829 0.619382 0.147673 0.0544817
830 0.619382 0.119915 0.0463286
831 0.619382 0.119315 0.0447727
832 0.619382 0.132226 0.0441729
833 0.619382 0.122894 0.0472479
834 0.619382 0.127682 0.0474996
835 0.619382 0.146352 0.0492547
836 0.619382 0.161051 0.0516959
837 0.619382 0.136965 0.0485267
838 0.619382 0.132249 0.0495075
839 0.619382 0.150803 0.0535968
840 0.619382 0.151757 0.0497686
841 0.619382 0.13498 0.0473306
842 0.619382 0.130156 0.0473684
843 0.619382 0.110699 0.0423384
844 0.619382 0.127452 0.0454634
845 0.619382 0.132643 0.0474666
846 0.619382 0.130455 0.0456308
847 0.619382 0.135905 0.0485323
848 0.619382 0.119575 0.0448475
849 0.619382 0.103179 0.042725
850 0.619382 0.109251 0.0438975
851 0.619382 0.13881 0.0519218
852 0.619382 0.132467 0.0497956
853 0.619382 0.122875 0.0457518
854 0.619382 0.12591 0.0470522
855 0.619382 0.138417 0.0477897
856 0.619382 0.114705 0.043572
857 0.619382 0.138233 0.0465137
858 0.619382 0.126598 0.0433074
859 0.619382 0.148067 0.0471258
860 0.619382 0.123282 0.0436719
861 0.619382 0.127981 0.0446798
862 0.619382 0.140425 0.0485821
863 0.619382 0.129816 0.0451799
864 0.619382 0.147232 0.0463226
865 0.619382 0.12855 0.0463804
866 0.619382 0.145246 0.0465078
867 0.619382 0.159628 0.0494584
868 0.619382 0.1474 0.0448655
869 0.619382 0.130932 0.043066
870 0.619382 0.128752 0.0445326
871 0.619382 0.121448 0.045845
872 0.619382 0.117809 0.0462806
873 0.619382 0.117427 0.0463448
874 0.619382 0.11286 0.0415439
875 0.619382 0.135328 0.0496049
876 0.619382 0.119293 0.0451449
877 0.619382 0.139971 0.0480996
878 0.619382 0.12441 0.0441565
879 0.619382 0.121522 0.0414666
880 0.619382 0.117185 0.0415382
881 0.619382 0.138245 0.0453093
882 0.619382 0.117244 0.0429125
883 0.619382 0.118168 0.0421696
884 0.619382 0.129977 0.0460657
885 0.619382 0.125533 0.0467201
886 0.619382 0.135244 0.049065
887 0.619382 0.16211 0.0572933
888 0.619382 0.151981 0.0502343
889 0.619382 0.110533 0.0455077
890 0.619382 0.124522 0.0516948
891 0.619382 0.125922 0.0474208
892 0.619382 0.14025 0.0504165
893 0.619382 0.11791 0.0428891
894 0.619382 0.135049 0.047873
895 0.619382 0.13702 0.0468076
896 0.619382 0.130047 0.0475827
897 0.619382 0.150602 0.0506198
898 0.619382 0.137314 0.0488853
899 0.619382 0.150259 0.0527247
900 0.619382 0.157046 0.0541905
901 0.619382 0.161434 0.0571856
902 0.619382 0.142949 0.0450514
903 0.619382 0.155109 0.0521893
904 0.619382 0.134252 0.0477692
905 0.619382 0.12881 0.0459159
906 0.619382 0.11902 0.0436002
907 0.619382 0.147924 0.0514163
908 0.619382 0.129333 0.0464537
909 0.619382 0.126195 0.045035
910 0.619382 0.132942 0.0447041
911 0.619382 0.12991 0.0435806
912 0.619382 0.136987 0.0485924
913 0.619382 0.121775 0.0432442
914 0.619382 0.137477 0.0476239
915 0.619382 0.133085 0.0476427
916 0.619382 0.129685 0.0475898
917 0.619382 0.105968 0.0440735
918 0.619382 0.109226 0.0427567
919 0.619382 0.127473 0.0477113
920 0.619382 0.117176 0.043302
921 0.619382 0.111754 0.0415826
922 0.619382 0.104181 0.041519
923 0.619382 0.113174 0.0411551
924 0.619382 0.109947 0.0457051
925 0.619382 0.113497 0.0461087
926 0.619382 0.129482 0.0459675
927 0.619382 0.120633 0.0490986
928 0.619382 0.104709 0.0427142
929 0.619382 0.107915 0.0452581
930 0.619382 0.112625 0.0423074
931 0.619382 0.116629 0.0450835
932 0.619382 0.137155 0.0523666
933 0.619382 0.119859 0.04692
934 0.619382 0.12928 0.0460372
935 0.619382 0.142244 0.0505459
936 0.619382 0.123262 0.0451199
937 0.619382 0.139616 0.0474246
938 0.619382 0.140027 0.0478711
939 0.619382 0.134646 0.0485792
940 0.619382 0.130506 0.0455927
941 0.619382 0.139088 0.0464141
942 0.619382 0.125159 0.0489891
943 0.619382 0.139587 0.0517845
944 0.619382 0.12807 0.0471087
945 0.619382 0.145357 0.0468526
946 0.619382 0.141834 0.0469879
947 0.619382 0.149682 0.0461588
948 0.619382 0.142713 0.0506338
949 0.619382 0.138561 0.0482434
950 0.619382 0.140858 0.0468253
951 0.619382 0.14958 0.0526736
952 0.619382 0.164794 0.0495328
953 0.619382 0.116388 0.0424236
954 0.619382 0.113094 0.0429101
955 0.619382 0.137931 0.0487357
956 0.619382 0.122697 0.0454084
957 0.619382 0.144299 0.0547448
958 0.619382 0.128066 0.0485177
959 0.619382 0.11858 0.0394829
960 0.619382 0.125701 0.0472035
961 0.619382 0.117762 0.0441007
962 0.619382 0.116677 0.0436661
963 0.619382 0.11115 0.0406814
964 0.619382 0.130036 0.0450496
965 0.619382 0.135456 0.0479703
966 0.619382 0.131046 0.0487816
967 0.619382 0.116098 0.0462155
968 0.619382 0.106977 0.0392814
969 0.619382 0.121991 0.045234
970 0.619382 0.131284 0.0466067
971 0.619382 0.127546 0.0479429
972 0.619382 0.127357 0.0475768
973 0.619382 0.117209 0.0459812
974 0.619382 0.120343 0.0447235
975 0.619382 0.135833 0.0511164
976 0.619382 0.107572 0.0435302
977 0.619382 0.119599 0.0458308
978 0.619382 0.129257 0.0458641
979 0.619382 0.122485 0.0495611
980 0.619382 0.107582 0.0460111
981 0.619382 0.131736 0.0496383
982 0.619382 0.127572 0.0485169
983 0.619382 0.140489 0.0480296
984 0.619382 0.147232 0.0485448
985 0.619382 0.141004 0.0499445
986 0.619382 0.16748 0.0539177
987 0.619382 0.146011 0.0515763
988 0.619382 0.139266 0.0484947
989 0.619382 0.163278 0.051349
990 0.619382 0.167571 0.0542193
991 0.619382 0.147978 0.0505483
992 0.619382 0.167268 0.0515647
993 0.619382 0.147091 0.0480301
994 0.619382 0.14352 0.0480436
995 0.619382 0.152422 0.0494299
996 0.619382 0.145703 0.0459707
997 0.619382 0.142571 0.0456987
998 0.619382 0.155001 0.0505143
999 0.619382 0.16525 0.0516441
1000 0.619382 0.134473 0.0463758
