0 0.125265 0.0720499 0.00381431
1 0.125265 0.0810189 0.00356206
2 0.125268 0.0856659 0.00331271
3 0.125271 0.0897212 0.0031534
4 0.125275 0.0882326 0.0032253
5 0.125275 0.0880192 0.00324953
6 0.125275 0.09274 0.00301737
7 0.125275 0.0978042 0.00267508
8 0.125275 0.101566 0.00239308
9 0.125275 0.104974 0.00208407
10 0.14303 0.107137 0.00191445
11 0.291049 0.106925 0.00245038
12 0.291049 0.106401 0.0026705
13 0.291049 0.101504 0.00305768
14 0.291049 0.105112 0.00305087
15 0.49997 0.114449 0.00508459
16 0.49997 0.109608 0.00684062
17 0.49997 0.120096 0.00824022
18 0.49997 0.12983 0.00850365
19 0.49997 0.132373 0.011165
20 0.49997 0.142297 0.0107244
21 0.500479 0.158748 0.012832
21 0.499891 0.0749279 0.0199433
22 0.500409 0.0876744 0.0265797
23 0.500409 0.0898467 0.0292788
24 0.500409 0.0967317 0.0285475
25 0.52291 0.0903398 0.0283095
26 0.563961 0.0990985 0.0315824
27 0.563961 0.117536 0.036527
28 0.563961 0.121676 0.0352564
29 0.563961 0.114296 0.0329789
30 0.563961 0.111367 0.0326018
31 0.563961 0.122555 0.0375877
32 0.564408 0.136627 0.0421835
33 0.564408 0.144891 0.0417128
34 0.564408 0.132759 0.0416845
35 0.564408 0.125619 0.0381975
36 0.564408 0.14942 0.043253
37 0.564408 0.131044 0.0405008
38 0.564408 0.157072 0.0457724
39 0.570987 0.142515 0.0422812
40 0.570987 0.139007 0.0448656
41 0.570987 0.155161 0.0444634
42 0.570987 0.140594 0.0440228
43 0.570987 0.136044 0.0411316
44 0.574061 0.165939 0.0468244
45 0.574061 0.144608 0.0427778
46 0.574061 0.160489 0.0439482
47 0.574061 0.16325 0.0415623
48 0.574061 0.195238 0.0448191
49 0.574061 0.183184 0.0458487
50 0.577339 0.200864 0.0493295
51 0.578541 0.188724 0.0499517
52 0.578541 0.138728 0.0453798
53 0.578541 0.146448 0.0457938
54 0.578541 0.158928 0.0456121
55 0.578541 0.179109 0.0498902
56 0.578541 0.192175 0.0552439
57 0.578541 0.125938 0.0422805
58 0.578541 0.134238 0.0429283
59 0.578541 0.118116 0.0397661
60 0.578541 0.139816 0.0442346
61 0.578541 0.161162 0.0483556
62 0.578541 0.156064 0.04809
63 0.578541 0.155147 0.0436492
64 0.578541 0.155124 0.0436506
65 0.578541 0.135567 0.0423962
66 0.578541 0.161691 0.0441797
67 0.578541 0.177367 0.0508388
68 0.578541 0.160696 0.0499447
69 0.578541 0.162769 0.0461323
70 0.578541 0.17597 0.0480695
71 0.578541 0.186041 0.0503221
72 0.578541 0.197882 0.0540068
73 0.59306 0.170646 0.049337
74 0.59306 0.187338 0.0513397
75 0.59306 0.154086 0.0471482
76 0.59306 0.173407 0.0474865
77 0.59306 0.189637 0.0495579
78 0.59306 0.138879 0.0394356
79 0.59306 0.155522 0.0470557
80 0.59306 0.150552 0.0495825
81 0.59306 0.137583 0.0413549
82 0.59306 0.162153 0.0433517
83 0.59306 0.178459 0.0466233
84 0.59306 0.173981 0.0443545
85 0.59306 0.192217 0.0473158
86 0.59306 0.173901 0.0495003
87 0.59306 0.182375 0.0520604
88 0.59306 0.192571 0.0499022
89 0.59306 0.174939 0.0470077
90 0.59306 0.181357 0.0441554
91 0.59306 0.19791 0.0480436
92 0.59306 0.173239 0.0426564
93 0.59306 0.154615 0.0470085
94 0.59306 0.180035 0.0473474
95 0.59306 0.186721 0.0477159
96 0.59306 0.17621 0.0474549
97 0.59306 0.16511 0.0481329
98 0.59306 0.183687 0.0510491
99 0.59306 0.174148 0.0495705
100 0.59306 0.188455 0.0464859
101 0.59306 0.190624 0.046623
102 0.59306 0.194433 0.0482362
103 0.59306 0.186669 0.04672
104 0.59306 0.19071 0.048492
105 0.59306 0.190552 0.0490283
106 0.595018 0.189218 0.0489715
107 0.595018 0.180886 0.0473612
108 0.595018 0.17493 0.0485233
109 0.595018 0.163642 0.0470602
110 0.595018 0.147087 0.0435757
111 0.595018 0.141505 0.0416196
112 0.595018 0.15806 0.0430776
113 0.595018 0.197954 0.0482995
114 0.595018 0.170027 0.0482727
115 0.595018 0.17526 0.0488818
116 0.595018 0.170768 0.0456011
117 0.595018 0.17265 0.045944
118 0.595056 0.158088 0.0494481
119 0.595056 0.155824 0.0474561
120 0.595056 0.168537 0.0507768
121 0.595056 0.160323 0.0489989
122 0.595056 0.143455 0.043513
123 0.595056 0.160031 0.048635
124 0.595056 0.160997 0.0487835
125 0.595056 0.181905 0.0518914
126 0.595056 0.181736 0.0486722
127 0.595056 0.147026 0.0473665
128 0.600417 0.177516 0.0526244
129 0.600417 0.183984 0.0515469
130 0.600417 0.176797 0.0487403
131 0.600417 0.168588 0.048719
132 0.600417 0.174417 0.0484015
133 0.600417 0.170223 0.0453841
134 0.600417 0.178518 0.0480969
135 0.600417 0.194999 0.052606
136 0.600417 0.173497 0.0472278
137 0.600417 0.19079 0.0491989
138 0.600417 0.191946 0.0481451
139 0.600417 0.152068 0.048035
140 0.600417 0.155047 0.0488422
141 0.600417 0.155435 0.0510902
142 0.600417 0.18736 0.056208
143 0.600417 0.193975 0.0549137
144 0.600417 0.193492 0.0566296
145 0.600417 0.170546 0.0523961
146 0.600417 0.17342 0.0473648
147 0.600417 0.189914 0.0502458
148 0.600417 0.176385 0.0486025
149 0.600417 0.169727 0.0460962
150 0.600417 0.187838 0.0425612
151 0.600417 0.186333 0.0476094
152 0.600417 0.214061 0.0508952
153 0.600417 0.210036 0.0526739
154 0.600417 0.207603 0.0508304
155 0.600417 0.216433 0.0555822
156 0.600417 0.206845 0.0500109
157 0.600417 0.19837 0.051792
158 0.600417 0.175485 0.0517768
159 0.600417 0.185651 0.0500161
160 0.600417 0.162291 0.0462369
161 0.600417 0.162331 0.0481295
162 0.600417 0.180231 0.0483587
163 0.600417 0.196483 0.0523986
164 0.600417 0.179753 0.0462267
165 0.600417 0.168443 0.0469707
166 0.600417 0.167528 0.0498227
167 0.600417 0.18206 0.0523793
168 0.600417 0.180042 0.0492532
169 0.600417 0.159223 0.044952
170 0.600417 0.179502 0.049419
171 0.600417 0.157968 0.0483156
172 0.600417 0.142653 0.0457835
173 0.600417 0.147869 0.0500942
174 0.600417 0.160931 0.0504885
175 0.600417 0.141401 0.0417368
176 0.606797 0.161128 0.0470149
177 0.606797 0.160851 0.0455447
178 0.606797 0.177157 0.051672
179 0.606797 0.165719 0.0475513
180 0.606797 0.174738 0.0495679
181 0.606797 0.168811 0.0494514
182 0.606797 0.139844 0.0462271
183 0.606797 0.159923 0.0469427
184 0.606797 0.164701 0.0498369
185 0.606797 0.178468 0.045446
186 0.606797 0.164659 0.0441569
187 0.606797 0.1511 0.0402198
188 0.606797 0.171813 0.0438676
189 0.606797 0.172326 0.0435579
190 0.606797 0.159576 0.0483344
191 0.606797 0.173027 0.0494807
192 0.606797 0.203836 0.0567895
193 0.606797 0.166317 0.0485148
194 0.606797 0.178218 0.0477322
195 0.606797 0.193121 0.0515645
196 0.606797 0.171787 0.0505877
197 0.606797 0.177918 0.0493762
198 0.606797 0.18374 0.049729
199 0.606797 0.162593 0.0471061
200 0.606797 0.152281 0.0488255
201 0.606797 0.175793 0.0510241
202 0.606797 0.178823 0.0486776
203 0.606797 0.133105 0.0420533
204 0.606797 0.177999 0.0531972
205 0.606797 0.15116 0.0449395
206 0.606797 0.158931 0.0429052
207 0.606797 0.159084 0.0482394
208 0.606797 0.169483 0.050165
209 0.606797 0.187483 0.053293
210 0.606797 0.174762 0.0524196
211 0.606797 0.177278 0.0548772
212 0.606797 0.142961 0.0478978
213 0.606797 0.16355 0.0504571
214 0.606797 0.172343 0.0495018
215 0.606797 0.161527 0.0476123
216 0.606797 0.15771 0.0463143
217 0.606797 0.158602 0.0505013
218 0.606797 0.147915 0.0471112
219 0.606797 0.174352 0.0517616
220 0.606797 0.149143 0.0443607
221 0.606797 0.163998 0.0505074
222 0.606797 0.162069 0.0474884
223 0.606797 0.144027 0.0419725
224 0.606797 0.159032 0.0401538
225 0.606797 0.158858 0.0476608
226 0.606797 0.1746 0.0512676
227 0.606797 0.142289 0.0506916
228 0.606797 0.154538 0.0477965
229 0.606797 0.192577 0.0561379
230 0.606797 0.166003 0.0482257
231 0.606797 0.153982 0.0480437
232 0.606797 0.194125 0.0503999
233 0.606797 0.182816 0.0503468
234 0.606797 0.178625 0.0511558
235 0.606797 0.161786 0.0488921
236 0.606797 0.167306 0.0484249
237 0.606797 0.172177 0.046213
238 0.606797 0.179618 0.0473226
239 0.606797 0.179527 0.0462472
240 0.606797 0.177464 0.049055
241 0.606797 0.177583 0.0483476
242 0.606797 0.188069 0.0496714
243 0.606797 0.187632 0.0523519
244 0.606797 0.193029 0.0525948
245 0.606797 0.183632 0.0486967
246 0.606797 0.17425 0.0480008
247 0.606797 0.180526 0.0503787
248 0.606797 0.167164 0.0533096
249 0.606797 0.155741 0.0474037
250 0.606797 0.146038 0.0471272
251 0.606797 0.196592 0.0527956
252 0.606797 0.175551 0.0505125
253 0.606797 0.179484 0.0497007
254 0.606797 0.156449 0.0455336
255 0.606797 0.167992 0.0483055
256 0.606797 0.181523 0.0514704
257 0.606797 0.174274 0.0488198
258 0.606797 0.180871 0.049865
259 0.606797 0.166217 0.0497837
260 0.606797 0.14426 0.0429398
261 0.606797 0.166971 0.0490005
262 0.606797 0.166694 0.0495222
263 0.606797 0.173563 0.0508367
264 0.606797 0.169567 0.0484745
265 0.606797 0.189179 0.0554582
266 0.606797 0.175743 0.0498873
267 0.606797 0.180317 0.0529684
268 0.607033 0.177748 0.0534642
269 0.607033 0.174202 0.0529574
270 0.607033 0.165348 0.0479318
271 0.607033 0.200012 0.0486165
272 0.607033 0.196166 0.0516748
273 0.607033 0.205268 0.051796
274 0.607033 0.215735 0.0510352
275 0.607033 0.207112 0.0454766
276 0.607033 0.200167 0.0498194
277 0.607033 0.181501 0.0540247
278 0.607033 0.159937 0.0488753
279 0.607033 0.154557 0.0490509
280 0.607033 0.15675 0.0483387
281 0.607033 0.151993 0.0484482
282 0.607033 0.165083 0.0508902
283 0.607033 0.186436 0.05463
284 0.607033 0.145863 0.0497479
285 0.607033 0.150363 0.0503807
286 0.607033 0.152887 0.048465
287 0.607037 0.145679 0.045207
288 0.607037 0.18568 0.0514719
289 0.607037 0.183045 0.054752
290 0.607037 0.184418 0.0506484
291 0.607037 0.1959 0.0571641
292 0.607037 0.198873 0.0549277
293 0.607037 0.214801 0.0566545
294 0.607037 0.248126 0.0521445
295 0.607037 0.222338 0.0456188
296 0.607037 0.245793 0.051595
297 0.607037 0.238737 0.0496344
298 0.607037 0.211401 0.0463422
299 0.607037 0.189416 0.0488828
300 0.607037 0.168362 0.0465632
301 0.607037 0.171111 0.0472397
302 0.607037 0.18413 0.0511558
303 0.607037 0.184757 0.0502986
304 0.607037 0.201734 0.0531231
305 0.607037 0.236543 0.0511177
306 0.607037 0.180109 0.047079
307 0.607037 0.198916 0.0529547
308 0.607037 0.204382 0.0510743
309 0.607037 0.207386 0.0535028
310 0.607037 0.214149 0.0573407
311 0.60706 0.207898 0.0559024
312 0.60706 0.188526 0.0544672
313 0.60706 0.188388 0.0549478
314 0.60706 0.194 0.0552623
315 0.60706 0.185546 0.0513706
316 0.60706 0.183794 0.0486898
317 0.60706 0.177886 0.0509354
318 0.60706 0.191335 0.0529522
319 0.60706 0.192797 0.0489309
320 0.60706 0.165285 0.0479181
321 0.60706 0.16891 0.0477165
322 0.60706 0.190649 0.0499902
323 0.60706 0.185093 0.0525225
324 0.60706 0.168046 0.0443598
325 0.607096 0.172972 0.0479326
326 0.607096 0.183553 0.0482004
327 0.607096 0.169676 0.0458669
328 0.607096 0.163661 0.0492441
329 0.607096 0.182482 0.0574608
330 0.607096 0.205313 0.060023
331 0.607096 0.196098 0.0538058
332 0.607096 0.199728 0.0527823
333 0.607096 0.205772 0.0510756
334 0.607096 0.222671 0.0556056
335 0.607096 0.225957 0.0592683
336 0.607096 0.206243 0.0521779
337 0.607096 0.191582 0.0517559
338 0.607096 0.172833 0.0493352
339 0.607096 0.182157 0.0502646
340 0.607096 0.202191 0.0523008
341 0.607096 0.194158 0.0528206
342 0.607096 0.18646 0.0539523
343 0.607096 0.180694 0.0521741
344 0.607096 0.19888 0.0461435
345 0.607096 0.197515 0.0511679
346 0.607096 0.230059 0.051789
347 0.607096 0.220754 0.0507707
348 0.607096 0.211997 0.0513351
349 0.607096 0.209026 0.0479151
350 0.607096 0.18051 0.0447677
351 0.607096 0.182441 0.0484387
352 0.607096 0.158136 0.0466038
353 0.607096 0.18441 0.0494498
354 0.607096 0.16428 0.0477061
355 0.607096 0.149377 0.0463971
356 0.607096 0.170678 0.0465689
357 0.607096 0.170953 0.0502922
358 0.607096 0.176229 0.0455049
359 0.607343 0.170161 0.0468024
360 0.607343 0.149294 0.045461
361 0.607343 0.162552 0.0489159
362 0.607343 0.19436 0.0497875
363 0.607343 0.19781 0.0521065
364 0.607343 0.178262 0.0535328
365 0.607343 0.187876 0.052495
366 0.607343 0.190899 0.0508503
367 0.607343 0.166507 0.0478568
368 0.607343 0.180334 0.0525595
369 0.607343 0.183674 0.055024
370 0.607343 0.188441 0.0461901
371 0.607343 0.168066 0.0492365
372 0.607343 0.186198 0.052449
373 0.607343 0.206438 0.0544816
374 0.607343 0.191393 0.0508592
375 0.607343 0.227862 0.0594979
376 0.607343 0.191615 0.0561218
377 0.607343 0.209046 0.054598
378 0.607343 0.197034 0.0528688
379 0.607343 0.200509 0.0489034
380 0.607343 0.193925 0.0533613
381 0.607343 0.201088 0.0541915
382 0.607343 0.19334 0.0498427
383 0.607343 0.193463 0.0508104
384 0.607343 0.172984 0.048993
385 0.607343 0.170627 0.0520336
386 0.607343 0.221247 0.0609323
387 0.607343 0.203044 0.0561798
388 0.607343 0.19643 0.0562459
389 0.607343 0.184409 0.0547159
390 0.607343 0.192412 0.0492559
391 0.607343 0.172248 0.0502433
392 0.607343 0.172788 0.0540835
393 0.607343 0.19279 0.0529663
394 0.607343 0.15928 0.0496887
395 0.607343 0.154904 0.0485568
396 0.607343 0.165408 0.0495195
397 0.607343 0.159151 0.0487403
398 0.607343 0.197931 0.0529489
399 0.607343 0.197307 0.0526394
400 0.607343 0.191844 0.0520701
401 0.607343 0.187749 0.0507245
402 0.607343 0.17266 0.0517469
403 0.607343 0.18988 0.0462918
404 0.607343 0.187784 0.0522368
405 0.607343 0.18246 0.0508747
406 0.607343 0.204484 0.0537295
407 0.607343 0.220933 0.0572612
408 0.607343 0.211216 0.056563
409 0.607343 0.199832 0.0528902
410 0.607343 0.213098 0.0555657
411 0.607343 0.180211 0.052918
412 0.607343 0.186231 0.0540745
413 0.607343 0.174505 0.0506843
414 0.607343 0.180962 0.0543759
415 0.607343 0.184668 0.0505133
416 0.607343 0.173994 0.0516067
417 0.607343 0.175107 0.0511405
418 0.607343 0.197578 0.0521533
419 0.607343 0.206371 0.049475
420 0.607343 0.1667 0.0498851
421 0.607343 0.176443 0.047253
422 0.607343 0.201166 0.0536107
423 0.607343 0.202889 0.0558155
424 0.607343 0.21587 0.057629
425 0.607343 0.203605 0.0555876
426 0.607343 0.19611 0.0543848
427 0.607343 0.189253 0.0555681
428 0.607343 0.20804 0.0534925
429 0.607343 0.185169 0.0458878
430 0.607343 0.190455 0.0524135
431 0.607343 0.184609 0.0555792
432 0.607343 0.176919 0.0556415
433 0.607343 0.178047 0.0536414
434 0.607343 0.180665 0.0568502
435 0.607343 0.178678 0.0514934
436 0.607343 0.195368 0.052718
437 0.607343 0.196422 0.0590675
438 0.607343 0.210649 0.0583455
439 0.607343 0.229019 0.0600956
440 0.607343 0.212199 0.0606966
441 0.607343 0.216228 0.0584968
442 0.607589 0.224816 0.0577011
443 0.607589 0.194077 0.0544147
444 0.607589 0.213883 0.0541809
445 0.607589 0.202548 0.0559789
446 0.607589 0.218501 0.0607072
447 0.607589 0.178835 0.0522712
448 0.607589 0.164532 0.04472
449 0.607589 0.185427 0.05245
450 0.607589 0.194739 0.0495594
451 0.607589 0.153892 0.044596
452 0.607589 0.176774 0.0495455
453 0.607589 0.201395 0.0515148
454 0.607589 0.195133 0.0480511
455 0.607589 0.174581 0.0442667
456 0.607589 0.178839 0.0476454
457 0.607589 0.202355 0.05042
458 0.607589 0.190642 0.0493542
459 0.607589 0.218897 0.0538282
460 0.607589 0.19743 0.0502641
461 0.607589 0.184079 0.050068
462 0.607589 0.165408 0.05151
463 0.607589 0.170925 0.0516566
464 0.607589 0.196146 0.0544974
465 0.607589 0.178315 0.0509489
466 0.607589 0.176858 0.0475349
467 0.607589 0.164103 0.0478399
468 0.607589 0.174445 0.0492423
469 0.607589 0.187358 0.0505207
470 0.607589 0.193856 0.0543169
471 0.607589 0.194122 0.0506205
472 0.607589 0.193371 0.0551025
473 0.607589 0.181338 0.049242
474 0.607589 0.179369 0.0458045
475 0.607589 0.185599 0.0519743
476 0.607589 0.167953 0.0485546
477 0.607589 0.199965 0.0524886
478 0.607589 0.207276 0.05611
479 0.607589 0.174268 0.0516034
480 0.607589 0.157103 0.0510925
481 0.607589 0.173182 0.0536496
482 0.607589 0.172673 0.0510227
483 0.607589 0.199116 0.0515591
484 0.607589 0.203294 0.0510612
485 0.607589 0.189685 0.0516461
486 0.607589 0.184546 0.0531078
487 0.607589 0.213745 0.0557262
488 0.607589 0.217045 0.0566237
489 0.607589 0.221018 0.0548244
490 0.607589 0.214969 0.0520208
491 0.607589 0.160224 0.0474251
492 0.607589 0.157928 0.0471229
493 0.607589 0.179407 0.0533798
494 0.607589 0.182319 0.051164
495 0.607589 0.17806 0.0543554
496 0.607589 0.213838 0.0555874
497 0.607589 0.191225 0.0540317
498 0.607589 0.199665 0.055841
499 0.607589 0.188507 0.0538278
500 0.607589 0.196511 0.0556557
501 0.607589 0.201559 0.0536613
502 0.607589 0.175702 0.0515754
503 0.607589 0.199059 0.0475462
504 0.607589 0.196418 0.0521756
505 0.607589 0.175479 0.0511819
506 0.607589 0.175419 0.0499505
507 0.607589 0.196559 0.0510388
508 0.607589 0.204028 0.0526932
509 0.607589 0.184848 0.0470882
510 0.607589 0.185734 0.0478354
511 0.607589 0.18941 0.0483997
512 0.607589 0.158195 0.0471436
513 0.607589 0.166554 0.0498549
514 0.607589 0.167753 0.0537868
515 0.607589 0.173257 0.0533784
516 0.607589 0.198522 0.0527078
517 0.607589 0.165136 0.050104
518 0.607589 0.191646 0.0520413
519 0.607589 0.187891 0.0551061
520 0.607589 0.183812 0.0567753
521 0.607589 0.180332 0.054933
522 0.607589 0.179332 0.0575986
523 0.607589 0.157798 0.0502031
524 0.607589 0.181012 0.0549546
525 0.607589 0.180203 0.0516322
526 0.607589 0.190612 0.0506328
527 0.607589 0.192354 0.051799
528 0.607589 0.20503 0.0559418
529 0.607589 0.191006 0.0574452
530 0.607589 0.197867 0.053177
531 0.607589 0.193707 0.0551209
532 0.607589 0.210542 0.0610211
533 0.607589 0.191357 0.0576134
534 0.607589 0.18613 0.0562661
535 0.607589 0.190151 0.0561461
536 0.607589 0.183449 0.0539076
537 0.607589 0.179831 0.0489717
538 0.607589 0.192142 0.0513656
539 0.607589 0.188148 0.0534242
540 0.607589 0.193094 0.0518723
541 0.607589 0.200034 0.055911
542 0.607589 0.19994 0.0478951
543 0.607589 0.214098 0.0531661
544 0.607589 0.240664 0.0586516
545 0.607589 0.225294 0.0565859
546 0.607589 0.235649 0.0506883
547 0.607589 0.256657 0.0520541
548 0.607589 0.239874 0.0491982
549 0.607589 0.23599 0.0494336
550 0.607589 0.22458 0.0512548
551 0.607589 0.186335 0.0522018
552 0.607589 0.190324 0.0505938
553 0.607589 0.18698 0.0510183
554 0.607589 0.185502 0.0537337
555 0.607589 0.180094 0.0516916
556 0.607589 0.190896 0.0526421
557 0.607589 0.191559 0.0538126
558 0.607589 0.198622 0.0547996
559 0.607589 0.191672 0.0584123
560 0.607589 0.195217 0.0579283
561 0.607589 0.194336 0.0583538
562 0.607589 0.189464 0.0519136
563 0.607589 0.191672 0.0569551
564 0.607589 0.19912 0.0533247
565 0.607589 0.202759 0.0545001
566 0.607589 0.205411 0.0545038
567 0.607589 0.183176 0.0465753
568 0.607589 0.187774 0.0497805
569 0.607589 0.180336 0.0484594
570 0.607589 0.181399 0.0478486
571 0.607589 0.196937 0.0540975
572 0.607589 0.16888 0.0498901
573 0.607589 0.166859 0.0478142
574 0.607589 0.196468 0.0509065
575 0.607589 0.185622 0.0544681
576 0.607589 0.179623 0.0503684
577 0.607589 0.205942 0.0572396
578 0.607589 0.201275 0.054764
579 0.607589 0.210194 0.0497934
580 0.607589 0.217901 0.0517907
581 0.607589 0.190891 0.0516741
582 0.607589 0.16869 0.0475496
583 0.607589 0.178781 0.0491386
584 0.607589 0.172445 0.051958
585 0.607589 0.174861 0.0528849
586 0.607589 0.199026 0.0539278
587 0.607589 0.177441 0.054055
588 0.607589 0.160964 0.0521454
589 0.607589 0.188294 0.056413
590 0.607589 0.191022 0.0549442
591 0.607589 0.212992 0.0591774
592 0.607589 0.185086 0.0571321
593 0.607589 0.207732 0.0600065
594 0.607589 0.191088 0.0525608
595 0.607589 0.195925 0.053627
596 0.607589 0.200229 0.0495078
597 0.607589 0.207011 0.0563165
598 0.607589 0.151706 0.0465748
599 0.607589 0.134004 0.0464926
600 0.607589 0.123283 0.0411319
601 0.607589 0.147739 0.0483379
602 0.607589 0.138635 0.0449566
603 0.607589 0.15905 0.0515288
604 0.607589 0.146476 0.0454596
605 0.607589 0.182339 0.0518544
606 0.607589 0.168785 0.0502297
607 0.607589 0.143319 0.0467101
608 0.607589 0.158276 0.0511603
609 0.607589 0.183972 0.0524503
610 0.607589 0.180446 0.0502705
611 0.607589 0.183226 0.0517856
612 0.607589 0.162844 0.0529745
613 0.607589 0.167133 0.0532098
614 0.607589 0.167561 0.0504278
615 0.607589 0.184177 0.0510396
616 0.607589 0.186434 0.053846
617 0.607589 0.191933 0.0573756
618 0.607589 0.183476 0.0506717
619 0.607589 0.202077 0.0488401
620 0.607589 0.188066 0.0507511
621 0.607589 0.182656 0.0539802
622 0.607589 0.194711 0.0547696
623 0.607589 0.183355 0.0568392
624 0.607589 0.193373 0.0549644
625 0.607589 0.201035 0.0525096
626 0.607589 0.197274 0.0483576
627 0.607589 0.214928 0.0575133
628 0.607589 0.199884 0.0506088
629 0.607589 0.183666 0.0518883
630 0.607589 0.159883 0.047822
631 0.607589 0.185972 0.0526272
632 0.607589 0.164767 0.0458743
633 0.607589 0.171879 0.051304
634 0.607677 0.189487 0.0498081
635 0.607677 0.183864 0.0474719
636 0.607677 0.19002 0.0496489
637 0.607677 0.190004 0.050841
638 0.607677 0.166648 0.0500111
639 0.607677 0.171446 0.0507746
640 0.607677 0.157385 0.0485839
641 0.607677 0.157021 0.0522165
642 0.607677 0.149086 0.0460961
643 0.607677 0.158559 0.0484217
644 0.607677 0.172476 0.0489078
645 0.607677 0.195999 0.0555642
646 0.607677 0.209769 0.0597329
647 0.607677 0.196685 0.0553264
648 0.607677 0.189971 0.0541639
649 0.607677 0.196083 0.0536213
650 0.607677 0.213211 0.0544826
651 0.607677 0.208197 0.0537034
652 0.607677 0.204098 0.0512191
653 0.607677 0.226258 0.0511642
654 0.607677 0.186781 0.0515364
655 0.607677 0.173129 0.0548467
656 0.607677 0.156594 0.0505996
657 0.607677 0.193082 0.0562698
658 0.607677 0.179209 0.0521229
659 0.607677 0.167467 0.047336
660 0.607677 0.166719 0.0508209
661 0.607677 0.168015 0.0507047
662 0.607677 0.185444 0.0484153
663 0.607677 0.178447 0.0483275
664 0.607677 0.200888 0.0541939
665 0.607677 0.196946 0.0516854
666 0.607677 0.208263 0.0535005
667 0.607677 0.166483 0.0505549
668 0.607677 0.192832 0.048911
669 0.607677 0.207488 0.0503565
670 0.607677 0.208907 0.0541106
671 0.607677 0.224857 0.0521057
672 0.607677 0.180683 0.0486974
673 0.607677 0.181676 0.0462026
674 0.607677 0.186807 0.0468761
675 0.607677 0.175667 0.0466487
676 0.607677 0.181773 0.051463
677 0.607677 0.179114 0.0524377
678 0.607677 0.168348 0.0474231
679 0.607677 0.165392 0.0427218
680 0.607677 0.19389 0.0485817
681 0.607677 0.200901 0.0534596
682 0.607677 0.219082 0.0536764
683 0.607677 0.172154 0.0483019
684 0.607677 0.184786 0.0506741
685 0.607677 0.20587 0.0552578
686 0.607677 0.217311 0.060082
687 0.607677 0.186068 0.0547337
688 0.607677 0.181245 0.0512474
689 0.607677 0.203888 0.049973
690 0.607677 0.196726 0.0524754
691 0.60772 0.191636 0.053006
692 0.60772 0.186627 0.0497824
693 0.60772 0.208252 0.0556329
694 0.60772 0.180186 0.0492403
695 0.60772 0.181589 0.0525832
696 0.60772 0.172436 0.0501872
697 0.60772 0.20363 0.0546362
698 0.60772 0.169249 0.0505321
699 0.60772 0.160481 0.0468544
700 0.60772 0.162869 0.0481062
701 0.607821 0.171791 0.055071
702 0.607821 0.162409 0.0529277
703 0.607821 0.144172 0.0459602
704 0.607821 0.171463 0.0531547
705 0.607821 0.168797 0.0528519
706 0.607821 0.190765 0.0559362
707 0.607821 0.180561 0.0502341
708 0.607821 0.196545 0.051156
709 0.607821 0.213932 0.0481513
710 0.607821 0.189664 0.0499023
711 0.607821 0.182304 0.0489689
712 0.607821 0.183562 0.0427015
713 0.607821 0.18969 0.0509627
714 0.607821 0.195527 0.0505984
715 0.607821 0.174287 0.0485865
716 0.607821 0.188878 0.0517739
717 0.607821 0.166701 0.0520227
718 0.607821 0.215714 0.0560621
719 0.607821 0.207508 0.0573147
720 0.607821 0.219659 0.0571376
721 0.607821 0.213692 0.0522895
722 0.607821 0.227021 0.0609512
723 0.607821 0.21934 0.0559311
724 0.607821 0.207426 0.0479211
725 0.607821 0.234375 0.0492686
726 0.607821 0.224376 0.0535136
727 0.607821 0.202292 0.0512377
728 0.607821 0.2434 0.0555313
729 0.607821 0.200616 0.0498854
730 0.607821 0.202549 0.0530715
731 0.607821 0.178819 0.0519316
732 0.607821 0.19629 0.0542059
733 0.607821 0.191403 0.0527845
734 0.607821 0.167424 0.050676
735 0.608945 0.163151 0.05041
736 0.608945 0.208219 0.0545163
737 0.608945 0.193902 0.0530322
738 0.608945 0.195026 0.050044
739 0.608945 0.191638 0.0524661
740 0.608945 0.202391 0.0596631
741 0.608945 0.215434 0.059365
742 0.608945 0.192111 0.05649
743 0.608945 0.175914 0.0518385
744 0.608945 0.202995 0.0513284
745 0.608945 0.184441 0.0520479
746 0.608945 0.195646 0.0577507
747 0.608945 0.17775 0.0542071
748 0.608945 0.186287 0.0509302
749 0.608945 0.200289 0.0531098
750 0.608945 0.209391 0.0559564
751 0.608945 0.223934 0.055478
752 0.608945 0.206755 0.053262
753 0.608945 0.238612 0.0570187
754 0.608945 0.23719 0.0569688
755 0.608945 0.218843 0.0512863
756 0.608945 0.189009 0.047771
757 0.608945 0.220657 0.053265
758 0.608945 0.21611 0.0539918
759 0.608945 0.211603 0.0536569
760 0.608945 0.219931 0.0530663
761 0.608945 0.219244 0.0545949
762 0.608945 0.210492 0.0502247
763 0.608945 0.210815 0.0512626
764 0.608945 0.200355 0.0556722
765 0.608945 0.184898 0.0500406
766 0.608945 0.19839 0.0560769
767 0.608945 0.166711 0.0503657
768 0.608945 0.15965 0.049033
769 0.608945 0.217341 0.0497807
770 0.608945 0.195045 0.0532916
771 0.608945 0.204211 0.0560645
772 0.608945 0.186181 0.0551429
773 0.608945 0.190405 0.049567
774 0.608945 0.194956 0.049834
775 0.608945 0.210139 0.04916
776 0.608945 0.184646 0.0475164
777 0.608945 0.205158 0.0550799
778 0.608945 0.20793 0.0535665
779 0.608945 0.19771 0.0539232
780 0.608945 0.216208 0.0561
781 0.608945 0.199898 0.0543926
782 0.608945 0.179795 0.049193
783 0.608945 0.221477 0.0554788
784 0.608945 0.17859 0.0508517
785 0.608945 0.174881 0.0502433
786 0.608945 0.170238 0.0471107
787 0.608945 0.169563 0.0444557
788 0.608945 0.198707 0.0516794
789 0.608945 0.194352 0.0548798
790 0.608945 0.174508 0.054982
791 0.608945 0.200563 0.0528886
792 0.608945 0.209319 0.0496476
793 0.608945 0.178206 0.0506248
794 0.608945 0.168371 0.0484335
795 0.608945 0.191987 0.0541704
796 0.608945 0.187064 0.0556067
797 0.608945 0.17232 0.0524788
798 0.608945 0.178045 0.0513364
799 0.608945 0.191388 0.0494748
800 0.608945 0.213446 0.051825
801 0.608945 0.181242 0.0501761
802 0.608945 0.172068 0.047601
803 0.608945 0.16345 0.0511451
804 0.608945 0.176089 0.0478399
805 0.608945 0.161806 0.048785
806 0.608945 0.161572 0.0490681
807 0.608945 0.158342 0.045756
808 0.608945 0.172041 0.0510323
809 0.608945 0.174471 0.0523808
810 0.608945 0.173429 0.0481559
811 0.608945 0.20608 0.0499541
812 0.608945 0.178348 0.0451384
813 0.608945 0.201648 0.0493034
814 0.608945 0.179947 0.0436344
815 0.608945 0.212988 0.0476342
816 0.608945 0.175849 0.0505203
817 0.608945 0.162167 0.0497121
818 0.608945 0.200461 0.0577779
819 0.608945 0.169216 0.0517878
820 0.608945 0.184569 0.0536511
821 0.608945 0.210532 0.059237
822 0.608945 0.186656 0.0547859
823 0.608945 0.198 0.0508413
824 0.608945 0.170226 0.0469716
825 0.608945 0.189167 0.0494016
826 0.608945 0.168653 0.052245
827 0.608945 0.165877 0.0492001
828 0.608945 0.172277 0.047174
829 0.608945 0.188028 0.0473656
830 0.608945 0.210917 0.0522531
831 0.608945 0.182053 0.0494472
832 0.608945 0.175595 0.0476469
833 0.608945 0.178641 0.0517622
834 0.608945 0.181482 0.0543756
835 0.608945 0.170121 0.0530294
836 0.608945 0.156305 0.0530086
837 0.608945 0.169694 0.0543855
838 0.608945 0.155852 0.0512789
839 0.608945 0.202876 0.0591271
840 0.608945 0.179738 0.0510976
841 0.608945 0.19734 0.0515079
842 0.608945 0.204786 0.0560237
843 0.608945 0.204396 0.0497624
844 0.608945 0.148475 0.0452795
845 0.608945 0.176061 0.050952
846 0.608945 0.188831 0.0484722
847 0.608945 0.194215 0.0535751
848 0.608945 0.168286 0.0495674
849 0.608945 0.146148 0.0493643
850 0.608945 0.189064 0.0556395
851 0.608945 0.192712 0.0508796
852 0.608945 0.191296 0.0494773
853 0.608945 0.180328 0.0488992
854 0.609069 0.19591 0.0473926
855 0.609069 0.189551 0.0439612
856 0.609069 0.165659 0.04358
857 0.609069 0.186112 0.0473381
858 0.609069 0.176873 0.0453997
859 0.609069 0.165513 0.0492647
860 0.609069 0.203116 0.056417
861 0.609069 0.222896 0.0565371
862 0.609069 0.202382 0.053754
863 0.609069 0.175969 0.0525561
864 0.609069 0.190059 0.0517269
865 0.609069 0.158707 0.0461817
866 0.609069 0.174393 0.046829
867 0.609069 0.179131 0.0492464
868 0.609069 0.19591 0.0512554
869 0.609069 0.197653 0.0502466
870 0.609069 0.193376 0.0477159
871 0.609069 0.210086 0.0555385
872 0.609069 0.200967 0.0493081
873 0.609069 0.18767 0.0503189
874 0.609069 0.183278 0.0448327
875 0.609069 0.217756 0.0491174
876 0.609069 0.195026 0.0495214
877 0.609069 0.162457 0.0440025
878 0.609069 0.157195 0.0454302
879 0.609069 0.161514 0.0474389
880 0.609069 0.198921 0.0495564
881 0.609069 0.171725 0.0503578
882 0.609069 0.171924 0.0494669
883 0.609069 0.181772 0.0550987
884 0.609069 0.172588 0.0493016
885 0.609069 0.173479 0.0524733
886 0.609069 0.182131 0.0531995
887 0.609069 0.195387 0.0535403
888 0.609069 0.189685 0.0526998
889 0.609069 0.186443 0.0509439
890 0.609069 0.202322 0.049749
891 0.609069 0.191392 0.0514149
892 0.609069 0.173025 0.054687
893 0.609069 0.180602 0.0533781
894 0.609069 0.176328 0.048576
895 0.609069 0.201765 0.0532329
896 0.609069 0.204027 0.0536272
897 0.609069 0.180486 0.0546786
898 0.609069 0.19076 0.054808
899 0.609069 0.184293 0.0512645
900 0.609069 0.214953 0.0533419
901 0.609069 0.227307 0.0550611
902 0.609069 0.206824 0.052986
903 0.609069 0.172863 0.0494528
904 0.609069 0.219017 0.054106
905 0.609069 0.209338 0.0506538
906 0.609069 0.20264 0.0483547
907 0.609069 0.220562 0.0560503
908 0.609069 0.224486 0.0549797
909 0.609069 0.206383 0.0545389
910 0.609069 0.182375 0.0517011
911 0.609069 0.175165 0.050228
912 0.609069 0.18954 0.051914
913 0.609069 0.141964 0.0437823
914 0.609069 0.175 0.0522179
915 0.609069 0.190954 0.0503967
916 0.609069 0.213641 0.0495354
917 0.609069 0.205086 0.0498111
918 0.609069 0.185248 0.0498643
919 0.609069 0.168823 0.0488886
920 0.609069 0.17137 0.0470128
921 0.609069 0.165187 0.0467613
922 0.609069 0.19681 0.0548185
923 0.609069 0.191845 0.0505916
924 0.609069 0.197423 0.0539543
925 0.609069 0.189218 0.0516187
926 0.609069 0.191881 0.0577964
927 0.609069 0.172661 0.0549236
928 0.609069 0.142044 0.0483429
929 0.609069 0.13945 0.0469437
930 0.609069 0.145239 0.0482466
931 0.609069 0.168382 0.0518538
932 0.609069 0.177987 0.0478083
933 0.609069 0.185143 0.0487371
934 0.609069 0.213818 0.0519261
935 0.609069 0.191793 0.054022
936 0.609069 0.179137 0.0497583
937 0.609069 0.183017 0.055556
938 0.609069 0.16824 0.0519407
939 0.609069 0.169942 0.051676
940 0.609069 0.179413 0.0533471
941 0.609069 0.187371 0.0530219
942 0.609069 0.205386 0.0568449
943 0.609069 0.227926 0.0578843
944 0.609069 0.176183 0.0522397
945 0.609069 0.184126 0.0514455
946 0.609069 0.194436 0.0527347
947 0.609069 0.193862 0.0571638
948 0.609069 0.191564 0.0515097
949 0.609069 0.192873 0.0511899
950 0.609069 0.174845 0.0526364
951 0.609069 0.182768 0.0551264
952 0.609069 0.162225 0.0486519
953 0.609069 0.158911 0.0534043
954 0.609069 0.17835 0.0499067
955 0.609069 0.197676 0.0516938
956 0.609069 0.217483 0.0510171
957 0.609069 0.206626 0.05124
958 0.609069 0.169098 0.0469151
959 0.609069 0.190602 0.0563065
960 0.609069 0.167034 0.0551841
961 0.609069 0.159098 0.049168
962 0.609069 0.169672 0.0493282
963 0.609069 0.205247 0.0542185
964 0.609069 0.195805 0.0560858
965 0.609069 0.19264 0.0516707
966 0.609069 0.178605 0.0489698
967 0.609069 0.177441 0.0496169
968 0.609069 0.178059 0.0519071
969 0.609069 0.175231 0.050988
970 0.609069 0.191349 0.0481599
971 0.609069 0.221372 0.0542257
972 0.609977 0.210811 0.0536219
973 0.609977 0.192513 0.0512495
974 0.609977 0.191827 0.0502344
975 0.609977 0.182759 0.0490875
976 0.609977 0.175676 0.0459518
977 0.609977 0.185757 0.0470215
978 0.609977 0.160962 0.0480723
979 0.609977 0.182782 0.0536494
980 0.609977 0.213387 0.0569576
981 0.609977 0.199071 0.0518454
982 0.609977 0.205364 0.0530745
983 0.609977 0.19005 0.0509805
984 0.609977 0.180825 0.0495323
985 0.609977 0.182294 0.049196
986 0.609977 0.15786 0.0529146
987 0.609977 0.217132 0.059311
988 0.609977 0.193747 0.0531924
989 0.609977 0.194413 0.0553403
990 0.609977 0.175056 0.0518039
991 0.609977 0.199489 0.0515097
992 0.609977 0.206815 0.0531328
993 0.609977 0.188435 0.0499239
994 0.609977 0.180069 0.0518827
995 0.609977 0.200129 0.0539169
996 0.609977 0.198144 0.0501412
997 0.609977 0.205808 0.0479006
998 0.609977 0.200027 0.0481974
999 0.609977 0.181606 0.0466753
1000 0.609977 0.200906 0.0477269
