0 0.125273 0.0595124 0.00386519
1 0.125273 0.0732729 0.00377666
2 0.125273 0.0790897 0.00365253
3 0.125273 0.0889325 0.00324428
4 0.125273 0.0842563 0.00343949
5 0.125274 0.0851621 0.00343252
6 0.125276 0.095123 0.00288439
7 0.125276 0.0940195 0.00293796
8 0.212466 0.0948993 0.00306969
9 0.212466 0.093541 0.00315217
10 0.212466 0.0924028 0.00322741
11 0.212466 0.100168 0.00271056
12 0.212466 0.103817 0.00243529
13 0.212466 0.110582 0.00179151
14 0.285875 0.107846 0.00255107
15 0.285875 0.108287 0.00244259
16 0.377228 0.117975 0.002503
17 0.512612 0.120437 0.00427383
17 0.506751 0.0158645 0.00547876
18 0.506751 0.0218535 0.00719308
19 0.506751 0.0281769 0.00844965
20 0.520004 0.0455808 0.0138019
21 0.551716 0.0502658 0.0173951
22 0.570984 0.0681281 0.0243797
23 0.570984 0.0853827 0.0305483
24 0.570984 0.086877 0.0320101
25 0.570984 0.11176 0.037946
26 0.570984 0.109713 0.0407164
27 0.570984 0.0939103 0.0361534
28 0.570984 0.120931 0.0438414
29 0.570984 0.110882 0.0394262
30 0.571427 0.113247 0.041077
31 0.571735 0.153252 0.0499413
32 0.571735 0.147795 0.0450318
33 0.57226 0.172024 0.0485561
34 0.573495 0.174011 0.0482333
35 0.573495 0.159564 0.0455719
36 0.573495 0.197743 0.0499883
37 0.580642 0.161617 0.0474499
38 0.580642 0.171994 0.0517271
39 0.580642 0.172495 0.0529367
40 0.580642 0.210206 0.0512725
41 0.580642 0.201783 0.0557603
42 0.580642 0.212435 0.053371
43 0.580642 0.241096 0.0523576
44 0.580642 0.252085 0.0550916
45 0.58473 0.239921 0.0538501
46 0.58473 0.240568 0.0532857
47 0.58473 0.236726 0.0544429
48 0.58473 0.222356 0.0564592
49 0.58473 0.230303 0.0526404
50 0.588898 0.238622 0.0549001
51 0.588898 0.259914 0.0489072
52 0.588898 0.281421 0.0486719
53 0.588898 0.243489 0.0470096
54 0.588898 0.263751 0.053645
55 0.588898 0.264639 0.0502188
56 0.595051 0.244526 0.0495675
57 0.595051 0.242056 0.0534354
58 0.595051 0.241947 0.0478499
59 0.595051 0.240326 0.0445588
60 0.595051 0.214692 0.0495262
61 0.595051 0.238075 0.0528488
62 0.595051 0.263719 0.0486002
63 0.595051 0.262073 0.0492037
64 0.595051 0.263864 0.0453898
65 0.595051 0.228896 0.0447399
66 0.595051 0.216244 0.0484077
67 0.595051 0.216241 0.0466296
68 0.595051 0.235023 0.0479296
69 0.595051 0.23092 0.0481911
70 0.595051 0.200957 0.0484594
71 0.595051 0.21962 0.0499744
72 0.595051 0.241064 0.0473063
73 0.595051 0.258647 0.0450825
74 0.595051 0.224028 0.0490444
75 0.595051 0.224636 0.0503511
76 0.595051 0.224949 0.048259
77 0.595051 0.230078 0.0508215
78 0.595051 0.224414 0.0506489
79 0.595051 0.225123 0.0501366
80 0.595051 0.226545 0.0522197
81 0.595051 0.247182 0.0512087
82 0.595572 0.218809 0.0500771
83 0.595572 0.214976 0.052485
84 0.595572 0.212059 0.0514236
85 0.595572 0.230599 0.052492
86 0.595572 0.24135 0.0515635
87 0.595572 0.236232 0.0527043
88 0.595572 0.222126 0.0558578
89 0.595572 0.241565 0.0500402
90 0.595572 0.248486 0.0524749
91 0.595572 0.238598 0.0545055
92 0.595572 0.264129 0.0511646
93 0.595572 0.224782 0.0497746
94 0.595572 0.233375 0.0519354
95 0.595572 0.234317 0.0492813
96 0.595572 0.245458 0.0472161
97 0.595572 0.233622 0.045953
98 0.595572 0.258584 0.0483922
99 0.595572 0.276108 0.0510738
100 0.595572 0.271639 0.0482087
101 0.595572 0.249906 0.0500728
102 0.595572 0.246918 0.0474775
103 0.595572 0.217067 0.0476958
104 0.595572 0.228439 0.0466358
105 0.595572 0.223485 0.0530004
106 0.595572 0.236211 0.0508501
107 0.595572 0.232881 0.047833
108 0.595572 0.250858 0.0543642
109 0.595572 0.234509 0.0546598
110 0.595572 0.252668 0.0581145
111 0.595572 0.234862 0.0564711
112 0.595572 0.243698 0.0556643
113 0.597805 0.239631 0.0563763
114 0.597805 0.247713 0.0546388
115 0.597805 0.254205 0.052349
116 0.597805 0.272799 0.0545642
117 0.597805 0.266791 0.0536533
118 0.597805 0.249451 0.0503914
119 0.597805 0.253046 0.0502029
120 0.599005 0.247716 0.0554458
121 0.599005 0.264779 0.0539612
122 0.599005 0.235507 0.0523502
123 0.599005 0.250392 0.0554741
124 0.599005 0.273491 0.0527078
125 0.599005 0.295981 0.0457657
126 0.599005 0.273756 0.0514258
127 0.599005 0.267713 0.0504376
128 0.599005 0.233494 0.0478839
129 0.599005 0.242701 0.0499954
130 0.599005 0.264296 0.0490845
131 0.599005 0.264926 0.0533335
132 0.599005 0.242685 0.0524116
133 0.599005 0.238567 0.0518516
134 0.599005 0.237393 0.0554842
135 0.599005 0.260549 0.0514517
136 0.599005 0.249182 0.0535029
137 0.599005 0.229636 0.0495459
138 0.599005 0.206913 0.0477455
139 0.599005 0.23114 0.0474117
140 0.599005 0.231818 0.0523676
141 0.599005 0.223095 0.0493157
142 0.599005 0.225603 0.0524065
143 0.599005 0.253664 0.0586423
144 0.59955 0.206892 0.0547618
145 0.59955 0.208174 0.0496129
146 0.602078 0.245508 0.0561387
147 0.602078 0.25454 0.0571235
148 0.602078 0.268643 0.0526401
149 0.602078 0.254617 0.0511392
150 0.602078 0.254408 0.0478156
151 0.602078 0.242766 0.0468173
152 0.602078 0.244519 0.0493275
153 0.602078 0.246821 0.0488068
154 0.602078 0.240436 0.0533705
155 0.602078 0.226425 0.0513577
156 0.602078 0.223468 0.0500526
157 0.602078 0.23082 0.0526197
158 0.602078 0.253334 0.0504589
159 0.602078 0.211002 0.0482541
160 0.602078 0.237601 0.0509111
161 0.602078 0.245082 0.0524879
162 0.602078 0.248945 0.05204
163 0.602078 0.268192 0.0531136
164 0.602078 0.240569 0.0477646
165 0.602078 0.241529 0.0507729
166 0.602078 0.262208 0.0534345
167 0.602078 0.252262 0.0543616
168 0.602078 0.237997 0.0507168
169 0.602078 0.256915 0.051476
170 0.602078 0.225423 0.0508528
171 0.602078 0.233303 0.0516566
172 0.602078 0.227346 0.0533791
173 0.602078 0.215254 0.054821
174 0.602078 0.214643 0.0548937
175 0.602078 0.237437 0.0540897
176 0.602078 0.231572 0.0534869
177 0.602078 0.223864 0.0586941
178 0.602078 0.258023 0.0558689
179 0.602078 0.279715 0.0487985
180 0.602078 0.246342 0.0519884
181 0.602078 0.252721 0.052587
182 0.602078 0.28293 0.0498893
183 0.602078 0.27405 0.0477236
184 0.602078 0.240059 0.0486746
185 0.602078 0.255501 0.0516221
186 0.602078 0.258622 0.0541526
187 0.602078 0.239013 0.0571617
188 0.602078 0.245492 0.05601
189 0.602078 0.249561 0.0550837
190 0.602078 0.261671 0.0489699
191 0.602078 0.256161 0.0497332
192 0.602078 0.257086 0.0462048
193 0.602078 0.276726 0.0471571
194 0.602078 0.252962 0.0521724
195 0.602078 0.248374 0.0506278
196 0.602078 0.247521 0.0498223
197 0.602078 0.244675 0.0499654
198 0.602078 0.247291 0.0500189
199 0.602078 0.268002 0.051379
200 0.602078 0.251134 0.0524264
201 0.602078 0.251052 0.0508089
202 0.602078 0.259668 0.0508708
203 0.602078 0.204826 0.0504289
204 0.602078 0.238793 0.0539462
205 0.602078 0.213508 0.0529848
206 0.602078 0.213063 0.0528732
207 0.602078 0.240716 0.0539431
208 0.602078 0.280029 0.0521132
209 0.602078 0.269455 0.0481022
210 0.602078 0.255989 0.0475813
211 0.602078 0.251908 0.0471284
212 0.602078 0.274034 0.0519137
213 0.602078 0.294723 0.0499071
214 0.602078 0.289911 0.0492541
215 0.602078 0.268496 0.0515708
216 0.602078 0.25471 0.0559921
217 0.602078 0.279088 0.0554068
218 0.602078 0.268263 0.0556659
219 0.60275 0.309889 0.0519493
220 0.60275 0.299601 0.052866
221 0.60275 0.267564 0.0525705
222 0.60275 0.256494 0.0542498
223 0.60275 0.238755 0.0511099
224 0.60275 0.257359 0.0467181
225 0.60275 0.259137 0.0519736
226 0.60275 0.261608 0.0521419
227 0.60275 0.263521 0.0504663
228 0.60275 0.24663 0.0507817
229 0.60275 0.240181 0.0504697
230 0.60275 0.253774 0.0508944
231 0.60275 0.228182 0.0491286
232 0.60275 0.241133 0.0495723
233 0.60275 0.250766 0.0524417
234 0.60275 0.287437 0.0492354
235 0.60275 0.293499 0.0517049
236 0.60275 0.27003 0.0529656
237 0.60275 0.285303 0.0529917
238 0.60275 0.271387 0.0563879
239 0.60275 0.253215 0.0561339
240 0.60275 0.260758 0.0532722
241 0.60275 0.248651 0.0503501
242 0.60275 0.250805 0.0503199
243 0.60275 0.261139 0.0482256
244 0.60275 0.251261 0.0502895
245 0.60275 0.260501 0.0499092
246 0.60275 0.241359 0.0508846
247 0.60275 0.28773 0.0523084
248 0.60275 0.277937 0.0528564
249 0.60275 0.243728 0.0509931
250 0.60275 0.259134 0.051969
251 0.60275 0.266068 0.0578213
252 0.60275 0.27545 0.0551345
253 0.60275 0.272197 0.053349
254 0.60275 0.242325 0.0521799
255 0.60275 0.242395 0.0511221
256 0.60275 0.235758 0.0546697
257 0.60275 0.263319 0.0576719
258 0.60275 0.282162 0.0501929
259 0.60275 0.265777 0.0484895
260 0.60275 0.234176 0.0501345
261 0.60275 0.247682 0.0502324
262 0.60275 0.257142 0.0499955
263 0.60275 0.267909 0.0546726
264 0.60275 0.248975 0.0520755
265 0.60275 0.257223 0.0496629
266 0.60275 0.268099 0.0556385
267 0.60275 0.280109 0.0527574
268 0.60275 0.269503 0.0553255
269 0.60275 0.273506 0.0496029
270 0.602864 0.267234 0.0511414
271 0.602864 0.288288 0.0495258
272 0.602864 0.309586 0.0512505
273 0.602864 0.26643 0.0519016
274 0.602864 0.242812 0.0496386
275 0.602864 0.223662 0.0550071
276 0.602864 0.240899 0.0526799
277 0.602864 0.214412 0.0495219
278 0.602864 0.236636 0.0518442
279 0.602864 0.218599 0.0525281
280 0.602864 0.23795 0.0494873
281 0.602864 0.2533 0.0482142
282 0.602864 0.252487 0.0527312
283 0.602864 0.263653 0.0551169
284 0.602864 0.257897 0.0613781
285 0.602864 0.264538 0.0580571
286 0.602864 0.249491 0.0520144
287 0.602864 0.253397 0.0509243
288 0.602864 0.241034 0.0484506
289 0.602864 0.24832 0.0604842
290 0.602864 0.238403 0.05683
291 0.602864 0.229716 0.054564
292 0.602864 0.225898 0.0525514
293 0.602864 0.218896 0.0533087
294 0.602864 0.203152 0.0508324
295 0.602864 0.23739 0.0522579
296 0.602864 0.213813 0.0487641
297 0.602864 0.222908 0.0522909
298 0.602864 0.247891 0.0466447
299 0.607312 0.251477 0.0534871
300 0.607312 0.235883 0.0559431
301 0.607312 0.227582 0.0579324
302 0.607312 0.228376 0.0551775
303 0.607312 0.249221 0.0531238
304 0.607312 0.233388 0.0506002
305 0.607312 0.218745 0.0457989
306 0.607312 0.197336 0.0482044
307 0.607312 0.211397 0.0487686
308 0.607312 0.222129 0.0510732
309 0.607312 0.216063 0.0509632
310 0.607312 0.217295 0.0537686
311 0.607312 0.249176 0.0550514
312 0.607312 0.211363 0.0518503
313 0.607312 0.229317 0.0538727
314 0.607312 0.233978 0.0519687
315 0.607312 0.22479 0.051473
316 0.607312 0.230883 0.0503608
317 0.607312 0.274693 0.0466764
318 0.607312 0.25801 0.0504688
319 0.607312 0.261546 0.0493797
320 0.607312 0.272655 0.0522122
321 0.607312 0.264545 0.0533739
322 0.607312 0.250379 0.0528507
323 0.607312 0.263762 0.0529143
324 0.607312 0.242064 0.0547919
325 0.607312 0.243522 0.0530958
326 0.607312 0.229057 0.0526388
327 0.607312 0.234484 0.0565407
328 0.607312 0.228999 0.0512963
329 0.607312 0.229489 0.0542993
330 0.607312 0.22925 0.0556696
331 0.607312 0.22778 0.0553148
332 0.607312 0.237433 0.0569497
333 0.607312 0.230006 0.0569087
334 0.607312 0.227553 0.0571322
335 0.607312 0.203809 0.0563911
336 0.607312 0.212047 0.0528632
337 0.607312 0.207208 0.0542196
338 0.607312 0.227509 0.0569789
339 0.607312 0.222224 0.0500041
340 0.607312 0.215866 0.0553967
341 0.607312 0.199919 0.0516473
342 0.607312 0.217746 0.050265
343 0.607312 0.231616 0.0501323
344 0.607312 0.237307 0.0469334
345 0.607312 0.222317 0.0519852
346 0.607312 0.24103 0.0558572
347 0.607312 0.222402 0.0494006
348 0.607312 0.2185 0.056906
349 0.607312 0.252359 0.0586277
350 0.607312 0.222759 0.0565553
351 0.60764 0.2215 0.0528222
352 0.60764 0.210233 0.0556499
353 0.60764 0.214943 0.0582595
354 0.607657 0.212975 0.0600523
355 0.607657 0.182267 0.0544249
356 0.607657 0.199572 0.0550409
357 0.607657 0.192879 0.0553432
358 0.607657 0.199552 0.0594623
359 0.607657 0.210006 0.0567733
360 0.607657 0.21587 0.0533398
361 0.607657 0.216198 0.0514196
362 0.607657 0.24886 0.0547251
363 0.607657 0.253978 0.0533185
364 0.607657 0.237785 0.0520565
365 0.608536 0.279425 0.0508602
366 0.608536 0.221464 0.0561049
367 0.608536 0.206598 0.0560978
368 0.608536 0.21752 0.0540913
369 0.608536 0.224295 0.0575177
370 0.608536 0.218928 0.0549007
371 0.608536 0.214447 0.0557653
372 0.608536 0.193238 0.0530782
373 0.608536 0.20625 0.0532462
374 0.608536 0.223523 0.0583563
375 0.608536 0.226849 0.0531281
376 0.608536 0.227164 0.0557079
377 0.608536 0.254827 0.0551649
378 0.608536 0.238935 0.0561055
379 0.608536 0.221863 0.0547441
380 0.608719 0.246302 0.0554828
381 0.608719 0.265945 0.0545107
382 0.608719 0.269929 0.0538857
383 0.608719 0.249129 0.0519082
384 0.608719 0.254069 0.060835
385 0.608719 0.239479 0.0549982
386 0.608719 0.216876 0.0571341
387 0.608719 0.221329 0.0547269
388 0.608719 0.244324 0.0520409
389 0.608719 0.246425 0.0575066
390 0.608719 0.221936 0.0579343
391 0.608719 0.237202 0.0534009
392 0.608719 0.251109 0.0543761
393 0.608719 0.240339 0.0573229
394 0.608719 0.271403 0.0537549
395 0.608719 0.261968 0.0557571
396 0.608719 0.266964 0.0583458
397 0.608719 0.254552 0.0618356
398 0.608719 0.289514 0.0581081
399 0.608719 0.286064 0.0573813
400 0.608719 0.252894 0.0475335
401 0.608719 0.241792 0.0525382
402 0.608719 0.212809 0.0544055
403 0.608719 0.21685 0.0532716
404 0.608719 0.241851 0.0531891
405 0.608719 0.224111 0.0561434
406 0.608719 0.249526 0.0523458
407 0.608719 0.236872 0.0542197
408 0.608719 0.245771 0.0615221
409 0.608719 0.242142 0.060167
410 0.608719 0.249461 0.0532289
411 0.608719 0.221618 0.0546273
412 0.608719 0.252417 0.0535367
413 0.608719 0.265709 0.0527569
414 0.608719 0.249554 0.0487733
415 0.608719 0.231199 0.0509731
416 0.609966 0.237083 0.0508283
417 0.609966 0.237347 0.049242
418 0.609966 0.248895 0.0564937
419 0.609966 0.228253 0.0578104
420 0.609966 0.233952 0.0553501
421 0.609966 0.258252 0.0534916
422 0.609966 0.26511 0.0548114
423 0.609966 0.258791 0.0546394
424 0.609966 0.260294 0.0564814
425 0.609966 0.262778 0.0583816
426 0.609966 0.237731 0.0560621
427 0.609966 0.239031 0.0567783
428 0.609966 0.196027 0.0505418
429 0.609966 0.17899 0.0519833
430 0.609966 0.174953 0.053996
431 0.609966 0.172126 0.0528114
432 0.609966 0.184524 0.0558186
433 0.609966 0.231039 0.0586379
434 0.609966 0.233269 0.0582143
435 0.609966 0.195626 0.0541051
436 0.609966 0.182496 0.0555621
437 0.609966 0.200344 0.0553772
438 0.609966 0.244719 0.0572798
439 0.609966 0.253996 0.0617963
440 0.609966 0.228154 0.0551497
441 0.609966 0.239599 0.0542714
442 0.609966 0.208503 0.0531389
443 0.609966 0.256234 0.058392
444 0.609966 0.27714 0.0505443
445 0.609966 0.263987 0.0536741
446 0.609966 0.221023 0.0555256
447 0.609966 0.242478 0.0616304
448 0.609966 0.208812 0.057208
449 0.609966 0.184963 0.0534551
450 0.609966 0.209026 0.0579955
451 0.609966 0.22748 0.0571095
452 0.609966 0.209351 0.0542649
453 0.609966 0.239086 0.051666
454 0.609966 0.234632 0.0555779
455 0.609966 0.196699 0.0495968
456 0.609966 0.236453 0.0578736
457 0.609966 0.218444 0.0534535
458 0.609966 0.223132 0.0509533
459 0.609966 0.238348 0.0478677
460 0.609966 0.222777 0.0522777
461 0.609966 0.231287 0.050099
462 0.609966 0.225107 0.0517237
463 0.609966 0.231943 0.0567869
464 0.609966 0.22109 0.0573106
465 0.609966 0.22302 0.0572848
466 0.609966 0.266372 0.0584228
467 0.609966 0.279175 0.0543838
468 0.609966 0.281129 0.0623052
469 0.609966 0.289204 0.0568001
470 0.609966 0.269761 0.0555627
471 0.609966 0.240904 0.0518818
472 0.609966 0.263077 0.0571998
473 0.609966 0.254212 0.0558835
474 0.609966 0.235591 0.0511031
475 0.609966 0.22243 0.0519041
476 0.609966 0.221226 0.0501949
477 0.609966 0.21506 0.0539782
478 0.609966 0.249608 0.0546753
479 0.609966 0.260922 0.0574814
480 0.609966 0.248663 0.0565329
481 0.609966 0.240507 0.0538087
482 0.609966 0.230798 0.0588141
483 0.609966 0.216369 0.0540837
484 0.609966 0.238371 0.0547057
485 0.609966 0.241041 0.0533383
486 0.609966 0.241748 0.0575674
487 0.609966 0.233705 0.0581212
488 0.609966 0.210256 0.0547377
489 0.609966 0.232411 0.0562284
490 0.609966 0.219695 0.0524298
491 0.609966 0.229223 0.0516905
492 0.609966 0.229732 0.0519155
493 0.609966 0.21226 0.0527243
494 0.609966 0.225652 0.0570022
495 0.609966 0.243701 0.0534453
496 0.609966 0.237032 0.0557723
497 0.609966 0.227018 0.0557138
498 0.609966 0.239632 0.0540673
499 0.609966 0.196284 0.0513245
500 0.609966 0.248803 0.0545831
501 0.609966 0.283856 0.052948
502 0.609966 0.274333 0.0521341
503 0.609966 0.254933 0.0519112
504 0.609966 0.239883 0.0531602
505 0.609966 0.273287 0.0558915
506 0.609966 0.269861 0.0560376
507 0.609966 0.242959 0.0599154
508 0.609966 0.234827 0.053575
509 0.609966 0.247761 0.0549557
510 0.609966 0.26068 0.0538027
511 0.609966 0.264297 0.0516439
512 0.609966 0.270115 0.048829
513 0.609966 0.235164 0.0522586
514 0.609966 0.265075 0.0560983
515 0.609966 0.26526 0.0518848
516 0.609966 0.289098 0.0554813
517 0.6122 0.287087 0.051735
518 0.6122 0.275361 0.0551385
519 0.6122 0.25307 0.0577727
520 0.6122 0.242302 0.0594786
521 0.6122 0.241281 0.0582556
522 0.6122 0.240185 0.0561382
523 0.6122 0.235068 0.0593062
524 0.6122 0.242489 0.0552589
525 0.6122 0.22462 0.0551766
526 0.6122 0.223275 0.0536319
527 0.6122 0.23637 0.0540604
528 0.6122 0.23588 0.051505
529 0.6122 0.24262 0.0553232
530 0.6122 0.227545 0.0588084
531 0.6122 0.246453 0.0567285
532 0.6122 0.261457 0.0545086
533 0.6122 0.266026 0.0556464
534 0.6122 0.247293 0.0518513
535 0.6122 0.251687 0.0510604
536 0.6122 0.263063 0.0540078
537 0.6122 0.245281 0.0577581
538 0.6122 0.263413 0.0593908
539 0.6122 0.25188 0.0607107
540 0.6122 0.277807 0.0563328
541 0.6122 0.236593 0.0561386
542 0.6122 0.239589 0.0542639
543 0.6122 0.244187 0.0554821
544 0.6122 0.249337 0.0540203
545 0.6122 0.251703 0.0569312
546 0.6122 0.256712 0.054078
547 0.6122 0.260562 0.051741
548 0.6122 0.256306 0.0534252
549 0.6122 0.232747 0.0531992
550 0.6122 0.235912 0.0551561
551 0.6122 0.247977 0.055263
552 0.6122 0.243896 0.059097
553 0.6122 0.237584 0.0564272
554 0.6122 0.226237 0.0602571
555 0.6122 0.256215 0.0608113
556 0.6122 0.225749 0.0571168
557 0.6122 0.228095 0.0613991
558 0.6122 0.220613 0.0557307
559 0.6122 0.23322 0.0531107
560 0.6122 0.216524 0.0575884
561 0.6122 0.214857 0.0500524
562 0.6122 0.218495 0.0526826
563 0.6122 0.241853 0.055966
564 0.6122 0.214795 0.0562539
565 0.6122 0.210284 0.0540021
566 0.6122 0.216727 0.0551403
567 0.6122 0.215556 0.0465576
568 0.6122 0.208005 0.0512627
569 0.6122 0.20156 0.0537735
570 0.6122 0.219133 0.0533653
571 0.6122 0.210438 0.0500815
572 0.6122 0.214208 0.0472797
573 0.6122 0.20264 0.0495035
574 0.6122 0.208004 0.0532737
575 0.6122 0.219268 0.0496228
576 0.6122 0.229175 0.0535485
577 0.6122 0.231677 0.0506492
578 0.6122 0.264532 0.0573037
579 0.6122 0.225387 0.0550039
580 0.6122 0.246072 0.0573906
581 0.6122 0.237705 0.0525167
582 0.6122 0.230387 0.0563747
583 0.6122 0.224282 0.0537699
584 0.6122 0.224223 0.0525318
585 0.6122 0.237149 0.0523225
586 0.6122 0.225693 0.0499071
587 0.6122 0.249289 0.052659
588 0.6122 0.204967 0.0593093
589 0.6122 0.205403 0.0584301
590 0.6122 0.221824 0.0578036
591 0.6122 0.210115 0.0563921
592 0.6122 0.259762 0.0561764
593 0.6122 0.244225 0.0539572
594 0.6122 0.209092 0.0514208
595 0.6122 0.211881 0.0539357
596 0.6122 0.20848 0.053345
597 0.6122 0.228193 0.060594
598 0.6122 0.244465 0.0563319
599 0.6122 0.233147 0.056582
600 0.6122 0.234748 0.0550328
601 0.6122 0.260502 0.0559138
602 0.6122 0.248851 0.0551356
603 0.6122 0.240051 0.0555461
604 0.6122 0.194999 0.0553034
605 0.6122 0.224858 0.0544868
606 0.6122 0.227756 0.0543377
607 0.6122 0.235068 0.0520219
608 0.6122 0.248343 0.0522858
609 0.6122 0.224477 0.0542861
610 0.6122 0.20802 0.0591561
611 0.6122 0.24263 0.053343
612 0.6122 0.209833 0.0544873
613 0.6122 0.183068 0.0516118
614 0.6122 0.221381 0.0596461
615 0.6122 0.241193 0.056868
616 0.6122 0.248233 0.0587783
617 0.6122 0.219165 0.0564643
618 0.6122 0.226356 0.0552709
619 0.6122 0.247245 0.0550653
620 0.6122 0.233415 0.0531936
621 0.6122 0.218714 0.0521265
622 0.6122 0.198525 0.0553964
623 0.6122 0.23798 0.0616809
624 0.6122 0.244816 0.0657832
625 0.6122 0.25186 0.0648789
626 0.6122 0.230176 0.0600305
627 0.6122 0.261339 0.0573247
628 0.6122 0.242899 0.0548835
629 0.6122 0.239567 0.0548329
630 0.6122 0.249413 0.055798
631 0.6122 0.2607 0.0544338
632 0.6122 0.273045 0.054998
633 0.6122 0.252659 0.0575717
634 0.6122 0.22438 0.0577486
635 0.6122 0.218207 0.0565347
636 0.6122 0.238463 0.0554273
637 0.6122 0.241808 0.0574808
638 0.6122 0.234659 0.0563018
639 0.6122 0.226574 0.0580611
640 0.6122 0.217828 0.0543985
641 0.6122 0.25433 0.0526975
642 0.6122 0.225199 0.0572501
643 0.6122 0.220257 0.0562254
644 0.6122 0.223129 0.0545542
645 0.6122 0.219773 0.0542876
646 0.6122 0.2583 0.0584294
647 0.6122 0.249256 0.0600343
648 0.6122 0.22892 0.0570313
649 0.6122 0.242884 0.0535402
650 0.6122 0.252032 0.0541736
651 0.6122 0.217998 0.0537541
652 0.6122 0.246601 0.0557345
653 0.6122 0.265949 0.0610105
654 0.6122 0.263737 0.0541716
655 0.6122 0.241823 0.0581677
656 0.6122 0.258696 0.0543114
657 0.6122 0.237278 0.0601004
658 0.6122 0.248121 0.055816
659 0.6122 0.238336 0.0549746
660 0.6122 0.232525 0.0595839
661 0.6122 0.245666 0.053408
662 0.6122 0.270924 0.056186
663 0.6122 0.230703 0.0529454
664 0.6122 0.226509 0.0536168
665 0.6122 0.226625 0.0531395
666 0.6122 0.233042 0.0560687
667 0.6122 0.23812 0.0546662
668 0.6122 0.225097 0.0581428
669 0.6122 0.209564 0.0510072
670 0.6122 0.215042 0.0519152
671 0.6122 0.23336 0.0551771
672 0.6122 0.235674 0.0560516
673 0.6122 0.237926 0.0565882
674 0.6122 0.237412 0.0569653
675 0.6122 0.243807 0.0581618
676 0.6122 0.252689 0.056237
677 0.6122 0.258439 0.0573164
678 0.6122 0.269258 0.0587244
679 0.6122 0.256072 0.0550828
680 0.6122 0.263878 0.0586121
681 0.6122 0.273302 0.0575581
682 0.6122 0.240467 0.0501919
683 0.6122 0.242772 0.0497184
684 0.6122 0.272853 0.0541215
685 0.6122 0.252157 0.057287
686 0.6122 0.21202 0.0548597
687 0.6122 0.217495 0.0587467
688 0.6122 0.22907 0.0556852
689 0.6122 0.245206 0.0529063
690 0.6122 0.248027 0.0627631
691 0.6122 0.221143 0.0597522
692 0.6122 0.230849 0.0659269
693 0.6122 0.207534 0.0552802
694 0.6122 0.234356 0.0542133
695 0.6122 0.257443 0.0559558
696 0.6122 0.267133 0.0561733
697 0.6122 0.264317 0.0534845
698 0.6122 0.244162 0.0524166
699 0.6122 0.224353 0.0512175
700 0.6122 0.205256 0.0504473
701 0.6122 0.215137 0.0550715
702 0.6122 0.23821 0.0548535
703 0.6122 0.240288 0.051465
704 0.6122 0.25002 0.051696
705 0.6122 0.259606 0.0558885
706 0.6122 0.253649 0.0557859
707 0.6122 0.242558 0.0527193
708 0.6122 0.23542 0.0553661
709 0.6122 0.249269 0.0535707
710 0.6122 0.209413 0.0540455
711 0.6122 0.233373 0.0545919
712 0.6122 0.237184 0.0555068
713 0.6122 0.242036 0.0569977
714 0.6122 0.257339 0.0540381
715 0.6122 0.275273 0.0543152
716 0.6122 0.301198 0.0575629
717 0.6122 0.270339 0.0575458
718 0.6122 0.242253 0.0613922
719 0.6122 0.239123 0.0553438
720 0.6122 0.271351 0.055363
721 0.6122 0.260614 0.0593373
722 0.6122 0.255646 0.0588624
723 0.6122 0.268686 0.0590895
724 0.6122 0.243567 0.060602
725 0.6122 0.266887 0.0570874
726 0.6122 0.299616 0.0571683
727 0.6122 0.28858 0.0577342
728 0.6122 0.268057 0.0569844
729 0.6122 0.287146 0.0574423
730 0.6122 0.260791 0.0593281
731 0.6122 0.25992 0.0552736
732 0.6122 0.270765 0.0512047
733 0.6122 0.250905 0.0566562
734 0.6122 0.223711 0.0531113
735 0.6122 0.214889 0.0551527
736 0.6122 0.211968 0.0580985
737 0.6122 0.23562 0.0542207
738 0.6122 0.228625 0.0550811
739 0.6122 0.220205 0.051214
740 0.6122 0.238201 0.0491373
741 0.6122 0.265313 0.0551861
742 0.6122 0.254967 0.0573817
743 0.6122 0.26407 0.0539493
744 0.6122 0.252305 0.052575
745 0.6122 0.266022 0.0565541
746 0.6122 0.228173 0.0559988
747 0.6122 0.244888 0.0589388
748 0.6122 0.253608 0.0563858
749 0.6122 0.249721 0.0567163
750 0.6122 0.252628 0.0584823
751 0.6122 0.254583 0.0597343
752 0.6122 0.250328 0.0554837
753 0.6122 0.246001 0.0549827
754 0.6122 0.246389 0.0558022
755 0.6122 0.270905 0.0617072
756 0.6122 0.255971 0.0594039
757 0.6122 0.278516 0.0543741
758 0.6122 0.244464 0.0547937
759 0.6122 0.247338 0.0552847
760 0.6122 0.270601 0.0530459
761 0.6122 0.252981 0.0533248
762 0.6122 0.271633 0.0481062
763 0.6122 0.256397 0.0527532
764 0.6122 0.272015 0.0534441
765 0.6122 0.281205 0.0545533
766 0.6122 0.247767 0.0606476
767 0.6122 0.259016 0.055155
768 0.6122 0.256138 0.0532603
769 0.6122 0.272303 0.0567292
770 0.6122 0.259684 0.0577582
771 0.6122 0.252981 0.0569358
772 0.6122 0.250803 0.059888
773 0.6122 0.247107 0.0545807
774 0.6122 0.249412 0.0562635
775 0.6122 0.246517 0.047952
776 0.6122 0.252763 0.050209
777 0.6122 0.282333 0.0499521
778 0.6122 0.268719 0.0542767
779 0.6122 0.298459 0.051542
780 0.6122 0.251898 0.0493839
781 0.6122 0.258013 0.0498972
782 0.6122 0.266871 0.0514308
783 0.6122 0.240662 0.0533877
784 0.6122 0.233777 0.0545637
785 0.6122 0.209342 0.0510472
786 0.6122 0.219829 0.0495991
787 0.6122 0.218861 0.0542252
788 0.6122 0.223806 0.0551822
789 0.6122 0.228994 0.0556259
790 0.6122 0.236466 0.0537641
791 0.6122 0.254338 0.0510798
792 0.6122 0.265646 0.0502733
793 0.6122 0.227858 0.053763
794 0.6122 0.218624 0.0544811
795 0.6122 0.217607 0.0536473
796 0.6122 0.215823 0.05199
797 0.6122 0.200744 0.0522538
798 0.6122 0.202305 0.0532833
799 0.6122 0.244539 0.0549471
800 0.6122 0.240133 0.0563578
801 0.6122 0.228633 0.0535664
802 0.6122 0.22052 0.0528162
803 0.6122 0.239296 0.0559874
804 0.6122 0.247478 0.0541366
805 0.6122 0.233191 0.0516645
806 0.6122 0.195898 0.0524856
807 0.6122 0.215658 0.0500594
808 0.6122 0.240945 0.0525579
809 0.6122 0.22519 0.053084
810 0.6122 0.248816 0.0517353
811 0.6122 0.242083 0.0570218
812 0.6122 0.219509 0.0581814
813 0.6122 0.202077 0.0547419
814 0.6122 0.236522 0.0558996
815 0.6122 0.240986 0.0574818
816 0.6122 0.233772 0.0545802
817 0.6122 0.249312 0.0537547
818 0.6122 0.245961 0.0569285
819 0.6122 0.234564 0.0593333
820 0.6122 0.244927 0.0590551
821 0.6122 0.251494 0.0600416
822 0.6122 0.259798 0.0564832
823 0.6122 0.27413 0.054427
824 0.6122 0.240049 0.0572807
825 0.6122 0.247062 0.058268
826 0.6122 0.227028 0.0563059
827 0.6122 0.22427 0.0529663
828 0.6122 0.239458 0.0563601
829 0.6122 0.255807 0.0525265
830 0.6122 0.259725 0.0563283
831 0.6122 0.224647 0.0554355
832 0.6122 0.207619 0.0573658
833 0.6122 0.204963 0.0515302
834 0.6122 0.204369 0.0507983
835 0.6122 0.259621 0.0568062
836 0.6122 0.256115 0.0587484
837 0.6122 0.254631 0.0566652
838 0.6122 0.274531 0.0559925
839 0.6122 0.258273 0.0542494
840 0.6122 0.239145 0.0625514
841 0.6122 0.22907 0.053748
842 0.6122 0.213727 0.0526931
843 0.6122 0.235633 0.0535473
844 0.6122 0.242508 0.0560148
845 0.6122 0.252046 0.0523969
846 0.6122 0.285921 0.0544595
847 0.6122 0.281209 0.0550078
848 0.6122 0.285263 0.0578549
849 0.6122 0.272945 0.0576996
850 0.6122 0.258799 0.0643636
851 0.6122 0.240473 0.0610584
852 0.6122 0.235569 0.0575803
853 0.6122 0.248176 0.0604356
854 0.6122 0.222034 0.0608736
855 0.6122 0.19276 0.0563589
856 0.6122 0.193478 0.0563981
857 0.6122 0.210664 0.0579982
858 0.6122 0.234113 0.0557634
859 0.6122 0.225125 0.0540408
860 0.6122 0.232628 0.0540615
861 0.6122 0.231066 0.0568546
862 0.6122 0.22237 0.0539325
863 0.6122 0.217874 0.0512299
864 0.6122 0.252274 0.0544943
865 0.6122 0.216803 0.0511876
866 0.6122 0.200379 0.0534003
867 0.6122 0.232604 0.0559119
868 0.6122 0.204862 0.0498062
869 0.6122 0.21314 0.0529624
870 0.6122 0.199102 0.0486364
871 0.6122 0.19196 0.0530925
872 0.6122 0.222113 0.0581457
873 0.6122 0.225683 0.0543744
874 0.6122 0.213936 0.0553011
875 0.6122 0.190235 0.0537703
876 0.6122 0.209506 0.0545381
877 0.6122 0.187323 0.0524089
878 0.6122 0.188239 0.0508838
879 0.6122 0.196293 0.0525232
880 0.6122 0.223485 0.0538453
881 0.6122 0.241009 0.0580493
882 0.6122 0.238021 0.0583422
883 0.6122 0.256321 0.0573494
884 0.6122 0.220295 0.0543605
885 0.6122 0.208138 0.0529297
886 0.6122 0.228412 0.0547029
887 0.6122 0.238959 0.057222
888 0.6122 0.256919 0.0543614
889 0.6122 0.252411 0.0535018
890 0.6122 0.259332 0.052643
891 0.6122 0.245952 0.0546306
892 0.6122 0.248356 0.0546182
893 0.6122 0.24881 0.0564924
894 0.6122 0.271174 0.0538335
895 0.6122 0.258126 0.0589387
896 0.6122 0.261701 0.0589737
897 0.6122 0.247779 0.0575455
898 0.6122 0.243123 0.0587995
899 0.6122 0.298635 0.0562892
900 0.6122 0.265769 0.0590415
901 0.6122 0.252762 0.0574102
902 0.6122 0.241022 0.0551305
903 0.6122 0.25515 0.0595615
904 0.6122 0.264432 0.0568185
905 0.6122 0.254741 0.0565204
906 0.6122 0.2631 0.055333
907 0.6122 0.243494 0.053729
908 0.6122 0.256375 0.0542494
909 0.6122 0.217275 0.0547572
910 0.6122 0.210072 0.0546013
911 0.6122 0.244234 0.05639
912 0.6122 0.243098 0.0563485
913 0.6122 0.225361 0.0506987
914 0.6122 0.233053 0.0603255
915 0.6122 0.215587 0.0601559
916 0.6122 0.258091 0.0564408
917 0.6122 0.23839 0.0526254
918 0.6122 0.252922 0.059892
919 0.6122 0.236769 0.0547431
920 0.6122 0.274338 0.0535144
921 0.6122 0.236391 0.0570472
922 0.6122 0.248736 0.0558981
923 0.6122 0.239981 0.0510471
924 0.6122 0.244586 0.0584194
925 0.6122 0.216017 0.0530586
926 0.6122 0.210158 0.0545994
927 0.6122 0.206875 0.0481478
928 0.6122 0.255331 0.0556157
929 0.6122 0.20959 0.0569452
930 0.6122 0.231711 0.0625307
931 0.6122 0.219533 0.0555426
932 0.6122 0.20784 0.0576203
933 0.6122 0.223979 0.0552917
934 0.6122 0.206599 0.0522537
935 0.6122 0.211803 0.0583001
936 0.6122 0.214139 0.0594564
937 0.6122 0.239069 0.0605164
938 0.6122 0.236149 0.0582001
939 0.6122 0.238816 0.0594153
940 0.6122 0.20093 0.0536211
941 0.6122 0.215995 0.0568115
942 0.6122 0.264534 0.0565963
943 0.6122 0.222181 0.0559251
944 0.6122 0.192321 0.0507262
945 0.6122 0.216685 0.056335
946 0.6122 0.195234 0.052049
947 0.6122 0.228739 0.0595661
948 0.6122 0.201292 0.052965
949 0.6122 0.209602 0.0542734
950 0.6122 0.231348 0.0534513
951 0.6122 0.225947 0.0520185
952 0.6122 0.225217 0.0485019
953 0.6122 0.218522 0.0482795
954 0.6122 0.223444 0.0523802
955 0.6122 0.229534 0.0534821
956 0.6122 0.229464 0.0531779
957 0.6122 0.217546 0.0445077
958 0.6122 0.234063 0.0521183
959 0.6122 0.263627 0.0558853
960 0.6122 0.232564 0.0575917
961 0.6122 0.219626 0.0538537
962 0.6122 0.205669 0.0538572
963 0.6122 0.212243 0.053322
964 0.6122 0.218479 0.0550159
965 0.6122 0.232138 0.0531914
966 0.6122 0.238982 0.0535903
967 0.6122 0.234969 0.0517972
968 0.6122 0.218012 0.0515782
969 0.6122 0.216661 0.0522761
970 0.6122 0.200212 0.0586292
971 0.6122 0.219687 0.0540454
972 0.6122 0.240032 0.0570317
973 0.6122 0.240715 0.0610613
974 0.6122 0.23458 0.0582411
975 0.6122 0.210499 0.0591527
976 0.6122 0.215101 0.0585543
977 0.6122 0.244028 0.0555332
978 0.6122 0.239237 0.0590816
979 0.6122 0.257116 0.0570641
980 0.6122 0.219431 0.0518912
981 0.6122 0.234264 0.0559961
982 0.6122 0.267557 0.0558476
983 0.6122 0.252425 0.0586128
984 0.6122 0.259368 0.0582573
985 0.6122 0.23501 0.053919
986 0.6122 0.248534 0.0558785
987 0.6122 0.223855 0.0547187
988 0.6122 0.193528 0.0550796
989 0.6122 0.243075 0.0548189
990 0.6122 0.21253 0.0543185
991 0.6122 0.247836 0.0527936
992 0.6122 0.233365 0.0523356
993 0.6122 0.254458 0.0534422
994 0.6122 0.265587 0.0544336
995 0.6122 0.261667 0.0496032
996 0.6122 0.257226 0.0499704
997 0.6122 0.277381 0.0511236
998 0.6122 0.237974 0.0489762
999 0.6122 0.240462 0.0543093
1000 0.6122 0.219112 0.0562451
