0 0.125266 0.0579276 0.00388752
1 0.125266 0.0690278 0.00388787
2 0.125275 0.0727824 0.00382348
3 0.125275 0.0801843 0.00363085
4 0.125275 0.0831733 0.00347799
5 0.125275 0.0916211 0.00307352
6 0.125275 0.0919188 0.00302465
7 0.125276 0.0919598 0.00302335
8 0.125276 0.094735 0.00284536
9 0.125276 0.0975074 0.00270998
10 0.125276 0.0988977 0.00261936
11 0.125276 0.100126 0.00253162
12 0.125276 0.100132 0.00253189
13 0.125277 0.102604 0.00233282
14 0.125277 0.0988772 0.00262503
15 0.36361 0.107516 0.00279144
16 0.370384 0.112472 0.00323405
17 0.370384 0.112376 0.00323673
18 0.370384 0.115963 0.00284118
19 0.370384 0.11882 0.00256629
20 0.370384 0.112569 0.00323792
21 0.424036 0.118352 0.00414554
22 0.50104 0.121744 0.00568781
22 0.485988 0.0195417 0.00684451
23 0.485988 0.0206015 0.00691498
24 0.485988 0.0275597 0.00846394
25 0.515286 0.0511719 0.0150845
26 0.515286 0.052674 0.0157625
27 0.515286 0.0635756 0.0185785
28 0.560867 0.06826 0.0226145
29 0.560867 0.072089 0.0240919
30 0.560867 0.0762345 0.0281858
31 0.560867 0.0875361 0.0313621
32 0.574942 0.0984849 0.0364165
33 0.574942 0.0957126 0.036371
34 0.574942 0.0940564 0.0377987
35 0.574942 0.117811 0.0425565
36 0.574942 0.125897 0.0427464
37 0.574942 0.117827 0.0425792
38 0.583509 0.126641 0.0428142
39 0.583509 0.147755 0.0486609
40 0.583509 0.134385 0.041354
41 0.583509 0.10721 0.0396044
42 0.583509 0.115717 0.042518
43 0.583509 0.121659 0.0424297
44 0.583509 0.123735 0.0415584
45 0.583509 0.128755 0.0413021
46 0.583509 0.124206 0.0435613
47 0.599103 0.137632 0.044255
48 0.599103 0.150936 0.0478982
49 0.599103 0.14593 0.0454102
50 0.599103 0.148424 0.0454959
51 0.599103 0.142443 0.045297
52 0.599103 0.121335 0.0443495
53 0.599103 0.12032 0.0458105
54 0.599103 0.131796 0.0453398
55 0.599103 0.142286 0.0427785
56 0.600636 0.143351 0.0466862
57 0.600636 0.141265 0.0418864
58 0.600636 0.149762 0.0441524
59 0.600636 0.125455 0.0422601
60 0.600636 0.132911 0.0463555
61 0.601945 0.131594 0.0462896
62 0.601945 0.128024 0.044433
63 0.601945 0.139956 0.0451609
64 0.601945 0.138683 0.0503117
65 0.602778 0.134636 0.0472714
66 0.602778 0.120369 0.0457492
67 0.602778 0.130221 0.0463412
68 0.602778 0.125205 0.0450796
69 0.602778 0.132234 0.0427664
70 0.602778 0.132064 0.0446009
71 0.602778 0.134276 0.0460968
72 0.602778 0.13235 0.0479987
73 0.602778 0.137502 0.0486298
74 0.602778 0.148018 0.0479012
75 0.602778 0.145506 0.0461003
76 0.602778 0.140137 0.0460557
77 0.602778 0.136149 0.04377
78 0.602778 0.129025 0.0415137
79 0.602778 0.137609 0.0440977
80 0.602778 0.158711 0.0497191
81 0.602778 0.156281 0.0470754
82 0.602778 0.139141 0.0449601
83 0.602778 0.111357 0.0404348
84 0.602778 0.102426 0.036275
85 0.602778 0.125178 0.0429225
86 0.602778 0.122079 0.0468734
87 0.602778 0.114482 0.0406948
88 0.602778 0.13551 0.0439307
89 0.602778 0.124728 0.0438033
90 0.602778 0.135175 0.0476858
91 0.602778 0.131474 0.0460238
92 0.602778 0.147549 0.0490949
93 0.602778 0.144644 0.0493832
94 0.602778 0.136044 0.0465153
95 0.602778 0.148868 0.0474687
96 0.602778 0.122741 0.0447145
97 0.602778 0.131782 0.043828
98 0.602778 0.149669 0.0457903
99 0.602778 0.122927 0.0425105
100 0.602778 0.148364 0.0501347
101 0.602778 0.151693 0.0478428
102 0.602778 0.145903 0.0461816
103 0.602778 0.143839 0.0427793
104 0.602778 0.152837 0.0479371
105 0.602778 0.149732 0.0505276
106 0.602778 0.147728 0.0486344
107 0.602778 0.146402 0.0504451
108 0.602778 0.141637 0.0489167
109 0.602778 0.134607 0.0460601
110 0.602778 0.118289 0.0460217
111 0.602778 0.104193 0.0380557
112 0.602778 0.120924 0.0428151
113 0.602778 0.127732 0.0447108
114 0.602778 0.120092 0.0432069
115 0.602778 0.107153 0.0441821
116 0.602778 0.11919 0.0475147
117 0.602778 0.111884 0.0434998
118 0.602778 0.128905 0.0490373
119 0.602778 0.131823 0.0474515
120 0.602778 0.124403 0.0474599
121 0.602778 0.114849 0.0410784
122 0.602778 0.114912 0.0456576
123 0.602778 0.121981 0.0431253
124 0.602778 0.137283 0.0514614
125 0.602778 0.135472 0.0444977
126 0.602778 0.131067 0.0431425
127 0.602778 0.137624 0.0457304
128 0.602778 0.142161 0.0437211
129 0.602778 0.120866 0.0456693
130 0.602778 0.133361 0.0474399
131 0.602778 0.119172 0.0436397
132 0.602778 0.118471 0.0402366
133 0.602778 0.115485 0.0420031
134 0.602778 0.138248 0.0437624
135 0.602778 0.12012 0.0402469
136 0.602778 0.162324 0.0495428
137 0.602778 0.130852 0.0455446
138 0.602778 0.144119 0.0451183
139 0.602778 0.150373 0.0494155
140 0.602778 0.176301 0.0515765
141 0.602778 0.160231 0.0483594
142 0.602778 0.135331 0.0445846
143 0.602778 0.152388 0.0489742
144 0.602778 0.139168 0.0494323
145 0.602778 0.13547 0.0459233
146 0.602778 0.130304 0.045691
147 0.602778 0.115771 0.0431961
148 0.602778 0.117545 0.0443015
149 0.602778 0.127905 0.0450721
150 0.602778 0.135731 0.04617
151 0.602778 0.127089 0.0453963
152 0.602778 0.114114 0.0424463
153 0.602778 0.108335 0.0410241
154 0.602778 0.122689 0.0454267
155 0.602778 0.131702 0.0470541
156 0.602778 0.127865 0.0447001
157 0.602778 0.137663 0.0473536
158 0.602778 0.132509 0.0469082
159 0.602778 0.145247 0.0542676
160 0.602778 0.135505 0.0530969
161 0.602778 0.10664 0.0418166
162 0.602778 0.117542 0.0447939
163 0.602778 0.097253 0.0373917
164 0.602778 0.121311 0.039934
165 0.602778 0.12152 0.0403756
166 0.602778 0.131517 0.0447255
167 0.602778 0.137274 0.0466031
168 0.602778 0.151567 0.0504931
169 0.602778 0.108584 0.0415171
170 0.602778 0.112864 0.0435151
171 0.602778 0.117854 0.0471019
172 0.602778 0.125182 0.0467786
173 0.602778 0.130563 0.0492097
174 0.602778 0.147969 0.0500116
175 0.602778 0.122857 0.0423523
176 0.602778 0.135346 0.0457049
177 0.602778 0.144477 0.0454954
178 0.602778 0.149064 0.0479321
179 0.602778 0.153924 0.0509193
180 0.602778 0.14491 0.0475239
181 0.602778 0.149203 0.0488035
182 0.603744 0.137308 0.0485898
183 0.603744 0.147891 0.047158
184 0.603744 0.149808 0.0525673
185 0.603744 0.13463 0.0471686
186 0.603744 0.120032 0.0436959
187 0.603744 0.154256 0.0532037
188 0.611354 0.145727 0.0474387
189 0.611354 0.145089 0.0468968
190 0.611354 0.132519 0.0413913
191 0.611354 0.153202 0.0487669
192 0.611354 0.157273 0.0496275
193 0.611354 0.135626 0.0456133
194 0.611396 0.135052 0.04587
195 0.611396 0.121487 0.0428375
196 0.611396 0.127826 0.0433034
197 0.611396 0.119221 0.0426646
198 0.611396 0.131425 0.0461059
199 0.611396 0.135897 0.0472277
200 0.611396 0.137339 0.0463286
201 0.611396 0.150309 0.0503689
202 0.611396 0.139856 0.0432735
203 0.611396 0.14252 0.0438545
204 0.611396 0.11052 0.0371664
205 0.611396 0.138413 0.0436766
206 0.611396 0.140777 0.0438083
207 0.611396 0.161651 0.0490166
208 0.611396 0.174664 0.0465654
209 0.611853 0.180288 0.0486649
210 0.611853 0.169578 0.0496128
211 0.611853 0.181338 0.048279
212 0.611853 0.161618 0.0505245
213 0.611853 0.154538 0.0432058
214 0.611853 0.150941 0.0448187
215 0.611853 0.158223 0.0507146
216 0.611853 0.166217 0.0459362
217 0.611853 0.161672 0.0469652
218 0.611853 0.15551 0.0454442
219 0.611853 0.156686 0.0443661
220 0.611853 0.157526 0.0455166
221 0.611853 0.158531 0.0430384
222 0.611853 0.173016 0.0530232
223 0.611853 0.180648 0.0474795
224 0.611853 0.163265 0.0444792
225 0.611853 0.158279 0.0459871
226 0.611853 0.165467 0.0451035
227 0.611853 0.216576 0.0576541
228 0.615156 0.192325 0.0516357
229 0.615156 0.214232 0.0543363
230 0.615156 0.191634 0.0472908
231 0.615156 0.192129 0.0477006
232 0.615156 0.20986 0.0524236
233 0.615156 0.210003 0.0493822
234 0.615156 0.217099 0.0474686
235 0.615156 0.198293 0.0505121
236 0.615156 0.193622 0.051923
237 0.615156 0.180504 0.0450777
238 0.615156 0.183611 0.0492128
239 0.615156 0.185606 0.047315
240 0.615156 0.187868 0.0475763
241 0.615156 0.191922 0.0512801
242 0.615156 0.213701 0.0552497
243 0.615156 0.209781 0.0539778
244 0.615156 0.216086 0.0576732
245 0.615156 0.185258 0.0532774
246 0.615156 0.159842 0.0473934
247 0.615156 0.16505 0.0486214
248 0.615156 0.18568 0.0515329
249 0.615156 0.14524 0.0458023
250 0.615156 0.161167 0.046943
251 0.615156 0.168737 0.0529966
252 0.615156 0.137301 0.0443863
253 0.615156 0.17807 0.0510518
254 0.615156 0.158794 0.046735
255 0.615156 0.162931 0.0484328
256 0.615156 0.176744 0.0533491
257 0.615156 0.140926 0.0410084
258 0.615156 0.166313 0.0507866
259 0.615156 0.157489 0.0486537
260 0.615156 0.177126 0.0504311
261 0.615156 0.163935 0.0507107
262 0.615156 0.173394 0.0505091
263 0.615156 0.185584 0.0549177
264 0.615156 0.153979 0.0493846
265 0.615156 0.151396 0.0490138
266 0.615156 0.189874 0.0504365
267 0.615156 0.18876 0.0507785
268 0.615156 0.185101 0.0554813
269 0.615156 0.201785 0.0517841
270 0.615156 0.195593 0.0532964
271 0.615156 0.188852 0.0530933
272 0.615156 0.172146 0.0487837
273 0.615156 0.174479 0.0510273
274 0.615156 0.166698 0.0503185
275 0.615156 0.155356 0.0501845
276 0.615156 0.211304 0.059834
277 0.615156 0.183913 0.0560117
278 0.615156 0.168226 0.0521829
279 0.615156 0.184615 0.05252
280 0.615411 0.164784 0.0473262
281 0.615411 0.167062 0.0454278
282 0.615411 0.188581 0.0506502
283 0.615411 0.187398 0.0495037
284 0.615411 0.177191 0.0476924
285 0.615411 0.208671 0.0505151
286 0.615411 0.177362 0.0476459
287 0.615411 0.213102 0.0508285
288 0.615411 0.186421 0.0466209
289 0.615411 0.173188 0.0477926
290 0.615411 0.1796 0.0519921
291 0.615411 0.176888 0.0477219
292 0.615411 0.192952 0.0513234
293 0.615411 0.166363 0.0448478
294 0.615411 0.18221 0.0551863
295 0.615411 0.160597 0.0459861
296 0.615411 0.1823 0.0528849
297 0.615411 0.140122 0.0436232
298 0.615411 0.17278 0.0480236
299 0.615411 0.207323 0.0549408
300 0.615411 0.191671 0.0477049
301 0.615411 0.191051 0.05432
302 0.615411 0.213265 0.0593096
303 0.61599 0.202135 0.0566384
304 0.61599 0.207769 0.0590284
305 0.61599 0.184515 0.0536589
306 0.61599 0.180306 0.0519992
307 0.617326 0.189569 0.0490653
308 0.617326 0.16829 0.0463677
309 0.617326 0.190655 0.0471506
310 0.617326 0.214933 0.0565095
311 0.617326 0.212321 0.0556844
312 0.617326 0.216157 0.0561805
313 0.617326 0.208529 0.0503173
314 0.617326 0.199038 0.0508974
315 0.617326 0.19109 0.0512267
316 0.617326 0.19081 0.0533361
317 0.617326 0.20019 0.0522741
318 0.617326 0.198211 0.0544823
319 0.617326 0.185493 0.0470958
320 0.617326 0.189108 0.0506362
321 0.617326 0.200559 0.0559705
322 0.617326 0.191201 0.0548676
323 0.617326 0.195222 0.0514313
324 0.617326 0.192923 0.047028
325 0.617326 0.184495 0.0457053
326 0.617326 0.187091 0.0454713
327 0.617326 0.197342 0.0520565
328 0.617326 0.198168 0.0521762
329 0.617326 0.208494 0.0506164
330 0.617326 0.182552 0.0486056
331 0.617326 0.201694 0.0553158
332 0.617326 0.223779 0.0553352
333 0.617326 0.205224 0.0515498
334 0.617326 0.202752 0.0524576
335 0.617326 0.192909 0.050579
336 0.617326 0.210466 0.0481523
337 0.617326 0.213611 0.0562703
338 0.617326 0.163663 0.0447924
339 0.617326 0.169643 0.0495546
340 0.617326 0.174538 0.0521971
341 0.617326 0.190193 0.0537346
342 0.617326 0.202481 0.0521112
343 0.617326 0.191774 0.0522113
344 0.617326 0.20293 0.050991
345 0.617326 0.165514 0.0516292
346 0.617326 0.172073 0.0517845
347 0.617326 0.158031 0.0502409
348 0.617326 0.195678 0.0551225
349 0.617326 0.194551 0.0551318
350 0.617326 0.19397 0.0563551
351 0.617326 0.186833 0.0501189
352 0.617326 0.194273 0.0523699
353 0.617326 0.180846 0.0487279
354 0.617326 0.18233 0.0533476
355 0.617326 0.183669 0.0534687
356 0.617326 0.192068 0.0580759
357 0.617326 0.212666 0.0573685
358 0.617326 0.211097 0.0549938
359 0.617326 0.179995 0.0471453
360 0.617326 0.193315 0.0520828
361 0.617326 0.170192 0.0477413
362 0.617326 0.188829 0.0511768
363 0.617326 0.182052 0.0488042
364 0.617326 0.179996 0.0458227
365 0.617326 0.182194 0.0502372
366 0.617326 0.174021 0.0482508
367 0.617326 0.198044 0.048104
368 0.617326 0.191402 0.053472
369 0.617326 0.181937 0.0506285
370 0.617326 0.180811 0.046505
371 0.617326 0.194092 0.048068
372 0.617326 0.204681 0.049897
373 0.617326 0.217367 0.0541889
374 0.617326 0.174754 0.0455924
375 0.617326 0.19286 0.0482094
376 0.617326 0.16674 0.0442097
377 0.617326 0.196081 0.0508282
378 0.617326 0.173336 0.0483152
379 0.617963 0.188943 0.0504436
380 0.617963 0.165993 0.0435783
381 0.617963 0.17565 0.0470197
382 0.617963 0.197916 0.0499284
383 0.617963 0.152593 0.0474797
384 0.617963 0.179714 0.0485581
385 0.617963 0.181409 0.0485586
386 0.617963 0.195231 0.0481081
387 0.617963 0.159778 0.0479589
388 0.617963 0.151818 0.044233
389 0.617963 0.163441 0.04511
390 0.617963 0.216053 0.0496329
391 0.617963 0.201564 0.0506583
392 0.617963 0.162434 0.0502083
393 0.617963 0.210489 0.053517
394 0.617963 0.186003 0.0514762
395 0.617963 0.188196 0.0510338
396 0.617963 0.173315 0.0482322
397 0.617963 0.20317 0.052775
398 0.617963 0.196281 0.0526704
399 0.617963 0.190693 0.0543639
400 0.617963 0.196343 0.0521029
401 0.617963 0.202479 0.0529775
402 0.617963 0.188694 0.0475869
403 0.617963 0.192558 0.0494841
404 0.617963 0.198222 0.0525123
405 0.617963 0.193432 0.0517563
406 0.617963 0.182624 0.0435307
407 0.617963 0.197511 0.0523982
408 0.617963 0.214602 0.0517869
409 0.617963 0.224638 0.0500193
410 0.617963 0.209131 0.0508813
411 0.617963 0.194437 0.0514705
412 0.617963 0.198445 0.0503626
413 0.617963 0.203443 0.0520256
414 0.617963 0.218047 0.057906
415 0.617963 0.199208 0.0525553
416 0.617963 0.232242 0.0581348
417 0.617963 0.187278 0.0492012
418 0.617963 0.194091 0.0494355
419 0.617963 0.180991 0.0475472
420 0.617963 0.170506 0.0451566
421 0.617963 0.198526 0.0494542
422 0.617963 0.196487 0.0486575
423 0.617963 0.200326 0.0494621
424 0.617963 0.196332 0.0494286
425 0.617963 0.18885 0.0506342
426 0.617963 0.187739 0.0519991
427 0.617963 0.181851 0.0517605
428 0.617963 0.189481 0.0498769
429 0.617963 0.182698 0.0486182
430 0.617963 0.187412 0.0445877
431 0.617963 0.21857 0.0520842
432 0.617963 0.197767 0.051892
433 0.617963 0.196656 0.0535966
434 0.617963 0.172755 0.0528908
435 0.617963 0.214907 0.054495
436 0.617963 0.218025 0.0551021
437 0.617963 0.212539 0.0545786
438 0.617963 0.199708 0.0503822
439 0.617963 0.201937 0.0504139
440 0.617963 0.216232 0.0565272
441 0.617963 0.171298 0.0467731
442 0.617963 0.19401 0.0557848
443 0.617963 0.187667 0.0541359
444 0.617963 0.168953 0.0470316
445 0.617963 0.158633 0.0490324
446 0.617963 0.168562 0.0540736
447 0.617963 0.145203 0.0496663
448 0.617963 0.156154 0.0531785
449 0.617963 0.156227 0.0498117
450 0.617963 0.13546 0.0435643
451 0.617963 0.120177 0.0385078
452 0.617963 0.144919 0.0452446
453 0.617963 0.168024 0.050618
454 0.617963 0.129333 0.0454355
455 0.617963 0.135005 0.0458143
456 0.617963 0.154486 0.0471753
457 0.617963 0.160532 0.048811
458 0.617963 0.164052 0.0500939
459 0.617963 0.161519 0.0511302
460 0.617963 0.170978 0.0498652
461 0.617963 0.169294 0.0501119
462 0.617963 0.168168 0.0481911
463 0.617963 0.171843 0.0489968
464 0.617963 0.197125 0.0522842
465 0.617963 0.218308 0.0615574
466 0.617963 0.171686 0.0478653
467 0.617963 0.173048 0.0498147
468 0.617963 0.169265 0.0495856
469 0.617963 0.176467 0.0496263
470 0.617963 0.179438 0.0487996
471 0.617963 0.198844 0.0527753
472 0.617963 0.219756 0.0521726
473 0.617963 0.195776 0.049085
474 0.617963 0.202842 0.0528192
475 0.617963 0.1855 0.0493424
476 0.617963 0.190544 0.0509431
477 0.617963 0.203996 0.0517625
478 0.617963 0.179558 0.0487381
479 0.617963 0.177618 0.046158
480 0.617963 0.166644 0.0475729
481 0.617963 0.134765 0.0436107
482 0.617963 0.151942 0.0443916
483 0.617963 0.159355 0.0450036
484 0.617963 0.178183 0.0496639
485 0.617963 0.175641 0.0460493
486 0.617963 0.159937 0.0451975
487 0.617963 0.157804 0.0468118
488 0.617963 0.182344 0.0544585
489 0.617963 0.194436 0.0528009
490 0.617963 0.199047 0.0541536
491 0.617963 0.188179 0.0502956
492 0.617963 0.216746 0.0513009
493 0.617963 0.212995 0.0532503
494 0.617963 0.201165 0.052893
495 0.617963 0.191798 0.0542635
496 0.617963 0.18785 0.0522691
497 0.617963 0.181972 0.0521064
498 0.617963 0.180242 0.0509802
499 0.617963 0.179562 0.0448224
500 0.617963 0.175655 0.0432984
501 0.617963 0.175815 0.047923
502 0.617963 0.16333 0.0443921
503 0.617963 0.174977 0.0447376
504 0.617963 0.208337 0.0489148
505 0.617963 0.192594 0.0485903
506 0.617963 0.178728 0.0489357
507 0.617963 0.175401 0.0479323
508 0.617963 0.180361 0.0481269
509 0.617963 0.15576 0.0447864
510 0.617963 0.183638 0.0497646
511 0.617963 0.2304 0.0540567
512 0.617963 0.204595 0.0557724
513 0.617963 0.182321 0.05115
514 0.617963 0.183123 0.0476345
515 0.617963 0.211352 0.0473329
516 0.617963 0.213345 0.0454983
517 0.617963 0.236848 0.0552718
518 0.618496 0.217783 0.0488731
519 0.618496 0.187791 0.0496917
520 0.618496 0.186152 0.0527359
521 0.618496 0.197384 0.0513214
522 0.618496 0.213776 0.0548767
523 0.618496 0.184972 0.0513708
524 0.618496 0.171804 0.0491847
525 0.618496 0.199924 0.048798
526 0.618496 0.180338 0.0488496
527 0.618496 0.175884 0.0481238
528 0.618496 0.188855 0.0535571
529 0.618496 0.18987 0.0481092
530 0.618496 0.203496 0.0512178
531 0.618496 0.193792 0.0470981
532 0.618496 0.199306 0.0541605
533 0.618496 0.189052 0.047612
534 0.618496 0.209767 0.0502916
535 0.618496 0.211475 0.053849
536 0.618496 0.193207 0.0491501
537 0.618496 0.192561 0.0483176
538 0.618496 0.188965 0.048337
539 0.618496 0.182286 0.046188
540 0.618496 0.17907 0.0519948
541 0.618496 0.150699 0.0498345
542 0.618496 0.183244 0.0552647
543 0.618496 0.188227 0.048968
544 0.618496 0.210822 0.0538802
545 0.618496 0.220918 0.0551211
546 0.618496 0.178242 0.0514465
547 0.618496 0.144785 0.0462308
548 0.618496 0.144345 0.0420048
549 0.618496 0.178547 0.0490439
550 0.618496 0.164694 0.0480687
551 0.618496 0.200073 0.0519236
552 0.618496 0.181581 0.0533437
553 0.618496 0.177645 0.0537058
554 0.618496 0.196232 0.0586569
555 0.618496 0.172277 0.0499306
556 0.618496 0.166491 0.0517994
557 0.618496 0.19597 0.0539912
558 0.618496 0.17462 0.0495809
559 0.618496 0.184111 0.0550745
560 0.618496 0.207663 0.0599045
561 0.618496 0.176162 0.0482861
562 0.618496 0.169936 0.0430587
563 0.618496 0.172975 0.0469366
564 0.618496 0.152285 0.045838
565 0.618496 0.186761 0.0512122
566 0.618496 0.191459 0.049316
567 0.618496 0.196465 0.0564079
568 0.618496 0.203328 0.0576
569 0.618496 0.197097 0.0485519
570 0.618496 0.203643 0.0504474
571 0.618496 0.228968 0.0575612
572 0.618496 0.177144 0.0490354
573 0.618496 0.198114 0.0530616
574 0.618496 0.228707 0.0625563
575 0.618496 0.172877 0.0491087
576 0.618496 0.183974 0.0541663
577 0.618496 0.158981 0.0501293
578 0.618496 0.168621 0.0504523
579 0.618496 0.152245 0.0468362
580 0.618496 0.132343 0.0441994
581 0.618496 0.155354 0.0502409
582 0.618496 0.16146 0.0527717
583 0.618496 0.14007 0.0424694
584 0.618496 0.180413 0.0490656
585 0.618496 0.191297 0.0489832
586 0.618496 0.207192 0.0536687
587 0.618496 0.2033 0.0562089
588 0.618496 0.190507 0.0528626
589 0.618496 0.168063 0.0500211
590 0.618496 0.162215 0.0472035
591 0.618496 0.156929 0.0485919
592 0.618496 0.170481 0.0504082
593 0.618496 0.159696 0.0471746
594 0.618496 0.183544 0.0495591
595 0.618496 0.162568 0.0478393
596 0.618496 0.18419 0.0537201
597 0.618496 0.187039 0.0540322
598 0.618496 0.210237 0.0525012
599 0.618496 0.173622 0.0476457
600 0.618496 0.169308 0.0530188
601 0.618496 0.190643 0.0489843
602 0.618496 0.170426 0.0464579
603 0.618496 0.158003 0.0472969
604 0.618496 0.165981 0.0496729
605 0.618496 0.148677 0.0491285
606 0.618496 0.168613 0.0443597
607 0.618496 0.158639 0.0433352
608 0.618496 0.184623 0.0477013
609 0.618496 0.166543 0.0486643
610 0.618496 0.147488 0.0438963
611 0.618496 0.161958 0.0494304
612 0.618496 0.148779 0.0468012
613 0.618496 0.137171 0.0444907
614 0.618496 0.173603 0.0523116
615 0.618496 0.15878 0.0473108
616 0.618496 0.163079 0.04862
617 0.618496 0.184064 0.0511029
618 0.618496 0.177178 0.0466991
619 0.618496 0.198083 0.0514033
620 0.618496 0.193648 0.0510267
621 0.618496 0.204386 0.0527894
622 0.618496 0.175663 0.0484378
623 0.618496 0.221661 0.0518758
624 0.618496 0.185546 0.0497987
625 0.618496 0.189002 0.0487193
626 0.618496 0.196523 0.0480881
627 0.618496 0.205176 0.0489108
628 0.618496 0.19576 0.0487373
629 0.618496 0.175773 0.0511134
630 0.618496 0.190197 0.0506247
631 0.618496 0.171707 0.0498597
632 0.618496 0.176082 0.0465804
633 0.618496 0.195684 0.0512324
634 0.618496 0.18388 0.0529201
635 0.618496 0.181524 0.0526374
636 0.618496 0.186309 0.0564872
637 0.618496 0.18327 0.055195
638 0.618496 0.166716 0.0511011
639 0.618496 0.175476 0.0501902
640 0.618496 0.1651 0.0480716
641 0.618496 0.195901 0.0527859
642 0.618496 0.217388 0.0563513
643 0.618496 0.200665 0.050863
644 0.618496 0.202067 0.0524334
645 0.618496 0.1933 0.0529269
646 0.618496 0.191211 0.0519386
647 0.618496 0.173884 0.0536022
648 0.618496 0.164281 0.0487601
649 0.618496 0.144255 0.0473136
650 0.618496 0.159202 0.0536926
651 0.618496 0.140537 0.0469886
652 0.618496 0.159978 0.0494984
653 0.618496 0.168585 0.0472217
654 0.618496 0.187028 0.0522365
655 0.618496 0.175189 0.0504279
656 0.618496 0.155855 0.0440485
657 0.618496 0.149948 0.0406806
658 0.618496 0.148831 0.045149
659 0.618496 0.162669 0.0454557
660 0.618496 0.179083 0.0482546
661 0.618496 0.170549 0.0488537
662 0.618496 0.176064 0.0518834
663 0.618496 0.180656 0.0489552
664 0.618496 0.189959 0.0462155
665 0.618496 0.173801 0.0502028
666 0.618496 0.161258 0.0474305
667 0.618496 0.172427 0.0479202
668 0.618496 0.156898 0.0498092
669 0.618496 0.1735 0.0495474
670 0.618496 0.170525 0.0468702
671 0.618496 0.181529 0.0491455
672 0.618496 0.184062 0.0485657
673 0.618496 0.176845 0.0498729
674 0.618496 0.188121 0.0510316
675 0.618496 0.180142 0.0545333
676 0.618496 0.179927 0.0519403
677 0.618496 0.183745 0.0528488
678 0.618496 0.168764 0.0492759
679 0.618496 0.18891 0.0546604
680 0.618496 0.15734 0.0477685
681 0.618496 0.175102 0.0515194
682 0.618496 0.190274 0.0507833
683 0.618496 0.192195 0.0541713
684 0.618496 0.181862 0.0516614
685 0.618496 0.166085 0.0449274
686 0.618496 0.158959 0.0506821
687 0.618496 0.187324 0.0542621
688 0.618496 0.186599 0.051546
689 0.618496 0.146745 0.0500319
690 0.618496 0.163141 0.0498924
691 0.618496 0.167285 0.0498688
692 0.618496 0.156254 0.0512608
693 0.618496 0.156267 0.0467201
694 0.618496 0.202512 0.0544126
695 0.618496 0.184673 0.0537503
696 0.618496 0.177386 0.0537347
697 0.618496 0.183468 0.0547481
698 0.618496 0.196254 0.0546644
699 0.618496 0.199592 0.0521551
700 0.618496 0.170507 0.0488625
701 0.618496 0.190953 0.0533842
702 0.618496 0.192338 0.0512308
703 0.618496 0.181698 0.0504574
704 0.618496 0.190809 0.0494557
705 0.618496 0.188519 0.0543503
706 0.618496 0.173534 0.0451603
707 0.618496 0.186116 0.0471399
708 0.618496 0.192378 0.0515601
709 0.618496 0.172992 0.0488811
710 0.618496 0.193205 0.0551247
711 0.618496 0.185775 0.0484859
712 0.618496 0.177621 0.0480816
713 0.618496 0.181059 0.0484451
714 0.618496 0.179565 0.0509953
715 0.618496 0.180641 0.0536162
716 0.618496 0.196115 0.0547757
717 0.618496 0.172277 0.0447935
718 0.618496 0.192599 0.0460937
719 0.618496 0.176544 0.0472192
720 0.618496 0.17982 0.0499577
721 0.618496 0.210424 0.0498451
722 0.618496 0.217465 0.0535532
723 0.618496 0.219568 0.0535912
724 0.618496 0.191405 0.0502675
725 0.618496 0.18536 0.0498531
726 0.618496 0.174185 0.0447941
727 0.618496 0.175159 0.0492906
728 0.618496 0.179917 0.0507091
729 0.618496 0.182628 0.0536519
730 0.618496 0.185 0.0501847
731 0.618496 0.186678 0.0513568
732 0.618496 0.215082 0.0556962
733 0.618496 0.22725 0.0519991
734 0.618496 0.222942 0.0499727
735 0.618496 0.208661 0.0530351
736 0.618496 0.21493 0.0535106
737 0.618496 0.193816 0.0503398
738 0.618496 0.189003 0.0500621
739 0.618496 0.174566 0.0459927
740 0.618496 0.197043 0.0456735
741 0.618496 0.188902 0.0430707
742 0.618496 0.177332 0.0446747
743 0.618496 0.190783 0.0483948
744 0.618496 0.201213 0.0538381
745 0.618496 0.18186 0.0491821
746 0.618496 0.181636 0.0511869
747 0.618496 0.174352 0.0452975
748 0.618496 0.157125 0.0433146
749 0.618496 0.187345 0.0493668
750 0.618496 0.206526 0.0493343
751 0.618496 0.194704 0.0519452
752 0.618496 0.193324 0.0529624
753 0.618496 0.228915 0.0588374
754 0.618496 0.212617 0.0511502
755 0.618496 0.19303 0.0534226
756 0.618496 0.211373 0.0545695
757 0.618496 0.185571 0.0477174
758 0.618496 0.175917 0.050187
759 0.618496 0.177316 0.0477629
760 0.618496 0.191034 0.0507496
761 0.618496 0.190832 0.0500293
762 0.618496 0.182167 0.0486421
763 0.618496 0.182349 0.0467046
764 0.618496 0.189453 0.0506148
765 0.618496 0.185121 0.0498373
766 0.618496 0.222842 0.0495631
767 0.618496 0.225063 0.0497083
768 0.618496 0.183107 0.0518449
769 0.618496 0.19523 0.0474102
770 0.618496 0.175553 0.0497938
771 0.618496 0.188303 0.0506479
772 0.618496 0.188278 0.0505879
773 0.618496 0.187766 0.0512304
774 0.618496 0.178516 0.0529571
775 0.618496 0.175491 0.0527552
776 0.618496 0.176123 0.052545
777 0.618496 0.17042 0.0537426
778 0.618496 0.181141 0.0531051
779 0.618496 0.167971 0.0532023
780 0.618496 0.149088 0.0421038
781 0.618496 0.165747 0.0549495
782 0.618496 0.148641 0.0441361
783 0.618496 0.149208 0.0450763
784 0.618496 0.172461 0.0481619
785 0.618496 0.129076 0.04248
786 0.618496 0.151882 0.0464244
787 0.618496 0.154335 0.0443665
788 0.618496 0.178496 0.0507827
789 0.618496 0.160212 0.0541298
790 0.618496 0.150565 0.0531177
791 0.618496 0.15337 0.0518173
792 0.618496 0.191593 0.0534419
793 0.618496 0.173197 0.0498489
794 0.618496 0.172627 0.0503022
795 0.618496 0.191444 0.0500641
796 0.618496 0.192515 0.0494585
797 0.618496 0.179455 0.0481602
798 0.618496 0.170798 0.046384
799 0.618496 0.193026 0.0486264
800 0.618496 0.178642 0.0474441
801 0.618496 0.190553 0.0540686
802 0.618496 0.172799 0.0488826
803 0.618496 0.177389 0.0475665
804 0.618496 0.170924 0.0500176
805 0.618496 0.178521 0.0499191
806 0.618496 0.138389 0.0420553
807 0.618496 0.167422 0.0530545
808 0.618496 0.178422 0.0485184
809 0.618496 0.175522 0.0477495
810 0.618496 0.161767 0.0493487
811 0.618496 0.169419 0.0482028
812 0.618496 0.1994 0.0516329
813 0.618496 0.174405 0.0528018
814 0.618496 0.182343 0.0484374
815 0.618496 0.190012 0.0534752
816 0.618496 0.172518 0.0501904
817 0.618496 0.168307 0.047887
818 0.618496 0.174405 0.0539271
819 0.618496 0.194075 0.0520061
820 0.618496 0.172887 0.0448928
821 0.618496 0.145989 0.0462687
822 0.618496 0.158776 0.0463023
823 0.618496 0.173986 0.0481727
824 0.618496 0.174726 0.0515554
825 0.618496 0.165105 0.0472179
826 0.618496 0.16387 0.0515546
827 0.618496 0.179136 0.0496106
828 0.618496 0.184472 0.0480363
829 0.618496 0.17206 0.0470338
830 0.618496 0.185845 0.0486761
831 0.618496 0.156543 0.0452095
832 0.618496 0.164684 0.0478182
833 0.618496 0.189942 0.0524745
834 0.618496 0.180067 0.0508305
835 0.618496 0.174027 0.0491057
836 0.618496 0.157981 0.0475176
837 0.618496 0.179808 0.0467518
838 0.618496 0.159929 0.0485092
839 0.618496 0.159218 0.0489918
840 0.618496 0.1643 0.0480469
841 0.618496 0.167543 0.0487664
842 0.618496 0.17604 0.0469795
843 0.618496 0.174495 0.0540507
844 0.618496 0.185752 0.0501434
845 0.618496 0.172845 0.0478961
846 0.618496 0.18024 0.0550388
847 0.618496 0.213801 0.0579643
848 0.618496 0.20315 0.0593306
849 0.618496 0.148495 0.0520262
850 0.618496 0.144184 0.0526053
851 0.618496 0.180531 0.0556799
852 0.618496 0.190954 0.0566812
853 0.618496 0.185502 0.0509838
854 0.618496 0.154243 0.0442886
855 0.618496 0.168017 0.0522596
856 0.618496 0.189313 0.0564529
857 0.618496 0.168632 0.0489298
858 0.618496 0.189409 0.052585
859 0.618496 0.182323 0.0495577
860 0.618496 0.177133 0.0479798
861 0.618496 0.182207 0.0542732
862 0.618496 0.173501 0.0480716
863 0.618496 0.175714 0.0489357
864 0.618496 0.174351 0.0477289
865 0.618496 0.181883 0.0554777
866 0.618496 0.161878 0.0498749
867 0.618496 0.17485 0.0516728
868 0.618496 0.187135 0.0553133
869 0.618496 0.180287 0.0496713
870 0.618496 0.185611 0.0498597
871 0.618496 0.181024 0.0546053
872 0.618496 0.197247 0.0540532
873 0.618496 0.192749 0.0468597
874 0.618496 0.187601 0.0510296
875 0.618496 0.169446 0.0456646
876 0.618496 0.187891 0.0508764
877 0.618496 0.164475 0.0475307
878 0.618496 0.17484 0.0514986
879 0.618496 0.171527 0.0485063
880 0.618496 0.195913 0.0481402
881 0.618496 0.1893 0.0507771
882 0.618496 0.179577 0.0479849
883 0.618496 0.183347 0.0498219
884 0.618496 0.165458 0.0486594
885 0.618496 0.177849 0.0484517
886 0.618496 0.145086 0.044916
887 0.618496 0.157142 0.049917
888 0.618496 0.151778 0.0470131
889 0.618496 0.164258 0.0498287
890 0.618496 0.182094 0.0520289
891 0.618496 0.177896 0.0500451
892 0.618496 0.185453 0.0548988
893 0.618496 0.174191 0.0495549
894 0.618496 0.190758 0.0514818
895 0.618496 0.175446 0.0521325
896 0.618496 0.184222 0.051332
897 0.618496 0.185576 0.0567451
898 0.618496 0.2013 0.0552091
899 0.618496 0.182284 0.0522324
900 0.618496 0.170944 0.0517132
901 0.618496 0.155281 0.0482613
902 0.618496 0.166057 0.0527921
903 0.618496 0.194571 0.0558936
904 0.618496 0.19677 0.0542967
905 0.618496 0.210651 0.0566721
906 0.618496 0.184997 0.051861
907 0.618496 0.176887 0.0507879
908 0.618496 0.159313 0.0479734
909 0.618496 0.16354 0.0460536
910 0.618496 0.165554 0.0484914
911 0.618496 0.156118 0.0512675
912 0.618496 0.187815 0.0565409
913 0.618496 0.209232 0.0543688
914 0.618496 0.198832 0.0482881
915 0.618496 0.20157 0.050957
916 0.618496 0.181035 0.0491336
917 0.618496 0.192231 0.0484145
918 0.618496 0.184171 0.0517226
919 0.618496 0.18499 0.0542809
920 0.618496 0.167921 0.0491235
921 0.618496 0.182429 0.0512231
922 0.618496 0.197045 0.0509978
923 0.618496 0.170805 0.0472769
924 0.618496 0.193633 0.0489069
925 0.618496 0.199556 0.0528876
926 0.618496 0.181563 0.0495444
927 0.618496 0.172275 0.051022
928 0.618496 0.164559 0.0475968
929 0.618496 0.159401 0.044819
930 0.618496 0.151855 0.0435685
931 0.618496 0.187128 0.0498956
932 0.618496 0.180219 0.0491649
933 0.618496 0.164239 0.0449906
934 0.618496 0.194129 0.0531374
935 0.618496 0.189772 0.0559973
936 0.618496 0.17831 0.0453974
937 0.618496 0.204704 0.0495727
938 0.618496 0.200846 0.0516906
939 0.618496 0.183533 0.0494811
940 0.618496 0.156327 0.0458783
941 0.618496 0.163393 0.0416857
942 0.618496 0.164555 0.04806
943 0.618496 0.160213 0.0432728
944 0.618496 0.182274 0.0488433
945 0.618496 0.176547 0.0418
946 0.618496 0.19177 0.0512928
947 0.618496 0.203131 0.0551193
948 0.618496 0.156391 0.0494746
949 0.618496 0.182133 0.0582694
950 0.618496 0.19748 0.0498854
951 0.618496 0.173729 0.0525069
952 0.618496 0.190998 0.0536374
953 0.618496 0.17986 0.0475643
954 0.618496 0.163208 0.0465729
955 0.618496 0.182782 0.0436571
956 0.618496 0.180687 0.0430163
957 0.618496 0.188867 0.0551632
958 0.618496 0.154099 0.0479962
959 0.618496 0.185979 0.0538737
960 0.618496 0.194421 0.055274
961 0.618496 0.168035 0.0456693
962 0.618496 0.209987 0.0540383
963 0.618496 0.183009 0.0482823
964 0.618496 0.180593 0.0481639
965 0.618496 0.174896 0.0504249
966 0.618496 0.17452 0.0490829
967 0.618496 0.191022 0.0489683
968 0.618496 0.190718 0.0484323
969 0.618496 0.183695 0.0528824
970 0.618496 0.162743 0.0499737
971 0.618496 0.170677 0.0548695
972 0.618496 0.172856 0.0493219
973 0.618496 0.175007 0.053763
974 0.618496 0.188982 0.0514507
975 0.618496 0.181556 0.0534129
976 0.618496 0.186378 0.0526193
977 0.618496 0.175774 0.0501261
978 0.618496 0.174684 0.0451486
979 0.618496 0.180762 0.0493928
980 0.618496 0.182445 0.0495929
981 0.618496 0.173997 0.0460068
982 0.618496 0.19014 0.0534831
983 0.618496 0.194937 0.0515954
984 0.618496 0.187542 0.052383
985 0.618496 0.167335 0.0491987
986 0.618496 0.185949 0.0501879
987 0.618496 0.163442 0.0495088
988 0.618496 0.156919 0.0495102
989 0.618496 0.1446 0.0458585
990 0.618496 0.152354 0.0466873
991 0.618496 0.133629 0.0412314
992 0.618496 0.168589 0.0481072
993 0.618496 0.148825 0.0463371
994 0.618496 0.157155 0.0490777
995 0.618496 0.15981 0.0519177
996 0.618496 0.154077 0.0497234
997 0.618496 0.182387 0.0545894
998 0.618496 0.177542 0.0510384
999 0.618496 0.172856 0.0526438
1000 0.618496 0.190198 0.0555597
