0 0.125274 0.0613252 0.00394854
1 0.125275 0.0703816 0.00386266
2 0.125275 0.0766056 0.00372989
3 0.125275 0.078937 0.00367105
4 0.125275 0.080167 0.00363495
5 0.125535 0.0889744 0.00323999
6 0.125535 0.0891277 0.00321568
7 0.125535 0.0926694 0.00303657
8 0.125535 0.0938649 0.00296623
9 0.125535 0.0939164 0.00296123
10 0.125535 0.0951303 0.00288403
11 0.125535 0.0951435 0.00288458
12 0.125693 0.100124 0.00253138
13 0.125693 0.0989036 0.00261418
14 0.341751 0.104782 0.00290265
15 0.341751 0.10371 0.00298192
16 0.341751 0.106073 0.00279473
17 0.341751 0.10482 0.00290234
18 0.341751 0.097428 0.00346659
19 0.341751 0.110767 0.00256585
20 0.341751 0.109832 0.00261447
21 0.341751 0.104534 0.00312958
22 0.341751 0.104033 0.00345879
23 0.341751 0.11078 0.00354545
24 0.341751 0.115332 0.00354043
25 0.341751 0.115422 0.00381126
26 0.341751 0.104413 0.00492888
27 0.341751 0.106422 0.00526581
28 0.341751 0.109706 0.00606391
29 0.433401 0.119776 0.0093659
30 0.47121 0.130872 0.0115526
31 0.47121 0.135373 0.0121307
32 0.557003 0.138289 0.0150486
32 0.560673 0.0618615 0.0185128
33 0.560673 0.0638873 0.0198098
34 0.560673 0.0690169 0.0225282
35 0.560673 0.077377 0.0246014
36 0.560673 0.0843402 0.0274657
37 0.560673 0.0825124 0.0265274
38 0.560673 0.0891777 0.0288101
39 0.560673 0.0850782 0.0284001
40 0.560673 0.0892482 0.0286109
41 0.562123 0.0921957 0.0333203
42 0.568092 0.140074 0.0423458
43 0.582845 0.161149 0.0468081
44 0.582845 0.144198 0.0478773
45 0.582845 0.13479 0.0418422
46 0.582845 0.169435 0.0461376
47 0.582845 0.151885 0.0421461
48 0.583951 0.159823 0.0424634
49 0.583951 0.164326 0.0494147
50 0.586326 0.157076 0.0499315
51 0.591462 0.159409 0.0480721
52 0.591462 0.153366 0.044975
53 0.591462 0.145878 0.0438027
54 0.591462 0.176752 0.0485533
55 0.591462 0.163208 0.0499525
56 0.591462 0.15473 0.0478642
57 0.591462 0.184559 0.0523276
58 0.591462 0.161204 0.0486461
59 0.594642 0.1614 0.0510436
60 0.596892 0.183407 0.0530914
61 0.596892 0.157729 0.0523258
62 0.596892 0.168151 0.0537205
63 0.596892 0.178794 0.049394
64 0.596892 0.190996 0.0522012
65 0.596892 0.188194 0.0536454
66 0.596892 0.172518 0.0519822
67 0.596892 0.165302 0.0495268
68 0.596892 0.159489 0.0496903
69 0.596892 0.164727 0.0495836
70 0.596892 0.186059 0.0496815
71 0.596892 0.164292 0.0478177
72 0.596892 0.165245 0.0475027
73 0.596892 0.152593 0.0476919
74 0.596892 0.147005 0.0433597
75 0.596892 0.162423 0.0442671
76 0.596892 0.161842 0.0458629
77 0.596892 0.170595 0.0489505
78 0.596892 0.187782 0.0549885
79 0.596892 0.203034 0.0537823
80 0.596892 0.172984 0.0463725
81 0.596892 0.183877 0.0508665
82 0.596892 0.175202 0.051405
83 0.596892 0.185052 0.049393
84 0.596892 0.193087 0.0501577
85 0.596892 0.164224 0.045812
86 0.596892 0.186771 0.0498886
87 0.596892 0.197336 0.0509226
88 0.596892 0.200972 0.0537146
89 0.596892 0.187676 0.0525265
90 0.596892 0.1905 0.0526267
91 0.596892 0.212472 0.0523234
92 0.596892 0.209689 0.0491672
93 0.596892 0.19955 0.0506745
94 0.596892 0.204347 0.0533615
95 0.596892 0.193837 0.05111
96 0.596892 0.178262 0.050443
97 0.596892 0.188507 0.0502272
98 0.596892 0.166618 0.0471436
99 0.596892 0.196107 0.0524719
100 0.596892 0.207432 0.0511341
101 0.596892 0.192703 0.0469387
102 0.606008 0.234979 0.0526474
103 0.606008 0.222923 0.0486831
104 0.606008 0.214957 0.0464092
105 0.606008 0.208955 0.0519316
106 0.606008 0.215463 0.0533306
107 0.606008 0.226738 0.0521943
108 0.606008 0.195536 0.0516416
109 0.606008 0.208828 0.0520852
110 0.606008 0.165937 0.0502254
111 0.606008 0.197253 0.0526898
112 0.606008 0.213179 0.054533
113 0.606008 0.187456 0.0535595
114 0.606008 0.17381 0.0476593
115 0.606008 0.179075 0.0513717
116 0.606008 0.16775 0.0503762
117 0.606008 0.190425 0.0556261
118 0.606008 0.185894 0.0517519
119 0.606008 0.215832 0.0580368
120 0.606008 0.200646 0.0566721
121 0.606008 0.186472 0.0509962
122 0.606008 0.21452 0.0505484
123 0.606008 0.198084 0.052141
124 0.606008 0.204054 0.058557
125 0.606008 0.174074 0.051272
126 0.606008 0.191867 0.053902
127 0.606008 0.201347 0.0580291
128 0.606008 0.193576 0.0524148
129 0.606008 0.20678 0.0466869
130 0.606008 0.206473 0.0517745
131 0.606008 0.22861 0.0508068
132 0.606008 0.191443 0.0510554
133 0.606008 0.195673 0.0517075
134 0.606008 0.181187 0.0503205
135 0.606008 0.152801 0.0439221
136 0.606008 0.145786 0.0462656
137 0.606008 0.17621 0.0511376
138 0.606008 0.153281 0.0483639
139 0.606008 0.155824 0.0487245
140 0.606008 0.16677 0.0505931
141 0.606008 0.167848 0.0492687
142 0.606008 0.164358 0.0506036
143 0.606008 0.151656 0.0494074
144 0.606008 0.175789 0.0531491
145 0.606008 0.156207 0.0511986
146 0.606008 0.178038 0.0542137
147 0.606008 0.191575 0.0600602
148 0.606008 0.181131 0.0544458
149 0.606008 0.180278 0.0580067
150 0.606008 0.180856 0.0586344
151 0.606008 0.176991 0.0548967
152 0.606008 0.165952 0.0483661
153 0.606008 0.170635 0.0512482
154 0.606008 0.194102 0.0586956
155 0.606008 0.18509 0.0584294
156 0.606008 0.164738 0.0530564
157 0.606008 0.179097 0.0554525
158 0.606008 0.184859 0.0581257
159 0.606008 0.179478 0.0537748
160 0.606008 0.163068 0.0487858
161 0.606008 0.177561 0.0539559
162 0.606008 0.172671 0.0504525
163 0.606008 0.167624 0.0538277
164 0.606008 0.159474 0.0531418
165 0.606008 0.198927 0.0563938
166 0.606008 0.206069 0.0587679
167 0.606008 0.18905 0.057792
168 0.606008 0.178135 0.0515022
169 0.606008 0.176082 0.051191
170 0.606008 0.218852 0.0544536
171 0.606008 0.200167 0.0517008
172 0.606008 0.203652 0.0514584
173 0.606008 0.189078 0.0530587
174 0.606008 0.192962 0.0557203
175 0.606008 0.162369 0.0523605
176 0.606008 0.18276 0.0522761
177 0.606008 0.184829 0.0501924
178 0.606008 0.188263 0.0515548
179 0.606008 0.183929 0.0523793
180 0.606008 0.19462 0.0542339
181 0.606008 0.21169 0.0556538
182 0.606008 0.186951 0.0510463
183 0.606008 0.202528 0.0543438
184 0.606008 0.195286 0.0563838
185 0.606008 0.160832 0.054139
186 0.606008 0.167512 0.05596
187 0.606008 0.16763 0.0519501
188 0.606008 0.181004 0.0566213
189 0.606008 0.188057 0.0553884
190 0.606008 0.177745 0.0549852
191 0.606008 0.181167 0.0546706
192 0.606008 0.185118 0.0515837
193 0.606008 0.17676 0.0482083
194 0.606008 0.196357 0.0543965
195 0.606008 0.181664 0.0499861
196 0.606008 0.170005 0.0475826
197 0.606008 0.189165 0.0529047
198 0.606008 0.194069 0.0567306
199 0.606008 0.200408 0.0549602
200 0.606008 0.189439 0.0577217
201 0.606008 0.188767 0.0571107
202 0.606008 0.203398 0.0541322
203 0.606008 0.198046 0.0561213
204 0.606008 0.197342 0.0552562
205 0.606008 0.184674 0.0522758
206 0.606008 0.203541 0.0606284
207 0.606008 0.195807 0.0530191
208 0.606008 0.190849 0.0473227
209 0.606008 0.196697 0.0555641
210 0.606008 0.212188 0.0557764
211 0.606008 0.213481 0.0538057
212 0.606008 0.215975 0.0543378
213 0.606008 0.196477 0.0505746
214 0.606008 0.217717 0.0578998
215 0.606008 0.209834 0.0488722
216 0.606008 0.186508 0.0497267
217 0.606008 0.179262 0.0493003
218 0.606008 0.154823 0.0449273
219 0.606008 0.192668 0.0487192
220 0.606008 0.176033 0.0462095
221 0.606008 0.188127 0.0468931
222 0.606008 0.180671 0.0486034
223 0.606008 0.184446 0.0511363
224 0.606008 0.188617 0.0544158
225 0.606008 0.167546 0.0502765
226 0.606194 0.174133 0.0512637
227 0.606194 0.19384 0.0524817
228 0.606194 0.181072 0.0553364
229 0.606194 0.176481 0.0522414
230 0.606194 0.181704 0.055117
231 0.606194 0.188783 0.051027
232 0.606194 0.19597 0.0545901
233 0.606194 0.177107 0.0498034
234 0.606194 0.174979 0.0510912
235 0.606194 0.159161 0.0500909
236 0.606194 0.149146 0.0507572
237 0.606194 0.17169 0.0553472
238 0.606194 0.195871 0.0600197
239 0.606194 0.201421 0.0596093
240 0.606194 0.18019 0.058689
241 0.606194 0.205565 0.0564941
242 0.606194 0.199959 0.0611545
243 0.606194 0.186872 0.0570153
244 0.606194 0.200304 0.0565714
245 0.606194 0.196221 0.0549844
246 0.606194 0.200558 0.0537057
247 0.606194 0.223518 0.0529818
248 0.606194 0.221786 0.0524821
249 0.606194 0.189402 0.051391
250 0.606194 0.20976 0.0550493
251 0.606194 0.202416 0.0532235
252 0.606194 0.223908 0.0578337
253 0.606194 0.243771 0.0572119
254 0.606194 0.211217 0.05231
255 0.606194 0.233053 0.0568014
256 0.606194 0.226259 0.0523263
257 0.606194 0.223656 0.0491323
258 0.606194 0.217891 0.054015
259 0.606194 0.228717 0.0550234
260 0.606194 0.18361 0.050256
261 0.606194 0.203861 0.055833
262 0.606194 0.224794 0.0530488
263 0.606194 0.219752 0.0560511
264 0.606194 0.21119 0.0526051
265 0.606194 0.198077 0.0551952
266 0.606194 0.183415 0.0532796
267 0.606194 0.207485 0.0522501
268 0.606194 0.200804 0.0553553
269 0.606194 0.19056 0.0554493
270 0.606194 0.186061 0.0539044
271 0.606194 0.177618 0.0511974
272 0.606194 0.180474 0.0547462
273 0.606194 0.208969 0.0541291
274 0.606194 0.181624 0.0523971
275 0.606194 0.17025 0.0524199
276 0.606194 0.165626 0.0514674
277 0.606194 0.179788 0.0509392
278 0.606194 0.165186 0.0481737
279 0.606194 0.189826 0.0469573
280 0.606194 0.209764 0.0485666
281 0.606194 0.196087 0.0487072
282 0.606194 0.20069 0.051783
283 0.606194 0.197168 0.051273
284 0.606194 0.16628 0.0494949
285 0.606194 0.192371 0.059498
286 0.606194 0.165969 0.0472445
287 0.606194 0.211608 0.0525155
288 0.606194 0.164576 0.0460235
289 0.606194 0.212744 0.0538765
290 0.606194 0.153275 0.0482846
291 0.606194 0.188855 0.0525624
292 0.606194 0.209056 0.0501946
293 0.606194 0.217873 0.0516197
294 0.606194 0.223558 0.0544494
295 0.606194 0.214399 0.0568918
296 0.606194 0.185886 0.0538796
297 0.606194 0.19328 0.0554426
298 0.606194 0.18195 0.0535285
299 0.606194 0.177832 0.0541074
300 0.606194 0.208156 0.056087
301 0.606194 0.215559 0.0582158
302 0.606194 0.194926 0.0550391
303 0.606194 0.194422 0.0528733
304 0.606194 0.206316 0.0576236
305 0.606194 0.179097 0.0544044
306 0.606194 0.177141 0.0525354
307 0.606194 0.179641 0.052368
308 0.606194 0.142441 0.0507969
309 0.606194 0.174294 0.0499655
310 0.606194 0.182446 0.0549868
311 0.606194 0.190461 0.0554646
312 0.606194 0.219293 0.0531133
313 0.606194 0.209035 0.0532473
314 0.606194 0.20563 0.051064
315 0.606194 0.211801 0.0560678
316 0.606194 0.214407 0.0535898
317 0.606194 0.222151 0.0493474
318 0.606194 0.213202 0.0496851
319 0.606194 0.193939 0.0504304
320 0.606194 0.17384 0.0483947
321 0.606207 0.195846 0.0543564
322 0.606207 0.180267 0.0489031
323 0.606207 0.189884 0.0495182
324 0.606207 0.211002 0.0540735
325 0.606207 0.191402 0.0509269
326 0.606207 0.201478 0.0530463
327 0.606207 0.169531 0.0468438
328 0.606207 0.17959 0.0510707
329 0.606207 0.185588 0.0526568
330 0.606207 0.197289 0.0571461
331 0.606207 0.195409 0.0543927
332 0.606207 0.194472 0.0580299
333 0.606207 0.178915 0.0555202
334 0.606207 0.181989 0.0515371
335 0.606207 0.173781 0.0495194
336 0.606207 0.183263 0.0524496
337 0.606207 0.169527 0.0519237
338 0.606207 0.192478 0.0522117
339 0.606207 0.19485 0.0534125
340 0.606207 0.160339 0.0463782
341 0.606207 0.144184 0.0441253
342 0.606207 0.159897 0.0491774
343 0.606207 0.179664 0.0486094
344 0.606207 0.166038 0.0443534
345 0.606207 0.185621 0.0524558
346 0.606207 0.216579 0.0507019
347 0.606372 0.202377 0.051882
348 0.606372 0.200143 0.0509543
349 0.606372 0.17803 0.0487085
350 0.606372 0.170819 0.0475037
351 0.606372 0.18351 0.0527078
352 0.606372 0.221249 0.0585653
353 0.606372 0.239866 0.0543791
354 0.606372 0.231161 0.0558277
355 0.606372 0.234252 0.0516766
356 0.606372 0.219868 0.0538666
357 0.606372 0.176761 0.0487605
358 0.606372 0.192925 0.0489995
359 0.606372 0.216059 0.0516864
360 0.606372 0.202033 0.0563245
361 0.606372 0.212811 0.0540398
362 0.606372 0.215042 0.0550393
363 0.606372 0.211603 0.0556539
364 0.606372 0.2153 0.0586713
365 0.606372 0.176405 0.0526096
366 0.606372 0.205239 0.052658
367 0.606372 0.199382 0.0517907
368 0.606372 0.16868 0.0530099
369 0.606372 0.157688 0.0471736
370 0.606372 0.157984 0.0488094
371 0.606372 0.179739 0.0544932
372 0.606372 0.172283 0.0531352
373 0.606372 0.169208 0.0544762
374 0.606372 0.212428 0.0582898
375 0.606372 0.181316 0.0512968
376 0.606372 0.204137 0.051637
377 0.606372 0.168952 0.0491502
378 0.606372 0.179436 0.0535429
379 0.606372 0.203947 0.05576
380 0.606372 0.168834 0.0509906
381 0.606372 0.225075 0.0557704
382 0.606372 0.218326 0.0529998
383 0.606372 0.197837 0.0516353
384 0.606372 0.210987 0.0513626
385 0.606372 0.181632 0.0478117
386 0.606372 0.195001 0.0536492
387 0.606372 0.17141 0.0511327
388 0.606372 0.197436 0.0536498
389 0.606372 0.189161 0.0475235
390 0.606372 0.199154 0.0518352
391 0.606372 0.198424 0.0538844
392 0.606372 0.171307 0.0454553
393 0.606372 0.199404 0.0509063
394 0.606372 0.196702 0.0528995
395 0.606372 0.171607 0.0507122
396 0.606372 0.150789 0.0446085
397 0.606372 0.176493 0.0530674
398 0.606372 0.199558 0.0531256
399 0.606372 0.206789 0.0582499
400 0.606372 0.192563 0.0557051
401 0.606372 0.195448 0.058008
402 0.606372 0.165908 0.0581006
403 0.606372 0.189946 0.0560569
404 0.606372 0.177947 0.0543819
405 0.606372 0.186181 0.054419
406 0.606372 0.165452 0.0498697
407 0.606372 0.191037 0.0529828
408 0.606372 0.203146 0.0526904
409 0.606372 0.219318 0.0538491
410 0.606372 0.201719 0.0535562
411 0.606372 0.223311 0.0524482
412 0.606372 0.197183 0.0492183
413 0.606372 0.205753 0.0511732
414 0.606372 0.20767 0.0516964
415 0.606372 0.203633 0.0487158
416 0.606372 0.187824 0.053111
417 0.606372 0.186358 0.0547329
418 0.606372 0.174752 0.0533828
419 0.606372 0.183839 0.0517059
420 0.606372 0.186563 0.0511081
421 0.606372 0.208561 0.0561864
422 0.606372 0.214729 0.0524941
423 0.606372 0.209113 0.050688
424 0.606372 0.18462 0.0518061
425 0.606372 0.175246 0.0522883
426 0.606372 0.158683 0.0481839
427 0.606372 0.149666 0.0511355
428 0.606372 0.179491 0.0547646
429 0.606372 0.163444 0.0512192
430 0.606372 0.171124 0.0528884
431 0.606372 0.196001 0.0546778
432 0.606372 0.172119 0.0540265
433 0.606372 0.154838 0.0521943
434 0.606372 0.170859 0.0573014
435 0.606372 0.160963 0.0519569
436 0.606372 0.196195 0.0548737
437 0.606372 0.188979 0.0515569
438 0.606372 0.192665 0.0520195
439 0.606372 0.195381 0.0542225
440 0.606372 0.199068 0.0524831
441 0.606372 0.196682 0.0545082
442 0.606372 0.197339 0.0541852
443 0.606372 0.200512 0.0559216
444 0.606372 0.194117 0.0546524
445 0.606372 0.204974 0.054646
446 0.606372 0.205493 0.0540061
447 0.606372 0.2015 0.0524314
448 0.606372 0.188453 0.0491782
449 0.606372 0.182185 0.0505114
450 0.606372 0.142934 0.0504384
451 0.606372 0.176145 0.0534358
452 0.606372 0.164752 0.0476415
453 0.606372 0.189666 0.0522653
454 0.606372 0.161294 0.0513331
455 0.606372 0.152959 0.0489981
456 0.606372 0.182607 0.0499163
457 0.606372 0.204484 0.0512033
458 0.606372 0.200161 0.0528364
459 0.606372 0.195288 0.0566192
460 0.606372 0.196475 0.0504507
461 0.606372 0.162534 0.0480039
462 0.606372 0.161931 0.047274
463 0.606372 0.181089 0.0510983
464 0.606372 0.185515 0.0485562
465 0.606372 0.191338 0.0501872
466 0.606372 0.173072 0.0467657
467 0.606372 0.199655 0.050798
468 0.606372 0.174382 0.0465644
469 0.606372 0.185545 0.0519413
470 0.606442 0.192988 0.0543598
471 0.606442 0.225962 0.0541804
472 0.606442 0.231264 0.0509288
473 0.606442 0.206286 0.051238
474 0.606442 0.213898 0.0541773
475 0.606442 0.198713 0.0509702
476 0.606442 0.187185 0.0538677
477 0.606442 0.161339 0.0513399
478 0.606442 0.187294 0.0516834
479 0.606442 0.174948 0.0524002
480 0.606442 0.19698 0.0548209
481 0.606442 0.186856 0.0547804
482 0.606442 0.212942 0.0555225
483 0.606442 0.19859 0.0552606
484 0.606442 0.183064 0.0579773
485 0.606442 0.160775 0.0521275
486 0.606442 0.174984 0.0461444
487 0.606442 0.193135 0.0508722
488 0.606442 0.176025 0.0503306
489 0.606442 0.173393 0.0509026
490 0.606442 0.18291 0.0495361
491 0.606442 0.189752 0.0489511
492 0.606442 0.183425 0.0529616
493 0.606442 0.18451 0.0478786
494 0.606442 0.180197 0.0479557
495 0.606442 0.187429 0.0504469
496 0.606442 0.209463 0.0536673
497 0.606442 0.203215 0.0522353
498 0.606442 0.190995 0.0527041
499 0.606442 0.220531 0.0575655
500 0.606442 0.193203 0.0496769
501 0.606442 0.231506 0.0507718
502 0.606442 0.208111 0.0491572
503 0.606442 0.18999 0.0528993
504 0.606442 0.193456 0.0514427
505 0.606442 0.175806 0.0499928
506 0.606442 0.211272 0.0531409
507 0.606442 0.223947 0.0559705
508 0.606442 0.199191 0.0527046
509 0.606442 0.182017 0.0501738
510 0.606442 0.171127 0.0513553
511 0.606442 0.173397 0.050033
512 0.606442 0.177319 0.052726
513 0.606442 0.170279 0.0498974
514 0.606442 0.180927 0.051245
515 0.606442 0.176385 0.0517424
516 0.606442 0.171387 0.0527592
517 0.606442 0.163983 0.0508772
518 0.606442 0.18401 0.0550081
519 0.606442 0.177212 0.0523955
520 0.606442 0.183632 0.0521774
521 0.606442 0.179755 0.0539527
522 0.606442 0.182907 0.052122
523 0.606442 0.189843 0.0546598
524 0.606442 0.170048 0.0500111
525 0.606442 0.174059 0.0464852
526 0.606442 0.179113 0.0512786
527 0.606442 0.151985 0.0472357
528 0.606442 0.174676 0.0502866
529 0.606442 0.18325 0.053364
530 0.606442 0.184076 0.0518898
531 0.606442 0.18966 0.0540185
532 0.606442 0.211641 0.0528124
533 0.606442 0.184153 0.0503314
534 0.606442 0.186267 0.0490619
535 0.606442 0.18067 0.0488305
536 0.606442 0.202085 0.0574913
537 0.606442 0.180315 0.0576635
538 0.606442 0.194767 0.0588262
539 0.606442 0.173702 0.0486896
540 0.606442 0.198571 0.0497796
541 0.606442 0.177311 0.0497741
542 0.606442 0.172237 0.046069
543 0.606442 0.169765 0.0496383
544 0.606442 0.167277 0.0522221
545 0.606442 0.180345 0.0521636
546 0.606442 0.201318 0.0544756
547 0.606442 0.212352 0.0528005
548 0.606442 0.224254 0.0561688
549 0.606442 0.219173 0.053317
550 0.606442 0.208507 0.0527384
551 0.606442 0.21834 0.0496256
552 0.606442 0.203386 0.0513631
553 0.606442 0.208925 0.049509
554 0.606442 0.185902 0.0485072
555 0.606442 0.2009 0.0517491
556 0.606442 0.19806 0.0520395
557 0.606442 0.194717 0.0544694
558 0.606442 0.193259 0.0500831
559 0.606442 0.19334 0.0539653
560 0.606442 0.194101 0.0545302
561 0.606442 0.149681 0.0480124
562 0.606442 0.1464 0.0448811
563 0.606442 0.158806 0.0503676
564 0.606442 0.182139 0.0535987
565 0.606442 0.191375 0.0584004
566 0.606442 0.161623 0.0567961
567 0.606442 0.149494 0.0496879
568 0.606442 0.152653 0.0506912
569 0.606442 0.158846 0.0491282
570 0.606442 0.160348 0.0497604
571 0.606442 0.166386 0.0527185
572 0.606442 0.179656 0.0512217
573 0.606442 0.177565 0.0482635
574 0.606442 0.174845 0.0526163
575 0.606442 0.19876 0.0510362
576 0.606442 0.182572 0.0484275
577 0.606442 0.193532 0.0533776
578 0.606442 0.179134 0.0515623
579 0.606442 0.202637 0.0471316
580 0.606442 0.211418 0.0443482
581 0.606442 0.178078 0.0485236
582 0.606442 0.192114 0.0532324
583 0.606442 0.196526 0.0536572
584 0.606442 0.205185 0.0517781
585 0.606442 0.217744 0.0554317
586 0.606442 0.203162 0.0527627
587 0.606442 0.206779 0.0536505
588 0.606442 0.194599 0.0587541
589 0.606442 0.183586 0.0528681
590 0.606442 0.183 0.0541307
591 0.606442 0.206235 0.0573542
592 0.606442 0.184849 0.0521965
593 0.606442 0.177668 0.0563657
594 0.606442 0.185233 0.0558229
595 0.606442 0.198067 0.0551431
596 0.606442 0.206274 0.0537932
597 0.606442 0.203006 0.0509106
598 0.606442 0.185209 0.0540866
599 0.606442 0.172172 0.0535696
600 0.606442 0.16906 0.0478972
601 0.606442 0.172172 0.0517507
602 0.606442 0.161565 0.0515402
603 0.606442 0.166708 0.051574
604 0.606442 0.188962 0.0503484
605 0.606442 0.185949 0.0557213
606 0.606442 0.217371 0.0563004
607 0.606442 0.18588 0.0535728
608 0.606442 0.221199 0.0545874
609 0.606442 0.187513 0.053574
610 0.606442 0.172299 0.0470113
611 0.606442 0.174592 0.0549663
612 0.606442 0.209648 0.0561584
613 0.606442 0.177489 0.0514262
614 0.606442 0.18747 0.0562983
615 0.606442 0.211868 0.0567331
616 0.606442 0.185354 0.0512523
617 0.606442 0.197058 0.0506982
618 0.606442 0.176958 0.0517735
619 0.606442 0.187095 0.0577673
620 0.606442 0.193265 0.059412
621 0.606442 0.166074 0.0507553
622 0.606442 0.156073 0.0486725
623 0.606442 0.185922 0.0539614
624 0.606442 0.181445 0.0504464
625 0.606442 0.176921 0.0499586
626 0.606442 0.157821 0.0480984
627 0.606442 0.185786 0.049598
628 0.606442 0.220019 0.0519081
629 0.606442 0.191183 0.0496513
630 0.606442 0.20388 0.0523438
631 0.606442 0.173572 0.0499777
632 0.606442 0.200286 0.0536317
633 0.606442 0.180598 0.0543765
634 0.606442 0.173575 0.0530531
635 0.606442 0.162803 0.050154
636 0.606442 0.191152 0.0567094
637 0.606442 0.151476 0.0495348
638 0.606442 0.167643 0.045978
639 0.606442 0.166056 0.0503395
640 0.606442 0.19345 0.049345
641 0.606442 0.180648 0.0469406
642 0.606442 0.186307 0.0508296
643 0.606442 0.173867 0.0483415
644 0.606442 0.167637 0.0503153
645 0.606442 0.172481 0.050095
646 0.606442 0.181192 0.048742
647 0.606442 0.184239 0.0439167
648 0.606442 0.176333 0.0462911
649 0.606442 0.169547 0.0499343
650 0.606442 0.169069 0.04772
651 0.606442 0.172278 0.0492259
652 0.606442 0.203361 0.0549769
653 0.606442 0.187084 0.054874
654 0.606442 0.192019 0.0541706
655 0.606442 0.207144 0.0573366
656 0.606442 0.189235 0.0518893
657 0.606442 0.232209 0.0531381
658 0.606442 0.212861 0.0529679
659 0.606442 0.188109 0.0527257
660 0.606442 0.192574 0.052074
661 0.606442 0.189366 0.0529928
662 0.606442 0.178836 0.0559703
663 0.606442 0.187757 0.0490861
664 0.606442 0.229752 0.0512735
665 0.606442 0.214767 0.0536957
666 0.606442 0.202318 0.0515832
667 0.606442 0.205769 0.05262
668 0.606442 0.195335 0.0546661
669 0.606442 0.187068 0.055247
670 0.606442 0.180751 0.0512355
671 0.606442 0.208956 0.0554442
672 0.606442 0.182654 0.0534014
673 0.606442 0.192448 0.0552533
674 0.606442 0.187323 0.0564383
675 0.606442 0.201735 0.0561805
676 0.606442 0.189126 0.0541977
677 0.606442 0.180686 0.0497795
678 0.606442 0.190963 0.0521498
679 0.606442 0.214654 0.0528445
680 0.606442 0.187216 0.0517375
681 0.606442 0.185829 0.051505
682 0.606442 0.214073 0.0545012
683 0.606442 0.210347 0.0533043
684 0.606442 0.217006 0.0568504
685 0.606442 0.181305 0.0521633
686 0.606442 0.21066 0.0551056
687 0.606442 0.195794 0.0503171
688 0.606442 0.208675 0.0498479
689 0.606442 0.189428 0.0516511
690 0.606442 0.189537 0.0515087
691 0.606442 0.200371 0.0536507
692 0.606442 0.171908 0.0531825
693 0.606442 0.195511 0.0556841
694 0.606442 0.206941 0.0582005
695 0.606442 0.19189 0.0574926
696 0.606442 0.195345 0.0488488
697 0.606442 0.204229 0.0543135
698 0.606442 0.204559 0.050972
699 0.606442 0.20728 0.052881
700 0.606442 0.19616 0.0545545
701 0.606442 0.201491 0.0526931
702 0.606442 0.193926 0.0567742
703 0.606442 0.155824 0.047041
704 0.606442 0.221022 0.0563488
705 0.606442 0.215986 0.0578129
706 0.606442 0.197315 0.0566481
707 0.606442 0.198397 0.0581437
708 0.606442 0.174165 0.0525835
709 0.606442 0.157131 0.0487948
710 0.606442 0.13816 0.0408294
711 0.606442 0.161861 0.045837
712 0.606442 0.192189 0.0510582
713 0.606442 0.189726 0.053625
714 0.606442 0.177934 0.0524201
715 0.606442 0.168566 0.0495301
716 0.606442 0.177799 0.0469191
717 0.606442 0.182928 0.0542153
718 0.606442 0.168614 0.0534124
719 0.606442 0.158698 0.0541495
720 0.606442 0.157086 0.0468861
721 0.606442 0.17763 0.0513122
722 0.606442 0.209984 0.0528958
723 0.606442 0.205794 0.0531071
724 0.606442 0.213804 0.0552762
725 0.606442 0.248488 0.0545768
726 0.606442 0.24161 0.0520663
727 0.606442 0.211865 0.055658
728 0.606442 0.213819 0.0548256
729 0.606442 0.217061 0.0560811
730 0.606442 0.192676 0.0535979
731 0.606442 0.194594 0.0542897
732 0.606442 0.188602 0.0510775
733 0.606442 0.171786 0.0560768
734 0.606442 0.17527 0.0449687
735 0.606442 0.186698 0.0484796
736 0.606442 0.202933 0.0560145
737 0.606442 0.172838 0.0462109
738 0.606442 0.170109 0.0496721
739 0.606442 0.181478 0.0528487
740 0.606442 0.184466 0.0556321
741 0.606442 0.177199 0.0492164
742 0.606442 0.175442 0.048444
743 0.606442 0.201999 0.0523193
744 0.606442 0.198415 0.0521008
745 0.606442 0.186247 0.0495363
746 0.606442 0.192924 0.0491102
747 0.606442 0.190774 0.0526265
748 0.606442 0.18634 0.0530909
749 0.606442 0.199369 0.0517212
750 0.606442 0.213582 0.0550356
751 0.606442 0.172521 0.0525481
752 0.606442 0.180374 0.0526586
753 0.606442 0.191428 0.0530468
754 0.606442 0.189253 0.051299
755 0.606442 0.188709 0.051834
756 0.606442 0.180412 0.051671
757 0.606442 0.169983 0.0500885
758 0.606442 0.176559 0.049222
759 0.606442 0.198824 0.0521277
760 0.606442 0.205309 0.0515494
761 0.606442 0.209831 0.0573767
762 0.606442 0.182207 0.0530333
763 0.606442 0.166205 0.0451952
764 0.606442 0.215428 0.053576
765 0.606442 0.206075 0.0499758
766 0.606442 0.223011 0.053686
767 0.606442 0.222811 0.052229
768 0.606442 0.176174 0.0492136
769 0.606442 0.183713 0.0503312
770 0.606442 0.185285 0.0530748
771 0.606442 0.175276 0.0516845
772 0.606442 0.193503 0.0541034
773 0.606442 0.19095 0.0513424
774 0.606442 0.185327 0.0530082
775 0.606442 0.165153 0.050185
776 0.606442 0.161865 0.0477649
777 0.606442 0.162953 0.0493729
778 0.606442 0.173405 0.050121
779 0.606442 0.182605 0.0555598
780 0.606442 0.164984 0.0485396
781 0.606442 0.160022 0.0505145
782 0.606442 0.150111 0.0527461
783 0.606442 0.174053 0.0505706
784 0.606442 0.217598 0.0570101
785 0.606442 0.209323 0.0539465
786 0.606442 0.19259 0.051757
787 0.606442 0.175158 0.0507178
788 0.606442 0.177688 0.0520006
789 0.606442 0.191859 0.0564811
790 0.606442 0.193789 0.0571224
791 0.606442 0.166119 0.0477959
792 0.606442 0.176333 0.0562068
793 0.606442 0.191263 0.0545147
794 0.606442 0.181171 0.049851
795 0.606442 0.205453 0.0505347
796 0.606442 0.21997 0.0559107
797 0.606442 0.202359 0.0559252
798 0.606442 0.19767 0.0539414
799 0.606442 0.20156 0.0509134
800 0.606442 0.206711 0.0473995
801 0.606442 0.174372 0.0495886
802 0.606442 0.191786 0.0546121
803 0.606442 0.198989 0.0521002
804 0.606442 0.170614 0.0526253
805 0.606442 0.175287 0.0526722
806 0.606442 0.187985 0.0523524
807 0.606442 0.172358 0.0583463
808 0.606442 0.166989 0.0518034
809 0.606442 0.165402 0.052506
810 0.606442 0.215826 0.0597092
811 0.606442 0.212015 0.0607926
812 0.606442 0.19175 0.0570407
813 0.606442 0.19354 0.0542687
814 0.606442 0.198469 0.0532635
815 0.606442 0.220491 0.0567839
816 0.606442 0.215272 0.0526077
817 0.606442 0.193264 0.0538407
818 0.606442 0.192664 0.0516804
819 0.606442 0.187034 0.0483299
820 0.606442 0.169067 0.0495014
821 0.606442 0.175192 0.0487687
822 0.606442 0.18914 0.0511354
823 0.606442 0.191665 0.0516176
824 0.606442 0.191101 0.0549192
825 0.606442 0.168578 0.0475646
826 0.606442 0.171674 0.0468693
827 0.606442 0.18072 0.0538288
828 0.606442 0.159379 0.0465031
829 0.606442 0.142522 0.0450903
830 0.606442 0.152796 0.0482907
831 0.606442 0.172781 0.0529666
832 0.606442 0.171914 0.0492897
833 0.606442 0.191014 0.0544643
834 0.606442 0.187321 0.0537079
835 0.606442 0.164902 0.0508153
836 0.606442 0.173699 0.0518941
837 0.606442 0.178201 0.0533883
838 0.606442 0.166215 0.0451146
839 0.606442 0.169152 0.0483961
840 0.606442 0.179293 0.0490172
841 0.606442 0.184912 0.0495606
842 0.606442 0.1939 0.050287
843 0.606442 0.197451 0.0493395
844 0.606442 0.199656 0.0498426
845 0.606442 0.157127 0.0495505
846 0.606442 0.173805 0.0546425
847 0.606442 0.148618 0.0488498
848 0.606442 0.152694 0.0482156
849 0.606442 0.151038 0.046464
850 0.606442 0.171565 0.0474411
851 0.606442 0.171289 0.0514608
852 0.606442 0.189668 0.0558237
853 0.606442 0.170741 0.0506192
854 0.606442 0.184947 0.050371
855 0.606442 0.171749 0.0490374
856 0.606442 0.186339 0.0514613
857 0.606442 0.192583 0.054913
858 0.606442 0.197479 0.0559009
859 0.606442 0.19552 0.0537462
860 0.606442 0.205861 0.0552303
861 0.606442 0.184565 0.0498389
862 0.606442 0.209211 0.0491642
863 0.606442 0.207132 0.0509778
864 0.606442 0.239641 0.0460243
865 0.606442 0.189003 0.0446818
866 0.606442 0.19802 0.0493383
867 0.606442 0.19498 0.0482533
868 0.606442 0.18679 0.0512474
869 0.606442 0.191726 0.0516374
870 0.606442 0.218737 0.0550637
871 0.606442 0.220111 0.0513316
872 0.606442 0.180174 0.0512541
873 0.606442 0.168026 0.0477894
874 0.606442 0.197787 0.049836
875 0.606442 0.176243 0.0467782
876 0.606442 0.174643 0.0499429
877 0.606442 0.200776 0.0509084
878 0.606442 0.189134 0.048403
879 0.606442 0.175344 0.0507943
880 0.606442 0.192186 0.0536954
881 0.606442 0.211247 0.0518612
882 0.606442 0.21457 0.0498128
883 0.606442 0.209851 0.0544298
884 0.606442 0.210469 0.0508664
885 0.606442 0.220066 0.053864
886 0.606442 0.223519 0.0545137
887 0.606442 0.23681 0.0552566
888 0.606442 0.21245 0.0530476
889 0.606442 0.187163 0.0498715
890 0.606442 0.185716 0.0513485
891 0.606442 0.172582 0.0528701
892 0.606442 0.18248 0.0505892
893 0.606442 0.167059 0.0499969
894 0.606442 0.154765 0.0466091
895 0.606442 0.174844 0.0522844
896 0.606442 0.176794 0.0545445
897 0.606442 0.162479 0.0500296
898 0.606442 0.177617 0.0548762
899 0.606442 0.184007 0.0546354
900 0.606442 0.184728 0.0485663
901 0.606442 0.195802 0.0508217
902 0.606442 0.18527 0.0504732
903 0.606442 0.171852 0.0471945
904 0.606442 0.189648 0.050223
905 0.606442 0.193859 0.0533985
906 0.606442 0.199934 0.053271
907 0.606442 0.184775 0.0517393
908 0.606442 0.184887 0.051539
909 0.606442 0.193254 0.0563406
910 0.606442 0.177025 0.0529709
911 0.606442 0.183868 0.0526954
912 0.606442 0.186179 0.0534841
913 0.606442 0.208401 0.057025
914 0.606442 0.200509 0.0512011
915 0.606442 0.21479 0.0536547
916 0.606442 0.198094 0.0529375
917 0.606442 0.201398 0.0543089
918 0.606442 0.175733 0.047772
919 0.606442 0.209308 0.0509726
920 0.606442 0.194447 0.0506439
921 0.606442 0.17618 0.0454463
922 0.606442 0.199887 0.0514881
923 0.606442 0.204585 0.051593
924 0.606442 0.197632 0.0533392
925 0.606442 0.17177 0.0507462
926 0.606442 0.188322 0.0524898
927 0.606442 0.177789 0.0528991
928 0.606442 0.219234 0.0574355
929 0.606442 0.196988 0.0558356
930 0.606442 0.179754 0.0553642
931 0.606442 0.154994 0.0499273
932 0.606442 0.174401 0.0499859
933 0.606442 0.164909 0.0510774
934 0.606442 0.178441 0.053284
935 0.606442 0.192645 0.0552167
936 0.606442 0.180589 0.049762
937 0.606442 0.193602 0.0512235
938 0.606442 0.205628 0.0547751
939 0.606442 0.193821 0.0510855
940 0.606442 0.216264 0.0519771
941 0.606442 0.200061 0.0536129
942 0.606442 0.201615 0.0543662
943 0.606442 0.191382 0.0467319
944 0.606442 0.186278 0.0540718
945 0.606442 0.170909 0.049884
946 0.606442 0.201041 0.0519863
947 0.606442 0.170702 0.0505148
948 0.606442 0.172096 0.0528276
949 0.606442 0.182926 0.0541942
950 0.606442 0.176996 0.0535375
951 0.606442 0.166037 0.0519383
952 0.606442 0.184364 0.0541247
953 0.606442 0.202198 0.0569073
954 0.606442 0.183347 0.0520228
955 0.606519 0.223639 0.057767
956 0.606519 0.203213 0.0593434
957 0.606519 0.191562 0.0561761
958 0.606519 0.191482 0.0535931
959 0.606519 0.199114 0.0552982
960 0.606519 0.230161 0.0587151
961 0.606519 0.210424 0.0534938
962 0.606519 0.202299 0.0553273
963 0.606519 0.207322 0.0532168
964 0.606519 0.220517 0.0566876
965 0.606519 0.220198 0.0538276
966 0.606519 0.180327 0.0478887
967 0.606519 0.182909 0.0482261
968 0.606519 0.173835 0.0511261
969 0.606519 0.184124 0.0511673
970 0.606519 0.186734 0.0534828
971 0.606519 0.187123 0.0550026
972 0.606519 0.216645 0.0542668
973 0.606519 0.210441 0.0575723
974 0.606519 0.221307 0.0587027
975 0.606519 0.167626 0.0476023
976 0.606519 0.183866 0.0502614
977 0.606519 0.188434 0.0493864
978 0.606519 0.183197 0.0498294
979 0.606519 0.176118 0.0498132
980 0.606519 0.177127 0.0481151
981 0.606519 0.206639 0.0521071
982 0.606519 0.183784 0.0500459
983 0.606519 0.193927 0.0522008
984 0.606519 0.193832 0.0527191
985 0.606519 0.220328 0.0529428
986 0.606519 0.215312 0.0571707
987 0.606519 0.241147 0.0618023
988 0.606519 0.236751 0.0616088
989 0.606519 0.184347 0.0503355
990 0.606519 0.174165 0.0510354
991 0.606519 0.21007 0.0540242
992 0.606519 0.201037 0.0577596
993 0.606519 0.223046 0.0577814
994 0.606519 0.207364 0.0554286
995 0.606519 0.18356 0.0562429
996 0.606519 0.191636 0.0538013
997 0.606519 0.181156 0.0496548
998 0.606519 0.202101 0.0524537
999 0.606519 0.181491 0.0498266
1000 0.606519 0.226968 0.0552751
