0 0.125262 0.0603753 0.00391223
1 0.125262 0.080199 0.00353616
2 0.12527 0.0815884 0.00356482
3 0.12527 0.0826859 0.00353651
4 0.125275 0.0826919 0.00353578
5 0.125275 0.079028 0.00366191
6 0.125275 0.0812838 0.00358824
7 0.125275 0.0823227 0.00353117
8 0.125275 0.0851321 0.00343773
9 0.125276 0.0839473 0.00348518
10 0.125276 0.09313 0.00296957
11 0.125276 0.0952362 0.00286474
12 0.240775 0.0950289 0.00317261
13 0.240775 0.0989663 0.00287749
14 0.240775 0.102542 0.00261952
15 0.253355 0.107574 0.00251685
16 0.34863 0.111151 0.00295617
17 0.34863 0.113651 0.00270713
18 0.34863 0.107901 0.00321383
19 0.378777 0.106384 0.00434816
20 0.378777 0.115447 0.00470051
21 0.378777 0.113486 0.00507725
22 0.378777 0.117665 0.00599678
23 0.378777 0.11511 0.00618677
24 0.388295 0.121853 0.0087405
25 0.388295 0.116206 0.00985227
26 0.388295 0.106178 0.00975764
27 0.388295 0.117786 0.00960229
28 0.393658 0.133641 0.0121988
29 0.393658 0.127402 0.0129041
30 0.393658 0.118075 0.0114568
31 0.507593 0.12367 0.0136442
31 0.50423 0.0530722 0.016123
32 0.50423 0.0452339 0.014662
33 0.50423 0.0480553 0.015791
34 0.50423 0.0714606 0.0224559
35 0.50423 0.0641976 0.0203103
36 0.50423 0.0562842 0.0194076
37 0.50423 0.060629 0.0199938
38 0.50423 0.0684526 0.0229001
39 0.50423 0.0777518 0.0246833
40 0.513794 0.0972038 0.0304186
41 0.513794 0.0780559 0.0239998
42 0.513794 0.0884075 0.0283281
43 0.513794 0.0840799 0.0296408
44 0.513794 0.0837933 0.0282134
45 0.513794 0.0895317 0.0295089
46 0.542972 0.092805 0.0333079
47 0.542972 0.0861609 0.0306234
48 0.556785 0.106616 0.0368531
49 0.556785 0.0756831 0.0277902
50 0.556785 0.0959531 0.0356408
51 0.556785 0.107325 0.0381638
52 0.556785 0.095631 0.0352197
53 0.556785 0.108198 0.0374288
54 0.556785 0.0929697 0.0338174
55 0.556785 0.098024 0.0375596
56 0.556785 0.0922853 0.0337656
57 0.556785 0.0918918 0.0346265
58 0.556785 0.11047 0.0398587
59 0.556785 0.110326 0.0374516
60 0.556785 0.100878 0.0376827
61 0.556785 0.0943984 0.0344361
62 0.556785 0.098357 0.0371694
63 0.556785 0.124451 0.0423942
64 0.556785 0.107234 0.0390339
65 0.556785 0.107376 0.0379174
66 0.567027 0.11175 0.0385985
67 0.567027 0.118045 0.0422101
68 0.567027 0.114609 0.0401613
69 0.567027 0.107849 0.0355128
70 0.567027 0.12286 0.0388695
71 0.567027 0.111598 0.0366871
72 0.567027 0.0936284 0.0318899
73 0.567027 0.105556 0.0363146
74 0.567027 0.105663 0.0385405
75 0.567027 0.0944458 0.0336645
76 0.567027 0.0855492 0.0310116
77 0.567027 0.108051 0.0361036
78 0.567027 0.11573 0.0404813
79 0.567027 0.115748 0.0398382
80 0.567027 0.111975 0.0375185
81 0.567027 0.119543 0.0395122
82 0.567027 0.107952 0.0394037
83 0.567027 0.0962213 0.0352203
84 0.567027 0.0811553 0.0324744
85 0.567027 0.0920569 0.0377038
86 0.567027 0.101578 0.0379124
87 0.567027 0.101597 0.0394779
88 0.567027 0.0949852 0.0357816
89 0.567027 0.0946292 0.0375676
90 0.567027 0.119854 0.0412347
91 0.567027 0.107157 0.038465
92 0.567027 0.104462 0.0400426
93 0.567027 0.113962 0.0407151
94 0.567027 0.125251 0.0455841
95 0.567027 0.111468 0.0391518
96 0.567027 0.0881363 0.0346317
97 0.567027 0.0876504 0.0346612
98 0.567027 0.0741362 0.0323014
99 0.567027 0.0809767 0.0339277
100 0.567027 0.0925288 0.0365357
101 0.567027 0.0792855 0.0311508
102 0.567027 0.0892488 0.0339247
103 0.567027 0.103735 0.0391857
104 0.567027 0.0925272 0.0339749
105 0.567027 0.106279 0.0377148
106 0.567027 0.0993512 0.0399482
107 0.567027 0.0922169 0.0351595
108 0.567027 0.109886 0.0394278
109 0.567027 0.100331 0.0374456
110 0.567027 0.109497 0.0390411
111 0.567027 0.112153 0.0400593
112 0.567027 0.100494 0.0373789
113 0.567027 0.118656 0.0404284
114 0.567027 0.106706 0.0396873
115 0.567027 0.0987772 0.0362468
116 0.567027 0.127474 0.0442952
117 0.567027 0.0952492 0.0375374
118 0.567027 0.105606 0.0384198
119 0.567027 0.111676 0.0398171
120 0.567027 0.118941 0.0397462
121 0.567027 0.118803 0.041183
122 0.567027 0.107967 0.035267
123 0.56995 0.118703 0.0398089
124 0.56995 0.111547 0.0421098
125 0.56995 0.10882 0.0399623
126 0.56995 0.0953596 0.0395823
127 0.56995 0.125389 0.0454973
128 0.56995 0.102473 0.0373685
129 0.56995 0.126627 0.0442111
130 0.570595 0.120431 0.0437731
131 0.570595 0.136127 0.0435368
132 0.570595 0.0986277 0.0362178
133 0.570595 0.107564 0.040497
134 0.570595 0.116433 0.0413968
135 0.570595 0.119134 0.0377988
136 0.570595 0.101053 0.039155
137 0.570595 0.13006 0.0455897
138 0.577563 0.118188 0.0388661
139 0.577563 0.101985 0.0399275
140 0.577563 0.0960302 0.0368162
141 0.577563 0.120619 0.0425138
142 0.577563 0.130824 0.0453183
143 0.577563 0.134434 0.0457282
144 0.577563 0.127358 0.0429583
145 0.577563 0.104068 0.0378517
146 0.577563 0.093008 0.0350698
147 0.577563 0.108121 0.0412031
148 0.577563 0.103845 0.0374387
149 0.577563 0.103612 0.0391888
150 0.577563 0.121832 0.0429152
151 0.577563 0.108569 0.0415792
152 0.577563 0.100586 0.0377933
153 0.577563 0.107324 0.0386847
154 0.577563 0.129809 0.0437805
155 0.577563 0.114884 0.0425102
156 0.577563 0.0989517 0.0396766
157 0.577563 0.10224 0.0364274
158 0.577563 0.126565 0.0418849
159 0.577563 0.111122 0.0406554
160 0.577563 0.122387 0.0409289
161 0.577563 0.130875 0.0421242
162 0.577563 0.136023 0.0434041
163 0.577563 0.105858 0.0362343
164 0.577563 0.115414 0.041818
165 0.577563 0.1027 0.0364401
166 0.577563 0.109993 0.0386025
167 0.577563 0.0873463 0.0361195
168 0.577563 0.10458 0.0408141
169 0.577563 0.126927 0.0441461
170 0.577563 0.109622 0.0413225
171 0.577563 0.104301 0.0372244
172 0.577563 0.10286 0.0371629
173 0.577563 0.105635 0.0396096
174 0.577563 0.105757 0.0404746
175 0.577563 0.101539 0.0393102
176 0.577563 0.106685 0.0387572
177 0.577563 0.109867 0.0389277
178 0.577563 0.0919781 0.0376757
179 0.577563 0.0981771 0.0385321
180 0.577563 0.126998 0.0475435
181 0.577563 0.127934 0.0467112
182 0.577563 0.129392 0.0445253
183 0.577563 0.125535 0.0406002
184 0.577563 0.140432 0.044483
185 0.584723 0.116811 0.0405875
186 0.584723 0.103619 0.0382084
187 0.584723 0.105331 0.0396316
188 0.584723 0.130078 0.0452913
189 0.584723 0.108195 0.0393022
190 0.584723 0.107286 0.0392918
191 0.584723 0.110027 0.0403709
192 0.584723 0.11742 0.0428919
193 0.584723 0.119558 0.0461
194 0.584723 0.105457 0.0418052
195 0.584723 0.118672 0.044819
196 0.584723 0.0922336 0.0374895
197 0.585658 0.137988 0.049099
198 0.585658 0.116617 0.0415342
199 0.585658 0.111654 0.0395655
200 0.585658 0.115124 0.0431739
201 0.585658 0.0941034 0.0393895
202 0.585658 0.115847 0.0439127
203 0.585658 0.126401 0.047843
204 0.585658 0.12202 0.0492075
205 0.585658 0.110326 0.040718
206 0.585658 0.0983714 0.0370743
207 0.585658 0.122147 0.0425439
208 0.585658 0.115884 0.0423327
209 0.585658 0.129926 0.0475146
210 0.585658 0.145183 0.0483626
211 0.585658 0.127373 0.0449032
212 0.585658 0.118251 0.0425866
213 0.585658 0.119784 0.0438344
214 0.585658 0.11565 0.0447214
215 0.585658 0.0966979 0.0398113
216 0.585658 0.11371 0.0441476
217 0.585658 0.115335 0.0451643
218 0.585658 0.138281 0.0526909
219 0.585658 0.153895 0.0524579
220 0.585658 0.146984 0.0475741
221 0.585658 0.139693 0.0461491
222 0.585658 0.105102 0.0399507
223 0.585658 0.103623 0.0405866
224 0.585658 0.124599 0.0468815
225 0.585658 0.102986 0.0413695
226 0.585658 0.110295 0.0414347
227 0.585658 0.0942622 0.0359582
228 0.585658 0.113125 0.042788
229 0.585658 0.0971883 0.0404504
230 0.585658 0.112313 0.0441212
231 0.585658 0.087321 0.0356873
232 0.585658 0.115293 0.0405217
233 0.585658 0.150214 0.0469364
234 0.585658 0.113585 0.0369342
235 0.585658 0.117976 0.0407088
236 0.585658 0.133605 0.0453744
237 0.585658 0.11986 0.040873
238 0.585658 0.107171 0.041431
239 0.585658 0.128211 0.0472944
240 0.585658 0.112227 0.0415169
241 0.585658 0.113536 0.0409049
242 0.585658 0.123509 0.0431456
243 0.585658 0.127735 0.0432591
244 0.585658 0.128775 0.0476362
245 0.585658 0.111896 0.0412879
246 0.585658 0.110499 0.0425286
247 0.585658 0.125263 0.0446789
248 0.585658 0.114397 0.042755
249 0.585658 0.105726 0.0411459
250 0.585658 0.118972 0.0417717
251 0.585658 0.128079 0.0468865
252 0.585658 0.121752 0.0427474
253 0.585658 0.125909 0.0451556
254 0.585658 0.125784 0.0461023
255 0.585658 0.112293 0.0428357
256 0.585658 0.1289 0.0452523
257 0.585658 0.11235 0.0425956
258 0.585658 0.116633 0.0425794
259 0.585658 0.121128 0.0452878
260 0.585658 0.144029 0.0506694
261 0.585658 0.136122 0.0464042
262 0.585658 0.136204 0.0487843
263 0.585658 0.133411 0.0443161
264 0.585658 0.105716 0.0390817
265 0.585658 0.107083 0.042801
266 0.585658 0.099739 0.0421291
267 0.585658 0.102541 0.0405127
268 0.585658 0.110999 0.043354
269 0.585658 0.121282 0.0457285
270 0.585658 0.122543 0.0444018
271 0.585658 0.112193 0.0451144
272 0.585658 0.100988 0.0370659
273 0.585658 0.112413 0.045287
274 0.585658 0.099686 0.0415991
275 0.585658 0.111182 0.0446765
276 0.585658 0.0903469 0.0368657
277 0.585658 0.111621 0.0427292
278 0.585658 0.101826 0.0399867
279 0.585658 0.100765 0.0402939
280 0.585658 0.116952 0.0447847
281 0.586423 0.101542 0.0409896
282 0.586423 0.100501 0.0426796
283 0.586423 0.0974011 0.0401313
284 0.586423 0.0956893 0.0367812
285 0.586423 0.0881608 0.0365091
286 0.586423 0.126897 0.0458675
287 0.586423 0.107175 0.039597
288 0.586423 0.104714 0.039463
289 0.586423 0.0958011 0.039559
290 0.586423 0.0986361 0.041733
291 0.586423 0.101748 0.0432364
292 0.586423 0.112874 0.0438102
293 0.586423 0.120455 0.0443353
294 0.586423 0.10334 0.0411656
295 0.586423 0.140032 0.0513582
296 0.586423 0.129274 0.0481816
297 0.586423 0.097929 0.0413914
298 0.586423 0.115191 0.0473304
299 0.586423 0.124456 0.0442501
300 0.586423 0.121626 0.0448361
301 0.586423 0.132306 0.0508701
302 0.586423 0.106025 0.0430511
303 0.586423 0.12745 0.0435241
304 0.586423 0.120095 0.0414334
305 0.586423 0.125827 0.0457341
306 0.586423 0.119911 0.0424374
307 0.586423 0.120785 0.044725
308 0.586423 0.121567 0.0438698
309 0.586423 0.0917636 0.0374319
310 0.586423 0.117482 0.0419678
311 0.586423 0.114555 0.0450249
312 0.586423 0.121304 0.0456303
313 0.586423 0.107879 0.040599
314 0.586423 0.107292 0.0408671
315 0.586423 0.106103 0.0408464
316 0.586423 0.133948 0.0458289
317 0.586423 0.125594 0.0467099
318 0.586423 0.118486 0.042846
319 0.586423 0.121399 0.0448403
320 0.586423 0.109205 0.0437223
321 0.586423 0.122511 0.0433283
322 0.586423 0.126244 0.0472376
323 0.586423 0.123648 0.0442347
324 0.586423 0.0946469 0.04162
325 0.586423 0.108134 0.0442934
326 0.586423 0.121135 0.0464029
327 0.586423 0.108319 0.0404487
328 0.586423 0.106359 0.0395229
329 0.586423 0.102837 0.0382005
330 0.586423 0.127183 0.0479007
331 0.586423 0.117415 0.0426678
332 0.586423 0.116788 0.0429589
333 0.586423 0.109135 0.0413707
334 0.586423 0.118993 0.0411515
335 0.586423 0.102974 0.0377299
336 0.586423 0.108587 0.0397786
337 0.586423 0.118893 0.0417247
338 0.586423 0.101954 0.0389372
339 0.586423 0.102443 0.0389643
340 0.586423 0.103223 0.0396782
341 0.586423 0.109525 0.043612
342 0.586423 0.0997326 0.0374495
343 0.586423 0.109038 0.0408246
344 0.586423 0.127245 0.0451507
345 0.586423 0.103259 0.0398298
346 0.586423 0.137954 0.0481904
347 0.586423 0.12486 0.0423449
348 0.586423 0.126362 0.0445465
349 0.586423 0.0995169 0.0387474
350 0.586423 0.111169 0.040593
351 0.586423 0.128799 0.0484991
352 0.586423 0.127928 0.0468447
353 0.586423 0.139942 0.0461777
354 0.586423 0.108715 0.0405111
355 0.586423 0.117862 0.0443202
356 0.586423 0.128345 0.0483414
357 0.586423 0.142628 0.0461223
358 0.586423 0.142342 0.0494347
359 0.586423 0.120686 0.0437111
360 0.586423 0.114954 0.0432711
361 0.586423 0.116573 0.0453827
362 0.586423 0.117746 0.0457817
363 0.586423 0.10447 0.039959
364 0.586423 0.11853 0.0418257
365 0.586423 0.132565 0.0458314
366 0.586423 0.124617 0.0417074
367 0.586423 0.127881 0.0453161
368 0.586423 0.136221 0.0470909
369 0.586423 0.141846 0.0478189
370 0.586423 0.130249 0.047048
371 0.586423 0.12667 0.044999
372 0.586423 0.117188 0.0436279
373 0.586423 0.105703 0.0427848
374 0.586423 0.0925893 0.0389696
375 0.586423 0.0989766 0.0409787
376 0.586423 0.10555 0.0434197
377 0.586423 0.0918299 0.0377744
378 0.586423 0.0971075 0.0378638
379 0.586423 0.0926664 0.0390048
380 0.586423 0.0835883 0.0355244
381 0.586423 0.0952209 0.0393034
382 0.586423 0.114447 0.0428634
383 0.586423 0.117341 0.0421576
384 0.586423 0.106568 0.0410342
385 0.586423 0.111464 0.0438258
386 0.586423 0.098598 0.0406891
387 0.586423 0.100656 0.042672
388 0.586423 0.105616 0.0432417
389 0.586423 0.116875 0.0424165
390 0.586423 0.10757 0.0413288
391 0.586423 0.10053 0.0365865
392 0.586423 0.119736 0.0432609
393 0.586423 0.112928 0.0412128
394 0.586423 0.122372 0.0435779
395 0.586423 0.115394 0.041811
396 0.586423 0.130946 0.0422983
397 0.586423 0.142042 0.0481147
398 0.586423 0.125614 0.0458394
399 0.586423 0.118079 0.0414355
400 0.586423 0.113931 0.043468
401 0.586423 0.121685 0.0440568
402 0.586423 0.1266 0.0482791
403 0.586423 0.0912541 0.0382335
404 0.586423 0.12854 0.0441133
405 0.586423 0.132431 0.0468581
406 0.586423 0.116204 0.0404608
407 0.586423 0.132778 0.0451731
408 0.586423 0.11689 0.0406839
409 0.586423 0.117047 0.0451773
410 0.586423 0.129113 0.0462755
411 0.586423 0.115294 0.0409636
412 0.586423 0.13022 0.0452711
413 0.586423 0.126922 0.0420742
414 0.586423 0.137403 0.0433075
415 0.586423 0.138771 0.0446622
416 0.586423 0.141981 0.0432852
417 0.586423 0.131875 0.0479575
418 0.586423 0.113643 0.044299
419 0.586423 0.119564 0.044241
420 0.586423 0.124398 0.0471258
421 0.586423 0.125632 0.0478917
422 0.586423 0.10986 0.0431913
423 0.586423 0.121791 0.0448193
424 0.586423 0.125039 0.0428775
425 0.586423 0.132891 0.0449386
426 0.586423 0.143331 0.0442376
427 0.586423 0.126423 0.0430787
428 0.586423 0.107254 0.0375624
429 0.586423 0.101993 0.035868
430 0.586423 0.113902 0.0408923
431 0.586423 0.116405 0.0446313
432 0.586423 0.137348 0.0470917
433 0.586423 0.133728 0.0495307
434 0.586423 0.12855 0.046316
435 0.586423 0.128756 0.0470215
436 0.586423 0.125962 0.0462994
437 0.586423 0.150354 0.0503383
438 0.586423 0.153782 0.0505341
439 0.586423 0.139466 0.0478703
440 0.586423 0.136367 0.0471457
441 0.586423 0.143703 0.0478287
442 0.586423 0.136024 0.0463651
443 0.586423 0.139127 0.047259
444 0.586423 0.121262 0.0432234
445 0.586423 0.128624 0.0441621
446 0.586423 0.133555 0.0447268
447 0.586423 0.140784 0.047155
448 0.586423 0.112103 0.04101
449 0.586423 0.106478 0.0397016
450 0.586423 0.0945224 0.0377984
451 0.586423 0.115056 0.0411283
452 0.586423 0.096175 0.0364247
453 0.586423 0.122853 0.0442352
454 0.586423 0.115489 0.040338
455 0.586423 0.13702 0.0460886
456 0.586423 0.127075 0.0430041
457 0.586423 0.118677 0.042752
458 0.586423 0.134261 0.0466628
459 0.586423 0.115801 0.0403812
460 0.586423 0.0987066 0.0362318
461 0.586423 0.119129 0.0422326
462 0.586423 0.12674 0.0472423
463 0.586423 0.121355 0.0430115
464 0.586423 0.121403 0.0439459
465 0.586423 0.129629 0.0482098
466 0.586423 0.130609 0.0493449
467 0.586423 0.154009 0.0512405
468 0.586423 0.112803 0.0387889
469 0.586423 0.10186 0.0399147
470 0.586423 0.109204 0.0396357
471 0.586423 0.125343 0.0422487
472 0.586423 0.128312 0.0436696
473 0.586423 0.132905 0.0432777
474 0.586423 0.124206 0.0419308
475 0.586423 0.129963 0.0438284
476 0.586423 0.123079 0.0415725
477 0.586423 0.107619 0.0423993
478 0.586423 0.112906 0.043618
479 0.586423 0.127993 0.0433919
480 0.586423 0.115814 0.040844
481 0.586423 0.11721 0.0452287
482 0.586423 0.100483 0.0387163
483 0.586423 0.105672 0.039183
484 0.586423 0.106619 0.0393106
485 0.586423 0.115611 0.0438378
486 0.586423 0.0850515 0.0362057
487 0.586423 0.0991437 0.0382357
488 0.586423 0.108753 0.0413894
489 0.586423 0.117557 0.042667
490 0.586423 0.104512 0.0432572
491 0.586423 0.0969688 0.0397449
492 0.586423 0.0825389 0.0359726
493 0.586423 0.110464 0.0444577
494 0.586423 0.112143 0.0436333
495 0.586423 0.110867 0.0415384
496 0.586423 0.122887 0.0435088
497 0.586423 0.112632 0.0399898
498 0.586423 0.102973 0.0402316
499 0.586423 0.110939 0.0388778
500 0.586423 0.109385 0.0398348
501 0.586423 0.112901 0.038711
502 0.586423 0.105688 0.0410204
503 0.586423 0.112634 0.0413709
504 0.586423 0.1056 0.0426086
505 0.586423 0.118057 0.0437814
506 0.586423 0.118907 0.0419989
507 0.586423 0.11451 0.0418183
508 0.586423 0.0996504 0.0367552
509 0.586423 0.104721 0.0392228
510 0.586423 0.109808 0.0402156
511 0.586423 0.103675 0.0393936
512 0.586423 0.129528 0.0470542
513 0.586423 0.107153 0.0378703
514 0.586423 0.0868704 0.0350935
515 0.586423 0.0960235 0.0364175
516 0.586423 0.105982 0.040133
517 0.586423 0.108934 0.0433584
518 0.586423 0.124718 0.048838
519 0.586423 0.119613 0.044841
520 0.586423 0.117223 0.0452067
521 0.586423 0.116586 0.0425149
522 0.586423 0.112901 0.0407301
523 0.586423 0.109368 0.0433008
524 0.586423 0.126249 0.047438
525 0.586423 0.135352 0.0473528
526 0.586423 0.135544 0.0461509
527 0.586423 0.136882 0.0478883
528 0.586423 0.105585 0.0399627
529 0.586423 0.117057 0.0409965
530 0.586423 0.137183 0.0417347
531 0.586423 0.15121 0.0500376
532 0.586423 0.12164 0.0426784
533 0.586423 0.107858 0.0413612
534 0.586423 0.113523 0.0416392
535 0.586423 0.123466 0.0431753
536 0.586423 0.124497 0.0468157
537 0.586423 0.137816 0.0494672
538 0.586423 0.107232 0.0415883
539 0.586423 0.118153 0.0444558
540 0.586423 0.117901 0.0468593
541 0.586423 0.143851 0.0500573
542 0.586423 0.126927 0.0441456
543 0.586423 0.101802 0.0392787
544 0.586423 0.105803 0.0421864
545 0.586423 0.107027 0.0389529
546 0.586423 0.103307 0.0423355
547 0.586423 0.124916 0.0452029
548 0.586423 0.126398 0.0437515
549 0.586423 0.10832 0.0382429
550 0.586423 0.110142 0.0414199
551 0.586423 0.0995735 0.0394714
552 0.586423 0.106575 0.040467
553 0.586423 0.112737 0.0421689
554 0.586423 0.105535 0.0408144
555 0.586423 0.129591 0.0458625
556 0.586423 0.124776 0.0448988
557 0.586423 0.126973 0.0432457
558 0.586423 0.129187 0.0412015
559 0.586423 0.110879 0.0388472
560 0.586423 0.123541 0.0435048
561 0.586423 0.115258 0.0398844
562 0.586423 0.103976 0.0379208
563 0.586423 0.11405 0.0404645
564 0.586423 0.119284 0.0430336
565 0.586423 0.120628 0.0432953
566 0.586423 0.118432 0.0420529
567 0.586423 0.12049 0.0406223
568 0.586423 0.129453 0.0438803
569 0.586423 0.127384 0.0436616
570 0.586423 0.102302 0.0395328
571 0.586423 0.105603 0.0412088
572 0.586423 0.103262 0.0426279
573 0.586423 0.107017 0.0427219
574 0.586423 0.0939206 0.039373
575 0.586423 0.096646 0.0382618
576 0.586423 0.117033 0.042042
577 0.586423 0.121044 0.0404033
578 0.586423 0.117245 0.0415123
579 0.586423 0.12279 0.0442216
580 0.586423 0.11918 0.044884
581 0.586423 0.125241 0.0471303
582 0.586423 0.0867967 0.0341108
583 0.586423 0.101296 0.0388045
584 0.586423 0.131334 0.0447322
585 0.586423 0.109442 0.0422862
586 0.586423 0.133787 0.0461969
587 0.586423 0.112125 0.039256
588 0.586423 0.10479 0.0408961
589 0.586423 0.104625 0.0408569
590 0.586423 0.112383 0.0420925
591 0.586423 0.128949 0.0465163
592 0.586423 0.122463 0.045926
593 0.586423 0.127328 0.0460165
594 0.586423 0.116928 0.0445719
595 0.586423 0.122456 0.0461456
596 0.586423 0.117445 0.0427547
597 0.586423 0.11248 0.0449824
598 0.586423 0.153384 0.0473199
599 0.586423 0.10333 0.0377136
600 0.586423 0.0939882 0.0366419
601 0.586423 0.117641 0.0445352
602 0.586423 0.13466 0.045524
603 0.586423 0.104974 0.0385887
604 0.586423 0.0969333 0.0363976
605 0.586423 0.111374 0.0418653
606 0.586423 0.107388 0.0405227
607 0.586423 0.116834 0.0430814
608 0.586423 0.120789 0.0445197
609 0.586423 0.117243 0.0462875
610 0.586423 0.105895 0.0414412
611 0.586423 0.106371 0.0401348
612 0.586423 0.11607 0.0437426
613 0.586423 0.133075 0.0479498
614 0.586423 0.142978 0.0494872
615 0.586423 0.132151 0.0488663
616 0.586423 0.117734 0.0472624
617 0.586423 0.0922706 0.0383481
618 0.586423 0.0978542 0.03986
619 0.586423 0.121932 0.0465266
620 0.586423 0.0989115 0.0397367
621 0.586423 0.11793 0.0471245
622 0.586423 0.121834 0.0459635
623 0.586423 0.119418 0.0433258
624 0.586423 0.120136 0.0425337
625 0.586423 0.14884 0.0490502
626 0.586423 0.132208 0.0433072
627 0.586423 0.120603 0.0445706
628 0.586423 0.103553 0.0420848
629 0.586423 0.105268 0.0408479
630 0.586423 0.12458 0.0458124
631 0.586423 0.130845 0.0449349
632 0.586423 0.119879 0.0442246
633 0.586423 0.108584 0.0403433
634 0.586423 0.111415 0.0378163
635 0.586423 0.121548 0.0467628
636 0.586423 0.112837 0.0436666
637 0.586423 0.118119 0.0410577
638 0.586423 0.145261 0.0493959
639 0.586423 0.1225 0.0394184
640 0.586423 0.134507 0.0449181
641 0.586423 0.133422 0.0408894
642 0.586423 0.103546 0.037781
643 0.586423 0.106857 0.036399
644 0.586423 0.0946106 0.037326
645 0.586423 0.100621 0.0379395
646 0.586423 0.122933 0.0461645
647 0.586423 0.135251 0.0454118
648 0.586423 0.141871 0.0503317
649 0.586423 0.138845 0.0460744
650 0.586423 0.124733 0.0457815
651 0.586423 0.122917 0.0466518
652 0.586423 0.107191 0.043177
653 0.586423 0.12024 0.0453579
654 0.586423 0.110819 0.0427583
655 0.586423 0.125646 0.0464077
656 0.586423 0.109955 0.0418733
657 0.586423 0.101521 0.0379616
658 0.586423 0.0994316 0.0385872
659 0.586423 0.094772 0.0376706
660 0.586423 0.116976 0.0442533
661 0.586423 0.136591 0.0483771
662 0.586423 0.106226 0.0393686
663 0.586423 0.127303 0.0449933
664 0.586423 0.115663 0.0458889
665 0.586423 0.115897 0.0439521
666 0.586423 0.128716 0.0461421
667 0.586423 0.107877 0.0431917
668 0.586423 0.122112 0.0454067
669 0.586423 0.10248 0.039694
670 0.586423 0.1078 0.0415004
671 0.586423 0.108883 0.0414738
672 0.586423 0.113478 0.0432407
673 0.586423 0.112577 0.0400943
674 0.586423 0.112892 0.0407693
675 0.586423 0.122568 0.0439659
676 0.586423 0.10658 0.0392003
677 0.586423 0.130687 0.0461836
678 0.586423 0.104038 0.0390382
679 0.586423 0.0921649 0.0365175
680 0.586423 0.111855 0.0439
681 0.586423 0.123595 0.0446159
682 0.586423 0.10326 0.0406239
683 0.586423 0.113165 0.0418871
684 0.586423 0.126625 0.0466007
685 0.586423 0.120815 0.0458458
686 0.586423 0.121413 0.0450397
687 0.586423 0.109444 0.0424252
688 0.586423 0.10868 0.0432633
689 0.586423 0.111942 0.0442173
690 0.586423 0.0963512 0.0377
691 0.586423 0.0974935 0.0364535
692 0.586423 0.108431 0.040925
693 0.586423 0.127489 0.0472148
694 0.586423 0.0962024 0.0368228
695 0.586423 0.0877164 0.0358845
696 0.586423 0.0921372 0.0372398
697 0.586423 0.097191 0.0380971
698 0.586423 0.106447 0.0415641
699 0.586423 0.100146 0.0405674
700 0.586423 0.103446 0.0407892
701 0.586423 0.0978975 0.0380318
702 0.586423 0.0882777 0.0367132
703 0.586423 0.133462 0.0503439
704 0.586423 0.133363 0.0457546
705 0.586423 0.133757 0.0469595
706 0.586423 0.0973255 0.035486
707 0.586423 0.108797 0.0420279
708 0.586423 0.106905 0.0390889
709 0.586423 0.102919 0.0381998
710 0.586423 0.114137 0.0392333
711 0.586423 0.128806 0.0413646
712 0.586423 0.115924 0.0415306
713 0.586423 0.110529 0.040938
714 0.586423 0.11946 0.0418939
715 0.586423 0.0924467 0.0379585
716 0.586423 0.107902 0.0411203
717 0.586423 0.138593 0.0471837
718 0.586423 0.123342 0.0463545
719 0.586423 0.129963 0.0430982
720 0.586423 0.107513 0.0412697
721 0.586423 0.110797 0.042154
722 0.586423 0.117172 0.0429751
723 0.586423 0.127409 0.0460365
724 0.586423 0.11629 0.0455447
725 0.586423 0.102758 0.0393434
726 0.586423 0.120324 0.0471094
727 0.586423 0.100183 0.0374698
728 0.586423 0.112875 0.0399113
729 0.586423 0.0959317 0.0374381
730 0.586423 0.103511 0.040053
731 0.586423 0.102803 0.0401519
732 0.586423 0.124194 0.0416723
733 0.586423 0.123666 0.0448047
734 0.586423 0.122163 0.0459633
735 0.586423 0.141442 0.0484617
736 0.586423 0.116971 0.0431785
737 0.586423 0.122987 0.0461775
738 0.586423 0.142457 0.051753
739 0.586423 0.12757 0.0496121
740 0.586423 0.118184 0.0433576
741 0.586423 0.101252 0.0413418
742 0.586423 0.128716 0.0473473
743 0.586423 0.101709 0.038689
744 0.586423 0.115891 0.0439438
745 0.586423 0.11812 0.0445745
746 0.586423 0.111827 0.040035
747 0.586423 0.119226 0.0436732
748 0.586423 0.131117 0.0471902
749 0.586423 0.110165 0.0404115
750 0.586423 0.100833 0.0380023
751 0.586423 0.135268 0.0464912
752 0.586423 0.120699 0.0439112
753 0.586423 0.102291 0.0389624
754 0.586423 0.11487 0.0409765
755 0.586423 0.12751 0.0426258
756 0.586423 0.0966057 0.0368094
757 0.586423 0.0987267 0.0389714
758 0.586423 0.117779 0.0445008
759 0.586423 0.131117 0.046255
760 0.586423 0.119441 0.0471376
761 0.586423 0.113841 0.0394706
762 0.586423 0.123965 0.0438373
763 0.586423 0.11252 0.0427557
764 0.586423 0.12288 0.0432454
765 0.586423 0.116449 0.0448703
766 0.586423 0.121341 0.0422186
767 0.586423 0.122176 0.0432772
768 0.586423 0.102099 0.0390557
769 0.586423 0.129562 0.0454215
770 0.586423 0.138205 0.0494742
771 0.586423 0.125378 0.0420734
772 0.586423 0.121078 0.0437187
773 0.586423 0.140577 0.044177
774 0.586423 0.116603 0.0396319
775 0.586423 0.121777 0.0399053
776 0.586423 0.108334 0.0400177
777 0.586423 0.109328 0.0397385
778 0.586423 0.124617 0.0417718
779 0.586423 0.128127 0.044739
780 0.586423 0.142582 0.0455892
781 0.586423 0.142892 0.0488138
782 0.586423 0.123542 0.0463648
783 0.586423 0.131904 0.0477364
784 0.586423 0.134037 0.0479498
785 0.586423 0.121284 0.0431797
786 0.586423 0.121913 0.0468336
787 0.586423 0.123552 0.0447604
788 0.586423 0.107907 0.0427822
789 0.586423 0.136302 0.0461012
790 0.586423 0.12931 0.0432451
791 0.586423 0.121673 0.043247
792 0.586423 0.106911 0.0385148
793 0.586423 0.105801 0.0416808
794 0.586423 0.116696 0.0418597
795 0.586423 0.12352 0.0455276
796 0.586423 0.129834 0.0500361
797 0.586423 0.101392 0.0384063
798 0.586423 0.115594 0.0410605
799 0.586423 0.117815 0.0429715
800 0.586423 0.117017 0.0440139
801 0.586423 0.134138 0.0493141
802 0.586423 0.141605 0.0489314
803 0.586423 0.15978 0.0503125
804 0.586423 0.131794 0.0462632
805 0.586423 0.141029 0.0501394
806 0.586423 0.110064 0.0430362
807 0.586423 0.13279 0.0468914
808 0.586423 0.11519 0.0424168
809 0.586423 0.112497 0.0428138
810 0.586423 0.110531 0.0420781
811 0.586423 0.0864955 0.0369416
812 0.586423 0.0976374 0.0386668
813 0.586423 0.0931909 0.0376317
814 0.586423 0.113787 0.0400754
815 0.586423 0.105876 0.0405852
816 0.586423 0.103443 0.0421629
817 0.586423 0.124176 0.0447103
818 0.586423 0.118764 0.0414223
819 0.586423 0.124953 0.0439105
820 0.586423 0.122566 0.0426664
821 0.586423 0.131718 0.0470818
822 0.586423 0.117603 0.0401132
823 0.586423 0.117383 0.0391531
824 0.586423 0.125776 0.0440288
825 0.586423 0.110879 0.0408589
826 0.586423 0.118951 0.0427515
827 0.586423 0.117958 0.0413121
828 0.586423 0.11609 0.042653
829 0.586423 0.137255 0.0446791
830 0.586423 0.101798 0.0381726
831 0.586423 0.101546 0.0386334
832 0.586423 0.117919 0.0443226
833 0.586423 0.125003 0.0445286
834 0.586423 0.126984 0.0453607
835 0.586423 0.14725 0.0508469
836 0.586423 0.121124 0.0410746
837 0.586423 0.127071 0.0438979
838 0.586423 0.110035 0.0393814
839 0.586423 0.102993 0.0397893
840 0.586423 0.100433 0.0414898
841 0.586423 0.121902 0.0407989
842 0.586423 0.139923 0.0460899
843 0.586423 0.12255 0.0429767
844 0.586423 0.120958 0.0454328
845 0.586423 0.131658 0.0487167
846 0.586423 0.132394 0.0462887
847 0.586423 0.132435 0.0473015
848 0.586423 0.121333 0.0440431
849 0.586423 0.130601 0.0445591
850 0.586423 0.115153 0.043808
851 0.586423 0.104818 0.0390441
852 0.586423 0.106452 0.039572
853 0.586423 0.115637 0.044517
854 0.586423 0.124516 0.0488112
855 0.586423 0.116424 0.0430504
856 0.586423 0.11481 0.0416387
857 0.586423 0.101075 0.0380387
858 0.586423 0.0920741 0.0370135
859 0.586423 0.102683 0.039587
860 0.586423 0.104218 0.0404774
861 0.586423 0.125009 0.044193
862 0.586423 0.092723 0.0358465
863 0.586423 0.0946223 0.0388492
864 0.586423 0.102476 0.0391913
865 0.586423 0.105373 0.040352
866 0.586423 0.115843 0.0423743
867 0.586423 0.130103 0.0453193
868 0.586423 0.136862 0.0513798
869 0.586423 0.0903775 0.0338821
870 0.586423 0.0997318 0.0382571
871 0.586423 0.109163 0.0395431
872 0.586423 0.115483 0.0463678
873 0.586423 0.142015 0.0511918
874 0.586423 0.111304 0.0417346
875 0.586423 0.107719 0.0425602
876 0.586423 0.116535 0.0401578
877 0.586423 0.100539 0.0371808
878 0.586423 0.126755 0.0429776
879 0.586423 0.115051 0.0423797
880 0.586423 0.0960583 0.0379247
881 0.586423 0.134648 0.0464258
882 0.586423 0.120314 0.0392305
883 0.586423 0.144097 0.043529
884 0.586423 0.106734 0.0369604
885 0.586423 0.11917 0.0430943
886 0.586423 0.138671 0.0468939
887 0.586423 0.133769 0.046795
888 0.586423 0.129985 0.0468477
889 0.586423 0.111747 0.0430002
890 0.586423 0.0993537 0.0354921
891 0.586423 0.112715 0.042618
892 0.586423 0.0964433 0.0392309
893 0.586423 0.0877699 0.0382272
894 0.586423 0.120563 0.0438427
895 0.586423 0.1381 0.0489704
896 0.586423 0.11579 0.0420214
897 0.586423 0.110254 0.0406457
898 0.586423 0.11184 0.0394671
899 0.586423 0.118852 0.0429897
900 0.586423 0.114433 0.0429017
901 0.586423 0.119081 0.041764
902 0.586423 0.138193 0.0471349
903 0.586423 0.143018 0.0454119
904 0.586423 0.122919 0.0443454
905 0.586423 0.120083 0.0452699
906 0.586423 0.131897 0.0463297
907 0.586423 0.120243 0.0454876
908 0.586423 0.123087 0.0439923
909 0.586423 0.116386 0.0435413
910 0.586423 0.103832 0.0415737
911 0.586423 0.132386 0.0466249
912 0.586423 0.102681 0.0367521
913 0.586423 0.112378 0.0422816
914 0.586423 0.118707 0.0434334
915 0.586423 0.115996 0.0412611
916 0.586423 0.130472 0.0434527
917 0.586423 0.123209 0.0445759
918 0.586423 0.113209 0.037306
919 0.586423 0.107215 0.0413184
920 0.586423 0.110843 0.0412205
921 0.586423 0.117631 0.0462132
922 0.586423 0.119408 0.0466212
923 0.586423 0.102368 0.0403502
924 0.586423 0.113001 0.0414225
925 0.586423 0.120433 0.0446897
926 0.586423 0.115708 0.0411231
927 0.586423 0.108484 0.0449103
928 0.586423 0.110251 0.0427377
929 0.586423 0.0975564 0.040784
930 0.586423 0.124443 0.0473692
931 0.586589 0.112147 0.046315
932 0.586589 0.121974 0.0465783
933 0.586589 0.11894 0.0436433
934 0.586589 0.109153 0.0440992
935 0.586589 0.100895 0.0415512
936 0.586589 0.0935062 0.0379949
937 0.586589 0.111844 0.0427886
938 0.586589 0.122207 0.0421013
939 0.586589 0.107104 0.0408057
940 0.586589 0.100863 0.0382441
941 0.586589 0.112093 0.041548
942 0.586589 0.12392 0.0457943
943 0.586589 0.112281 0.0415468
944 0.586589 0.123294 0.044374
945 0.586589 0.121044 0.0431156
946 0.586589 0.11827 0.0425725
947 0.586589 0.140828 0.0480099
948 0.586589 0.128233 0.0454895
949 0.586589 0.0897356 0.0355412
950 0.586589 0.10891 0.0407329
951 0.586589 0.105921 0.0388593
952 0.586589 0.122851 0.0415378
953 0.586589 0.135468 0.0436933
954 0.586589 0.112385 0.0415704
955 0.586589 0.128161 0.0462029
956 0.586589 0.103662 0.0398476
957 0.586589 0.131553 0.0421793
958 0.586589 0.144719 0.0448988
959 0.586589 0.125109 0.0408586
960 0.586589 0.119735 0.0399744
961 0.586589 0.13981 0.0447422
962 0.586589 0.126158 0.0423273
963 0.586589 0.125947 0.0434339
964 0.586589 0.13318 0.0484905
965 0.586589 0.12278 0.0455452
966 0.586589 0.139211 0.0434504
967 0.586589 0.131925 0.0443411
968 0.586589 0.117514 0.0437195
969 0.586589 0.1246 0.0465942
970 0.586589 0.111252 0.0394788
971 0.586589 0.11681 0.0433046
972 0.586589 0.13225 0.0436403
973 0.586589 0.152567 0.0457746
974 0.586589 0.139423 0.04663
975 0.586589 0.151438 0.0455653
976 0.586589 0.133142 0.0462946
977 0.586589 0.129747 0.0459075
978 0.586589 0.115565 0.0388902
979 0.586589 0.130259 0.0458386
980 0.586589 0.129103 0.0457428
981 0.586589 0.132617 0.0473162
982 0.586589 0.11343 0.0409716
983 0.586589 0.130011 0.0468396
984 0.586589 0.12712 0.0455239
985 0.586589 0.137749 0.050259
986 0.586589 0.117651 0.0420434
987 0.586589 0.101661 0.0410362
988 0.586589 0.11579 0.0437975
989 0.590849 0.111713 0.0416641
990 0.590849 0.101776 0.0365723
991 0.590849 0.0996838 0.0377784
992 0.590849 0.127117 0.0451768
993 0.590849 0.12315 0.0420954
994 0.590849 0.139055 0.0485999
995 0.590849 0.161807 0.0522851
996 0.590849 0.128575 0.0438214
997 0.590849 0.13813 0.0443755
998 0.590849 0.140377 0.0449898
999 0.590849 0.148824 0.049695
1000 0.590849 0.123786 0.0439378
