0 0.125242 0.0526664 0.00384204
1 0.234138 0.0624944 0.00420332
2 0.369948 0.0714798 0.00501383
3 0.481277 0.0773286 0.00662155
4 0.500602 0.0952874 0.00818405
4 0.521366 0.0198005 0.00834606
5 0.521366 0.0228631 0.00916151
6 0.542917 0.033716 0.013176
7 0.542917 0.0397648 0.0150408
8 0.542917 0.0544685 0.0203556
9 0.542917 0.0712057 0.0274307
10 0.542917 0.0837524 0.0322026
11 0.542917 0.0976665 0.0357858
12 0.542917 0.109613 0.0368321
13 0.548805 0.107295 0.0384823
14 0.56431 0.104948 0.0399744
15 0.56431 0.0909422 0.0344498
16 0.56431 0.109108 0.0392376
17 0.56431 0.111827 0.0392761
18 0.569961 0.110539 0.0408737
19 0.569961 0.103125 0.0367744
20 0.569961 0.106195 0.0376494
21 0.569961 0.112332 0.0386685
22 0.569961 0.113588 0.0363186
23 0.569961 0.122129 0.0407814
24 0.569961 0.146223 0.0455202
25 0.569961 0.159183 0.0459035
26 0.569961 0.143282 0.0444159
27 0.569961 0.144494 0.0388472
28 0.569961 0.148653 0.0423561
29 0.569961 0.141989 0.0378528
30 0.569961 0.141673 0.0424161
31 0.569961 0.142921 0.0404202
32 0.569961 0.13378 0.039734
33 0.569961 0.164615 0.0450627
34 0.572664 0.162126 0.0448753
35 0.572664 0.146924 0.0403507
36 0.572664 0.139162 0.0389084
37 0.572664 0.139563 0.0404654
38 0.572664 0.144341 0.041817
39 0.572664 0.122781 0.0370148
40 0.572664 0.149117 0.0446936
41 0.572664 0.157022 0.0428469
42 0.572664 0.165434 0.046291
43 0.587818 0.17342 0.0471865
44 0.587818 0.151431 0.0433235
45 0.587818 0.152397 0.0393612
46 0.587818 0.150133 0.0399548
47 0.587818 0.142412 0.039686
48 0.587818 0.170596 0.0468097
49 0.587818 0.141538 0.0405807
50 0.587818 0.169579 0.041753
51 0.587818 0.176247 0.0478222
52 0.587818 0.173246 0.0464498
53 0.587818 0.166322 0.0433763
54 0.587818 0.16174 0.0428018
55 0.587818 0.190392 0.046538
56 0.587818 0.180659 0.0508058
57 0.587818 0.184972 0.0509179
58 0.587818 0.193691 0.0487132
59 0.587818 0.196024 0.0489688
60 0.587818 0.210169 0.0477418
61 0.587818 0.191718 0.0507283
62 0.587818 0.171897 0.0481466
63 0.587818 0.158836 0.0415029
64 0.589133 0.155773 0.0447843
65 0.589133 0.161712 0.0458574
66 0.589133 0.144222 0.0408436
67 0.589133 0.171245 0.0510598
68 0.589133 0.19661 0.0533303
69 0.589133 0.187077 0.0506996
70 0.589133 0.202109 0.0517278
71 0.589133 0.221904 0.0504797
72 0.589133 0.204994 0.0486809
73 0.589864 0.214598 0.050841
74 0.589864 0.216171 0.0520924
75 0.589864 0.220818 0.0502567
76 0.589864 0.220456 0.0484892
77 0.589864 0.210069 0.0495082
78 0.589864 0.196438 0.0488482
79 0.589864 0.189981 0.0496021
80 0.589864 0.185069 0.0536107
81 0.596906 0.210977 0.0532813
82 0.596906 0.198829 0.0492095
83 0.596906 0.177767 0.0467896
84 0.596906 0.191054 0.0489665
85 0.596906 0.227982 0.0499901
86 0.596906 0.228424 0.0484681
87 0.596906 0.245195 0.0484066
88 0.596906 0.242093 0.0562392
89 0.596906 0.198023 0.048627
90 0.596906 0.224352 0.0542136
91 0.596906 0.190988 0.0535495
92 0.596906 0.200865 0.0529283
93 0.605836 0.206025 0.0572667
94 0.605836 0.196909 0.0505953
95 0.605836 0.194896 0.0517637
96 0.605836 0.156139 0.0470714
97 0.605836 0.16438 0.0504262
98 0.605836 0.191492 0.05154
99 0.605836 0.226294 0.0561361
100 0.605836 0.216715 0.0515545
101 0.605836 0.220498 0.052593
102 0.605836 0.198847 0.0521753
103 0.605836 0.175868 0.0492488
104 0.605836 0.210737 0.0513147
105 0.605836 0.201915 0.0533295
106 0.605836 0.168539 0.047303
107 0.605836 0.169175 0.0527482
108 0.605836 0.160103 0.0493307
109 0.605836 0.180295 0.0504335
110 0.605836 0.181287 0.0451398
111 0.605836 0.191809 0.0503847
112 0.605836 0.206322 0.051718
113 0.605836 0.204656 0.0494027
114 0.605836 0.206566 0.0562263
115 0.605836 0.223516 0.0581206
116 0.605836 0.216707 0.0536559
117 0.605836 0.208053 0.0486876
118 0.605836 0.193713 0.049818
119 0.605836 0.216991 0.0558899
120 0.605836 0.222385 0.0576858
121 0.605836 0.181712 0.0503464
122 0.605836 0.187417 0.0531952
123 0.605836 0.18257 0.0511152
124 0.605836 0.204678 0.0498463
125 0.605836 0.223478 0.0560212
126 0.605836 0.212518 0.0554815
127 0.605836 0.214996 0.054005
128 0.605836 0.199733 0.0543643
129 0.605836 0.213829 0.0572692
130 0.605836 0.220246 0.0523222
131 0.605836 0.228028 0.0539072
132 0.605836 0.204302 0.0510961
133 0.605836 0.227128 0.0595452
134 0.605836 0.222397 0.0577014
135 0.605836 0.221917 0.0528797
136 0.605836 0.230105 0.0520991
137 0.605836 0.230405 0.0495203
138 0.605836 0.231562 0.0530603
139 0.605836 0.227162 0.0510267
140 0.605836 0.234094 0.0543247
141 0.605836 0.232634 0.0579489
142 0.605836 0.228896 0.0541791
143 0.605836 0.210116 0.0509188
144 0.605836 0.219482 0.0591023
145 0.605836 0.213985 0.0559131
146 0.605836 0.212496 0.0581703
147 0.605836 0.223107 0.0535509
148 0.605836 0.222351 0.0525479
149 0.605836 0.19667 0.049292
150 0.605836 0.201024 0.0510739
151 0.605836 0.205911 0.0496479
152 0.605836 0.211731 0.0587834
153 0.605836 0.218771 0.0553743
154 0.605836 0.207609 0.056604
155 0.605836 0.205942 0.0551023
156 0.605836 0.197402 0.058238
157 0.605836 0.179535 0.050393
158 0.605836 0.190046 0.0551739
159 0.605836 0.199272 0.053988
160 0.605836 0.199844 0.0527621
161 0.605836 0.193793 0.0574093
162 0.605836 0.19256 0.0549055
163 0.605836 0.211275 0.0520772
164 0.605836 0.20747 0.0526535
165 0.605836 0.173826 0.054141
166 0.605836 0.189723 0.0551847
167 0.605836 0.184557 0.0508016
168 0.605836 0.196182 0.0571437
169 0.605836 0.187144 0.0517172
170 0.605836 0.237161 0.0538243
171 0.605836 0.238618 0.053886
172 0.605836 0.230926 0.0561841
173 0.605836 0.216379 0.0489177
174 0.605836 0.209037 0.0488403
175 0.605836 0.178698 0.0479383
176 0.605836 0.192352 0.0521208
177 0.605836 0.231585 0.0533297
178 0.605836 0.200734 0.0489662
179 0.605836 0.231395 0.053618
180 0.605836 0.20095 0.0525269
181 0.605836 0.212853 0.0556616
182 0.605836 0.220654 0.0548452
183 0.605836 0.227856 0.0539748
184 0.605836 0.26127 0.0549023
185 0.605836 0.232288 0.0555766
186 0.605836 0.20881 0.0557667
187 0.605836 0.183617 0.0510043
188 0.605836 0.192312 0.0530612
189 0.605836 0.189061 0.0528914
190 0.605836 0.177365 0.0472584
191 0.605836 0.183192 0.0519326
192 0.605836 0.197235 0.0539028
193 0.605836 0.205513 0.0531036
194 0.605836 0.203342 0.0468308
195 0.605836 0.209932 0.0537619
196 0.605836 0.23842 0.0514269
197 0.605836 0.225511 0.0533312
198 0.605836 0.238954 0.0562865
199 0.605836 0.228414 0.055212
200 0.605836 0.223413 0.0559287
201 0.605836 0.18858 0.0517228
202 0.605836 0.23282 0.054028
203 0.605836 0.225311 0.0553577
204 0.605836 0.203984 0.0460702
205 0.607202 0.208096 0.059654
206 0.607202 0.194695 0.051976
207 0.607202 0.209979 0.0499515
208 0.607202 0.221821 0.0539639
209 0.607202 0.198069 0.0581004
210 0.607202 0.193932 0.0576121
211 0.607202 0.237093 0.0613932
212 0.607202 0.243215 0.0525944
213 0.607202 0.227764 0.047163
214 0.607991 0.206896 0.0503255
215 0.607991 0.225824 0.0509111
216 0.607991 0.247648 0.0496406
217 0.607991 0.256238 0.0547515
218 0.608025 0.240993 0.0538923
219 0.608025 0.250388 0.0556444
220 0.608025 0.226026 0.0540037
221 0.608025 0.205526 0.0529389
222 0.608025 0.209094 0.0574712
223 0.608025 0.197788 0.0575103
224 0.608025 0.19461 0.0565258
225 0.608025 0.190154 0.0572138
226 0.608025 0.21556 0.0605153
227 0.608025 0.202401 0.0588647
228 0.608025 0.220735 0.0575414
229 0.608025 0.231758 0.0602726
230 0.608025 0.247521 0.0554415
231 0.608025 0.274618 0.0567528
232 0.608025 0.256796 0.0529342
233 0.608025 0.227741 0.0547315
234 0.608025 0.237475 0.0535364
235 0.608025 0.219842 0.0551527
236 0.608025 0.172304 0.049277
237 0.608025 0.203224 0.0545815
238 0.608025 0.193594 0.0532246
239 0.608025 0.201067 0.056186
240 0.608025 0.223057 0.0579272
241 0.608025 0.207999 0.053602
242 0.608025 0.215287 0.0561709
243 0.608025 0.233312 0.0531684
244 0.608025 0.226048 0.0528375
245 0.608025 0.225993 0.0516725
246 0.608025 0.236596 0.0510362
247 0.608025 0.238369 0.0542537
248 0.608025 0.236979 0.0567014
249 0.608025 0.257612 0.060235
250 0.608025 0.233253 0.0616653
251 0.608025 0.22813 0.0573711
252 0.608025 0.208476 0.0567624
253 0.608025 0.193695 0.0560354
254 0.608025 0.184391 0.0515652
255 0.608025 0.193028 0.0516963
256 0.608025 0.209731 0.054925
257 0.608025 0.20753 0.0532287
258 0.608025 0.183144 0.05047
259 0.608025 0.199132 0.0541417
260 0.608025 0.215989 0.0554288
261 0.608025 0.225526 0.057317
262 0.608025 0.23575 0.0516512
263 0.608025 0.246344 0.0583819
264 0.608025 0.214949 0.0539857
265 0.608079 0.216566 0.0564078
266 0.608079 0.225351 0.0548843
267 0.608079 0.256211 0.0565903
268 0.608079 0.226289 0.0549013
269 0.608079 0.19694 0.0478665
270 0.608079 0.210897 0.0505513
271 0.608079 0.195107 0.0525312
272 0.608079 0.223329 0.0549648
273 0.608079 0.209187 0.0551832
274 0.608079 0.225708 0.0582116
275 0.608079 0.211869 0.0595861
276 0.608079 0.238969 0.0594504
277 0.608079 0.238022 0.0583354
278 0.608079 0.226471 0.0563661
279 0.608079 0.210869 0.0540255
280 0.608079 0.221633 0.0538101
281 0.608079 0.203465 0.053408
282 0.608079 0.189902 0.0546736
283 0.608079 0.199499 0.0549365
284 0.608079 0.21217 0.0569761
285 0.608079 0.223468 0.0568507
286 0.608165 0.20939 0.0595721
287 0.608165 0.205307 0.0553112
288 0.608165 0.212624 0.0555295
289 0.608165 0.218496 0.0564854
290 0.608165 0.198265 0.056346
291 0.608165 0.195927 0.0587256
292 0.608165 0.22735 0.0587404
293 0.608165 0.219924 0.0578279
294 0.608165 0.201837 0.0537111
295 0.608165 0.172755 0.050685
296 0.608165 0.175366 0.055558
297 0.608165 0.213787 0.0577585
298 0.608165 0.206465 0.0585
299 0.608165 0.221216 0.0586278
300 0.608165 0.19546 0.0534551
301 0.608165 0.22578 0.0551203
302 0.608165 0.209688 0.054056
303 0.608165 0.224583 0.0550333
304 0.608165 0.25138 0.0561942
305 0.608165 0.212832 0.0511861
306 0.608165 0.226146 0.0578678
307 0.608165 0.201525 0.0585461
308 0.608165 0.223823 0.0584142
309 0.608165 0.222761 0.0543417
310 0.608165 0.225862 0.0566412
311 0.608165 0.227652 0.0546463
312 0.608165 0.225411 0.0539378
313 0.608165 0.221231 0.0548704
314 0.608165 0.195456 0.0532984
315 0.608165 0.229474 0.053005
316 0.608176 0.220581 0.0544074
317 0.608176 0.234572 0.0555395
318 0.608176 0.233493 0.0583455
319 0.608176 0.233926 0.0532081
320 0.608176 0.238364 0.0558536
321 0.608176 0.228099 0.0559365
322 0.608176 0.23197 0.0562398
323 0.608176 0.242844 0.054928
324 0.608176 0.25898 0.0527777
325 0.608176 0.232802 0.0556535
326 0.608176 0.274243 0.0490428
327 0.610233 0.255384 0.0508024
328 0.610233 0.248486 0.0571698
329 0.610233 0.219097 0.0546502
330 0.610233 0.227315 0.0544017
331 0.610233 0.202493 0.0533216
332 0.610233 0.202415 0.0533384
333 0.610233 0.220102 0.0599618
334 0.610233 0.245103 0.0584838
335 0.610233 0.224714 0.0517923
336 0.610233 0.197454 0.0498342
337 0.610233 0.20128 0.0518977
338 0.610233 0.195174 0.0584084
339 0.610233 0.197412 0.0566526
340 0.610233 0.202073 0.0554694
341 0.610233 0.216751 0.0574454
342 0.610233 0.226772 0.057783
343 0.610233 0.248699 0.0536299
344 0.610233 0.235281 0.0542375
345 0.610233 0.237022 0.0560786
346 0.610233 0.250512 0.0602281
347 0.610233 0.235412 0.0583969
348 0.610233 0.256111 0.0556001
349 0.610233 0.228062 0.054938
350 0.610233 0.240366 0.0523936
351 0.610233 0.216747 0.0569686
352 0.610233 0.229862 0.0545913
353 0.610233 0.229263 0.0523563
354 0.610233 0.275787 0.0540897
355 0.610233 0.230398 0.0503243
356 0.610233 0.212466 0.0554989
357 0.610233 0.236571 0.0560921
358 0.610233 0.234859 0.0535197
359 0.610233 0.217011 0.0557239
360 0.610233 0.194926 0.0487527
361 0.610233 0.20692 0.0514097
362 0.610233 0.203924 0.049921
363 0.610233 0.214652 0.0510822
364 0.610233 0.174636 0.0502109
365 0.610233 0.194851 0.0545513
366 0.610233 0.199268 0.0547952
367 0.610233 0.183639 0.0523337
368 0.610233 0.178841 0.051831
369 0.610233 0.167312 0.0489243
370 0.610233 0.170607 0.0489754
371 0.610233 0.201968 0.0535151
372 0.610233 0.204824 0.0540715
373 0.610233 0.162466 0.0481376
374 0.610233 0.18287 0.0536752
375 0.610233 0.218253 0.0577588
376 0.610233 0.20784 0.052801
377 0.610233 0.202674 0.0560181
378 0.610233 0.208122 0.0557738
379 0.610233 0.200009 0.0564694
380 0.610233 0.200093 0.0578977
381 0.610233 0.178027 0.0539636
382 0.610233 0.20526 0.0540174
383 0.610233 0.196862 0.057875
384 0.610233 0.217446 0.0534814
385 0.610233 0.195993 0.0553874
386 0.610233 0.205477 0.0483843
387 0.610233 0.220572 0.0517983
388 0.610233 0.19868 0.0512677
389 0.610233 0.24394 0.0506287
390 0.610233 0.245841 0.0498023
391 0.610233 0.239182 0.0512209
392 0.610233 0.242198 0.0537979
393 0.610233 0.228841 0.0499577
394 0.610233 0.210269 0.0518587
395 0.610233 0.219735 0.0497335
396 0.610233 0.233497 0.0516132
397 0.610233 0.233055 0.0507941
398 0.610233 0.196808 0.0542412
399 0.610233 0.218121 0.0565838
400 0.610233 0.20708 0.0555881
401 0.610233 0.222929 0.0596999
402 0.610233 0.21525 0.0582912
403 0.610233 0.219247 0.0565135
404 0.610434 0.259856 0.0549928
405 0.610434 0.231825 0.0547037
406 0.610434 0.241753 0.05264
407 0.610434 0.227783 0.0519772
408 0.610434 0.220555 0.0507683
409 0.610434 0.217671 0.0534356
410 0.610434 0.184956 0.0465299
411 0.610434 0.201466 0.0508837
412 0.610434 0.227745 0.0544423
413 0.610434 0.230896 0.0521505
414 0.610434 0.235403 0.0535664
415 0.610434 0.219844 0.0557519
416 0.610434 0.246415 0.0547407
417 0.610434 0.24248 0.0504686
418 0.610434 0.202523 0.0505937
419 0.610434 0.192605 0.051425
420 0.610434 0.212217 0.0536216
421 0.610434 0.184952 0.0550755
422 0.610434 0.202979 0.0557832
423 0.610434 0.205099 0.0545404
424 0.610434 0.173841 0.0495817
425 0.610434 0.170696 0.0488857
426 0.610434 0.162855 0.0493543
427 0.610434 0.186513 0.0514759
428 0.610434 0.188696 0.0552365
429 0.610434 0.209824 0.0561373
430 0.610434 0.20393 0.055914
431 0.610434 0.186024 0.05123
432 0.610434 0.181788 0.0511856
433 0.610434 0.197206 0.054882
434 0.610434 0.17448 0.050594
435 0.610434 0.184248 0.0530121
436 0.610434 0.192701 0.0481842
437 0.610434 0.193141 0.0532897
438 0.610434 0.18488 0.0488328
439 0.610434 0.206449 0.0544665
440 0.610434 0.216725 0.0552383
441 0.610434 0.205168 0.0491262
442 0.610434 0.210453 0.0495283
443 0.610434 0.200899 0.0527425
444 0.610434 0.206399 0.0517733
445 0.610434 0.225051 0.0590078
446 0.610434 0.213652 0.0562568
447 0.610434 0.20697 0.0501171
448 0.610434 0.201616 0.0482426
449 0.610434 0.229624 0.0526498
450 0.610434 0.231046 0.0523896
451 0.610434 0.203876 0.0544658
452 0.610434 0.240323 0.0576768
453 0.610434 0.245358 0.0538229
454 0.610434 0.210872 0.0556999
455 0.610434 0.220371 0.0563694
456 0.610434 0.231903 0.0559527
457 0.610434 0.238989 0.055426
458 0.610434 0.221174 0.0562326
459 0.610434 0.219851 0.0597503
460 0.610434 0.226786 0.0556381
461 0.610434 0.23815 0.0622818
462 0.610434 0.179618 0.0538528
463 0.610434 0.195384 0.0523031
464 0.610434 0.197262 0.0517396
465 0.610434 0.20676 0.053701
466 0.610434 0.200887 0.0560992
467 0.610434 0.201641 0.061057
468 0.610434 0.184748 0.0517755
469 0.610434 0.205789 0.0558986
470 0.610434 0.194086 0.051617
471 0.610434 0.197656 0.0544513
472 0.610434 0.191269 0.0536658
473 0.610434 0.229278 0.0592631
474 0.610434 0.263778 0.0608403
475 0.610434 0.248271 0.0575937
476 0.610434 0.256296 0.0546731
477 0.610434 0.214054 0.0561251
478 0.610434 0.207858 0.057467
479 0.610434 0.229397 0.0617314
480 0.610434 0.221635 0.0530456
481 0.610434 0.201539 0.0530993
482 0.610434 0.193013 0.0556625
483 0.610434 0.206909 0.0563129
484 0.610434 0.215072 0.0561586
485 0.610434 0.204942 0.0545569
486 0.610434 0.211009 0.0534824
487 0.610434 0.192892 0.0492232
488 0.610434 0.224733 0.0555911
489 0.610434 0.201993 0.0508586
490 0.610434 0.22757 0.0557274
491 0.610434 0.240311 0.0634129
492 0.610434 0.23721 0.0546593
493 0.610434 0.236973 0.0534237
494 0.610434 0.226446 0.0511177
495 0.610434 0.212974 0.0529597
496 0.610434 0.184865 0.0529933
497 0.610434 0.169275 0.0492395
498 0.610434 0.209269 0.0548539
499 0.610434 0.209759 0.0541703
500 0.610434 0.211918 0.0543737
501 0.610434 0.227324 0.0550789
502 0.610434 0.236446 0.0586513
503 0.610434 0.20702 0.0562441
504 0.610434 0.236582 0.0588684
505 0.610434 0.222384 0.0598624
506 0.610434 0.215026 0.0557035
507 0.610434 0.230927 0.0567527
508 0.610434 0.242399 0.0537826
509 0.610434 0.18743 0.0547873
510 0.610434 0.198493 0.0535173
511 0.610434 0.219848 0.054566
512 0.610434 0.220295 0.0559924
513 0.610434 0.234802 0.0536138
514 0.610434 0.218627 0.0518722
515 0.610434 0.206616 0.0491109
516 0.610434 0.246312 0.0522691
517 0.610434 0.259333 0.0503086
518 0.610434 0.274006 0.0480028
519 0.610434 0.249014 0.0523202
520 0.610434 0.234855 0.0502659
521 0.610434 0.22357 0.0504649
522 0.610434 0.187615 0.0511433
523 0.610434 0.205365 0.0515995
524 0.610434 0.219769 0.0561941
525 0.610434 0.211894 0.0533617
526 0.610434 0.205497 0.0592771
527 0.610434 0.176565 0.0534208
528 0.610434 0.212894 0.0613456
529 0.610434 0.228248 0.0538347
530 0.610434 0.232266 0.0496257
531 0.610434 0.217058 0.0539679
532 0.610434 0.200121 0.0559885
533 0.610434 0.220462 0.0586824
534 0.610434 0.213744 0.057064
535 0.610434 0.221325 0.0548528
536 0.610434 0.205111 0.0539489
537 0.610434 0.217118 0.0550967
538 0.610434 0.193318 0.0533741
539 0.610434 0.20701 0.0595581
540 0.610434 0.22822 0.0586502
541 0.610434 0.188464 0.0544169
542 0.610434 0.180172 0.0532949
543 0.610434 0.188871 0.0548154
544 0.610434 0.193078 0.0547535
545 0.610434 0.206289 0.0524442
546 0.610434 0.230108 0.0577161
547 0.610434 0.207525 0.0530687
548 0.610434 0.19823 0.050462
549 0.610434 0.193702 0.0484734
550 0.610434 0.172129 0.0515347
551 0.610434 0.214973 0.0559413
552 0.610434 0.23546 0.0510062
553 0.610434 0.226068 0.0544616
554 0.610434 0.238156 0.0565297
555 0.610434 0.23185 0.0543111
556 0.610434 0.221055 0.0554132
557 0.610434 0.210631 0.052248
558 0.610434 0.212492 0.0547931
559 0.610434 0.227537 0.0553078
560 0.610434 0.188993 0.052393
561 0.610434 0.2129 0.0579986
562 0.610434 0.181894 0.0534518
563 0.610434 0.219585 0.0509801
564 0.610434 0.223943 0.0516821
565 0.610434 0.209265 0.0520307
566 0.610434 0.203618 0.0528704
567 0.610434 0.21925 0.0535488
568 0.610434 0.219744 0.054029
569 0.610434 0.185546 0.0543242
570 0.610434 0.180133 0.0536507
571 0.610434 0.18103 0.0568439
572 0.610434 0.195251 0.0528344
573 0.610434 0.197213 0.0555245
574 0.610434 0.172844 0.0485284
575 0.610434 0.204464 0.0525446
576 0.610434 0.214252 0.0567476
577 0.610434 0.198499 0.0523787
578 0.610434 0.231758 0.0570675
579 0.610434 0.173803 0.0486123
580 0.610434 0.207815 0.0524736
581 0.610434 0.206058 0.0541986
582 0.610434 0.214716 0.052834
583 0.610434 0.223705 0.0559612
584 0.610434 0.213678 0.0555788
585 0.610434 0.217126 0.0557655
586 0.610434 0.190179 0.0539332
587 0.610434 0.215011 0.0558723
588 0.610434 0.195113 0.0538883
589 0.610434 0.205697 0.0569757
590 0.610434 0.2015 0.0511521
591 0.610434 0.204864 0.0567531
592 0.610434 0.193885 0.05646
593 0.610434 0.179524 0.0527447
594 0.610434 0.188261 0.0554772
595 0.610434 0.220055 0.0537913
596 0.610434 0.224665 0.055387
597 0.610434 0.185928 0.0501215
598 0.610434 0.203238 0.0574229
599 0.610434 0.209929 0.0559399
600 0.610434 0.213545 0.0505078
601 0.610434 0.235748 0.0548256
602 0.610434 0.187784 0.0487907
603 0.610434 0.195682 0.0520375
604 0.610434 0.212116 0.0564655
605 0.610434 0.191208 0.0523281
606 0.610434 0.193875 0.051537
607 0.610434 0.186998 0.0521285
608 0.610434 0.193387 0.0518568
609 0.610434 0.173133 0.0519756
610 0.610434 0.225003 0.0573488
611 0.610434 0.186125 0.0552069
612 0.610434 0.179029 0.0445774
613 0.610434 0.18015 0.0491241
614 0.610434 0.188086 0.051975
615 0.610434 0.1971 0.0529359
616 0.610434 0.191817 0.0551406
617 0.610434 0.197362 0.0499981
618 0.610434 0.175448 0.0477875
619 0.610434 0.184684 0.0524518
620 0.610434 0.183669 0.0497531
621 0.610434 0.182879 0.0495591
622 0.610434 0.210027 0.0521905
623 0.610434 0.19812 0.0490255
624 0.610434 0.236509 0.0533278
625 0.610434 0.243172 0.0577337
626 0.610434 0.216819 0.0524185
627 0.610434 0.20684 0.0570658
628 0.610434 0.198042 0.0531058
629 0.610434 0.20038 0.0532331
630 0.610434 0.176235 0.0557552
631 0.610434 0.171885 0.0538688
632 0.610434 0.17327 0.0507771
633 0.610434 0.17515 0.0551741
634 0.610434 0.198576 0.0542596
635 0.610434 0.210575 0.057772
636 0.610434 0.211 0.0540392
637 0.610434 0.198017 0.0533686
638 0.610434 0.19726 0.0539427
639 0.610434 0.208428 0.0568582
640 0.610434 0.189528 0.0557949
641 0.610434 0.198666 0.0565598
642 0.610434 0.180843 0.0517931
643 0.610434 0.173638 0.050108
644 0.610434 0.208313 0.0520682
645 0.610434 0.182166 0.0493926
646 0.610434 0.197062 0.0521738
647 0.610434 0.163902 0.0481254
648 0.610434 0.151403 0.0458067
649 0.610434 0.167629 0.0540015
650 0.610434 0.169516 0.0533856
651 0.610434 0.188827 0.0572552
652 0.610434 0.195521 0.0540942
653 0.610434 0.205125 0.0558592
654 0.610434 0.18589 0.0504354
655 0.610434 0.170058 0.0497779
656 0.610434 0.193712 0.054651
657 0.610434 0.189609 0.0525683
658 0.610434 0.186566 0.0517659
659 0.610434 0.211415 0.0530426
660 0.610434 0.215394 0.054562
661 0.610434 0.212925 0.0529718
662 0.610434 0.222711 0.0554955
663 0.610434 0.186994 0.0517314
664 0.610434 0.179879 0.0508678
665 0.610434 0.179332 0.050465
666 0.610434 0.204752 0.0518841
667 0.610434 0.223067 0.0556318
668 0.610434 0.191365 0.0543823
669 0.610434 0.206211 0.0573418
670 0.610434 0.197337 0.0545008
671 0.610434 0.214189 0.0565624
672 0.610434 0.21419 0.0569174
673 0.610434 0.180971 0.0506035
674 0.610434 0.192346 0.0525745
675 0.610434 0.187554 0.0521012
676 0.610434 0.188151 0.0525364
677 0.610434 0.194288 0.0588247
678 0.610434 0.189329 0.0550904
679 0.610434 0.214601 0.0540485
680 0.610434 0.233089 0.0588024
681 0.610434 0.214642 0.0535224
682 0.610434 0.203987 0.0545489
683 0.610434 0.218174 0.0562229
684 0.610434 0.205873 0.0537572
685 0.610434 0.234239 0.0552531
686 0.610434 0.236548 0.0526562
687 0.610434 0.182666 0.0493458
688 0.610434 0.201557 0.0520955
689 0.610434 0.18456 0.0553292
690 0.610434 0.158399 0.0515767
691 0.610434 0.189725 0.0508677
692 0.610434 0.205138 0.0540482
693 0.610434 0.199693 0.0575396
694 0.610434 0.234913 0.0586855
695 0.610434 0.20949 0.0575317
696 0.610434 0.197504 0.0555057
697 0.610434 0.211119 0.0551752
698 0.610434 0.242262 0.0576438
699 0.610434 0.196343 0.0521203
700 0.610434 0.177845 0.052752
701 0.610434 0.202478 0.0506993
702 0.610434 0.191168 0.0518603
703 0.610434 0.176711 0.0511363
704 0.610434 0.183857 0.0473258
705 0.610434 0.207254 0.0488007
706 0.610434 0.20928 0.0497383
707 0.610434 0.203165 0.0509353
708 0.610434 0.211979 0.0551433
709 0.610434 0.194884 0.0558821
710 0.610434 0.187388 0.0518555
711 0.610434 0.2079 0.0534089
712 0.610434 0.174768 0.0512148
713 0.610434 0.180047 0.0523845
714 0.610434 0.159459 0.046559
715 0.610434 0.179777 0.0556175
716 0.610434 0.209218 0.0608259
717 0.610434 0.174507 0.0522814
718 0.610434 0.154426 0.0496593
719 0.610434 0.150502 0.0461581
720 0.610434 0.192196 0.052469
721 0.610434 0.190646 0.0553003
722 0.610434 0.182891 0.050212
723 0.610434 0.199702 0.0573635
724 0.610434 0.196095 0.0504367
725 0.610434 0.210259 0.0556027
726 0.610434 0.203113 0.0551409
727 0.610434 0.205503 0.0525689
728 0.611136 0.200719 0.0531896
729 0.611136 0.189653 0.0481339
730 0.611136 0.151107 0.047374
731 0.611136 0.173074 0.0496195
732 0.611136 0.189051 0.0572917
733 0.611136 0.183289 0.0582419
734 0.611136 0.183871 0.0574336
735 0.611136 0.22948 0.0583574
736 0.611136 0.202654 0.0540203
737 0.611136 0.189912 0.0532468
738 0.611136 0.199775 0.0520416
739 0.611136 0.180724 0.0521089
740 0.611136 0.168596 0.0579477
741 0.611136 0.183552 0.0604287
742 0.611136 0.200701 0.0568257
743 0.611136 0.194945 0.0548255
744 0.611136 0.179968 0.0530155
745 0.611136 0.187217 0.0535743
746 0.611136 0.193159 0.0534911
747 0.611136 0.174383 0.0529176
748 0.611136 0.173973 0.0551392
749 0.611136 0.162652 0.0498565
750 0.611136 0.170345 0.0562341
751 0.611136 0.143762 0.0469319
752 0.611136 0.151024 0.0528235
753 0.611136 0.162187 0.0549239
754 0.611136 0.183176 0.055152
755 0.611136 0.196361 0.0554939
756 0.611136 0.173488 0.0557421
757 0.611136 0.177782 0.0549001
758 0.611136 0.16936 0.0535345
759 0.611136 0.168685 0.0531057
760 0.611136 0.169889 0.055972
761 0.611136 0.187366 0.0546069
762 0.611136 0.172921 0.0527664
763 0.611136 0.183026 0.0516025
764 0.611136 0.188624 0.0550749
765 0.611136 0.168283 0.0538649
766 0.611136 0.17356 0.055069
767 0.611136 0.151384 0.0531091
768 0.611136 0.141702 0.0481862
769 0.611136 0.181754 0.0555065
770 0.611136 0.175487 0.0499916
771 0.611136 0.190089 0.052132
772 0.611136 0.202213 0.0522104
773 0.611136 0.22491 0.0560209
774 0.611136 0.223303 0.0508044
775 0.611136 0.221666 0.0562315
776 0.611136 0.195298 0.0510163
777 0.611136 0.239527 0.0576888
778 0.611136 0.221446 0.0579344
779 0.611136 0.238191 0.0557508
780 0.611136 0.256413 0.0594689
781 0.611136 0.2428 0.0541961
782 0.611136 0.228918 0.0520783
783 0.611136 0.192822 0.0514643
784 0.611136 0.182543 0.0551205
785 0.611136 0.187052 0.0514313
786 0.611136 0.204398 0.0527161
787 0.611136 0.204602 0.0537347
788 0.611136 0.195263 0.051784
789 0.611136 0.183952 0.0535924
790 0.611136 0.145221 0.0478193
791 0.611136 0.182123 0.0517899
792 0.611136 0.18981 0.0544194
793 0.611136 0.174882 0.0509956
794 0.611136 0.170487 0.0517794
795 0.611136 0.175877 0.0518453
796 0.611136 0.176967 0.0524969
797 0.611136 0.174841 0.0534591
798 0.611136 0.161928 0.0526631
799 0.611136 0.146555 0.0519584
800 0.611136 0.179263 0.0570201
801 0.611136 0.177364 0.053162
802 0.611136 0.157731 0.0510854
803 0.611136 0.161917 0.0534209
804 0.611136 0.191488 0.0556772
805 0.611136 0.175574 0.0570633
806 0.611136 0.170234 0.0512848
807 0.611136 0.190651 0.0564215
808 0.611136 0.195748 0.0505096
809 0.611136 0.2151 0.0552155
810 0.611136 0.20037 0.054146
811 0.611136 0.236141 0.0526134
812 0.611136 0.218386 0.055893
813 0.611136 0.203239 0.0558396
814 0.611136 0.178323 0.0520533
815 0.611136 0.219834 0.0562366
816 0.611136 0.189673 0.05146
817 0.611136 0.217856 0.0583892
818 0.611136 0.222078 0.0566849
819 0.611136 0.225138 0.0525038
820 0.611136 0.200458 0.055684
821 0.611136 0.19995 0.0560676
822 0.611136 0.201619 0.053447
823 0.611136 0.223277 0.0516587
824 0.611136 0.229691 0.0538817
825 0.611136 0.234163 0.0545033
826 0.611136 0.206729 0.0545874
827 0.611136 0.183998 0.0459778
828 0.611136 0.194121 0.0525481
829 0.611136 0.228656 0.0571783
830 0.611136 0.213253 0.0560482
831 0.611136 0.206555 0.05806
832 0.611136 0.208295 0.0562006
833 0.611136 0.175632 0.050781
834 0.611136 0.183807 0.052016
835 0.611136 0.197598 0.0565771
836 0.611136 0.192216 0.0531811
837 0.611136 0.196538 0.0550075
838 0.611136 0.202002 0.0571946
839 0.611136 0.200387 0.0544215
840 0.611136 0.174819 0.0519791
841 0.611136 0.206008 0.0522799
842 0.611136 0.184002 0.0512474
843 0.611136 0.193194 0.0537663
844 0.611136 0.20655 0.0576619
845 0.611136 0.193622 0.0568232
846 0.611136 0.200835 0.0539907
847 0.611136 0.200174 0.0537123
848 0.611136 0.221493 0.0567373
849 0.611136 0.202493 0.0545461
850 0.611136 0.202812 0.0562905
851 0.611136 0.181892 0.0536445
852 0.611136 0.170779 0.0526792
853 0.611136 0.181769 0.0538845
854 0.611136 0.160755 0.0504703
855 0.611333 0.181325 0.0544111
856 0.611333 0.187123 0.0507682
857 0.611333 0.180473 0.0553413
858 0.611333 0.177806 0.0540513
859 0.611333 0.189126 0.05422
860 0.611333 0.181272 0.0520342
861 0.611333 0.146287 0.0462083
862 0.611333 0.184827 0.0547442
863 0.611333 0.166729 0.0476503
864 0.611333 0.170921 0.0518035
865 0.611333 0.222593 0.0538962
866 0.611333 0.174934 0.0513629
867 0.611333 0.202288 0.0563499
868 0.611333 0.189845 0.0523998
869 0.611333 0.197357 0.0548965
870 0.611333 0.193788 0.0543859
871 0.611333 0.181281 0.0523028
872 0.611333 0.19697 0.0479967
873 0.611333 0.213569 0.0555776
874 0.611333 0.225301 0.0546218
875 0.611333 0.197416 0.0530552
876 0.611333 0.171825 0.0499822
877 0.611333 0.183073 0.0515762
878 0.611333 0.193839 0.0511946
879 0.611333 0.175427 0.0517965
880 0.611333 0.199706 0.0530655
881 0.611333 0.179915 0.0551353
882 0.611333 0.167051 0.0483087
883 0.611333 0.184612 0.0554299
884 0.611333 0.226847 0.0559484
885 0.611333 0.200241 0.0571238
886 0.611333 0.20476 0.0534291
887 0.611333 0.224221 0.0583701
888 0.611333 0.226833 0.0551807
889 0.611333 0.224844 0.0579433
890 0.611333 0.211345 0.0569001
891 0.611333 0.212569 0.0561613
892 0.611333 0.217489 0.0601412
893 0.611333 0.198588 0.0548492
894 0.611333 0.210626 0.0617549
895 0.611333 0.168695 0.0548787
896 0.611333 0.197104 0.055114
897 0.611333 0.207323 0.0553072
898 0.611333 0.192834 0.0573311
899 0.611333 0.194692 0.0584643
900 0.611333 0.198992 0.0581181
901 0.611333 0.211412 0.0550053
902 0.611333 0.185607 0.0500085
903 0.611333 0.210265 0.0568804
904 0.611333 0.21573 0.0514644
905 0.611333 0.200766 0.0515031
906 0.611333 0.205575 0.0534442
907 0.611333 0.232593 0.0581124
908 0.611333 0.207841 0.0614832
909 0.611333 0.204634 0.0599138
910 0.611333 0.203476 0.0553334
911 0.611333 0.197961 0.0556293
912 0.611333 0.158077 0.0536071
913 0.611333 0.165934 0.0487519
914 0.611333 0.194074 0.058303
915 0.611333 0.218945 0.0622506
916 0.611333 0.201266 0.0561125
917 0.611333 0.205872 0.0555141
918 0.611333 0.196452 0.0567437
919 0.611333 0.208622 0.0520912
920 0.611333 0.1943 0.0517338
921 0.611333 0.189056 0.0509537
922 0.611333 0.184883 0.0510957
923 0.611333 0.21941 0.0593255
924 0.611333 0.206275 0.0581627
925 0.611333 0.237696 0.0576953
926 0.611333 0.228336 0.0540392
927 0.611333 0.233665 0.0517144
928 0.611333 0.190538 0.0519543
929 0.611333 0.189928 0.0503132
930 0.611333 0.193381 0.0533091
931 0.611333 0.21861 0.056756
932 0.611333 0.207771 0.0558228
933 0.611333 0.198449 0.0567306
934 0.611333 0.216403 0.0560704
935 0.611333 0.181103 0.0529441
936 0.611333 0.178284 0.0493919
937 0.611333 0.197292 0.0519529
938 0.611333 0.218276 0.0538621
939 0.611333 0.210606 0.0490851
940 0.611333 0.191692 0.0523919
941 0.611333 0.189341 0.053385
942 0.611333 0.182391 0.0533451
943 0.611333 0.195348 0.0533204
944 0.611333 0.169985 0.0491091
945 0.611333 0.187484 0.052477
946 0.611333 0.165232 0.049596
947 0.611333 0.189294 0.0526487
948 0.611333 0.183501 0.0526899
949 0.611333 0.192234 0.056111
950 0.611333 0.199347 0.0539067
951 0.611333 0.202127 0.052962
952 0.611333 0.172783 0.0512665
953 0.611333 0.191003 0.0543737
954 0.611333 0.208259 0.0534097
955 0.611333 0.203017 0.0524782
956 0.611333 0.198264 0.0550648
957 0.611333 0.192057 0.0547297
958 0.611333 0.208045 0.0590241
959 0.611333 0.216948 0.0565969
960 0.611333 0.205942 0.0566787
961 0.611333 0.204167 0.0565872
962 0.611333 0.197149 0.0524243
963 0.611333 0.23861 0.0560727
964 0.611333 0.20992 0.0505728
965 0.611333 0.202294 0.0525065
966 0.611333 0.167945 0.047609
967 0.611333 0.169304 0.0500396
968 0.611333 0.160946 0.0522507
969 0.611333 0.161636 0.0480263
970 0.611333 0.178942 0.0534118
971 0.611374 0.17395 0.0534032
972 0.611374 0.197236 0.0561501
973 0.611374 0.181941 0.0531276
974 0.611374 0.189993 0.0528776
975 0.611411 0.189571 0.0525044
976 0.611411 0.201131 0.0528156
977 0.611411 0.202668 0.0551651
978 0.611411 0.177788 0.0504263
979 0.611411 0.170587 0.0538665
980 0.611411 0.177972 0.0495884
981 0.611411 0.174274 0.0508833
982 0.611411 0.175693 0.0536748
983 0.611411 0.172606 0.0525517
984 0.611411 0.185434 0.0581157
985 0.611411 0.191743 0.0578323
986 0.611411 0.192972 0.0576051
987 0.611411 0.167311 0.0529098
988 0.611411 0.182631 0.0556615
989 0.611411 0.20622 0.0535569
990 0.611411 0.196492 0.0552957
991 0.611411 0.194413 0.051481
992 0.611411 0.213469 0.0540043
993 0.611411 0.198896 0.0531619
994 0.611411 0.19235 0.0541768
995 0.611411 0.203507 0.0526274
996 0.611411 0.175605 0.0496191
997 0.611411 0.178746 0.0557875
998 0.611411 0.176938 0.053403
999 0.611476 0.187989 0.0595514
1000 0.611476 0.188999 0.0571972
