0 0.125267 0.0593086 0.00390269
1 0.125274 0.0631496 0.00389286
2 0.125274 0.0765591 0.00373327
3 0.125274 0.0714115 0.00379556
4 0.391842 0.0777917 0.0047647
5 0.391842 0.0803689 0.00468333
6 0.391842 0.0893217 0.00464435
7 0.391842 0.0823919 0.00550444
8 0.391842 0.0875334 0.00616584
9 0.537267 0.0941478 0.00861862
9 0.566214 0.0265728 0.00852266
10 0.566214 0.0471897 0.0137142
11 0.566214 0.0551865 0.0168478
12 0.566214 0.0669795 0.0211155
13 0.566214 0.0730532 0.0243195
14 0.566214 0.0870967 0.0284289
15 0.576655 0.0787575 0.027771
16 0.576655 0.104355 0.0352106
17 0.576655 0.102311 0.0313591
18 0.579526 0.138519 0.0436427
19 0.579526 0.126118 0.039853
20 0.585693 0.143913 0.0457849
21 0.585693 0.173008 0.0458831
22 0.585693 0.163135 0.0452957
23 0.585693 0.172171 0.044115
24 0.585693 0.180294 0.0468365
25 0.585693 0.186592 0.044398
26 0.585693 0.167118 0.0414777
27 0.585693 0.176304 0.045956
28 0.585693 0.183209 0.0459026
29 0.585693 0.193328 0.0529806
30 0.585693 0.20532 0.0481404
31 0.585693 0.217762 0.055571
32 0.585693 0.192604 0.0512726
33 0.585693 0.19551 0.0499598
34 0.585693 0.174471 0.0479983
35 0.585693 0.179765 0.0488268
36 0.586498 0.199967 0.0505898
37 0.586498 0.140822 0.0424551
38 0.586498 0.166059 0.0470164
39 0.591098 0.190722 0.0543554
40 0.591098 0.166403 0.0467561
41 0.591098 0.147785 0.0416101
42 0.591098 0.150716 0.0490875
43 0.591098 0.152928 0.0477835
44 0.591098 0.156101 0.045751
45 0.591419 0.148985 0.0479326
46 0.591419 0.169026 0.0514585
47 0.591419 0.155418 0.0462944
48 0.591419 0.161812 0.048766
49 0.591419 0.161932 0.0482087
50 0.591419 0.185316 0.0490044
51 0.591419 0.177689 0.0488314
52 0.591419 0.192094 0.0542447
53 0.591419 0.225633 0.0567938
54 0.591419 0.195599 0.0480501
55 0.591419 0.167264 0.0471366
56 0.591419 0.171579 0.0495305
57 0.591419 0.154222 0.0470898
58 0.591419 0.179977 0.0466434
59 0.591419 0.163386 0.0455303
60 0.591419 0.163837 0.0533655
61 0.591419 0.141007 0.0515861
62 0.5946 0.160638 0.0523368
63 0.5946 0.147526 0.0456796
64 0.5946 0.159784 0.0462969
65 0.5946 0.169515 0.0516866
66 0.5946 0.172342 0.0533493
67 0.5946 0.162552 0.0506162
68 0.5946 0.167149 0.0514837
69 0.5946 0.140552 0.0460297
70 0.5946 0.149912 0.0477534
71 0.596567 0.183601 0.0496177
72 0.596567 0.189054 0.0531761
73 0.596567 0.189481 0.0544709
74 0.596567 0.209681 0.0541705
75 0.596567 0.186593 0.0546351
76 0.596567 0.151662 0.0493271
77 0.596567 0.174604 0.0486583
78 0.596567 0.174805 0.0537289
79 0.596567 0.203054 0.0530935
80 0.596567 0.205437 0.056293
81 0.596567 0.196396 0.0538749
82 0.596567 0.179676 0.0523606
83 0.596567 0.171997 0.0507301
84 0.596567 0.182676 0.0543135
85 0.596567 0.177088 0.0518469
86 0.596567 0.18814 0.0496374
87 0.596567 0.183754 0.0497532
88 0.596567 0.193796 0.05551
89 0.596567 0.181585 0.0534144
90 0.596567 0.196573 0.0561806
91 0.598295 0.214933 0.0564485
92 0.600038 0.206942 0.0533097
93 0.600038 0.181801 0.0529963
94 0.600038 0.180762 0.0503457
95 0.600038 0.17544 0.0532709
96 0.600038 0.169369 0.0505413
97 0.600038 0.180836 0.0493565
98 0.600038 0.208266 0.0493911
99 0.600038 0.198692 0.0561975
100 0.600038 0.185026 0.0531357
101 0.600038 0.188432 0.0509995
102 0.600038 0.184089 0.0503108
103 0.600038 0.202404 0.0540696
104 0.600038 0.179546 0.0511597
105 0.600038 0.180453 0.0545974
106 0.600038 0.196422 0.0515294
107 0.600038 0.188419 0.0507759
108 0.600038 0.171871 0.0496848
109 0.600038 0.216701 0.0506722
110 0.600038 0.219459 0.0523588
111 0.600038 0.221135 0.0583835
112 0.600488 0.22422 0.052675
113 0.600488 0.22947 0.055765
114 0.600488 0.198248 0.055186
115 0.600488 0.183019 0.0498704
116 0.600488 0.210409 0.0548703
117 0.600488 0.232234 0.0517388
118 0.600488 0.228744 0.0527296
119 0.600488 0.194078 0.0555272
120 0.600488 0.210598 0.0565557
121 0.600488 0.208868 0.0538001
122 0.600488 0.189649 0.0516721
123 0.600488 0.208633 0.0523034
124 0.600488 0.239441 0.0530562
125 0.600488 0.232021 0.0582101
126 0.600488 0.207508 0.0544419
127 0.600488 0.212719 0.0528115
128 0.600488 0.186446 0.054445
129 0.600488 0.149865 0.0471797
130 0.600488 0.1989 0.0555247
131 0.600488 0.201163 0.0543533
132 0.600488 0.230879 0.0561701
133 0.600488 0.217097 0.054406
134 0.600488 0.209285 0.0581425
135 0.600488 0.20925 0.0543683
136 0.600488 0.165392 0.0506592
137 0.600488 0.180862 0.0556159
138 0.600488 0.176262 0.0502121
139 0.600488 0.175958 0.0500208
140 0.600488 0.191019 0.0527873
141 0.600488 0.209781 0.0511137
142 0.600488 0.214531 0.0557604
143 0.600488 0.210593 0.0530512
144 0.600488 0.197923 0.0549318
145 0.600488 0.190376 0.0492205
146 0.600488 0.200891 0.0526261
147 0.600488 0.198815 0.0519463
148 0.600488 0.205952 0.0543593
149 0.600488 0.201415 0.0524522
150 0.600488 0.207549 0.05801
151 0.600488 0.230456 0.0561563
152 0.600488 0.217259 0.0549365
153 0.600488 0.2131 0.0550744
154 0.600488 0.212175 0.0577265
155 0.601517 0.249341 0.056777
156 0.601517 0.226226 0.0566009
157 0.601517 0.210685 0.053092
158 0.601517 0.198855 0.0504428
159 0.601517 0.201884 0.0569747
160 0.601517 0.195214 0.0512056
161 0.601517 0.178624 0.0514007
162 0.601517 0.17603 0.0502316
163 0.601517 0.207756 0.0523504
164 0.601517 0.233221 0.0554398
165 0.601517 0.227559 0.0520978
166 0.601517 0.251564 0.0535946
167 0.601517 0.243092 0.0514236
168 0.601517 0.241693 0.0523151
169 0.601517 0.224047 0.0550178
170 0.601517 0.250967 0.0577862
171 0.601517 0.231301 0.054805
172 0.601517 0.263134 0.0542185
173 0.601517 0.229376 0.0519963
174 0.601517 0.217512 0.0533097
175 0.601517 0.219165 0.0546408
176 0.601517 0.204083 0.0520197
177 0.601517 0.228392 0.055886
178 0.601517 0.206293 0.0553203
179 0.601517 0.192714 0.0563745
180 0.601517 0.193645 0.056646
181 0.601517 0.187113 0.0545706
182 0.601517 0.212323 0.0585218
183 0.601517 0.21793 0.0580183
184 0.601517 0.195314 0.056214
185 0.601517 0.191098 0.0552188
186 0.601517 0.179345 0.0532973
187 0.601517 0.243412 0.0545352
188 0.601517 0.190459 0.0476757
189 0.601517 0.198939 0.0557523
190 0.601517 0.218702 0.056918
191 0.601517 0.223361 0.0581616
192 0.601517 0.234871 0.0566287
193 0.601517 0.222644 0.0541785
194 0.601517 0.197886 0.0523913
195 0.601517 0.183412 0.0526405
196 0.601517 0.192688 0.0524752
197 0.601517 0.211654 0.059108
198 0.601517 0.1998 0.054597
199 0.601517 0.240867 0.059267
200 0.601517 0.183967 0.0524703
201 0.601517 0.210757 0.0545814
202 0.601517 0.183973 0.05469
203 0.601517 0.15958 0.0463755
204 0.601517 0.169461 0.0523718
205 0.601517 0.179255 0.0547165
206 0.601517 0.171993 0.0496269
207 0.601517 0.173344 0.0505855
208 0.601517 0.170094 0.0514654
209 0.601517 0.182646 0.0536568
210 0.601517 0.171827 0.0545969
211 0.601517 0.209507 0.054112
212 0.601517 0.200041 0.0535303
213 0.601517 0.201876 0.0480961
214 0.601517 0.233266 0.0533107
215 0.601517 0.21114 0.0514973
216 0.601517 0.212208 0.0579722
217 0.601517 0.215657 0.0569012
218 0.601517 0.201362 0.0512637
219 0.601517 0.228396 0.0582667
220 0.601517 0.184305 0.0580694
221 0.601517 0.195171 0.0572799
222 0.601517 0.271754 0.0599273
223 0.601517 0.270618 0.0553187
224 0.601517 0.265632 0.0586783
225 0.601517 0.244659 0.0545449
226 0.601517 0.2222 0.0573138
227 0.601517 0.215131 0.059021
228 0.601699 0.245488 0.0560074
229 0.601699 0.193893 0.0502861
230 0.601699 0.187527 0.0479744
231 0.601699 0.233183 0.0545881
232 0.601699 0.220045 0.0594524
233 0.601699 0.22535 0.0548687
234 0.601699 0.255442 0.0546194
235 0.601699 0.229263 0.0513282
236 0.601699 0.225225 0.0546169
237 0.601699 0.235814 0.0579707
238 0.601699 0.242144 0.0577231
239 0.601699 0.228779 0.0561055
240 0.601699 0.210471 0.0491651
241 0.601699 0.204747 0.0507718
242 0.601699 0.211876 0.0568189
243 0.601699 0.206969 0.0541613
244 0.601699 0.248457 0.0560632
245 0.601699 0.220284 0.0529233
246 0.601699 0.230498 0.0554372
247 0.601699 0.209945 0.0538839
248 0.601699 0.212798 0.0544422
249 0.601699 0.231284 0.0554082
250 0.601699 0.246166 0.0530337
251 0.601699 0.204346 0.0528284
252 0.601699 0.181718 0.0498365
253 0.601699 0.201115 0.0514832
254 0.601699 0.216738 0.053349
255 0.601699 0.197114 0.0555015
256 0.601699 0.204187 0.0531169
257 0.601699 0.22279 0.0573063
258 0.601699 0.219564 0.0551116
259 0.601699 0.209153 0.056298
260 0.601699 0.198792 0.053691
261 0.601699 0.203382 0.0586471
262 0.601699 0.209918 0.0524057
263 0.601699 0.197576 0.0511981
264 0.603258 0.20547 0.0554871
265 0.603258 0.190165 0.0574412
266 0.603258 0.174419 0.0522333
267 0.603258 0.193617 0.0527997
268 0.603258 0.208372 0.0534549
269 0.603258 0.228716 0.0529148
270 0.603258 0.242755 0.0517788
271 0.603258 0.245112 0.0508267
272 0.603258 0.242379 0.052308
273 0.603258 0.221066 0.0550719
274 0.603258 0.236934 0.0480695
275 0.603258 0.199792 0.0467275
276 0.603258 0.223909 0.0506569
277 0.603258 0.213325 0.0510089
278 0.603258 0.209472 0.0535214
279 0.603258 0.23034 0.0523307
280 0.603258 0.240592 0.0501522
281 0.603258 0.236065 0.0553573
282 0.603258 0.235189 0.0557765
283 0.603258 0.243081 0.0581435
284 0.603258 0.242531 0.0541504
285 0.603258 0.232 0.053041
286 0.603258 0.233876 0.0550418
287 0.603258 0.237905 0.0565497
288 0.603258 0.230306 0.0537644
289 0.603258 0.23489 0.0576285
290 0.603258 0.24151 0.0559273
291 0.603258 0.238105 0.0505746
292 0.603258 0.211344 0.0518379
293 0.603258 0.248116 0.0501185
294 0.603258 0.270138 0.0542362
295 0.603258 0.258584 0.0527158
296 0.603258 0.254321 0.0542673
297 0.603258 0.285875 0.0559436
298 0.603258 0.232369 0.0531295
299 0.603258 0.272046 0.0544505
300 0.603258 0.244683 0.0571242
301 0.603258 0.246164 0.0606766
302 0.603258 0.227399 0.0544075
303 0.603258 0.206986 0.0536024
304 0.603258 0.231885 0.0557121
305 0.603258 0.229196 0.0572847
306 0.603258 0.221656 0.0583845
307 0.603258 0.22198 0.0547991
308 0.603258 0.246261 0.0490341
309 0.603258 0.207085 0.0522168
310 0.603258 0.209655 0.0504261
311 0.603258 0.219603 0.0532866
312 0.603258 0.215379 0.0552915
313 0.603258 0.228357 0.05893
314 0.603258 0.24566 0.0611723
315 0.603258 0.223952 0.0572037
316 0.603258 0.254197 0.0578153
317 0.603258 0.232448 0.0549086
318 0.603258 0.236693 0.0550526
319 0.603258 0.243802 0.0590736
320 0.603258 0.262422 0.0616423
321 0.603258 0.281794 0.0555824
322 0.603258 0.263479 0.0579436
323 0.603258 0.25703 0.0576386
324 0.603258 0.261078 0.0570112
325 0.603258 0.262848 0.0586296
326 0.603258 0.228626 0.0547152
327 0.603258 0.239886 0.0490659
328 0.603258 0.245994 0.0471898
329 0.603258 0.219118 0.0508576
330 0.603258 0.213354 0.0572537
331 0.603258 0.231571 0.0570631
332 0.603258 0.243917 0.0569776
333 0.603258 0.214418 0.0563687
334 0.603258 0.197534 0.0512851
335 0.603258 0.21243 0.0527611
336 0.603258 0.219187 0.0575428
337 0.603258 0.211168 0.0566297
338 0.603258 0.222913 0.0548328
339 0.603258 0.186863 0.049206
340 0.603258 0.174405 0.0506908
341 0.603258 0.194167 0.0522951
342 0.603258 0.201931 0.0521243
343 0.603258 0.190077 0.0546256
344 0.603258 0.200615 0.0541178
345 0.603258 0.183387 0.0531952
346 0.603258 0.185399 0.0515248
347 0.603258 0.208233 0.0541309
348 0.603258 0.185457 0.0550275
349 0.603258 0.175266 0.0481246
350 0.603258 0.187629 0.0519562
351 0.603258 0.222093 0.0579258
352 0.603258 0.213688 0.0566645
353 0.603258 0.233889 0.0519138
354 0.603258 0.218469 0.0539742
355 0.603258 0.227506 0.0561134
356 0.603258 0.225256 0.0578767
357 0.603258 0.223609 0.0610599
358 0.603258 0.230337 0.0610898
359 0.603258 0.229688 0.055501
360 0.603258 0.234371 0.0503411
361 0.603258 0.22683 0.0559323
362 0.603258 0.252358 0.0543857
363 0.603258 0.234477 0.0595926
364 0.603258 0.233683 0.058083
365 0.603258 0.219552 0.0576915
366 0.603258 0.212019 0.0574839
367 0.603258 0.216121 0.0551333
368 0.603258 0.176853 0.0509381
369 0.603258 0.199992 0.0521759
370 0.603258 0.185227 0.0551597
371 0.603258 0.200677 0.0537052
372 0.603258 0.205941 0.0548557
373 0.603258 0.220101 0.0550168
374 0.603258 0.223875 0.0541873
375 0.603258 0.192983 0.0522472
376 0.603258 0.192375 0.0544228
377 0.603258 0.214742 0.0527661
378 0.603258 0.227187 0.0489661
379 0.603258 0.236234 0.0489746
380 0.603258 0.249379 0.0528429
381 0.603258 0.231553 0.0529778
382 0.603258 0.215591 0.0540409
383 0.603258 0.187425 0.0527589
384 0.603258 0.192374 0.0501859
385 0.603258 0.224902 0.0542649
386 0.603258 0.21095 0.0564319
387 0.603258 0.207244 0.0541188
388 0.603258 0.234006 0.0569467
389 0.603258 0.212818 0.0567825
390 0.603258 0.24594 0.063364
391 0.603258 0.242364 0.0586509
392 0.603258 0.245712 0.0558712
393 0.603258 0.249637 0.0535213
394 0.603258 0.224101 0.0545994
395 0.603258 0.246884 0.0586506
396 0.603258 0.225211 0.0575148
397 0.603258 0.212631 0.0543656
398 0.603258 0.23212 0.0568069
399 0.603258 0.228892 0.0560066
400 0.603258 0.216423 0.0584872
401 0.603258 0.205228 0.0552187
402 0.603258 0.19706 0.0569899
403 0.603258 0.18799 0.0578634
404 0.603258 0.169414 0.0522266
405 0.603258 0.185041 0.0515811
406 0.603258 0.166466 0.0484657
407 0.603258 0.21677 0.0570118
408 0.603258 0.210654 0.0530598
409 0.603258 0.198946 0.0495266
410 0.603258 0.204083 0.0522904
411 0.603258 0.225923 0.0505924
412 0.603258 0.231027 0.0540472
413 0.603258 0.250532 0.0508978
414 0.603258 0.21296 0.0530512
415 0.603258 0.187471 0.0553711
416 0.603258 0.19257 0.0536328
417 0.603258 0.184229 0.0500624
418 0.603258 0.213993 0.0548788
419 0.603258 0.190433 0.0514908
420 0.603258 0.210849 0.0540057
421 0.603258 0.248158 0.0556354
422 0.603258 0.238199 0.0525657
423 0.603258 0.250271 0.0543152
424 0.603258 0.255659 0.056247
425 0.603258 0.238058 0.0547885
426 0.603258 0.20382 0.0509755
427 0.603258 0.225664 0.0556094
428 0.603258 0.260708 0.0538994
429 0.603258 0.262352 0.0544485
430 0.603258 0.235495 0.0574888
431 0.603258 0.232044 0.0518433
432 0.603258 0.210014 0.0532942
433 0.603258 0.214682 0.0596737
434 0.603258 0.200747 0.0511986
435 0.603258 0.210023 0.0553449
436 0.603258 0.210027 0.0590481
437 0.603258 0.206029 0.0585802
438 0.603258 0.206112 0.0538109
439 0.603258 0.182697 0.0501649
440 0.603258 0.221601 0.0565101
441 0.603258 0.260751 0.0601836
442 0.603258 0.243214 0.0537261
443 0.603258 0.203879 0.0532543
444 0.603258 0.225793 0.0540279
445 0.603258 0.223613 0.0565912
446 0.603258 0.228245 0.056935
447 0.603258 0.219232 0.0560259
448 0.603258 0.209627 0.0557255
449 0.603258 0.212815 0.0488663
450 0.603258 0.215183 0.0494916
451 0.603258 0.213122 0.0542348
452 0.603258 0.21325 0.0548773
453 0.603258 0.201347 0.0548328
454 0.603258 0.218193 0.0576391
455 0.603258 0.201362 0.0562753
456 0.603258 0.213462 0.0560459
457 0.603258 0.202434 0.0512263
458 0.603258 0.23722 0.0527873
459 0.603258 0.178546 0.0510914
460 0.603258 0.174085 0.057227
461 0.603258 0.183945 0.0543968
462 0.603258 0.229081 0.0603466
463 0.603258 0.203995 0.0548965
464 0.603258 0.222678 0.0579765
465 0.603258 0.210205 0.0586971
466 0.603258 0.202125 0.0582399
467 0.603258 0.1919 0.0530639
468 0.603258 0.204474 0.0573076
469 0.603258 0.179646 0.0514897
470 0.603258 0.199893 0.0552695
471 0.603258 0.214992 0.0518614
472 0.603258 0.20589 0.0516547
473 0.603258 0.183091 0.0525017
474 0.603258 0.186946 0.0532611
475 0.603258 0.215394 0.0577765
476 0.603258 0.215067 0.052884
477 0.603258 0.209666 0.0558457
478 0.603258 0.200102 0.0532573
479 0.603258 0.212766 0.0530195
480 0.603258 0.195424 0.0528837
481 0.603258 0.195965 0.0557217
482 0.603258 0.174625 0.0510676
483 0.603258 0.191871 0.0570073
484 0.603258 0.19634 0.0560504
485 0.603258 0.208359 0.0518508
486 0.603258 0.202808 0.0534552
487 0.603258 0.21836 0.0544355
488 0.603258 0.235337 0.0508321
489 0.603258 0.197961 0.0478989
490 0.603258 0.215548 0.0501993
491 0.603258 0.208845 0.0494926
492 0.603258 0.223988 0.0563438
493 0.603258 0.217607 0.0510519
494 0.603258 0.20221 0.0519674
495 0.603258 0.244495 0.0524219
496 0.603258 0.237682 0.0539423
497 0.603258 0.225902 0.0520522
498 0.603258 0.216342 0.0542004
499 0.603258 0.208215 0.0514083
500 0.603258 0.209825 0.0524352
501 0.603258 0.192701 0.050448
502 0.603258 0.201027 0.0523271
503 0.603258 0.196554 0.048838
504 0.603258 0.203095 0.0531409
505 0.603258 0.208789 0.051965
506 0.603258 0.199906 0.0512946
507 0.603258 0.222967 0.0558993
508 0.603258 0.250913 0.0574948
509 0.603258 0.248567 0.0590004
510 0.603258 0.254347 0.0554186
511 0.603258 0.256168 0.0541114
512 0.603258 0.222975 0.0517035
513 0.603258 0.21769 0.0527865
514 0.603258 0.227804 0.0501133
515 0.603258 0.220774 0.0474618
516 0.603258 0.206682 0.0527619
517 0.603258 0.219391 0.055929
518 0.603258 0.202443 0.0529267
519 0.603258 0.212816 0.0519402
520 0.603258 0.224713 0.0574359
521 0.603258 0.219981 0.0519645
522 0.603258 0.213178 0.05399
523 0.603258 0.199165 0.0573933
524 0.603258 0.208801 0.0569653
525 0.603258 0.246092 0.0583789
526 0.603258 0.219993 0.0576912
527 0.603258 0.213319 0.0558722
528 0.603258 0.244806 0.0591232
529 0.603258 0.234021 0.0560162
530 0.603258 0.234755 0.0558606
531 0.603258 0.227015 0.0529999
532 0.603258 0.212297 0.0535808
533 0.603258 0.227437 0.0585486
534 0.603258 0.211094 0.0571557
535 0.603258 0.215594 0.0575142
536 0.603258 0.214025 0.0564581
537 0.603258 0.223293 0.0597462
538 0.603258 0.202561 0.0561826
539 0.603258 0.209624 0.0525582
540 0.603258 0.210539 0.056934
541 0.603258 0.189355 0.0575783
542 0.603258 0.194344 0.0548513
543 0.603258 0.207429 0.0554334
544 0.603258 0.219282 0.0540898
545 0.603258 0.196407 0.0510223
546 0.603258 0.203274 0.0521901
547 0.603258 0.192437 0.0501002
548 0.603258 0.203591 0.0539973
549 0.603258 0.229733 0.0551658
550 0.603258 0.194429 0.0558574
551 0.603258 0.195654 0.0533097
552 0.603258 0.211668 0.0516956
553 0.603258 0.202984 0.0549385
554 0.603258 0.179612 0.0524268
555 0.603258 0.210251 0.048641
556 0.603258 0.203338 0.05117
557 0.603258 0.202158 0.0547687
558 0.603258 0.244823 0.0588373
559 0.603258 0.218628 0.0513846
560 0.603258 0.218533 0.0580622
561 0.603258 0.190318 0.0544508
562 0.603258 0.21929 0.0513214
563 0.603258 0.225534 0.0551101
564 0.603258 0.224534 0.0594791
565 0.603258 0.238725 0.0534777
566 0.603258 0.231636 0.0545421
567 0.603258 0.227901 0.0614515
568 0.603258 0.22004 0.0575928
569 0.603258 0.198372 0.0511988
570 0.603258 0.190583 0.0479747
571 0.603258 0.211313 0.0516593
572 0.603258 0.203672 0.052392
573 0.603258 0.218934 0.0551008
574 0.603258 0.221216 0.0579684
575 0.603258 0.214573 0.0573243
576 0.603258 0.225152 0.0588982
577 0.603258 0.237285 0.055581
578 0.603258 0.264275 0.0523958
579 0.603258 0.237976 0.0532867
580 0.603258 0.259226 0.0506443
581 0.603258 0.234991 0.0537063
582 0.603258 0.228308 0.0531768
583 0.603258 0.229141 0.0566719
584 0.603258 0.223272 0.0577497
585 0.603258 0.215884 0.0519838
586 0.603258 0.22461 0.0559111
587 0.603258 0.202546 0.0544185
588 0.603258 0.207113 0.0511634
589 0.603258 0.242226 0.0586798
590 0.603258 0.233929 0.0590919
591 0.603258 0.231612 0.0581971
592 0.603258 0.227553 0.0572963
593 0.603258 0.218731 0.053627
594 0.603258 0.220232 0.0530046
595 0.603258 0.199313 0.051823
596 0.603258 0.221186 0.0546056
597 0.603258 0.189318 0.052389
598 0.603258 0.176 0.0507475
599 0.603258 0.192584 0.0578596
600 0.603258 0.187877 0.0491173
601 0.603258 0.191938 0.0545852
602 0.603258 0.193703 0.0494184
603 0.603258 0.209315 0.0564019
604 0.603258 0.176804 0.0493966
605 0.603258 0.176516 0.0487686
606 0.603258 0.188204 0.0491892
607 0.603258 0.195199 0.049869
608 0.603258 0.208406 0.0517589
609 0.603258 0.222189 0.0534853
610 0.603258 0.213913 0.0492248
611 0.603258 0.228869 0.0532497
612 0.603258 0.206721 0.0529027
613 0.603258 0.210524 0.0560962
614 0.603258 0.205865 0.0561119
615 0.603258 0.179964 0.0500818
616 0.603258 0.180356 0.0508872
617 0.603258 0.196662 0.0514687
618 0.603258 0.205484 0.0532157
619 0.603258 0.203163 0.053294
620 0.603258 0.180233 0.0499181
621 0.603258 0.208007 0.0524737
622 0.603258 0.196734 0.0512186
623 0.603258 0.198355 0.0514108
624 0.603258 0.186668 0.0506618
625 0.603258 0.174756 0.0516345
626 0.603258 0.198459 0.0560558
627 0.603258 0.208652 0.0530348
628 0.603258 0.18647 0.0492115
629 0.603258 0.229465 0.0528044
630 0.603258 0.210249 0.0480549
631 0.603258 0.179483 0.0510404
632 0.603258 0.194088 0.0517424
633 0.603258 0.211858 0.0585306
634 0.603258 0.219554 0.0569487
635 0.603258 0.220705 0.0547184
636 0.603258 0.219588 0.0550686
637 0.603258 0.204821 0.0540814
638 0.603258 0.182477 0.0532172
639 0.603258 0.199584 0.0563324
640 0.603258 0.246299 0.0545779
641 0.603258 0.21528 0.0554293
642 0.603258 0.189585 0.0556194
643 0.603258 0.194371 0.0523618
644 0.603258 0.192241 0.0501657
645 0.603258 0.204784 0.0482733
646 0.603258 0.223808 0.0536348
647 0.603258 0.173023 0.048615
648 0.603258 0.197723 0.0500242
649 0.603258 0.17978 0.0512397
650 0.603258 0.205394 0.0544898
651 0.603258 0.185146 0.0509843
652 0.603258 0.21571 0.0569601
653 0.603258 0.24349 0.0543523
654 0.603258 0.263953 0.051707
655 0.603258 0.221246 0.0522355
656 0.603258 0.202175 0.0501931
657 0.603258 0.211602 0.0528883
658 0.603258 0.221028 0.0516518
659 0.603258 0.218614 0.0547632
660 0.603258 0.206313 0.0576481
661 0.603258 0.182763 0.0529421
662 0.603258 0.163667 0.0483015
663 0.603258 0.178357 0.0522042
664 0.603258 0.200134 0.0529834
665 0.603258 0.205575 0.0549681
666 0.603258 0.206727 0.0537821
667 0.603258 0.233766 0.0602466
668 0.603258 0.219681 0.0559702
669 0.603258 0.231289 0.0534624
670 0.603258 0.209134 0.0491285
671 0.603258 0.208515 0.0513644
672 0.603258 0.229734 0.0568009
673 0.603258 0.215099 0.0550756
674 0.603258 0.173637 0.0541754
675 0.603258 0.198183 0.0571197
676 0.603258 0.231389 0.0549005
677 0.603258 0.235446 0.0550269
678 0.603258 0.217474 0.0526282
679 0.603258 0.192359 0.0508867
680 0.603258 0.205798 0.0514877
681 0.603258 0.203817 0.0517919
682 0.603258 0.185442 0.0528291
683 0.603258 0.185103 0.0525946
684 0.603258 0.185299 0.051916
685 0.603258 0.188681 0.0527756
686 0.603258 0.195605 0.0502309
687 0.603258 0.215869 0.0562434
688 0.603258 0.208743 0.0561191
689 0.603258 0.205073 0.056782
690 0.603258 0.217525 0.0593016
691 0.603258 0.193001 0.0562276
692 0.603258 0.217498 0.0559225
693 0.603258 0.246799 0.0599543
694 0.603258 0.234307 0.0534646
695 0.603258 0.205613 0.0573424
696 0.603258 0.216416 0.0530031
697 0.603258 0.229766 0.0558212
698 0.603258 0.222958 0.0532756
699 0.603258 0.194499 0.0484145
700 0.603258 0.225423 0.0535884
701 0.603258 0.24617 0.054826
702 0.603258 0.225236 0.0520386
703 0.603258 0.223317 0.0566525
704 0.603258 0.204348 0.0543798
705 0.603258 0.193806 0.0570394
706 0.603258 0.208491 0.0563808
707 0.603258 0.205346 0.0557543
708 0.603258 0.196462 0.0497141
709 0.603258 0.205466 0.0510757
710 0.603258 0.19067 0.0473178
711 0.603258 0.23094 0.0501026
712 0.603258 0.202829 0.0511797
713 0.603258 0.223964 0.0542824
714 0.603258 0.20715 0.0540542
715 0.603258 0.22249 0.0546845
716 0.603258 0.18926 0.0561103
717 0.603258 0.229745 0.0561003
718 0.603258 0.249412 0.0575493
719 0.603258 0.236824 0.0519476
720 0.603258 0.241784 0.0565577
721 0.603258 0.224958 0.0560314
722 0.603258 0.22167 0.0550485
723 0.603258 0.226277 0.0532406
724 0.603258 0.225271 0.053596
725 0.603258 0.211737 0.0590092
726 0.603258 0.189327 0.0532386
727 0.603258 0.195904 0.0498667
728 0.603258 0.212144 0.0568928
729 0.603258 0.176538 0.0529555
730 0.603258 0.160621 0.0494077
731 0.603258 0.206571 0.0563543
732 0.603258 0.234091 0.0591676
733 0.603258 0.231088 0.0580216
734 0.603258 0.247566 0.0555082
735 0.603258 0.225173 0.0562217
736 0.603258 0.218492 0.0549628
737 0.603258 0.235696 0.056346
738 0.603258 0.219366 0.04897
739 0.603258 0.223635 0.0510326
740 0.603258 0.230414 0.0501864
741 0.603258 0.272118 0.0535627
742 0.603258 0.257177 0.0502291
743 0.603258 0.231539 0.0525074
744 0.603258 0.255776 0.0515383
745 0.603258 0.253745 0.0510289
746 0.603258 0.243192 0.0536374
747 0.603258 0.222886 0.0482996
748 0.603258 0.216597 0.0523408
749 0.603258 0.223018 0.0534
750 0.603258 0.221945 0.0527922
751 0.603258 0.215033 0.0456876
752 0.603258 0.221155 0.0558379
753 0.603258 0.198266 0.0539674
754 0.603258 0.212722 0.0540921
755 0.603258 0.202137 0.0514675
756 0.603258 0.206999 0.0503577
757 0.603258 0.233362 0.0541224
758 0.603258 0.232586 0.0551309
759 0.603258 0.226007 0.0555834
760 0.603258 0.204215 0.0528725
761 0.603258 0.19946 0.0549347
762 0.603258 0.20491 0.0518723
763 0.603258 0.181508 0.0528396
764 0.603258 0.195073 0.0503332
765 0.603258 0.192755 0.0542874
766 0.603258 0.195523 0.0563836
767 0.603258 0.173174 0.0496635
768 0.603258 0.174695 0.0507
769 0.603258 0.194218 0.0555996
770 0.603258 0.194101 0.0554507
771 0.603258 0.195791 0.0500459
772 0.603258 0.186457 0.0489099
773 0.603258 0.205913 0.0516639
774 0.603258 0.229807 0.0556602
775 0.603258 0.220951 0.0510222
776 0.603258 0.199975 0.0544824
777 0.603258 0.200935 0.0519887
778 0.603258 0.191279 0.0525463
779 0.603258 0.21366 0.053983
780 0.603258 0.256947 0.0548112
781 0.603258 0.227389 0.0589287
782 0.603258 0.250918 0.0539133
783 0.603258 0.205383 0.0513368
784 0.603258 0.222511 0.0547257
785 0.603258 0.23025 0.0555198
786 0.603258 0.21318 0.0525886
787 0.603258 0.192562 0.0516253
788 0.603258 0.211171 0.053568
789 0.603258 0.24522 0.0541664
790 0.603258 0.213501 0.0527441
791 0.603258 0.208189 0.0521746
792 0.603258 0.227282 0.0519655
793 0.603258 0.220288 0.0525027
794 0.603258 0.223795 0.0506384
795 0.603258 0.243041 0.0522681
796 0.603258 0.206128 0.0536918
797 0.603258 0.216219 0.0527437
798 0.603258 0.19719 0.0513712
799 0.603258 0.19536 0.0514139
800 0.603258 0.205393 0.0550675
801 0.603258 0.182521 0.0511069
802 0.603258 0.209412 0.0560684
803 0.603258 0.184226 0.0515492
804 0.603258 0.199875 0.0533646
805 0.603258 0.198911 0.0535721
806 0.603258 0.20549 0.052819
807 0.603258 0.202294 0.0516771
808 0.603258 0.224195 0.052018
809 0.603258 0.231428 0.0512111
810 0.603258 0.24526 0.0535261
811 0.603258 0.246597 0.0528111
812 0.603258 0.241444 0.055883
813 0.603258 0.234927 0.0501751
814 0.603258 0.239455 0.0531793
815 0.603258 0.251309 0.056372
816 0.603258 0.233073 0.0557115
817 0.603258 0.229825 0.0525509
818 0.603258 0.229515 0.0541652
819 0.603258 0.245141 0.0565108
820 0.603258 0.224292 0.0550454
821 0.603258 0.216414 0.0530548
822 0.603258 0.217763 0.0509122
823 0.603258 0.220009 0.0539062
824 0.603258 0.207553 0.0535742
825 0.603258 0.185061 0.0539355
826 0.603258 0.207271 0.056309
827 0.603258 0.206292 0.051779
828 0.603258 0.220981 0.0590302
829 0.603258 0.218661 0.0562843
830 0.603258 0.185836 0.0504807
831 0.603258 0.188277 0.0527437
832 0.603258 0.192695 0.0517648
833 0.603258 0.196776 0.052773
834 0.603258 0.204644 0.0565953
835 0.603258 0.223935 0.0562124
836 0.603258 0.187439 0.0542359
837 0.603258 0.196863 0.0554414
838 0.603258 0.203742 0.0552581
839 0.603258 0.197254 0.0539785
840 0.603258 0.187271 0.0566747
841 0.603258 0.222571 0.06234
842 0.603258 0.219541 0.0554445
843 0.603258 0.211202 0.0559838
844 0.603258 0.204253 0.0533543
845 0.603258 0.224406 0.0556118
846 0.603258 0.210559 0.0549161
847 0.603258 0.190176 0.0551795
848 0.603258 0.186318 0.0562683
849 0.603258 0.184962 0.0522389
850 0.603258 0.201791 0.0518316
851 0.603258 0.224974 0.0541662
852 0.603258 0.233479 0.0551724
853 0.603258 0.223631 0.0574728
854 0.603258 0.231186 0.0593086
855 0.603258 0.211951 0.0550618
856 0.603258 0.223583 0.0553943
857 0.603258 0.201971 0.0530846
858 0.603258 0.182418 0.0536211
859 0.603258 0.202808 0.0583921
860 0.603258 0.20914 0.0587686
861 0.603258 0.19081 0.0582408
862 0.603258 0.202776 0.0577387
863 0.603258 0.292274 0.0583388
864 0.603258 0.210385 0.0555691
865 0.603258 0.212975 0.0542743
866 0.603258 0.22431 0.0604192
867 0.603258 0.230629 0.0614684
868 0.603258 0.219681 0.0587638
869 0.603258 0.253866 0.0582538
870 0.603258 0.239362 0.0554299
871 0.603258 0.220791 0.0518615
872 0.603258 0.223203 0.0576197
873 0.603258 0.221339 0.0553985
874 0.603258 0.199599 0.0549368
875 0.603258 0.230214 0.058163
876 0.603258 0.236306 0.0606644
877 0.603258 0.230554 0.0577057
878 0.603258 0.226622 0.0547873
879 0.603258 0.217888 0.0593396
880 0.603258 0.203573 0.0551914
881 0.603258 0.227356 0.0536549
882 0.603258 0.22767 0.0567785
883 0.603258 0.2187 0.0538139
884 0.603258 0.222194 0.0553048
885 0.603258 0.197719 0.0544001
886 0.603258 0.173701 0.0555974
887 0.603258 0.221017 0.0580775
888 0.603258 0.228376 0.0586476
889 0.603258 0.2212 0.0583574
890 0.603258 0.190206 0.0571005
891 0.603258 0.199843 0.0571251
892 0.603258 0.191468 0.0540188
893 0.603258 0.193752 0.055376
894 0.603258 0.183041 0.0509226
895 0.603258 0.174679 0.0508446
896 0.603258 0.193435 0.0553631
897 0.603258 0.198061 0.0604874
898 0.603258 0.20416 0.0609364
899 0.603258 0.221314 0.0582769
900 0.603258 0.201036 0.054608
901 0.603258 0.197911 0.0485704
902 0.603258 0.191989 0.0539161
903 0.603258 0.210652 0.0559444
904 0.603258 0.199543 0.0553739
905 0.603258 0.18446 0.0505399
906 0.603258 0.193771 0.051764
907 0.603258 0.226303 0.054997
908 0.603258 0.237975 0.0550112
909 0.603258 0.240657 0.0565976
910 0.603258 0.251049 0.0500596
911 0.603258 0.19998 0.0483683
912 0.603258 0.199219 0.0523925
913 0.603258 0.219742 0.051947
914 0.603258 0.218388 0.0564519
915 0.603258 0.193903 0.0518833
916 0.603258 0.210327 0.0534824
917 0.603258 0.203465 0.0518662
918 0.603258 0.209509 0.0499701
919 0.603258 0.208382 0.0466258
920 0.603258 0.195539 0.0502566
921 0.603258 0.206864 0.0506013
922 0.603258 0.186243 0.0497403
923 0.603258 0.18932 0.0556441
924 0.603258 0.193809 0.0539708
925 0.603258 0.217478 0.0580121
926 0.603258 0.227009 0.0582581
927 0.603258 0.182092 0.0564848
928 0.603258 0.188042 0.0591059
929 0.603258 0.180694 0.0556094
930 0.603258 0.193612 0.0535737
931 0.603258 0.196356 0.0556408
932 0.603258 0.198103 0.0558523
933 0.603258 0.19111 0.0589065
934 0.603258 0.200665 0.0591969
935 0.603258 0.206116 0.0611385
936 0.603258 0.223351 0.056394
937 0.603258 0.257907 0.055469
938 0.603258 0.216963 0.0477526
939 0.603258 0.202665 0.0514477
940 0.603258 0.218841 0.0505726
941 0.603258 0.224923 0.0530432
942 0.603258 0.222951 0.0525192
943 0.603258 0.203723 0.0537897
944 0.603258 0.200747 0.0549381
945 0.603258 0.202155 0.0550978
946 0.603258 0.166549 0.0483586
947 0.603258 0.19458 0.0500724
948 0.603258 0.203213 0.0569286
949 0.603258 0.21092 0.0558941
950 0.603258 0.183038 0.0515392
951 0.603258 0.205509 0.054972
952 0.603258 0.237937 0.0572511
953 0.603258 0.22822 0.0521633
954 0.603258 0.238225 0.0515699
955 0.603258 0.235202 0.0521651
956 0.603258 0.227427 0.0571794
957 0.603258 0.211647 0.0536443
958 0.603258 0.21904 0.0529186
959 0.603258 0.261162 0.0519577
960 0.603258 0.26734 0.0500427
961 0.603258 0.261563 0.0460353
962 0.603258 0.254643 0.051165
963 0.603258 0.254733 0.054358
964 0.603258 0.257952 0.0526369
965 0.603258 0.205259 0.0514199
966 0.603258 0.215373 0.0541678
967 0.603258 0.196409 0.0535084
968 0.603258 0.193364 0.0532172
969 0.603258 0.226173 0.0553939
970 0.603258 0.219986 0.0575831
971 0.603258 0.222862 0.0563497
972 0.603258 0.210131 0.0538217
973 0.603258 0.211746 0.0538216
974 0.603258 0.200589 0.0515456
975 0.603258 0.1812 0.0560648
976 0.603258 0.190213 0.0551284
977 0.603258 0.210812 0.0522253
978 0.603258 0.213468 0.0572312
979 0.603258 0.20247 0.0523326
980 0.603258 0.1747 0.0496021
981 0.603258 0.198129 0.053368
982 0.603258 0.207696 0.0497049
983 0.603258 0.202923 0.0513755
984 0.603258 0.208015 0.0543205
985 0.603258 0.199774 0.0530411
986 0.603258 0.219079 0.0559459
987 0.603258 0.233289 0.0578844
988 0.603258 0.209743 0.0544372
989 0.603258 0.218899 0.0537278
990 0.603258 0.211512 0.0552182
991 0.603258 0.207899 0.0569893
992 0.603258 0.222547 0.0558709
993 0.603258 0.198069 0.0560076
994 0.603258 0.208443 0.0492069
995 0.603258 0.23852 0.0517658
996 0.603258 0.241833 0.0567931
997 0.603258 0.244208 0.0559711
998 0.603258 0.249153 0.0527131
999 0.603258 0.227176 0.0512563
1000 0.603258 0.204885 0.056205
