0 0.125239 0.0551901 0.00388082
1 0.125268 0.0630944 0.00390617
2 0.125268 0.0690977 0.00388001
3 0.125277 0.0764447 0.00374733
4 0.125277 0.0878998 0.00327653
5 0.125277 0.087865 0.00328147
6 0.125278 0.0821631 0.00351416
7 0.125278 0.0841184 0.00343559
8 0.125278 0.0830518 0.0034794
9 0.125278 0.0930253 0.00297108
10 0.125446 0.0954234 0.00282919
11 0.125446 0.0993116 0.00254444
12 0.125446 0.101055 0.00237489
13 0.126676 0.101611 0.00239343
14 0.375463 0.10519 0.00306911
15 0.375463 0.118893 0.00169843
16 0.375463 0.107462 0.00284175
17 0.375463 0.109953 0.00254347
18 0.375463 0.101688 0.00330938
19 0.375463 0.10099 0.00337388
20 0.375463 0.0962492 0.00368924
21 0.375463 0.0942053 0.00378563
22 0.500506 0.0930232 0.00575389
22 0.521728 0.00999406 0.00429752
23 0.521728 0.00999406 0.00429752
24 0.521728 0.0160474 0.00680763
25 0.521728 0.0168969 0.00684595
26 0.521728 0.0277662 0.0111489
27 0.521728 0.0329725 0.0115332
28 0.521728 0.0418179 0.0136016
29 0.594606 0.0569819 0.0210751
30 0.594606 0.062936 0.0251063
31 0.594606 0.0616961 0.0246159
32 0.594606 0.0756897 0.0280255
33 0.594606 0.0809342 0.0295328
34 0.594606 0.0862805 0.0318261
35 0.594606 0.083013 0.033349
36 0.594606 0.0693356 0.029445
37 0.594606 0.0806105 0.0320617
38 0.594606 0.0765583 0.0321044
39 0.594606 0.0905303 0.0348051
40 0.594606 0.0812547 0.0340081
41 0.602189 0.07767 0.0344257
42 0.602189 0.0817836 0.0341306
43 0.602189 0.0760526 0.032353
44 0.602189 0.0803098 0.0354714
45 0.602189 0.0798015 0.0349635
46 0.602189 0.0907999 0.0395218
47 0.602189 0.0776442 0.0341616
48 0.602189 0.0880264 0.0366348
49 0.602189 0.0997259 0.0422783
50 0.602189 0.0967172 0.0367852
51 0.602189 0.0934251 0.0383684
52 0.602189 0.0888754 0.0398371
53 0.602189 0.0833755 0.0358592
54 0.602189 0.0912182 0.0391282
55 0.602189 0.0833443 0.0373641
56 0.602189 0.0833113 0.0371703
57 0.602189 0.0896639 0.0397975
58 0.602189 0.0753431 0.0332919
59 0.605415 0.0862774 0.0393284
60 0.605415 0.105885 0.0434903
61 0.605415 0.107677 0.0451728
62 0.605415 0.0900537 0.0401497
63 0.605415 0.0793953 0.0367944
64 0.605415 0.0864565 0.0411363
65 0.606158 0.102801 0.0463716
66 0.606158 0.0942152 0.0402528
67 0.606158 0.103501 0.0458413
68 0.606158 0.0864569 0.0397723
69 0.606158 0.0767271 0.0371515
70 0.606158 0.0801105 0.0382262
71 0.606158 0.0919806 0.0397239
72 0.606158 0.0838141 0.0403447
73 0.606158 0.0953345 0.0402625
74 0.606158 0.114866 0.0464405
75 0.606158 0.0889254 0.041025
76 0.606158 0.106982 0.0477851
77 0.606158 0.10296 0.0445995
78 0.606158 0.0958177 0.0405249
79 0.606158 0.107371 0.0433749
80 0.606158 0.119712 0.0508467
81 0.606169 0.109665 0.0454775
82 0.606169 0.123962 0.051954
83 0.606713 0.114722 0.0495499
84 0.606713 0.11496 0.0429872
85 0.606713 0.122823 0.0485008
86 0.606713 0.104507 0.0432476
87 0.610218 0.102378 0.0435357
88 0.610218 0.0974076 0.0420082
89 0.610218 0.094639 0.0407267
90 0.610218 0.09928 0.0431923
91 0.610218 0.0800043 0.0385014
92 0.610218 0.09045 0.0421589
93 0.610218 0.09305 0.0438373
94 0.610218 0.0926436 0.0410886
95 0.610218 0.109098 0.0481169
96 0.610218 0.101933 0.0434859
97 0.610218 0.0875957 0.0390315
98 0.612529 0.0990844 0.0414992
99 0.612529 0.0950342 0.0393258
100 0.612529 0.10961 0.0467115
101 0.612529 0.0947139 0.0419266
102 0.612529 0.0796987 0.0364269
103 0.612529 0.0883144 0.042744
104 0.612529 0.0886021 0.038952
105 0.612529 0.0843917 0.0383847
106 0.612529 0.0970222 0.0407537
107 0.612529 0.0747467 0.036025
108 0.612529 0.0997946 0.0474297
109 0.612529 0.0929382 0.0441808
110 0.612529 0.111674 0.0496448
111 0.612529 0.0981663 0.0442349
112 0.612529 0.112502 0.0494649
113 0.612529 0.106368 0.0464953
114 0.612529 0.0952397 0.0442293
115 0.612529 0.0980709 0.0451552
116 0.612529 0.101861 0.0453365
117 0.612529 0.0963897 0.0433248
118 0.612529 0.100515 0.0411202
119 0.612529 0.0832753 0.0389976
120 0.612529 0.0854212 0.0403281
121 0.612529 0.0738656 0.0363385
122 0.612529 0.0860726 0.0387941
123 0.612529 0.104102 0.0465288
124 0.612529 0.126418 0.0504041
125 0.612529 0.105526 0.0430493
126 0.612529 0.115534 0.0470565
127 0.612529 0.0922505 0.0407639
128 0.612529 0.080011 0.037004
129 0.612529 0.101363 0.0452181
130 0.612529 0.113588 0.047221
131 0.612529 0.0905905 0.0420489
132 0.612529 0.0846886 0.038445
133 0.612529 0.0999349 0.0429841
134 0.612529 0.0942424 0.0413918
135 0.612638 0.113784 0.0474884
136 0.612638 0.101359 0.0438779
137 0.612638 0.102372 0.0448215
138 0.612638 0.096471 0.0412405
139 0.612638 0.10677 0.045169
140 0.612638 0.103881 0.0435003
141 0.612638 0.0920045 0.0407751
142 0.612638 0.111553 0.0480276
143 0.612638 0.0984961 0.0449692
144 0.612638 0.0987898 0.0459288
145 0.612638 0.102858 0.0452816
146 0.612638 0.088943 0.0402061
147 0.612638 0.0883597 0.0434413
148 0.612638 0.0970995 0.0436259
149 0.612638 0.0942031 0.0426616
150 0.612638 0.0986929 0.0424128
151 0.612638 0.0825275 0.0391919
152 0.612638 0.0676946 0.0345621
153 0.612638 0.107368 0.0459679
154 0.612638 0.121912 0.0477255
155 0.612638 0.122889 0.0468821
156 0.612638 0.109917 0.0431804
157 0.612638 0.127301 0.0512217
158 0.612638 0.106596 0.0427958
159 0.612638 0.100451 0.0433455
160 0.612638 0.100424 0.0455185
161 0.612638 0.103258 0.0446904
162 0.612638 0.104123 0.0441876
163 0.612638 0.119895 0.0470957
164 0.612638 0.104947 0.0476479
165 0.612638 0.100496 0.0444412
166 0.612638 0.094405 0.0432083
167 0.612638 0.0913621 0.0413946
168 0.612638 0.0881402 0.0412081
169 0.612638 0.0915592 0.0376938
170 0.612638 0.127103 0.0492873
171 0.612638 0.0907987 0.040661
172 0.612638 0.102727 0.0435669
173 0.612638 0.0994703 0.0430316
174 0.612638 0.106757 0.0475346
175 0.612638 0.104127 0.0440765
176 0.612638 0.0946772 0.0430066
177 0.612638 0.0974919 0.0436441
178 0.612638 0.101317 0.0444481
179 0.612638 0.103622 0.0445007
180 0.612638 0.0978779 0.0442193
181 0.612638 0.0978073 0.0419674
182 0.612638 0.111572 0.0472945
183 0.612638 0.130935 0.0501041
184 0.612638 0.110879 0.0470759
185 0.612638 0.103177 0.044147
186 0.612638 0.121743 0.0507657
187 0.612638 0.108134 0.0465662
188 0.612638 0.0996325 0.0457052
189 0.612638 0.0948823 0.0436242
190 0.612638 0.102908 0.0436568
191 0.612638 0.0917538 0.0407288
192 0.612638 0.0999375 0.0449162
193 0.612638 0.09766 0.0421538
194 0.612638 0.10746 0.0466794
195 0.612638 0.104764 0.0425858
196 0.612638 0.0942982 0.0389085
197 0.612638 0.109507 0.0476666
198 0.612638 0.105455 0.0453408
199 0.612638 0.0763036 0.0354756
200 0.612638 0.087214 0.0415795
201 0.612638 0.0973372 0.0410047
202 0.612638 0.0815111 0.0381428
203 0.612638 0.0823649 0.0388608
204 0.612638 0.100143 0.0439534
205 0.612638 0.120986 0.0471735
206 0.612638 0.107504 0.0463467
207 0.613238 0.108132 0.0442321
208 0.613238 0.117372 0.0470966
209 0.613238 0.126659 0.0495194
210 0.613238 0.100195 0.0420321
211 0.613238 0.120825 0.0487721
212 0.613238 0.119694 0.0492108
213 0.613238 0.102277 0.0455557
214 0.613238 0.118382 0.0468267
215 0.613238 0.108121 0.0453701
216 0.613238 0.112295 0.0464133
217 0.613238 0.111358 0.0474776
218 0.613238 0.110023 0.0479084
219 0.613238 0.10525 0.0439307
220 0.613238 0.0960087 0.041969
221 0.613238 0.0922695 0.0393419
222 0.613238 0.103798 0.0441518
223 0.613238 0.0894962 0.0413843
224 0.613238 0.0976681 0.0416347
225 0.613238 0.0965534 0.0419616
226 0.613238 0.113631 0.0458578
227 0.613238 0.0931112 0.0435677
228 0.613238 0.0897751 0.0395905
229 0.613238 0.0965188 0.0398725
230 0.613238 0.0841335 0.0380095
231 0.613238 0.0983332 0.0423479
232 0.613238 0.102578 0.0440802
233 0.613238 0.0796566 0.0397578
234 0.613238 0.0800984 0.0363949
235 0.613238 0.0889919 0.0387442
236 0.613238 0.0972608 0.0438338
237 0.613238 0.0938851 0.0434809
238 0.613238 0.103803 0.0421267
239 0.613238 0.0868634 0.0379017
240 0.613238 0.105217 0.0452772
241 0.613238 0.0890536 0.0406383
242 0.613238 0.0983943 0.043657
243 0.613238 0.0874985 0.0390289
244 0.613238 0.098034 0.0438725
245 0.613238 0.094312 0.0445884
246 0.613238 0.109638 0.0499643
247 0.613238 0.101269 0.0461685
248 0.613238 0.120052 0.0498863
249 0.613238 0.10684 0.0458836
250 0.613238 0.091886 0.0393279
251 0.613238 0.102947 0.0433972
252 0.613238 0.097936 0.0420177
253 0.613238 0.124264 0.0513182
254 0.613238 0.10613 0.045775
255 0.613238 0.0931819 0.0397338
256 0.613238 0.104283 0.0436432
257 0.613238 0.121087 0.0507481
258 0.613279 0.104177 0.0444362
259 0.613279 0.110908 0.0449206
260 0.613279 0.0767536 0.0394106
261 0.613279 0.0793041 0.0387456
262 0.613279 0.0852603 0.0395219
263 0.613279 0.09023 0.0408966
264 0.613279 0.117882 0.0479328
265 0.613279 0.116644 0.048017
266 0.613279 0.10797 0.0432956
267 0.613279 0.0981005 0.0457412
268 0.613279 0.0759953 0.0370949
269 0.613279 0.0767286 0.0353234
270 0.613279 0.103399 0.0476027
271 0.613279 0.106307 0.0458199
272 0.613279 0.0803101 0.0383297
273 0.613279 0.0828373 0.0403008
274 0.613279 0.088047 0.0424339
275 0.613279 0.0819938 0.0391651
276 0.613279 0.106035 0.0480163
277 0.613279 0.108673 0.0453458
278 0.613279 0.105969 0.0437558
279 0.613279 0.111953 0.0493056
280 0.613279 0.0954394 0.0428411
281 0.613279 0.0955921 0.0424366
282 0.613279 0.104124 0.0474485
283 0.613279 0.104266 0.0453427
284 0.613279 0.102532 0.0417122
285 0.613279 0.10278 0.0440349
286 0.613279 0.113648 0.0450842
287 0.613279 0.100784 0.0435468
288 0.613279 0.118691 0.0475596
289 0.613279 0.0961354 0.0402642
290 0.613279 0.0938482 0.0402035
291 0.613279 0.0954317 0.0397949
292 0.613279 0.118287 0.04823
293 0.614048 0.117819 0.0465983
294 0.614048 0.0960042 0.0452839
295 0.614048 0.0966937 0.0427274
296 0.614048 0.106409 0.0438867
297 0.614048 0.0969994 0.0401522
298 0.614048 0.11423 0.0470146
299 0.614048 0.101214 0.0470326
300 0.614048 0.100267 0.0446697
301 0.614048 0.108167 0.0469703
302 0.614048 0.106074 0.0416805
303 0.614048 0.105216 0.0435495
304 0.614048 0.112029 0.0500167
305 0.614048 0.0979251 0.0451812
306 0.614048 0.0972647 0.0424529
307 0.614048 0.0925042 0.040645
308 0.614048 0.0915749 0.0418384
309 0.614048 0.0830745 0.0381409
310 0.614048 0.0973622 0.0437714
311 0.614048 0.0854281 0.0391146
312 0.614048 0.100065 0.0421694
313 0.614048 0.0832329 0.0378445
314 0.614048 0.0946078 0.0406522
315 0.614048 0.101272 0.0441868
316 0.614048 0.110369 0.0474038
317 0.614048 0.0921309 0.0409692
318 0.614048 0.109311 0.0462916
319 0.614048 0.0971108 0.0420353
320 0.614048 0.0932539 0.0414714
321 0.614048 0.0916083 0.039849
322 0.614048 0.0958971 0.0419409
323 0.614048 0.0826662 0.0393443
324 0.614048 0.107457 0.0491493
325 0.614048 0.11873 0.0479077
326 0.614048 0.101456 0.0441355
327 0.614048 0.110741 0.0480989
328 0.614048 0.105915 0.0454241
329 0.614048 0.0928486 0.0407024
330 0.614048 0.0905688 0.0396699
331 0.614048 0.112106 0.0464072
332 0.614048 0.104196 0.0472129
333 0.614048 0.0980054 0.0438288
334 0.614048 0.0965708 0.0438379
335 0.614048 0.10539 0.0426911
336 0.614187 0.108107 0.0440053
337 0.614187 0.0982826 0.0417301
338 0.614187 0.105755 0.0444714
339 0.614187 0.0994327 0.0412274
340 0.614187 0.0923298 0.0393701
341 0.614187 0.101682 0.0411083
342 0.614187 0.10124 0.0414892
343 0.614187 0.0934404 0.0422302
344 0.614187 0.0835972 0.0372348
345 0.614187 0.11585 0.0460184
346 0.614187 0.0980664 0.0441731
347 0.614187 0.114547 0.048372
348 0.614187 0.102579 0.0450542
349 0.614187 0.11228 0.0443143
350 0.614187 0.0969751 0.0401829
351 0.614187 0.0900133 0.0386204
352 0.614187 0.114516 0.0458499
353 0.614187 0.132001 0.0514118
354 0.614187 0.108747 0.0470153
355 0.614187 0.11203 0.0488308
356 0.614187 0.135488 0.0522712
357 0.614187 0.115654 0.0478502
358 0.614187 0.0932569 0.0432048
359 0.614187 0.0973201 0.0403961
360 0.614187 0.0892892 0.0370513
361 0.614187 0.0811069 0.0390684
362 0.614187 0.103767 0.0479984
363 0.614187 0.103604 0.0498841
364 0.614187 0.10038 0.0430698
365 0.614187 0.126236 0.0488729
366 0.614187 0.0990095 0.0431884
367 0.614187 0.10798 0.0438335
368 0.614187 0.147888 0.0565733
369 0.614187 0.126631 0.050984
370 0.614187 0.114151 0.0444357
371 0.614187 0.0964951 0.0396592
372 0.614187 0.104826 0.0422934
373 0.614187 0.103963 0.0418563
374 0.614187 0.110822 0.0473318
375 0.614187 0.107077 0.0465148
376 0.614187 0.105958 0.0483887
377 0.614187 0.0923834 0.0430046
378 0.614187 0.113873 0.0473319
379 0.614187 0.101114 0.0447182
380 0.614187 0.0846586 0.0383809
381 0.614187 0.101175 0.0467556
382 0.614187 0.105696 0.0477589
383 0.614187 0.128555 0.0541189
384 0.614187 0.114226 0.0478021
385 0.614187 0.148931 0.0547255
386 0.614187 0.113667 0.0459924
387 0.614187 0.119828 0.0477076
388 0.614187 0.127291 0.0478778
389 0.614187 0.105174 0.045927
390 0.614187 0.104656 0.0459776
391 0.614187 0.101528 0.0450154
392 0.614187 0.123106 0.0504291
393 0.614187 0.0964085 0.0399828
394 0.614187 0.110548 0.0476744
395 0.614187 0.0829601 0.037223
396 0.614187 0.119742 0.0480441
397 0.614187 0.116828 0.0491965
398 0.614187 0.119348 0.0483571
399 0.614187 0.117174 0.0462662
400 0.614187 0.118494 0.0497184
401 0.614187 0.112001 0.0493006
402 0.614187 0.101811 0.0430491
403 0.614187 0.102631 0.0392382
404 0.614187 0.117748 0.0455567
405 0.614187 0.113345 0.0448805
406 0.614187 0.109057 0.0397455
407 0.614187 0.102201 0.0397702
408 0.614187 0.102119 0.0412782
409 0.614187 0.099853 0.0416127
410 0.614187 0.0905925 0.0398897
411 0.614187 0.095881 0.0435125
412 0.614187 0.0983098 0.0419369
413 0.614187 0.0851454 0.0377348
414 0.614187 0.114586 0.0457438
415 0.614187 0.10283 0.0423207
416 0.614187 0.104213 0.0441572
417 0.614187 0.114104 0.0458669
418 0.614187 0.100618 0.0430777
419 0.614187 0.107986 0.0473226
420 0.614187 0.0988355 0.0423771
421 0.614187 0.0893567 0.0420633
422 0.614187 0.0876269 0.0411149
423 0.614187 0.0974373 0.0452824
424 0.614187 0.0803818 0.0396767
425 0.614187 0.079249 0.038013
426 0.614187 0.0989378 0.0448447
427 0.614187 0.0998373 0.0456437
428 0.614187 0.10817 0.0462973
429 0.614187 0.0934333 0.0424477
430 0.614187 0.0918585 0.0416059
431 0.614187 0.0871477 0.0406887
432 0.614187 0.101019 0.0453357
433 0.614187 0.0978867 0.0425509
434 0.614187 0.103368 0.0444262
435 0.614187 0.10377 0.0435858
436 0.614187 0.0927085 0.0404291
437 0.614187 0.115137 0.0470838
438 0.614187 0.119037 0.0500758
439 0.614187 0.0947183 0.0417482
440 0.614187 0.0808586 0.037788
441 0.614187 0.0986157 0.0430097
442 0.614187 0.0918294 0.0435512
443 0.614187 0.0990067 0.0449592
444 0.614187 0.104118 0.0449573
445 0.614187 0.0787567 0.035841
446 0.614187 0.100415 0.0441937
447 0.614187 0.0807773 0.0371633
448 0.614187 0.110039 0.0483061
449 0.614187 0.108953 0.0495551
450 0.614187 0.095825 0.0459161
451 0.614187 0.100367 0.0459706
452 0.614187 0.0806337 0.0388328
453 0.614187 0.0920059 0.0393193
454 0.614187 0.111401 0.0478141
455 0.614187 0.0966642 0.0421702
456 0.614187 0.0854419 0.0425068
457 0.614187 0.0962866 0.0425987
458 0.614187 0.0967598 0.0418418
459 0.614187 0.0970555 0.040992
460 0.614187 0.088854 0.0415702
461 0.614187 0.105915 0.0468675
462 0.614187 0.104327 0.0472863
463 0.614187 0.0940075 0.0420216
464 0.614187 0.0819396 0.0370046
465 0.614187 0.0912028 0.0411178
466 0.614187 0.0963039 0.0445831
467 0.614187 0.10408 0.0475612
468 0.614187 0.10834 0.0479926
469 0.614187 0.0814806 0.0407206
470 0.614187 0.0830004 0.0390829
471 0.614187 0.10195 0.047089
472 0.614187 0.10492 0.0487991
473 0.614187 0.0926478 0.0435521
474 0.614187 0.078226 0.0370255
475 0.614187 0.0988496 0.0459733
476 0.614187 0.0983839 0.0454692
477 0.614187 0.0882742 0.03976
478 0.614187 0.106918 0.0476349
479 0.614187 0.0910459 0.0422185
480 0.614187 0.10505 0.0454563
481 0.614187 0.117794 0.049791
482 0.614187 0.113512 0.0467667
483 0.614187 0.124114 0.0529555
484 0.614187 0.114802 0.0492537
485 0.614365 0.101775 0.0474187
486 0.614365 0.123547 0.0504018
487 0.614365 0.0973662 0.041106
488 0.614365 0.0908187 0.0412858
489 0.614365 0.10107 0.0432943
490 0.614365 0.111744 0.0489989
491 0.614365 0.101843 0.0439352
492 0.614365 0.102733 0.0464744
493 0.614365 0.114913 0.0504653
494 0.614365 0.106055 0.0460987
495 0.614365 0.103689 0.0426865
496 0.614365 0.120765 0.0483201
497 0.614365 0.108539 0.0438083
498 0.614365 0.115754 0.0464418
499 0.614365 0.112338 0.0461227
500 0.614365 0.132524 0.0533115
501 0.614365 0.117961 0.0452461
502 0.614365 0.105619 0.0433042
503 0.614365 0.0974026 0.0385691
504 0.614365 0.0956348 0.0409842
505 0.614365 0.10874 0.0426717
506 0.614365 0.100466 0.0387962
507 0.614365 0.106316 0.0461996
508 0.614365 0.111381 0.0468684
509 0.614365 0.116609 0.0465611
510 0.614365 0.109392 0.0463714
511 0.614365 0.0911707 0.0417511
512 0.614365 0.111269 0.0495239
513 0.614365 0.0850602 0.038004
514 0.614365 0.0837473 0.0387676
515 0.614365 0.096732 0.0423347
516 0.614365 0.0881475 0.0412548
517 0.614365 0.0860451 0.0384897
518 0.614365 0.102991 0.0457439
519 0.614365 0.0983664 0.0439818
520 0.614365 0.0848588 0.0384121
521 0.614365 0.104987 0.0445008
522 0.614365 0.0915116 0.0437587
523 0.614365 0.0976687 0.0444513
524 0.614365 0.095815 0.0417653
525 0.614365 0.105934 0.0483758
526 0.614365 0.119532 0.0499596
527 0.614365 0.102684 0.0471262
528 0.614365 0.119308 0.051884
529 0.614365 0.0975682 0.0426727
530 0.614365 0.118786 0.0492174
531 0.615771 0.11406 0.0476065
532 0.615771 0.0938809 0.0426539
533 0.615771 0.109349 0.0442185
534 0.615771 0.119787 0.0514378
535 0.615771 0.120092 0.0466131
536 0.615771 0.109785 0.0472648
537 0.615771 0.0945882 0.0412906
538 0.615771 0.109786 0.0438472
539 0.615771 0.100654 0.0408964
540 0.615771 0.0803373 0.0379968
541 0.615771 0.0863185 0.039954
542 0.615771 0.101283 0.0432739
543 0.615771 0.105335 0.0440987
544 0.615771 0.0956482 0.0454614
545 0.615771 0.118245 0.0497345
546 0.615771 0.107936 0.0437704
547 0.615771 0.119527 0.0494973
548 0.615771 0.0937949 0.0423733
549 0.615771 0.0990713 0.0419081
550 0.615771 0.0879354 0.0416562
551 0.615771 0.0899959 0.0416618
552 0.615771 0.109429 0.0473329
553 0.615771 0.0946601 0.0436344
554 0.615771 0.0908976 0.0414663
555 0.615771 0.120689 0.0505336
556 0.615771 0.0996177 0.0463502
557 0.615771 0.096772 0.0426318
558 0.615771 0.096562 0.0427808
559 0.615771 0.115532 0.0492585
560 0.615771 0.0835407 0.03878
561 0.615771 0.0934546 0.0429907
562 0.615771 0.116764 0.048664
563 0.615771 0.0900768 0.0418612
564 0.615771 0.106655 0.0418388
565 0.615771 0.0958296 0.0401854
566 0.615771 0.0964315 0.0410166
567 0.615771 0.109726 0.0494011
568 0.615771 0.11857 0.0480148
569 0.615771 0.111073 0.0449393
570 0.615771 0.0936338 0.0421845
571 0.615771 0.109914 0.0453624
572 0.615771 0.113133 0.049258
573 0.615771 0.100109 0.0451082
574 0.615771 0.0892023 0.0411988
575 0.615771 0.0896409 0.0406415
576 0.615771 0.0879605 0.0404305
577 0.615771 0.107103 0.0450395
578 0.615771 0.102351 0.0467777
579 0.615771 0.129091 0.0518721
580 0.615771 0.126135 0.0460807
581 0.615771 0.121886 0.0493567
582 0.615771 0.0943521 0.0424549
583 0.615771 0.0973356 0.0425642
584 0.615771 0.0982136 0.0426688
585 0.615771 0.103437 0.0427827
586 0.615771 0.0864473 0.0404956
587 0.615771 0.102288 0.0439952
588 0.615771 0.113676 0.0484124
589 0.615771 0.110712 0.0470391
590 0.615771 0.102839 0.0464254
591 0.615771 0.0984751 0.0445716
592 0.615771 0.0973852 0.0448386
593 0.615771 0.0921387 0.0422128
594 0.615771 0.105039 0.0469705
595 0.615771 0.0981004 0.0463261
596 0.615771 0.0923152 0.0424778
597 0.615771 0.0989409 0.043449
598 0.615771 0.120701 0.0500374
599 0.615771 0.102716 0.0441362
600 0.615771 0.0962838 0.0445881
601 0.615771 0.0960879 0.0437228
602 0.615771 0.0932573 0.0440748
603 0.615771 0.10974 0.0480026
604 0.615771 0.124889 0.0516591
605 0.615771 0.103053 0.0439896
606 0.615771 0.108866 0.0468328
607 0.615771 0.101763 0.0460427
608 0.615771 0.103621 0.0413898
609 0.615771 0.113614 0.047401
610 0.615771 0.10088 0.0442839
611 0.615771 0.102635 0.0443347
612 0.615771 0.0941565 0.0404485
613 0.615771 0.119087 0.048335
614 0.615771 0.125827 0.0513106
615 0.615771 0.128231 0.0498472
616 0.615771 0.111601 0.0429637
617 0.615771 0.0991927 0.0410906
618 0.615771 0.104606 0.0424807
619 0.615771 0.114194 0.0475815
620 0.615771 0.106118 0.0450661
621 0.615771 0.114802 0.0452908
622 0.615771 0.124603 0.0515227
623 0.615771 0.0998507 0.0425128
624 0.615771 0.104046 0.0454525
625 0.615771 0.097414 0.0413215
626 0.615771 0.0958298 0.0441086
627 0.615771 0.108934 0.0462955
628 0.615771 0.0921472 0.0446032
629 0.615771 0.100236 0.0444535
630 0.615771 0.0990569 0.0442714
631 0.615771 0.106501 0.0450901
632 0.615771 0.0939483 0.0413428
633 0.615771 0.106767 0.0458542
634 0.615771 0.122208 0.0541143
635 0.615771 0.0999696 0.0458902
636 0.615771 0.122242 0.0542811
637 0.615811 0.128748 0.0518984
638 0.615811 0.138282 0.0532204
639 0.615811 0.109782 0.0418046
640 0.615811 0.10794 0.047254
641 0.615811 0.118631 0.0496383
642 0.615811 0.125127 0.0481802
643 0.615811 0.113324 0.0439374
644 0.615811 0.115528 0.0466269
645 0.615811 0.0823925 0.0385965
646 0.615811 0.108354 0.0451694
647 0.615811 0.0865567 0.038723
648 0.615811 0.0901002 0.0394017
649 0.615811 0.118721 0.0497126
650 0.615811 0.118176 0.0479531
651 0.615811 0.0975289 0.0431931
652 0.615811 0.10277 0.0439383
653 0.615811 0.112623 0.0464329
654 0.615811 0.106186 0.042804
655 0.615811 0.111327 0.0460145
656 0.615811 0.0988427 0.0404934
657 0.615811 0.103466 0.0448495
658 0.615811 0.114749 0.0459068
659 0.615811 0.121194 0.0492746
660 0.615811 0.111803 0.0446776
661 0.615811 0.0946142 0.0407158
662 0.615811 0.0920475 0.0411561
663 0.615811 0.0963016 0.0437009
664 0.615811 0.102017 0.0416838
665 0.615811 0.106218 0.046968
666 0.615811 0.117256 0.0457193
667 0.615811 0.101808 0.0410071
668 0.615811 0.104034 0.0454722
669 0.615811 0.103305 0.0456774
670 0.615811 0.114581 0.0484318
671 0.615811 0.0912309 0.0416992
672 0.615811 0.111793 0.046885
673 0.615811 0.0879628 0.0386986
674 0.615811 0.0837376 0.0383989
675 0.615811 0.0997779 0.0438254
676 0.615811 0.106759 0.0437001
677 0.615811 0.108217 0.0469946
678 0.615811 0.0899123 0.0425327
679 0.615811 0.0912136 0.0392629
680 0.615811 0.0876691 0.0397477
681 0.615811 0.0844631 0.0377073
682 0.615811 0.0839524 0.040562
683 0.615811 0.0791676 0.0378104
684 0.615811 0.0927064 0.0452323
685 0.615811 0.0840765 0.0378694
686 0.615811 0.076633 0.0366001
687 0.615811 0.0972546 0.0434767
688 0.615811 0.093405 0.0446638
689 0.615811 0.0772331 0.0372081
690 0.615811 0.0994576 0.0450839
691 0.615811 0.0931215 0.0451006
692 0.615811 0.104808 0.0501054
693 0.615811 0.0952737 0.0429189
694 0.615811 0.086993 0.0417844
695 0.615811 0.127038 0.0477499
696 0.615811 0.0920158 0.0417948
697 0.615811 0.102466 0.0437259
698 0.615811 0.0863399 0.0408554
699 0.615811 0.104548 0.0438228
700 0.615811 0.14006 0.054342
701 0.615811 0.125969 0.0478675
702 0.616035 0.104113 0.0451877
703 0.616035 0.0989999 0.0429706
704 0.616035 0.113179 0.0485471
705 0.616035 0.119503 0.0491697
706 0.616035 0.0878843 0.0383785
707 0.616035 0.104964 0.0428755
708 0.616035 0.109707 0.0471671
709 0.616035 0.0928371 0.0430227
710 0.616035 0.106694 0.0462013
711 0.616035 0.132397 0.0531708
712 0.616035 0.133251 0.0514511
713 0.616035 0.0982666 0.0442814
714 0.616035 0.115629 0.0483538
715 0.616035 0.0960292 0.0393796
716 0.616035 0.108515 0.0445174
717 0.616035 0.109848 0.0439624
718 0.616035 0.117069 0.0448567
719 0.616035 0.105336 0.042661
720 0.616035 0.110052 0.0491873
721 0.616035 0.102882 0.0443726
722 0.616035 0.0997543 0.0443255
723 0.616035 0.106491 0.0429418
724 0.616035 0.103234 0.0396797
725 0.616035 0.093484 0.0382624
726 0.616035 0.0967481 0.0385788
727 0.616035 0.101297 0.0435082
728 0.616035 0.100434 0.0433696
729 0.616035 0.106011 0.0448722
730 0.616035 0.0929448 0.0416231
731 0.616035 0.0838196 0.0390314
732 0.616035 0.0873977 0.0398963
733 0.616035 0.0965091 0.0432493
734 0.616035 0.098087 0.0437904
735 0.616035 0.115972 0.0453911
736 0.616035 0.120419 0.0497361
737 0.616035 0.0972019 0.0408121
738 0.616035 0.102572 0.0429179
739 0.616035 0.115141 0.0463969
740 0.616035 0.0852646 0.0399147
741 0.616035 0.0735138 0.0356576
742 0.616035 0.10004 0.0443043
743 0.616035 0.0893383 0.0408869
744 0.616035 0.0956261 0.0442716
745 0.616035 0.104569 0.0490754
746 0.616035 0.122689 0.0484095
747 0.616035 0.117394 0.0464947
748 0.616035 0.142581 0.056718
749 0.616035 0.132796 0.0512887
750 0.616035 0.10532 0.0429474
751 0.616035 0.133391 0.0501747
752 0.616035 0.11471 0.0488482
753 0.616035 0.0984022 0.0419994
754 0.616035 0.127332 0.0498385
755 0.616035 0.135729 0.0522533
756 0.616035 0.130763 0.050813
757 0.616035 0.137982 0.0513122
758 0.616035 0.126321 0.0491866
759 0.616035 0.103481 0.0422431
760 0.616035 0.109591 0.0438361
761 0.616035 0.0965156 0.0439107
762 0.616035 0.0986724 0.0431081
763 0.616035 0.106322 0.045855
764 0.616035 0.0966211 0.0435996
765 0.616035 0.113721 0.0474415
766 0.616035 0.0964493 0.0426458
767 0.616035 0.105256 0.0461811
768 0.616035 0.109817 0.0468036
769 0.616035 0.0926296 0.0418049
770 0.616035 0.106123 0.0453894
771 0.616035 0.0935813 0.0421638
772 0.616035 0.106417 0.0452908
773 0.616035 0.0889605 0.0438396
774 0.616035 0.099111 0.0440295
775 0.616035 0.113392 0.0496717
776 0.616035 0.105242 0.0455473
777 0.616035 0.0984325 0.0445701
778 0.616035 0.105004 0.0434907
779 0.616035 0.110067 0.0473111
780 0.616035 0.10415 0.0454541
781 0.616035 0.0949024 0.0428723
782 0.616035 0.0908295 0.0406848
783 0.616035 0.106468 0.0458056
784 0.616035 0.086911 0.0386696
785 0.616035 0.0908235 0.0413313
786 0.616035 0.0987165 0.0428011
787 0.616035 0.10971 0.0449503
788 0.616035 0.10831 0.0462523
789 0.616035 0.125549 0.0502646
790 0.616035 0.121189 0.0503102
791 0.616035 0.115306 0.0472376
792 0.616035 0.107711 0.04541
793 0.616035 0.0963087 0.0407338
794 0.616035 0.0883285 0.0419714
795 0.616035 0.0994491 0.0446717
796 0.616035 0.104619 0.0443568
797 0.616035 0.104142 0.0460383
798 0.616035 0.110405 0.0469903
799 0.616035 0.0801737 0.0380612
800 0.616035 0.089872 0.039131
801 0.616035 0.106834 0.0443896
802 0.616035 0.0991551 0.0430336
803 0.616035 0.104539 0.0458993
804 0.616035 0.113037 0.0501037
805 0.616035 0.0797137 0.0381334
806 0.616035 0.0901062 0.0399312
807 0.616035 0.084664 0.0408091
808 0.616035 0.108855 0.0469153
809 0.616035 0.0899507 0.0411639
810 0.616035 0.090026 0.0411118
811 0.616035 0.0905465 0.0410811
812 0.616035 0.107937 0.0468788
813 0.616035 0.106835 0.0460151
814 0.616035 0.128064 0.0504698
815 0.616035 0.106941 0.0443309
816 0.616035 0.1064 0.0462721
817 0.616035 0.0807254 0.0373859
818 0.616449 0.092625 0.0450932
819 0.616449 0.118364 0.0485457
820 0.616449 0.0976314 0.0416226
821 0.616449 0.0996854 0.0444565
822 0.616449 0.11378 0.0460429
823 0.616449 0.123678 0.0502289
824 0.616449 0.125619 0.0485598
825 0.616449 0.105212 0.0448767
826 0.616449 0.112501 0.0496272
827 0.616449 0.108108 0.046394
828 0.616449 0.0986436 0.0435551
829 0.616449 0.103378 0.0464094
830 0.616449 0.100666 0.0468432
831 0.616449 0.100434 0.040112
832 0.616449 0.0967827 0.0417144
833 0.616449 0.0992149 0.0443206
834 0.616449 0.0911427 0.040281
835 0.616449 0.0833909 0.0373028
836 0.616449 0.0814622 0.0376017
837 0.616449 0.0773691 0.0373067
838 0.616449 0.0857115 0.0404471
839 0.616449 0.0971097 0.044582
840 0.616449 0.124602 0.052132
841 0.616449 0.13371 0.05599
842 0.616449 0.12821 0.0510334
843 0.616449 0.115824 0.0477189
844 0.616449 0.122689 0.0460217
845 0.616449 0.130776 0.0508089
846 0.616449 0.116422 0.0467808
847 0.616449 0.121069 0.0479738
848 0.616449 0.109536 0.0462259
849 0.616449 0.115371 0.0475426
850 0.616449 0.0989471 0.0420224
851 0.616449 0.110066 0.0445946
852 0.616449 0.0817331 0.0390345
853 0.616449 0.121149 0.0502662
854 0.616449 0.148869 0.058771
855 0.616449 0.101299 0.0436642
856 0.616449 0.0916242 0.0419706
857 0.616449 0.0834612 0.0406724
858 0.616449 0.0875328 0.0409607
859 0.616449 0.0943725 0.0430304
860 0.616449 0.0970357 0.0447009
861 0.616449 0.0994765 0.0423068
862 0.616449 0.125171 0.0527386
863 0.616449 0.10309 0.043713
864 0.616449 0.135183 0.0518446
865 0.616449 0.124308 0.0465874
866 0.616449 0.117045 0.0460584
867 0.616449 0.122487 0.0490669
868 0.616449 0.119195 0.0474799
869 0.616449 0.117236 0.0454517
870 0.616449 0.111439 0.0467943
871 0.616449 0.106503 0.0426892
872 0.616449 0.11387 0.0454842
873 0.616449 0.0902295 0.0429231
874 0.616449 0.0982397 0.0432299
875 0.616449 0.0962382 0.0405698
876 0.616449 0.100183 0.042918
877 0.616449 0.106917 0.0446115
878 0.616449 0.113268 0.048266
879 0.616449 0.110698 0.044827
880 0.616449 0.112547 0.0432523
881 0.616449 0.0927481 0.0408054
882 0.616449 0.103699 0.0460092
883 0.616449 0.109537 0.0476186
884 0.616449 0.101524 0.044244
885 0.616449 0.0907733 0.0416347
886 0.616449 0.126535 0.0534112
887 0.616449 0.125625 0.0511557
888 0.616449 0.119057 0.047519
889 0.616449 0.105037 0.0445991
890 0.616449 0.115387 0.0472034
891 0.616449 0.112236 0.0475537
892 0.616449 0.0831541 0.0406132
893 0.616449 0.0936022 0.0424397
894 0.616449 0.128445 0.0537705
895 0.616449 0.0996909 0.0468523
896 0.616449 0.0954555 0.0443772
897 0.616449 0.0963314 0.0447776
898 0.616449 0.0857025 0.0379498
899 0.616449 0.0991553 0.0425008
900 0.616449 0.113795 0.0476394
901 0.616449 0.108166 0.0413166
902 0.616449 0.0958149 0.0433001
903 0.616449 0.112866 0.0486244
904 0.616449 0.0934178 0.0431628
905 0.616449 0.104686 0.0487043
906 0.616449 0.0934369 0.0407615
907 0.616449 0.0863244 0.0385308
908 0.616449 0.0896415 0.0375862
909 0.616449 0.100918 0.045791
910 0.616449 0.0962158 0.0434216
911 0.616449 0.0955525 0.0425376
912 0.616449 0.11474 0.0464638
913 0.616449 0.10686 0.0461593
914 0.616449 0.10864 0.0451437
915 0.616449 0.10742 0.0475578
916 0.616449 0.10718 0.0462283
917 0.616449 0.100922 0.0455287
918 0.616449 0.0994308 0.0438648
919 0.616449 0.0923445 0.043483
920 0.616449 0.123588 0.0498748
921 0.616449 0.115152 0.0467284
922 0.616449 0.132057 0.0476473
923 0.616449 0.120794 0.0474968
924 0.616449 0.11276 0.0484924
925 0.616449 0.0985008 0.0412602
926 0.616449 0.122583 0.0483223
927 0.616449 0.123133 0.0476076
928 0.616449 0.105867 0.0462163
929 0.616449 0.111288 0.0475749
930 0.616449 0.101041 0.0448738
931 0.616449 0.097522 0.0429239
932 0.616449 0.117637 0.0495509
933 0.616449 0.0962335 0.0432215
934 0.616449 0.0965616 0.0443144
935 0.616449 0.126551 0.0484988
936 0.616449 0.0957796 0.0408923
937 0.616449 0.108908 0.0459116
938 0.616449 0.11703 0.0488778
939 0.616449 0.118213 0.0489345
940 0.616449 0.121085 0.0481665
941 0.616449 0.0969501 0.0428704
942 0.616449 0.101208 0.0466428
943 0.616449 0.115309 0.048286
944 0.616449 0.0988158 0.0412707
945 0.616449 0.110319 0.0457737
946 0.616449 0.1162 0.0488618
947 0.616449 0.117694 0.0467389
948 0.616449 0.122327 0.0514088
949 0.616449 0.1178 0.0490924
950 0.616449 0.10802 0.0495852
951 0.616449 0.107228 0.0478471
952 0.616449 0.119072 0.0461793
953 0.616449 0.102231 0.0430007
954 0.616449 0.10462 0.0450576
955 0.616449 0.0961571 0.0429171
956 0.616449 0.101458 0.0446349
957 0.616449 0.0907727 0.042902
958 0.616449 0.111217 0.0472521
959 0.616449 0.0998083 0.0417537
960 0.616449 0.0919151 0.0414654
961 0.616449 0.0864352 0.039687
962 0.616449 0.105929 0.0454132
963 0.616449 0.120093 0.0473086
964 0.616449 0.102896 0.0451618
965 0.616449 0.116488 0.0431079
966 0.616449 0.104823 0.0452411
967 0.616449 0.111001 0.0470945
968 0.616449 0.104252 0.0447121
969 0.616449 0.107861 0.0478995
970 0.616449 0.0920082 0.0405063
971 0.616449 0.108645 0.0450089
972 0.616449 0.107775 0.0458928
973 0.616449 0.122787 0.0503369
974 0.616449 0.112669 0.0499329
975 0.616449 0.125134 0.050037
976 0.616449 0.109031 0.0447863
977 0.616449 0.106538 0.0472749
978 0.616449 0.0892892 0.0402647
979 0.616449 0.102284 0.045972
980 0.616449 0.114803 0.0526264
981 0.616449 0.104036 0.0461341
982 0.616449 0.1083 0.0460545
983 0.616449 0.111612 0.044251
984 0.616449 0.108608 0.0447011
985 0.616449 0.117939 0.0481475
986 0.616449 0.103927 0.0455049
987 0.616449 0.105226 0.0473772
988 0.616449 0.100203 0.0461698
989 0.616449 0.103777 0.0453521
990 0.616449 0.111694 0.0504446
991 0.616469 0.117069 0.0500731
992 0.616469 0.117769 0.0488235
993 0.616469 0.125691 0.0496668
994 0.616469 0.113662 0.0491666
995 0.616469 0.106343 0.0464234
996 0.616469 0.100966 0.0439227
997 0.616469 0.115453 0.0431756
998 0.616469 0.132173 0.0522042
999 0.616469 0.134806 0.0537596
1000 0.616469 0.11577 0.04554
