0 0.125277 0.0701449 0.00388643
1 0.126502 0.0633392 0.00387342
2 0.126502 0.07336 0.00375904
3 0.126502 0.0856376 0.00337063
4 0.126502 0.0841827 0.00344547
5 0.126502 0.0841391 0.00345834
6 0.126502 0.0828729 0.00351067
7 0.126502 0.089155 0.00321441
8 0.126588 0.0853608 0.00341279
9 0.126588 0.0804404 0.00360064
10 0.128308 0.09171 0.00307617
11 0.128308 0.0943963 0.00289736
12 0.12831 0.0971203 0.0027004
13 0.12831 0.0931615 0.0029945
14 0.12831 0.0908714 0.0031271
15 0.128632 0.0957762 0.00281214
16 0.128632 0.0955696 0.00287849
17 0.128632 0.092617 0.00301356
18 0.128632 0.0869236 0.00331177
19 0.128824 0.0881697 0.003315
20 0.129018 0.0821137 0.00356829
21 0.129457 0.0885086 0.00327724
22 0.129457 0.087631 0.0032771
23 0.129457 0.0848952 0.00340821
24 0.129457 0.0858591 0.00340691
25 0.129979 0.0845419 0.00344292
26 0.129979 0.0823865 0.00353378
27 0.129979 0.0802398 0.00360078
28 0.129979 0.0922571 0.00307851
29 0.129979 0.0952271 0.00285864
30 0.130205 0.0945958 0.00294062
31 0.130205 0.0899283 0.00318925
32 0.130205 0.0941344 0.00293953
33 0.130205 0.094873 0.00289981
34 0.130205 0.0925334 0.00304324
35 0.131401 0.0900827 0.00319012
36 0.131401 0.0861541 0.00339974
37 0.131401 0.0792007 0.00361742
38 0.131401 0.0860433 0.00335256
39 0.131401 0.0910588 0.00313119
40 0.131401 0.0914705 0.0030921
41 0.131401 0.0910536 0.0031633
42 0.131401 0.0838078 0.00354519
43 0.131401 0.0874505 0.00333982
44 0.131401 0.0941222 0.00293797
45 0.131401 0.0886292 0.00326462
46 0.131401 0.099373 0.00259433
47 0.131401 0.0986851 0.00267666
48 0.131401 0.0986901 0.0026482
49 0.131401 0.0931109 0.0029883
50 0.131401 0.0972321 0.0027319
51 0.131401 0.0963274 0.00278598
52 0.131401 0.0877218 0.00330981
53 0.131401 0.0855215 0.00338394
54 0.131401 0.089969 0.00310845
55 0.131401 0.0929805 0.00300531
56 0.131881 0.0902117 0.00318407
57 0.131881 0.087896 0.0032761
58 0.131881 0.0928115 0.00302629
59 0.131881 0.0975606 0.00274092
60 0.131881 0.0953236 0.002864
61 0.131881 0.094014 0.00297186
62 0.131881 0.0954474 0.00288668
63 0.131881 0.0983447 0.00258216
64 0.131881 0.105034 0.00216375
65 0.131881 0.108923 0.0018109
66 0.13231 0.100348 0.00252654
67 0.13231 0.102491 0.00230979
68 0.13261 0.0917646 0.00299539
69 0.133555 0.0958055 0.00286445
70 0.133555 0.0956575 0.00288554
71 0.133555 0.0887451 0.0031978
72 0.134323 0.0877846 0.00328409
73 0.134323 0.087937 0.00325348
74 0.134323 0.089383 0.00318952
75 0.134323 0.0905107 0.00316883
76 0.134323 0.0967698 0.00280441
77 0.134323 0.0981368 0.00263019
78 0.134323 0.0919483 0.00301126
79 0.134323 0.0918755 0.00299749
80 0.134323 0.0892429 0.00313559
81 0.134323 0.0879219 0.00321447
82 0.134323 0.0861985 0.00333905
83 0.134323 0.0883598 0.00324986
84 0.134323 0.0896401 0.00314426
85 0.134323 0.0858586 0.00339924
86 0.134323 0.0883974 0.0032674
87 0.134323 0.083904 0.00339864
88 0.135046 0.0867295 0.00339484
89 0.135046 0.0857828 0.00340376
90 0.135046 0.0977445 0.00274987
91 0.135046 0.0940002 0.00294348
92 0.135046 0.0926874 0.00301274
93 0.135046 0.0907651 0.00309052
94 0.135046 0.0954143 0.00277519
95 0.135046 0.0902949 0.00311476
96 0.135046 0.0863436 0.00330412
97 0.135046 0.0918495 0.00310248
98 0.135046 0.0857996 0.00338283
99 0.135046 0.0908598 0.00310343
100 0.135046 0.0871246 0.00332183
101 0.135046 0.0857313 0.00337882
102 0.135046 0.0888939 0.00318431
103 0.135046 0.0878932 0.0032952
104 0.135899 0.086365 0.00335673
105 0.135899 0.0830359 0.00343674
106 0.138034 0.0766972 0.00373771
107 0.138034 0.0781431 0.0036645
108 0.138034 0.0861191 0.00332136
109 0.138034 0.0795733 0.00356692
110 0.138034 0.0836051 0.00348765
111 0.138034 0.0927644 0.00299763
112 0.138034 0.0856382 0.00337348
113 0.138034 0.0945298 0.00294237
114 0.138034 0.0911818 0.00311833
115 0.138034 0.0958032 0.00281849
116 0.138034 0.0909384 0.00311141
117 0.138034 0.0914942 0.00308667
118 0.138034 0.088824 0.00319957
119 0.138034 0.0897932 0.00319316
120 0.138034 0.0857303 0.003371
121 0.138034 0.0899231 0.0032539
122 0.138034 0.0934335 0.00304123
123 0.138034 0.0993639 0.00257971
124 0.138034 0.0987336 0.00264738
125 0.138749 0.0987237 0.00267351
126 0.138749 0.101227 0.00234948
127 0.138749 0.100823 0.00251465
128 0.138749 0.0981635 0.00259912
129 0.138749 0.102317 0.00238011
130 0.138749 0.110102 0.00174094
131 0.138749 0.109273 0.00180279
132 0.138749 0.103386 0.00231236
133 0.138749 0.101409 0.0024147
134 0.138749 0.0998791 0.00255137
135 0.138749 0.101267 0.00249001
136 0.138749 0.0983995 0.00266444
137 0.138749 0.0954945 0.00281837
138 0.138749 0.0949095 0.00284497
139 0.138749 0.0974341 0.00276684
140 0.138749 0.0923097 0.00294387
141 0.138749 0.0846066 0.00332129
142 0.138749 0.0875605 0.00332605
143 0.138749 0.0852484 0.0033992
144 0.138749 0.0912719 0.00319973
145 0.138749 0.0935568 0.00300604
146 0.138749 0.0906726 0.00312087
147 0.138749 0.0944224 0.00293752
148 0.138749 0.0924983 0.00304143
149 0.138749 0.0884393 0.00321566
150 0.138749 0.0913047 0.00311645
151 0.138749 0.0916445 0.00308113
152 0.138749 0.0963325 0.00275611
153 0.138749 0.0915415 0.0031117
154 0.138749 0.0830977 0.00349184
155 0.138749 0.0882815 0.00321586
156 0.138749 0.086421 0.00329681
157 0.138749 0.0889757 0.00326439
158 0.138749 0.0927663 0.00306406
159 0.140178 0.0868425 0.00337249
160 0.140178 0.0905214 0.00320468
161 0.140178 0.082901 0.00341172
162 0.140178 0.0759691 0.00358203
163 0.140178 0.0881004 0.00319008
164 0.140178 0.0800102 0.0034808
165 0.140178 0.0824488 0.00356445
166 0.140178 0.0808027 0.00356451
167 0.140178 0.086072 0.00334506
168 0.140178 0.0853438 0.00337636
169 0.140178 0.0865136 0.00336134
170 0.140178 0.0824534 0.00343789
171 0.140178 0.0906954 0.00306412
172 0.140178 0.0860507 0.00333477
173 0.140178 0.0841885 0.00333897
174 0.140178 0.0857974 0.00325753
175 0.140178 0.0819923 0.00342255
176 0.140178 0.0850857 0.00326699
177 0.140896 0.0919723 0.00298005
178 0.140896 0.089364 0.00311452
179 0.140896 0.0892396 0.00311817
180 0.140896 0.0914152 0.0031127
181 0.140896 0.0861818 0.00337067
182 0.140896 0.0869408 0.00319585
183 0.140896 0.0929793 0.00295871
184 0.140896 0.0834081 0.00335705
185 0.140896 0.0883548 0.00320103
186 0.140896 0.0884203 0.00327159
187 0.140896 0.0875184 0.00320637
188 0.140896 0.0905459 0.00311164
189 0.140896 0.0897689 0.00322593
190 0.140896 0.090626 0.00307238
191 0.140896 0.104557 0.00220748
192 0.140896 0.10348 0.00227917
193 0.140896 0.104585 0.00220272
194 0.140896 0.108848 0.00188433
195 0.140896 0.107917 0.00190132
196 0.140896 0.0984056 0.00271894
197 0.140896 0.097576 0.00268357
198 0.140896 0.0983733 0.00257645
199 0.140896 0.102124 0.00236281
200 0.140896 0.0991658 0.00257069
201 0.140896 0.101811 0.00240366
202 0.140896 0.097153 0.00263056
203 0.140896 0.0876825 0.00315498
204 0.140896 0.0880826 0.00328685
205 0.140896 0.0927291 0.00298268
206 0.140896 0.0908786 0.00314637
207 0.140896 0.0912659 0.00303572
208 0.140896 0.0852342 0.00334294
209 0.140896 0.0850306 0.00332043
210 0.140896 0.0879226 0.00321857
211 0.140896 0.081936 0.00345315
212 0.140896 0.0856475 0.00332987
213 0.140896 0.0913482 0.00313228
214 0.140896 0.0979214 0.00272473
215 0.140896 0.104933 0.00226882
216 0.140896 0.0992701 0.00261355
217 0.140896 0.0975764 0.00270298
218 0.140896 0.100777 0.00245319
219 0.140896 0.102493 0.00238416
220 0.140896 0.097274 0.00272713
221 0.140896 0.0981679 0.00264501
222 0.140896 0.0944434 0.00288539
223 0.140896 0.0974015 0.00271741
224 0.140896 0.0914577 0.0030529
225 0.140896 0.088943 0.00314137
226 0.140896 0.0868593 0.00314534
227 0.140896 0.090585 0.00296578
228 0.140896 0.0917828 0.00298634
229 0.140896 0.0908939 0.00313211
230 0.140896 0.0941438 0.00277146
231 0.140896 0.0936888 0.00288189
232 0.140896 0.0950553 0.00285201
233 0.140896 0.0938116 0.00292758
234 0.140896 0.0979833 0.00270732
235 0.140896 0.102922 0.00233977
236 0.140896 0.0933156 0.00297838
237 0.140896 0.0961796 0.00287071
238 0.142256 0.103204 0.00229786
239 0.142256 0.101682 0.00246876
240 0.142256 0.0966983 0.00280348
241 0.142256 0.0956237 0.00291647
242 0.142256 0.0931901 0.00293835
243 0.142256 0.0924604 0.00302605
244 0.142256 0.0902039 0.00308744
245 0.142256 0.0891041 0.00318266
246 0.142256 0.0960707 0.00285034
247 0.142256 0.0899288 0.00320517
248 0.142256 0.0897599 0.00314921
249 0.142256 0.0813091 0.00340658
250 0.142256 0.0826211 0.00345407
251 0.142256 0.0913232 0.00313474
252 0.142256 0.0906756 0.00315406
253 0.142256 0.0905392 0.00321766
254 0.142256 0.0917323 0.0030876
255 0.142256 0.0852653 0.00339399
256 0.142256 0.088898 0.00322084
257 0.142256 0.0944605 0.00295488
258 0.142256 0.0918946 0.00309991
259 0.142256 0.0988867 0.00262878
260 0.142256 0.095287 0.00281839
261 0.142256 0.0961755 0.00277046
262 0.142256 0.0971129 0.00281874
263 0.142256 0.101435 0.00240898
264 0.142256 0.0988367 0.00259366
265 0.142256 0.0936233 0.00291611
266 0.142256 0.0951773 0.00290245
267 0.142256 0.103494 0.00226955
268 0.142256 0.100333 0.00252313
269 0.142256 0.0971982 0.00275647
270 0.142256 0.0948929 0.00284383
271 0.142256 0.095746 0.00282112
272 0.142256 0.10028 0.00258638
273 0.142256 0.0995299 0.00267116
274 0.142256 0.102955 0.00245015
275 0.142256 0.0971649 0.00275854
276 0.142256 0.097373 0.00262613
277 0.142256 0.0930821 0.00289437
278 0.142256 0.0891882 0.00310707
279 0.142256 0.0930383 0.00298394
280 0.142256 0.0931109 0.00294367
281 0.142256 0.0956495 0.00285734
282 0.142256 0.101462 0.00248157
283 0.142256 0.09687 0.00272063
284 0.142256 0.0894148 0.00321064
285 0.142256 0.093996 0.00296673
286 0.143014 0.0905369 0.00321259
287 0.143014 0.087405 0.00326913
288 0.143014 0.0945848 0.00287511
289 0.143014 0.0922438 0.00308427
290 0.143014 0.0929835 0.00302711
291 0.143014 0.0946753 0.00296614
292 0.143014 0.0950223 0.00294776
293 0.143014 0.0906332 0.00322221
294 0.143014 0.094816 0.00294827
295 0.143014 0.0990917 0.00272511
296 0.143014 0.0984782 0.0027704
297 0.143014 0.0840025 0.00350385
298 0.143014 0.0968552 0.00279374
299 0.143014 0.0912628 0.00315965
300 0.143014 0.0942397 0.00292518
301 0.143014 0.0967973 0.00278931
302 0.143014 0.0950079 0.00291935
303 0.143014 0.0893774 0.00322157
304 0.143014 0.0927355 0.00307617
305 0.143014 0.0868614 0.00332262
306 0.143014 0.0868002 0.00332725
307 0.143014 0.0855546 0.00338749
308 0.143014 0.0859375 0.00337903
309 0.143014 0.0874737 0.0033219
310 0.143014 0.0909476 0.0031805
311 0.143014 0.0932659 0.00307666
312 0.143014 0.0883234 0.00331547
313 0.143014 0.0856326 0.00334395
314 0.143014 0.0789262 0.00366044
315 0.143014 0.0763907 0.00370799
316 0.143014 0.0767985 0.00369793
317 0.143014 0.0751143 0.00379832
318 0.143014 0.0768631 0.00372159
319 0.143014 0.082175 0.00354363
320 0.143014 0.0784676 0.00364743
321 0.143014 0.0875411 0.003324
322 0.143014 0.0898966 0.0032088
323 0.143014 0.0871012 0.0033746
324 0.143014 0.0986868 0.00265127
325 0.143014 0.0934649 0.00309192
326 0.143014 0.0871876 0.00335704
327 0.143014 0.0917762 0.00312181
328 0.143014 0.096841 0.00276429
329 0.143014 0.0883264 0.00321064
330 0.143014 0.0952737 0.00290304
331 0.143014 0.0893561 0.00313397
332 0.143014 0.090055 0.00308947
333 0.143014 0.0935266 0.00305332
334 0.143014 0.0876125 0.00326039
335 0.143014 0.0905411 0.0031387
336 0.143014 0.0917771 0.00305466
337 0.143014 0.0921194 0.00298019
338 0.143014 0.0944584 0.00294339
339 0.143014 0.0890144 0.00327168
340 0.143014 0.0914263 0.00310499
341 0.143014 0.0963452 0.00280085
342 0.143014 0.0915126 0.00308264
343 0.143014 0.094268 0.00290941
344 0.143014 0.0939788 0.00292986
345 0.143014 0.0990469 0.0026994
346 0.143014 0.0963986 0.00275205
347 0.143014 0.103717 0.0023349
348 0.143014 0.102578 0.00227924
349 0.143014 0.106929 0.00200016
350 0.143014 0.102239 0.00240136
351 0.143014 0.0986435 0.00258284
352 0.143014 0.0957182 0.00284489
353 0.143014 0.0924319 0.00308089
354 0.143014 0.0907339 0.00312474
355 0.143014 0.0922329 0.00303228
356 0.143014 0.0892871 0.00314698
357 0.143014 0.0984078 0.00265059
358 0.143014 0.0961183 0.00268192
359 0.143014 0.0972151 0.00273521
360 0.143014 0.101536 0.00251053
361 0.143014 0.102201 0.00248531
362 0.143014 0.0983128 0.00266275
363 0.143014 0.0997433 0.00265392
364 0.143014 0.0936822 0.00301126
365 0.143014 0.0900467 0.00323695
366 0.143014 0.0980443 0.00279352
367 0.143014 0.0945294 0.0030081
368 0.143014 0.0942557 0.00300989
369 0.143014 0.0966776 0.0027302
370 0.143014 0.0964917 0.00285758
371 0.143014 0.0976816 0.00285976
372 0.143014 0.102415 0.00246338
373 0.143014 0.0959469 0.00291001
374 0.143014 0.0972504 0.00282276
375 0.143014 0.098904 0.00276477
376 0.143014 0.0895031 0.00322767
377 0.143014 0.0901429 0.00316301
378 0.143014 0.084105 0.00348511
379 0.143014 0.089654 0.00319053
380 0.143014 0.0857677 0.00345946
381 0.143014 0.0894923 0.00326554
382 0.143014 0.100809 0.00255913
383 0.143014 0.0948931 0.00296887
384 0.143014 0.0938809 0.00303701
385 0.143014 0.101655 0.00242079
386 0.143014 0.102481 0.00233106
387 0.143014 0.107183 0.00208037
388 0.143014 0.105245 0.00218047
389 0.143014 0.100773 0.0025189
390 0.143014 0.101181 0.00247216
391 0.143014 0.0949562 0.00292848
392 0.143014 0.0936408 0.00303059
393 0.143014 0.0935959 0.00304034
394 0.143014 0.0927452 0.00297599
395 0.143014 0.0942765 0.0029366
396 0.143014 0.0998056 0.00257436
397 0.143014 0.102578 0.00244196
398 0.143014 0.104587 0.00219823
399 0.143014 0.0926257 0.00308498
400 0.143014 0.0922059 0.0030904
401 0.143014 0.10212 0.00245263
402 0.143014 0.105487 0.00217834
403 0.143014 0.105042 0.00222723
404 0.143014 0.102119 0.00245189
405 0.143014 0.10013 0.00254147
406 0.143014 0.102355 0.00243322
407 0.143014 0.105342 0.00218432
408 0.143014 0.0999773 0.00256666
409 0.143014 0.0958704 0.00280173
410 0.143014 0.0954937 0.0028026
411 0.143014 0.0960086 0.00296998
412 0.143014 0.0978593 0.00279241
413 0.143014 0.101728 0.0024306
414 0.143014 0.10118 0.00250258
415 0.143014 0.0975688 0.002692
416 0.143014 0.0953064 0.00293672
417 0.143014 0.0981726 0.00274021
418 0.143014 0.100639 0.00253972
419 0.143014 0.0986258 0.00271684
420 0.143065 0.100402 0.00242133
421 0.143065 0.0954158 0.00281233
422 0.143065 0.0938386 0.00297861
423 0.143065 0.0921864 0.00308349
424 0.143065 0.101541 0.00245754
425 0.143065 0.090952 0.00307862
426 0.143065 0.0940564 0.00289318
427 0.143065 0.0967338 0.00279345
428 0.143065 0.104532 0.00224396
429 0.143065 0.101895 0.00239596
430 0.143065 0.107332 0.00202119
431 0.143065 0.104236 0.00234734
432 0.143065 0.103368 0.00235385
433 0.143065 0.103419 0.00233615
434 0.143065 0.0981834 0.00272037
435 0.143065 0.102533 0.00243852
436 0.143065 0.0991729 0.0026258
437 0.143065 0.0998398 0.00261523
438 0.143065 0.10164 0.00248032
439 0.143065 0.106005 0.00216781
440 0.143065 0.106695 0.00206823
441 0.143065 0.102332 0.00238852
442 0.143065 0.109183 0.00184571
443 0.143065 0.104855 0.0022534
444 0.143065 0.100412 0.00251281
445 0.143065 0.101104 0.00251295
446 0.143065 0.104575 0.00220116
447 0.143065 0.103855 0.00228846
448 0.143065 0.108503 0.00202768
449 0.143065 0.0947317 0.00299245
450 0.143065 0.100181 0.00265307
451 0.143065 0.0932552 0.00301137
452 0.143065 0.0890327 0.0031793
453 0.143065 0.0876126 0.00330027
454 0.143065 0.0874163 0.00335233
455 0.143065 0.0938225 0.00296976
456 0.143065 0.0914588 0.00314713
457 0.143065 0.0977463 0.00271609
458 0.143065 0.0955632 0.00284231
459 0.143065 0.0950657 0.00280205
460 0.143065 0.0959272 0.00287649
461 0.143065 0.0923922 0.00305742
462 0.143065 0.0970524 0.00282317
463 0.143065 0.0957249 0.00286421
464 0.143065 0.0963219 0.00288491
465 0.143065 0.093877 0.00296139
466 0.143065 0.0963693 0.00286292
467 0.143065 0.0948079 0.00291651
468 0.143065 0.098534 0.00276334
469 0.143065 0.100806 0.00255073
470 0.143065 0.102599 0.00241062
471 0.143065 0.0982179 0.00271248
472 0.143065 0.0980642 0.00269413
473 0.143065 0.0980287 0.00275502
474 0.143065 0.0974819 0.00272347
475 0.143065 0.0944797 0.00287877
476 0.143065 0.0941315 0.00290697
477 0.143065 0.0969647 0.00267384
478 0.143065 0.104524 0.00216744
479 0.143065 0.0971773 0.00269771
480 0.143065 0.0976431 0.00269116
481 0.143065 0.0975384 0.00270467
482 0.143065 0.0962145 0.00291425
483 0.143065 0.0960836 0.00289308
484 0.143065 0.103591 0.00238322
485 0.143065 0.0958697 0.00280497
486 0.143065 0.0821117 0.00345075
487 0.143065 0.0931522 0.0030103
488 0.143065 0.101308 0.00252219
489 0.143065 0.100053 0.00256582
490 0.143065 0.0980569 0.00267606
491 0.143065 0.107236 0.00198555
492 0.143065 0.112247 0.00153103
493 0.143065 0.108107 0.0019806
494 0.143065 0.107065 0.0020626
495 0.143065 0.10157 0.00251178
496 0.143065 0.0937952 0.00299708
497 0.143065 0.0975453 0.0027269
498 0.143065 0.0917954 0.00301525
499 0.143065 0.0940718 0.0029451
500 0.143065 0.0981852 0.00270321
501 0.143065 0.101803 0.00244505
502 0.143065 0.0994067 0.00266979
503 0.143065 0.0951429 0.00296118
504 0.143065 0.0981958 0.00274051
505 0.143065 0.0936062 0.00301545
506 0.143065 0.0981721 0.00276204
507 0.143065 0.0943521 0.00303094
508 0.143065 0.0853508 0.00341385
509 0.143065 0.0812552 0.00355674
510 0.143065 0.0885944 0.00320902
511 0.143065 0.10099 0.00248888
512 0.143065 0.0856417 0.00340966
513 0.143065 0.0816773 0.00345543
514 0.143065 0.0861722 0.00331503
515 0.143065 0.100176 0.00257085
516 0.143065 0.10322 0.00244095
517 0.143065 0.0961702 0.00291947
518 0.143065 0.0901731 0.0031955
519 0.143065 0.0932385 0.00311807
520 0.143065 0.0898549 0.00320643
521 0.143065 0.0960588 0.00288273
522 0.143065 0.0950534 0.00294278
523 0.143065 0.0945068 0.00301528
524 0.143065 0.0948876 0.00293314
525 0.143065 0.0878056 0.00336105
526 0.143065 0.0936038 0.00307674
527 0.143065 0.0930785 0.00304499
528 0.143065 0.0920244 0.00309155
529 0.143065 0.0883713 0.00338295
530 0.143065 0.0845236 0.00333428
531 0.143065 0.0982776 0.00273948
532 0.143065 0.0951862 0.00295684
533 0.143065 0.0904163 0.00317084
534 0.143065 0.0860268 0.00348083
535 0.143065 0.0956673 0.00293471
536 0.143065 0.0972328 0.00271667
537 0.143065 0.0914229 0.00303748
538 0.143065 0.095614 0.00284372
539 0.143065 0.0863486 0.00334734
540 0.143065 0.0895978 0.00319695
541 0.143065 0.0937726 0.00293715
542 0.143065 0.0972535 0.00282446
543 0.143065 0.0890336 0.00317311
544 0.143065 0.0974984 0.00272883
545 0.143065 0.102399 0.00251184
546 0.143065 0.0969357 0.00286486
547 0.143065 0.100436 0.00261191
548 0.143065 0.108815 0.00194259
549 0.143065 0.106472 0.00210322
550 0.143065 0.103211 0.00239132
551 0.143065 0.102213 0.00245307
552 0.143065 0.104168 0.00229231
553 0.143065 0.108874 0.00196459
554 0.143065 0.101497 0.00250285
555 0.143065 0.104073 0.00231202
556 0.143065 0.0976139 0.00274642
557 0.143065 0.0962281 0.00282364
558 0.143065 0.10207 0.00244724
559 0.143065 0.0933033 0.00296906
560 0.143065 0.10304 0.00240461
561 0.143065 0.103127 0.00240621
562 0.143065 0.102819 0.00244507
563 0.143065 0.0985636 0.00264523
564 0.143065 0.0971923 0.00280578
565 0.143507 0.0955584 0.00295473
566 0.143578 0.0969721 0.00273113
567 0.143578 0.0990486 0.00266677
568 0.143578 0.0943605 0.00289743
569 0.143578 0.0913035 0.00315383
570 0.143578 0.0967184 0.00278616
571 0.143578 0.101198 0.00259734
572 0.143578 0.0994272 0.00255172
573 0.143578 0.0941542 0.00286806
574 0.143578 0.101886 0.00242057
575 0.143578 0.0937657 0.00295464
576 0.143578 0.0977304 0.00275282
577 0.143578 0.0979967 0.00271123
578 0.143578 0.0978592 0.00271015
579 0.143578 0.0897543 0.00322949
580 0.143578 0.0964723 0.00283302
581 0.143578 0.090579 0.00307957
582 0.143578 0.0994944 0.0026419
583 0.143578 0.0953041 0.00292565
584 0.143578 0.0982889 0.0026697
585 0.143578 0.0988197 0.00266341
586 0.143578 0.101487 0.00244193
587 0.143578 0.100054 0.00253188
588 0.143578 0.106994 0.0020401
589 0.143578 0.0965335 0.00283647
590 0.143578 0.101759 0.00242667
591 0.143578 0.102192 0.00246122
592 0.143578 0.0972168 0.00265152
593 0.143578 0.0902994 0.00319366
594 0.143578 0.0915427 0.00316902
595 0.143578 0.0947771 0.00284698
596 0.143578 0.0935597 0.00308401
597 0.143578 0.10012 0.00255999
598 0.143578 0.0920417 0.0032006
599 0.143578 0.0933046 0.00304436
600 0.143578 0.0979275 0.00272024
601 0.143578 0.0979322 0.00279982
602 0.143578 0.100078 0.00258734
603 0.143578 0.102031 0.00251367
604 0.143578 0.102208 0.00251332
605 0.143578 0.101038 0.00250763
606 0.143578 0.0972031 0.00280984
607 0.143578 0.0951567 0.00296351
608 0.143578 0.0897277 0.0033002
609 0.143578 0.086033 0.00339593
610 0.143578 0.0902007 0.00325153
611 0.143578 0.0953318 0.0029066
612 0.143578 0.0874426 0.0032933
613 0.144569 0.0873052 0.00336179
614 0.144569 0.0880734 0.00316937
615 0.144569 0.0968318 0.00279721
616 0.144569 0.0944258 0.00298505
617 0.144569 0.0942654 0.00292875
618 0.144569 0.0935577 0.00294833
619 0.144569 0.0950644 0.00288231
620 0.144569 0.0961708 0.00287304
621 0.144569 0.095089 0.00294964
622 0.144569 0.0970929 0.00282686
623 0.144569 0.104038 0.00238733
624 0.144569 0.0977054 0.00279288
625 0.144569 0.101276 0.00254907
626 0.144569 0.101886 0.00251426
627 0.144569 0.0989754 0.00267455
628 0.144569 0.0981269 0.00272217
629 0.144569 0.0965616 0.00279155
630 0.144569 0.0999607 0.00249419
631 0.144569 0.0945947 0.00282228
632 0.144569 0.10307 0.0023782
633 0.144569 0.100634 0.00259651
634 0.144569 0.0920301 0.0030583
635 0.144569 0.10047 0.00254563
636 0.144569 0.100906 0.00257555
637 0.144569 0.0956525 0.00287239
638 0.144569 0.0958678 0.00286238
639 0.144569 0.0988218 0.00271206
640 0.144569 0.0945971 0.00296722
641 0.144569 0.100667 0.00261376
642 0.144569 0.0962294 0.00289368
643 0.144569 0.0914144 0.00298459
644 0.144569 0.0909351 0.00319135
645 0.144569 0.0888254 0.00329681
646 0.144569 0.0918079 0.00319516
647 0.144569 0.0907708 0.00317332
648 0.144569 0.0891701 0.00320144
649 0.144569 0.0850203 0.00342119
650 0.144569 0.0957511 0.00283118
651 0.144569 0.0972095 0.00278002
652 0.144569 0.0897857 0.00328879
653 0.144569 0.097314 0.00277503
654 0.144569 0.0960979 0.0028913
655 0.144569 0.088767 0.00324597
656 0.144569 0.0903816 0.00315849
657 0.144569 0.0909749 0.00316412
658 0.144569 0.0884632 0.00320767
659 0.144569 0.0966154 0.00286946
660 0.144569 0.094037 0.00296639
661 0.144569 0.0911208 0.00316879
662 0.144569 0.087286 0.00334416
663 0.144569 0.0923504 0.0031407
664 0.144569 0.0867739 0.00336723
665 0.144569 0.0886795 0.00328075
666 0.144569 0.0965504 0.00296417
667 0.144569 0.10181 0.00240611
668 0.144569 0.101765 0.00247555
669 0.144569 0.0969637 0.00267693
670 0.144569 0.0961197 0.00271299
671 0.144569 0.101777 0.00243154
672 0.144569 0.100485 0.00251799
673 0.144569 0.0955282 0.0028119
674 0.144569 0.101595 0.00251085
675 0.144569 0.102938 0.00237626
676 0.144569 0.105991 0.00213625
677 0.144569 0.100402 0.00254101
678 0.144569 0.100559 0.00250791
679 0.144569 0.0984409 0.0026574
680 0.144569 0.0914011 0.00306928
681 0.144569 0.100192 0.00262387
682 0.144569 0.104323 0.00227757
683 0.144569 0.103495 0.00226122
684 0.144569 0.104687 0.00223476
685 0.144569 0.103455 0.00232787
686 0.144569 0.105006 0.00221187
687 0.144569 0.111267 0.00164553
688 0.144569 0.10219 0.00240131
689 0.144569 0.0972448 0.00278872
690 0.144569 0.101401 0.00251452
691 0.144569 0.0932578 0.00293103
692 0.144569 0.0910239 0.00312725
693 0.144569 0.0919643 0.00306693
694 0.144569 0.0829264 0.00338036
695 0.144569 0.0863381 0.00327708
696 0.144569 0.0966706 0.00282826
697 0.144569 0.0843278 0.00340151
698 0.144569 0.0845717 0.00346565
699 0.144569 0.0886901 0.00322065
700 0.144569 0.0907434 0.00314381
701 0.144569 0.0901889 0.00322776
702 0.144569 0.0960799 0.00289659
703 0.144569 0.0985324 0.00273673
704 0.144569 0.0933911 0.00303275
705 0.144569 0.0968099 0.00283288
706 0.144569 0.0913064 0.00313658
707 0.144569 0.0873176 0.00323981
708 0.144569 0.0913427 0.00311383
709 0.144569 0.0979867 0.002743
710 0.144569 0.0969041 0.00265353
711 0.144569 0.0926533 0.00301403
712 0.144569 0.0947501 0.00290633
713 0.144569 0.0908758 0.003096
714 0.144569 0.0923795 0.0030898
715 0.144569 0.0973211 0.00279431
716 0.144569 0.0940555 0.00293021
717 0.144569 0.0938006 0.00288715
718 0.144569 0.0973588 0.00263781
719 0.144569 0.0981825 0.00274729
720 0.144569 0.0977584 0.00262973
721 0.144569 0.0975704 0.00273637
722 0.144569 0.0943089 0.00302831
723 0.144569 0.0907298 0.00316585
724 0.144569 0.103018 0.00237897
725 0.144569 0.106375 0.00212781
726 0.144569 0.0923611 0.00302136
727 0.144569 0.0915662 0.00314447
728 0.144569 0.0946056 0.00293092
729 0.144569 0.0923651 0.00301557
730 0.144569 0.0846105 0.00339025
731 0.144569 0.0897247 0.00310471
732 0.144569 0.09228 0.00288134
733 0.144569 0.0971572 0.00279975
734 0.144569 0.0959492 0.00277897
735 0.144569 0.0964506 0.00272731
736 0.144569 0.100894 0.00243653
737 0.144569 0.0986935 0.0025592
738 0.144569 0.100263 0.00249797
739 0.144569 0.0968749 0.00279115
740 0.144569 0.101641 0.00247652
741 0.144569 0.0985996 0.0027746
742 0.144569 0.0873945 0.00328032
743 0.144569 0.0909353 0.0033044
744 0.144569 0.0810748 0.00353721
745 0.144569 0.0897598 0.00313532
746 0.144569 0.0996378 0.00261872
747 0.144569 0.101358 0.00237641
748 0.144569 0.103032 0.00239236
749 0.144569 0.102507 0.0024361
750 0.144569 0.0955176 0.00293273
751 0.144569 0.0963986 0.00284453
752 0.144569 0.102809 0.00238218
753 0.144569 0.106336 0.00214394
754 0.144569 0.103912 0.00230911
755 0.144569 0.0989012 0.00268675
756 0.144569 0.100073 0.00264416
757 0.144569 0.0965421 0.00284983
758 0.144569 0.0927332 0.0029899
759 0.144569 0.0969375 0.00284354
760 0.144569 0.102029 0.00246341
761 0.144569 0.104467 0.00231684
762 0.144569 0.105897 0.00216258
763 0.144569 0.104474 0.00232124
764 0.144578 0.108695 0.00195447
765 0.144578 0.109032 0.0018896
766 0.144578 0.10445 0.00222667
767 0.144578 0.104691 0.00222626
768 0.144578 0.104271 0.00228119
769 0.144578 0.104684 0.00221619
770 0.144578 0.105168 0.00218542
771 0.144578 0.106004 0.0021575
772 0.144578 0.10453 0.00229429
773 0.144578 0.103729 0.00236573
774 0.144578 0.101484 0.00248293
775 0.144578 0.104435 0.002227
776 0.144578 0.10311 0.00228648
777 0.144578 0.108616 0.001814
778 0.144578 0.108364 0.00197251
779 0.144578 0.110215 0.00176731
780 0.144578 0.112356 0.00160677
781 0.144578 0.106531 0.00213608
782 0.144578 0.106125 0.00214801
783 0.144578 0.112271 0.00150535
784 0.144578 0.104887 0.00225208
785 0.144578 0.101887 0.002392
786 0.144578 0.096854 0.00273763
787 0.14459 0.0991099 0.00264964
788 0.14459 0.106419 0.00209487
789 0.14459 0.102744 0.00242915
790 0.14459 0.10372 0.00240544
791 0.14459 0.103463 0.00232906
792 0.14459 0.10153 0.00244011
793 0.14459 0.103715 0.00235877
794 0.14459 0.105859 0.00210156
795 0.14459 0.106173 0.0021043
796 0.14459 0.10806 0.00193971
797 0.14459 0.108885 0.00190413
798 0.14459 0.107982 0.00194297
799 0.14459 0.109663 0.0018402
800 0.14459 0.105925 0.00220021
801 0.14459 0.109572 0.00185909
802 0.14459 0.107313 0.00208774
803 0.14459 0.108867 0.00192045
804 0.14459 0.100232 0.00260617
805 0.14459 0.102428 0.00247712
806 0.14459 0.103354 0.00245174
807 0.14459 0.103737 0.00232922
808 0.14459 0.101088 0.00255138
809 0.14459 0.10249 0.00248777
810 0.14459 0.106605 0.00208785
811 0.14459 0.103347 0.00234268
812 0.14459 0.0979187 0.00278292
813 0.14459 0.103586 0.00243225
814 0.14459 0.106662 0.00222183
815 0.14459 0.0993072 0.00266376
816 0.14459 0.0923349 0.00305125
817 0.14459 0.0975755 0.00284669
818 0.14459 0.0997793 0.00265461
819 0.14459 0.0982765 0.00273041
820 0.14459 0.0959207 0.00283102
821 0.14459 0.0969491 0.00281423
822 0.14459 0.0940881 0.00287889
823 0.14459 0.0978605 0.00270993
824 0.14459 0.0942369 0.00292268
825 0.14459 0.0938626 0.00306742
826 0.14459 0.0858514 0.00340659
827 0.14459 0.095449 0.00284453
828 0.14459 0.100838 0.00261929
829 0.14459 0.0912731 0.00310428
830 0.14459 0.0899074 0.00325201
831 0.14459 0.09304 0.00309413
832 0.14459 0.0922768 0.00300528
833 0.14459 0.0956295 0.00292257
834 0.14459 0.089935 0.00319216
835 0.14459 0.0923411 0.00307319
836 0.14459 0.0923368 0.00307112
837 0.14459 0.095816 0.00293269
838 0.14461 0.09871 0.00285148
839 0.14461 0.0943561 0.00297237
840 0.14461 0.091082 0.00312347
841 0.14461 0.0946854 0.00292087
842 0.14461 0.0876329 0.00330567
843 0.14461 0.0914139 0.00323898
844 0.14461 0.095416 0.00297023
845 0.14461 0.0931705 0.00299985
846 0.14461 0.0927732 0.00307541
847 0.14461 0.0892422 0.00330408
848 0.14461 0.0938773 0.00297594
849 0.14461 0.0984821 0.00264738
850 0.14461 0.105499 0.00223268
851 0.14461 0.104655 0.00231542
852 0.14461 0.103809 0.00234396
853 0.14461 0.106909 0.00212455
854 0.14461 0.107364 0.00204192
855 0.14461 0.100862 0.0024883
856 0.14461 0.10078 0.00254393
857 0.14461 0.102059 0.00243281
858 0.14461 0.0974273 0.00283636
859 0.14461 0.0969552 0.00282007
860 0.14461 0.105072 0.00225066
861 0.14461 0.103456 0.00234416
862 0.144694 0.0968577 0.00276801
863 0.144694 0.10765 0.00208528
864 0.144694 0.102524 0.00241585
865 0.144694 0.098395 0.00263383
866 0.144694 0.0995157 0.00264394
867 0.144694 0.0950053 0.0029054
868 0.144694 0.0985875 0.00274927
869 0.144694 0.097153 0.00280405
870 0.144694 0.101919 0.00248731
871 0.144694 0.0992339 0.00275551
872 0.144694 0.100378 0.00256624
873 0.14513 0.0924185 0.00309533
874 0.14513 0.0900263 0.00320256
875 0.14513 0.0911402 0.0030938
876 0.14513 0.0936544 0.00299376
877 0.14513 0.10055 0.00255426
878 0.14513 0.0975848 0.00274279
879 0.14513 0.095638 0.00282134
880 0.14513 0.0967598 0.00273323
881 0.14513 0.0954259 0.00287609
882 0.14513 0.0911806 0.00309847
883 0.14513 0.094365 0.00295987
884 0.14513 0.0934425 0.00302658
885 0.14513 0.0990735 0.00267434
886 0.14513 0.0968749 0.00289763
887 0.14513 0.0986517 0.00277481
888 0.14513 0.096569 0.00286386
889 0.14513 0.0979637 0.00276167
890 0.14513 0.093367 0.00299517
891 0.14513 0.0946681 0.00297214
892 0.14513 0.0954352 0.00290182
893 0.14513 0.0937377 0.00297468
894 0.14513 0.0932999 0.00306887
895 0.14513 0.0932176 0.00295527
896 0.14513 0.091071 0.00315545
897 0.14513 0.0991576 0.00260133
898 0.14513 0.0958533 0.0028022
899 0.14513 0.0971861 0.00278207
900 0.14513 0.10052 0.00260355
901 0.14513 0.105068 0.00222005
902 0.14513 0.111177 0.00170065
903 0.14513 0.106043 0.00215837
904 0.14513 0.0980626 0.00269242
905 0.14513 0.0970219 0.00279802
906 0.14513 0.0963065 0.00286633
907 0.14513 0.0988201 0.00271583
908 0.14513 0.101463 0.0025516
909 0.14513 0.0967202 0.00278077
910 0.14513 0.0989716 0.00265313
911 0.14513 0.106784 0.00205988
912 0.14513 0.105294 0.00215846
913 0.14513 0.102085 0.00238081
914 0.14513 0.101291 0.00251166
915 0.14513 0.0986676 0.00269042
916 0.14513 0.0970398 0.00284365
917 0.14513 0.100028 0.00263582
918 0.14513 0.102566 0.00241081
919 0.14513 0.0971821 0.00266924
920 0.14513 0.103027 0.00244292
921 0.14513 0.100277 0.00260942
922 0.14513 0.0966895 0.00280663
923 0.14513 0.092525 0.00299778
924 0.14513 0.0915837 0.00306287
925 0.14513 0.0920967 0.00307155
926 0.14513 0.094807 0.00289088
927 0.14513 0.0969084 0.00280601
928 0.14513 0.087313 0.00337474
929 0.14513 0.0904878 0.00319819
930 0.14513 0.0935423 0.00304433
931 0.14513 0.0885555 0.00337135
932 0.14513 0.0892561 0.00325733
933 0.14513 0.0927577 0.00306457
934 0.14513 0.0862896 0.00335709
935 0.14513 0.0852848 0.00349609
936 0.14513 0.0863095 0.00338673
937 0.14513 0.0821672 0.00352542
938 0.14513 0.0848359 0.0034327
939 0.14513 0.0924816 0.00304236
940 0.14513 0.0944504 0.00278771
941 0.14513 0.102375 0.00239272
942 0.14513 0.103984 0.00229823
943 0.14513 0.103595 0.00238701
944 0.14513 0.095612 0.0028838
945 0.14513 0.0967494 0.00280609
946 0.14513 0.0974153 0.00273232
947 0.14513 0.100692 0.00257574
948 0.14513 0.0970346 0.00280888
949 0.14513 0.0986763 0.00269357
950 0.14513 0.101446 0.002524
951 0.14513 0.100408 0.00258238
952 0.14513 0.0975767 0.00279106
953 0.14513 0.100104 0.00256955
954 0.14513 0.0973521 0.00275973
955 0.14513 0.102007 0.00251031
956 0.14513 0.0998343 0.00261868
957 0.14513 0.0967186 0.00290343
958 0.14513 0.100803 0.00262427
959 0.14513 0.0968001 0.0028653
960 0.14513 0.0946733 0.00291593
961 0.14513 0.0868389 0.00338376
962 0.14513 0.0845558 0.00345209
963 0.14513 0.0969779 0.00279809
964 0.14513 0.0988358 0.00265909
965 0.14513 0.0882933 0.00325003
966 0.14513 0.0932811 0.00306767
967 0.14513 0.0922302 0.00306938
968 0.14513 0.0966254 0.00285755
969 0.14513 0.101064 0.00252364
970 0.14513 0.0968495 0.00283909
971 0.14513 0.0924428 0.00310958
972 0.14513 0.0912248 0.0031459
973 0.14513 0.0951111 0.0029425
974 0.14513 0.0915275 0.00319641
975 0.14513 0.092357 0.00304846
976 0.14513 0.0960785 0.0028719
977 0.14513 0.0831086 0.00349877
978 0.14513 0.0864135 0.0034435
979 0.14513 0.0817384 0.00360968
980 0.14513 0.0844299 0.00350209
981 0.14513 0.0871456 0.00343731
982 0.14513 0.0927928 0.00308432
983 0.14513 0.0898746 0.00323435
984 0.14513 0.0906559 0.00316617
985 0.14513 0.0894595 0.00314738
986 0.14513 0.0981419 0.00271185
987 0.14513 0.0920621 0.00308636
988 0.14513 0.0963183 0.00290238
989 0.14513 0.0877013 0.00333612
990 0.14513 0.0931997 0.00307621
991 0.14513 0.0878154 0.00328597
992 0.14513 0.0873596 0.00329704
993 0.14513 0.0848735 0.00340447
994 0.14513 0.0897809 0.00330815
995 0.14513 0.0895672 0.00321303
996 0.14513 0.0837732 0.00348404
997 0.14513 0.0901655 0.00315357
998 0.14513 0.0826426 0.00344361
999 0.14513 0.0891163 0.00328208
1000 0.14513 0.0899986 0.00319724
1000 0 0 0
