0 0.125257 0.0538301 0.00387195
1 0.125273 0.0527241 0.00383674
2 0.125273 0.0580701 0.00387717
3 0.125273 0.074147 0.00378253
4 0.125277 0.0827236 0.00352976
5 0.125277 0.0864093 0.00337369
6 0.125277 0.0914001 0.00310998
7 0.125277 0.0866047 0.00334505
8 0.125277 0.0965458 0.00276849
9 0.125277 0.105191 0.00211267
10 0.125277 0.108961 0.00177336
11 0.125277 0.106957 0.00191915
12 0.125277 0.107698 0.00188891
13 0.125277 0.107981 0.00183594
14 0.125277 0.106424 0.00191719
15 0.125277 0.100861 0.00241791
16 0.125277 0.102881 0.00228617
17 0.125277 0.0990581 0.00258975
18 0.125277 0.107711 0.0018866
19 0.125277 0.106423 0.00200903
20 0.125277 0.104031 0.00220313
21 0.125277 0.104091 0.00218571
22 0.125277 0.104424 0.0021346
23 0.125277 0.100219 0.00251238
24 0.125277 0.105145 0.00211146
25 0.125277 0.0989666 0.00260437
26 0.125277 0.100232 0.0025103
27 0.125277 0.0969436 0.00271388
28 0.125277 0.101493 0.00241173
29 0.125277 0.106063 0.00197644
30 0.125278 0.106448 0.00190993
31 0.125278 0.100274 0.00240582
32 0.126511 0.106621 0.00197361
33 0.126511 0.106977 0.00192212
34 0.126511 0.105326 0.00209204
35 0.126511 0.106633 0.00196808
36 0.126511 0.106555 0.00198375
37 0.1275 0.10869 0.00178601
38 0.1275 0.104017 0.00221935
39 0.127882 0.102148 0.00231821
40 0.127882 0.0894008 0.00319918
41 0.127882 0.0911312 0.00305869
42 0.127882 0.0917684 0.00297582
43 0.127882 0.0987342 0.00257367
44 0.128599 0.0905818 0.00306595
45 0.128599 0.0918322 0.00302015
46 0.129509 0.0928048 0.0030359
47 0.133167 0.0981295 0.00270463
48 0.133167 0.0961729 0.00270873
49 0.133167 0.0958393 0.00287976
50 0.133167 0.0897913 0.00301965
51 0.133167 0.0864357 0.00335333
52 0.133167 0.0797003 0.0035589
53 0.133167 0.0857406 0.00337558
54 0.133167 0.0841304 0.00345635
55 0.133167 0.079769 0.00367998
56 0.13572 0.0877572 0.00331715
57 0.13572 0.0859779 0.00336814
58 0.13572 0.0899225 0.00322665
59 0.184413 0.0928931 0.00309377
60 0.184413 0.0855852 0.00346301
61 0.184413 0.0808335 0.00368882
62 0.184413 0.0900409 0.0032713
63 0.184413 0.089795 0.00333287
64 0.184413 0.0864548 0.00347612
65 0.184413 0.082479 0.00368271
66 0.184413 0.0893753 0.00331758
67 0.184413 0.0875241 0.00335538
68 0.184413 0.0921003 0.00329264
69 0.184413 0.0898901 0.00341696
70 0.195069 0.0963465 0.00309766
71 0.195069 0.104705 0.00246965
72 0.195069 0.103085 0.00259292
73 0.195069 0.101504 0.0027933
74 0.265832 0.103428 0.00297084
75 0.309132 0.0986995 0.00395076
76 0.309132 0.104717 0.00348392
77 0.309132 0.103121 0.00356356
78 0.309132 0.0960043 0.004044
79 0.309132 0.0922328 0.00436816
80 0.309132 0.0971078 0.00409852
81 0.309132 0.0989983 0.00417923
82 0.309132 0.0978894 0.00417935
83 0.309132 0.09795 0.00445856
84 0.309132 0.101911 0.00499034
85 0.309132 0.105233 0.00504982
86 0.309132 0.108279 0.00509878
87 0.309132 0.0998224 0.00593371
88 0.312858 0.101118 0.00654492
89 0.312858 0.104149 0.00642093
90 0.312858 0.100826 0.00630213
91 0.365006 0.101231 0.00710793
92 0.365006 0.104492 0.00754599
93 0.365006 0.106592 0.00797782
94 0.365006 0.105943 0.00769532
95 0.365006 0.111531 0.00691194
96 0.365006 0.107441 0.00747121
97 0.365006 0.115125 0.00650316
98 0.365006 0.11341 0.00675623
99 0.500622 0.11924 0.00876593
99 0.450384 0.0467002 0.0120524
100 0.510632 0.0423869 0.012826
101 0.510632 0.0385861 0.0123402
102 0.510632 0.0439282 0.0130384
103 0.510632 0.0430379 0.0126387
104 0.510632 0.0473505 0.0138122
105 0.510632 0.053298 0.0158357
106 0.510632 0.047366 0.0144754
107 0.510632 0.0400511 0.0138478
108 0.510632 0.0446905 0.0145496
109 0.510632 0.0444936 0.0141214
110 0.510632 0.0405487 0.0138074
111 0.510632 0.0481011 0.0150039
112 0.510632 0.0497447 0.0153675
113 0.510632 0.0548381 0.0177146
114 0.510632 0.0486049 0.0167555
115 0.510632 0.050987 0.0172217
116 0.510632 0.0439545 0.0159674
117 0.510632 0.0472139 0.0179662
118 0.510632 0.0499277 0.0182202
119 0.510632 0.0446889 0.0170662
120 0.510632 0.0478514 0.0190254
121 0.510715 0.0499235 0.0202287
122 0.510715 0.0477402 0.019344
123 0.510715 0.0482602 0.0193487
124 0.510715 0.0473314 0.0193135
125 0.510715 0.0493967 0.0195746
126 0.510715 0.0553781 0.0219529
127 0.510715 0.0504634 0.0204071
128 0.510715 0.0532438 0.0217667
129 0.510715 0.0473213 0.0204531
130 0.510715 0.0493007 0.0204609
131 0.510715 0.0571925 0.0233114
132 0.510715 0.0497369 0.0212832
133 0.510715 0.0534014 0.0232913
134 0.510715 0.0550279 0.022361
135 0.510715 0.0577367 0.0235454
136 0.510715 0.0535932 0.0223409
137 0.510715 0.0586128 0.0241914
138 0.510715 0.0532696 0.0222867
139 0.510715 0.0597271 0.0252834
140 0.510715 0.0517144 0.0227407
141 0.510715 0.0500023 0.0225542
142 0.510715 0.0635095 0.0270455
143 0.510715 0.0584086 0.0249184
144 0.510715 0.0605844 0.0255105
145 0.510715 0.0565297 0.0249519
146 0.510715 0.052361 0.0232893
147 0.510715 0.0586655 0.0252894
148 0.510715 0.059782 0.0253778
149 0.510715 0.0684796 0.0290834
150 0.510715 0.0574412 0.0253521
151 0.510715 0.0598138 0.0254575
152 0.513803 0.0658812 0.0277563
153 0.513803 0.063913 0.0279336
154 0.513803 0.0616088 0.0272739
155 0.513803 0.0547581 0.0237206
156 0.513803 0.0611879 0.0269258
157 0.513803 0.056645 0.0250671
158 0.516704 0.0610156 0.0275794
159 0.516704 0.0560101 0.0256402
160 0.516704 0.0529932 0.0236106
161 0.516704 0.0600885 0.0260541
162 0.516704 0.0522742 0.0237484
163 0.516704 0.0561988 0.025813
164 0.516704 0.0518983 0.0237454
165 0.522047 0.0616295 0.0279485
166 0.522047 0.0524995 0.0239438
167 0.522047 0.0620988 0.0277476
168 0.522047 0.062839 0.0279429
169 0.522047 0.0575527 0.0254357
170 0.522047 0.0664737 0.0272363
171 0.522047 0.0513954 0.0240148
172 0.522047 0.0520804 0.023971
173 0.522047 0.0719364 0.0309727
174 0.522047 0.0597859 0.0263029
175 0.522047 0.0594436 0.0264181
176 0.522047 0.0529727 0.0241233
177 0.522047 0.0566048 0.0261872
178 0.522047 0.0530094 0.0241077
179 0.522047 0.0601034 0.0264957
180 0.522047 0.0622236 0.0281533
181 0.522047 0.0523232 0.0241389
182 0.522047 0.0660076 0.0288107
183 0.522047 0.0568147 0.0263811
184 0.522047 0.0667911 0.0300364
185 0.522047 0.0581045 0.0260924
186 0.522047 0.0570154 0.0264283
187 0.522047 0.0556525 0.0252472
188 0.522047 0.0552127 0.0244434
189 0.525666 0.0633249 0.0285288
190 0.525666 0.0549955 0.0246281
191 0.525666 0.0546515 0.0246291
192 0.525666 0.0533034 0.0244926
193 0.525666 0.062152 0.0274705
194 0.525666 0.0563358 0.0253965
195 0.525666 0.0518402 0.0244318
196 0.525666 0.0530665 0.0244537
197 0.525666 0.0536254 0.0244479
198 0.525666 0.0518402 0.0244318
199 0.525666 0.0632303 0.0285965
200 0.525666 0.0537567 0.024437
201 0.525666 0.0529057 0.0243878
202 0.525666 0.0616452 0.0279548
203 0.525666 0.0599888 0.0266836
204 0.525666 0.0524685 0.0244165
205 0.525984 0.0606847 0.0269652
206 0.525984 0.0549379 0.0251128
207 0.525984 0.0524418 0.0245038
208 0.525984 0.0627488 0.0278186
209 0.525984 0.0528033 0.0245518
210 0.525984 0.0527992 0.0245516
211 0.525984 0.0526729 0.0245257
212 0.525984 0.057164 0.0267071
213 0.525984 0.053674 0.0245992
214 0.525984 0.0533463 0.0246204
215 0.525984 0.0558002 0.025627
216 0.525984 0.051997 0.0245801
217 0.525984 0.0581774 0.0266677
218 0.525984 0.0572068 0.025251
219 0.525984 0.0600438 0.0270246
220 0.525984 0.0655299 0.0289527
221 0.525984 0.0569543 0.0255817
222 0.525984 0.0538249 0.0246306
223 0.525984 0.0659394 0.029704
224 0.525984 0.058814 0.0259278
225 0.525984 0.0606662 0.0268821
226 0.525984 0.0571619 0.0267111
227 0.528656 0.0710209 0.0313051
228 0.528656 0.057553 0.0260126
229 0.528656 0.0603855 0.0271093
230 0.528656 0.0556049 0.0249538
231 0.528656 0.0587459 0.0264484
232 0.528656 0.0633547 0.0280227
233 0.528656 0.054661 0.0249523
234 0.528656 0.0609611 0.0272289
235 0.528656 0.0622132 0.0274436
236 0.528656 0.0536428 0.0249663
237 0.528656 0.0583884 0.0271035
238 0.528656 0.0533927 0.0249789
239 0.528656 0.0602682 0.0271798
240 0.528656 0.0620898 0.0272961
241 0.528656 0.0657562 0.0297171
242 0.528656 0.0589432 0.02731
243 0.528656 0.0529593 0.0251268
244 0.528656 0.0610414 0.0275001
245 0.528656 0.0634124 0.0293732
246 0.528656 0.0643043 0.0291059
247 0.528656 0.0537561 0.0250987
248 0.528656 0.0585416 0.0256989
249 0.528656 0.0642635 0.0293739
250 0.528656 0.0526041 0.0251565
251 0.528656 0.0632461 0.0293921
252 0.528656 0.0526099 0.0251619
253 0.528656 0.0586061 0.027147
254 0.528656 0.057427 0.0260705
255 0.528656 0.0609928 0.027305
256 0.528656 0.0526099 0.0251619
257 0.528656 0.0566937 0.0261562
258 0.528656 0.0549107 0.0251876
259 0.528656 0.0617869 0.0280394
260 0.528656 0.0651162 0.0288413
261 0.528656 0.0589381 0.0259868
262 0.528656 0.0608287 0.0276557
263 0.528656 0.0630607 0.0278721
264 0.528656 0.0678025 0.0287918
265 0.528656 0.0549868 0.0252477
266 0.528656 0.0657311 0.0280989
267 0.528656 0.0544535 0.0253375
268 0.528656 0.0596585 0.0271612
269 0.528656 0.0552155 0.025568
270 0.528656 0.0620795 0.0282139
271 0.528656 0.0574692 0.0261092
272 0.528656 0.0649807 0.0288196
273 0.528656 0.0568544 0.0258105
274 0.528656 0.0587735 0.0272143
275 0.529482 0.0579697 0.0274642
276 0.529482 0.0589198 0.0273115
277 0.529482 0.0660112 0.0294524
278 0.529482 0.0573768 0.0255421
279 0.529482 0.0563532 0.0255344
280 0.529482 0.0560126 0.0255577
281 0.529482 0.0527131 0.0252607
282 0.529482 0.0530899 0.0252348
283 0.529482 0.0530456 0.0252336
284 0.529482 0.0591147 0.0273159
285 0.529482 0.0638024 0.0286035
286 0.529482 0.0562154 0.0254088
287 0.529482 0.0536502 0.0252139
288 0.529482 0.0580938 0.0273487
289 0.529482 0.063286 0.0294667
290 0.529482 0.0593785 0.0275169
291 0.529482 0.0632445 0.0296288
292 0.529482 0.0552746 0.0252274
293 0.529482 0.0605479 0.0276041
294 0.529482 0.0538836 0.0252678
295 0.529482 0.0543473 0.0253313
296 0.529482 0.0602642 0.0277817
297 0.529482 0.0528048 0.0253487
298 0.529482 0.0533974 0.0253206
299 0.529482 0.0579848 0.0274794
300 0.529482 0.0528436 0.0253447
301 0.529482 0.0528048 0.0253487
302 0.529482 0.0545234 0.0253442
303 0.529482 0.0559504 0.0253934
304 0.529482 0.0528048 0.0253487
305 0.529482 0.0636943 0.0296694
306 0.529482 0.0560047 0.0255867
307 0.529482 0.0528292 0.0253722
308 0.529482 0.0553286 0.0255537
309 0.529482 0.058449 0.0273027
310 0.529482 0.0536597 0.0253177
311 0.529482 0.0595332 0.0259691
312 0.529482 0.0615934 0.0277815
313 0.529482 0.0602908 0.0275651
314 0.529482 0.0644734 0.0296993
315 0.529482 0.0639838 0.0295581
316 0.529482 0.0531065 0.0253552
317 0.529482 0.0547214 0.025423
318 0.529482 0.0690875 0.0310696
319 0.529482 0.0538746 0.0253224
320 0.529482 0.0577515 0.0257163
321 0.529482 0.0625585 0.027866
322 0.529482 0.0556386 0.0252683
323 0.529482 0.0640272 0.0266328
324 0.529482 0.0634358 0.0297764
325 0.529482 0.0638159 0.0286269
326 0.529482 0.0577855 0.0257259
327 0.529482 0.0673234 0.029848
328 0.529482 0.063661 0.0289511
329 0.529482 0.0574908 0.0258673
330 0.529482 0.05695 0.0256662
331 0.529482 0.0581577 0.0255394
332 0.529482 0.0634007 0.0271906
333 0.529482 0.056666 0.0254206
334 0.529482 0.0601684 0.0272499
335 0.529482 0.0616936 0.0278921
336 0.529482 0.058762 0.0265249
337 0.529482 0.0533469 0.0254242
338 0.529482 0.0529141 0.0254516
339 0.529482 0.0589904 0.0276389
340 0.529482 0.0581992 0.027682
341 0.529482 0.0539983 0.0254637
342 0.529482 0.0531227 0.0254459
343 0.529482 0.0541534 0.0254065
344 0.529482 0.055212 0.025585
345 0.529482 0.0537577 0.0254092
346 0.529482 0.0586713 0.0264233
347 0.529482 0.0549414 0.0253946
348 0.529482 0.055663 0.0259206
349 0.529482 0.052924 0.0254632
350 0.529482 0.0582105 0.0276927
351 0.529482 0.0550604 0.0254794
352 0.529482 0.0593552 0.0276961
353 0.529482 0.0578049 0.0257869
354 0.529482 0.0529323 0.0254711
355 0.529482 0.0584175 0.0276812
356 0.529482 0.0552284 0.0255398
357 0.529482 0.0553037 0.0257799
358 0.529482 0.0580208 0.0259605
359 0.529482 0.0575812 0.0259441
360 0.529482 0.054988 0.0254607
361 0.529482 0.0656832 0.0281778
362 0.529482 0.0590811 0.0276814
363 0.529482 0.0567299 0.0260174
364 0.529482 0.0569125 0.0266319
365 0.529482 0.0534518 0.0254505
366 0.529482 0.0548293 0.0254555
367 0.529482 0.0529731 0.0254757
368 0.529482 0.0594887 0.0276473
369 0.529482 0.0570144 0.0257735
370 0.529482 0.0562815 0.0255636
371 0.529482 0.0529482 0.0254865
372 0.529482 0.0543585 0.0254775
373 0.529482 0.0713491 0.0320775
374 0.529482 0.0558129 0.0255793
375 0.529482 0.064496 0.0287648
376 0.529482 0.057407 0.0269126
377 0.529482 0.0543935 0.0255408
378 0.529482 0.0602839 0.0279
379 0.529482 0.0569292 0.0266455
380 0.529482 0.0535489 0.0254583
381 0.529482 0.0562997 0.0262512
382 0.529482 0.0545073 0.0255628
383 0.529482 0.0579257 0.027374
384 0.529482 0.0631599 0.0282274
385 0.529482 0.0563922 0.0259582
386 0.529482 0.0557656 0.0256234
387 0.529482 0.0536093 0.0254595
388 0.529495 0.0603374 0.0276985
389 0.529495 0.0530694 0.0254751
390 0.529495 0.0569613 0.0257191
391 0.529495 0.0583627 0.0260736
392 0.529495 0.0587671 0.0260905
393 0.529495 0.0532796 0.0254622
394 0.529495 0.0529484 0.0254866
395 0.529495 0.0554311 0.0255582
396 0.529495 0.0569132 0.0258428
397 0.529495 0.0530306 0.0254785
398 0.529495 0.0589976 0.0274813
399 0.529495 0.0539817 0.0254339
400 0.529495 0.0584626 0.0262545
401 0.529495 0.0678061 0.0296235
402 0.529495 0.0601635 0.0271104
403 0.529495 0.0660067 0.0271776
404 0.529495 0.0563146 0.0255638
405 0.529495 0.053476 0.025458
406 0.529495 0.0634973 0.0298661
407 0.529495 0.0606673 0.0279411
408 0.529495 0.0610214 0.027306
409 0.542799 0.0643684 0.0288209
410 0.542799 0.0713499 0.0310635
411 0.542799 0.064158 0.0284922
412 0.542799 0.0599593 0.0276717
413 0.542799 0.0543532 0.0256406
414 0.542799 0.0633907 0.029025
415 0.542799 0.060744 0.0264706
416 0.542799 0.0543028 0.025635
417 0.542799 0.0583767 0.0278527
418 0.542799 0.0623835 0.0279668
419 0.542799 0.0532804 0.0255997
420 0.542799 0.0650829 0.0281324
421 0.542799 0.0554102 0.0257466
422 0.542799 0.0544456 0.0255629
423 0.542799 0.0657415 0.0294801
424 0.542799 0.053082 0.0256171
425 0.542799 0.053082 0.0256171
426 0.542799 0.056505 0.0259297
427 0.549384 0.0613062 0.0281969
428 0.549384 0.064302 0.0290001
429 0.549384 0.0599954 0.0263758
430 0.549384 0.0629083 0.0266339
431 0.549384 0.0590786 0.0265751
432 0.549384 0.055721 0.0259358
433 0.549384 0.0552214 0.0259803
434 0.549384 0.0532812 0.0258127
435 0.549384 0.0613735 0.0279817
436 0.549384 0.0555954 0.0257198
437 0.549384 0.0622551 0.0290374
438 0.549384 0.0572084 0.0269953
439 0.549384 0.0555322 0.0261099
440 0.549384 0.0587129 0.0272612
441 0.549384 0.0553006 0.0258985
442 0.549384 0.0553766 0.0260219
443 0.549384 0.0580016 0.0270299
444 0.549384 0.0608536 0.0270339
445 0.549384 0.0562645 0.0264825
446 0.549384 0.0621038 0.0286975
447 0.549384 0.053859 0.0259815
448 0.549384 0.0549093 0.0259538
449 0.549384 0.0543943 0.0259426
450 0.549384 0.0534802 0.0260081
451 0.549384 0.0598334 0.0274484
452 0.549384 0.0554187 0.025986
453 0.549384 0.0546516 0.0259329
454 0.549384 0.0574188 0.0263925
455 0.549384 0.0596513 0.0264777
456 0.549384 0.0553763 0.0260181
457 0.549384 0.054433 0.025996
458 0.549384 0.0538194 0.025983
459 0.549384 0.0547423 0.026031
460 0.549384 0.0572802 0.0270415
461 0.549384 0.054135 0.0259802
462 0.549384 0.0624024 0.0281096
463 0.549384 0.0562811 0.0262597
464 0.549384 0.0630467 0.0286213
465 0.549384 0.0616199 0.0282486
466 0.549384 0.0615213 0.0265449
467 0.549384 0.0615769 0.028298
468 0.549384 0.0661578 0.0285228
469 0.549384 0.0540822 0.0261033
470 0.549384 0.0616739 0.0285524
471 0.549384 0.0549601 0.0260719
472 0.549384 0.0558014 0.0262218
473 0.549384 0.0592978 0.0266554
474 0.549384 0.0669781 0.0291867
475 0.549384 0.0621306 0.0285137
476 0.549384 0.0635272 0.0286699
477 0.549384 0.0636554 0.0287908
478 0.549384 0.0641365 0.0290434
479 0.549384 0.0548281 0.0261566
480 0.549384 0.0539129 0.0261178
481 0.549384 0.0563317 0.0262165
482 0.549384 0.0540258 0.0261135
483 0.549384 0.0578111 0.0274462
484 0.549384 0.0540106 0.0261139
485 0.549384 0.056607 0.0265441
486 0.549384 0.0609752 0.0276674
487 0.549384 0.0588223 0.0277275
488 0.549384 0.0583735 0.0278887
489 0.549384 0.0541915 0.0261119
490 0.549384 0.0593378 0.0271864
491 0.549384 0.0640437 0.0292433
492 0.549384 0.0536165 0.0261411
493 0.549384 0.0644453 0.027888
494 0.549384 0.0602721 0.0264403
495 0.549384 0.061927 0.0271983
496 0.549384 0.059238 0.0271098
497 0.549384 0.0603092 0.0269521
498 0.549384 0.0557567 0.0261738
499 0.549384 0.0593684 0.0270963
500 0.549384 0.0567194 0.0264384
501 0.549384 0.0544687 0.0261214
502 0.549384 0.0559627 0.0260867
503 0.549384 0.0611274 0.0282581
504 0.549384 0.0561133 0.026183
505 0.549384 0.0603031 0.0283992
506 0.549384 0.0600305 0.0274792
507 0.549384 0.0575189 0.0267958
508 0.549384 0.0560233 0.0261219
509 0.549384 0.0536165 0.0261411
510 0.549384 0.0573667 0.0264583
511 0.549384 0.0559765 0.0261701
512 0.549384 0.0542709 0.026113
513 0.549384 0.0536165 0.0261411
514 0.549384 0.0536165 0.0261411
515 0.549384 0.0588513 0.0283143
516 0.549384 0.0541655 0.0261118
517 0.549384 0.0594518 0.0274994
518 0.549384 0.0676982 0.0302468
519 0.549384 0.0613658 0.0283484
520 0.549384 0.0578654 0.0267549
521 0.549384 0.0556416 0.0263318
522 0.549384 0.0546119 0.0261323
523 0.549384 0.0540643 0.0261126
524 0.549384 0.0536165 0.0261411
525 0.549384 0.0539119 0.0261178
526 0.549384 0.0551166 0.0262036
527 0.549384 0.0555316 0.0261823
528 0.549384 0.0571456 0.0266003
529 0.549384 0.0536165 0.0261411
530 0.549384 0.0564574 0.0266404
531 0.549384 0.0587561 0.0282259
532 0.549384 0.0552998 0.0262421
533 0.549384 0.057298 0.0265035
534 0.549384 0.0622939 0.0291127
535 0.549384 0.0557304 0.0263589
536 0.549384 0.0571263 0.0263815
537 0.549384 0.0592249 0.0283421
538 0.549384 0.0717171 0.0308786
539 0.549384 0.0555223 0.0262979
540 0.549384 0.0546392 0.0261349
541 0.549384 0.053938 0.0261166
542 0.549384 0.0536165 0.0261411
543 0.549384 0.0577056 0.0262776
544 0.549384 0.0536165 0.0261411
545 0.549384 0.0543705 0.0261163
546 0.549384 0.0593223 0.0269946
547 0.549384 0.0590515 0.0270266
548 0.549384 0.0536165 0.0261411
549 0.549384 0.0607786 0.0267978
550 0.549384 0.0553165 0.0261056
551 0.549384 0.0539983 0.0261143
552 0.549384 0.0603799 0.0280758
553 0.549384 0.0542435 0.0261125
554 0.549384 0.0554616 0.0262817
555 0.549384 0.0612897 0.0285443
556 0.549384 0.0582558 0.0278252
557 0.549384 0.0549552 0.0263422
558 0.549384 0.0554168 0.0263349
559 0.549384 0.0600016 0.0273598
560 0.549384 0.0538749 0.0263301
561 0.549384 0.0609899 0.0279611
562 0.549384 0.0560686 0.0263341
563 0.549384 0.0538154 0.0263362
564 0.549384 0.0598548 0.0277566
565 0.549384 0.0559717 0.0263375
566 0.549384 0.0583158 0.0269421
567 0.549384 0.0590076 0.0284676
568 0.549384 0.0538154 0.0263362
569 0.549384 0.0603647 0.0279457
570 0.549384 0.0543444 0.0263067
571 0.549384 0.0538154 0.0263362
572 0.549384 0.0604498 0.0284783
573 0.549384 0.0663276 0.0294745
574 0.549384 0.0705979 0.0282762
575 0.549384 0.0567431 0.0268751
576 0.549384 0.057494 0.0265329
577 0.549384 0.0559215 0.0263374
578 0.549384 0.0596178 0.0267721
579 0.549384 0.0550762 0.0263581
580 0.549384 0.0592466 0.0286955
581 0.549384 0.0617121 0.0280808
582 0.549384 0.0555286 0.0264366
583 0.549384 0.0573842 0.026801
584 0.549384 0.060958 0.0289356
585 0.549384 0.0581846 0.0271113
586 0.549384 0.0543202 0.0266483
587 0.549384 0.0588707 0.0281391
588 0.549384 0.0546058 0.026635
589 0.549384 0.0583483 0.0271813
590 0.549384 0.0555809 0.0266961
591 0.549384 0.0582554 0.0271902
592 0.549384 0.0604478 0.0270027
593 0.549384 0.0569916 0.0266585
594 0.549384 0.05638 0.0267887
595 0.549384 0.0579067 0.0268691
596 0.549384 0.0628655 0.0282032
597 0.549384 0.0614942 0.0290319
598 0.549384 0.0551491 0.0267765
599 0.549384 0.060911 0.0273118
600 0.549384 0.0578202 0.0272412
601 0.549384 0.0591205 0.0271976
602 0.549384 0.0570701 0.0271911
603 0.549384 0.0617955 0.0291519
604 0.549384 0.0608539 0.0283525
605 0.549384 0.0634749 0.0298909
606 0.549384 0.059254 0.0272007
607 0.549384 0.0552921 0.026946
608 0.549384 0.054985 0.0269512
609 0.549384 0.0588424 0.0277454
610 0.549384 0.0599795 0.0294051
611 0.549384 0.0583025 0.0280957
612 0.549384 0.0620911 0.0290271
613 0.549384 0.0599744 0.0277307
614 0.549384 0.0593536 0.0285115
615 0.549384 0.0691512 0.030606
616 0.549384 0.0732253 0.0314992
617 0.549384 0.0580049 0.0273958
618 0.549384 0.0635577 0.029149
619 0.549384 0.0567578 0.0272404
620 0.549384 0.0598552 0.0283656
621 0.549384 0.0547504 0.0272518
622 0.549384 0.0570022 0.0271764
623 0.549384 0.0654964 0.0293298
624 0.549384 0.0641146 0.0285904
625 0.549384 0.0758256 0.0312161
626 0.549384 0.0616488 0.0281862
627 0.549384 0.0564919 0.0272212
628 0.549384 0.0589686 0.0274664
629 0.549384 0.0558982 0.0272566
630 0.549384 0.0597431 0.0275434
631 0.549384 0.0575903 0.0275223
632 0.549384 0.0564827 0.0272164
633 0.549384 0.0569284 0.0274408
634 0.549384 0.0592731 0.0285843
635 0.549384 0.0607512 0.0289326
636 0.549384 0.0625526 0.0276734
637 0.549384 0.0613438 0.0295946
638 0.549384 0.0560896 0.027196
639 0.549384 0.0571404 0.0272707
640 0.549384 0.0559858 0.0272678
641 0.549384 0.0577914 0.0275564
642 0.549384 0.0598024 0.0280553
643 0.549384 0.0553134 0.0272054
644 0.549384 0.0566074 0.0273163
645 0.549384 0.0547504 0.0272518
646 0.549384 0.0642093 0.0286856
647 0.549384 0.0561221 0.0272882
648 0.549384 0.055062 0.027227
649 0.549384 0.0572116 0.0272196
650 0.549384 0.0588448 0.0278548
651 0.549384 0.0562193 0.0271962
652 0.549384 0.0572835 0.0273141
653 0.549384 0.0547504 0.0272518
654 0.549384 0.0547504 0.0272518
655 0.549384 0.0611596 0.0274462
656 0.549384 0.0590627 0.0273333
657 0.549384 0.0577397 0.0273636
658 0.549384 0.0555878 0.0272293
659 0.549384 0.0613401 0.0290767
660 0.549384 0.0547504 0.0272518
661 0.549384 0.055693 0.0272364
662 0.549384 0.0679098 0.0317015
663 0.549384 0.0582389 0.0275901
664 0.549384 0.0606474 0.0283382
665 0.549384 0.0557668 0.0272165
666 0.549384 0.0595583 0.0278204
667 0.549384 0.0564945 0.0272156
668 0.549384 0.0570004 0.0272545
669 0.549384 0.0664291 0.0292731
670 0.549384 0.0582367 0.0273811
671 0.549384 0.0673024 0.0305116
672 0.549384 0.0609436 0.0282773
673 0.549384 0.0566504 0.0272649
674 0.549384 0.0565504 0.0272815
675 0.549384 0.055113 0.0272248
676 0.549384 0.0570277 0.0275185
677 0.549384 0.0547504 0.0272518
678 0.549384 0.0563996 0.0273414
679 0.549384 0.0574838 0.0276966
680 0.549384 0.0658802 0.0311138
681 0.549384 0.0609526 0.0283671
682 0.549384 0.0593788 0.0275449
683 0.549384 0.0604317 0.0291583
684 0.549384 0.0618049 0.0296905
685 0.549384 0.0613216 0.0286958
686 0.549384 0.0574822 0.0276906
687 0.549384 0.0615813 0.0287277
688 0.549384 0.059701 0.0278695
689 0.549384 0.0559195 0.0273224
690 0.549384 0.0620131 0.0291521
691 0.549384 0.0675073 0.0321474
692 0.549384 0.0560675 0.0273826
693 0.549384 0.0609124 0.0276553
694 0.549384 0.0596154 0.0278286
695 0.549384 0.0587285 0.0277463
696 0.549384 0.0617873 0.0276922
697 0.549384 0.0653592 0.0302112
698 0.549384 0.06541 0.031442
699 0.549384 0.0557672 0.0273813
700 0.549384 0.0553036 0.0274112
701 0.549384 0.0598282 0.0281943
702 0.549384 0.056243 0.0273505
703 0.549384 0.0559572 0.0273775
704 0.549384 0.0626005 0.0285273
705 0.549384 0.0606702 0.029701
706 0.549384 0.059773 0.028046
707 0.549384 0.0661147 0.0308132
708 0.549384 0.0569367 0.0274163
709 0.549384 0.0557481 0.0273889
710 0.549384 0.0606059 0.0285261
711 0.549384 0.0628524 0.0298994
712 0.549384 0.0666963 0.0313139
713 0.549384 0.0625103 0.030025
714 0.549384 0.0570769 0.0274634
715 0.549384 0.0568228 0.0275844
716 0.549384 0.0549384 0.0274384
717 0.549384 0.0556486 0.02741
718 0.549384 0.0686304 0.0317244
719 0.549384 0.0594874 0.0278759
720 0.549384 0.0618064 0.0278539
721 0.549384 0.0592458 0.0272967
722 0.549384 0.0668479 0.0304697
723 0.549384 0.0553565 0.0274095
724 0.549384 0.0601144 0.0286663
725 0.549384 0.0549384 0.0274384
726 0.549384 0.0564165 0.0273873
727 0.549384 0.059688 0.0291671
728 0.549384 0.0572645 0.0277213
729 0.549384 0.0604322 0.0298469
730 0.549384 0.0597247 0.0280411
731 0.549384 0.0601985 0.0282265
732 0.549384 0.0590845 0.0286973
733 0.549384 0.0651642 0.0297642
734 0.549384 0.0572865 0.0277292
735 0.549384 0.0549384 0.0274384
736 0.549384 0.0549384 0.0274384
737 0.549384 0.0624934 0.0298984
738 0.549384 0.0549384 0.0274384
739 0.549384 0.0556514 0.0273845
740 0.549384 0.0582649 0.027578
741 0.549384 0.0564694 0.0274499
742 0.549384 0.0560477 0.0274384
743 0.549384 0.0549399 0.0274383
744 0.549384 0.0559376 0.0273793
745 0.549384 0.0601926 0.0279247
746 0.549384 0.0606902 0.0284088
747 0.549384 0.0587116 0.0274966
748 0.549384 0.0559248 0.0273804
749 0.549384 0.0568988 0.0274161
750 0.549384 0.0640756 0.0291841
751 0.549384 0.0654765 0.0285924
752 0.549384 0.0607596 0.0279417
753 0.549384 0.0578633 0.0275495
754 0.549384 0.0774679 0.0333022
755 0.549384 0.0655169 0.0309261
756 0.549384 0.0580651 0.0275787
757 0.549384 0.0549384 0.0274384
758 0.549384 0.0560943 0.0274053
759 0.549384 0.0620615 0.0288449
760 0.549384 0.0584576 0.0281466
761 0.549384 0.0584691 0.0280713
762 0.549384 0.0587405 0.0278472
763 0.549384 0.0706748 0.0302089
764 0.549384 0.0607417 0.0288839
765 0.549384 0.0592305 0.0281588
766 0.549384 0.0645385 0.028555
767 0.549384 0.0667028 0.0307675
768 0.549384 0.0553619 0.0274058
769 0.549384 0.0571892 0.0274417
770 0.549384 0.0639465 0.030084
771 0.549384 0.0575909 0.0275984
772 0.549384 0.058909 0.0280793
773 0.549384 0.0549384 0.0274384
774 0.549384 0.056149 0.0273967
775 0.549384 0.0625397 0.029212
776 0.549384 0.0549384 0.0274384
777 0.549384 0.0563867 0.0274875
778 0.549384 0.0582024 0.0273753
779 0.549384 0.0612429 0.0276177
780 0.549384 0.0582408 0.0273818
781 0.549384 0.0599077 0.0280894
782 0.549384 0.0583564 0.0276545
783 0.549384 0.0617744 0.0297379
784 0.549384 0.0627579 0.029895
785 0.549384 0.0598682 0.0280646
786 0.549384 0.0652559 0.0296836
787 0.549384 0.0572282 0.027453
788 0.549384 0.057281 0.0273581
789 0.549384 0.0627848 0.0290239
790 0.549384 0.058393 0.02765
791 0.549384 0.0637815 0.0300568
792 0.549384 0.0582954 0.0281024
793 0.549384 0.0549384 0.0274384
794 0.549384 0.0600908 0.0278761
795 0.549384 0.0603755 0.0283468
796 0.549384 0.0557169 0.0273828
797 0.549384 0.0553316 0.0274103
798 0.549384 0.057904 0.027547
799 0.549384 0.0591834 0.0276175
800 0.549384 0.0598081 0.0276669
801 0.549384 0.0629416 0.0286945
802 0.549384 0.0634757 0.028726
803 0.549384 0.0603967 0.0279604
804 0.549384 0.0660014 0.0303341
805 0.549384 0.0634394 0.0295263
806 0.549384 0.0592688 0.0276564
807 0.549384 0.0616247 0.0283336
808 0.549384 0.0650599 0.0282929
809 0.549384 0.0549384 0.0274384
810 0.549384 0.0609405 0.0281211
811 0.549384 0.0670841 0.0295197
812 0.549384 0.0625143 0.0280381
813 0.549384 0.0701375 0.0318566
814 0.549384 0.0589446 0.0280725
815 0.549384 0.0613573 0.0289379
816 0.549384 0.0605704 0.0296043
817 0.549384 0.0650167 0.0285088
818 0.549384 0.0619315 0.0284537
819 0.549384 0.0644155 0.0298953
820 0.549384 0.0549384 0.0274384
821 0.549384 0.0639762 0.0289472
822 0.549384 0.0551551 0.0274191
823 0.549384 0.0562815 0.0273787
824 0.549384 0.0579211 0.0276317
825 0.549384 0.0614448 0.0281911
826 0.549384 0.0583422 0.0275679
827 0.549384 0.0570107 0.0276379
828 0.549384 0.0557215 0.0274128
829 0.549384 0.0570083 0.0276364
830 0.549384 0.0591927 0.0275562
831 0.549384 0.0596339 0.0287299
832 0.549384 0.0607175 0.0298202
833 0.549384 0.0550307 0.027429
834 0.549384 0.0697302 0.0316203
835 0.549384 0.0602783 0.0278073
836 0.549384 0.0569265 0.027613
837 0.549384 0.0572748 0.0276143
838 0.549384 0.0559504 0.0273937
839 0.549384 0.0604315 0.0281527
840 0.549384 0.058034 0.0274893
841 0.549384 0.0594628 0.0279621
842 0.549384 0.0582821 0.0277865
843 0.549384 0.0685349 0.0308048
844 0.549384 0.0580657 0.0276028
845 0.549384 0.0686918 0.0305342
846 0.549384 0.0649962 0.0285814
847 0.549384 0.0562452 0.0273652
848 0.549384 0.0587783 0.0284868
849 0.549384 0.0594752 0.027459
850 0.549384 0.0587557 0.0276479
851 0.549384 0.0663585 0.0307085
852 0.549384 0.0612635 0.0297873
853 0.549384 0.0593195 0.0275986
854 0.549384 0.0590185 0.0278404
855 0.549384 0.0568679 0.0275966
856 0.549384 0.0697692 0.0290515
857 0.549384 0.0578844 0.0273969
858 0.549384 0.0633439 0.0284541
859 0.549384 0.0582199 0.0274359
860 0.549384 0.0578197 0.027403
861 0.549384 0.0558631 0.0274213
862 0.549384 0.055536 0.0274078
863 0.549384 0.0557152 0.0274039
864 0.549384 0.0584834 0.0277167
865 0.549384 0.0610407 0.0281115
866 0.549384 0.0569723 0.0273775
867 0.549384 0.0622796 0.0283521
868 0.549384 0.0618696 0.0280318
869 0.549384 0.0602939 0.028024
870 0.549384 0.0612793 0.028615
871 0.549384 0.0663043 0.0291867
872 0.549384 0.0569847 0.0274326
873 0.549384 0.0582775 0.0273732
874 0.549384 0.0593585 0.0278208
875 0.549384 0.0549384 0.0274384
876 0.549384 0.0579147 0.0275989
877 0.549384 0.0549384 0.0274384
878 0.549384 0.0561998 0.0273772
879 0.549384 0.0549881 0.0274332
880 0.549384 0.0677517 0.0311737
881 0.549384 0.0671513 0.03165
882 0.549384 0.05697 0.027419
883 0.549384 0.059408 0.028912
884 0.549384 0.0554754 0.0274077
885 0.549384 0.0588949 0.0276836
886 0.549384 0.0565586 0.0274064
887 0.549384 0.0568036 0.0275445
888 0.549384 0.056167 0.0273802
889 0.549384 0.0679295 0.0304949
890 0.549384 0.0601783 0.0277594
891 0.549384 0.0622756 0.0299325
892 0.549384 0.0604139 0.0291237
893 0.549384 0.0557713 0.0274154
894 0.549384 0.0562673 0.0273944
895 0.549384 0.0595288 0.027623
896 0.549384 0.0612238 0.0285041
897 0.549384 0.0569041 0.0276067
898 0.549384 0.059349 0.027599
899 0.549384 0.0642135 0.0288612
900 0.549384 0.05694 0.0274843
901 0.549384 0.0629252 0.0287284
902 0.549384 0.056213 0.0274594
903 0.549384 0.0592861 0.0288461
904 0.549384 0.0604322 0.0298469
905 0.549384 0.0593467 0.0280995
906 0.549384 0.0549384 0.0274384
907 0.549384 0.0563456 0.0274803
908 0.549384 0.0558957 0.0274238
909 0.549384 0.0591497 0.0279797
910 0.549384 0.0564426 0.0273738
911 0.549384 0.0561817 0.0273773
912 0.549384 0.0549384 0.0274384
913 0.549384 0.0623628 0.0298029
914 0.549384 0.0625301 0.0293055
915 0.549384 0.0607085 0.0285427
916 0.549384 0.0563859 0.0274873
917 0.549384 0.0550972 0.0274233
918 0.549384 0.0549384 0.0274384
919 0.549384 0.0565564 0.0274744
920 0.549384 0.0602652 0.0278227
921 0.549384 0.0640206 0.0291707
922 0.549384 0.0578792 0.0276231
923 0.549384 0.0597855 0.0274422
924 0.549384 0.0560612 0.0273771
925 0.549384 0.0556463 0.02741
926 0.549384 0.0549384 0.0274384
927 0.549384 0.0549384 0.0274384
928 0.549384 0.0561999 0.0273979
929 0.549384 0.0549384 0.0274384
930 0.549384 0.0641081 0.0299647
931 0.549384 0.0549384 0.0274384
932 0.549384 0.0597866 0.0276691
933 0.549384 0.0577893 0.0274027
934 0.549384 0.0556366 0.0274097
935 0.549384 0.0573503 0.0273525
936 0.549384 0.0555607 0.0274081
937 0.549384 0.0585587 0.0276869
938 0.549384 0.0672723 0.0302413
939 0.549384 0.0667553 0.031204
940 0.549384 0.0574666 0.0276074
941 0.549384 0.0549384 0.0274384
942 0.549384 0.0564069 0.0274047
943 0.549384 0.0569193 0.0276008
944 0.549384 0.0619002 0.028725
945 0.549384 0.0651717 0.0299357
946 0.549384 0.0600975 0.0281772
947 0.549384 0.0604322 0.0298469
948 0.549384 0.0572725 0.0275162
949 0.549384 0.0594162 0.028318
950 0.549384 0.0568899 0.0274336
951 0.549384 0.0647334 0.0305501
952 0.549384 0.0623022 0.0296394
953 0.549384 0.0567483 0.0274408
954 0.549384 0.0602581 0.0291625
955 0.549384 0.0617547 0.0297761
956 0.549384 0.0551489 0.0274195
957 0.549384 0.0597043 0.0277896
958 0.549384 0.0549384 0.0274384
959 0.549384 0.064434 0.0290598
960 0.549384 0.05629 0.0274711
961 0.549384 0.0615951 0.0294634
962 0.549384 0.0608878 0.0291053
963 0.549384 0.0621279 0.0286825
964 0.549384 0.0563163 0.0273813
965 0.549384 0.0655968 0.0287266
966 0.549384 0.0712462 0.0313494
967 0.549384 0.0589756 0.0275164
968 0.549384 0.0577067 0.0274724
969 0.549384 0.0585269 0.0275376
970 0.549384 0.0564754 0.0275041
971 0.549384 0.0631732 0.0277785
972 0.549384 0.0549384 0.0274384
973 0.549384 0.05677 0.0274149
974 0.549384 0.071195 0.0319861
975 0.549384 0.0641959 0.0305559
976 0.549384 0.0608713 0.0289491
977 0.549384 0.0645161 0.0297613
978 0.549384 0.057165 0.0273747
979 0.549384 0.0549511 0.027437
980 0.549384 0.0592184 0.0276428
981 0.549384 0.0629088 0.0298694
982 0.549384 0.0612901 0.0282716
983 0.549384 0.0586077 0.0283216
984 0.549384 0.0590984 0.0274413
985 0.549384 0.0605664 0.0282984
986 0.549384 0.0581459 0.0274497
987 0.549384 0.0566565 0.0274023
988 0.549384 0.0619505 0.0280816
989 0.549384 0.0596038 0.0290971
990 0.549384 0.0670561 0.0297566
991 0.549384 0.0551119 0.0274222
992 0.549384 0.0558393 0.0274196
993 0.549384 0.0549384 0.0274384
994 0.549384 0.0598717 0.0281759
995 0.549384 0.0649275 0.0290104
996 0.549384 0.0646709 0.0287874
997 0.549384 0.0605619 0.0284362
998 0.549384 0.0605222 0.0281173
999 0.549384 0.0572528 0.0274111
1000 0.549384 0.0549384 0.0274384
