0 0.125272 0.0613464 0.00394753
1 0.125275 0.0690098 0.00389168
2 0.125275 0.0735632 0.00378309
3 0.125275 0.0841077 0.00345595
4 0.125275 0.0828781 0.00350741
5 0.125275 0.0860012 0.00333912
6 0.125275 0.0956467 0.00279559
7 0.125275 0.098983 0.00260235
8 0.125275 0.105158 0.00211706
9 0.125275 0.103907 0.00222114
10 0.125275 0.106286 0.00195371
11 0.500524 0.111483 0.00342401
11 0.473658 0.00473658 0.00224352
12 0.473658 0.00901735 0.00403506
13 0.473658 0.0135865 0.00603955
14 0.473658 0.0166038 0.00686713
15 0.509375 0.0263944 0.0102094
16 0.509375 0.0417282 0.0151339
17 0.509375 0.04227 0.0153308
18 0.509375 0.0615947 0.0203362
19 0.509375 0.0907981 0.0281621
20 0.509375 0.0716247 0.0232949
21 0.509375 0.0683011 0.0239318
22 0.509375 0.0651352 0.0234424
23 0.509375 0.0700291 0.0250107
24 0.521805 0.0733153 0.0270198
25 0.521805 0.0970054 0.0338145
26 0.534051 0.100517 0.0330958
27 0.546865 0.107192 0.0371731
28 0.557953 0.135117 0.0416014
29 0.557953 0.162548 0.0442788
30 0.557953 0.153802 0.0441029
31 0.557953 0.159728 0.045222
32 0.573178 0.165588 0.0440847
33 0.573178 0.142338 0.0428923
34 0.573178 0.134346 0.0409963
35 0.573178 0.166624 0.0483985
36 0.573178 0.167392 0.0426848
37 0.573178 0.167242 0.0442527
38 0.573178 0.173585 0.0478975
39 0.573178 0.147579 0.0454686
40 0.573178 0.17362 0.0506458
41 0.576728 0.183231 0.0507318
42 0.576728 0.164041 0.0443903
43 0.576728 0.174149 0.0491449
44 0.576728 0.169161 0.0463316
45 0.576728 0.194055 0.0457661
46 0.576728 0.192092 0.0466516
47 0.576728 0.194664 0.0481104
48 0.576728 0.192398 0.0513052
49 0.576728 0.177064 0.0478428
50 0.576728 0.20402 0.0485756
51 0.578354 0.173905 0.046083
52 0.578354 0.16277 0.0476933
53 0.580357 0.181211 0.0502803
54 0.580357 0.139443 0.045453
55 0.580357 0.17859 0.0483745
56 0.580357 0.153364 0.0449541
57 0.580357 0.158058 0.0451881
58 0.580357 0.158729 0.0443424
59 0.580357 0.165211 0.0462247
60 0.580357 0.163137 0.0481071
61 0.580357 0.157493 0.045354
62 0.580357 0.153586 0.0466956
63 0.580357 0.169031 0.0486163
64 0.580357 0.164303 0.0467274
65 0.580357 0.158861 0.0448441
66 0.580357 0.147056 0.0469104
67 0.580357 0.162289 0.0490497
68 0.580357 0.157732 0.0454533
69 0.580357 0.131023 0.0407005
70 0.580357 0.154748 0.0445941
71 0.580357 0.164594 0.0454998
72 0.580357 0.18445 0.0532156
73 0.580357 0.181307 0.0460264
74 0.580357 0.195249 0.0466792
75 0.580357 0.190237 0.0482745
76 0.580357 0.1809 0.0473174
77 0.580357 0.193625 0.0503684
78 0.580357 0.157136 0.0500304
79 0.580357 0.140569 0.0470991
80 0.580357 0.171442 0.050583
81 0.580357 0.181096 0.0533756
82 0.580357 0.150151 0.0480553
83 0.580357 0.171848 0.0513793
84 0.580357 0.16127 0.0476375
85 0.582584 0.163867 0.0490114
86 0.584121 0.181071 0.0485662
87 0.584121 0.160897 0.0511528
88 0.584121 0.161788 0.0489294
89 0.584121 0.176033 0.0539481
90 0.584121 0.190306 0.055929
91 0.584121 0.179953 0.0492986
92 0.584121 0.157634 0.0498128
93 0.584121 0.160601 0.0485105
94 0.584121 0.154247 0.0491299
95 0.584121 0.191722 0.0526163
96 0.584121 0.184938 0.0540444
97 0.584121 0.17946 0.0504546
98 0.584121 0.161668 0.049472
99 0.584121 0.143391 0.0462532
100 0.584121 0.152666 0.0456438
101 0.584121 0.154514 0.0458357
102 0.584121 0.182867 0.0533165
103 0.584121 0.172217 0.0474406
104 0.584121 0.144027 0.0440401
105 0.584121 0.139869 0.045527
106 0.584121 0.154214 0.0485293
107 0.584121 0.17513 0.0491978
108 0.584121 0.166449 0.0525086
109 0.584121 0.160067 0.0466996
110 0.584121 0.162172 0.0534606
111 0.584121 0.167952 0.0462713
112 0.584121 0.152071 0.0462478
113 0.584121 0.154225 0.045347
114 0.584121 0.185235 0.049595
115 0.584121 0.192153 0.0533922
116 0.584121 0.17126 0.0474206
117 0.584121 0.167303 0.047909
118 0.584121 0.155457 0.0453074
119 0.584121 0.165905 0.0469342
120 0.584121 0.167418 0.0504831
121 0.584121 0.161827 0.0499867
122 0.584121 0.174277 0.0508152
123 0.584121 0.16169 0.0482804
124 0.584121 0.140187 0.0451763
125 0.584121 0.158085 0.0465513
126 0.584121 0.181052 0.0511313
127 0.584121 0.172044 0.0492905
128 0.584121 0.188112 0.0536705
129 0.584121 0.177734 0.0498725
130 0.584121 0.179666 0.0487283
131 0.584121 0.156587 0.0449494
132 0.584121 0.149315 0.0462389
133 0.584121 0.181652 0.0564044
134 0.584121 0.172653 0.0507482
135 0.584121 0.155982 0.0493068
136 0.584121 0.144331 0.0503901
137 0.584121 0.142189 0.0498305
138 0.584121 0.168353 0.0521226
139 0.584121 0.158419 0.0501461
140 0.584121 0.169798 0.0537239
141 0.584121 0.151316 0.051297
142 0.584121 0.14124 0.0491087
143 0.584121 0.137937 0.0476472
144 0.584121 0.172401 0.0493768
145 0.584121 0.151505 0.0487776
146 0.584121 0.155708 0.0488801
147 0.584121 0.161537 0.0502806
148 0.584121 0.176915 0.0527768
149 0.584121 0.16442 0.0518262
150 0.584121 0.160654 0.0501832
151 0.584121 0.155022 0.0509023
152 0.584121 0.172353 0.0525027
153 0.584121 0.189968 0.0520833
154 0.584121 0.172242 0.0478758
155 0.584121 0.184474 0.0518723
156 0.584121 0.163855 0.0486924
157 0.584121 0.166614 0.0499493
158 0.584121 0.14869 0.0428651
159 0.584121 0.137071 0.045827
160 0.584121 0.158807 0.0463175
161 0.584215 0.177304 0.0460962
162 0.584215 0.182092 0.0510809
163 0.584215 0.173662 0.0499324
164 0.584215 0.149983 0.0433476
165 0.584215 0.138563 0.0428629
166 0.584215 0.142333 0.0448857
167 0.584215 0.14503 0.0445482
168 0.584215 0.154052 0.0457585
169 0.584215 0.154779 0.045658
170 0.584215 0.162963 0.0504423
171 0.584215 0.151863 0.0464083
172 0.584215 0.162022 0.0476546
173 0.584215 0.176332 0.0488516
174 0.584215 0.19444 0.0510826
175 0.584215 0.174904 0.0499135
176 0.584215 0.158152 0.0449967
177 0.584215 0.161388 0.0489005
178 0.584215 0.1596 0.0528641
179 0.584215 0.149927 0.049929
180 0.584215 0.118406 0.0419299
181 0.584215 0.12872 0.0490949
182 0.584215 0.15482 0.0516941
183 0.584215 0.133377 0.0421851
184 0.584215 0.150351 0.0491945
185 0.584215 0.15562 0.0480972
186 0.584215 0.147128 0.0465924
187 0.586661 0.200559 0.0532903
188 0.586661 0.220502 0.0530733
189 0.586661 0.219533 0.0534075
190 0.586661 0.200041 0.0545394
191 0.586661 0.191019 0.0506293
192 0.586661 0.168558 0.0485959
193 0.586661 0.163041 0.0505266
194 0.586661 0.185585 0.0505972
195 0.586661 0.159143 0.045729
196 0.587222 0.163758 0.0502939
197 0.587222 0.170838 0.0508113
198 0.587222 0.175911 0.0454906
199 0.587222 0.164325 0.0458332
200 0.587222 0.201504 0.0505305
201 0.587222 0.194679 0.0503778
202 0.587222 0.204312 0.0536678
203 0.587222 0.187469 0.0492545
204 0.587222 0.178468 0.0484417
205 0.587222 0.196311 0.0499111
206 0.587222 0.180176 0.05013
207 0.587222 0.176049 0.0517749
208 0.587222 0.193107 0.0529639
209 0.587222 0.212375 0.0557547
210 0.587222 0.19384 0.0531233
211 0.587961 0.168262 0.052305
212 0.587961 0.163735 0.0501007
213 0.587961 0.180609 0.0515461
214 0.587961 0.175083 0.049755
215 0.587961 0.20562 0.0562048
216 0.587961 0.183068 0.0521911
217 0.587961 0.187474 0.0516119
218 0.587961 0.159524 0.0502193
219 0.587961 0.146461 0.0463191
220 0.587961 0.163148 0.0499154
221 0.587961 0.183252 0.0514825
222 0.587961 0.175174 0.0459763
223 0.587961 0.136301 0.0439071
224 0.587961 0.14486 0.0439923
225 0.587961 0.13998 0.0451529
226 0.590516 0.172039 0.0511091
227 0.590516 0.161747 0.0467044
228 0.590516 0.181465 0.0497173
229 0.590516 0.182944 0.0449232
230 0.590516 0.198321 0.0509505
231 0.590539 0.195348 0.0494623
232 0.590539 0.207652 0.0535932
233 0.590539 0.161777 0.0483988
234 0.590539 0.158332 0.0468833
235 0.590539 0.18121 0.0526552
236 0.590539 0.177736 0.0491538
237 0.590539 0.162797 0.0495883
238 0.590539 0.187683 0.052429
239 0.590539 0.177922 0.0524502
240 0.590539 0.170767 0.0479279
241 0.590539 0.159912 0.0470409
242 0.590539 0.128781 0.0425454
243 0.590539 0.167787 0.0509787
244 0.590539 0.187209 0.0528112
245 0.590539 0.199974 0.0505565
246 0.590539 0.196525 0.0516455
247 0.590539 0.188056 0.0503386
248 0.590539 0.202889 0.0566665
249 0.590539 0.208162 0.0546039
250 0.590539 0.185424 0.0533726
251 0.590539 0.171344 0.0500761
252 0.590539 0.157226 0.0483489
253 0.590539 0.181677 0.0513118
254 0.590539 0.191097 0.0473955
255 0.590539 0.161018 0.0470309
256 0.590539 0.15566 0.0472964
257 0.590539 0.194345 0.0509075
258 0.590539 0.189706 0.0530208
259 0.590539 0.203728 0.0541703
260 0.590539 0.214894 0.0546868
261 0.590539 0.210146 0.0515164
262 0.590539 0.184243 0.0501921
263 0.590539 0.167352 0.0505369
264 0.590539 0.197498 0.0531774
265 0.590539 0.208441 0.049987
266 0.590539 0.197641 0.0530158
267 0.590539 0.18597 0.0515781
268 0.590539 0.185493 0.0573658
269 0.590539 0.173247 0.0508369
270 0.590539 0.200553 0.0519645
271 0.590539 0.180637 0.0494397
272 0.590539 0.157696 0.0495517
273 0.590539 0.165261 0.0504203
274 0.590539 0.142431 0.0505572
275 0.590539 0.157914 0.0510666
276 0.590539 0.157382 0.0494765
277 0.590539 0.152293 0.0468335
278 0.590539 0.133084 0.0438213
279 0.590539 0.156957 0.0486335
280 0.590539 0.155105 0.0470916
281 0.590539 0.181362 0.0549352
282 0.590539 0.179181 0.0505669
283 0.590539 0.152924 0.0480883
284 0.590539 0.175892 0.0537848
285 0.590539 0.175185 0.0501093
286 0.590539 0.164724 0.0521391
287 0.590539 0.159015 0.0514842
288 0.590539 0.193453 0.054175
289 0.590539 0.179436 0.0505873
290 0.590539 0.162418 0.0488212
291 0.590539 0.183514 0.0510233
292 0.590539 0.19522 0.0526942
293 0.590539 0.231803 0.0583844
294 0.590539 0.195667 0.0511512
295 0.590539 0.169278 0.0476688
296 0.590539 0.188631 0.050241
297 0.590539 0.167345 0.0506051
298 0.590539 0.163195 0.047165
299 0.590539 0.190563 0.050931
300 0.590539 0.156007 0.0471774
301 0.590539 0.172203 0.0495733
302 0.590539 0.178787 0.054843
303 0.590539 0.188176 0.0551905
304 0.590539 0.20117 0.0530966
305 0.590539 0.19556 0.0514991
306 0.590539 0.197949 0.0525635
307 0.590539 0.194944 0.0485942
308 0.590539 0.192988 0.0523115
309 0.590539 0.178715 0.0482818
310 0.590539 0.216098 0.0531848
311 0.590539 0.188391 0.0496769
312 0.590539 0.214544 0.0525342
313 0.590539 0.20063 0.0546052
314 0.590539 0.182228 0.0504215
315 0.590539 0.164813 0.0515729
316 0.590539 0.167772 0.0443174
317 0.590539 0.157879 0.047619
318 0.590539 0.142999 0.0476489
319 0.590539 0.163999 0.0504542
320 0.590539 0.162041 0.049304
321 0.590539 0.160933 0.0501635
322 0.590539 0.189366 0.0505313
323 0.590539 0.180287 0.0502003
324 0.593109 0.169647 0.0488253
325 0.593109 0.157283 0.0496452
326 0.593109 0.184121 0.0541485
327 0.593109 0.195698 0.0519604
328 0.593109 0.189005 0.0553919
329 0.593109 0.176117 0.0538893
330 0.593109 0.170935 0.0503147
331 0.593109 0.149801 0.0455739
332 0.593109 0.165469 0.0459273
333 0.593109 0.171823 0.0447167
334 0.593109 0.165497 0.0489505
335 0.593109 0.173494 0.0536862
336 0.593109 0.20292 0.0568216
337 0.593109 0.198201 0.0543297
338 0.593109 0.159934 0.0503771
339 0.593109 0.173042 0.0508445
340 0.593109 0.178743 0.0512473
341 0.593109 0.173815 0.0499081
342 0.593109 0.167979 0.0510281
343 0.593109 0.180365 0.0521168
344 0.593109 0.161542 0.049951
345 0.593109 0.162147 0.049795
346 0.593109 0.176684 0.0526471
347 0.593109 0.172169 0.0499014
348 0.593109 0.18206 0.0507973
349 0.593109 0.153897 0.045572
350 0.593109 0.171523 0.0496233
351 0.593109 0.142453 0.0467845
352 0.593109 0.151689 0.0460867
353 0.593109 0.173071 0.050677
354 0.593109 0.170608 0.0474281
355 0.593109 0.166431 0.0464767
356 0.593109 0.172346 0.0475105
357 0.593109 0.163916 0.0467998
358 0.593109 0.158187 0.0511017
359 0.593109 0.163979 0.0497017
360 0.593109 0.151862 0.0493205
361 0.593109 0.168693 0.0540384
362 0.593109 0.145927 0.0481318
363 0.593109 0.158819 0.0511719
364 0.593109 0.199107 0.0527453
365 0.593109 0.203375 0.0520897
366 0.593109 0.185891 0.0484117
367 0.593109 0.16038 0.0477485
368 0.593109 0.154763 0.0482944
369 0.593109 0.150645 0.0470282
370 0.593109 0.153762 0.0476057
371 0.593109 0.145187 0.0440622
372 0.593109 0.161467 0.0493166
373 0.593109 0.151445 0.0479166
374 0.593109 0.14863 0.0488645
375 0.593109 0.15913 0.0491582
376 0.593109 0.14342 0.0459817
377 0.593109 0.142516 0.0463268
378 0.593236 0.182888 0.0523651
379 0.593236 0.190902 0.0525189
380 0.593236 0.185644 0.0537766
381 0.593236 0.171727 0.0532402
382 0.593236 0.163295 0.0465626
383 0.593236 0.172826 0.0498406
384 0.593236 0.156848 0.0495255
385 0.593236 0.15692 0.0478084
386 0.593236 0.17207 0.0482534
387 0.593236 0.177413 0.0485749
388 0.593236 0.211599 0.0555319
389 0.593236 0.225492 0.0536145
390 0.593236 0.222576 0.0543346
391 0.593236 0.181452 0.05052
392 0.593236 0.183139 0.0521898
393 0.593236 0.166012 0.0482624
394 0.593236 0.191202 0.0500823
395 0.593236 0.181006 0.0458282
396 0.593236 0.202666 0.0504671
397 0.593236 0.177303 0.0493628
398 0.593236 0.19049 0.0510027
399 0.593236 0.185696 0.0501774
400 0.593236 0.178385 0.0508434
401 0.593236 0.161921 0.045702
402 0.593236 0.186643 0.0524807
403 0.593236 0.186851 0.0527928
404 0.593236 0.177824 0.0546448
405 0.594721 0.164114 0.049974
406 0.594721 0.167764 0.0495476
407 0.594721 0.188077 0.0510594
408 0.594721 0.1758 0.048499
409 0.594721 0.15303 0.0460127
410 0.594721 0.166864 0.0460169
411 0.594721 0.149474 0.0413279
412 0.594721 0.17648 0.0457386
413 0.594721 0.203298 0.053303
414 0.594721 0.185963 0.0509936
415 0.594721 0.189921 0.0507646
416 0.594721 0.168597 0.0514497
417 0.594721 0.189704 0.0524983
418 0.594721 0.176814 0.0462552
419 0.594721 0.181445 0.0493815
420 0.594721 0.1645 0.047865
421 0.594721 0.167714 0.0470897
422 0.594721 0.150229 0.0479017
423 0.594721 0.192467 0.0493713
424 0.594721 0.198734 0.0516867
425 0.594721 0.194222 0.0527264
426 0.594721 0.175965 0.0505754
427 0.594721 0.180854 0.0501571
428 0.594721 0.200552 0.056383
429 0.594721 0.200086 0.0543243
430 0.594721 0.172459 0.0525292
431 0.594721 0.143803 0.0489743
432 0.594721 0.154753 0.0476196
433 0.594721 0.138731 0.0476988
434 0.594721 0.156546 0.0477527
435 0.597059 0.1517 0.0485532
436 0.597059 0.160642 0.0522195
437 0.597059 0.17066 0.0550304
438 0.597059 0.127128 0.0462849
439 0.597059 0.161665 0.0542976
440 0.597059 0.182737 0.0541316
441 0.597059 0.158291 0.0481478
442 0.597059 0.159642 0.04842
443 0.597059 0.153296 0.0484963
444 0.597059 0.179524 0.0491706
445 0.597059 0.147221 0.0422048
446 0.597059 0.153207 0.0455606
447 0.597059 0.166021 0.0483245
448 0.597059 0.151855 0.0467214
449 0.597059 0.153572 0.0474726
450 0.597059 0.143089 0.0421492
451 0.597059 0.167489 0.0502732
452 0.597479 0.161484 0.0490971
453 0.597479 0.181433 0.0509794
454 0.597479 0.184681 0.0499973
455 0.597479 0.194171 0.0530498
456 0.597479 0.21844 0.0530463
457 0.597479 0.200277 0.0541731
458 0.597479 0.200542 0.0463607
459 0.597479 0.198251 0.047277
460 0.597479 0.17261 0.0483027
461 0.597479 0.178828 0.0496806
462 0.597479 0.180633 0.0495795
463 0.597479 0.196215 0.0526382
464 0.597479 0.194101 0.0482443
465 0.597479 0.183425 0.0471759
466 0.597479 0.194334 0.0500538
467 0.597479 0.2064 0.0533498
468 0.597479 0.204775 0.0530084
469 0.597479 0.189641 0.0513021
470 0.597479 0.173492 0.0491318
471 0.597479 0.173691 0.0447035
472 0.597479 0.165238 0.0444384
473 0.597479 0.14523 0.0435652
474 0.597479 0.168265 0.049804
475 0.597479 0.15834 0.0498527
476 0.597479 0.173932 0.0531886
477 0.597479 0.203303 0.0546972
478 0.597479 0.182782 0.0512643
479 0.597479 0.176488 0.048484
480 0.597479 0.181683 0.0491984
481 0.597479 0.153193 0.0447603
482 0.597479 0.144541 0.0426431
483 0.597479 0.171924 0.0475392
484 0.597479 0.18876 0.0542664
485 0.597479 0.192322 0.0534628
486 0.597479 0.173697 0.0460961
487 0.597479 0.18177 0.0491707
488 0.597479 0.21953 0.051788
489 0.597479 0.2082 0.057228
490 0.597479 0.183329 0.052997
491 0.597611 0.189969 0.0536515
492 0.597611 0.170372 0.04972
493 0.597611 0.168274 0.0475948
494 0.597611 0.192882 0.0476514
495 0.597611 0.201735 0.0499601
496 0.597611 0.197805 0.0490713
497 0.597611 0.216146 0.0498146
498 0.597611 0.205318 0.0506327
499 0.597611 0.190466 0.0486066
500 0.597611 0.19178 0.049627
501 0.597611 0.202182 0.0536173
502 0.597611 0.192801 0.05029
503 0.597611 0.194005 0.049471
504 0.597611 0.201791 0.0538184
505 0.597611 0.1985 0.0517354
506 0.597944 0.192845 0.0521958
507 0.597944 0.190112 0.0472705
508 0.597944 0.207267 0.048676
509 0.597944 0.210421 0.0467
510 0.597944 0.227519 0.0514828
511 0.597944 0.241462 0.0519691
512 0.597944 0.209343 0.0514712
513 0.597944 0.197234 0.0523085
514 0.597944 0.191076 0.052258
515 0.597944 0.171509 0.0506735
516 0.597944 0.198551 0.0536222
517 0.597944 0.19542 0.0536543
518 0.597944 0.190708 0.0529835
519 0.597944 0.168383 0.0522339
520 0.597944 0.161266 0.0492467
521 0.597944 0.181273 0.0486902
522 0.597944 0.192858 0.0517369
523 0.597944 0.183944 0.0490838
524 0.597944 0.191145 0.0491564
525 0.597944 0.164955 0.0440869
526 0.597944 0.176569 0.0514105
527 0.597944 0.189851 0.0449219
528 0.597944 0.193201 0.0454447
529 0.597944 0.215916 0.054029
530 0.597944 0.192864 0.0532006
531 0.597944 0.207445 0.0512826
532 0.597944 0.188647 0.049609
533 0.597944 0.199432 0.0486129
534 0.597944 0.16548 0.0477112
535 0.597944 0.15069 0.0467231
536 0.597944 0.166501 0.0509054
537 0.597944 0.171888 0.0521526
538 0.597944 0.195029 0.0521785
539 0.597944 0.173065 0.050573
540 0.597944 0.180881 0.053418
541 0.597944 0.176755 0.0495333
542 0.597944 0.162169 0.0491817
543 0.597944 0.175569 0.0500112
544 0.597944 0.164926 0.0493815
545 0.597944 0.178939 0.050795
546 0.597944 0.17993 0.0512798
547 0.597944 0.186431 0.0520467
548 0.597944 0.201119 0.0487406
549 0.597944 0.213559 0.0507904
550 0.597944 0.199253 0.0517727
551 0.597944 0.201171 0.0517309
552 0.597944 0.214497 0.0501295
553 0.597944 0.222281 0.0508975
554 0.597944 0.210963 0.0507942
555 0.597944 0.226652 0.0493958
556 0.597944 0.203125 0.0491013
557 0.597944 0.216571 0.0488629
558 0.597944 0.220001 0.0494414
559 0.597944 0.205683 0.0462408
560 0.597944 0.192313 0.0449553
561 0.597944 0.194323 0.0501687
562 0.597944 0.219972 0.0543483
563 0.597944 0.225165 0.0533163
564 0.597944 0.213057 0.0502396
565 0.597944 0.200332 0.0497621
566 0.597944 0.186346 0.0468431
567 0.597944 0.175879 0.0438896
568 0.597944 0.192587 0.0477353
569 0.597944 0.193115 0.0479661
570 0.597944 0.19617 0.0535172
571 0.597944 0.1818 0.0469732
572 0.597944 0.181038 0.0528342
573 0.597944 0.211838 0.0556034
574 0.597944 0.202613 0.0520924
575 0.597944 0.189619 0.0510882
576 0.597944 0.193825 0.051877
577 0.597944 0.219035 0.0501353
578 0.597944 0.170521 0.0451218
579 0.597944 0.168582 0.0501801
580 0.597944 0.161202 0.0467333
581 0.597944 0.14375 0.0430367
582 0.597944 0.170697 0.0484671
583 0.597944 0.187988 0.0510687
584 0.597944 0.186251 0.0515591
585 0.597944 0.176797 0.0519895
586 0.597944 0.166612 0.0501496
587 0.597944 0.155329 0.0462455
588 0.597944 0.168406 0.0467429
589 0.597944 0.160048 0.044502
590 0.597944 0.160306 0.0454483
591 0.597944 0.160911 0.0436251
592 0.597944 0.14482 0.0450412
593 0.597944 0.127582 0.0418316
594 0.597944 0.15349 0.0477913
595 0.597944 0.181388 0.0477748
596 0.597944 0.193394 0.0538094
597 0.597944 0.154244 0.0472686
598 0.597944 0.145296 0.0502991
599 0.597944 0.186835 0.0513038
600 0.597944 0.192989 0.0547579
601 0.597944 0.197861 0.0548067
602 0.597944 0.212145 0.0507024
603 0.597944 0.224589 0.0504417
604 0.597944 0.194037 0.0526064
605 0.597944 0.207789 0.0557219
606 0.597944 0.204835 0.0514198
607 0.597944 0.213788 0.0512631
608 0.597944 0.186282 0.049395
609 0.597944 0.184894 0.0470899
610 0.597944 0.189105 0.0519988
611 0.597944 0.20957 0.0522035
612 0.597944 0.178649 0.0492344
613 0.597944 0.186943 0.0479992
614 0.597944 0.189238 0.0495836
615 0.597944 0.170127 0.0488464
616 0.597944 0.191152 0.0479408
617 0.597944 0.158053 0.0466915
618 0.597944 0.200371 0.0517475
619 0.597944 0.183599 0.0477759
620 0.597944 0.198967 0.0500217
621 0.597944 0.208563 0.047609
622 0.597944 0.214509 0.0493436
623 0.597944 0.208623 0.0488509
624 0.597944 0.181388 0.0510025
625 0.597944 0.162855 0.048276
626 0.597944 0.171402 0.0486106
627 0.597944 0.177122 0.0537933
628 0.597944 0.179152 0.0531368
629 0.597944 0.212321 0.0524894
630 0.597944 0.189793 0.0563379
631 0.597944 0.179631 0.0500988
632 0.597944 0.172706 0.0499647
633 0.597944 0.162154 0.0477604
634 0.597944 0.201769 0.0484149
635 0.597944 0.177836 0.0453616
636 0.597944 0.177667 0.0459874
637 0.597944 0.174587 0.0483625
638 0.597944 0.197344 0.0504611
639 0.597944 0.188395 0.0511516
640 0.597944 0.191037 0.0506437
641 0.597944 0.183156 0.0463989
642 0.597944 0.179908 0.0510445
643 0.597944 0.162514 0.0461419
644 0.597944 0.181797 0.0499347
645 0.597944 0.190499 0.0483285
646 0.597944 0.206908 0.0486054
647 0.597944 0.18687 0.0508185
648 0.597944 0.175729 0.0499746
649 0.597944 0.187971 0.0518666
650 0.597944 0.182514 0.0540424
651 0.597944 0.170941 0.0503356
652 0.597944 0.193337 0.0507565
653 0.597944 0.188066 0.0514983
654 0.597944 0.194591 0.0504712
655 0.597944 0.163602 0.0487963
656 0.597944 0.17586 0.0478022
657 0.597944 0.186746 0.05146
658 0.597944 0.230454 0.0535699
659 0.597944 0.213094 0.045579
660 0.597944 0.182998 0.0472372
661 0.597944 0.181567 0.0431564
662 0.597944 0.198161 0.0447427
663 0.597944 0.175922 0.0489352
664 0.597944 0.183567 0.0492822
665 0.597944 0.185558 0.0506527
666 0.597944 0.192896 0.049442
667 0.597944 0.187057 0.0511669
668 0.597944 0.176761 0.0459646
669 0.597944 0.165929 0.0460678
670 0.597944 0.195047 0.0495566
671 0.597944 0.193724 0.0493121
672 0.597944 0.203668 0.0465379
673 0.597944 0.197228 0.0532118
674 0.597944 0.216855 0.0493607
675 0.597944 0.210511 0.0513139
676 0.597944 0.194745 0.0492324
677 0.597944 0.170539 0.0468849
678 0.597944 0.196742 0.0512868
679 0.597944 0.160242 0.0454756
680 0.597944 0.166263 0.0509179
681 0.597944 0.166779 0.0466901
682 0.597944 0.15959 0.045656
683 0.597944 0.16471 0.0483538
684 0.597944 0.152662 0.0486829
685 0.597944 0.180037 0.0538299
686 0.597944 0.198484 0.0505459
687 0.597944 0.174425 0.0484408
688 0.597944 0.191417 0.0523988
689 0.597944 0.18502 0.0537519
690 0.597944 0.207479 0.0516915
691 0.597944 0.181685 0.0492215
692 0.597944 0.149481 0.041954
693 0.597944 0.145913 0.0441868
694 0.597944 0.163334 0.0468775
695 0.597944 0.164073 0.044949
696 0.597944 0.181892 0.0465775
697 0.597944 0.164356 0.0474878
698 0.597944 0.153851 0.0472993
699 0.597944 0.147245 0.048279
700 0.597944 0.165582 0.047555
701 0.597944 0.180192 0.0477536
702 0.597944 0.187743 0.0479381
703 0.597944 0.163331 0.0466193
704 0.597944 0.193149 0.0458433
705 0.597944 0.19292 0.0443631
706 0.597944 0.208468 0.0479431
707 0.597944 0.222188 0.0515446
708 0.597944 0.220673 0.0500568
709 0.597944 0.191072 0.0469128
710 0.597944 0.1911 0.0480533
711 0.597944 0.185694 0.0509562
712 0.597944 0.195963 0.0510071
713 0.597944 0.204723 0.0499375
714 0.597944 0.167214 0.0488262
715 0.597944 0.147825 0.0454684
716 0.597944 0.171092 0.0487435
717 0.597944 0.173814 0.048379
718 0.597944 0.182924 0.0485614
719 0.597944 0.177561 0.0448843
720 0.597944 0.183198 0.0512812
721 0.597944 0.153765 0.0483402
722 0.597944 0.169309 0.0500496
723 0.597944 0.185883 0.0482072
724 0.597944 0.196757 0.049289
725 0.597944 0.204024 0.0538488
726 0.597944 0.185316 0.0487101
727 0.597944 0.16183 0.042299
728 0.597944 0.169117 0.0482172
729 0.597944 0.16003 0.0496991
730 0.597944 0.163539 0.0494545
731 0.597944 0.15227 0.0473148
732 0.597944 0.146707 0.0446031
733 0.597944 0.182551 0.0498216
734 0.597944 0.205315 0.0550802
735 0.597944 0.18092 0.0503523
736 0.597944 0.181555 0.0521761
737 0.597944 0.160758 0.0492641
738 0.597944 0.156341 0.0447648
739 0.597944 0.158753 0.0460137
740 0.597944 0.160191 0.0464696
741 0.597944 0.194015 0.0508508
742 0.597944 0.198787 0.0508073
743 0.597944 0.19779 0.0503434
744 0.597944 0.162891 0.045926
745 0.597944 0.170993 0.0484821
746 0.597944 0.171488 0.0466733
747 0.597944 0.163448 0.0451995
748 0.597944 0.181414 0.0496549
749 0.597944 0.159827 0.0453077
750 0.597944 0.146554 0.0470483
751 0.597944 0.142223 0.0461291
752 0.597944 0.143205 0.0417126
753 0.597944 0.14077 0.0453844
754 0.597944 0.160922 0.0471528
755 0.597944 0.171348 0.0449227
756 0.597944 0.16398 0.0443609
757 0.597944 0.179431 0.0504301
758 0.597944 0.153131 0.0407513
759 0.597944 0.179892 0.0515564
760 0.597944 0.167561 0.0474281
761 0.597944 0.159221 0.0470079
762 0.597944 0.128208 0.0418374
763 0.597944 0.145088 0.0419781
764 0.597944 0.177577 0.047882
765 0.597944 0.14955 0.0481084
766 0.598237 0.178055 0.0472115
767 0.598237 0.174284 0.0502484
768 0.598237 0.185131 0.0499922
769 0.598237 0.201182 0.0560611
770 0.598237 0.191567 0.0524015
771 0.598237 0.193145 0.0450417
772 0.598237 0.180883 0.0451042
773 0.598237 0.206681 0.05023
774 0.598237 0.212704 0.0478567
775 0.598237 0.232792 0.0473605
776 0.598237 0.230736 0.0496951
777 0.598237 0.201897 0.0469493
778 0.598237 0.205429 0.0528465
779 0.598237 0.189727 0.0505775
780 0.598237 0.206428 0.0484441
781 0.598237 0.174884 0.0451308
782 0.598237 0.174947 0.0462041
783 0.598237 0.177765 0.0480999
784 0.598237 0.185668 0.0513584
785 0.598237 0.180368 0.0485252
786 0.598237 0.171688 0.0442819
787 0.598237 0.188073 0.0493039
788 0.598237 0.217106 0.0511437
789 0.598237 0.216443 0.0484527
790 0.598237 0.199477 0.0509482
791 0.598237 0.190885 0.0527959
792 0.598237 0.193837 0.0499341
793 0.598237 0.207187 0.0449824
794 0.598237 0.204207 0.0471957
795 0.598237 0.201313 0.0502826
796 0.598237 0.216954 0.0487157
797 0.598237 0.218667 0.0488467
798 0.598237 0.2122 0.0517406
799 0.598237 0.203542 0.0453454
800 0.598237 0.195274 0.0480836
801 0.598237 0.171624 0.0447389
802 0.598237 0.201776 0.0487093
803 0.598237 0.20156 0.0515951
804 0.598237 0.174081 0.0476166
805 0.598237 0.165384 0.0473003
806 0.598237 0.172478 0.046818
807 0.598237 0.174114 0.0530519
808 0.598237 0.153343 0.0437315
809 0.598237 0.180675 0.0524137
810 0.598237 0.161662 0.0438085
811 0.598237 0.19621 0.048755
812 0.598237 0.219898 0.0462622
813 0.598237 0.219012 0.0500525
814 0.598237 0.208519 0.0521264
815 0.598237 0.193628 0.0516104
816 0.598237 0.186636 0.0523045
817 0.598237 0.197619 0.0542746
818 0.598237 0.176712 0.0490321
819 0.598237 0.175327 0.0501434
820 0.598237 0.201058 0.0514121
821 0.598237 0.196084 0.0519147
822 0.598237 0.195369 0.0502402
823 0.598237 0.160787 0.054714
824 0.598237 0.153802 0.0471224
825 0.598237 0.174633 0.0485678
826 0.598237 0.172433 0.0467463
827 0.598237 0.1618 0.04861
828 0.598237 0.174144 0.0482679
829 0.598237 0.176356 0.0483447
830 0.598237 0.172486 0.0482195
831 0.598237 0.168951 0.0461786
832 0.598376 0.207747 0.0529194
833 0.598376 0.176459 0.0490129
834 0.598376 0.197948 0.0485956
835 0.598376 0.16922 0.0475992
836 0.598376 0.180091 0.0488913
837 0.598376 0.17181 0.0489025
838 0.598376 0.185416 0.0533536
839 0.598376 0.198693 0.0500745
840 0.598376 0.174241 0.0472565
841 0.598376 0.180629 0.0501387
842 0.598376 0.180803 0.046527
843 0.598376 0.18555 0.0476281
844 0.598376 0.200896 0.0504624
845 0.598376 0.185981 0.0489371
846 0.598376 0.182555 0.0518296
847 0.598376 0.153913 0.0438687
848 0.598376 0.216032 0.0579656
849 0.598376 0.215473 0.05209
850 0.598376 0.180919 0.0499615
851 0.598376 0.204407 0.0533745
852 0.598376 0.226714 0.056256
853 0.598376 0.210557 0.0548245
854 0.598376 0.217321 0.053797
855 0.598376 0.202435 0.0521778
856 0.598376 0.165117 0.0515261
857 0.598376 0.164899 0.0452208
858 0.598376 0.173559 0.046059
859 0.598376 0.178981 0.0523253
860 0.598376 0.217021 0.0539511
861 0.598376 0.179041 0.0477816
862 0.598376 0.196543 0.0555701
863 0.598376 0.174761 0.0486413
864 0.598376 0.204311 0.0494162
865 0.598376 0.204916 0.0489411
866 0.598376 0.194671 0.0517629
867 0.598376 0.193272 0.0528499
868 0.598376 0.215308 0.054088
869 0.598376 0.182069 0.0472724
870 0.598376 0.212918 0.0487503
871 0.598376 0.199713 0.0501425
872 0.598376 0.191414 0.0467594
873 0.598376 0.202547 0.0480064
874 0.598376 0.208723 0.0515268
875 0.598376 0.201991 0.0469226
876 0.598376 0.199188 0.0514176
877 0.598376 0.195766 0.0476435
878 0.598376 0.177695 0.0463546
879 0.598376 0.161159 0.0445522
880 0.598376 0.193849 0.0472406
881 0.598376 0.192902 0.0496899
882 0.598376 0.168659 0.0489838
883 0.598376 0.194425 0.0495767
884 0.598376 0.20102 0.0482443
885 0.598376 0.18475 0.0476923
886 0.598376 0.186467 0.0525887
887 0.598376 0.20877 0.0540565
888 0.598376 0.203887 0.0511293
889 0.598376 0.180518 0.0518554
890 0.598376 0.183054 0.0483547
891 0.598376 0.146415 0.0482751
892 0.598376 0.204891 0.0535452
893 0.598376 0.185794 0.0490001
894 0.598376 0.189375 0.0487085
895 0.598376 0.187981 0.0466304
896 0.598376 0.207327 0.0514842
897 0.598376 0.201432 0.0534281
898 0.598376 0.182975 0.0476465
899 0.598376 0.18381 0.0470475
900 0.598376 0.22157 0.0534124
901 0.598376 0.1715 0.0477487
902 0.598376 0.162536 0.0435707
903 0.598376 0.182664 0.0475148
904 0.598376 0.179231 0.0458149
905 0.598376 0.185367 0.0468229
906 0.598376 0.181167 0.049401
907 0.598376 0.162011 0.0479908
908 0.598376 0.15163 0.0477903
909 0.598376 0.185748 0.0508182
910 0.598376 0.172693 0.0489209
911 0.598376 0.132825 0.0444516
912 0.598376 0.140163 0.0455541
913 0.598376 0.156658 0.0533087
914 0.598376 0.148362 0.0493391
915 0.598376 0.191479 0.0532644
916 0.598376 0.177435 0.0492363
917 0.598376 0.199105 0.0517298
918 0.598376 0.203292 0.0504913
919 0.598376 0.171562 0.0468479
920 0.598376 0.200727 0.0556329
921 0.598376 0.204545 0.0538357
922 0.598376 0.189224 0.049994
923 0.598376 0.186436 0.0518924
924 0.598376 0.18185 0.0483294
925 0.598376 0.143309 0.0465752
926 0.598376 0.159223 0.047512
927 0.598376 0.159908 0.0497005
928 0.598376 0.181054 0.0496922
929 0.598376 0.202626 0.0557364
930 0.598376 0.191291 0.0487046
931 0.598376 0.178906 0.0489398
932 0.598376 0.175078 0.0468536
933 0.598376 0.158731 0.044449
934 0.598376 0.178607 0.0469375
935 0.598376 0.177285 0.0484666
936 0.598376 0.19912 0.0543855
937 0.598376 0.189668 0.0506471
938 0.598376 0.212465 0.056169
939 0.598376 0.186872 0.0545477
940 0.598376 0.165222 0.0509312
941 0.598376 0.182849 0.0550534
942 0.598376 0.180216 0.051496
943 0.598376 0.210119 0.0520471
944 0.598376 0.20021 0.0466275
945 0.598376 0.164527 0.04722
946 0.598376 0.145138 0.045685
947 0.598376 0.152255 0.0450625
948 0.598376 0.157373 0.0440625
949 0.598376 0.171326 0.0439177
950 0.598376 0.193118 0.047596
951 0.598376 0.218981 0.0496321
952 0.598376 0.214008 0.0523612
953 0.598376 0.195956 0.0463903
954 0.598376 0.200726 0.0482772
955 0.598376 0.206806 0.0462833
956 0.598376 0.209755 0.0476163
957 0.598376 0.205306 0.0450831
958 0.598376 0.208547 0.0479768
959 0.598376 0.219235 0.0527899
960 0.598376 0.211586 0.0486459
961 0.598376 0.199579 0.0449782
962 0.598376 0.18154 0.0468813
963 0.598376 0.186974 0.0499802
964 0.598376 0.19805 0.0528962
965 0.598376 0.174002 0.0476901
966 0.598376 0.196917 0.0496796
967 0.598376 0.212414 0.055497
968 0.598376 0.195576 0.0519732
969 0.598376 0.190585 0.0470814
970 0.598376 0.210509 0.0530529
971 0.598376 0.216014 0.0476844
972 0.598376 0.203347 0.0524491
973 0.598376 0.211166 0.0550179
974 0.598376 0.201071 0.0520127
975 0.598376 0.200957 0.0532574
976 0.598376 0.185138 0.0501893
977 0.598376 0.177655 0.0425462
978 0.598376 0.185683 0.0487618
979 0.598376 0.191768 0.0531944
980 0.598376 0.203974 0.0506483
981 0.598376 0.212781 0.0538286
982 0.598376 0.203889 0.0522835
983 0.598376 0.176593 0.0460732
984 0.598376 0.184664 0.0460824
985 0.598376 0.184756 0.0501955
986 0.598376 0.20473 0.0480742
987 0.598376 0.167052 0.0442122
988 0.598376 0.17652 0.0488704
989 0.598376 0.155653 0.046167
990 0.598376 0.185056 0.0541038
991 0.598376 0.185604 0.0478357
992 0.598376 0.180547 0.047561
993 0.598376 0.192009 0.0526945
994 0.598376 0.193779 0.0557658
995 0.598376 0.210587 0.0571329
996 0.598376 0.185713 0.0503226
997 0.598376 0.183869 0.0467202
998 0.598376 0.191765 0.0484062
999 0.598376 0.177123 0.0496721
1000 0.598376 0.190779 0.0506076
