0 0.125267 0.0563131 0.00391336
1 0.125267 0.0613334 0.0039521
2 0.125267 0.0701696 0.00388684
3 0.125267 0.0737973 0.00377602
4 0.170528 0.0824668 0.00358146
5 0.170528 0.085823 0.00345745
6 0.170528 0.0940627 0.00301097
7 0.170528 0.0974128 0.00277742
8 0.170528 0.0981805 0.00275839
9 0.170528 0.0974253 0.00276973
10 0.242933 0.0967301 0.0030026
11 0.242933 0.0968045 0.00327042
12 0.242933 0.10148 0.00300506
13 0.323574 0.110555 0.00363936
14 0.375416 0.11634 0.00410881
15 0.444202 0.12606 0.00510007
16 0.444202 0.125696 0.00511654
17 0.444202 0.125223 0.00501914
18 0.444202 0.129573 0.00529778
19 0.444501 0.145051 0.0071616
20 0.444501 0.149586 0.00910749
21 0.444501 0.156754 0.00959239
22 0.49784 0.150829 0.00983149
23 0.49784 0.152832 0.0114749
24 0.49784 0.155417 0.011966
25 0.49784 0.15528 0.0129387
26 0.540192 0.169483 0.0166143
26 0.538631 0.0787845 0.0256688
27 0.538631 0.0858858 0.0288107
28 0.554957 0.0892927 0.0297762
29 0.554957 0.0988676 0.0325146
30 0.554957 0.0899373 0.0300289
31 0.554957 0.11884 0.0375962
32 0.562594 0.138046 0.039689
33 0.562594 0.156285 0.0453341
34 0.562594 0.148378 0.0431885
35 0.562594 0.151694 0.0430886
36 0.562594 0.151112 0.0471576
37 0.571588 0.140951 0.0440491
38 0.571588 0.158199 0.0487069
39 0.573508 0.153403 0.0486438
40 0.573508 0.158822 0.0504558
41 0.573508 0.150279 0.0439914
42 0.575366 0.181209 0.0500593
43 0.575366 0.171199 0.0440069
44 0.575366 0.178651 0.0481344
45 0.575366 0.197247 0.0489676
46 0.575366 0.212348 0.0468775
47 0.575366 0.194885 0.0493622
48 0.580007 0.219637 0.0511141
49 0.580007 0.223621 0.0492425
50 0.594122 0.223845 0.0487093
51 0.594122 0.212862 0.0492754
52 0.594122 0.187342 0.0474806
53 0.594122 0.182178 0.0462272
54 0.594122 0.177118 0.0473742
55 0.594122 0.191093 0.0492552
56 0.594122 0.185337 0.0506502
57 0.594122 0.184716 0.0511041
58 0.594122 0.189145 0.0484666
59 0.594122 0.194074 0.0475273
60 0.594122 0.196703 0.0489324
61 0.594122 0.211888 0.0534147
62 0.594122 0.180505 0.0486104
63 0.594122 0.193289 0.0460168
64 0.594122 0.220126 0.052439
65 0.594122 0.201857 0.0528867
66 0.594122 0.225654 0.0494532
67 0.594122 0.205857 0.0492091
68 0.594122 0.211436 0.0511172
69 0.594122 0.199001 0.0528849
70 0.596655 0.162547 0.050339
71 0.596655 0.179359 0.0523577
72 0.596655 0.188256 0.053594
73 0.596655 0.194459 0.0529038
74 0.596655 0.20259 0.0527
75 0.596655 0.21869 0.0564234
76 0.596655 0.194512 0.0513464
77 0.596655 0.183033 0.0500472
78 0.596655 0.180824 0.051991
79 0.601239 0.17116 0.0538177
80 0.601239 0.188778 0.053255
81 0.601239 0.225165 0.0530776
82 0.601239 0.201883 0.0513155
83 0.601239 0.198621 0.0534251
84 0.601239 0.193519 0.0526675
85 0.601239 0.213189 0.0524141
86 0.601239 0.204671 0.0500957
87 0.601239 0.20047 0.0541006
88 0.601239 0.181498 0.0484681
89 0.601239 0.215965 0.0557109
90 0.601239 0.169139 0.0467034
91 0.601239 0.176042 0.0487555
92 0.601239 0.173044 0.0515199
93 0.601239 0.172555 0.0491869
94 0.601239 0.179222 0.0509731
95 0.601239 0.186161 0.0516566
96 0.601239 0.180298 0.0475713
97 0.601239 0.181584 0.0514511
98 0.601239 0.176866 0.0536793
99 0.601239 0.206863 0.057195
100 0.601239 0.191801 0.0505432
101 0.601239 0.195443 0.0510925
102 0.601239 0.189024 0.0530995
103 0.601239 0.182793 0.0584915
104 0.601239 0.179654 0.0473733
105 0.601239 0.212145 0.0572492
106 0.601239 0.165558 0.0481413
107 0.601239 0.202215 0.0506816
108 0.601239 0.180362 0.0523832
109 0.601239 0.180022 0.0480838
110 0.601239 0.168289 0.050013
111 0.601239 0.158491 0.052469
112 0.601239 0.165839 0.0561117
113 0.601239 0.165859 0.0531414
114 0.601239 0.206214 0.056077
115 0.601239 0.202493 0.0581146
116 0.601239 0.201055 0.054836
117 0.601239 0.217282 0.0539433
118 0.601239 0.198938 0.0494668
119 0.601239 0.234786 0.0497553
120 0.604489 0.222096 0.0493704
121 0.604489 0.204291 0.0506586
122 0.604489 0.196695 0.0515898
123 0.604489 0.220464 0.0529254
124 0.604489 0.237816 0.055451
125 0.604489 0.200894 0.0477395
126 0.604489 0.214824 0.0535326
127 0.604489 0.199471 0.0538088
128 0.604489 0.188961 0.0526604
129 0.604489 0.16781 0.0517466
130 0.604489 0.176057 0.0542023
131 0.604489 0.180995 0.0506501
132 0.604489 0.168999 0.0550193
133 0.604489 0.154432 0.048534
134 0.604489 0.163716 0.0528035
135 0.604489 0.1654 0.0522024
136 0.604489 0.164382 0.0517735
137 0.604489 0.167495 0.0520605
138 0.604489 0.14923 0.0485873
139 0.604489 0.16178 0.0482962
140 0.604489 0.151645 0.0493746
141 0.604489 0.139872 0.0469986
142 0.604489 0.154452 0.049931
143 0.604489 0.161273 0.0489672
144 0.604489 0.144744 0.0425039
145 0.604489 0.146612 0.0435842
146 0.604489 0.15891 0.0470802
147 0.604489 0.138063 0.0475389
148 0.604489 0.153823 0.0509511
149 0.604489 0.170493 0.0525671
150 0.604489 0.165815 0.0526403
151 0.604489 0.165378 0.048951
152 0.604489 0.183877 0.054373
153 0.604489 0.174711 0.0492913
154 0.604489 0.169969 0.0528542
155 0.604489 0.164109 0.0466084
156 0.604489 0.147896 0.0477745
157 0.604489 0.164736 0.0489257
158 0.604489 0.158273 0.0447983
159 0.604489 0.171171 0.0499761
160 0.604489 0.142604 0.0457209
161 0.604489 0.151969 0.0483613
162 0.604489 0.158864 0.0483189
163 0.604489 0.175725 0.0521525
164 0.604489 0.170113 0.0463808
165 0.604489 0.186618 0.0515299
166 0.604489 0.19414 0.0550953
167 0.604489 0.183117 0.0531966
168 0.604489 0.16869 0.0535194
169 0.604489 0.177877 0.0534153
170 0.604489 0.159287 0.0529164
171 0.604489 0.154415 0.0481109
172 0.604489 0.185288 0.0540944
173 0.604489 0.15213 0.0491477
174 0.607242 0.151191 0.0493753
175 0.607242 0.157598 0.0470465
176 0.607242 0.16869 0.0506349
177 0.607242 0.177232 0.0501206
178 0.607242 0.204582 0.0531056
179 0.607242 0.208843 0.0554775
180 0.607242 0.202679 0.0522384
181 0.607242 0.195268 0.0520905
182 0.607242 0.21594 0.0557723
183 0.607242 0.224528 0.052248
184 0.607242 0.201903 0.0544047
185 0.607242 0.186541 0.0538732
186 0.607242 0.168833 0.0517257
187 0.607242 0.167943 0.0525112
188 0.607242 0.159983 0.0481097
189 0.607242 0.185759 0.0532655
190 0.607242 0.213013 0.0520862
191 0.607242 0.186135 0.0507581
192 0.607242 0.1571 0.0538273
193 0.607242 0.181367 0.053642
194 0.607242 0.182612 0.0531247
195 0.607242 0.156007 0.0495155
196 0.607242 0.143906 0.051325
197 0.607242 0.158394 0.0538693
198 0.607242 0.185679 0.0547806
199 0.607242 0.163863 0.0519306
200 0.607242 0.160428 0.0538959
201 0.60889 0.164818 0.0533856
202 0.60889 0.166208 0.0495602
203 0.60889 0.175856 0.0530103
204 0.60889 0.147742 0.0484475
205 0.60889 0.154626 0.0501286
206 0.60889 0.146936 0.0486134
207 0.60889 0.162936 0.0513893
208 0.60889 0.163763 0.0490376
209 0.60889 0.156558 0.0487199
210 0.60889 0.181706 0.0532753
211 0.60889 0.158505 0.0467662
212 0.60889 0.159295 0.049951
213 0.60889 0.149377 0.0471682
214 0.60889 0.153592 0.0453939
215 0.60889 0.148811 0.0462985
216 0.60889 0.162623 0.0500963
217 0.60889 0.157508 0.0542831
218 0.60889 0.187048 0.0570408
219 0.60889 0.164545 0.0516788
220 0.60889 0.1665 0.052054
221 0.60889 0.163099 0.0465477
222 0.60889 0.147953 0.0466437
223 0.60889 0.179153 0.0496941
224 0.60889 0.171729 0.0497292
225 0.60889 0.147719 0.0468204
226 0.613285 0.146287 0.047452
227 0.613285 0.14486 0.0479176
228 0.613285 0.132584 0.0434199
229 0.613285 0.171229 0.0502368
230 0.613285 0.155665 0.0479946
231 0.613285 0.169425 0.0554315
232 0.613285 0.148574 0.0489523
233 0.613285 0.140306 0.0449625
234 0.613285 0.166417 0.0497931
235 0.613285 0.147366 0.0461033
236 0.613285 0.15749 0.0525251
237 0.613285 0.136638 0.045427
238 0.613285 0.154131 0.0543198
239 0.613285 0.152041 0.0489849
240 0.613285 0.137745 0.045751
241 0.613285 0.144111 0.0445947
242 0.613285 0.156924 0.0533822
243 0.613285 0.146186 0.0505531
244 0.613285 0.162684 0.0501205
245 0.613285 0.130903 0.0466113
246 0.613285 0.129397 0.0429351
247 0.613285 0.126166 0.0438627
248 0.613285 0.141234 0.047702
249 0.613285 0.133211 0.0475326
250 0.613285 0.128103 0.0440597
251 0.613285 0.121808 0.0441206
252 0.614828 0.101197 0.042247
253 0.614828 0.102563 0.0409685
254 0.614828 0.106952 0.0415838
255 0.614828 0.11632 0.0452233
256 0.614828 0.109987 0.0440482
257 0.614828 0.122139 0.0459716
258 0.614828 0.146945 0.050297
259 0.614828 0.122767 0.0449061
260 0.614828 0.123994 0.0474946
261 0.614828 0.113118 0.0445552
262 0.614828 0.0990362 0.0419668
263 0.614828 0.0906974 0.038063
264 0.614828 0.0984625 0.0411249
265 0.614828 0.113688 0.0439299
266 0.614828 0.129327 0.0466201
267 0.614828 0.102722 0.0410113
268 0.614828 0.115025 0.0458435
269 0.614828 0.100502 0.0418526
270 0.614828 0.119172 0.0452548
271 0.614828 0.105869 0.0446546
272 0.614828 0.129662 0.0450236
273 0.614828 0.13437 0.0481786
274 0.614828 0.122076 0.0459423
275 0.614828 0.126838 0.0486032
276 0.614828 0.111259 0.0434173
277 0.616352 0.10973 0.0496206
278 0.616612 0.0987059 0.0431173
279 0.616612 0.117002 0.046649
280 0.616612 0.101729 0.0440068
281 0.616612 0.120123 0.0493616
282 0.616612 0.103316 0.0419363
283 0.616612 0.125109 0.0512298
284 0.616612 0.103461 0.0424571
285 0.616612 0.128862 0.0524212
286 0.616612 0.111628 0.0454048
287 0.616954 0.0976417 0.0429943
288 0.616954 0.120257 0.0460173
289 0.620083 0.139603 0.0510193
290 0.620083 0.121483 0.051117
291 0.620083 0.0998187 0.041873
292 0.620083 0.0954074 0.0399723
293 0.620083 0.117122 0.0458545
294 0.620083 0.128814 0.05004
295 0.620083 0.126098 0.0491222
296 0.620083 0.129848 0.0511373
297 0.620083 0.141283 0.0490695
298 0.620083 0.121412 0.0463191
299 0.620083 0.124917 0.0463961
300 0.620083 0.137136 0.0502105
301 0.620083 0.15597 0.051421
302 0.620083 0.137204 0.0500999
303 0.620083 0.125601 0.0482682
304 0.620083 0.106667 0.0430222
305 0.620083 0.106702 0.0472795
306 0.620083 0.103581 0.0445916
307 0.620083 0.119882 0.0493971
308 0.620083 0.139961 0.0593954
309 0.620083 0.12971 0.051416
310 0.620083 0.101062 0.0459444
311 0.620083 0.0911637 0.0413735
312 0.620083 0.0971121 0.0451138
313 0.620083 0.129785 0.0527003
314 0.620083 0.120437 0.0498001
315 0.620083 0.115012 0.0497762
316 0.620083 0.11195 0.0470133
317 0.620083 0.116687 0.049953
318 0.620083 0.112076 0.0500842
319 0.620083 0.109561 0.0478548
320 0.620083 0.10855 0.0493733
321 0.620083 0.0907807 0.0428623
322 0.620083 0.107818 0.0470114
323 0.620083 0.125735 0.0501148
324 0.620083 0.103908 0.0434432
325 0.620083 0.120853 0.0474235
326 0.620083 0.0966986 0.0432004
327 0.620083 0.116047 0.0488797
328 0.620083 0.138431 0.0517849
329 0.620083 0.114985 0.0468641
330 0.620083 0.125313 0.0488919
331 0.620083 0.110242 0.0469982
332 0.620083 0.117498 0.0503315
333 0.620083 0.116536 0.0478389
334 0.620083 0.107571 0.0446545
335 0.620083 0.115991 0.04892
336 0.620083 0.118182 0.0478169
337 0.620083 0.131081 0.0534243
338 0.620083 0.134437 0.053074
339 0.620083 0.117483 0.0496554
340 0.620083 0.122324 0.0516773
341 0.620083 0.127002 0.0486972
342 0.620083 0.152897 0.0515455
343 0.620083 0.13142 0.0526565
344 0.620083 0.151621 0.055788
345 0.620083 0.128927 0.0511191
346 0.620083 0.146172 0.0553995
347 0.620083 0.119257 0.047656
348 0.620083 0.107127 0.0433321
349 0.620083 0.112608 0.0466649
350 0.620083 0.105992 0.0451142
351 0.620083 0.124166 0.0495375
352 0.620083 0.112923 0.0448542
353 0.620083 0.120152 0.0454647
354 0.620083 0.109847 0.0443805
355 0.620083 0.118626 0.0459873
356 0.620083 0.117492 0.0455289
357 0.620083 0.114676 0.0468695
358 0.620083 0.133276 0.0496698
359 0.620083 0.103075 0.0433617
360 0.620083 0.112486 0.0466307
361 0.620083 0.111217 0.0458864
362 0.620083 0.112367 0.0456068
363 0.620083 0.0981916 0.0424659
364 0.620083 0.0967435 0.0414459
365 0.620083 0.120976 0.0498725
366 0.620083 0.111249 0.0454716
367 0.620083 0.12335 0.0506737
368 0.620083 0.139513 0.054602
369 0.620083 0.142676 0.0521036
370 0.620083 0.14417 0.05266
371 0.620083 0.139927 0.052235
372 0.620083 0.144075 0.0550807
373 0.620083 0.134017 0.0531404
374 0.620083 0.120146 0.046603
375 0.620083 0.128254 0.0495702
376 0.620083 0.12134 0.0460897
377 0.620083 0.113806 0.0476914
378 0.620083 0.129888 0.0502148
379 0.620083 0.148891 0.0536196
380 0.620083 0.140341 0.0499874
381 0.620083 0.12078 0.0440716
382 0.620083 0.126165 0.051063
383 0.620083 0.112055 0.0465608
384 0.620083 0.110191 0.0459746
385 0.620083 0.107575 0.0450514
386 0.620083 0.115595 0.0490307
387 0.620083 0.0763451 0.0378433
388 0.620083 0.0817302 0.0382845
389 0.620083 0.0887433 0.0393348
390 0.620083 0.108782 0.0434779
391 0.620083 0.100797 0.0422568
392 0.620083 0.0987427 0.0420766
393 0.620083 0.102985 0.0460479
394 0.620083 0.119291 0.053251
395 0.620083 0.118035 0.0542809
396 0.620083 0.119467 0.050559
397 0.620083 0.130932 0.0523984
398 0.620083 0.120385 0.0481669
399 0.620083 0.110064 0.0475802
400 0.620083 0.10203 0.0436255
401 0.620083 0.112258 0.0459233
402 0.620083 0.114035 0.0488859
403 0.620083 0.111797 0.0453932
404 0.620083 0.123265 0.0489625
405 0.620083 0.127321 0.0490911
406 0.620083 0.147344 0.0535368
407 0.620083 0.13614 0.0521972
408 0.620083 0.148656 0.0577918
409 0.620083 0.116916 0.048566
410 0.620083 0.12767 0.0509275
411 0.620083 0.108759 0.0473583
412 0.620083 0.107438 0.0432344
413 0.620083 0.116813 0.0473683
414 0.620083 0.119677 0.0490327
415 0.620083 0.0991322 0.0455892
416 0.620083 0.119854 0.0491977
417 0.620083 0.115525 0.0478553
418 0.620083 0.150043 0.0592619
419 0.620083 0.112684 0.0476572
420 0.620083 0.116768 0.0508257
421 0.620083 0.117752 0.0519114
422 0.620083 0.126562 0.0492373
423 0.620083 0.130227 0.0508314
424 0.620083 0.146869 0.0547434
425 0.620083 0.159085 0.0577648
426 0.620083 0.148402 0.0519528
427 0.620083 0.156854 0.0588337
428 0.620083 0.144738 0.0534855
429 0.620083 0.14378 0.0509895
430 0.620083 0.0975951 0.0438138
431 0.620083 0.127126 0.0446297
432 0.620083 0.148141 0.0536909
433 0.620083 0.133754 0.0472523
434 0.620083 0.10753 0.0466507
435 0.620083 0.111271 0.0469911
436 0.620083 0.105921 0.0432187
437 0.620083 0.0984908 0.04278
438 0.620083 0.10875 0.0423204
439 0.620083 0.117747 0.0501491
440 0.620083 0.138526 0.0488315
441 0.620083 0.116813 0.0469554
442 0.620083 0.14317 0.0538573
443 0.620083 0.133419 0.0489535
444 0.620083 0.123654 0.0476491
445 0.620083 0.130361 0.0515593
446 0.620083 0.129064 0.047963
447 0.620083 0.125362 0.0504763
448 0.620083 0.113583 0.0460551
449 0.620083 0.10473 0.044033
450 0.620083 0.10426 0.0417816
451 0.620083 0.102035 0.0457129
452 0.620083 0.102334 0.0440684
453 0.620083 0.114544 0.0460284
454 0.620083 0.120596 0.0471426
455 0.620083 0.107714 0.042931
456 0.620083 0.121755 0.0515688
457 0.620083 0.117171 0.0503147
458 0.620083 0.128869 0.0517845
459 0.620083 0.127233 0.0479124
460 0.620083 0.126555 0.0481367
461 0.620083 0.11788 0.0473391
462 0.620083 0.131081 0.052728
463 0.620083 0.109121 0.0460346
464 0.620083 0.122496 0.0502732
465 0.620083 0.116699 0.0513866
466 0.620083 0.103466 0.046005
467 0.620083 0.108305 0.0478556
468 0.620083 0.102783 0.0432301
469 0.620083 0.123488 0.0513003
470 0.620083 0.102131 0.0444503
471 0.620083 0.111411 0.0442923
472 0.620083 0.121496 0.0461081
473 0.620083 0.102393 0.0455678
474 0.620083 0.114041 0.0505425
475 0.620083 0.109783 0.0464163
476 0.620083 0.117016 0.047523
477 0.620083 0.118738 0.0487267
478 0.620083 0.10558 0.042674
479 0.620083 0.127518 0.0513829
480 0.620083 0.108722 0.0434165
481 0.620083 0.111712 0.04903
482 0.620083 0.115898 0.0478524
483 0.620083 0.139833 0.0529507
484 0.620083 0.109212 0.0438183
485 0.620083 0.10908 0.04458
486 0.620083 0.122149 0.0515054
487 0.620083 0.102631 0.0458373
488 0.620083 0.112479 0.0461224
489 0.620083 0.117927 0.0467268
490 0.620083 0.129298 0.0517452
491 0.620083 0.112012 0.0471953
492 0.620083 0.098092 0.0413806
493 0.620083 0.103459 0.0411048
494 0.620083 0.112381 0.0476613
495 0.620083 0.106717 0.0480064
496 0.620083 0.113654 0.0477121
497 0.620083 0.121701 0.0495562
498 0.620083 0.119488 0.0463242
499 0.620083 0.0918995 0.0399434
500 0.620083 0.0953104 0.0399217
501 0.620083 0.116229 0.0443375
502 0.620083 0.105278 0.0435422
503 0.620083 0.110898 0.0431027
504 0.620083 0.128837 0.0496252
505 0.620083 0.11147 0.0455046
506 0.620083 0.111567 0.0440487
507 0.620083 0.0867622 0.0414522
508 0.620083 0.0941989 0.0442129
509 0.620083 0.088825 0.0373029
510 0.620083 0.106362 0.0439885
511 0.620083 0.111939 0.0467182
512 0.620083 0.113371 0.0466112
513 0.620083 0.117045 0.0478615
514 0.620083 0.118476 0.0468544
515 0.620083 0.107048 0.0434122
516 0.620083 0.114556 0.0480336
517 0.620083 0.109283 0.0447518
518 0.620083 0.104306 0.0422085
519 0.620083 0.113254 0.0456859
520 0.620083 0.123841 0.0465885
521 0.620083 0.123153 0.0485875
522 0.620083 0.114743 0.0452916
523 0.620083 0.118784 0.0487942
524 0.620083 0.122157 0.0480775
525 0.620083 0.135176 0.052864
526 0.620083 0.113382 0.0459743
527 0.620083 0.135401 0.0528921
528 0.620083 0.136291 0.0481581
529 0.620083 0.111156 0.0449258
530 0.620083 0.130815 0.05143
531 0.620083 0.118227 0.0455866
532 0.620083 0.107681 0.0441238
533 0.620083 0.133531 0.0545619
534 0.620083 0.092658 0.0442244
535 0.620083 0.0963838 0.0423164
536 0.620083 0.0963251 0.0414802
537 0.620083 0.119359 0.0477485
538 0.620083 0.108797 0.043615
539 0.620083 0.103133 0.0425919
540 0.620083 0.0963796 0.0435263
541 0.620083 0.132851 0.0538805
542 0.620083 0.137051 0.0518988
543 0.620083 0.146217 0.0553927
544 0.620083 0.112226 0.048865
545 0.620083 0.101123 0.0436729
546 0.620083 0.120614 0.0491547
547 0.620083 0.112586 0.0458799
548 0.620083 0.118245 0.0470962
549 0.620083 0.121292 0.0478146
550 0.620083 0.112123 0.0438799
551 0.620083 0.124262 0.0474955
552 0.620083 0.117259 0.0462652
553 0.620083 0.100331 0.0433371
554 0.620083 0.0938913 0.0391105
555 0.620083 0.109434 0.0452541
556 0.620135 0.110803 0.0453009
557 0.620135 0.10788 0.0445264
558 0.620135 0.117362 0.0481287
559 0.620135 0.111245 0.0432929
560 0.620135 0.109132 0.0452343
561 0.620135 0.12617 0.0493159
562 0.620135 0.118026 0.0474256
563 0.620135 0.135684 0.0499574
564 0.620135 0.134294 0.0514747
565 0.620135 0.141666 0.0508466
566 0.620135 0.114345 0.0453872
567 0.620135 0.10309 0.0461957
568 0.620135 0.114695 0.0476873
569 0.620135 0.147091 0.0547364
570 0.620135 0.124243 0.0467201
571 0.620135 0.104587 0.0434433
572 0.620135 0.108593 0.0445911
573 0.620135 0.123567 0.0493222
574 0.620135 0.112166 0.0456587
575 0.620135 0.143358 0.05154
576 0.620135 0.135578 0.0517173
577 0.620135 0.151294 0.0563209
578 0.620135 0.154912 0.0568284
579 0.620135 0.138385 0.0534382
580 0.620135 0.142534 0.0509046
581 0.620135 0.153009 0.0590117
582 0.620135 0.144841 0.0560773
583 0.620135 0.113217 0.0445598
584 0.620135 0.0962552 0.0421418
585 0.620135 0.120671 0.0507758
586 0.620135 0.137699 0.0545237
587 0.620135 0.131869 0.052931
588 0.620135 0.124481 0.0493581
589 0.620135 0.134858 0.0518216
590 0.620135 0.12292 0.049181
591 0.620135 0.11219 0.0449529
592 0.620135 0.103283 0.0452803
593 0.620135 0.106875 0.0464162
594 0.620135 0.120135 0.0472684
595 0.620135 0.118091 0.047887
596 0.620135 0.112923 0.0464736
597 0.620135 0.104709 0.0420417
598 0.620135 0.134051 0.0520153
599 0.620135 0.105432 0.0429815
600 0.620135 0.0826222 0.0387496
601 0.620135 0.0868089 0.0397962
602 0.620135 0.100781 0.0414393
603 0.620135 0.114751 0.0486507
604 0.620135 0.0801856 0.0389176
605 0.620135 0.0958278 0.045347
606 0.620135 0.111406 0.0473539
607 0.620135 0.122967 0.0528076
608 0.620135 0.113794 0.0464259
609 0.620135 0.100594 0.0423426
610 0.620135 0.124497 0.0462484
611 0.620135 0.1253 0.0482205
612 0.620135 0.113646 0.0469627
613 0.620135 0.111669 0.0475426
614 0.620135 0.118815 0.0484251
615 0.620135 0.119364 0.0452892
616 0.620135 0.105052 0.0426737
617 0.620135 0.100146 0.0418675
618 0.620135 0.0975046 0.0411746
619 0.620135 0.12802 0.0518013
620 0.620135 0.0976951 0.0443219
621 0.620135 0.11136 0.0501014
622 0.620135 0.119898 0.0518711
623 0.620135 0.109147 0.0492309
624 0.620135 0.125251 0.052822
625 0.620135 0.131315 0.0506445
626 0.620135 0.108689 0.0453885
627 0.620135 0.0983893 0.0409263
628 0.620135 0.106148 0.0449509
629 0.620135 0.104556 0.0435573
630 0.620135 0.129112 0.0542106
631 0.620135 0.114865 0.0513516
632 0.620135 0.115325 0.0487063
633 0.620135 0.103459 0.0455178
634 0.620135 0.121226 0.0500855
635 0.620135 0.132139 0.0502988
636 0.620135 0.110897 0.0479436
637 0.620135 0.11981 0.0518252
638 0.620135 0.12704 0.0513715
639 0.620135 0.115165 0.0480608
640 0.620135 0.106604 0.0454392
641 0.620135 0.123196 0.0488154
642 0.620135 0.136895 0.0543065
643 0.620135 0.117733 0.0479347
644 0.620135 0.124699 0.049395
645 0.620135 0.100515 0.0437229
646 0.620135 0.116889 0.0496106
647 0.620135 0.104032 0.0417071
648 0.620135 0.114621 0.0481774
649 0.620135 0.0982103 0.0431827
650 0.620135 0.0851232 0.0395709
651 0.620135 0.109457 0.0449284
652 0.620135 0.123214 0.0500904
653 0.620135 0.140237 0.0555273
654 0.620135 0.114348 0.0485807
655 0.620135 0.0983627 0.0442175
656 0.620135 0.122041 0.0489375
657 0.620135 0.127298 0.0518058
658 0.620135 0.129087 0.0530874
659 0.620135 0.102268 0.0441626
660 0.620135 0.110382 0.0440912
661 0.620135 0.106082 0.0461885
662 0.620135 0.105255 0.0436342
663 0.620135 0.108357 0.0462764
664 0.620135 0.12275 0.0466264
665 0.620135 0.111895 0.0448198
666 0.620135 0.126641 0.0489344
667 0.620135 0.10474 0.0431381
668 0.620135 0.102868 0.0444736
669 0.620135 0.101082 0.044349
670 0.620135 0.106849 0.0443638
671 0.620135 0.108157 0.04576
672 0.620135 0.113524 0.0467406
673 0.620135 0.106721 0.0465235
674 0.620135 0.112913 0.0484237
675 0.620135 0.106449 0.0444722
676 0.620135 0.121336 0.0523763
677 0.620135 0.126175 0.0503731
678 0.620135 0.116321 0.0481644
679 0.620135 0.105027 0.0458632
680 0.620135 0.10051 0.0466212
681 0.620135 0.0994783 0.0463141
682 0.620135 0.116106 0.0520776
683 0.620135 0.0930244 0.0457705
684 0.620135 0.0855184 0.0405317
685 0.620135 0.107369 0.0464559
686 0.620135 0.11469 0.0472247
687 0.620135 0.0895709 0.0395537
688 0.620135 0.113835 0.0493715
689 0.620135 0.12184 0.0498547
690 0.620135 0.121687 0.0498811
691 0.620135 0.120188 0.0502867
692 0.620135 0.106522 0.0455462
693 0.620135 0.127016 0.0522589
694 0.620135 0.116799 0.0506482
695 0.620135 0.130892 0.0538677
696 0.620135 0.11852 0.0487368
697 0.620135 0.0940335 0.0412722
698 0.620135 0.116586 0.0483246
699 0.620135 0.114665 0.0506422
700 0.620135 0.101481 0.043337
701 0.620135 0.10078 0.0462346
702 0.620135 0.113096 0.0460696
703 0.620135 0.128569 0.0513563
704 0.620491 0.120576 0.0482483
705 0.620491 0.102232 0.0432252
706 0.620491 0.102707 0.0411217
707 0.620491 0.129218 0.0502157
708 0.620491 0.127104 0.0471013
709 0.620491 0.107054 0.0422026
710 0.620491 0.108769 0.0455066
711 0.620491 0.118489 0.0467905
712 0.620491 0.123664 0.0457158
713 0.620491 0.119502 0.0513633
714 0.620491 0.134548 0.0547449
715 0.620491 0.110365 0.0461123
716 0.620491 0.112246 0.0463363
717 0.620491 0.13041 0.0479641
718 0.620491 0.123456 0.051601
719 0.620491 0.11629 0.048741
720 0.620491 0.104909 0.0428521
721 0.620491 0.115892 0.0453064
722 0.620491 0.143825 0.052915
723 0.620491 0.129151 0.0475941
724 0.620491 0.123935 0.0438093
725 0.620491 0.114751 0.0450509
726 0.620491 0.117865 0.0481717
727 0.620491 0.135118 0.0506231
728 0.620491 0.133842 0.0501909
729 0.620491 0.122507 0.0485872
730 0.620491 0.107027 0.0425772
731 0.620491 0.131076 0.0508544
732 0.620491 0.12565 0.0488598
733 0.620491 0.141897 0.0513351
734 0.620491 0.11707 0.0481465
735 0.620491 0.112554 0.0457685
736 0.620491 0.118082 0.0512437
737 0.620491 0.113756 0.049189
738 0.620491 0.112889 0.0454477
739 0.620491 0.107516 0.0457645
740 0.620491 0.095524 0.0446104
741 0.620491 0.0975844 0.0445685
742 0.620491 0.102405 0.0464753
743 0.620491 0.0982373 0.0438561
744 0.620491 0.117041 0.051047
745 0.620491 0.0997159 0.0463358
746 0.620491 0.108926 0.0491764
747 0.620491 0.117466 0.0493744
748 0.620491 0.138112 0.0590457
749 0.620491 0.120897 0.0493948
750 0.620491 0.133903 0.0506703
751 0.620491 0.125523 0.0495792
752 0.620491 0.126258 0.0530262
753 0.620491 0.120615 0.046773
754 0.621074 0.143624 0.0545957
755 0.621074 0.126634 0.0507717
756 0.621074 0.127176 0.0515211
757 0.621074 0.128839 0.0482404
758 0.621074 0.131535 0.0523624
759 0.621074 0.107045 0.0437214
760 0.621074 0.124838 0.0492555
761 0.621074 0.149046 0.0579446
762 0.621074 0.135085 0.0525099
763 0.621074 0.113248 0.0462664
764 0.621074 0.108596 0.0429836
765 0.621074 0.113088 0.046311
766 0.621074 0.119153 0.0464473
767 0.621074 0.122315 0.048841
768 0.621074 0.125879 0.0496953
769 0.621074 0.117832 0.0456775
770 0.621074 0.0939456 0.0430191
771 0.621074 0.099325 0.0438946
772 0.621074 0.108388 0.0466905
773 0.621074 0.0863809 0.0405496
774 0.621074 0.110706 0.0498808
775 0.621074 0.113291 0.0491083
776 0.621074 0.127513 0.0524605
777 0.621074 0.135574 0.0530967
778 0.621074 0.115318 0.0510273
779 0.621074 0.116355 0.0507227
780 0.621074 0.128107 0.0563408
781 0.621074 0.143528 0.0534551
782 0.621074 0.143865 0.0522324
783 0.621074 0.145805 0.0500135
784 0.621074 0.133609 0.0511831
785 0.621074 0.147992 0.0547063
786 0.621074 0.114104 0.0481856
787 0.621074 0.117949 0.0527287
788 0.621074 0.110224 0.0455813
789 0.621074 0.101784 0.045941
790 0.621074 0.0965405 0.0416712
791 0.621074 0.10972 0.0444214
792 0.621074 0.108079 0.0455806
793 0.621074 0.115923 0.0463674
794 0.621074 0.116676 0.0508904
795 0.621074 0.128405 0.0490625
796 0.621074 0.113227 0.0472197
797 0.621074 0.131641 0.0549884
798 0.621074 0.0957654 0.0421423
799 0.621074 0.0963139 0.0426984
800 0.621074 0.0983582 0.0438536
801 0.621074 0.106211 0.0456313
802 0.621074 0.120793 0.0499337
803 0.621074 0.0965835 0.0406147
804 0.621074 0.100191 0.042785
805 0.621074 0.10829 0.0472751
806 0.621074 0.11 0.0470243
807 0.621074 0.117339 0.0451971
808 0.621074 0.142821 0.0553875
809 0.621074 0.131179 0.0544373
810 0.621074 0.11727 0.0491616
811 0.621074 0.118156 0.0491473
812 0.621074 0.141786 0.055494
813 0.621074 0.133143 0.0516536
814 0.621074 0.143397 0.055204
815 0.621074 0.11258 0.046644
816 0.621074 0.108516 0.0440611
817 0.621074 0.117815 0.0488813
818 0.621074 0.0899622 0.0408738
819 0.621074 0.11672 0.0462738
820 0.621074 0.0955971 0.0428525
821 0.621074 0.105037 0.0454692
822 0.621074 0.117496 0.0468874
823 0.621074 0.121822 0.048918
824 0.621074 0.112997 0.0462875
825 0.621074 0.130416 0.0464945
826 0.621074 0.145312 0.0528831
827 0.621074 0.131209 0.0489995
828 0.621074 0.129308 0.0527728
829 0.621074 0.134358 0.0543451
830 0.621074 0.0990743 0.0434673
831 0.621074 0.120592 0.0496312
832 0.621074 0.120243 0.0478774
833 0.621074 0.135626 0.0526945
834 0.621074 0.0938824 0.0431415
835 0.621074 0.107194 0.044469
836 0.621074 0.128244 0.0511691
837 0.621074 0.105366 0.047453
838 0.621074 0.104574 0.0442423
839 0.621074 0.111654 0.0461894
840 0.621074 0.118054 0.0467887
841 0.621074 0.125864 0.0529775
842 0.621074 0.14132 0.0568035
843 0.621074 0.131781 0.0523874
844 0.621074 0.116533 0.0458956
845 0.621074 0.112726 0.0453415
846 0.621074 0.139076 0.0495489
847 0.621074 0.122107 0.05015
848 0.621074 0.147993 0.0560177
849 0.621074 0.121266 0.0487077
850 0.621074 0.127417 0.0502137
851 0.621074 0.139141 0.053292
852 0.621074 0.126608 0.0487865
853 0.621074 0.125432 0.0488019
854 0.621074 0.13517 0.0489864
855 0.621074 0.113215 0.0444867
856 0.621074 0.120277 0.046526
857 0.621074 0.124741 0.0504318
858 0.621074 0.124513 0.0486733
859 0.621074 0.12726 0.0529159
860 0.621074 0.132066 0.0509639
861 0.621074 0.121357 0.0482153
862 0.621074 0.127359 0.0529037
863 0.621074 0.111835 0.0487723
864 0.621074 0.0948098 0.0437583
865 0.621074 0.0865637 0.0397858
866 0.621074 0.10053 0.0433654
867 0.621074 0.104698 0.0464665
868 0.621074 0.0894952 0.0412871
869 0.621074 0.0969196 0.0424798
870 0.621074 0.102668 0.0474332
871 0.621074 0.114705 0.0488471
872 0.621074 0.124533 0.0512399
873 0.621074 0.11463 0.049805
874 0.621074 0.127066 0.0504162
875 0.621074 0.125718 0.0518145
876 0.621074 0.124186 0.0506089
877 0.621074 0.114904 0.0461511
878 0.621074 0.152133 0.0539784
879 0.621074 0.113835 0.044412
880 0.621074 0.143039 0.0515014
881 0.621074 0.155047 0.0569175
882 0.621074 0.135705 0.0513841
883 0.621074 0.155438 0.0529641
884 0.621074 0.128068 0.048972
885 0.621074 0.110633 0.048881
886 0.621074 0.105069 0.04291
887 0.621074 0.108915 0.0478979
888 0.621074 0.133918 0.0497579
889 0.621074 0.122033 0.0497376
890 0.621074 0.109206 0.0475589
891 0.621074 0.124497 0.0466918
892 0.621074 0.127654 0.0486397
893 0.621074 0.102585 0.0425697
894 0.621074 0.116512 0.0480369
895 0.621074 0.107643 0.04649
896 0.621074 0.112625 0.0485742
897 0.621074 0.122676 0.0498812
898 0.621074 0.109161 0.0489911
899 0.621074 0.103586 0.0447289
900 0.621074 0.114053 0.047316
901 0.621074 0.107678 0.0440062
902 0.621074 0.114051 0.0447351
903 0.621074 0.115076 0.0451369
904 0.621074 0.11648 0.0476644
905 0.621074 0.0948537 0.0413676
906 0.621074 0.0843918 0.0416994
907 0.621074 0.105484 0.047143
908 0.621074 0.120247 0.0502051
909 0.621074 0.121838 0.0492687
910 0.621074 0.115743 0.0506142
911 0.621074 0.086311 0.04045
912 0.621074 0.0996592 0.0421273
913 0.621074 0.106171 0.0460484
914 0.621074 0.108987 0.0480747
915 0.621074 0.12822 0.0520988
916 0.621074 0.115407 0.0508247
917 0.621074 0.118125 0.0480205
918 0.621074 0.140071 0.0524374
919 0.621074 0.101935 0.0408107
920 0.621074 0.103009 0.0399811
921 0.621074 0.136018 0.0497318
922 0.621074 0.131837 0.0509996
923 0.621074 0.127565 0.0491962
924 0.621074 0.130542 0.0535169
925 0.621074 0.109247 0.0464663
926 0.621074 0.119256 0.0500153
927 0.621074 0.122703 0.0505113
928 0.621074 0.10675 0.0452385
929 0.621074 0.132279 0.0505443
930 0.621074 0.117784 0.0456524
931 0.621074 0.138726 0.0527515
932 0.621074 0.107425 0.0443919
933 0.621074 0.123807 0.0504489
934 0.621074 0.115612 0.0480313
935 0.621074 0.132102 0.0524737
936 0.621074 0.141348 0.0524438
937 0.621074 0.141407 0.0533421
938 0.621074 0.121583 0.0492099
939 0.621074 0.143628 0.0496928
940 0.621074 0.124108 0.0461246
941 0.621074 0.126624 0.0475061
942 0.621074 0.126196 0.0474444
943 0.621074 0.12885 0.0511551
944 0.621074 0.129849 0.0471945
945 0.621074 0.137658 0.051017
946 0.621074 0.121942 0.044719
947 0.621074 0.133827 0.0500398
948 0.621074 0.116247 0.0490423
949 0.621074 0.106561 0.0448284
950 0.621074 0.100167 0.0446479
951 0.621074 0.10259 0.04405
952 0.621074 0.105147 0.0450519
953 0.621074 0.119255 0.0487495
954 0.621074 0.120915 0.050795
955 0.621074 0.101881 0.0432786
956 0.621074 0.104532 0.0435681
957 0.621074 0.0946236 0.0422641
958 0.621074 0.101629 0.0438387
959 0.621074 0.0947532 0.0432728
960 0.621074 0.0897037 0.0406972
961 0.621074 0.111131 0.0476156
962 0.621074 0.0875087 0.0414878
963 0.621074 0.0937025 0.0429131
964 0.621074 0.0802117 0.0393417
965 0.621074 0.088381 0.0397699
966 0.621074 0.107082 0.0431077
967 0.621074 0.118566 0.0492849
968 0.621074 0.120335 0.0474418
969 0.621074 0.124059 0.0485535
970 0.621074 0.117104 0.0464518
971 0.621074 0.137824 0.0525611
972 0.621074 0.126936 0.0511876
973 0.621074 0.135116 0.0511303
974 0.621074 0.133454 0.0495206
975 0.621074 0.142823 0.0533399
976 0.621074 0.124122 0.0514166
977 0.621074 0.102675 0.0415039
978 0.621074 0.123347 0.0491532
979 0.621074 0.118739 0.0491408
980 0.621074 0.11928 0.0506947
981 0.621074 0.115772 0.0503896
982 0.621074 0.128132 0.0513325
983 0.621074 0.101915 0.0419036
984 0.621074 0.10376 0.0440676
985 0.621074 0.11617 0.0480507
986 0.621074 0.119417 0.0484157
987 0.621074 0.152572 0.0549072
988 0.621074 0.139406 0.0502616
989 0.621074 0.131659 0.0496238
990 0.621074 0.118425 0.0508692
991 0.621074 0.128379 0.0478445
992 0.621074 0.128915 0.0516923
993 0.621074 0.115951 0.0508858
994 0.621074 0.0933978 0.0429029
995 0.621074 0.102645 0.0438617
996 0.621074 0.107876 0.0456398
997 0.621074 0.102672 0.0449619
998 0.621074 0.116455 0.0486429
999 0.621074 0.108762 0.0488452
1000 0.621074 0.125363 0.0499131
