0 0.125263 0.0588184 0.00393837
1 0.125268 0.0701115 0.00389225
2 0.125272 0.0773211 0.00364142
3 0.125273 0.0866353 0.00333798
4 0.125274 0.089035 0.00322802
5 0.125274 0.0927948 0.00301271
6 0.125276 0.0918482 0.00303873
7 0.125276 0.0927992 0.00300627
8 0.125276 0.09556 0.00281115
9 0.125276 0.100853 0.00242658
10 0.125277 0.0938968 0.00287067
11 0.125277 0.0911202 0.00307137
12 0.125277 0.0927698 0.00301476
13 0.125277 0.0865164 0.00335985
14 0.125277 0.091369 0.00311732
15 0.24589 0.0910513 0.00330562
16 0.24589 0.0877078 0.00360172
17 0.24589 0.0907446 0.00339952
18 0.24589 0.0955873 0.00308206
19 0.415397 0.0980774 0.00418686
20 0.415397 0.104294 0.00371217
21 0.415397 0.105993 0.00404311
22 0.415397 0.109205 0.00370036
23 0.415397 0.109417 0.00415468
24 0.415397 0.113151 0.00409082
25 0.453812 0.122775 0.00515596
26 0.453812 0.129592 0.0061658
27 0.453812 0.134708 0.00724608
28 0.455829 0.132638 0.0094596
29 0.489191 0.130364 0.0121663
30 0.489191 0.130428 0.0133632
31 0.489191 0.130594 0.012025
32 0.500314 0.138713 0.0162424
32 0.504706 0.0596801 0.0213478
33 0.504706 0.0618031 0.0226913
34 0.504706 0.0566761 0.0223326
35 0.504706 0.0602868 0.0225942
36 0.534231 0.077531 0.0290301
37 0.540211 0.0785177 0.0279521
38 0.540211 0.0934554 0.0313371
39 0.540211 0.0954689 0.0339498
40 0.545678 0.0949432 0.0343497
41 0.553593 0.100122 0.0370604
42 0.553593 0.092696 0.0357818
43 0.553593 0.0919796 0.0349259
44 0.553593 0.10171 0.0347298
45 0.553593 0.113809 0.038753
46 0.553593 0.104644 0.0374234
47 0.553593 0.0995237 0.0361816
48 0.553593 0.08596 0.0330914
49 0.553593 0.102697 0.0387477
50 0.553593 0.104124 0.0374743
51 0.553593 0.096922 0.0334932
52 0.563293 0.0907203 0.0326007
53 0.563293 0.106496 0.0355422
54 0.563293 0.103748 0.0384514
55 0.563293 0.128527 0.0429667
56 0.563293 0.108217 0.0374208
57 0.563293 0.103268 0.038518
58 0.563293 0.116822 0.0395611
59 0.563293 0.117381 0.0407364
60 0.563293 0.10077 0.038729
61 0.563293 0.0980838 0.0363787
62 0.563293 0.105778 0.0410728
63 0.563293 0.100962 0.0391568
64 0.563293 0.104012 0.0386858
65 0.563293 0.104487 0.0390592
66 0.563293 0.0908899 0.0324827
67 0.563293 0.107974 0.0401629
68 0.563293 0.110962 0.0416434
69 0.563293 0.106853 0.0378376
70 0.563293 0.0943764 0.0358713
71 0.563293 0.121411 0.0396424
72 0.563293 0.129734 0.0389636
73 0.563911 0.132505 0.043725
74 0.574657 0.126799 0.0418024
75 0.574657 0.147725 0.0496026
76 0.574657 0.123269 0.0469494
77 0.574657 0.126869 0.0444865
78 0.574657 0.125591 0.0424604
79 0.574657 0.112172 0.0397189
80 0.574657 0.102122 0.0373426
81 0.574657 0.102405 0.0401302
82 0.574657 0.0957008 0.0364079
83 0.574657 0.100316 0.0374308
84 0.574657 0.102665 0.0378024
85 0.574657 0.123569 0.0448322
86 0.574657 0.133909 0.0449112
87 0.574657 0.118601 0.0413078
88 0.574657 0.0889626 0.0347684
89 0.574657 0.103834 0.039494
90 0.574657 0.122428 0.0442979
91 0.574657 0.115116 0.0405306
92 0.574657 0.105211 0.035128
93 0.574657 0.0988342 0.0380008
94 0.574657 0.118541 0.0440769
95 0.574657 0.103374 0.0397846
96 0.574657 0.0924996 0.0363852
97 0.574657 0.0817054 0.0327219
98 0.574657 0.0925813 0.0369282
99 0.574657 0.101886 0.0366565
100 0.574657 0.102633 0.0381385
101 0.574657 0.10224 0.037788
102 0.574657 0.100458 0.0379301
103 0.574657 0.109788 0.0376353
104 0.574657 0.108906 0.0419303
105 0.574657 0.119868 0.0431729
106 0.574657 0.119438 0.0411624
107 0.574657 0.127131 0.0478527
108 0.574657 0.127916 0.0465634
109 0.574657 0.104736 0.0400157
110 0.574657 0.120559 0.040836
111 0.574657 0.091174 0.0371294
112 0.574657 0.107428 0.0424244
113 0.582185 0.0989488 0.039041
114 0.582185 0.109897 0.0413087
115 0.582185 0.10228 0.0378377
116 0.582185 0.0968417 0.037529
117 0.582185 0.118706 0.0449463
118 0.582185 0.0821524 0.0348552
119 0.582185 0.0955648 0.0404023
120 0.582185 0.0878486 0.0373781
121 0.582185 0.118778 0.0428837
122 0.582185 0.0980454 0.0365725
123 0.582185 0.0969816 0.0373498
124 0.582185 0.113003 0.0424467
125 0.582185 0.134752 0.0431311
126 0.582185 0.110541 0.0417905
127 0.582185 0.113856 0.0427126
128 0.582185 0.100013 0.04065
129 0.582185 0.0821908 0.034021
130 0.582185 0.0954609 0.0370921
131 0.582185 0.0955653 0.0362154
132 0.582185 0.0864574 0.0342236
133 0.582185 0.0790694 0.032733
134 0.582185 0.0869063 0.0345467
135 0.582185 0.083106 0.0367209
136 0.582185 0.0865266 0.0366144
137 0.582185 0.108829 0.0413314
138 0.582185 0.0893942 0.0358208
139 0.582185 0.104754 0.0424147
140 0.582185 0.109638 0.0409053
141 0.582185 0.112709 0.0424461
142 0.593573 0.11786 0.0429514
143 0.593573 0.119319 0.0448941
144 0.593573 0.09964 0.0397064
145 0.593573 0.109721 0.042701
146 0.593573 0.0850083 0.0365625
147 0.593573 0.117368 0.0448365
148 0.593573 0.120681 0.0443787
149 0.593573 0.115212 0.040109
150 0.593573 0.105608 0.038618
151 0.593573 0.100149 0.0393908
152 0.593573 0.121801 0.0448476
153 0.593573 0.112134 0.0421977
154 0.593573 0.120201 0.0445594
155 0.593573 0.0983218 0.0381166
156 0.593573 0.108077 0.0403118
157 0.593573 0.102391 0.040424
158 0.593573 0.103485 0.0415931
159 0.593573 0.121872 0.0458067
160 0.593573 0.119494 0.0431277
161 0.593573 0.0971067 0.0378195
162 0.593573 0.0977233 0.0381225
163 0.593573 0.102485 0.0377375
164 0.593573 0.1023 0.0410501
165 0.593573 0.104473 0.042545
166 0.593573 0.109796 0.0400984
167 0.593573 0.0890908 0.0341224
168 0.593573 0.102095 0.0382249
169 0.593573 0.103439 0.0377058
170 0.593573 0.0876569 0.0360069
171 0.593573 0.0865252 0.0345356
172 0.593573 0.0971715 0.0358034
173 0.593573 0.0901772 0.0368925
174 0.593573 0.0808387 0.0343137
175 0.593573 0.0808877 0.0350289
176 0.593573 0.0870135 0.0395171
177 0.593573 0.100503 0.0408858
178 0.593573 0.108627 0.0410716
179 0.593573 0.106401 0.0397748
180 0.593573 0.0968547 0.0378296
181 0.593573 0.113335 0.0439741
182 0.593573 0.104204 0.0420086
183 0.593573 0.0947813 0.0386172
184 0.593573 0.0836658 0.0345356
185 0.593573 0.0924008 0.0368062
186 0.593573 0.0908547 0.0364726
187 0.593573 0.0864177 0.0346674
188 0.593573 0.108844 0.0397673
189 0.593573 0.106566 0.0370547
190 0.593573 0.0974709 0.0366259
191 0.593573 0.113518 0.0402424
192 0.593573 0.106487 0.0373862
193 0.593573 0.10262 0.0367317
194 0.593573 0.114637 0.0412617
195 0.593573 0.119511 0.0447526
196 0.593573 0.0930524 0.0400231
197 0.593573 0.0888243 0.0398864
198 0.593573 0.0910585 0.0401125
199 0.593573 0.100859 0.0393855
200 0.593573 0.105554 0.0385506
201 0.593573 0.108643 0.0401441
202 0.593573 0.116533 0.0391336
203 0.593573 0.113082 0.0410108
204 0.593573 0.104653 0.0394407
205 0.593573 0.0897765 0.0355742
206 0.593573 0.110591 0.0410566
207 0.593573 0.101678 0.0377439
208 0.593573 0.120739 0.0424518
209 0.593573 0.120364 0.0420449
210 0.593573 0.0994968 0.0354326
211 0.593573 0.0958137 0.035474
212 0.593573 0.113135 0.0384393
213 0.593573 0.118431 0.0425429
214 0.593573 0.11525 0.041208
215 0.593573 0.108829 0.0397899
216 0.593573 0.116461 0.0430573
217 0.593573 0.117883 0.0390912
218 0.593573 0.127263 0.0433312
219 0.593573 0.108978 0.0406995
220 0.593573 0.111286 0.0408093
221 0.593573 0.104386 0.0380322
222 0.593573 0.110594 0.0397278
223 0.593573 0.0953012 0.036614
224 0.593573 0.103081 0.0409249
225 0.593573 0.111125 0.0415609
226 0.593573 0.124973 0.0427727
227 0.593573 0.112609 0.038524
228 0.593573 0.110852 0.0424215
229 0.593573 0.105048 0.0405922
230 0.593573 0.116506 0.0466641
231 0.593573 0.127622 0.047809
232 0.593573 0.108613 0.0422636
233 0.593573 0.101499 0.0382811
234 0.593573 0.115254 0.0426147
235 0.593573 0.121281 0.0437332
236 0.593573 0.104085 0.0379058
237 0.593573 0.100608 0.0392502
238 0.593573 0.121055 0.0425019
239 0.593573 0.142689 0.0448502
240 0.593573 0.142463 0.0439458
241 0.593573 0.147381 0.0456485
242 0.593573 0.12838 0.0439073
243 0.593573 0.130393 0.0413505
244 0.593573 0.139858 0.0478792
245 0.593573 0.139831 0.0435749
246 0.593573 0.114438 0.0408815
247 0.593573 0.103549 0.0385891
248 0.593573 0.125154 0.043076
249 0.593573 0.113469 0.0393382
250 0.593573 0.115476 0.0419491
251 0.593573 0.11326 0.0421815
252 0.593573 0.115769 0.0432968
253 0.593573 0.138389 0.0482448
254 0.593573 0.126613 0.0441368
255 0.593573 0.12633 0.045919
256 0.593573 0.123667 0.0449063
257 0.593573 0.130829 0.0458804
258 0.593573 0.151121 0.0455852
259 0.593573 0.142898 0.0486922
260 0.594358 0.138551 0.048525
261 0.594358 0.136441 0.0465093
262 0.594358 0.12837 0.0444651
263 0.594358 0.140871 0.0447197
264 0.595312 0.139449 0.0475654
265 0.595312 0.147757 0.0484927
266 0.595312 0.144453 0.0500848
267 0.595312 0.111416 0.0419916
268 0.595312 0.118605 0.0415365
269 0.595312 0.102175 0.0376151
270 0.595312 0.10741 0.0386043
271 0.595312 0.14147 0.0482279
272 0.595312 0.150837 0.0474464
273 0.595312 0.132157 0.0419941
274 0.595312 0.156055 0.0471646
275 0.595312 0.16554 0.047367
276 0.595312 0.130669 0.0440178
277 0.595312 0.133005 0.0440328
278 0.595312 0.1409 0.048766
279 0.595312 0.157737 0.0515499
280 0.595312 0.135385 0.0472384
281 0.595312 0.149456 0.0451578
282 0.595312 0.145133 0.0459943
283 0.595312 0.16757 0.0503341
284 0.595312 0.11712 0.0410481
285 0.595312 0.162659 0.0555826
286 0.595312 0.151763 0.0532887
287 0.595312 0.108397 0.042633
288 0.595312 0.12938 0.0493419
289 0.595312 0.134052 0.0487776
290 0.595312 0.132529 0.0457755
291 0.595312 0.153042 0.0483789
292 0.595312 0.153073 0.0479694
293 0.595312 0.129675 0.0428224
294 0.595312 0.144523 0.0489223
295 0.595312 0.143359 0.0477256
296 0.595312 0.152738 0.0436481
297 0.595312 0.142339 0.0459258
298 0.595312 0.151859 0.0479306
299 0.595312 0.159887 0.046253
300 0.595312 0.182633 0.0489362
301 0.595312 0.174297 0.048119
302 0.595312 0.157145 0.0494533
303 0.595312 0.149628 0.0459034
304 0.595312 0.159347 0.0477982
305 0.595312 0.143525 0.0429564
306 0.595312 0.17995 0.0529138
307 0.595312 0.147181 0.043817
308 0.595312 0.144864 0.0457759
309 0.595312 0.164014 0.0472322
310 0.595312 0.13266 0.0433712
311 0.595312 0.146784 0.0458106
312 0.595312 0.165722 0.0486815
313 0.595312 0.159477 0.0504421
314 0.595312 0.154432 0.0440817
315 0.595312 0.162788 0.0480067
316 0.595312 0.163147 0.0505084
317 0.595312 0.142912 0.0487809
318 0.595312 0.14023 0.0428924
319 0.595312 0.148217 0.0444771
320 0.595312 0.157121 0.04678
321 0.595312 0.143992 0.0459954
322 0.595312 0.143313 0.0441277
323 0.595312 0.124543 0.040309
324 0.595312 0.131174 0.039159
325 0.595312 0.14325 0.0433118
326 0.595312 0.173363 0.0496874
327 0.595312 0.145738 0.043941
328 0.595312 0.139507 0.043989
329 0.595312 0.152356 0.0434979
330 0.595312 0.146725 0.0499314
331 0.595312 0.127565 0.0433667
332 0.595312 0.154935 0.0467278
333 0.595312 0.16418 0.0516464
334 0.595312 0.140865 0.0438248
335 0.595312 0.14093 0.0441837
336 0.595312 0.14654 0.0487301
337 0.595312 0.136792 0.0432156
338 0.595312 0.143501 0.0452007
339 0.595312 0.146402 0.0503222
340 0.595312 0.151063 0.0438448
341 0.595312 0.157546 0.0459396
342 0.595312 0.162718 0.0466407
343 0.595312 0.166072 0.0498462
344 0.595312 0.150911 0.0433726
345 0.595312 0.159892 0.0462103
346 0.595312 0.145241 0.0472449
347 0.595312 0.142874 0.045962
348 0.595312 0.142916 0.0471771
349 0.595312 0.15713 0.0493254
350 0.595312 0.163567 0.0470622
351 0.595312 0.166113 0.0469217
352 0.595312 0.147621 0.0445834
353 0.595312 0.160579 0.0488278
354 0.595312 0.161637 0.0513391
355 0.595312 0.156579 0.0474129
356 0.595312 0.131062 0.0412199
357 0.595312 0.170651 0.04667
358 0.595312 0.16738 0.0439156
359 0.595312 0.154387 0.0449075
360 0.595312 0.142827 0.0408017
361 0.595312 0.141047 0.0377496
362 0.595312 0.157515 0.0439295
363 0.595312 0.147885 0.0459031
364 0.595312 0.140301 0.0436891
365 0.595312 0.131321 0.040534
366 0.595473 0.146935 0.0472261
367 0.595473 0.124376 0.0428966
368 0.595473 0.156786 0.0501301
369 0.595473 0.152568 0.0477642
370 0.595473 0.133995 0.0430031
371 0.595473 0.157047 0.0456615
372 0.595473 0.149162 0.0405876
373 0.595473 0.139467 0.0423067
374 0.595473 0.142731 0.0483829
375 0.595473 0.142566 0.046609
376 0.595473 0.143494 0.0457409
377 0.595473 0.150536 0.0476323
378 0.595473 0.144543 0.0456262
379 0.595473 0.140889 0.0458364
380 0.595473 0.147852 0.0436269
381 0.595473 0.164487 0.0499819
382 0.595473 0.137922 0.0451283
383 0.595473 0.129212 0.0453557
384 0.595473 0.117313 0.0405612
385 0.595473 0.102761 0.0372603
386 0.595473 0.12725 0.0460989
387 0.595473 0.132053 0.0476041
388 0.595473 0.143293 0.0449606
389 0.595473 0.122859 0.0385524
390 0.595473 0.129338 0.0425175
391 0.595473 0.129584 0.0457782
392 0.595473 0.139135 0.0435761
393 0.595473 0.146631 0.0468864
394 0.595473 0.120393 0.0411332
395 0.595473 0.127841 0.0477649
396 0.595473 0.129697 0.0464629
397 0.595473 0.155757 0.0472461
398 0.595473 0.134329 0.041398
399 0.595473 0.145101 0.0478498
400 0.595473 0.15074 0.0493028
401 0.595473 0.14663 0.0451372
402 0.595473 0.160989 0.0459082
403 0.595473 0.163507 0.0508531
404 0.595473 0.133038 0.0444611
405 0.595473 0.149799 0.0478185
406 0.595473 0.137942 0.0445576
407 0.595473 0.148875 0.0478284
408 0.595473 0.126019 0.0449529
409 0.595473 0.159148 0.0464672
410 0.595473 0.175801 0.0463122
411 0.595473 0.136849 0.0447445
412 0.595473 0.151624 0.047996
413 0.595473 0.165626 0.0527015
414 0.595473 0.171998 0.0490021
415 0.595473 0.17266 0.0543258
416 0.595473 0.14676 0.047655
417 0.595473 0.147387 0.049624
418 0.595473 0.119899 0.0427782
419 0.595473 0.153589 0.0461234
420 0.595473 0.169104 0.0465246
421 0.595473 0.160515 0.0486281
422 0.595473 0.136315 0.0408027
423 0.595473 0.145106 0.0451391
424 0.595473 0.144941 0.0479762
425 0.595473 0.143403 0.0472951
426 0.595473 0.131303 0.0406055
427 0.595473 0.144093 0.0457331
428 0.595473 0.152629 0.0476446
429 0.595473 0.148462 0.049402
430 0.595473 0.135597 0.0455751
431 0.595473 0.145223 0.0503989
432 0.595473 0.1506 0.0470851
433 0.595473 0.138517 0.047203
434 0.595473 0.130386 0.0420398
435 0.595473 0.131682 0.0429681
436 0.595473 0.153864 0.0472148
437 0.595473 0.137587 0.0476415
438 0.595473 0.170231 0.0552915
439 0.595473 0.167992 0.048245
440 0.595473 0.134899 0.0458619
441 0.595473 0.121211 0.0448683
442 0.595473 0.11539 0.0456532
443 0.595473 0.140535 0.0480538
444 0.595473 0.139301 0.0473278
445 0.595473 0.132874 0.0454855
446 0.595473 0.150685 0.0509838
447 0.595473 0.144787 0.0481029
448 0.595473 0.136186 0.0414294
449 0.595473 0.148831 0.0457567
450 0.595473 0.122976 0.0423358
451 0.595473 0.143747 0.0430156
452 0.595473 0.133423 0.0431267
453 0.595473 0.133771 0.0441417
454 0.595473 0.1258 0.0451833
455 0.595473 0.121846 0.0429361
456 0.595473 0.131103 0.0485779
457 0.595473 0.107272 0.0405233
458 0.595473 0.128305 0.0422485
459 0.595473 0.146267 0.045727
460 0.595473 0.145932 0.0429668
461 0.595473 0.156722 0.0440559
462 0.595473 0.147794 0.0420693
463 0.595473 0.142163 0.0408648
464 0.595473 0.143621 0.0450142
465 0.595473 0.148767 0.0469993
466 0.595473 0.146894 0.0493337
467 0.595473 0.16951 0.0512802
468 0.595473 0.158699 0.0450101
469 0.595473 0.145428 0.0447074
470 0.595473 0.138736 0.0429151
471 0.595473 0.151215 0.0484548
472 0.595473 0.145756 0.047193
473 0.595473 0.153577 0.0444236
474 0.595473 0.149437 0.0407524
475 0.595473 0.147992 0.0443602
476 0.595473 0.133024 0.0421513
477 0.595473 0.166121 0.0497875
478 0.595473 0.149158 0.0431813
479 0.595473 0.155686 0.0418112
480 0.595473 0.154748 0.0454507
481 0.595473 0.13013 0.0418548
482 0.595473 0.144772 0.0476286
483 0.595473 0.148355 0.0470922
484 0.595473 0.150353 0.0480798
485 0.595473 0.164406 0.0478369
486 0.595473 0.17253 0.0523658
487 0.595473 0.149768 0.0421567
488 0.595473 0.139519 0.043731
489 0.595473 0.16126 0.0478047
490 0.595473 0.150145 0.0437317
491 0.595473 0.139797 0.0393172
492 0.595473 0.130177 0.0443955
493 0.595473 0.122925 0.041836
494 0.595473 0.140437 0.0472534
495 0.595473 0.134526 0.050201
496 0.595473 0.153876 0.045052
497 0.595473 0.163923 0.0484044
498 0.595473 0.150133 0.0474873
499 0.595473 0.164549 0.0518633
500 0.595473 0.162138 0.0498998
501 0.595473 0.15771 0.0475367
502 0.595473 0.133162 0.0404396
503 0.595473 0.138666 0.0434667
504 0.595473 0.135374 0.0420241
505 0.595473 0.136107 0.0412239
506 0.595473 0.1458 0.0438393
507 0.595473 0.140924 0.0419998
508 0.595473 0.149886 0.0423624
509 0.595473 0.151358 0.0436897
510 0.595473 0.145279 0.0432523
511 0.595473 0.126166 0.0408009
512 0.595473 0.1373 0.0428204
513 0.595473 0.154838 0.0446916
514 0.595473 0.1428 0.0436451
515 0.595473 0.129539 0.0399075
516 0.595473 0.134372 0.0427255
517 0.595473 0.122662 0.0434605
518 0.595473 0.158657 0.0464439
519 0.595473 0.158814 0.0488344
520 0.595473 0.155065 0.0451029
521 0.595473 0.128967 0.0411119
522 0.595473 0.121272 0.0418728
523 0.595473 0.153089 0.0462631
524 0.595473 0.131447 0.0461992
525 0.595473 0.145522 0.0466125
526 0.595473 0.145591 0.045226
527 0.595473 0.150179 0.0421041
528 0.595473 0.161509 0.0492388
529 0.595473 0.160896 0.0473716
530 0.595473 0.144065 0.0438008
531 0.595473 0.131334 0.0416516
532 0.595473 0.15674 0.0459438
533 0.595473 0.154822 0.0485528
534 0.595473 0.13592 0.0445191
535 0.595473 0.142404 0.0475073
536 0.595473 0.17245 0.0486372
537 0.595473 0.14862 0.045756
538 0.595473 0.157459 0.0454274
539 0.595473 0.128399 0.0431021
540 0.595473 0.138678 0.0457829
541 0.595473 0.152463 0.0464594
542 0.595473 0.159621 0.049813
543 0.595473 0.152468 0.0481446
544 0.595473 0.137898 0.0448943
545 0.595473 0.124004 0.0415461
546 0.595473 0.157982 0.0478415
547 0.595473 0.13195 0.0426947
548 0.595473 0.143343 0.0467388
549 0.595473 0.14893 0.0468342
550 0.595473 0.148107 0.0458418
551 0.595473 0.14807 0.0464617
552 0.595473 0.118795 0.0419866
553 0.595473 0.133002 0.042543
554 0.595473 0.156957 0.0480574
555 0.595473 0.165068 0.0454698
556 0.595473 0.16038 0.0461224
557 0.595473 0.166955 0.0431233
558 0.595473 0.167952 0.0442675
559 0.595473 0.144596 0.0411633
560 0.595473 0.139847 0.0439157
561 0.595473 0.157577 0.0465958
562 0.595473 0.151498 0.0461542
563 0.595473 0.134383 0.0470322
564 0.595473 0.16196 0.0481713
565 0.595473 0.142053 0.0433499
566 0.595473 0.163702 0.0505693
567 0.595473 0.161024 0.0475884
568 0.595473 0.147179 0.0448835
569 0.595473 0.136015 0.0442681
570 0.595473 0.143047 0.0464827
571 0.595473 0.147905 0.0466695
572 0.595473 0.135522 0.0438746
573 0.595473 0.133193 0.0456971
574 0.595473 0.15271 0.0498309
575 0.595473 0.147308 0.0498827
576 0.595473 0.146801 0.0477667
577 0.595473 0.155711 0.0485097
578 0.595473 0.158346 0.0505505
579 0.595473 0.136065 0.0480845
580 0.595473 0.164143 0.0522618
581 0.595473 0.164486 0.0470373
582 0.595473 0.143086 0.0424751
583 0.595473 0.133588 0.0425015
584 0.595473 0.145686 0.0458974
585 0.595473 0.162561 0.0459966
586 0.595473 0.142738 0.0480038
587 0.595473 0.14467 0.0417531
588 0.595473 0.177498 0.0515651
589 0.595473 0.156829 0.0497286
590 0.595473 0.138372 0.0448973
591 0.595473 0.156079 0.0467841
592 0.596237 0.176697 0.0453141
593 0.596237 0.153348 0.0465542
594 0.596237 0.175989 0.0490914
595 0.596237 0.163069 0.0466753
596 0.596237 0.164072 0.0442957
597 0.596237 0.164523 0.049168
598 0.596237 0.147378 0.0422933
599 0.596237 0.159694 0.0485226
600 0.596237 0.16708 0.0466689
601 0.596237 0.185311 0.0500662
602 0.596237 0.175105 0.0513568
603 0.596237 0.173342 0.0471568
604 0.596237 0.145373 0.0442929
605 0.596237 0.132831 0.0410813
606 0.596237 0.134952 0.0439285
607 0.596237 0.148244 0.0464341
608 0.596237 0.143665 0.0390953
609 0.596237 0.152161 0.0457656
610 0.596237 0.143669 0.0421291
611 0.596237 0.137157 0.0440902
612 0.596237 0.12663 0.0419017
613 0.596237 0.136489 0.0441438
614 0.596237 0.159308 0.0505505
615 0.596237 0.144452 0.0492495
616 0.596237 0.160791 0.0480405
617 0.596237 0.128469 0.0423484
618 0.596237 0.115419 0.0385804
619 0.596237 0.130547 0.0446636
620 0.596237 0.150717 0.0462371
621 0.596237 0.135533 0.0437632
622 0.596237 0.137064 0.045925
623 0.596237 0.142588 0.0458018
624 0.596237 0.135055 0.0431037
625 0.596237 0.150071 0.0465617
626 0.596237 0.131115 0.0457666
627 0.596237 0.137479 0.043659
628 0.596237 0.141613 0.0461416
629 0.596237 0.157125 0.048307
630 0.596237 0.147191 0.044724
631 0.596237 0.131823 0.043163
632 0.596237 0.139385 0.0415644
633 0.596237 0.156329 0.0487747
634 0.596237 0.145259 0.0461179
635 0.596237 0.161659 0.0480237
636 0.596237 0.161584 0.0491924
637 0.596237 0.140096 0.0440938
638 0.596237 0.120493 0.0443931
639 0.596237 0.114399 0.041277
640 0.596237 0.143269 0.0450477
641 0.596237 0.136846 0.0448231
642 0.596237 0.140298 0.0476718
643 0.596237 0.164039 0.0468791
644 0.596237 0.174223 0.0515439
645 0.596237 0.175054 0.04719
646 0.596237 0.163958 0.0487329
647 0.596237 0.139122 0.0442643
648 0.596237 0.158736 0.0495683
649 0.596237 0.146316 0.0436754
650 0.596237 0.144248 0.0465159
651 0.596237 0.151809 0.0489848
652 0.596237 0.159486 0.0468465
653 0.596237 0.163328 0.0475256
654 0.596237 0.144652 0.0458714
655 0.596237 0.155431 0.0526572
656 0.596237 0.144534 0.0438928
657 0.596237 0.15161 0.0480031
658 0.596237 0.126323 0.0428421
659 0.596237 0.119333 0.0439862
660 0.596237 0.101877 0.0372691
661 0.596237 0.130214 0.046316
662 0.596237 0.12236 0.0433189
663 0.596237 0.117976 0.0419162
664 0.596237 0.134802 0.0435971
665 0.596237 0.14027 0.0463835
666 0.596237 0.148794 0.0478141
667 0.596237 0.128326 0.044431
668 0.596237 0.139597 0.045171
669 0.596237 0.143736 0.0424518
670 0.596237 0.128809 0.0452742
671 0.596237 0.143592 0.0466957
672 0.596237 0.138193 0.0453236
673 0.596237 0.140352 0.04291
674 0.596237 0.137146 0.040507
675 0.596237 0.163325 0.04654
676 0.596237 0.145837 0.0420238
677 0.596237 0.120319 0.0404428
678 0.596237 0.14645 0.0467093
679 0.596237 0.13428 0.0468648
680 0.596237 0.127828 0.0469123
681 0.596237 0.125868 0.0437224
682 0.596237 0.132932 0.0443685
683 0.596237 0.149339 0.0483139
684 0.596237 0.149556 0.0475888
685 0.596237 0.140534 0.0443665
686 0.596237 0.149672 0.0474969
687 0.596237 0.14751 0.0502733
688 0.596237 0.136672 0.0473513
689 0.596237 0.124638 0.0445683
690 0.596237 0.141546 0.0485845
691 0.596237 0.129808 0.0450854
692 0.596237 0.142584 0.0486316
693 0.596237 0.1453 0.051001
694 0.596237 0.137441 0.0495953
695 0.596237 0.149296 0.0489626
696 0.596237 0.144794 0.0479104
697 0.596237 0.157196 0.0490558
698 0.596237 0.159064 0.0482012
699 0.596237 0.143956 0.0448248
700 0.596237 0.15075 0.0472624
701 0.596237 0.149748 0.0450811
702 0.596237 0.137889 0.043515
703 0.596237 0.148828 0.0449343
704 0.596237 0.153227 0.0466274
705 0.596237 0.157373 0.0477192
706 0.596237 0.153966 0.0470106
707 0.596237 0.165345 0.048385
708 0.596237 0.149816 0.0443523
709 0.596237 0.169818 0.0498549
710 0.596237 0.13555 0.0447223
711 0.596237 0.142841 0.0476606
712 0.596237 0.133495 0.0418177
713 0.596237 0.114349 0.0394849
714 0.596237 0.113216 0.0396509
715 0.596237 0.163901 0.0485401
716 0.596237 0.167693 0.0462841
717 0.596237 0.130729 0.0403119
718 0.596237 0.150479 0.0479154
719 0.596237 0.1312 0.044824
720 0.596237 0.135606 0.0427131
721 0.596237 0.151447 0.0485377
722 0.596237 0.141267 0.0423306
723 0.596237 0.173343 0.0538446
724 0.596237 0.167739 0.0499635
725 0.596237 0.131395 0.0467302
726 0.596237 0.137872 0.0474332
727 0.596237 0.138772 0.0504639
728 0.596237 0.156427 0.0507249
729 0.596237 0.143905 0.0484129
730 0.596237 0.170547 0.0539487
731 0.596237 0.153134 0.0519831
732 0.596237 0.16126 0.0477982
733 0.596237 0.155367 0.0492312
734 0.596237 0.139021 0.0447524
735 0.596237 0.165042 0.047205
736 0.596237 0.143006 0.0508635
737 0.596237 0.142385 0.0485565
738 0.596237 0.14092 0.0459206
739 0.596237 0.133147 0.04511
740 0.596237 0.151038 0.049216
741 0.596237 0.156442 0.0465017
742 0.596237 0.138031 0.045233
743 0.596237 0.13256 0.0444482
744 0.596237 0.13349 0.0445173
745 0.596237 0.157581 0.0455526
746 0.596237 0.162347 0.0489211
747 0.596237 0.146408 0.0444837
748 0.596237 0.127866 0.0420203
749 0.596237 0.141991 0.0459813
750 0.596237 0.135434 0.0458314
751 0.596237 0.158793 0.0476266
752 0.596237 0.151849 0.0443387
753 0.596237 0.145248 0.0459721
754 0.596237 0.148848 0.0447795
755 0.596237 0.1612 0.0489874
756 0.596237 0.154307 0.0485039
757 0.596237 0.153141 0.0502127
758 0.596237 0.155577 0.0473222
759 0.596237 0.143951 0.0456319
760 0.596237 0.138908 0.0440544
761 0.596237 0.148986 0.0458692
762 0.596237 0.152595 0.0463913
763 0.596237 0.172648 0.0513554
764 0.596237 0.150864 0.0468496
765 0.596237 0.142628 0.0430868
766 0.596237 0.149617 0.0473113
767 0.596237 0.127566 0.0429822
768 0.596237 0.133859 0.0418192
769 0.596237 0.159407 0.0471219
770 0.596237 0.152916 0.0431231
771 0.596237 0.159089 0.0479475
772 0.596237 0.145983 0.0442399
773 0.596237 0.166061 0.0441191
774 0.596237 0.151573 0.0432298
775 0.596237 0.154033 0.0445263
776 0.596237 0.145081 0.0465105
777 0.596237 0.149629 0.0482915
778 0.596237 0.154822 0.0484212
779 0.596237 0.160182 0.0486091
780 0.596237 0.138548 0.0452094
781 0.596237 0.136024 0.0450068
782 0.596237 0.148211 0.0482437
783 0.596237 0.158198 0.0494761
784 0.596237 0.163169 0.0491199
785 0.596237 0.154623 0.0466245
786 0.596237 0.15688 0.0481325
787 0.596237 0.152128 0.0458919
788 0.596237 0.151728 0.0484752
789 0.596237 0.145489 0.0446397
790 0.596237 0.155297 0.0493399
791 0.596237 0.146065 0.0474241
792 0.596237 0.162847 0.0488096
793 0.596237 0.163183 0.0472819
794 0.596237 0.135017 0.0435288
795 0.596237 0.121384 0.0388122
796 0.596237 0.139141 0.0445672
797 0.596237 0.137022 0.0430953
798 0.596237 0.161189 0.0459008
799 0.596237 0.151333 0.0458114
800 0.596237 0.128397 0.0441928
801 0.596237 0.10956 0.03816
802 0.596237 0.1093 0.0384817
803 0.596237 0.129353 0.0456643
804 0.596237 0.14026 0.0454213
805 0.596237 0.133819 0.04302
806 0.596237 0.159994 0.0454746
807 0.596237 0.148082 0.0443712
808 0.596237 0.162253 0.0461163
809 0.596237 0.161169 0.0482934
810 0.596237 0.13508 0.0450328
811 0.596237 0.114499 0.0391806
812 0.596237 0.114011 0.0402593
813 0.596237 0.127174 0.0422291
814 0.596237 0.138644 0.0447996
815 0.596237 0.16108 0.0507093
816 0.596237 0.142723 0.0441433
817 0.596237 0.125548 0.0414208
818 0.596237 0.132893 0.0408516
819 0.596237 0.13138 0.0437412
820 0.596237 0.130711 0.0427331
821 0.596237 0.14513 0.0426887
822 0.596237 0.129832 0.0414568
823 0.596237 0.146855 0.0485646
824 0.596237 0.157817 0.0507917
825 0.596237 0.135953 0.0481702
826 0.596237 0.124716 0.0407816
827 0.596237 0.158414 0.0493068
828 0.596237 0.131243 0.0439935
829 0.596237 0.12153 0.0406493
830 0.596237 0.141644 0.0439288
831 0.596237 0.132618 0.0434559
832 0.596237 0.135581 0.0411154
833 0.596237 0.146709 0.0498552
834 0.596237 0.136928 0.0457171
835 0.596237 0.147227 0.0423255
836 0.596237 0.145333 0.0466308
837 0.596237 0.170105 0.0486802
838 0.596237 0.171497 0.0501394
839 0.596237 0.162099 0.0508179
840 0.596237 0.13711 0.0440655
841 0.596237 0.130277 0.0442681
842 0.596237 0.131097 0.0428192
843 0.596237 0.128029 0.0406062
844 0.596237 0.124018 0.0417327
845 0.596237 0.162551 0.0482822
846 0.596237 0.151932 0.0465385
847 0.596237 0.157611 0.0485482
848 0.596237 0.135904 0.0444137
849 0.596237 0.153395 0.0459144
850 0.596237 0.154545 0.04717
851 0.596237 0.149296 0.0427192
852 0.596237 0.18375 0.0499023
853 0.596237 0.161056 0.0446884
854 0.596237 0.141258 0.0450084
855 0.596237 0.148156 0.0477119
856 0.596237 0.14308 0.0448543
857 0.596237 0.134239 0.0486378
858 0.596237 0.137677 0.047272
859 0.596237 0.149014 0.04946
860 0.596237 0.14396 0.045013
861 0.596237 0.154095 0.0441081
862 0.596237 0.171521 0.0489914
863 0.596237 0.148336 0.0453915
864 0.596237 0.133355 0.0400728
865 0.596237 0.142812 0.0416317
866 0.596237 0.180006 0.050567
867 0.596237 0.188536 0.0526867
868 0.596237 0.177269 0.0486595
869 0.596237 0.171253 0.043864
870 0.596237 0.175156 0.0504232
871 0.596237 0.171634 0.0452074
872 0.596237 0.186637 0.0522882
873 0.596237 0.164769 0.0423737
874 0.596237 0.160697 0.0456062
875 0.596237 0.169295 0.0488914
876 0.596237 0.175623 0.0475985
877 0.596237 0.174598 0.0484201
878 0.596237 0.181991 0.0501854
879 0.596237 0.159076 0.048714
880 0.596237 0.135887 0.0459756
881 0.596237 0.148518 0.050276
882 0.596237 0.145071 0.0453932
883 0.596237 0.157643 0.0461928
884 0.596237 0.142435 0.0466791
885 0.596237 0.119343 0.041299
886 0.596682 0.147673 0.0459159
887 0.596682 0.156364 0.0523405
888 0.596682 0.140228 0.0478114
889 0.596682 0.137804 0.0449314
890 0.596682 0.134385 0.0444074
891 0.596682 0.131594 0.046154
892 0.596682 0.143936 0.0530012
893 0.596682 0.142934 0.0476834
894 0.596682 0.161899 0.0559364
895 0.596682 0.145184 0.0475206
896 0.596682 0.156389 0.0497453
897 0.596682 0.156921 0.0492279
898 0.596682 0.150999 0.0479296
899 0.596682 0.13381 0.0453075
900 0.596682 0.165685 0.0527033
901 0.596682 0.164027 0.0495568
902 0.596682 0.140701 0.0452229
903 0.596682 0.13615 0.0422163
904 0.596682 0.141375 0.0458228
905 0.596682 0.135455 0.0465798
906 0.596682 0.130604 0.0429322
907 0.596682 0.132071 0.0457355
908 0.596682 0.147318 0.0460344
909 0.596682 0.162124 0.0495618
910 0.596682 0.157834 0.0498753
911 0.596682 0.161405 0.0457252
912 0.596682 0.181525 0.0521881
913 0.596682 0.147333 0.0469009
914 0.596682 0.132561 0.0430529
915 0.596682 0.143339 0.0463558
916 0.596682 0.134336 0.0433147
917 0.596682 0.124477 0.0396695
918 0.596682 0.160612 0.0498371
919 0.596682 0.158348 0.0473215
920 0.596682 0.146734 0.0471248
921 0.596682 0.135514 0.0430429
922 0.596682 0.168009 0.0518294
923 0.596682 0.157266 0.0457351
924 0.596682 0.168521 0.049053
925 0.596682 0.146246 0.0444687
926 0.596682 0.150808 0.0456838
927 0.596682 0.144621 0.044091
928 0.596682 0.145368 0.0441714
929 0.596682 0.165022 0.0474916
930 0.596682 0.154571 0.0461399
931 0.596682 0.163963 0.0503875
932 0.596682 0.172478 0.0515276
933 0.596682 0.151817 0.0466578
934 0.596682 0.160756 0.0445168
935 0.596682 0.166382 0.0509594
936 0.596682 0.158876 0.0496343
937 0.596682 0.158438 0.0498063
938 0.596682 0.166795 0.0544455
939 0.596682 0.144693 0.0496547
940 0.596682 0.119147 0.0429161
941 0.596682 0.141859 0.0434231
942 0.596682 0.155004 0.0514425
943 0.596682 0.156948 0.0492096
944 0.596682 0.14235 0.0450495
945 0.596682 0.139224 0.0475767
946 0.596682 0.114302 0.0418759
947 0.596682 0.137866 0.048406
948 0.596682 0.158374 0.0505344
949 0.596682 0.171849 0.0504205
950 0.596682 0.173528 0.0497863
951 0.596682 0.148116 0.0434369
952 0.596682 0.156467 0.0458901
953 0.596682 0.169981 0.0469284
954 0.596682 0.172238 0.0499615
955 0.596682 0.156577 0.0501669
956 0.596682 0.167216 0.0506268
957 0.596682 0.182703 0.0528186
958 0.596682 0.185647 0.0516016
959 0.596682 0.158248 0.0505003
960 0.596682 0.182449 0.0494766
961 0.597268 0.13714 0.044665
962 0.597268 0.153882 0.047616
963 0.597268 0.142702 0.0452663
964 0.597268 0.150632 0.0462605
965 0.597268 0.135983 0.043038
966 0.597268 0.156928 0.0500572
967 0.597268 0.155319 0.0481762
968 0.597268 0.152366 0.0491279
969 0.597743 0.131995 0.0426507
970 0.597743 0.13464 0.0470034
971 0.597743 0.125315 0.0429627
972 0.597743 0.146488 0.0437589
973 0.597743 0.112986 0.0415963
974 0.597743 0.130472 0.0464894
975 0.597743 0.0932617 0.0404896
976 0.597743 0.134232 0.0470813
977 0.597743 0.135404 0.0501026
978 0.597743 0.123069 0.0418631
979 0.597769 0.144871 0.0489897
980 0.597855 0.147403 0.0491149
981 0.597855 0.119797 0.0425162
982 0.597855 0.124859 0.0444125
983 0.597855 0.130081 0.0411395
984 0.597855 0.130886 0.043011
985 0.597855 0.165674 0.051229
986 0.597855 0.151041 0.047675
987 0.597855 0.138351 0.0497738
988 0.597855 0.140187 0.0465319
989 0.597855 0.138574 0.0475774
990 0.597855 0.139276 0.0490939
991 0.597855 0.108611 0.0439767
992 0.597855 0.135038 0.0463323
993 0.597855 0.139215 0.0476502
994 0.597855 0.13606 0.045155
995 0.597855 0.137604 0.0451304
996 0.597855 0.167607 0.0536383
997 0.597939 0.162274 0.0515029
998 0.597939 0.149829 0.0486513
999 0.597939 0.140858 0.0483007
1000 0.598757 0.15748 0.0506467
