0 0.317039 0.0621775 0.00454573
1 0.317039 0.0734132 0.00443284
2 0.317039 0.0701241 0.00491974
3 0.317039 0.0699735 0.00493708
4 0.317039 0.0786866 0.00473
5 0.317039 0.0762395 0.00479997
6 0.317039 0.0874774 0.00436792
7 0.317039 0.0866437 0.00436403
8 0.317039 0.091052 0.00443436
9 0.317039 0.0955077 0.0047452
10 0.317039 0.0994842 0.00480646
11 0.382166 0.0996191 0.00578
12 0.396927 0.093614 0.00751896
13 0.396927 0.104157 0.00865724
14 0.396927 0.111272 0.0107565
15 0.451839 0.122453 0.0121699
16 0.451839 0.1305 0.0127665
17 0.546189 0.138875 0.018514
17 0.551562 0.0719058 0.0229514
18 0.551562 0.0905709 0.0290165
19 0.551562 0.0892226 0.0289483
20 0.57507 0.0896948 0.031256
21 0.57507 0.0945775 0.0346377
22 0.57507 0.0975011 0.0370929
23 0.57507 0.105046 0.0382904
24 0.57507 0.114812 0.0412319
25 0.57507 0.138528 0.0457782
26 0.57507 0.138966 0.0446691
27 0.58665 0.143526 0.0452492
28 0.58665 0.157471 0.0456896
29 0.58665 0.149099 0.0481309
30 0.58665 0.153195 0.0466331
31 0.587381 0.169836 0.047252
32 0.587381 0.156261 0.0452309
33 0.587381 0.168458 0.048077
34 0.587381 0.147836 0.0478631
35 0.587381 0.186985 0.052452
36 0.587381 0.173848 0.0495425
37 0.587381 0.180109 0.0489108
38 0.587381 0.161684 0.0478394
39 0.587381 0.159123 0.0489818
40 0.587381 0.153455 0.0471721
41 0.587381 0.170321 0.0455479
42 0.587381 0.149105 0.0437342
43 0.587381 0.155254 0.0481385
44 0.587381 0.153667 0.0520297
45 0.587381 0.142928 0.0464988
46 0.587381 0.172387 0.0509419
47 0.587381 0.14575 0.0425072
48 0.587381 0.156937 0.0441781
49 0.587381 0.159334 0.0477415
50 0.587381 0.147824 0.0460523
51 0.587381 0.167041 0.0526305
52 0.589744 0.15916 0.0493855
53 0.589744 0.169003 0.0466715
54 0.597472 0.201119 0.0494629
55 0.597472 0.201605 0.0517123
56 0.597472 0.179237 0.0468846
57 0.597472 0.16208 0.045443
58 0.597472 0.161606 0.0466899
59 0.597472 0.13962 0.0447194
60 0.597472 0.164137 0.0490624
61 0.597472 0.145487 0.0485131
62 0.597472 0.14538 0.0475253
63 0.597472 0.150447 0.0489212
64 0.597472 0.142223 0.0459239
65 0.597472 0.128356 0.0432834
66 0.597472 0.12789 0.0433374
67 0.597472 0.128809 0.0434398
68 0.597472 0.160892 0.0528771
69 0.597472 0.150148 0.0505528
70 0.597472 0.137242 0.0485343
71 0.597472 0.15525 0.0496435
72 0.597472 0.159862 0.0513642
73 0.597472 0.155537 0.0517654
74 0.597472 0.15941 0.0519622
75 0.597472 0.144664 0.0465722
76 0.597472 0.175881 0.0502452
77 0.597472 0.170605 0.0502473
78 0.597472 0.201225 0.0515397
79 0.597472 0.15335 0.0489313
80 0.597472 0.136494 0.0472354
81 0.600553 0.144607 0.0496405
82 0.600553 0.155898 0.0492001
83 0.600553 0.175536 0.0505084
84 0.600553 0.159534 0.0487665
85 0.600553 0.149094 0.0440668
86 0.600553 0.178839 0.0532974
87 0.600553 0.181132 0.053302
88 0.600553 0.147921 0.047539
89 0.600553 0.157952 0.0506995
90 0.600553 0.17328 0.0490287
91 0.600553 0.177521 0.0453876
92 0.600553 0.177431 0.0478955
93 0.600553 0.18336 0.052581
94 0.600553 0.176119 0.0502976
95 0.600553 0.173905 0.0538468
96 0.600553 0.168846 0.0503545
97 0.600553 0.182036 0.0502537
98 0.600553 0.137438 0.0448217
99 0.600553 0.151983 0.0477938
100 0.600553 0.147981 0.047794
101 0.600553 0.153544 0.051031
102 0.600553 0.162489 0.0487521
103 0.600553 0.161208 0.0493167
104 0.600553 0.156602 0.0498431
105 0.600553 0.140288 0.045373
106 0.600553 0.13048 0.0456649
107 0.600553 0.140034 0.0460233
108 0.60372 0.179952 0.0579653
109 0.60372 0.18849 0.0547102
110 0.60372 0.187952 0.0527221
111 0.60372 0.186425 0.0527531
112 0.60372 0.1615 0.0480919
113 0.60372 0.185026 0.0501861
114 0.60372 0.168987 0.0446783
115 0.60372 0.180497 0.0480229
116 0.60372 0.171581 0.0463767
117 0.60372 0.174364 0.0506798
118 0.60372 0.155502 0.0484962
119 0.60372 0.16831 0.0511133
120 0.60372 0.173285 0.0503465
121 0.60372 0.153914 0.0479344
122 0.60372 0.143086 0.0448586
123 0.60372 0.13437 0.0459474
124 0.60372 0.121607 0.0423377
125 0.60372 0.131029 0.0459578
126 0.60372 0.12978 0.0470806
127 0.60372 0.153168 0.0532705
128 0.60372 0.134749 0.0461534
129 0.60372 0.149014 0.0457786
130 0.60372 0.147329 0.0477267
131 0.60372 0.126672 0.0456264
132 0.60372 0.142083 0.0481214
133 0.60372 0.136285 0.0474712
134 0.60372 0.145093 0.0451809
135 0.60372 0.199233 0.0540335
136 0.60372 0.176597 0.0525197
137 0.60372 0.180312 0.0543101
138 0.60372 0.162289 0.0494245
139 0.60372 0.176612 0.0497842
140 0.606266 0.162982 0.0467175
141 0.606266 0.156775 0.0480394
142 0.606266 0.181662 0.0537045
143 0.606266 0.151308 0.0485262
144 0.606266 0.187758 0.0550735
145 0.606266 0.180925 0.0544456
146 0.606266 0.17154 0.0538752
147 0.606266 0.182797 0.0515378
148 0.606266 0.172805 0.0463735
149 0.606266 0.19147 0.0521072
150 0.606266 0.203398 0.0505384
151 0.606266 0.179832 0.0477607
152 0.606266 0.16727 0.046171
153 0.606266 0.166335 0.0450461
154 0.606266 0.166319 0.0509699
155 0.606266 0.194051 0.0493723
156 0.606266 0.165591 0.0465724
157 0.606266 0.150912 0.0462783
158 0.606266 0.159361 0.0515189
159 0.606266 0.169479 0.0544494
160 0.606266 0.164561 0.0517916
161 0.606266 0.168253 0.0525729
162 0.606266 0.156975 0.0504158
163 0.606266 0.156143 0.0474686
164 0.606266 0.153511 0.0465327
165 0.606266 0.167438 0.0516575
166 0.606266 0.169031 0.047407
167 0.606266 0.154188 0.0469228
168 0.606266 0.156413 0.0499189
169 0.606266 0.145493 0.0509842
170 0.606266 0.138341 0.0468455
171 0.606266 0.139616 0.0436705
172 0.606266 0.164053 0.048324
173 0.606266 0.147214 0.0446362
174 0.608423 0.135963 0.049348
175 0.608423 0.153475 0.0519431
176 0.608423 0.19097 0.057399
177 0.608423 0.167015 0.0464863
178 0.608423 0.176892 0.0502058
179 0.608423 0.169271 0.048468
180 0.608423 0.156436 0.049225
181 0.608423 0.159703 0.0464303
182 0.608423 0.156246 0.0454201
183 0.608423 0.117527 0.0420683
184 0.608423 0.147551 0.0479879
185 0.608423 0.139219 0.0477995
186 0.608423 0.149488 0.0468643
187 0.608423 0.146549 0.044146
188 0.609102 0.160518 0.0453324
189 0.609102 0.185873 0.0499632
190 0.609102 0.158258 0.048116
191 0.609102 0.179798 0.0509367
192 0.609102 0.195472 0.0521555
193 0.609102 0.222637 0.0573493
194 0.609102 0.213157 0.0548563
195 0.609102 0.234387 0.0539901
196 0.609102 0.229621 0.0528372
197 0.609102 0.223446 0.0568995
198 0.609102 0.24725 0.055793
199 0.609102 0.17111 0.0519787
200 0.609102 0.182457 0.0541638
201 0.609102 0.187959 0.0547351
202 0.609102 0.192103 0.0554714
203 0.609102 0.154852 0.0495689
204 0.609102 0.165673 0.0499444
205 0.609102 0.180414 0.0543817
206 0.609102 0.189581 0.0596691
207 0.609102 0.168733 0.0510459
208 0.609102 0.207841 0.0582111
209 0.609102 0.161416 0.0552502
210 0.609102 0.182195 0.0570622
211 0.609102 0.199793 0.0581118
212 0.609102 0.191736 0.0546313
213 0.609102 0.209911 0.0505568
214 0.609102 0.198136 0.0512287
215 0.609102 0.214025 0.0568513
216 0.609102 0.188628 0.0542646
217 0.609102 0.181947 0.0526232
218 0.609102 0.174265 0.0486715
219 0.609102 0.203533 0.0548025
220 0.609102 0.204354 0.0566901
221 0.609102 0.219085 0.0575008
222 0.609102 0.186686 0.0551972
223 0.609102 0.19861 0.0587209
224 0.609102 0.172609 0.0602118
225 0.609102 0.154258 0.0494865
226 0.609102 0.144089 0.051076
227 0.609102 0.165309 0.0502933
228 0.609102 0.159492 0.051107
229 0.609102 0.180231 0.0531139
230 0.610386 0.217372 0.059508
231 0.610386 0.194463 0.0565151
232 0.610386 0.182417 0.0534211
233 0.610386 0.186685 0.053407
234 0.610386 0.192987 0.0597782
235 0.610386 0.188454 0.0536288
236 0.610386 0.153573 0.0497452
237 0.610386 0.144205 0.0469109
238 0.610386 0.158705 0.0514468
239 0.610386 0.178045 0.0551344
240 0.610386 0.179837 0.051513
241 0.610386 0.203588 0.0529883
242 0.610386 0.202952 0.0547245
243 0.610386 0.225586 0.0548729
244 0.610386 0.199372 0.053744
245 0.610386 0.182793 0.0548356
246 0.611347 0.201063 0.0566153
247 0.611347 0.213877 0.0566789
248 0.611347 0.209557 0.0575572
249 0.611347 0.200416 0.0572319
250 0.611347 0.203142 0.0527405
251 0.611347 0.230268 0.0563215
252 0.611347 0.208226 0.0533884
253 0.611347 0.21596 0.0570067
254 0.611347 0.217132 0.0538344
255 0.611347 0.235123 0.0568802
256 0.611347 0.201861 0.0534249
257 0.611347 0.217827 0.0523001
258 0.611347 0.214537 0.0538867
259 0.611347 0.215577 0.0535134
260 0.611347 0.205857 0.0500597
261 0.611347 0.196325 0.0509938
262 0.611347 0.19151 0.0543049
263 0.611347 0.207078 0.0541131
264 0.611347 0.19164 0.0550503
265 0.611347 0.203715 0.0525476
266 0.611347 0.194339 0.0529531
267 0.611347 0.221437 0.0556739
268 0.611347 0.187164 0.0525415
269 0.611347 0.191916 0.0504301
270 0.611347 0.165845 0.052801
271 0.611347 0.149742 0.0451191
272 0.611347 0.194722 0.0530442
273 0.611347 0.194886 0.0510123
274 0.611347 0.204865 0.0585173
275 0.611347 0.205166 0.0553449
276 0.611347 0.218706 0.0577491
277 0.611347 0.224117 0.0556404
278 0.611347 0.231347 0.0596441
279 0.611347 0.217476 0.054134
280 0.611347 0.219343 0.0549559
281 0.611347 0.214189 0.0507819
282 0.611347 0.234906 0.0601024
283 0.611347 0.223977 0.0522805
284 0.611347 0.187223 0.0539767
285 0.611347 0.212684 0.0562009
286 0.611347 0.223195 0.0575144
287 0.611347 0.202485 0.0523513
288 0.611347 0.211652 0.0575244
289 0.611347 0.192118 0.0556092
290 0.611347 0.211892 0.0538875
291 0.611347 0.20296 0.0505498
292 0.611347 0.195005 0.0488563
293 0.611347 0.20091 0.0539414
294 0.611347 0.190336 0.053421
295 0.611347 0.179229 0.0528859
296 0.611347 0.164504 0.0499848
297 0.611347 0.198791 0.0587463
298 0.611347 0.18474 0.0530699
299 0.611347 0.195797 0.0578371
300 0.611347 0.199162 0.0539267
301 0.611347 0.205293 0.0590359
302 0.611347 0.197595 0.0555947
303 0.611347 0.198619 0.0538738
304 0.611347 0.212104 0.0604364
305 0.611399 0.227682 0.0598784
306 0.611399 0.207036 0.0531283
307 0.611399 0.231963 0.0562709
308 0.611399 0.183474 0.0495067
309 0.611399 0.204919 0.0522204
310 0.611399 0.178945 0.0510175
311 0.611399 0.207988 0.056961
312 0.611399 0.219791 0.0489531
313 0.611399 0.190614 0.0492538
314 0.611399 0.188602 0.0475654
315 0.611399 0.178924 0.0534014
316 0.611399 0.149725 0.0455345
317 0.611399 0.184786 0.0498956
318 0.611399 0.185235 0.0512932
319 0.611399 0.196814 0.0507111
320 0.611399 0.212345 0.0514966
321 0.611399 0.203005 0.0520192
322 0.611399 0.196995 0.050694
323 0.611399 0.220091 0.05326
324 0.611399 0.220727 0.0571602
325 0.611399 0.223333 0.0554587
326 0.611399 0.216916 0.05655
327 0.611399 0.199224 0.0481584
328 0.611399 0.198611 0.0541975
329 0.611399 0.227691 0.0557362
330 0.611399 0.219921 0.0536813
331 0.611399 0.195181 0.0487036
332 0.611399 0.199172 0.0536117
333 0.611399 0.201867 0.056995
334 0.611399 0.207108 0.0585416
335 0.611399 0.196469 0.057595
336 0.611399 0.205821 0.0504391
337 0.611399 0.200963 0.052485
338 0.611399 0.173708 0.050055
339 0.611399 0.201697 0.0526293
340 0.611399 0.175385 0.0470733
341 0.611399 0.18516 0.0484504
342 0.611399 0.182817 0.0503494
343 0.611399 0.188204 0.0506766
344 0.611399 0.190131 0.0461525
345 0.611399 0.179774 0.050379
346 0.611399 0.190285 0.0542041
347 0.611399 0.17736 0.0508179
348 0.611399 0.194003 0.0541912
349 0.611399 0.20109 0.0557964
350 0.611399 0.214192 0.056512
351 0.611399 0.191616 0.0524861
352 0.611399 0.19348 0.0515194
353 0.611399 0.177401 0.0540267
354 0.611399 0.201427 0.0539134
355 0.611399 0.195765 0.0528633
356 0.611399 0.207631 0.0541536
357 0.611399 0.179966 0.0503864
358 0.611399 0.189636 0.0523966
359 0.611399 0.21512 0.0525323
360 0.611399 0.216842 0.0490145
361 0.611399 0.204539 0.0568947
362 0.611399 0.191832 0.0553252
363 0.611399 0.207512 0.0542391
364 0.611399 0.186517 0.0492081
365 0.611399 0.180471 0.0528648
366 0.611399 0.166349 0.0470453
367 0.611399 0.175996 0.0508314
368 0.611399 0.182525 0.0526798
369 0.611399 0.171851 0.0506687
370 0.611399 0.203561 0.0558786
371 0.611399 0.183904 0.0552563
372 0.611399 0.17677 0.0502027
373 0.611399 0.179903 0.056308
374 0.611399 0.18346 0.0503527
375 0.611399 0.1762 0.0534152
376 0.611399 0.163727 0.051102
377 0.611399 0.155943 0.0498613
378 0.611399 0.191465 0.0552581
379 0.611399 0.179728 0.0526178
380 0.611399 0.164936 0.0512507
381 0.611399 0.181078 0.0523982
382 0.611399 0.193277 0.0507699
383 0.611399 0.212572 0.0522114
384 0.611399 0.179981 0.0529335
385 0.611399 0.181211 0.0550106
386 0.611399 0.178309 0.0508553
387 0.611399 0.180551 0.0486192
388 0.611399 0.209919 0.0524708
389 0.611399 0.201221 0.0530698
390 0.611399 0.191402 0.0557861
391 0.611399 0.188887 0.0488245
392 0.611399 0.206197 0.0505033
393 0.611399 0.195238 0.0522224
394 0.611399 0.193273 0.0526801
395 0.611399 0.199901 0.0525049
396 0.611399 0.205701 0.0518668
397 0.611399 0.204055 0.0554485
398 0.611399 0.196149 0.0557007
399 0.611399 0.166173 0.0531979
400 0.611399 0.191644 0.0567015
401 0.611399 0.203159 0.0609541
402 0.611399 0.180887 0.0535311
403 0.611399 0.198752 0.058191
404 0.611399 0.190117 0.0564583
405 0.611399 0.186637 0.054271
406 0.611399 0.17607 0.0539181
407 0.611399 0.164519 0.0517573
408 0.611399 0.168349 0.0496731
409 0.611399 0.221065 0.0507398
410 0.611399 0.190319 0.0554435
411 0.611399 0.197172 0.0505151
412 0.611399 0.193983 0.0516458
413 0.611399 0.169747 0.0498558
414 0.611399 0.232228 0.0535155
415 0.611399 0.226018 0.05293
416 0.611399 0.222714 0.0508764
417 0.611399 0.198546 0.0525557
418 0.611399 0.189144 0.0503043
419 0.611399 0.208354 0.0508381
420 0.611399 0.204775 0.0480049
421 0.611399 0.196028 0.0502327
422 0.611399 0.189952 0.0481919
423 0.611399 0.175086 0.0504861
424 0.611399 0.191948 0.0473354
425 0.611399 0.207087 0.049474
426 0.611399 0.187823 0.0487161
427 0.611399 0.186511 0.0535405
428 0.611399 0.162276 0.0507411
429 0.611399 0.190102 0.0499965
430 0.611399 0.205694 0.0488916
431 0.611399 0.197132 0.0546813
432 0.611399 0.173403 0.0489974
433 0.611399 0.1982 0.0533359
434 0.611399 0.187755 0.0506733
435 0.611399 0.167104 0.0473698
436 0.611399 0.189539 0.0507791
437 0.611399 0.211606 0.0529652
438 0.611399 0.219984 0.0587641
439 0.611399 0.185053 0.0537557
440 0.611399 0.181274 0.0499247
441 0.611399 0.211001 0.0535185
442 0.611399 0.208899 0.0515775
443 0.611399 0.188278 0.0489615
444 0.611399 0.213607 0.0524352
445 0.611399 0.24192 0.0547236
446 0.611399 0.249576 0.0563725
447 0.611399 0.215889 0.0579383
448 0.611399 0.202927 0.0504551
449 0.611399 0.20885 0.0552048
450 0.611399 0.204728 0.0507162
451 0.611399 0.226232 0.0571931
452 0.611399 0.226598 0.0542269
453 0.611399 0.214314 0.0542174
454 0.611399 0.260505 0.0602219
455 0.611399 0.199039 0.0546606
456 0.611399 0.198267 0.0527746
457 0.611399 0.196888 0.0515899
458 0.611399 0.187815 0.0515259
459 0.611399 0.221869 0.0559706
460 0.611399 0.202215 0.0508386
461 0.611399 0.195485 0.0505317
462 0.611399 0.176022 0.0506551
463 0.611399 0.194703 0.0538199
464 0.611399 0.200384 0.055984
465 0.611399 0.186567 0.0529384
466 0.611399 0.166284 0.0543352
467 0.611399 0.160205 0.0467895
468 0.611399 0.162318 0.0524049
469 0.611399 0.18138 0.0560445
470 0.611399 0.180698 0.0582969
471 0.611399 0.162818 0.0533651
472 0.611399 0.184579 0.0551216
473 0.611399 0.211972 0.0559384
474 0.611399 0.195743 0.0514688
475 0.611399 0.202732 0.0526033
476 0.611399 0.207431 0.0553163
477 0.611399 0.21224 0.0588748
478 0.611399 0.217492 0.061758
479 0.611399 0.190868 0.0546779
480 0.611399 0.200375 0.0579299
481 0.611399 0.173848 0.0568725
482 0.611399 0.181812 0.0530163
483 0.611399 0.17885 0.0521442
484 0.611399 0.207914 0.0553994
485 0.611399 0.200044 0.0536727
486 0.611399 0.183675 0.0549064
487 0.611399 0.184445 0.0571704
488 0.611399 0.201139 0.0602395
489 0.611399 0.217288 0.0591243
490 0.611399 0.208816 0.0586726
491 0.611399 0.189066 0.0552469
492 0.611399 0.185365 0.0537904
493 0.611399 0.208734 0.0545742
494 0.611399 0.20153 0.0521675
495 0.611399 0.18795 0.0559003
496 0.611399 0.170331 0.0497738
497 0.611399 0.206375 0.0526249
498 0.611399 0.210709 0.0532529
499 0.611399 0.218955 0.0554701
500 0.611399 0.177093 0.0518791
501 0.611399 0.191106 0.0558002
502 0.611399 0.213243 0.0580833
503 0.611399 0.221424 0.0583414
504 0.611399 0.226698 0.0595806
505 0.611399 0.217191 0.0558852
506 0.611399 0.207405 0.0548249
507 0.611399 0.221765 0.0523482
508 0.611399 0.210789 0.052263
509 0.611399 0.199195 0.0505861
510 0.611399 0.218211 0.0557785
511 0.611399 0.207582 0.0544919
512 0.611399 0.232241 0.0543458
513 0.611399 0.21252 0.0578041
514 0.611399 0.217021 0.0529701
515 0.611399 0.221623 0.0530764
516 0.611399 0.232145 0.0539677
517 0.611399 0.253725 0.0556354
518 0.611399 0.238697 0.0531708
519 0.611399 0.227086 0.0564451
520 0.611399 0.215691 0.0518515
521 0.611399 0.205482 0.0494514
522 0.611399 0.229837 0.0502483
523 0.611399 0.205467 0.0479444
524 0.611399 0.225658 0.0521057
525 0.611399 0.217141 0.0534976
526 0.611399 0.223213 0.0548798
527 0.611399 0.229108 0.055034
528 0.611399 0.253684 0.0588919
529 0.611399 0.250105 0.0587796
530 0.611399 0.237397 0.0599756
531 0.611399 0.214689 0.0568409
532 0.611399 0.228607 0.0593899
533 0.611399 0.176561 0.0575471
534 0.611399 0.204633 0.0589528
535 0.611399 0.169291 0.0511719
536 0.611399 0.185398 0.0503155
537 0.611399 0.187565 0.0546247
538 0.611399 0.200003 0.0532045
539 0.611399 0.189318 0.0526799
540 0.611399 0.191661 0.0509464
541 0.611399 0.184701 0.0546065
542 0.611399 0.157478 0.0535109
543 0.611399 0.175063 0.0566067
544 0.611399 0.175389 0.0510808
545 0.611399 0.200325 0.0533318
546 0.611399 0.22973 0.0578595
547 0.611399 0.189121 0.0516793
548 0.611399 0.192013 0.050652
549 0.611399 0.205727 0.0534491
550 0.611399 0.191815 0.0519132
551 0.611399 0.206841 0.0533114
552 0.611399 0.198897 0.052205
553 0.611399 0.203792 0.0513892
554 0.611399 0.183109 0.0491366
555 0.611399 0.201365 0.0544347
556 0.611399 0.191734 0.0518693
557 0.611399 0.210399 0.0564555
558 0.611399 0.204321 0.0560757
559 0.611399 0.189046 0.0543691
560 0.611399 0.168066 0.0528987
561 0.611399 0.192147 0.0555279
562 0.611399 0.200142 0.0586986
563 0.611639 0.184512 0.0579338
564 0.611639 0.192824 0.0592125
565 0.611639 0.218771 0.0571336
566 0.611639 0.193594 0.0571299
567 0.611639 0.202428 0.0612251
568 0.611639 0.204607 0.0533255
569 0.611639 0.197764 0.0527495
570 0.611639 0.221525 0.0579347
571 0.611639 0.20304 0.0609418
572 0.611639 0.212741 0.0569945
573 0.611639 0.206721 0.05715
574 0.611639 0.204617 0.0610478
575 0.611639 0.228913 0.0618832
576 0.611639 0.205019 0.0594552
577 0.611639 0.203948 0.0578166
578 0.611639 0.20036 0.0553356
579 0.611639 0.216457 0.0524622
580 0.611639 0.226542 0.0533933
581 0.611639 0.227358 0.0575717
582 0.611639 0.236741 0.0534547
583 0.611639 0.251842 0.0570103
584 0.611639 0.214282 0.052169
585 0.611639 0.197354 0.0520698
586 0.611639 0.213017 0.05505
587 0.611639 0.238281 0.0601743
588 0.611639 0.207818 0.0571136
589 0.611639 0.216178 0.0602895
590 0.611639 0.22238 0.0567481
591 0.611639 0.231414 0.061586
592 0.611639 0.237064 0.0599099
593 0.611639 0.240905 0.0540663
594 0.611639 0.24572 0.0536422
595 0.611639 0.246032 0.0481131
596 0.611639 0.259827 0.0534457
597 0.611639 0.244996 0.052901
598 0.611639 0.239333 0.0580969
599 0.611639 0.264277 0.0546542
600 0.611639 0.249731 0.0575859
601 0.611639 0.215644 0.0537962
602 0.611639 0.223904 0.0542372
603 0.611639 0.243012 0.0555965
604 0.611639 0.228858 0.0537848
605 0.611639 0.19282 0.0543635
606 0.611639 0.190765 0.0542677
607 0.611639 0.193908 0.0500391
608 0.611639 0.217525 0.0531362
609 0.611639 0.225741 0.0547271
610 0.611639 0.227126 0.0547674
611 0.611639 0.233768 0.054609
612 0.611639 0.214124 0.0536251
613 0.611639 0.224835 0.0561923
614 0.611639 0.220693 0.0602913
615 0.611639 0.194379 0.0552983
616 0.611639 0.194107 0.0564057
617 0.611639 0.203538 0.0532512
618 0.611639 0.228217 0.0580252
619 0.611639 0.186301 0.0538467
620 0.611639 0.184373 0.052483
621 0.611639 0.204228 0.0564546
622 0.611639 0.218245 0.0567226
623 0.611639 0.195004 0.0555053
624 0.611639 0.191114 0.0545897
625 0.611639 0.225335 0.0550895
626 0.611639 0.203984 0.0510584
627 0.611639 0.190543 0.0532767
628 0.611639 0.202346 0.0563784
629 0.611639 0.20315 0.055567
630 0.611639 0.216471 0.0529739
631 0.611639 0.21256 0.0554651
632 0.611639 0.21161 0.0522345
633 0.611639 0.186305 0.0516726
634 0.611639 0.187573 0.0523564
635 0.611639 0.173132 0.0508247
636 0.611639 0.179883 0.0523685
637 0.611639 0.187835 0.0555016
638 0.611639 0.183592 0.0549078
639 0.611639 0.215641 0.0589811
640 0.611639 0.213824 0.0541898
641 0.611639 0.201447 0.0575865
642 0.611639 0.186794 0.0505198
643 0.611639 0.19233 0.0557638
644 0.611639 0.180063 0.0510607
645 0.611639 0.198568 0.0529638
646 0.611639 0.166658 0.0500104
647 0.611639 0.200589 0.0515548
648 0.611639 0.200582 0.0487354
649 0.611639 0.197041 0.0537869
650 0.611639 0.208768 0.0536015
651 0.611639 0.18595 0.0561147
652 0.611639 0.17779 0.0528212
653 0.611639 0.192304 0.0517343
654 0.611639 0.183952 0.0492195
655 0.611639 0.213545 0.0547761
656 0.611639 0.227579 0.0573138
657 0.611639 0.209641 0.0533516
658 0.611639 0.211248 0.0582728
659 0.611639 0.227986 0.0533607
660 0.611639 0.222493 0.0568835
661 0.611639 0.209039 0.046891
662 0.611639 0.219548 0.0505045
663 0.611639 0.222595 0.0463237
664 0.611639 0.243622 0.0606859
665 0.611639 0.198988 0.0544061
666 0.611639 0.213639 0.0562024
667 0.611639 0.221356 0.0584863
668 0.611639 0.23341 0.0515157
669 0.611639 0.219974 0.054395
670 0.611639 0.201126 0.0521218
671 0.611639 0.209352 0.0552269
672 0.611639 0.198438 0.050407
673 0.611639 0.217662 0.0524322
674 0.611639 0.213898 0.0514203
675 0.611639 0.218844 0.0545477
676 0.611639 0.217216 0.0543278
677 0.611639 0.2174 0.0581923
678 0.611639 0.213349 0.0537618
679 0.611639 0.192447 0.0545471
680 0.611639 0.180982 0.0544203
681 0.611639 0.186491 0.0550126
682 0.611639 0.193553 0.0572448
683 0.611639 0.164098 0.0561946
684 0.611639 0.186772 0.0553324
685 0.611639 0.221084 0.0609779
686 0.611639 0.194617 0.0554083
687 0.611639 0.204222 0.0555419
688 0.611639 0.214973 0.0581338
689 0.611639 0.199394 0.0528801
690 0.611639 0.170369 0.0570751
691 0.611639 0.179874 0.0551718
692 0.611639 0.182569 0.0494624
693 0.611639 0.184371 0.0536483
694 0.611639 0.187904 0.0542821
695 0.611639 0.203572 0.0533132
696 0.611639 0.19212 0.0515862
697 0.611639 0.205347 0.0542223
698 0.611639 0.224876 0.0526868
699 0.611639 0.208835 0.0517144
700 0.611639 0.266875 0.0518877
701 0.611639 0.25616 0.0588387
702 0.611639 0.22757 0.0562126
703 0.611639 0.224533 0.0571356
704 0.611639 0.228958 0.0575338
705 0.611639 0.198174 0.0523005
706 0.611639 0.190083 0.0559603
707 0.611639 0.211692 0.057299
708 0.611639 0.232622 0.0555774
709 0.611639 0.224178 0.053055
710 0.611639 0.249152 0.0564479
711 0.611639 0.241505 0.0527191
712 0.611639 0.215705 0.059203
713 0.611639 0.210669 0.0561898
714 0.611639 0.225745 0.0555932
715 0.611639 0.211383 0.0505935
716 0.611639 0.179958 0.0485943
717 0.611639 0.22451 0.0538083
718 0.611639 0.205461 0.0548107
719 0.611639 0.207564 0.0527937
720 0.611639 0.207046 0.0538464
721 0.611639 0.212259 0.0497569
722 0.611639 0.207452 0.0513771
723 0.611639 0.221858 0.0496492
724 0.611639 0.192742 0.0520872
725 0.611639 0.19263 0.0475729
726 0.611639 0.205733 0.0533893
727 0.611639 0.183881 0.0486
728 0.611639 0.221512 0.0498255
729 0.611639 0.205259 0.0472258
730 0.611639 0.207218 0.0498649
731 0.611639 0.205103 0.0534748
732 0.611639 0.216383 0.0557126
733 0.611639 0.207448 0.0580383
734 0.611639 0.204011 0.0546068
735 0.611639 0.22855 0.0566808
736 0.611639 0.224992 0.056573
737 0.611639 0.231871 0.0509449
738 0.611639 0.210405 0.0546235
739 0.611639 0.209423 0.0568381
740 0.611639 0.18622 0.054998
741 0.611639 0.197367 0.0540686
742 0.611639 0.215884 0.056762
743 0.611639 0.205605 0.056039
744 0.611639 0.210964 0.0550423
745 0.611639 0.208243 0.053649
746 0.611639 0.223834 0.0512399
747 0.611639 0.208322 0.0576194
748 0.611639 0.234955 0.0601248
749 0.611639 0.223537 0.0633176
750 0.611639 0.214742 0.0515391
751 0.611639 0.205015 0.0477914
752 0.611639 0.221716 0.0540576
753 0.611639 0.233611 0.0519001
754 0.611639 0.220441 0.0505797
755 0.611639 0.242257 0.0513785
756 0.611639 0.251377 0.0535553
757 0.611639 0.248134 0.0597569
758 0.611639 0.235021 0.0574539
759 0.611639 0.212988 0.0561907
760 0.611639 0.213606 0.0560151
761 0.611639 0.245289 0.0552018
762 0.611639 0.241397 0.0518557
763 0.611639 0.236912 0.0550715
764 0.611639 0.184057 0.0509442
765 0.611639 0.175809 0.0560016
766 0.611639 0.190473 0.0547249
767 0.611639 0.16272 0.053269
768 0.611639 0.194828 0.0557872
769 0.611639 0.227904 0.0552542
770 0.611639 0.238509 0.0538295
771 0.611639 0.201587 0.056149
772 0.611639 0.212576 0.0558824
773 0.611639 0.223718 0.0565011
774 0.611639 0.186662 0.0541791
775 0.611639 0.222049 0.0548167
776 0.611639 0.231859 0.052861
777 0.611639 0.202536 0.0479917
778 0.611639 0.206746 0.0504224
779 0.611639 0.207625 0.0497834
780 0.611639 0.205438 0.0525586
781 0.611639 0.204604 0.0540957
782 0.611639 0.206612 0.0557998
783 0.611639 0.178574 0.0549255
784 0.611639 0.19 0.0565426
785 0.611639 0.172664 0.0518194
786 0.611639 0.207815 0.0590441
787 0.611639 0.196212 0.0564055
788 0.611639 0.218625 0.0675384
789 0.611639 0.224303 0.0561422
790 0.611639 0.222735 0.053491
791 0.611639 0.216527 0.0538253
792 0.611639 0.248654 0.0543478
793 0.611639 0.230068 0.054233
794 0.611639 0.226064 0.0552811
795 0.611639 0.218637 0.0535729
796 0.611639 0.191054 0.0562553
797 0.611639 0.207161 0.0533197
798 0.611639 0.194879 0.0565447
799 0.611639 0.186384 0.0509654
800 0.611639 0.191307 0.0571598
801 0.611639 0.214303 0.063771
802 0.611639 0.164987 0.0554617
803 0.611639 0.166118 0.055018
804 0.611639 0.175894 0.0547146
805 0.611639 0.205758 0.0558461
806 0.611639 0.195526 0.053403
807 0.611639 0.19314 0.0514335
808 0.611639 0.208231 0.0503156
809 0.611639 0.188341 0.0455275
810 0.611639 0.175511 0.0515736
811 0.611639 0.20347 0.0584643
812 0.611639 0.234432 0.0577414
813 0.611639 0.235276 0.0519607
814 0.611639 0.211008 0.0516521
815 0.611639 0.192241 0.0530166
816 0.611639 0.194182 0.0516689
817 0.611639 0.216247 0.057353
818 0.611639 0.221309 0.0568751
819 0.611639 0.20425 0.0531834
820 0.611639 0.222202 0.0553137
821 0.611639 0.232422 0.0572898
822 0.611639 0.215844 0.0523839
823 0.611639 0.202506 0.0541094
824 0.611639 0.174279 0.0537211
825 0.611639 0.203614 0.057322
826 0.611639 0.197691 0.0550602
827 0.611639 0.182631 0.0509763
828 0.611639 0.210131 0.0501519
829 0.611639 0.236735 0.0556663
830 0.611639 0.265804 0.0614457
831 0.611639 0.26159 0.0524667
832 0.611639 0.247901 0.0589306
833 0.611639 0.246363 0.0564891
834 0.611639 0.226698 0.0518184
835 0.611639 0.214229 0.052136
836 0.611639 0.222678 0.0519827
837 0.611639 0.235748 0.0555738
838 0.611639 0.188814 0.0594212
839 0.611639 0.188916 0.0568446
840 0.611639 0.191161 0.0552184
841 0.611639 0.184623 0.0554855
842 0.611639 0.156455 0.0535348
843 0.611639 0.152312 0.0500415
844 0.611639 0.201713 0.0559641
845 0.611639 0.2232 0.0580403
846 0.611639 0.200085 0.0595819
847 0.611639 0.207547 0.0536197
848 0.611639 0.200683 0.054036
849 0.611639 0.220841 0.0640255
850 0.611639 0.198008 0.0590793
851 0.611639 0.215464 0.0594257
852 0.611639 0.22854 0.0552897
853 0.611639 0.20912 0.0513152
854 0.611639 0.228923 0.0569793
855 0.611639 0.200133 0.0583883
856 0.611639 0.214303 0.0523036
857 0.611639 0.218935 0.0531103
858 0.611639 0.203787 0.0536642
859 0.611639 0.215637 0.0562313
860 0.611639 0.204286 0.0555358
861 0.611639 0.221658 0.0559465
862 0.611639 0.204941 0.0527468
863 0.611639 0.203885 0.0544079
864 0.611639 0.244504 0.0569847
865 0.611639 0.233734 0.0578924
866 0.611639 0.197509 0.0535592
867 0.611639 0.190855 0.0582017
868 0.611639 0.21875 0.0573445
869 0.611639 0.211237 0.057901
870 0.611639 0.191001 0.0556589
871 0.611639 0.226288 0.0591862
872 0.611639 0.238315 0.054392
873 0.611639 0.200986 0.0515074
874 0.611639 0.226582 0.0555405
875 0.611639 0.198915 0.0510346
876 0.611639 0.201738 0.0519246
877 0.611639 0.200236 0.0540995
878 0.611639 0.194556 0.0514315
879 0.611639 0.205977 0.0588394
880 0.611639 0.218683 0.0589307
881 0.611639 0.225711 0.0560184
882 0.611639 0.210588 0.0542846
883 0.611639 0.216144 0.0553275
884 0.611639 0.213067 0.0527631
885 0.611639 0.241395 0.054837
886 0.611639 0.263141 0.0526518
887 0.611639 0.224352 0.0511909
888 0.611639 0.211444 0.0554806
889 0.611639 0.173131 0.0511577
890 0.611639 0.204233 0.0565708
891 0.611639 0.225161 0.0594466
892 0.611639 0.238859 0.056645
893 0.611639 0.226762 0.05674
894 0.611639 0.191988 0.0538112
895 0.611639 0.202014 0.0556131
896 0.611639 0.228004 0.0560693
897 0.611639 0.214787 0.0560836
898 0.611639 0.235016 0.0651137
899 0.611639 0.23132 0.0568785
900 0.611639 0.213991 0.0555521
901 0.611639 0.23201 0.0600905
902 0.611639 0.251341 0.0583541
903 0.611639 0.24784 0.0592546
904 0.611639 0.262486 0.0626751
905 0.611639 0.265492 0.060606
906 0.611639 0.230503 0.0563737
907 0.611639 0.250826 0.057686
908 0.611639 0.260214 0.0553173
909 0.611639 0.222608 0.053836
910 0.611639 0.204927 0.0532608
911 0.611639 0.191603 0.0552895
912 0.611639 0.178453 0.0517535
913 0.611639 0.185961 0.0574778
914 0.611639 0.223808 0.0526865
915 0.611639 0.24324 0.0564003
916 0.611639 0.214302 0.0548001
917 0.611639 0.182967 0.0537825
918 0.611639 0.183193 0.052299
919 0.611639 0.160399 0.0527921
920 0.611639 0.187852 0.0548474
921 0.611639 0.190309 0.0548923
922 0.611639 0.202049 0.0581721
923 0.611639 0.173406 0.0532464
924 0.611639 0.17167 0.0537599
925 0.611639 0.190095 0.0561389
926 0.611639 0.17733 0.0580388
927 0.611639 0.173577 0.0565506
928 0.611639 0.152248 0.0519735
929 0.611639 0.188966 0.0526414
930 0.611639 0.202041 0.0587388
931 0.611639 0.222624 0.0546112
932 0.611639 0.191928 0.0538488
933 0.611639 0.183498 0.0546552
934 0.611639 0.188441 0.0559017
935 0.611639 0.20203 0.0596387
936 0.611639 0.209769 0.0564248
937 0.611639 0.203285 0.0573321
938 0.611639 0.193233 0.0545338
939 0.611639 0.199901 0.0557592
940 0.611639 0.172456 0.0467004
941 0.611639 0.187448 0.0467727
942 0.611639 0.196393 0.0574993
943 0.611639 0.19061 0.0531002
944 0.611639 0.214256 0.0566594
945 0.611639 0.23206 0.0535857
946 0.611639 0.217951 0.0550711
947 0.611639 0.220409 0.0542136
948 0.611639 0.241145 0.0520643
949 0.611639 0.232047 0.0564329
950 0.611639 0.207321 0.0577379
951 0.611639 0.207701 0.0571309
952 0.611639 0.224496 0.0582753
953 0.611639 0.228281 0.0537305
954 0.611639 0.215908 0.0551321
955 0.611639 0.218366 0.0495148
956 0.611639 0.22749 0.0502318
957 0.611639 0.196677 0.0518611
958 0.611639 0.216388 0.0528108
959 0.611639 0.208338 0.0508419
960 0.611639 0.239168 0.0557512
961 0.611639 0.251615 0.054628
962 0.611639 0.21563 0.0516577
963 0.611639 0.216068 0.053259
964 0.611639 0.219201 0.0506571
965 0.611639 0.262781 0.0523868
966 0.611639 0.236745 0.0526235
967 0.611639 0.218874 0.0512498
968 0.611639 0.219969 0.055735
969 0.611639 0.204838 0.0567997
970 0.611639 0.190714 0.0525322
971 0.611639 0.202013 0.054703
972 0.611639 0.208499 0.056392
973 0.611639 0.213151 0.0510622
974 0.611639 0.224006 0.0545979
975 0.611639 0.207208 0.0538898
976 0.611639 0.223846 0.051107
977 0.611639 0.192594 0.0542944
978 0.611639 0.180136 0.0553325
979 0.611639 0.203334 0.0598582
980 0.611639 0.178255 0.0554335
981 0.611639 0.171525 0.0542396
982 0.611639 0.189038 0.0540825
983 0.611639 0.175985 0.0528704
984 0.611639 0.207652 0.0596138
985 0.611639 0.173699 0.0489606
986 0.611639 0.190111 0.0555441
987 0.611639 0.183787 0.0545405
988 0.611639 0.175889 0.0532506
989 0.611639 0.196835 0.0564831
990 0.611639 0.194981 0.0542362
991 0.611639 0.190957 0.0525383
992 0.611639 0.210692 0.0568015
993 0.611639 0.223118 0.0573311
994 0.611639 0.228427 0.0576707
995 0.611639 0.250446 0.0565001
996 0.611639 0.193745 0.0556172
997 0.611639 0.191754 0.0550131
998 0.611639 0.201839 0.0588813
999 0.611639 0.191816 0.0565327
1000 0.611639 0.186765 0.0512071
