0 0.128029 0.0625209 0.00388712
1 0.128029 0.0713841 0.00387631
2 0.128029 0.0802278 0.00362446
3 0.128029 0.0881229 0.00325251
4 0.128029 0.0870401 0.0032678
5 0.128029 0.0885769 0.00323212
6 0.128029 0.0899007 0.00310811
7 0.128029 0.095577 0.00271385
8 0.128029 0.102569 0.0022605
9 0.128029 0.0975402 0.00263353
10 0.128029 0.101583 0.00239993
11 0.128029 0.103063 0.00225869
12 0.128029 0.113968 0.00128311
13 0.128029 0.111409 0.0015488
14 0.128029 0.109556 0.00168544
15 0.128487 0.107756 0.00189213
16 0.128487 0.107219 0.0018882
17 0.128487 0.105459 0.00207634
18 0.128553 0.113995 0.00129574
19 0.128553 0.106532 0.00200388
20 0.128553 0.104325 0.0021703
21 0.128553 0.100313 0.00251873
22 0.128553 0.101978 0.00234661
23 0.128553 0.103345 0.002167
24 0.128553 0.100536 0.00248234
25 0.128553 0.10051 0.00250694
26 0.128553 0.0905973 0.0031702
27 0.128553 0.0885132 0.00324799
28 0.129061 0.0859109 0.00340711
29 0.129061 0.0860129 0.003403
30 0.129061 0.100835 0.00252065
31 0.129158 0.105961 0.00211045
32 0.129158 0.0948492 0.0029081
33 0.130751 0.0950017 0.00291288
34 0.130751 0.0963169 0.00283608
35 0.130751 0.0888693 0.00325919
36 0.130751 0.086672 0.00332196
37 0.131528 0.0984546 0.00268582
38 0.131528 0.0949549 0.00292211
39 0.131528 0.0950294 0.00289594
40 0.131528 0.0891528 0.00322224
41 0.131528 0.10302 0.00229613
42 0.131528 0.105028 0.0022117
43 0.132587 0.101151 0.00249028
44 0.132587 0.0954019 0.00286868
45 0.132587 0.0944345 0.00289274
46 0.134368 0.0963709 0.00285585
47 0.134368 0.09766 0.00273911
48 0.134368 0.0993165 0.00257346
49 0.134855 0.100469 0.00254561
50 0.134855 0.0954112 0.00292037
51 0.134855 0.0946653 0.00290823
52 0.134855 0.0935212 0.00293569
53 0.134855 0.0970824 0.00273626
54 0.135722 0.0984259 0.00266225
55 0.135722 0.101794 0.00241941
56 0.135722 0.090852 0.00309877
57 0.135722 0.0974822 0.00270007
58 0.135722 0.0876778 0.00325186
59 0.135722 0.0935546 0.00300172
60 0.135722 0.087343 0.00333333
61 0.135722 0.0907897 0.00311934
62 0.135722 0.0890702 0.00319434
63 0.135722 0.0921086 0.00308279
64 0.135722 0.087262 0.00333599
65 0.135722 0.0913298 0.00311455
66 0.135722 0.0923272 0.00304865
67 0.135722 0.0875906 0.0032757
68 0.135722 0.0921428 0.0030663
69 0.135722 0.0958713 0.00283167
70 0.135722 0.0927134 0.00302112
71 0.135722 0.0917517 0.00302395
72 0.135722 0.0911929 0.00305483
73 0.135722 0.0906834 0.00305918
74 0.135819 0.0975237 0.00271357
75 0.135819 0.0905202 0.00307716
76 0.135819 0.0903308 0.00315848
77 0.135819 0.0928755 0.00295622
78 0.136486 0.0950399 0.00288782
79 0.136486 0.096691 0.00273288
80 0.137479 0.0893316 0.00317847
81 0.137479 0.0977482 0.00266397
82 0.137479 0.0944086 0.00284788
83 0.137479 0.0944725 0.00287162
84 0.137479 0.0915979 0.00302693
85 0.137479 0.0922045 0.00302464
86 0.137479 0.0898923 0.0032486
87 0.138477 0.0949452 0.00296085
88 0.138477 0.0829193 0.00352393
89 0.138477 0.0829627 0.00355985
90 0.138477 0.0815851 0.00357692
91 0.138477 0.091368 0.00317415
92 0.141156 0.0972559 0.00275927
93 0.141156 0.0921494 0.00307257
94 0.141156 0.097145 0.0026547
95 0.141156 0.104841 0.00216179
96 0.141156 0.0917606 0.00299916
97 0.141156 0.0997585 0.00256814
98 0.141156 0.0985545 0.00272623
99 0.141156 0.105752 0.0021325
100 0.141156 0.0979737 0.00266864
101 0.141156 0.0983781 0.00262685
102 0.141156 0.100248 0.0025457
103 0.141156 0.0968532 0.00278576
104 0.141156 0.0991879 0.00259838
105 0.141156 0.101737 0.00234068
106 0.141156 0.104651 0.0021848
107 0.141156 0.0961602 0.0027542
108 0.141156 0.0978765 0.00274389
109 0.141156 0.0885055 0.00321885
110 0.141156 0.086448 0.00331176
111 0.141156 0.0870892 0.00332776
112 0.141156 0.0873814 0.00326182
113 0.141156 0.0856799 0.00329893
114 0.141156 0.0925909 0.0030261
115 0.141156 0.0974747 0.002745
116 0.141156 0.0964033 0.00276734
117 0.141156 0.0919879 0.00299189
118 0.141156 0.0941483 0.00287925
119 0.141156 0.0823866 0.00350171
120 0.141156 0.0882942 0.00327352
121 0.141156 0.0942871 0.00293103
122 0.141156 0.0898153 0.00310546
123 0.141156 0.0943686 0.00283141
124 0.141156 0.105201 0.00220756
125 0.141156 0.104369 0.00220045
126 0.141156 0.102459 0.00236937
127 0.141156 0.0969961 0.00273002
128 0.141156 0.0967153 0.00275086
129 0.141156 0.0935041 0.0028472
130 0.141156 0.0948149 0.00286672
131 0.141156 0.0960846 0.0027886
132 0.141156 0.0946507 0.00283888
133 0.141156 0.101108 0.00246768
134 0.141156 0.102002 0.00235741
135 0.141156 0.101988 0.00230596
136 0.141156 0.0899947 0.00311409
137 0.141156 0.0882653 0.00306001
138 0.141156 0.0949853 0.0028391
139 0.141156 0.0816895 0.00339125
140 0.141156 0.0784561 0.0035
141 0.141156 0.0798933 0.00357934
142 0.141156 0.0887607 0.00320937
143 0.141156 0.0899075 0.00313947
144 0.141156 0.0888463 0.00312036
145 0.141156 0.0935391 0.00293746
146 0.141156 0.0914145 0.00300744
147 0.141156 0.0876144 0.00315921
148 0.141156 0.0988877 0.00261594
149 0.141156 0.101547 0.00244231
150 0.142328 0.0974163 0.00266638
151 0.142328 0.10906 0.00186621
152 0.142328 0.107634 0.00196256
153 0.142328 0.105848 0.00209105
154 0.142328 0.101923 0.00240124
155 0.142328 0.101364 0.00250871
156 0.142328 0.104929 0.00218447
157 0.142328 0.0968237 0.00279772
158 0.142328 0.0918614 0.00305742
159 0.142328 0.0985354 0.00263672
160 0.142328 0.100623 0.00245146
161 0.142328 0.106289 0.00205313
162 0.142366 0.104404 0.0022364
163 0.142366 0.10151 0.00252783
164 0.142366 0.107602 0.00186358
165 0.142366 0.101054 0.00246877
166 0.142366 0.0964271 0.00274398
167 0.142366 0.103277 0.00229479
168 0.142366 0.106291 0.00213293
169 0.142366 0.0953203 0.00283943
170 0.142366 0.0921773 0.00296636
171 0.142366 0.094573 0.00285766
172 0.142366 0.0969501 0.0026679
173 0.142366 0.102197 0.00231033
174 0.142541 0.101279 0.00251664
175 0.142541 0.101666 0.00248023
176 0.142541 0.0924192 0.00300948
177 0.142541 0.091849 0.00296364
178 0.142541 0.0924088 0.00296283
179 0.142541 0.086619 0.00329232
180 0.142541 0.0831669 0.00333951
181 0.142541 0.0886702 0.0031712
182 0.142541 0.0921151 0.00299248
183 0.142541 0.0939776 0.00291867
184 0.142541 0.0970096 0.00275742
185 0.142541 0.0932076 0.00284978
186 0.142541 0.0879173 0.0031631
187 0.142541 0.0894265 0.00318284
188 0.142541 0.0835068 0.00342
189 0.142541 0.0884947 0.0032374
190 0.142541 0.0900138 0.00312906
191 0.142801 0.0926384 0.00286979
192 0.142801 0.0920053 0.0029275
193 0.142801 0.10231 0.00236306
194 0.142801 0.101273 0.00250316
195 0.142801 0.0953228 0.0028805
196 0.142801 0.0954564 0.00283131
197 0.142801 0.0960309 0.00278561
198 0.142801 0.0957863 0.00277702
199 0.142801 0.110075 0.00179693
200 0.142801 0.107392 0.00200011
201 0.142801 0.107179 0.0020347
202 0.142801 0.107595 0.00200895
203 0.142801 0.10136 0.00246369
204 0.142801 0.107662 0.00193833
205 0.142801 0.108844 0.00185883
206 0.142801 0.109752 0.00172575
207 0.142801 0.104134 0.00222347
208 0.142801 0.109147 0.00189657
209 0.142801 0.104703 0.00228396
210 0.142801 0.100259 0.00255158
211 0.142801 0.0945053 0.00290835
212 0.142801 0.0977899 0.0027778
213 0.142801 0.0977033 0.00280095
214 0.142801 0.0891134 0.0032653
215 0.142801 0.0934402 0.0028964
216 0.142801 0.0929239 0.00286892
217 0.142801 0.0944833 0.00289304
218 0.142801 0.101616 0.00242434
219 0.142801 0.102682 0.00244957
220 0.142801 0.100332 0.00259706
221 0.142801 0.106406 0.00204764
222 0.143797 0.100659 0.00258715
223 0.143797 0.094212 0.00294413
224 0.143797 0.0979277 0.00272897
225 0.143797 0.0947902 0.00287278
226 0.143797 0.097334 0.00276225
227 0.143797 0.0951437 0.00291053
228 0.143797 0.103204 0.00231175
229 0.143797 0.105953 0.00204695
230 0.143797 0.101252 0.00244661
231 0.143797 0.103718 0.00223693
232 0.143797 0.100733 0.00256511
233 0.143797 0.100671 0.00254925
234 0.143797 0.097432 0.00274644
235 0.143797 0.099984 0.00252723
236 0.143797 0.101936 0.00235512
237 0.143797 0.100863 0.00246906
238 0.143797 0.10568 0.00207758
239 0.143797 0.106081 0.00214538
240 0.143797 0.100247 0.0025238
241 0.143797 0.100481 0.0025788
242 0.143797 0.0952517 0.00282647
243 0.143797 0.0961812 0.00275686
244 0.144241 0.0972024 0.00272104
245 0.144241 0.102812 0.00232215
246 0.144241 0.0982309 0.00265063
247 0.144241 0.0923842 0.00301027
248 0.144241 0.0887437 0.00316105
249 0.144241 0.0817641 0.0033534
250 0.144241 0.0840357 0.00327433
251 0.144241 0.087612 0.00299602
252 0.144241 0.100469 0.00236899
253 0.14526 0.0948205 0.00284135
254 0.14526 0.0914828 0.00301671
255 0.146492 0.0933549 0.00301237
256 0.146492 0.0927734 0.00306879
257 0.146492 0.081818 0.00334408
258 0.146492 0.0855674 0.00315646
259 0.146492 0.0944067 0.00290869
260 0.146492 0.0968861 0.00270298
261 0.147803 0.0915478 0.00304326
262 0.147803 0.092759 0.00298878
263 0.147803 0.0840927 0.00331422
264 0.147803 0.0973684 0.00271848
265 0.147803 0.10228 0.00235938
266 0.147803 0.102193 0.00231977
267 0.147803 0.104086 0.00211851
268 0.147803 0.101668 0.00243293
269 0.147803 0.0975413 0.00257131
270 0.147803 0.0980798 0.0026605
271 0.147803 0.0950403 0.00291131
272 0.147803 0.0957614 0.00285581
273 0.147803 0.0956138 0.00290779
274 0.147803 0.0945976 0.00283351
275 0.147803 0.0973912 0.00263958
276 0.147803 0.0937316 0.00294475
277 0.147803 0.097331 0.00271979
278 0.147803 0.0985568 0.00257525
279 0.147803 0.101636 0.0024432
280 0.147803 0.100628 0.00241764
281 0.147803 0.0993625 0.00260317
282 0.147803 0.106809 0.00220729
283 0.147803 0.105145 0.00225352
284 0.147803 0.10936 0.00184154
285 0.147803 0.104238 0.00225589
286 0.147803 0.0990816 0.00271099
287 0.147803 0.106034 0.00223602
288 0.147803 0.106962 0.0020622
289 0.147803 0.109267 0.00188996
290 0.147803 0.103714 0.00225779
291 0.147803 0.107056 0.00207303
292 0.147803 0.102195 0.00242812
293 0.147803 0.104006 0.00226345
294 0.147803 0.103846 0.0022067
295 0.147803 0.102545 0.00238429
296 0.147803 0.0992366 0.00256341
297 0.147803 0.0978617 0.00267359
298 0.147803 0.0977866 0.00266876
299 0.147803 0.106919 0.00213931
300 0.147803 0.0998599 0.00253758
301 0.147803 0.0906651 0.0029272
302 0.147803 0.10039 0.00249694
303 0.147803 0.0978411 0.00259725
304 0.147803 0.101934 0.00242453
305 0.147803 0.104237 0.00232174
306 0.147803 0.10094 0.00248802
307 0.147803 0.103919 0.00230804
308 0.147803 0.100155 0.00260384
309 0.147803 0.098349 0.00273243
310 0.147803 0.104811 0.0022583
311 0.147803 0.107742 0.00201108
312 0.147803 0.101055 0.00240024
313 0.147803 0.106008 0.00218707
314 0.147803 0.104275 0.00223733
315 0.147803 0.0972005 0.00268078
316 0.147803 0.0927515 0.00296563
317 0.147803 0.103468 0.00234634
318 0.147803 0.0997474 0.00251855
319 0.147803 0.100715 0.00255212
320 0.147803 0.0999138 0.00256968
321 0.147803 0.0922338 0.00305723
322 0.147803 0.0969485 0.00281323
323 0.147803 0.0853301 0.00311097
324 0.147923 0.0921953 0.00300564
325 0.147923 0.0911995 0.00311612
326 0.147923 0.0891784 0.0031873
327 0.147923 0.0966869 0.00287352
328 0.147968 0.0923027 0.00308764
329 0.147968 0.0920006 0.00305524
330 0.147968 0.0912713 0.00318436
331 0.147968 0.0935529 0.00286346
332 0.147968 0.0877008 0.00321549
333 0.147968 0.0929531 0.00307161
334 0.147968 0.0888109 0.0033164
335 0.147968 0.0811211 0.00342516
336 0.147968 0.0969796 0.00267928
337 0.147968 0.0938653 0.00288789
338 0.147968 0.0967193 0.00274623
339 0.147968 0.0930309 0.00284873
340 0.147968 0.0971353 0.00273295
341 0.147968 0.0913156 0.00316345
342 0.147968 0.0957887 0.00281192
343 0.147968 0.0936075 0.00281903
344 0.147968 0.0897347 0.00311432
345 0.148614 0.0948648 0.00282333
346 0.148614 0.0916652 0.00299807
347 0.148614 0.0891889 0.00307822
348 0.148614 0.0932954 0.00300246
349 0.148614 0.0890231 0.00315204
350 0.148614 0.0941917 0.00288263
351 0.148614 0.0955852 0.00268312
352 0.148614 0.0992485 0.00250013
353 0.148614 0.0982174 0.00265719
354 0.148614 0.0920961 0.00286281
355 0.148614 0.0943616 0.00277772
356 0.148614 0.100444 0.00250403
357 0.148614 0.10106 0.00248471
358 0.148614 0.099281 0.00266662
359 0.148614 0.0876938 0.00318982
360 0.148614 0.0956569 0.00296071
361 0.148614 0.0930148 0.00306721
362 0.148614 0.0925853 0.00303016
363 0.148614 0.106426 0.0020981
364 0.148614 0.105978 0.00209691
365 0.148614 0.103794 0.00226739
366 0.148614 0.105679 0.00225509
367 0.148614 0.104618 0.00230572
368 0.148614 0.0955293 0.0028523
369 0.148614 0.0985692 0.00270377
370 0.148614 0.0981004 0.00270624
371 0.148614 0.097898 0.00270875
372 0.148614 0.0985663 0.00263988
373 0.148614 0.0987456 0.00258622
374 0.148614 0.0961756 0.0027279
375 0.148614 0.0971861 0.0026705
376 0.148614 0.0944037 0.00289776
377 0.148614 0.10011 0.00255011
378 0.148614 0.0984089 0.00266717
379 0.148614 0.0973399 0.00269032
380 0.148614 0.0988975 0.00255464
381 0.148614 0.10124 0.00242729
382 0.148614 0.0971784 0.00277432
383 0.148614 0.0939206 0.00303797
384 0.148614 0.0931986 0.00305728
385 0.148614 0.0917803 0.0030914
386 0.148614 0.0956362 0.00290634
387 0.148614 0.105041 0.00227861
388 0.148614 0.0988137 0.00268801
389 0.148614 0.102841 0.00243881
390 0.148614 0.104223 0.00238688
391 0.148614 0.0996687 0.00271417
392 0.148614 0.103061 0.00239804
393 0.148614 0.0959867 0.00289713
394 0.148614 0.0964284 0.00289714
395 0.148614 0.0892277 0.00321391
396 0.148614 0.0951941 0.00294217
397 0.148614 0.0943498 0.00299607
398 0.148614 0.0949605 0.00298551
399 0.148614 0.0945368 0.00279795
400 0.148614 0.0962563 0.00277062
401 0.148614 0.100191 0.00261235
402 0.148614 0.0975438 0.00271849
403 0.148614 0.103674 0.0024279
404 0.148614 0.0983683 0.00275184
405 0.148614 0.0956848 0.00279336
406 0.148614 0.0955798 0.00280441
407 0.148614 0.0959866 0.00278136
408 0.148614 0.0998966 0.00253342
409 0.148614 0.0937763 0.00295292
410 0.148614 0.0943143 0.00299423
411 0.148614 0.087713 0.00323828
412 0.148614 0.0923833 0.00303941
413 0.148614 0.080552 0.00337974
414 0.148614 0.0813921 0.0033732
415 0.148614 0.084765 0.00333317
416 0.148614 0.0854138 0.00328016
417 0.148614 0.0947858 0.00293482
418 0.148614 0.0891067 0.00328001
419 0.148614 0.0851341 0.00343013
420 0.148614 0.0836944 0.00343392
421 0.148614 0.0798837 0.00357357
422 0.148614 0.0904323 0.00304515
423 0.148614 0.0998991 0.00260439
424 0.148614 0.0926073 0.00305094
425 0.148614 0.0946509 0.00291583
426 0.148614 0.0965084 0.00276393
427 0.148614 0.0877027 0.00319767
428 0.148614 0.0936675 0.0029282
429 0.148614 0.0932446 0.00288491
430 0.148614 0.0938108 0.00303227
431 0.148614 0.0939878 0.00290443
432 0.148614 0.0901444 0.00302169
433 0.148614 0.0887269 0.00309347
434 0.148614 0.095606 0.00272832
435 0.148614 0.0985193 0.00261806
436 0.148614 0.103278 0.00237058
437 0.148614 0.0959048 0.00274328
438 0.148614 0.100531 0.00256502
439 0.148614 0.102197 0.00244408
440 0.148614 0.100857 0.00259112
441 0.148614 0.0985632 0.00278216
442 0.148614 0.0920659 0.0030919
443 0.148614 0.0879183 0.00323855
444 0.148614 0.0900345 0.00318169
445 0.148614 0.0887083 0.00317145
446 0.148614 0.0935799 0.00299614
447 0.148614 0.0909303 0.00322981
448 0.148614 0.0942006 0.00302055
449 0.148614 0.094179 0.00308108
450 0.148614 0.086159 0.00344216
451 0.148614 0.0909208 0.00325924
452 0.148614 0.0849787 0.00330816
453 0.148614 0.0942767 0.00290626
454 0.148614 0.0985915 0.00270971
455 0.148614 0.0969609 0.00274592
456 0.148614 0.101151 0.00247303
457 0.148614 0.0984715 0.00265926
458 0.148614 0.101504 0.0024363
459 0.148614 0.0934732 0.00289963
460 0.148614 0.0922291 0.00290484
461 0.148614 0.102443 0.00228534
462 0.148614 0.110992 0.00179697
463 0.148614 0.0942485 0.00296324
464 0.148614 0.0952651 0.00279148
465 0.148614 0.090459 0.00299387
466 0.148614 0.0933097 0.00295526
467 0.148614 0.0985353 0.00254003
468 0.148614 0.0963064 0.00278163
469 0.148614 0.0909862 0.00309909
470 0.148614 0.0821506 0.00341396
471 0.148614 0.0926454 0.00297771
472 0.148614 0.0992252 0.00254293
473 0.148614 0.0997199 0.00254047
474 0.148614 0.100909 0.00265593
475 0.148614 0.0993106 0.00259547
476 0.148614 0.0994847 0.00254837
477 0.148614 0.0974282 0.00269323
478 0.148614 0.0974241 0.00263262
479 0.148614 0.0988635 0.00260704
480 0.148614 0.0992513 0.00254258
481 0.148614 0.109892 0.00183061
482 0.148614 0.108032 0.00189203
483 0.148614 0.109829 0.00187757
484 0.148614 0.103418 0.00223717
485 0.148614 0.106839 0.00203634
486 0.148667 0.0936625 0.00283464
487 0.148667 0.100181 0.00253095
488 0.148667 0.10743 0.00202967
489 0.148667 0.105137 0.00218304
490 0.148667 0.107481 0.00195399
491 0.148667 0.107109 0.00208739
492 0.148667 0.0999311 0.00257571
493 0.148667 0.104675 0.00223193
494 0.148667 0.100805 0.00246488
495 0.148667 0.0945266 0.00286244
496 0.148667 0.0845328 0.00333391
497 0.148667 0.0963487 0.00266268
498 0.148667 0.094567 0.00279942
499 0.148667 0.0964225 0.00276565
500 0.148667 0.0893992 0.00328208
501 0.148667 0.092089 0.00299866
502 0.148667 0.0888986 0.00319218
503 0.148667 0.0944483 0.00292742
504 0.148667 0.0924974 0.00305177
505 0.148667 0.090576 0.00313202
506 0.148667 0.0933493 0.00297038
507 0.148667 0.0907868 0.00310133
508 0.148667 0.0901906 0.00315436
509 0.148667 0.0857709 0.00339864
510 0.148667 0.0924004 0.0031268
511 0.148667 0.0888524 0.00314156
512 0.148667 0.0932276 0.00295042
513 0.148667 0.100085 0.00257917
514 0.148667 0.0970643 0.00275798
515 0.148667 0.0964301 0.00280454
516 0.148667 0.0901694 0.00311
517 0.148667 0.0949955 0.00294725
518 0.148667 0.090044 0.00311529
519 0.148667 0.0975917 0.0026523
520 0.148667 0.0978009 0.00257804
521 0.148667 0.0944219 0.00291717
522 0.148667 0.101064 0.00254912
523 0.148667 0.0956766 0.00271484
524 0.148667 0.102143 0.00244402
525 0.148667 0.090919 0.0029411
526 0.148667 0.0964682 0.00274087
527 0.148667 0.097295 0.00270014
528 0.148667 0.100271 0.00249426
529 0.148667 0.101508 0.00238017
530 0.148667 0.0964512 0.00270847
531 0.148667 0.0993024 0.0025282
532 0.148667 0.0965871 0.00270397
533 0.148667 0.108981 0.00185038
534 0.148667 0.104273 0.00221848
535 0.148667 0.104316 0.00220988
536 0.149019 0.11247 0.00152974
537 0.149019 0.108389 0.00189958
538 0.149019 0.105918 0.00204756
539 0.149019 0.101446 0.00239734
540 0.149019 0.100618 0.00241992
541 0.149019 0.102685 0.00229206
542 0.149019 0.101069 0.002434
543 0.149019 0.0999953 0.00248784
544 0.149019 0.0951192 0.00274021
545 0.149019 0.0976038 0.00272043
546 0.149019 0.0942462 0.00288643
547 0.149019 0.0937621 0.00282629
548 0.149019 0.0945447 0.00282454
549 0.149019 0.0919364 0.00312981
550 0.149019 0.0975607 0.00283576
551 0.149019 0.100681 0.00244434
552 0.149019 0.101606 0.00235403
553 0.149019 0.107896 0.00195758
554 0.149019 0.0984231 0.0026564
555 0.149019 0.0991926 0.00261561
556 0.149019 0.101838 0.00240898
557 0.149019 0.111242 0.00165315
558 0.149019 0.103592 0.00227668
559 0.149019 0.0946066 0.00281538
560 0.149019 0.103756 0.00222472
561 0.149019 0.0968034 0.00268279
562 0.149019 0.0984763 0.00258112
563 0.149019 0.0954667 0.0027996
564 0.149019 0.096838 0.00275327
565 0.149019 0.0970638 0.00275337
566 0.149019 0.0970664 0.00273918
567 0.149019 0.104509 0.00229032
568 0.149019 0.104122 0.00219504
569 0.149019 0.108427 0.00195128
570 0.149019 0.109093 0.00177443
571 0.149019 0.107489 0.00198772
572 0.149019 0.104859 0.00220664
573 0.149019 0.103111 0.002381
574 0.149019 0.10249 0.00245663
575 0.149019 0.0990028 0.00272697
576 0.149019 0.0918049 0.00302817
577 0.149019 0.0955095 0.00294719
578 0.149019 0.105204 0.00223266
579 0.149019 0.0964501 0.00289161
580 0.149019 0.093515 0.00297358
581 0.149019 0.0864617 0.00328864
582 0.149019 0.0922658 0.00300991
583 0.149019 0.0956183 0.00296254
584 0.149019 0.0910406 0.00305521
585 0.149019 0.085398 0.00320948
586 0.149019 0.0961923 0.00286371
587 0.149019 0.0910541 0.00299473
588 0.149019 0.0894449 0.00316394
589 0.149019 0.0897632 0.00316822
590 0.149019 0.0930962 0.00309134
591 0.149019 0.0939087 0.00294237
592 0.149019 0.102863 0.00248
593 0.149019 0.108809 0.00202563
594 0.149019 0.103621 0.00241795
595 0.149019 0.0960444 0.00301791
596 0.149019 0.0936851 0.00298324
597 0.149019 0.090767 0.0030873
598 0.149019 0.091505 0.00304831
599 0.149019 0.0943662 0.00287126
600 0.149019 0.102525 0.00241786
601 0.149019 0.095626 0.00286104
602 0.149019 0.0936828 0.00286692
603 0.149019 0.091406 0.00319242
604 0.149019 0.101794 0.00249293
605 0.149019 0.0906209 0.00302344
606 0.149019 0.0960496 0.00271748
607 0.149019 0.0952941 0.0028054
608 0.149019 0.100039 0.00264224
609 0.149019 0.0998877 0.0026825
610 0.149019 0.0977615 0.00274816
611 0.149019 0.10007 0.00269913
612 0.149019 0.0949753 0.00283134
613 0.149019 0.0964817 0.00275523
614 0.149019 0.100558 0.00251658
615 0.149019 0.0919145 0.00313976
616 0.149592 0.0935665 0.0029398
617 0.149592 0.0929888 0.00288992
618 0.149592 0.0930678 0.00287622
619 0.149592 0.0928694 0.00302785
620 0.149592 0.0937059 0.0028298
621 0.149592 0.0921452 0.00293581
622 0.149592 0.0912191 0.00305197
623 0.149592 0.0945112 0.0028307
624 0.149592 0.0959953 0.00259354
625 0.149592 0.0998653 0.00244554
626 0.149592 0.107529 0.00192654
627 0.149592 0.0991373 0.00264376
628 0.149592 0.105522 0.00213564
629 0.149592 0.102577 0.00234915
630 0.149592 0.107115 0.00199187
631 0.149592 0.104677 0.00228765
632 0.149592 0.100571 0.00267212
633 0.149592 0.0925232 0.00318956
634 0.149592 0.0982929 0.00264642
635 0.149592 0.0939325 0.00291969
636 0.149592 0.096643 0.00277606
637 0.149592 0.0965136 0.00280015
638 0.149592 0.0970183 0.00296668
639 0.149592 0.0968095 0.00288223
640 0.149592 0.0946642 0.00292259
641 0.149592 0.0931581 0.00301197
642 0.149592 0.0976211 0.00267171
643 0.149592 0.103578 0.00230927
644 0.149592 0.096991 0.00276781
645 0.149592 0.0942901 0.00299482
646 0.149592 0.093468 0.00302351
647 0.149592 0.106043 0.00221511
648 0.149592 0.100774 0.00253497
649 0.149592 0.0990428 0.00264632
650 0.149592 0.104799 0.00227743
651 0.149592 0.0939936 0.00298504
652 0.149592 0.0980073 0.00266156
653 0.149592 0.10087 0.00264812
654 0.149592 0.0985996 0.00267342
655 0.149592 0.0991348 0.00268171
656 0.149592 0.0923818 0.00303747
657 0.149592 0.0978965 0.00278254
658 0.149592 0.0977195 0.00274328
659 0.149592 0.0945833 0.00295982
660 0.149592 0.0888656 0.00313328
661 0.149592 0.096693 0.00271276
662 0.149592 0.104535 0.00222244
663 0.149592 0.111198 0.00163325
664 0.149592 0.0942677 0.00277363
665 0.149592 0.094788 0.00288767
666 0.149592 0.0983696 0.00264394
667 0.149592 0.0983936 0.00265432
668 0.149592 0.100397 0.002438
669 0.149592 0.0996605 0.00260989
670 0.149592 0.10432 0.00233435
671 0.149592 0.096407 0.0027792
672 0.149592 0.0998846 0.00254312
673 0.149592 0.103716 0.0023054
674 0.149592 0.107531 0.00205555
675 0.149592 0.103772 0.00232803
676 0.149592 0.104151 0.00229576
677 0.149592 0.1006 0.0025382
678 0.149592 0.0884526 0.00326902
679 0.149592 0.0904479 0.00314706
680 0.149592 0.0954001 0.00284054
681 0.149592 0.0993259 0.00262421
682 0.149592 0.0989445 0.00258514
683 0.149592 0.0990761 0.00266694
684 0.149592 0.0935766 0.00290502
685 0.149592 0.0953204 0.00281432
686 0.149592 0.0978425 0.00276956
687 0.149592 0.0980002 0.00276455
688 0.149592 0.088475 0.00332037
689 0.149592 0.0849574 0.00341234
690 0.149592 0.0913226 0.00315506
691 0.149592 0.0945951 0.00293699
692 0.149592 0.107523 0.00205726
693 0.149592 0.109511 0.00176994
694 0.149592 0.102717 0.00237669
695 0.149592 0.105936 0.00207598
696 0.149592 0.111037 0.00165379
697 0.149592 0.110033 0.0018965
698 0.149592 0.111374 0.00178372
699 0.149592 0.111707 0.00164648
700 0.149592 0.103331 0.00236605
701 0.149592 0.103158 0.00249079
702 0.149592 0.101962 0.00241609
703 0.149592 0.105567 0.00225846
704 0.149592 0.102472 0.00240735
705 0.149592 0.102131 0.00245263
706 0.149592 0.0999878 0.00263356
707 0.149592 0.0951369 0.00288557
708 0.149592 0.0985736 0.00275804
709 0.149592 0.104761 0.00219548
710 0.149592 0.104215 0.00217157
711 0.149675 0.108224 0.00194446
712 0.149675 0.103266 0.00236966
713 0.149675 0.102993 0.00242208
714 0.149675 0.108377 0.00195982
715 0.149675 0.10568 0.00224899
716 0.149675 0.108088 0.00206964
717 0.149675 0.111879 0.00171167
718 0.149675 0.106821 0.00205452
719 0.149675 0.111421 0.0017163
720 0.149675 0.10656 0.00214838
721 0.149675 0.101264 0.00249499
722 0.149675 0.102424 0.00233416
723 0.149675 0.106039 0.00204601
724 0.149675 0.104195 0.00223004
725 0.149675 0.096071 0.00278263
726 0.150057 0.0963693 0.00274893
727 0.150057 0.092675 0.00292211
728 0.150057 0.100006 0.00242442
729 0.150057 0.0914471 0.00299946
730 0.150057 0.094006 0.00290086
731 0.150057 0.0947571 0.00276127
732 0.150057 0.0931693 0.00290903
733 0.150057 0.0880151 0.00318772
734 0.150057 0.0919345 0.00301912
735 0.150057 0.098305 0.00277593
736 0.150057 0.0936453 0.00301759
737 0.150057 0.0964691 0.00274625
738 0.150057 0.101727 0.00245829
739 0.150057 0.0920949 0.00306397
740 0.150057 0.096052 0.00280727
741 0.150057 0.100516 0.00251257
742 0.150057 0.10977 0.00188662
743 0.150057 0.107859 0.00207368
744 0.150057 0.105658 0.00227741
745 0.150057 0.107063 0.0021956
746 0.150057 0.101582 0.00255469
747 0.150057 0.104695 0.00229106
748 0.150057 0.101369 0.00263567
749 0.150057 0.103545 0.0023406
750 0.150057 0.0987455 0.00272622
751 0.150057 0.10009 0.00265016
752 0.150057 0.108053 0.0020733
753 0.150057 0.104551 0.00230187
754 0.150057 0.0982018 0.00272253
755 0.150057 0.10211 0.00254066
756 0.150057 0.0973986 0.00277176
757 0.150057 0.101641 0.00247887
758 0.150057 0.100409 0.00258583
759 0.150057 0.0978522 0.0027181
760 0.150057 0.0996925 0.0026022
761 0.150057 0.0968223 0.00272862
762 0.150057 0.0995547 0.00264736
763 0.150057 0.0945392 0.00293296
764 0.150057 0.0995885 0.00264075
765 0.150057 0.101055 0.00252077
766 0.150057 0.102502 0.00237043
767 0.150057 0.098791 0.00260422
768 0.150057 0.0944942 0.00293511
769 0.150057 0.100453 0.00258843
770 0.150057 0.0894505 0.00309141
771 0.150057 0.103249 0.00238877
772 0.150057 0.0988453 0.00270071
773 0.150057 0.101336 0.00249475
774 0.150057 0.107329 0.00209748
775 0.150057 0.102915 0.00234463
776 0.150057 0.0916784 0.00299213
777 0.150057 0.102133 0.00247904
778 0.150057 0.11249 0.00158714
779 0.150057 0.105315 0.00221787
780 0.150057 0.0999162 0.00257747
781 0.150057 0.0968124 0.00272831
782 0.150057 0.101398 0.00242568
783 0.150057 0.106265 0.00213373
784 0.150057 0.104684 0.00221591
785 0.150057 0.100925 0.00245813
786 0.150057 0.102986 0.00241764
787 0.150057 0.101019 0.00257866
788 0.150057 0.101287 0.00248222
789 0.150057 0.100498 0.00257988
790 0.150057 0.098136 0.0027214
791 0.150057 0.100391 0.00263691
792 0.150057 0.0984853 0.00281195
793 0.150057 0.105245 0.0023431
794 0.150057 0.103422 0.00236122
795 0.150057 0.103527 0.00242391
796 0.150057 0.103573 0.00235802
797 0.150057 0.105005 0.00234342
798 0.150057 0.0986144 0.00273113
799 0.150057 0.101041 0.0025267
800 0.150057 0.101628 0.00253426
801 0.150057 0.10774 0.00210503
802 0.150057 0.0976328 0.0026538
803 0.150057 0.0967704 0.00274481
804 0.150057 0.0935238 0.00291886
805 0.150057 0.0965153 0.00287357
806 0.150057 0.102202 0.00249236
807 0.150057 0.101252 0.00257215
808 0.150057 0.100139 0.00256505
809 0.150057 0.093566 0.00290209
810 0.150057 0.100209 0.00249761
811 0.150057 0.088327 0.0032063
812 0.150057 0.0921276 0.00308367
813 0.150057 0.0928306 0.00303507
814 0.150057 0.0904168 0.00304233
815 0.150057 0.0870557 0.00316161
816 0.150057 0.0885942 0.00321383
817 0.150057 0.0861899 0.00330785
818 0.150057 0.0908837 0.00320353
819 0.150057 0.0929601 0.0029903
820 0.150057 0.100226 0.00263851
821 0.150057 0.106792 0.00211448
822 0.150057 0.107798 0.00202926
823 0.150057 0.0988712 0.00274485
824 0.150057 0.0990651 0.00264016
825 0.150057 0.102227 0.00237249
826 0.150057 0.0993639 0.00256717
827 0.150057 0.107683 0.00201026
828 0.150057 0.0972492 0.00281733
829 0.150057 0.101044 0.00254752
830 0.150057 0.0996896 0.00260181
831 0.150057 0.106298 0.0021556
832 0.150057 0.0996263 0.00261259
833 0.150057 0.0998498 0.00253395
834 0.150057 0.0984907 0.00268937
835 0.150057 0.0929118 0.00298616
836 0.150057 0.0900811 0.00312578
837 0.150057 0.0879754 0.00303692
838 0.150057 0.0891465 0.00319259
839 0.150057 0.0908379 0.00318171
840 0.150057 0.0891164 0.00315516
841 0.150057 0.0906779 0.0029769
842 0.150057 0.0795661 0.00342583
843 0.150057 0.0831138 0.00332743
844 0.150057 0.0860288 0.00332624
845 0.150057 0.0817577 0.00333282
846 0.150057 0.0885729 0.00310852
847 0.150057 0.0969545 0.0028272
848 0.150057 0.09872 0.00274884
849 0.150057 0.0944183 0.00303193
850 0.150057 0.092396 0.00311144
851 0.150057 0.0937676 0.0029461
852 0.150057 0.0954679 0.0028869
853 0.150057 0.0985211 0.00271525
854 0.150057 0.0962422 0.00280699
855 0.150057 0.0932138 0.00297965
856 0.150057 0.0923241 0.0029353
857 0.150057 0.0929719 0.00296764
858 0.150057 0.0943635 0.00288511
859 0.150057 0.0947393 0.00293611
860 0.150057 0.0903491 0.00303528
861 0.150057 0.0915549 0.00300832
862 0.150057 0.0913446 0.00311385
863 0.150057 0.091163 0.0030747
864 0.150057 0.102235 0.00238376
865 0.150057 0.0988764 0.00262408
866 0.150057 0.0902613 0.00310509
867 0.150057 0.0983894 0.00273893
868 0.150057 0.100814 0.00256796
869 0.150057 0.101362 0.00247715
870 0.150057 0.108155 0.00208057
871 0.150057 0.10128 0.00255108
872 0.150057 0.101607 0.00256603
873 0.150057 0.0916602 0.00311281
874 0.150057 0.100051 0.0025938
875 0.150057 0.104651 0.00213877
876 0.150057 0.104704 0.0022221
877 0.150057 0.0997126 0.00262867
878 0.150057 0.103024 0.00243127
879 0.150057 0.106567 0.00213168
880 0.150269 0.109367 0.0018562
881 0.150269 0.108348 0.00188796
882 0.150269 0.102987 0.00239889
883 0.150269 0.102685 0.0023338
884 0.150269 0.101561 0.00237301
885 0.150269 0.100476 0.00249362
886 0.150269 0.100973 0.00250558
887 0.150269 0.0944055 0.0030327
888 0.150269 0.10338 0.00233014
889 0.150269 0.09607 0.00279524
890 0.150269 0.0974602 0.00270686
891 0.150269 0.0988312 0.00260582
892 0.150269 0.101968 0.00243871
893 0.150269 0.101472 0.00243659
894 0.150269 0.099197 0.00254336
895 0.150269 0.0930413 0.00287011
896 0.150269 0.0959053 0.00286006
897 0.150269 0.0892621 0.00304958
898 0.150269 0.0861639 0.00320962
899 0.150269 0.0923743 0.00299522
900 0.150269 0.091121 0.0030322
901 0.150269 0.0926484 0.00292608
902 0.150269 0.0900513 0.00313702
903 0.150269 0.0930846 0.00293262
904 0.150269 0.0936727 0.00291885
905 0.150269 0.0975112 0.00270328
906 0.150269 0.0939029 0.00278127
907 0.150269 0.0989341 0.00272918
908 0.150269 0.0954948 0.00290648
909 0.150269 0.10051 0.00260667
910 0.150269 0.0952736 0.00286339
911 0.150269 0.103757 0.00232467
912 0.150269 0.0992367 0.002728
913 0.150269 0.101737 0.0024654
914 0.150269 0.101019 0.00249275
915 0.150269 0.10025 0.00254257
916 0.150269 0.102075 0.00240875
917 0.150269 0.0967926 0.00279059
918 0.150269 0.0991813 0.00269281
919 0.150269 0.105331 0.00228319
920 0.150269 0.103651 0.0023589
921 0.150269 0.101803 0.00242234
922 0.150269 0.0983673 0.00270216
923 0.150269 0.0937852 0.00295589
924 0.150269 0.0917428 0.00299155
925 0.15033 0.0994519 0.00270626
926 0.15033 0.10272 0.00237261
927 0.15033 0.102596 0.00238343
928 0.15033 0.101161 0.00242706
929 0.15033 0.0963372 0.0027679
930 0.15033 0.0907167 0.00310449
931 0.15033 0.093011 0.00307724
932 0.15033 0.0881794 0.00312647
933 0.15033 0.0952917 0.00274735
934 0.15033 0.102395 0.00244007
935 0.15033 0.0980562 0.00272575
936 0.15033 0.100158 0.00254375
937 0.15033 0.103911 0.00236258
938 0.15033 0.0946307 0.0028991
939 0.15033 0.0997652 0.00257963
940 0.15033 0.0965524 0.00270266
941 0.15033 0.096127 0.00281471
942 0.15033 0.0981113 0.0026982
943 0.15033 0.100785 0.00260507
944 0.15033 0.0967947 0.00295819
945 0.15033 0.09749 0.0028323
946 0.15033 0.0967557 0.00275729
947 0.15033 0.10014 0.00252399
948 0.15033 0.10143 0.00250199
949 0.15033 0.098336 0.00265072
950 0.15033 0.104482 0.00228266
951 0.15033 0.0997392 0.00261033
952 0.15033 0.100279 0.00255225
953 0.15033 0.0974293 0.00269664
954 0.15033 0.103485 0.00231273
955 0.15033 0.109185 0.00189153
956 0.15033 0.100708 0.00257842
957 0.15033 0.104884 0.0022069
958 0.150389 0.0953014 0.00294494
959 0.150389 0.0917551 0.00317475
960 0.150389 0.0909985 0.00302155
961 0.150389 0.0944435 0.00296548
962 0.150389 0.102932 0.00244864
963 0.150389 0.102997 0.00232762
964 0.150389 0.0985553 0.00261081
965 0.150389 0.102834 0.00241077
966 0.150389 0.100216 0.00259327
967 0.150389 0.0973114 0.00272552
968 0.150389 0.100049 0.00265278
969 0.150389 0.100154 0.00265789
970 0.150389 0.097813 0.0028116
971 0.150389 0.0899553 0.00322387
972 0.150389 0.0978979 0.00274799
973 0.150389 0.0948255 0.00296222
974 0.150389 0.0914202 0.0031946
975 0.150389 0.0952755 0.00298584
976 0.150389 0.0938086 0.00303438
977 0.150389 0.0960736 0.0029388
978 0.150389 0.100953 0.00268542
979 0.150389 0.0956232 0.00293271
980 0.150389 0.0899134 0.00316806
981 0.150389 0.0911699 0.00329367
982 0.150389 0.0862192 0.00336528
983 0.150389 0.0843247 0.00353577
984 0.150389 0.0887299 0.00331046
985 0.150411 0.0939331 0.00307178
986 0.150411 0.0978079 0.00286466
987 0.150411 0.0992437 0.00272032
988 0.150411 0.0973462 0.00288179
989 0.150411 0.097858 0.00272097
990 0.150411 0.0958724 0.00298055
991 0.150411 0.0937467 0.00297054
992 0.150411 0.0952728 0.00289525
993 0.150411 0.0883112 0.00315764
994 0.150411 0.0893076 0.0031871
995 0.150411 0.0892614 0.00327317
996 0.150411 0.0936105 0.00298117
997 0.150411 0.091285 0.00310116
998 0.150411 0.0998299 0.0026677
999 0.150411 0.0967477 0.00267319
1000 0.150411 0.0961803 0.00280619
1000 0 0 0
