0 0.125254 0.0578405 0.00389885
1 0.125272 0.0650797 0.0039473
2 0.143397 0.0765294 0.00378193
3 0.143397 0.0790945 0.0036982
4 0.143397 0.0828544 0.00355696
5 0.143397 0.0841869 0.00349086
6 0.143397 0.0904059 0.00318657
7 0.148881 0.0994475 0.00262495
8 0.16627 0.0961436 0.00292268
9 0.414707 0.106631 0.00330792
10 0.414707 0.115172 0.00249655
11 0.414707 0.112847 0.00271956
12 0.414707 0.111803 0.0032523
13 0.414707 0.112322 0.00411357
14 0.414707 0.106423 0.00498721
15 0.414707 0.120373 0.0052858
16 0.414707 0.116653 0.00571565
17 0.414707 0.131911 0.00500695
18 0.414707 0.127243 0.00654336
19 0.414707 0.126765 0.00763429
20 0.482591 0.12857 0.00945506
21 0.559069 0.137215 0.0130436
21 0.5721 0.053369 0.0169793
22 0.5721 0.0512122 0.0172581
23 0.5721 0.0521136 0.0175313
24 0.5721 0.058219 0.0203209
25 0.5721 0.06717 0.0246474
26 0.5721 0.0559215 0.0216979
27 0.5721 0.0696231 0.025766
28 0.5721 0.0839374 0.0277403
29 0.5721 0.0740736 0.0278192
30 0.5721 0.0684966 0.0269838
31 0.5721 0.0611124 0.0243959
32 0.5721 0.0855193 0.032
33 0.5721 0.0718176 0.0303546
34 0.5721 0.095601 0.0330085
35 0.5721 0.0871499 0.0328107
36 0.5721 0.091995 0.0339933
37 0.5721 0.0874377 0.0334707
38 0.5721 0.0780283 0.0310195
39 0.5721 0.084257 0.0296571
40 0.5721 0.100619 0.035099
41 0.5721 0.0804539 0.0305608
42 0.5721 0.0909287 0.0331321
43 0.5721 0.0847429 0.0318281
44 0.5721 0.0925764 0.033451
45 0.5721 0.0820442 0.0312557
46 0.5721 0.100211 0.035226
47 0.5721 0.0896497 0.0340026
48 0.5721 0.0858573 0.0333847
49 0.57221 0.102493 0.0363839
50 0.57221 0.0918028 0.0353389
51 0.57221 0.0891006 0.034661
52 0.574113 0.0930462 0.036974
53 0.574113 0.111348 0.0395987
54 0.574113 0.0888899 0.0337019
55 0.574113 0.0854118 0.0320175
56 0.574113 0.109989 0.0386517
57 0.574113 0.12852 0.0430735
58 0.574113 0.124373 0.0426298
59 0.574113 0.127872 0.0423926
60 0.574113 0.0951374 0.0335985
61 0.574113 0.107147 0.0357457
62 0.574113 0.11966 0.0396851
63 0.574113 0.10596 0.0377412
64 0.574113 0.096021 0.0347914
65 0.574113 0.104319 0.0351601
66 0.574113 0.115541 0.0395426
67 0.574113 0.0967985 0.0381505
68 0.574113 0.0917207 0.0341865
69 0.574113 0.111034 0.0379261
70 0.574113 0.118945 0.03699
71 0.574113 0.102428 0.0369716
72 0.574113 0.10365 0.0394582
73 0.574113 0.121747 0.0406528
74 0.574113 0.117921 0.0383273
75 0.574113 0.100166 0.0388595
76 0.574113 0.088269 0.0362047
77 0.574113 0.0914951 0.0337657
78 0.574113 0.116456 0.0422323
79 0.574113 0.119368 0.0440161
80 0.576135 0.106938 0.0377801
81 0.576135 0.0973059 0.0365934
82 0.576135 0.09211 0.0365445
83 0.576135 0.0956044 0.0353237
84 0.576135 0.0874912 0.0349249
85 0.576135 0.110633 0.0370505
86 0.576135 0.105514 0.0378443
87 0.576135 0.102279 0.0369316
88 0.576135 0.0887815 0.0357543
89 0.576135 0.0843467 0.037119
90 0.576135 0.0929507 0.0367972
91 0.576135 0.0886623 0.0347526
92 0.576135 0.0804692 0.0340003
93 0.576135 0.0966376 0.0368835
94 0.576135 0.0965581 0.0351516
95 0.576135 0.0867065 0.0344879
96 0.576135 0.0958429 0.0375123
97 0.576135 0.0790901 0.0326662
98 0.576135 0.0804582 0.0335932
99 0.576135 0.122471 0.0447502
100 0.576135 0.1135 0.043281
101 0.576135 0.0978803 0.0373662
102 0.576135 0.0872177 0.0351063
103 0.576135 0.104079 0.0405314
104 0.576135 0.114609 0.0396942
105 0.576135 0.10651 0.0374896
106 0.576135 0.13452 0.0456736
107 0.576135 0.119034 0.0376295
108 0.576135 0.112232 0.0391966
109 0.576135 0.107923 0.0400065
110 0.576135 0.128677 0.0470991
111 0.576135 0.111725 0.0399293
112 0.576135 0.122543 0.0427933
113 0.576135 0.116784 0.0380896
114 0.576135 0.119583 0.0413151
115 0.576135 0.114948 0.0430215
116 0.576135 0.141232 0.0477025
117 0.576135 0.13286 0.0439816
118 0.576135 0.122743 0.043115
119 0.576135 0.141874 0.0504034
120 0.576135 0.1036 0.0388666
121 0.576135 0.101486 0.0401799
122 0.57985 0.118952 0.0417312
123 0.57985 0.0988283 0.0377317
124 0.57985 0.129891 0.0459684
125 0.57985 0.106689 0.0427621
126 0.57985 0.104767 0.0391239
127 0.57985 0.099914 0.0383366
128 0.57985 0.109236 0.0394583
129 0.57985 0.114624 0.0404346
130 0.57985 0.118964 0.0425109
131 0.57985 0.115805 0.0430037
132 0.57985 0.123345 0.0461315
133 0.57985 0.111938 0.042916
134 0.57985 0.112686 0.0391077
135 0.57985 0.113756 0.0379609
136 0.57985 0.109359 0.0375491
137 0.57985 0.0997678 0.0383817
138 0.57985 0.10366 0.0393834
139 0.57985 0.0959565 0.0365296
140 0.57985 0.106 0.0400577
141 0.57985 0.0967591 0.0398952
142 0.57985 0.107926 0.0404989
143 0.57985 0.111909 0.0376001
144 0.57985 0.112398 0.0413614
145 0.57985 0.108618 0.0424058
146 0.57985 0.120879 0.0442141
147 0.57985 0.122786 0.041799
148 0.57985 0.123055 0.0447611
149 0.57985 0.112361 0.0401362
150 0.57985 0.125589 0.0445098
151 0.57985 0.137964 0.0442137
152 0.57985 0.128784 0.0423339
153 0.57985 0.125402 0.0423336
154 0.57985 0.114091 0.0392268
155 0.580192 0.130388 0.0417251
156 0.580192 0.117734 0.039839
157 0.580192 0.117615 0.0429382
158 0.582387 0.12685 0.0442124
159 0.582387 0.127949 0.0435225
160 0.582387 0.127079 0.0426983
161 0.582387 0.136494 0.0459086
162 0.582387 0.141381 0.049162
163 0.582387 0.119601 0.0390786
164 0.582387 0.122521 0.044391
165 0.582387 0.113395 0.0440307
166 0.582387 0.110556 0.0402297
167 0.582387 0.10083 0.0389133
168 0.582387 0.109308 0.0431172
169 0.582387 0.129115 0.044987
170 0.582387 0.123443 0.0452767
171 0.582387 0.11652 0.0399246
172 0.582387 0.120313 0.0459715
173 0.582387 0.12965 0.0446577
174 0.582387 0.147379 0.0514545
175 0.582387 0.138578 0.0446186
176 0.582387 0.138563 0.0443859
177 0.582387 0.104762 0.0397887
178 0.582387 0.0964858 0.0373764
179 0.582387 0.136181 0.0437519
180 0.582387 0.136995 0.0384473
181 0.582387 0.135742 0.043548
182 0.582387 0.112437 0.0416794
183 0.582387 0.12435 0.0409885
184 0.582387 0.129175 0.0459078
185 0.582387 0.139468 0.04473
186 0.582387 0.142092 0.0493736
187 0.582387 0.104056 0.0393711
188 0.582387 0.13632 0.0470602
189 0.582387 0.125977 0.0443873
190 0.582387 0.140592 0.0459542
191 0.582387 0.142843 0.0443117
192 0.582387 0.138179 0.0449971
193 0.582387 0.139016 0.044814
194 0.582387 0.16766 0.0526178
195 0.582387 0.142631 0.0445233
196 0.582387 0.14599 0.0471903
197 0.582387 0.127285 0.0423772
198 0.582387 0.138916 0.0478075
199 0.582387 0.132289 0.0417269
200 0.582387 0.140774 0.0460327
201 0.582387 0.137848 0.0434094
202 0.582387 0.0984815 0.0380727
203 0.582387 0.114518 0.0410533
204 0.582387 0.122843 0.0428942
205 0.582387 0.113491 0.0450416
206 0.582387 0.12841 0.0414877
207 0.582387 0.144167 0.0459049
208 0.582387 0.114858 0.0412876
209 0.582387 0.118189 0.0409698
210 0.584899 0.131566 0.0424984
211 0.584899 0.120492 0.0433635
212 0.584899 0.119801 0.0428913
213 0.584899 0.12229 0.043147
214 0.584899 0.12509 0.0455135
215 0.584899 0.131168 0.0480107
216 0.584899 0.130435 0.046014
217 0.584899 0.112398 0.0417161
218 0.584899 0.116109 0.0396251
219 0.584899 0.0990231 0.0395848
220 0.584899 0.0999847 0.0388349
221 0.584899 0.128864 0.0423713
222 0.584899 0.118947 0.0424931
223 0.584899 0.146897 0.0482725
224 0.584899 0.128484 0.0429537
225 0.584899 0.111879 0.0407064
226 0.584899 0.104646 0.0380047
227 0.584899 0.112668 0.0425827
228 0.586692 0.111218 0.0397657
229 0.586692 0.121945 0.0416298
230 0.586692 0.124 0.043303
231 0.586692 0.125376 0.0455136
232 0.586692 0.135295 0.0464907
233 0.586692 0.10801 0.0415918
234 0.586692 0.113142 0.0444023
235 0.586692 0.146616 0.046581
236 0.586692 0.131339 0.0464901
237 0.586692 0.110034 0.039191
238 0.586692 0.121842 0.0439391
239 0.586692 0.108443 0.0385562
240 0.586692 0.103724 0.0401918
241 0.586692 0.12304 0.042245
242 0.586692 0.110244 0.0415718
243 0.586692 0.120003 0.0419941
244 0.586692 0.139639 0.0454582
245 0.586692 0.143742 0.0448644
246 0.586692 0.145453 0.0443128
247 0.586692 0.141545 0.0474004
248 0.586692 0.115031 0.0419023
249 0.586692 0.133073 0.0458308
250 0.586692 0.125895 0.0444577
251 0.586692 0.112527 0.0424248
252 0.586692 0.119934 0.0411757
253 0.586696 0.122076 0.0412824
254 0.586696 0.121454 0.0434386
255 0.586696 0.111661 0.0378902
256 0.586696 0.119311 0.045307
257 0.586696 0.110053 0.039506
258 0.586696 0.110498 0.0406213
259 0.586696 0.113243 0.0414111
260 0.586696 0.110925 0.0391742
261 0.586696 0.11605 0.0382384
262 0.586696 0.107051 0.0362764
263 0.586696 0.11805 0.0412596
264 0.586696 0.154629 0.0450028
265 0.586696 0.11919 0.0436394
266 0.586696 0.125365 0.045625
267 0.586696 0.12342 0.0452891
268 0.586696 0.112939 0.0396342
269 0.586696 0.120488 0.0421473
270 0.586696 0.106011 0.0390191
271 0.586696 0.11207 0.0404738
272 0.596783 0.108995 0.0433293
273 0.596783 0.0993805 0.0397932
274 0.596783 0.107079 0.0379187
275 0.596783 0.117616 0.0399655
276 0.596783 0.124336 0.0405444
277 0.596783 0.135434 0.0424644
278 0.596783 0.13121 0.0414846
279 0.596783 0.130371 0.0395118
280 0.596783 0.128963 0.041279
281 0.596783 0.127892 0.0432558
282 0.596783 0.120666 0.0436092
283 0.596783 0.108272 0.0391379
284 0.596783 0.111781 0.0395351
285 0.596783 0.0997332 0.0380411
286 0.596783 0.0997103 0.0377363
287 0.596783 0.110438 0.040219
288 0.596783 0.110247 0.0411735
289 0.596783 0.104259 0.0401836
290 0.596783 0.104956 0.0386852
291 0.596783 0.0994688 0.0371715
292 0.596783 0.101461 0.0403131
293 0.596783 0.110689 0.0408415
294 0.596783 0.114837 0.0433613
295 0.596783 0.0970863 0.0383338
296 0.596783 0.105319 0.0410802
297 0.596783 0.131391 0.0427442
298 0.596783 0.111619 0.0426731
299 0.596783 0.11725 0.0416893
300 0.596783 0.107401 0.040732
301 0.596783 0.113437 0.0415473
302 0.596783 0.129933 0.0439031
303 0.596783 0.133333 0.0451102
304 0.596783 0.155564 0.0499601
305 0.596783 0.125005 0.043464
306 0.597443 0.121422 0.0463887
307 0.597443 0.11628 0.045762
308 0.597443 0.105536 0.0444747
309 0.597443 0.095138 0.0379676
310 0.597443 0.110711 0.0420063
311 0.597443 0.111807 0.03961
312 0.597443 0.115757 0.0420969
313 0.597443 0.127024 0.0448422
314 0.597443 0.119344 0.0410491
315 0.597443 0.119093 0.0427513
316 0.597707 0.137398 0.0502454
317 0.597707 0.135807 0.0472035
318 0.597707 0.115312 0.0445802
319 0.597707 0.111475 0.0431773
320 0.597707 0.115106 0.0440452
321 0.597707 0.125791 0.0470666
322 0.597707 0.119656 0.0458286
323 0.597707 0.124101 0.0437211
324 0.597707 0.128725 0.0481855
325 0.597707 0.11964 0.0439754
326 0.597707 0.135794 0.0440296
327 0.597707 0.0995652 0.0393816
328 0.597707 0.126443 0.0471603
329 0.597707 0.132713 0.0464093
330 0.597707 0.143852 0.046543
331 0.597707 0.141585 0.0481203
332 0.597707 0.155209 0.0527355
333 0.597707 0.130529 0.0492291
334 0.597707 0.136755 0.0495748
335 0.597707 0.122976 0.0478335
336 0.597707 0.119918 0.0456884
337 0.597707 0.122367 0.0479256
338 0.597707 0.134834 0.0478933
339 0.597707 0.115904 0.0399533
340 0.597707 0.113829 0.0439553
341 0.597707 0.126441 0.0441382
342 0.597707 0.130495 0.0440576
343 0.597707 0.113489 0.0427503
344 0.597707 0.110902 0.0414277
345 0.597707 0.1214 0.0465183
346 0.597707 0.108698 0.0405796
347 0.597707 0.11099 0.0431926
348 0.597707 0.132819 0.0486757
349 0.597707 0.150155 0.0516351
350 0.597707 0.112686 0.0434165
351 0.597707 0.127867 0.046581
352 0.597707 0.109584 0.0458624
353 0.597707 0.110121 0.0419115
354 0.597707 0.123293 0.0443579
355 0.597707 0.105823 0.0417956
356 0.597707 0.1136 0.0450888
357 0.597707 0.113187 0.0452303
358 0.597707 0.131906 0.0510827
359 0.597707 0.120433 0.0470301
360 0.597707 0.11588 0.044259
361 0.597707 0.104361 0.039868
362 0.597707 0.127113 0.0465178
363 0.597973 0.109037 0.0433004
364 0.597973 0.109308 0.043067
365 0.597973 0.12083 0.0436389
366 0.597973 0.101375 0.0409209
367 0.597973 0.113988 0.0443676
368 0.597973 0.119992 0.0439545
369 0.597973 0.11436 0.0414011
370 0.597973 0.112359 0.0461349
371 0.597973 0.129089 0.0467366
372 0.597973 0.123324 0.0482516
373 0.597973 0.133961 0.050654
374 0.597973 0.128204 0.0455849
375 0.597973 0.131461 0.0474459
376 0.597973 0.123447 0.0462201
377 0.597973 0.119759 0.0450503
378 0.597973 0.120934 0.0438312
379 0.597973 0.108955 0.0438009
380 0.597973 0.112009 0.0432619
381 0.597973 0.139527 0.0486535
382 0.597973 0.124946 0.0458552
383 0.597973 0.126355 0.0445549
384 0.597973 0.128391 0.0445462
385 0.597973 0.131271 0.0467077
386 0.597973 0.1161 0.0425805
387 0.597973 0.148201 0.0513129
388 0.597973 0.145502 0.0495415
389 0.597973 0.142331 0.0535683
390 0.597973 0.127001 0.0480228
391 0.597973 0.155712 0.0524179
392 0.597973 0.132532 0.0481994
393 0.597973 0.130473 0.0464645
394 0.597973 0.151814 0.0538667
395 0.597973 0.13622 0.0490447
396 0.597973 0.12184 0.0440734
397 0.597973 0.128648 0.0504908
398 0.597973 0.106818 0.0419468
399 0.597973 0.105239 0.0388113
400 0.597973 0.149686 0.0523743
401 0.597973 0.112213 0.0447533
402 0.597973 0.117335 0.0428081
403 0.597973 0.127777 0.0481273
404 0.597973 0.12215 0.0414084
405 0.597973 0.121362 0.0462367
406 0.597973 0.136862 0.0463989
407 0.598556 0.141717 0.0489784
408 0.598556 0.123189 0.0464694
409 0.598556 0.15585 0.0560896
410 0.598556 0.115694 0.0438052
411 0.598556 0.125352 0.0462254
412 0.598556 0.131267 0.045482
413 0.598556 0.131161 0.0456356
414 0.598556 0.119754 0.0421146
415 0.598556 0.112467 0.0430295
416 0.598556 0.126512 0.0483329
417 0.598556 0.0927111 0.0388581
418 0.598556 0.129794 0.0479885
419 0.598556 0.131056 0.0455869
420 0.598556 0.127988 0.0435669
421 0.598556 0.148741 0.0477524
422 0.598556 0.14106 0.0487175
423 0.598556 0.118138 0.0422782
424 0.598556 0.143945 0.0454903
425 0.598556 0.136564 0.0480704
426 0.598556 0.127412 0.0464068
427 0.598556 0.106564 0.0407622
428 0.598556 0.123049 0.0447677
429 0.598556 0.143006 0.0464049
430 0.598556 0.149008 0.0485798
431 0.598556 0.137159 0.0460414
432 0.598556 0.118139 0.0428729
433 0.598556 0.131669 0.0512489
434 0.598556 0.130193 0.0504842
435 0.598556 0.124913 0.0474568
436 0.598556 0.139829 0.0484786
437 0.598556 0.130725 0.0432194
438 0.598556 0.137632 0.0483637
439 0.598556 0.123607 0.048197
440 0.598556 0.136733 0.0490367
441 0.598556 0.11893 0.0450726
442 0.598556 0.12195 0.0428142
443 0.598556 0.111457 0.0423202
444 0.598556 0.113039 0.0449878
445 0.598556 0.12056 0.046913
446 0.598556 0.124781 0.0442218
447 0.598556 0.129975 0.0474241
448 0.598556 0.136531 0.0490767
449 0.598556 0.148305 0.0502674
450 0.598556 0.135541 0.0450489
451 0.598556 0.119379 0.0418792
452 0.598556 0.12459 0.0433217
453 0.598556 0.120316 0.0450814
454 0.598556 0.106062 0.0401236
455 0.598556 0.100384 0.0396811
456 0.598556 0.113942 0.0435908
457 0.598556 0.11404 0.0436875
458 0.598556 0.088508 0.0372231
459 0.598556 0.108425 0.0437303
460 0.598556 0.128623 0.0513704
461 0.598556 0.127661 0.0471464
462 0.598556 0.129492 0.0478245
463 0.600157 0.123916 0.0489085
464 0.600157 0.115613 0.0491327
465 0.600157 0.106728 0.0417573
466 0.600157 0.105465 0.0432322
467 0.600157 0.104728 0.042909
468 0.600157 0.133051 0.0475023
469 0.600157 0.16685 0.0555446
470 0.600157 0.128028 0.0424215
471 0.600157 0.148 0.0502682
472 0.600157 0.135733 0.0480866
473 0.600157 0.131456 0.0465256
474 0.600157 0.129783 0.0471668
475 0.600157 0.112642 0.0436353
476 0.600157 0.145684 0.0480514
477 0.600157 0.144442 0.0496331
478 0.600157 0.143121 0.0491758
479 0.600157 0.136157 0.0511389
480 0.600157 0.124884 0.0470948
481 0.600157 0.117201 0.0470668
482 0.600157 0.0962038 0.040705
483 0.600157 0.120375 0.044531
484 0.600157 0.123001 0.0472125
485 0.600157 0.12174 0.0448081
486 0.600157 0.10394 0.0439661
487 0.600157 0.0986038 0.0419349
488 0.600157 0.097882 0.0401156
489 0.600157 0.122855 0.048155
490 0.600157 0.0977918 0.0415354
491 0.600157 0.111925 0.0466421
492 0.600157 0.117417 0.0437143
493 0.600157 0.103822 0.043642
494 0.600157 0.123968 0.047663
495 0.600157 0.142356 0.0529552
496 0.600157 0.125635 0.0440442
497 0.600157 0.136442 0.0498549
498 0.600157 0.12571 0.046136
499 0.600157 0.0995257 0.04014
500 0.600157 0.138855 0.0493929
501 0.600157 0.147233 0.04945
502 0.600157 0.162553 0.0532864
503 0.600157 0.127522 0.0488319
504 0.600157 0.135941 0.0512595
505 0.600157 0.123968 0.047486
506 0.600157 0.120419 0.045711
507 0.600157 0.134922 0.0502543
508 0.600157 0.154488 0.0566881
509 0.600157 0.124865 0.048075
510 0.600157 0.124668 0.0459801
511 0.600157 0.132465 0.0460783
512 0.600157 0.1211 0.0428014
513 0.600157 0.119262 0.0453093
514 0.600157 0.104329 0.0417595
515 0.600157 0.0969706 0.0393013
516 0.600157 0.110494 0.0455076
517 0.600157 0.095719 0.0420707
518 0.600157 0.106467 0.0441401
519 0.600157 0.109941 0.040367
520 0.600157 0.0999631 0.0390111
521 0.600157 0.124533 0.0444224
522 0.600157 0.125254 0.0467537
523 0.600157 0.120795 0.0438525
524 0.600157 0.145706 0.0529828
525 0.600157 0.137336 0.0510065
526 0.600157 0.127207 0.0487942
527 0.600157 0.105449 0.0442974
528 0.600157 0.127318 0.048828
529 0.600157 0.122085 0.0430177
530 0.600157 0.110637 0.0447364
531 0.600157 0.121308 0.047561
532 0.600157 0.140648 0.0530012
533 0.600157 0.132653 0.0471151
534 0.600157 0.141048 0.0504452
535 0.600157 0.124164 0.0448387
536 0.600157 0.102667 0.0417263
537 0.600157 0.114546 0.0423148
538 0.600157 0.121654 0.0491246
539 0.600157 0.106136 0.0408796
540 0.600157 0.134823 0.0464654
541 0.600157 0.133042 0.045677
542 0.600157 0.130752 0.0497662
543 0.600157 0.133829 0.0561414
544 0.600157 0.14111 0.0544469
545 0.600157 0.126684 0.0485278
546 0.600157 0.126918 0.0477111
547 0.600157 0.131061 0.0528316
548 0.600157 0.122657 0.0481873
549 0.600157 0.123572 0.0473829
550 0.600157 0.112986 0.0453071
551 0.600157 0.130936 0.0488831
552 0.600157 0.12907 0.0511075
553 0.600157 0.129904 0.0475019
554 0.600157 0.120754 0.0459389
555 0.600157 0.135307 0.0492145
556 0.600157 0.117901 0.0449878
557 0.600157 0.106978 0.0429413
558 0.600157 0.123094 0.0469369
559 0.600157 0.0825893 0.0380447
560 0.600157 0.0967562 0.0408161
561 0.600157 0.109443 0.0428269
562 0.600157 0.139585 0.0498067
563 0.600157 0.142125 0.0506985
564 0.600157 0.154409 0.0536728
565 0.600157 0.161943 0.0527306
566 0.600157 0.128947 0.0483562
567 0.600157 0.127234 0.0491574
568 0.600157 0.1175 0.047223
569 0.600157 0.108954 0.0455735
570 0.600157 0.107009 0.0422292
571 0.600157 0.101024 0.040269
572 0.600157 0.0956234 0.0405345
573 0.600157 0.101412 0.0449264
574 0.600157 0.0899359 0.0392623
575 0.600157 0.127187 0.0513369
576 0.600157 0.111884 0.0461146
577 0.600157 0.138897 0.0489316
578 0.600157 0.131576 0.0478849
579 0.600157 0.139114 0.0467413
580 0.600157 0.147527 0.0513018
581 0.600157 0.15279 0.0513676
582 0.600157 0.125732 0.0454872
583 0.600157 0.151628 0.0484504
584 0.600157 0.132853 0.0489509
585 0.600157 0.127186 0.0470162
586 0.600157 0.136141 0.0494843
587 0.600157 0.103525 0.0430943
588 0.600157 0.120434 0.0450609
589 0.600157 0.116332 0.0462867
590 0.60133 0.151236 0.0524031
591 0.60133 0.119138 0.0450228
592 0.60133 0.10732 0.0419811
593 0.60133 0.124471 0.0468293
594 0.60133 0.113167 0.0425253
595 0.60133 0.118527 0.0441706
596 0.60133 0.114989 0.0487739
597 0.60133 0.114625 0.0467604
598 0.60133 0.0918574 0.0382322
599 0.60133 0.120399 0.0471544
600 0.60133 0.145404 0.0506493
601 0.60133 0.115025 0.0413592
602 0.60133 0.135623 0.0479429
603 0.60133 0.131819 0.0464573
604 0.60133 0.116798 0.0423149
605 0.60133 0.108252 0.043121
606 0.60133 0.0911745 0.0426265
607 0.60133 0.106696 0.0446185
608 0.60133 0.122019 0.0485442
609 0.60133 0.117353 0.0450652
610 0.60133 0.10729 0.0428068
611 0.60133 0.112622 0.0437392
612 0.60133 0.133419 0.0512348
613 0.60133 0.142489 0.0538474
614 0.60133 0.13453 0.0500949
615 0.60133 0.144385 0.0503654
616 0.60133 0.136221 0.0491917
617 0.60133 0.133421 0.0464283
618 0.60133 0.15202 0.0498292
619 0.60133 0.123585 0.0469334
620 0.60133 0.131177 0.046913
621 0.60133 0.133743 0.0488351
622 0.60133 0.126077 0.0463934
623 0.60133 0.126787 0.0446578
624 0.60133 0.119181 0.0444356
625 0.60133 0.103805 0.0416524
626 0.60133 0.106138 0.0391034
627 0.60133 0.126413 0.048274
628 0.60133 0.111528 0.0443015
629 0.60133 0.118633 0.0440435
630 0.60133 0.133675 0.0464311
631 0.60133 0.128572 0.0477508
632 0.60133 0.133837 0.0501493
633 0.60133 0.138239 0.0493238
634 0.60133 0.132988 0.0502198
635 0.60133 0.10969 0.0452011
636 0.60133 0.118045 0.0467848
637 0.60133 0.117209 0.0480944
638 0.60133 0.107626 0.0442835
639 0.60133 0.115816 0.0466422
640 0.60133 0.116047 0.0448504
641 0.60133 0.120024 0.0428812
642 0.60133 0.155949 0.0550169
643 0.60133 0.129173 0.0463345
644 0.60133 0.130434 0.046231
645 0.60133 0.117922 0.0423107
646 0.60133 0.133797 0.0455682
647 0.60133 0.144432 0.0504784
648 0.60133 0.12873 0.0466797
649 0.60133 0.137569 0.0467397
650 0.60133 0.11618 0.0448412
651 0.60133 0.122337 0.0461253
652 0.60133 0.123892 0.0468208
653 0.60133 0.12113 0.046641
654 0.60133 0.114662 0.0420267
655 0.60133 0.141441 0.0497182
656 0.60133 0.162019 0.0542509
657 0.60133 0.126452 0.0480471
658 0.60133 0.108707 0.0449072
659 0.60133 0.121499 0.0447147
660 0.60133 0.130413 0.0482779
661 0.60133 0.115808 0.0424437
662 0.60133 0.143507 0.0485158
663 0.60133 0.151765 0.0516466
664 0.60133 0.109996 0.0434656
665 0.60133 0.115604 0.0454551
666 0.60133 0.146121 0.050866
667 0.60133 0.139659 0.0510627
668 0.60133 0.117509 0.0449806
669 0.60133 0.114818 0.0432399
670 0.60133 0.136873 0.0492705
671 0.60133 0.124748 0.0453552
672 0.60133 0.147684 0.0477244
673 0.60133 0.152559 0.0493969
674 0.60133 0.133721 0.0491262
675 0.601417 0.139455 0.0490522
676 0.601417 0.139324 0.0477841
677 0.601417 0.110031 0.0436615
678 0.601417 0.123649 0.0477725
679 0.601417 0.125412 0.0500294
680 0.601417 0.111505 0.0425039
681 0.601417 0.1161 0.044422
682 0.601417 0.102035 0.0405307
683 0.601417 0.116066 0.0460414
684 0.601417 0.120946 0.0448312
685 0.601417 0.147919 0.0514577
686 0.601417 0.165148 0.0529969
687 0.601417 0.168632 0.0554927
688 0.601417 0.168299 0.0542237
689 0.601417 0.121775 0.0433352
690 0.601417 0.11181 0.0410046
691 0.601417 0.108003 0.0388739
692 0.601417 0.130124 0.0460236
693 0.601417 0.155934 0.0499386
694 0.601417 0.148951 0.0511201
695 0.601417 0.143271 0.0492632
696 0.601417 0.131983 0.0466406
697 0.601417 0.126124 0.0468836
698 0.601417 0.127774 0.0480398
699 0.601417 0.141689 0.050944
700 0.601417 0.114814 0.0473857
701 0.601417 0.097904 0.041876
702 0.601417 0.0957583 0.0420075
703 0.601417 0.0956789 0.0422599
704 0.601417 0.113056 0.0470017
705 0.601417 0.0966798 0.0392499
706 0.601417 0.104802 0.0412616
707 0.601417 0.112149 0.042869
708 0.601417 0.104846 0.0432594
709 0.601417 0.123766 0.0492148
710 0.601417 0.116312 0.0487434
711 0.601417 0.117521 0.0457401
712 0.601417 0.0997943 0.0411208
713 0.601417 0.109649 0.0440706
714 0.601417 0.108315 0.0439282
715 0.601417 0.11736 0.044166
716 0.601417 0.107287 0.0427461
717 0.601417 0.136578 0.048571
718 0.601417 0.142496 0.0505051
719 0.601417 0.11162 0.044192
720 0.601417 0.118254 0.0461564
721 0.601417 0.125146 0.048439
722 0.601417 0.120318 0.0476471
723 0.601417 0.13529 0.04869
724 0.601417 0.133906 0.0477328
725 0.601417 0.136763 0.0478428
726 0.601417 0.13768 0.0481023
727 0.601417 0.150464 0.0517811
728 0.601417 0.128306 0.0504257
729 0.601417 0.127496 0.0492152
730 0.601417 0.116791 0.0457462
731 0.601417 0.146481 0.0528768
732 0.601417 0.109766 0.0405924
733 0.601417 0.131326 0.0476431
734 0.601417 0.145989 0.0500547
735 0.601417 0.128885 0.0472409
736 0.601417 0.135178 0.0478739
737 0.601417 0.15819 0.0528758
738 0.601417 0.142161 0.0507145
739 0.601417 0.140223 0.0471693
740 0.601417 0.118879 0.0446724
741 0.601417 0.132251 0.0484229
742 0.601417 0.106774 0.0419025
743 0.601417 0.114562 0.04263
744 0.601417 0.10787 0.041488
745 0.601417 0.121299 0.0456623
746 0.601417 0.139541 0.0501711
747 0.601417 0.153123 0.051374
748 0.601417 0.144379 0.0455728
749 0.601417 0.134868 0.0467796
750 0.601417 0.148167 0.0494936
751 0.601417 0.142162 0.0470234
752 0.601417 0.118092 0.0438007
753 0.601417 0.13402 0.0468269
754 0.601417 0.126243 0.0445761
755 0.601417 0.122728 0.04372
756 0.601417 0.129459 0.0485203
757 0.601417 0.130771 0.0480121
758 0.601417 0.11471 0.0472818
759 0.601417 0.141343 0.0498343
760 0.601417 0.130793 0.0454356
761 0.601417 0.126838 0.0456922
762 0.601417 0.132373 0.0498153
763 0.601417 0.14255 0.051307
764 0.601417 0.151573 0.0484185
765 0.601417 0.119805 0.0476704
766 0.601417 0.1211 0.0442834
767 0.601417 0.135114 0.0459835
768 0.601417 0.127778 0.0477987
769 0.601417 0.152324 0.050837
770 0.601417 0.146228 0.0497029
771 0.601417 0.129387 0.045258
772 0.601417 0.115738 0.0448133
773 0.601417 0.111351 0.0420519
774 0.601417 0.136686 0.047147
775 0.601417 0.144679 0.0486057
776 0.601417 0.141388 0.0485921
777 0.601417 0.139055 0.0485497
778 0.601417 0.139974 0.0496613
779 0.601417 0.117961 0.0420807
780 0.601417 0.0946918 0.0386564
781 0.601417 0.0946339 0.0400246
782 0.601417 0.111018 0.0437884
783 0.601417 0.126213 0.0510307
784 0.601417 0.132327 0.0498605
785 0.601417 0.124788 0.0497784
786 0.601417 0.118204 0.0437628
787 0.601417 0.108537 0.0423806
788 0.601702 0.13519 0.0502479
789 0.601702 0.120322 0.0430792
790 0.601702 0.104226 0.0433004
791 0.601702 0.114197 0.0474761
792 0.601702 0.108102 0.0425441
793 0.601702 0.133823 0.0486875
794 0.601702 0.116161 0.0447447
795 0.601702 0.107694 0.0426393
796 0.601702 0.105803 0.0422526
797 0.601702 0.0934108 0.0379598
798 0.601702 0.102077 0.0394156
799 0.601702 0.134805 0.0472663
800 0.601702 0.122319 0.0453646
801 0.601702 0.171284 0.0506981
802 0.601702 0.151367 0.0535177
803 0.601702 0.138154 0.0520616
804 0.601702 0.124962 0.0448289
805 0.601702 0.132814 0.0480633
806 0.601702 0.159089 0.0507137
807 0.601702 0.139393 0.050236
808 0.601831 0.13196 0.0476877
809 0.601831 0.146122 0.0489394
810 0.601831 0.130423 0.0476024
811 0.601831 0.146773 0.0486859
812 0.602589 0.157254 0.0486037
813 0.602589 0.128852 0.0426078
814 0.602589 0.145093 0.0464086
815 0.602589 0.13712 0.0430481
816 0.602589 0.147355 0.0490004
817 0.602589 0.135757 0.0480494
818 0.602589 0.13604 0.0444128
819 0.602589 0.133603 0.0446013
820 0.602589 0.151171 0.0486267
821 0.602589 0.153672 0.0496534
822 0.602589 0.168797 0.0525856
823 0.602589 0.150152 0.0488836
824 0.602589 0.137387 0.0443424
825 0.602589 0.12471 0.0446423
826 0.602589 0.145598 0.0496256
827 0.602589 0.140595 0.0533013
828 0.602589 0.128633 0.047745
829 0.602589 0.121834 0.0467088
830 0.602589 0.125709 0.0468641
831 0.602589 0.119115 0.0451077
832 0.602589 0.115628 0.0432798
833 0.602589 0.104431 0.0413881
834 0.602589 0.115569 0.0439157
835 0.602589 0.111163 0.0451967
836 0.602589 0.127378 0.0471104
837 0.602589 0.147073 0.0490485
838 0.602589 0.123134 0.0455846
839 0.602589 0.135298 0.0489854
840 0.602589 0.131305 0.0453388
841 0.602589 0.131167 0.0478945
842 0.602589 0.140401 0.042656
843 0.602589 0.145388 0.046425
844 0.602589 0.1285 0.0439218
845 0.602589 0.138978 0.0464785
846 0.602589 0.129412 0.0472398
847 0.602589 0.139674 0.0490949
848 0.602589 0.126773 0.0449164
849 0.602589 0.148167 0.051036
850 0.602589 0.151421 0.0501717
851 0.602589 0.130363 0.0484333
852 0.602589 0.125801 0.0437337
853 0.602589 0.12488 0.0452808
854 0.602589 0.115868 0.0455077
855 0.602589 0.112405 0.0414465
856 0.602589 0.119268 0.0483003
857 0.602589 0.1247 0.0463919
858 0.602589 0.112726 0.0436853
859 0.602589 0.124366 0.0487639
860 0.602589 0.141591 0.0480782
861 0.602589 0.124663 0.0428646
862 0.602589 0.115413 0.0430475
863 0.602589 0.124008 0.0471052
864 0.602589 0.108843 0.040473
865 0.602589 0.13519 0.0469449
866 0.602589 0.113796 0.0433613
867 0.602589 0.135603 0.0443396
868 0.602589 0.122057 0.044092
869 0.602589 0.137555 0.0470219
870 0.602659 0.131716 0.0474107
871 0.602659 0.13922 0.052201
872 0.602659 0.152024 0.0521598
873 0.602659 0.137693 0.0452877
874 0.602659 0.15498 0.0544883
875 0.602659 0.123222 0.0460536
876 0.602659 0.140396 0.0507166
877 0.602659 0.138482 0.0480698
878 0.602659 0.123528 0.0457692
879 0.602659 0.127039 0.0489017
880 0.602659 0.135051 0.0489813
881 0.602659 0.122619 0.0444092
882 0.602659 0.117764 0.0445768
883 0.602659 0.110511 0.0427392
884 0.602659 0.116032 0.0434756
885 0.602659 0.111806 0.0451327
886 0.602659 0.129785 0.0487937
887 0.602659 0.128368 0.0467146
888 0.602659 0.133543 0.0487322
889 0.602659 0.127191 0.047378
890 0.602659 0.123232 0.0466203
891 0.602659 0.0969664 0.0419909
892 0.602659 0.113079 0.0412331
893 0.602659 0.146616 0.0537988
894 0.602659 0.138211 0.0508384
895 0.602659 0.127031 0.047049
896 0.602659 0.121376 0.0454834
897 0.602659 0.153771 0.0538386
898 0.602659 0.116823 0.0443402
899 0.602659 0.10961 0.0435514
900 0.602659 0.123881 0.0477514
901 0.602659 0.13798 0.0446521
902 0.602659 0.154169 0.0531347
903 0.602659 0.132224 0.0475635
904 0.602659 0.131574 0.0458044
905 0.602659 0.129753 0.0435023
906 0.602659 0.133377 0.0485392
907 0.602659 0.125461 0.0480055
908 0.602659 0.12775 0.0483631
909 0.602659 0.128607 0.0510142
910 0.602659 0.143413 0.0505581
911 0.602659 0.129049 0.0487275
912 0.602659 0.119743 0.0450024
913 0.602659 0.11343 0.0411741
914 0.602659 0.13058 0.0440695
915 0.602659 0.134006 0.0453438
916 0.602659 0.134982 0.0462249
917 0.602659 0.12359 0.042835
918 0.602659 0.140452 0.0452687
919 0.602659 0.127669 0.0416292
920 0.602659 0.104893 0.0446559
921 0.602659 0.15046 0.0516344
922 0.602659 0.122644 0.0445997
923 0.602659 0.132058 0.0472578
924 0.602659 0.148731 0.0495618
925 0.602659 0.147702 0.0496367
926 0.602659 0.133375 0.0456838
927 0.602659 0.161421 0.0493951
928 0.602659 0.142737 0.0497418
929 0.602659 0.129199 0.0440813
930 0.602659 0.165677 0.0495641
931 0.602659 0.131932 0.0446679
932 0.602659 0.150413 0.0522446
933 0.602659 0.13486 0.043421
934 0.602659 0.129638 0.0434281
935 0.602659 0.128495 0.0482305
936 0.602659 0.120137 0.0439965
937 0.602659 0.124689 0.0443788
938 0.602659 0.147084 0.0485934
939 0.602659 0.120431 0.0453801
940 0.602659 0.132626 0.0470393
941 0.602659 0.126394 0.044183
942 0.602659 0.130876 0.0442767
943 0.602659 0.146262 0.0468857
944 0.602659 0.133345 0.0484485
945 0.602659 0.11466 0.0438838
946 0.602659 0.118103 0.0478898
947 0.602659 0.125889 0.0515136
948 0.602659 0.111099 0.0437282
949 0.602659 0.110323 0.0428858
950 0.602659 0.120493 0.0469184
951 0.602659 0.125797 0.0505075
952 0.602659 0.103875 0.0437488
953 0.602659 0.113758 0.0447843
954 0.602659 0.135225 0.0507523
955 0.602659 0.123335 0.0456825
956 0.602659 0.13304 0.0515201
957 0.602659 0.120648 0.0493842
958 0.602659 0.156647 0.0552703
959 0.602659 0.132806 0.052153
960 0.602659 0.133471 0.0511809
961 0.602659 0.126197 0.0483964
962 0.602659 0.127314 0.0476385
963 0.602659 0.12828 0.0454981
964 0.602659 0.132159 0.0501995
965 0.602659 0.127802 0.0487953
966 0.602659 0.127727 0.0491229
967 0.602659 0.133923 0.0490214
968 0.602659 0.147035 0.0501514
969 0.602659 0.127801 0.045979
970 0.602659 0.127846 0.0484276
971 0.602659 0.120088 0.0492606
972 0.602659 0.106245 0.0435249
973 0.602659 0.134326 0.0488109
974 0.602659 0.124683 0.0477385
975 0.602659 0.139769 0.0533531
976 0.602659 0.130593 0.0484431
977 0.602659 0.132133 0.0506145
978 0.602659 0.143434 0.0500718
979 0.602659 0.147695 0.0471954
980 0.602659 0.150653 0.0509144
981 0.602659 0.140773 0.0499288
982 0.602659 0.133068 0.0477253
983 0.602659 0.118185 0.0436154
984 0.602659 0.13789 0.0487393
985 0.602659 0.128137 0.0489375
986 0.602659 0.135445 0.048966
987 0.602659 0.126367 0.0477874
988 0.602659 0.132826 0.0498391
989 0.602659 0.128808 0.0482399
990 0.602659 0.116796 0.0458124
991 0.602659 0.117759 0.0435257
992 0.602659 0.122793 0.0482502
993 0.602659 0.110254 0.0417088
994 0.602659 0.106357 0.043077
995 0.602659 0.139149 0.0505475
996 0.602659 0.116249 0.0462177
997 0.602659 0.106467 0.041823
998 0.602659 0.119764 0.0477666
999 0.602659 0.115897 0.0438796
1000 0.602659 0.113419 0.0479342
