0 0.125269 0.0664639 0.00392102
1 0.12527 0.0777878 0.00369737
2 0.125271 0.0725924 0.00376507
3 0.125271 0.0817898 0.00353265
4 0.125272 0.0853301 0.0034067
5 0.125272 0.087725 0.0033011
6 0.125274 0.0877441 0.00330158
7 0.125276 0.0939472 0.00295027
8 0.125278 0.0915383 0.00308545
9 0.125278 0.0895646 0.00317825
10 0.125278 0.0889384 0.00324421
11 0.125278 0.0938747 0.00296308
12 0.125278 0.105115 0.00212562
13 0.125278 0.10527 0.00209825
14 0.125278 0.104032 0.00220164
15 0.182791 0.112063 0.00157439
16 0.256361 0.112239 0.00188333
17 0.256361 0.110467 0.00215303
18 0.256361 0.108865 0.00233825
19 0.256361 0.11128 0.00206814
20 0.411508 0.111496 0.00316984
21 0.411508 0.115227 0.00279628
22 0.411508 0.108233 0.00355773
23 0.449073 0.117034 0.00430511
24 0.449073 0.119733 0.00401962
25 0.449073 0.123742 0.00373741
26 0.449073 0.123255 0.00526924
27 0.449073 0.135627 0.00794942
28 0.528806 0.14928 0.0122543
28 0.545973 0.0576869 0.0171531
29 0.545973 0.0650669 0.019944
30 0.545973 0.0884266 0.0282011
31 0.545973 0.0976629 0.0332447
32 0.545973 0.0873889 0.0305739
33 0.545973 0.103013 0.0342705
34 0.545973 0.121949 0.0362841
35 0.545973 0.134163 0.0398738
36 0.545973 0.168292 0.0479601
37 0.545973 0.144499 0.0426547
38 0.545973 0.134759 0.0425292
39 0.545973 0.143966 0.0422713
40 0.559249 0.146717 0.0419211
41 0.559249 0.146432 0.0409737
42 0.563408 0.16375 0.0462069
43 0.563408 0.170732 0.0488896
44 0.563408 0.168087 0.0471043
45 0.563408 0.176294 0.0478363
46 0.578453 0.178965 0.0494478
47 0.578453 0.189038 0.0510414
48 0.578453 0.184525 0.0532817
49 0.578453 0.174911 0.0462887
50 0.578453 0.171176 0.0458968
51 0.578453 0.204122 0.0544525
52 0.578453 0.235077 0.0502828
53 0.578453 0.209125 0.0498007
54 0.578453 0.214822 0.0526301
55 0.578453 0.220488 0.0485955
56 0.578453 0.215619 0.0526122
57 0.578453 0.20244 0.0521222
58 0.578453 0.227454 0.0513444
59 0.578453 0.224062 0.0476579
60 0.586468 0.23152 0.0530839
61 0.586468 0.238829 0.048687
62 0.586468 0.228846 0.0483405
63 0.586468 0.195627 0.0467737
64 0.586468 0.173777 0.0447701
65 0.586468 0.167494 0.0468398
66 0.586468 0.159984 0.0452945
67 0.586468 0.16998 0.0469819
68 0.586468 0.213588 0.0537731
69 0.586468 0.205087 0.0528079
70 0.586468 0.196084 0.0513309
71 0.586468 0.169408 0.0476147
72 0.586468 0.19202 0.0515575
73 0.586468 0.190658 0.0471038
74 0.586468 0.190066 0.0472901
75 0.586468 0.197827 0.048232
76 0.586468 0.191564 0.0463956
77 0.58977 0.201979 0.0521154
78 0.58977 0.208724 0.0530773
79 0.58977 0.197815 0.0568324
80 0.58977 0.177513 0.0470002
81 0.58977 0.219916 0.0511182
82 0.58977 0.187472 0.0474801
83 0.58977 0.231294 0.0508291
84 0.58977 0.198412 0.049638
85 0.58977 0.189683 0.048259
86 0.58977 0.207372 0.0478487
87 0.58977 0.18309 0.0438904
88 0.58977 0.194405 0.0509498
89 0.58977 0.209059 0.0492338
90 0.58977 0.216343 0.0501904
91 0.58977 0.218093 0.0492499
92 0.58977 0.226398 0.0540761
93 0.58977 0.240674 0.0508986
94 0.58977 0.204194 0.0490678
95 0.58977 0.233517 0.0532476
96 0.58977 0.187815 0.0480265
97 0.58977 0.225701 0.0501001
98 0.597947 0.196336 0.0493723
99 0.597947 0.209787 0.047535
100 0.597947 0.200212 0.048223
101 0.597947 0.198779 0.0510172
102 0.597947 0.201785 0.0489468
103 0.597947 0.179515 0.0470135
104 0.597947 0.230597 0.0474933
105 0.597947 0.219972 0.0481376
106 0.597947 0.210416 0.0468418
107 0.597947 0.195546 0.0495205
108 0.597947 0.210886 0.0483307
109 0.597947 0.206952 0.0543075
110 0.597947 0.209042 0.0519604
111 0.597947 0.183603 0.0455196
112 0.597947 0.204969 0.044675
113 0.597947 0.202298 0.0553454
114 0.597947 0.195871 0.0512151
115 0.597947 0.187529 0.046372
116 0.597947 0.184406 0.0471292
117 0.597947 0.197341 0.0484043
118 0.597947 0.202685 0.0482257
119 0.597947 0.178544 0.0426142
120 0.597947 0.224689 0.0504746
121 0.597947 0.212367 0.047265
122 0.597947 0.171484 0.0480213
123 0.597947 0.177123 0.0479047
124 0.597947 0.161465 0.0465764
125 0.597947 0.174904 0.0473628
126 0.597947 0.187266 0.0525897
127 0.597947 0.185704 0.0468322
128 0.597947 0.207607 0.0502864
129 0.597947 0.244476 0.0527126
130 0.597947 0.246794 0.0472344
131 0.597947 0.224797 0.053562
132 0.597947 0.194142 0.0502472
133 0.597947 0.229577 0.0520229
134 0.597947 0.226141 0.0473758
135 0.597947 0.241491 0.050281
136 0.597947 0.240216 0.0475332
137 0.597947 0.20594 0.0515932
138 0.597947 0.183661 0.0513247
139 0.597947 0.182133 0.0485755
140 0.597947 0.179427 0.0505528
141 0.597947 0.207842 0.0560948
142 0.597947 0.16715 0.0507993
143 0.597947 0.178987 0.0493073
144 0.597947 0.190641 0.0517468
145 0.597947 0.178508 0.0484654
146 0.597947 0.20876 0.0473441
147 0.597947 0.209119 0.0520805
148 0.597947 0.216531 0.0542022
149 0.597947 0.20736 0.0545059
150 0.597947 0.229602 0.0531419
151 0.597947 0.24535 0.0512721
152 0.599247 0.24025 0.0546122
153 0.599247 0.194237 0.0528255
154 0.599247 0.203291 0.0515804
155 0.599247 0.224182 0.0547081
156 0.599247 0.254258 0.0580308
157 0.599247 0.217724 0.0531278
158 0.599247 0.209092 0.0569758
159 0.599247 0.221191 0.0585979
160 0.599292 0.201896 0.0508852
161 0.599292 0.187187 0.053833
162 0.599292 0.207403 0.049672
163 0.599292 0.19824 0.0523006
164 0.599499 0.185807 0.0521714
165 0.599499 0.183497 0.0509279
166 0.599499 0.186261 0.0508826
167 0.599499 0.174537 0.0501497
168 0.599499 0.178124 0.0530213
169 0.599499 0.191632 0.051485
170 0.599953 0.163119 0.0514939
171 0.599953 0.176758 0.0476463
172 0.599953 0.19341 0.0513723
173 0.599953 0.216691 0.0514513
174 0.599953 0.213311 0.0538814
175 0.599953 0.222106 0.0541054
176 0.599953 0.197248 0.0527486
177 0.599953 0.184817 0.0538266
178 0.599953 0.168856 0.0510519
179 0.599953 0.168975 0.0544458
180 0.599953 0.155518 0.0493443
181 0.599953 0.149167 0.0486183
182 0.599953 0.150563 0.0477367
183 0.599953 0.162074 0.0493139
184 0.599953 0.179348 0.0510047
185 0.599953 0.165077 0.0478502
186 0.599953 0.180503 0.054413
187 0.599953 0.198501 0.0574318
188 0.599953 0.18817 0.0542513
189 0.599953 0.179669 0.0483444
190 0.599953 0.187482 0.0523331
191 0.599953 0.183253 0.0541272
192 0.599953 0.152246 0.0472343
193 0.599953 0.135393 0.0464445
194 0.599953 0.179034 0.050368
195 0.599953 0.18008 0.0493755
196 0.599953 0.188808 0.0531655
197 0.599953 0.175579 0.0483204
198 0.599953 0.180313 0.0505052
199 0.601633 0.154003 0.0465025
200 0.601633 0.162108 0.0483512
201 0.601633 0.170198 0.0534513
202 0.601633 0.157991 0.0481485
203 0.601633 0.1614 0.0478037
204 0.601633 0.168432 0.0487655
205 0.601633 0.168691 0.0487923
206 0.601633 0.190718 0.0500994
207 0.601633 0.22198 0.0492376
208 0.601633 0.208958 0.0506417
209 0.601633 0.202188 0.0511182
210 0.601633 0.212004 0.058866
211 0.601633 0.168448 0.049111
212 0.601633 0.176323 0.0483143
213 0.601633 0.196455 0.0515454
214 0.601633 0.168641 0.0455688
215 0.601633 0.196195 0.0482506
216 0.601633 0.223413 0.0494111
217 0.601633 0.207282 0.049807
218 0.601633 0.216527 0.0519448
219 0.601633 0.191351 0.0520726
220 0.601633 0.157888 0.0463828
221 0.601633 0.181033 0.0474146
222 0.601633 0.149002 0.043821
223 0.601633 0.196357 0.0478597
224 0.601633 0.196115 0.0515955
225 0.601633 0.196033 0.0499858
226 0.601633 0.203386 0.0492356
227 0.601633 0.198232 0.0490998
228 0.601633 0.197593 0.0497389
229 0.601633 0.208779 0.052004
230 0.601633 0.198217 0.0517865
231 0.601633 0.165929 0.0495745
232 0.601633 0.138982 0.0456963
233 0.601633 0.147051 0.0497588
234 0.601633 0.146869 0.0496589
235 0.601633 0.16434 0.0517253
236 0.601633 0.169252 0.0528137
237 0.601633 0.155443 0.0474638
238 0.601633 0.157708 0.0504624
239 0.601633 0.188548 0.0554502
240 0.601633 0.18938 0.0541471
241 0.601633 0.206497 0.0558746
242 0.601633 0.205456 0.0557659
243 0.601633 0.172484 0.0492799
244 0.601633 0.175807 0.0511957
245 0.601633 0.211378 0.0532976
246 0.601633 0.204646 0.0554841
247 0.601633 0.165779 0.0506279
248 0.601633 0.182863 0.0479574
249 0.601633 0.2133 0.0510599
250 0.601633 0.184059 0.0483664
251 0.601633 0.178635 0.0515902
252 0.601633 0.17342 0.0506138
253 0.601633 0.16943 0.0537442
254 0.601633 0.196327 0.0519264
255 0.601633 0.18114 0.0504663
256 0.601633 0.168594 0.0490464
257 0.603043 0.204787 0.055148
258 0.603043 0.182794 0.052782
259 0.603043 0.17573 0.0501491
260 0.603043 0.179465 0.0527932
261 0.603043 0.17798 0.0500261
262 0.603043 0.186317 0.0540229
263 0.603043 0.187701 0.0541303
264 0.603043 0.175001 0.0504363
265 0.603043 0.196997 0.0531199
266 0.603043 0.188856 0.0516615
267 0.603043 0.180565 0.0488855
268 0.603043 0.1984 0.0535937
269 0.603043 0.235996 0.057005
270 0.603043 0.213955 0.0554497
271 0.603043 0.226706 0.0540872
272 0.603043 0.196554 0.0556074
273 0.603043 0.195098 0.0491676
274 0.603043 0.192891 0.0461023
275 0.603043 0.201622 0.0471906
276 0.603043 0.218299 0.0502542
277 0.603043 0.192094 0.0543335
278 0.603043 0.20355 0.0554214
279 0.603043 0.208871 0.052685
280 0.604779 0.224676 0.0540773
281 0.604779 0.249085 0.0563169
282 0.604779 0.186541 0.0493193
283 0.604779 0.198902 0.0532596
284 0.604779 0.182112 0.053115
285 0.604779 0.173274 0.0445734
286 0.604779 0.199883 0.0470451
287 0.604779 0.234023 0.0539705
288 0.604779 0.222034 0.0558217
289 0.604779 0.196216 0.0517518
290 0.604779 0.192325 0.0489127
291 0.604779 0.196764 0.0526612
292 0.604779 0.201617 0.0552842
293 0.604779 0.197475 0.0558616
294 0.604779 0.190073 0.0567184
295 0.604779 0.217202 0.055906
296 0.604779 0.214559 0.0572
297 0.604779 0.219374 0.0551725
298 0.604779 0.228052 0.0573613
299 0.604779 0.199935 0.0548158
300 0.604779 0.196898 0.0543304
301 0.604779 0.197525 0.0525311
302 0.604779 0.184074 0.0521106
303 0.604779 0.182685 0.0511885
304 0.604779 0.176491 0.0505951
305 0.604779 0.193694 0.0574889
306 0.604779 0.183778 0.0534978
307 0.604779 0.204587 0.0549567
308 0.604779 0.206192 0.0543034
309 0.604779 0.181143 0.0531849
310 0.604779 0.171994 0.0476094
311 0.604779 0.175385 0.0485981
312 0.604779 0.192804 0.0549618
313 0.604779 0.183388 0.0496874
314 0.604779 0.143169 0.0456343
315 0.604779 0.169132 0.04741
316 0.604779 0.224935 0.0561436
317 0.604779 0.175377 0.0514942
318 0.604779 0.190997 0.0526874
319 0.604779 0.19569 0.0543146
320 0.604779 0.189368 0.049272
321 0.604779 0.207563 0.0521199
322 0.604779 0.190391 0.0529453
323 0.604779 0.213502 0.05614
324 0.604779 0.221396 0.0510209
325 0.604779 0.21517 0.0512888
326 0.604779 0.218905 0.0463215
327 0.604779 0.209387 0.0501227
328 0.604779 0.232403 0.0550236
329 0.604779 0.222536 0.0503882
330 0.604779 0.230596 0.049519
331 0.604779 0.212052 0.0493882
332 0.604779 0.20401 0.0530914
333 0.604779 0.190781 0.0510826
334 0.604779 0.167599 0.047427
335 0.604779 0.190038 0.0522572
336 0.604779 0.162778 0.0486189
337 0.604779 0.213843 0.0602144
338 0.604779 0.200435 0.0560768
339 0.604779 0.171308 0.049431
340 0.604779 0.159068 0.0509452
341 0.604779 0.179008 0.0534692
342 0.604779 0.198266 0.0567806
343 0.604779 0.187372 0.0540468
344 0.604779 0.200386 0.0547468
345 0.604779 0.171936 0.0555273
346 0.604779 0.171608 0.0479595
347 0.604779 0.227102 0.0528567
348 0.604779 0.210575 0.0537282
349 0.604779 0.180656 0.052003
350 0.604779 0.208252 0.0530242
351 0.604779 0.200673 0.0534218
352 0.604779 0.194663 0.0540684
353 0.604779 0.232712 0.0566342
354 0.604779 0.23026 0.0496181
355 0.604779 0.186537 0.0539941
356 0.604779 0.20228 0.0519039
357 0.604779 0.227966 0.0472403
358 0.604779 0.22854 0.0544297
359 0.604779 0.215569 0.0505022
360 0.604779 0.207847 0.047562
361 0.604779 0.210835 0.048137
362 0.604779 0.233393 0.0522415
363 0.604779 0.243886 0.0539606
364 0.604779 0.213339 0.0527617
365 0.604779 0.171815 0.052802
366 0.604779 0.1944 0.0511314
367 0.604779 0.20841 0.0512127
368 0.604779 0.222271 0.0552475
369 0.604779 0.232243 0.0464346
370 0.604779 0.257745 0.0475559
371 0.604779 0.253722 0.0500027
372 0.604779 0.247221 0.056247
373 0.604779 0.217473 0.0556259
374 0.604779 0.234711 0.0527679
375 0.604779 0.2491 0.0533722
376 0.604779 0.229901 0.0509956
377 0.604779 0.204287 0.0550977
378 0.604779 0.17804 0.0481036
379 0.605703 0.225738 0.0578109
380 0.605703 0.188124 0.0467618
381 0.605703 0.177458 0.0482636
382 0.605703 0.166694 0.0468171
383 0.605703 0.19253 0.0500553
384 0.605703 0.200467 0.0473451
385 0.605703 0.205386 0.05209
386 0.606004 0.237364 0.0570232
387 0.606004 0.215987 0.0564455
388 0.606004 0.187078 0.0533614
389 0.606004 0.202139 0.0567134
390 0.606004 0.222848 0.0514082
391 0.606004 0.216332 0.0552304
392 0.606004 0.214621 0.0523357
393 0.606004 0.221256 0.0560358
394 0.606004 0.182211 0.0505615
395 0.606004 0.205781 0.051971
396 0.606004 0.20947 0.0562298
397 0.606004 0.189379 0.051438
398 0.606004 0.206319 0.0538017
399 0.606004 0.216269 0.0533556
400 0.606004 0.21999 0.0520022
401 0.606004 0.201465 0.055264
402 0.606004 0.184556 0.0560588
403 0.606605 0.184125 0.055817
404 0.606605 0.186871 0.049559
405 0.606605 0.169595 0.0473951
406 0.606605 0.18699 0.0474673
407 0.606605 0.20365 0.0520543
408 0.606605 0.207011 0.0501658
409 0.606605 0.212642 0.0549653
410 0.606605 0.18585 0.0464852
411 0.606605 0.210434 0.0521888
412 0.606605 0.220787 0.0507211
413 0.606605 0.216631 0.0518692
414 0.606605 0.193027 0.0537431
415 0.606605 0.209466 0.0508025
416 0.606605 0.22184 0.0595532
417 0.606605 0.210573 0.0596662
418 0.606605 0.220829 0.0574291
419 0.606605 0.222258 0.050033
420 0.606605 0.183691 0.0485554
421 0.606605 0.16913 0.0490398
422 0.606605 0.181821 0.0479404
423 0.606605 0.160512 0.0435807
424 0.606605 0.196968 0.0511361
425 0.606605 0.216684 0.0517065
426 0.606605 0.196241 0.0509229
427 0.606605 0.194124 0.0465804
428 0.606605 0.232464 0.0506939
429 0.606781 0.203983 0.0492733
430 0.606781 0.192677 0.0521292
431 0.606781 0.181756 0.0488424
432 0.607288 0.184464 0.0534546
433 0.607288 0.166824 0.0494302
434 0.607288 0.189892 0.0517949
435 0.607288 0.199184 0.0532262
436 0.607288 0.185544 0.0493183
437 0.607288 0.190888 0.055264
438 0.607288 0.165309 0.050716
439 0.607288 0.199041 0.0509448
440 0.607288 0.180589 0.0477158
441 0.607288 0.180711 0.0522273
442 0.607288 0.205439 0.0564288
443 0.607288 0.217069 0.054165
444 0.607288 0.219176 0.0532215
445 0.607288 0.213722 0.0525212
446 0.607288 0.224638 0.0547314
447 0.607288 0.226719 0.0555713
448 0.607288 0.199212 0.0507137
449 0.607288 0.217377 0.0532811
450 0.607288 0.245214 0.0545513
451 0.607288 0.217697 0.0542578
452 0.607288 0.222194 0.0553505
453 0.607288 0.230096 0.0550961
454 0.607288 0.210515 0.0543122
455 0.607288 0.23402 0.0561131
456 0.607288 0.228112 0.0551944
457 0.607288 0.246856 0.0514806
458 0.607288 0.268409 0.0490252
459 0.607288 0.256266 0.0450507
460 0.607288 0.221693 0.0451866
461 0.607288 0.252745 0.0488957
462 0.607288 0.253287 0.0481371
463 0.607288 0.245954 0.0482095
464 0.607288 0.194233 0.0507896
465 0.607288 0.213008 0.0511656
466 0.607288 0.219034 0.0507378
467 0.607288 0.193785 0.0526985
468 0.607288 0.212652 0.0511347
469 0.607288 0.223757 0.0546198
470 0.607288 0.196925 0.0500064
471 0.607288 0.195881 0.0519186
472 0.607288 0.191157 0.0532151
473 0.607288 0.192379 0.0522268
474 0.607288 0.222791 0.0535507
475 0.607288 0.250176 0.0538745
476 0.607288 0.230665 0.0541239
477 0.607288 0.198751 0.0503289
478 0.607288 0.231558 0.0542059
479 0.607288 0.240501 0.0587413
480 0.607288 0.203415 0.0563405
481 0.607288 0.221014 0.0544606
482 0.607288 0.229199 0.0599663
483 0.607288 0.198868 0.0573037
484 0.607288 0.198527 0.0537154
485 0.607288 0.204176 0.0554055
486 0.607288 0.19783 0.0511014
487 0.607288 0.194134 0.0521846
488 0.607288 0.196475 0.0549565
489 0.607288 0.185144 0.0511782
490 0.607288 0.219701 0.0531226
491 0.607288 0.206351 0.0570496
492 0.607288 0.207234 0.0531795
493 0.607288 0.199869 0.051715
494 0.607288 0.189857 0.0532302
495 0.607288 0.209826 0.0531186
496 0.607288 0.236315 0.0579152
497 0.607288 0.196665 0.058256
498 0.607288 0.22292 0.0572069
499 0.607288 0.181164 0.0476678
500 0.607288 0.183594 0.0510933
501 0.607288 0.220005 0.0496549
502 0.607288 0.224683 0.0516236
503 0.607288 0.2349 0.0507598
504 0.607288 0.213243 0.0516235
505 0.607288 0.214596 0.0508194
506 0.607288 0.220418 0.0537688
507 0.607288 0.236697 0.0585818
508 0.607288 0.243148 0.0564082
509 0.607288 0.203231 0.0523311
510 0.607288 0.229288 0.055067
511 0.607288 0.203821 0.0507444
512 0.607288 0.212629 0.0545445
513 0.607288 0.247147 0.0565504
514 0.607288 0.240554 0.0519839
515 0.607288 0.240554 0.0485489
516 0.607288 0.215365 0.0495483
517 0.607288 0.239766 0.0533081
518 0.607288 0.235412 0.0544913
519 0.607288 0.196765 0.0535605
520 0.607288 0.191204 0.0524892
521 0.607288 0.193488 0.0495466
522 0.607288 0.188336 0.0490082
523 0.607288 0.177267 0.0488402
524 0.607288 0.199028 0.0529057
525 0.607288 0.198589 0.0495714
526 0.607288 0.198333 0.0511129
527 0.607288 0.238491 0.0571052
528 0.607288 0.214817 0.0561554
529 0.607288 0.20761 0.0549361
530 0.607288 0.214067 0.0502484
531 0.607288 0.220556 0.0580557
532 0.607288 0.216151 0.0530535
533 0.607288 0.216381 0.0530167
534 0.607288 0.158365 0.0502131
535 0.607288 0.156207 0.0446141
536 0.607288 0.194736 0.0486551
537 0.607288 0.189463 0.0521473
538 0.607288 0.192957 0.0530868
539 0.607288 0.212966 0.0534497
540 0.607288 0.191602 0.0462179
541 0.607288 0.209627 0.0525572
542 0.607288 0.206903 0.0487432
543 0.607288 0.23153 0.0562121
544 0.607288 0.238818 0.0536835
545 0.607288 0.216718 0.0536656
546 0.607288 0.18895 0.0563677
547 0.607288 0.208377 0.0593533
548 0.607288 0.198928 0.0522092
549 0.607288 0.18665 0.0491292
550 0.607288 0.223952 0.0555828
551 0.607288 0.188817 0.0528247
552 0.607288 0.185034 0.0564001
553 0.607288 0.202198 0.0547244
554 0.607288 0.190094 0.0555588
555 0.607288 0.208024 0.0506185
556 0.607288 0.183981 0.0507432
557 0.607288 0.189376 0.0499378
558 0.607288 0.17306 0.0501874
559 0.607288 0.175451 0.051644
560 0.607288 0.169699 0.0551033
561 0.607288 0.184158 0.0533172
562 0.607288 0.173679 0.0491216
563 0.607288 0.184606 0.0515583
564 0.607288 0.185101 0.0506088
565 0.607288 0.185231 0.0571636
566 0.607288 0.186627 0.0554832
567 0.607464 0.196765 0.0524339
568 0.607464 0.182599 0.053416
569 0.607464 0.20013 0.0536024
570 0.607464 0.193982 0.052545
571 0.607464 0.189594 0.0528337
572 0.607464 0.182855 0.0554493
573 0.607464 0.189995 0.0543353
574 0.607464 0.192313 0.0520005
575 0.611392 0.215351 0.0582143
576 0.611392 0.221692 0.0565103
577 0.611392 0.207473 0.0546129
578 0.611392 0.198352 0.0497216
579 0.611392 0.202495 0.0549538
580 0.611392 0.208916 0.0536314
581 0.611392 0.210383 0.0520942
582 0.611392 0.199502 0.0541092
583 0.611392 0.217468 0.0579694
584 0.611392 0.216662 0.05616
585 0.611392 0.217363 0.0560394
586 0.611392 0.231379 0.0590887
587 0.611392 0.207169 0.052549
588 0.611392 0.205932 0.052648
589 0.611392 0.218985 0.0568523
590 0.611392 0.216764 0.0635044
591 0.611392 0.173029 0.0551908
592 0.611392 0.18981 0.0527809
593 0.611392 0.173685 0.0530784
594 0.611392 0.219813 0.0548507
595 0.611392 0.200059 0.0514709
596 0.611392 0.19958 0.050694
597 0.611392 0.23241 0.0551241
598 0.611392 0.21263 0.0501839
599 0.611392 0.205825 0.0533566
600 0.611392 0.183333 0.0505908
601 0.611392 0.196497 0.0549519
602 0.611392 0.186501 0.0513414
603 0.611392 0.196425 0.0538157
604 0.611392 0.198233 0.0557934
605 0.611392 0.214842 0.0543448
606 0.611392 0.197006 0.0493447
607 0.611392 0.19687 0.0545939
608 0.611392 0.189848 0.0523498
609 0.611392 0.208868 0.050871
610 0.611392 0.192979 0.052585
611 0.611392 0.198103 0.0504225
612 0.611392 0.210518 0.0547
613 0.611392 0.209415 0.0556077
614 0.611392 0.196861 0.0564576
615 0.611392 0.222858 0.0593043
616 0.611392 0.221942 0.0617718
617 0.611392 0.240134 0.057294
618 0.611392 0.227559 0.056219
619 0.611392 0.237307 0.0568993
620 0.611392 0.222965 0.0543406
621 0.611392 0.229929 0.0500152
622 0.611392 0.218649 0.052113
623 0.611392 0.236691 0.0560087
624 0.611392 0.217165 0.05099
625 0.611392 0.204683 0.0542011
626 0.611392 0.210379 0.0537974
627 0.611392 0.20864 0.0569517
628 0.611392 0.191803 0.0539603
629 0.611392 0.198273 0.0541632
630 0.611392 0.204159 0.0546993
631 0.611392 0.170622 0.0487469
632 0.611392 0.177266 0.0521687
633 0.611392 0.180291 0.0502088
634 0.611392 0.205276 0.0550859
635 0.611392 0.216566 0.0573317
636 0.611392 0.19817 0.0540792
637 0.611392 0.224616 0.0567242
638 0.611392 0.22459 0.055337
639 0.611392 0.193589 0.0559048
640 0.611392 0.201417 0.0568044
641 0.611392 0.202048 0.053949
642 0.611392 0.219569 0.0572992
643 0.611392 0.19923 0.0557501
644 0.611392 0.217362 0.0589137
645 0.611392 0.215622 0.0581562
646 0.611392 0.188843 0.0530587
647 0.611392 0.195362 0.0542546
648 0.611392 0.206978 0.0591501
649 0.611392 0.192682 0.055031
650 0.611392 0.195039 0.0552398
651 0.611392 0.225016 0.0536618
652 0.611392 0.21969 0.0533689
653 0.611392 0.211792 0.0531775
654 0.611392 0.218311 0.053618
655 0.611392 0.252331 0.0557317
656 0.611392 0.198938 0.0537304
657 0.611392 0.223646 0.0511097
658 0.611392 0.221533 0.0512677
659 0.611392 0.234772 0.0548879
660 0.611392 0.21651 0.056017
661 0.611392 0.199698 0.0512843
662 0.611392 0.223669 0.0583496
663 0.611392 0.193587 0.0548836
664 0.611392 0.20549 0.0529303
665 0.611392 0.190255 0.0523999
666 0.611392 0.192548 0.0546622
667 0.611392 0.215723 0.0567835
668 0.611392 0.214411 0.0496207
669 0.611392 0.203925 0.0525413
670 0.611392 0.19879 0.056048
671 0.611392 0.196795 0.0588127
672 0.611392 0.183537 0.0562714
673 0.611392 0.173999 0.0512568
674 0.611392 0.178105 0.0484647
675 0.611392 0.161309 0.0477924
676 0.611392 0.197535 0.0513676
677 0.611392 0.191218 0.0491163
678 0.611392 0.199928 0.0574853
679 0.611392 0.202161 0.0618005
680 0.611392 0.211322 0.0587482
681 0.611392 0.196686 0.0575044
682 0.611392 0.225346 0.0618573
683 0.611392 0.225622 0.0579519
684 0.611624 0.193627 0.0518981
685 0.611624 0.184705 0.0499651
686 0.611624 0.216979 0.0594022
687 0.611624 0.18009 0.0563075
688 0.611624 0.175384 0.052183
689 0.611624 0.203361 0.0579293
690 0.611624 0.181841 0.0565562
691 0.611624 0.21071 0.0593265
692 0.611624 0.213205 0.0546436
693 0.611624 0.196302 0.0528475
694 0.611624 0.212482 0.0596438
695 0.611624 0.221728 0.0603567
696 0.611624 0.178828 0.0580699
697 0.611624 0.186265 0.056031
698 0.611624 0.203776 0.0600974
699 0.611624 0.188992 0.0559152
700 0.611624 0.216843 0.0573073
701 0.611624 0.206119 0.0520545
702 0.611624 0.237812 0.0550098
703 0.611624 0.210981 0.0545075
704 0.611624 0.232959 0.0547721
705 0.611624 0.205411 0.0534337
706 0.611624 0.208033 0.0538488
707 0.611624 0.194554 0.0537848
708 0.611624 0.179326 0.0512369
709 0.611624 0.19607 0.0531476
710 0.611624 0.183168 0.0498435
711 0.611624 0.189684 0.0471872
712 0.611624 0.192531 0.0523685
713 0.611624 0.174439 0.0515083
714 0.611624 0.183926 0.0531893
715 0.611624 0.194973 0.055038
716 0.611624 0.183872 0.0589501
717 0.611624 0.197579 0.0551187
718 0.611624 0.197931 0.054547
719 0.611624 0.203322 0.0536587
720 0.611624 0.194732 0.0584536
721 0.611624 0.190336 0.0579402
722 0.611624 0.187493 0.0527184
723 0.611624 0.181915 0.0523056
724 0.611624 0.174899 0.0487851
725 0.611624 0.189042 0.0533598
726 0.611624 0.183441 0.056465
727 0.611624 0.198335 0.0571714
728 0.611624 0.191896 0.0570299
729 0.611624 0.220856 0.0621937
730 0.611624 0.204354 0.057044
731 0.611624 0.201307 0.0568671
732 0.611624 0.166313 0.0570171
733 0.611624 0.177995 0.0543741
734 0.611624 0.17989 0.0528274
735 0.611624 0.190779 0.0543969
736 0.611624 0.188512 0.0595308
737 0.611624 0.203617 0.0581163
738 0.611624 0.190571 0.0545324
739 0.611624 0.185978 0.0546598
740 0.611624 0.206534 0.0565675
741 0.611624 0.173516 0.0588415
742 0.611624 0.192531 0.0611216
743 0.611624 0.191761 0.0572057
744 0.611624 0.168208 0.0549293
745 0.611624 0.193121 0.057862
746 0.611624 0.203052 0.05429
747 0.611624 0.187428 0.0527303
748 0.611624 0.171804 0.05471
749 0.611624 0.151098 0.0511317
750 0.611624 0.159887 0.0525365
751 0.611624 0.175304 0.0545905
752 0.611624 0.166858 0.0530421
753 0.611624 0.178003 0.0577509
754 0.611624 0.189846 0.0562498
755 0.611624 0.198282 0.0588832
756 0.611624 0.185063 0.0593645
757 0.611624 0.196444 0.0557565
758 0.611624 0.218681 0.0570841
759 0.611624 0.193978 0.0528965
760 0.611624 0.190211 0.0535051
761 0.611624 0.208585 0.0539858
762 0.611624 0.186012 0.0502535
763 0.611624 0.171002 0.0507412
764 0.611624 0.168383 0.0535945
765 0.611624 0.192664 0.0592808
766 0.611624 0.18714 0.0535898
767 0.611624 0.171418 0.0537739
768 0.611624 0.180491 0.0547718
769 0.611624 0.20257 0.0553253
770 0.611624 0.180163 0.0513718
771 0.611624 0.194389 0.0548303
772 0.611624 0.211907 0.0534758
773 0.611624 0.198438 0.0524377
774 0.611624 0.200262 0.0554749
775 0.611624 0.22481 0.057237
776 0.611624 0.199335 0.051412
777 0.611624 0.202286 0.0556721
778 0.611624 0.173577 0.0541031
779 0.611624 0.188285 0.0593933
780 0.611624 0.181271 0.0529998
781 0.611624 0.190933 0.0540384
782 0.611624 0.166866 0.0483964
783 0.611624 0.16543 0.0524599
784 0.611624 0.19912 0.0564105
785 0.611624 0.199946 0.0550119
786 0.611624 0.18527 0.0579403
787 0.611624 0.200417 0.0564417
788 0.611624 0.213997 0.0611411
789 0.611624 0.219263 0.0609029
790 0.611624 0.212004 0.0578844
791 0.611624 0.214832 0.0582594
792 0.611624 0.226779 0.0597914
793 0.611748 0.204827 0.0593081
794 0.611987 0.230096 0.0574381
795 0.611987 0.196038 0.0544056
796 0.611987 0.177107 0.0539153
797 0.611987 0.176779 0.0536383
798 0.611987 0.185294 0.0529664
799 0.611987 0.155114 0.0529817
800 0.611987 0.153447 0.0487621
801 0.611987 0.165636 0.0518032
802 0.611987 0.201323 0.0551308
803 0.611987 0.215854 0.054187
804 0.611987 0.22859 0.0540884
805 0.611987 0.20021 0.0610792
806 0.611987 0.220768 0.0587396
807 0.611987 0.183302 0.0543076
808 0.611987 0.172831 0.0534935
809 0.611987 0.194825 0.0511696
810 0.611987 0.201858 0.0499699
811 0.611987 0.188719 0.0528799
812 0.611987 0.167391 0.0505002
813 0.611987 0.178401 0.0541125
814 0.611987 0.164929 0.0504638
815 0.611987 0.150329 0.050047
816 0.611987 0.161764 0.0510769
817 0.611987 0.138682 0.0506358
818 0.611987 0.156191 0.054172
819 0.611987 0.169636 0.047573
820 0.611987 0.157484 0.0519464
821 0.611987 0.186843 0.0564482
822 0.611987 0.179577 0.055098
823 0.611987 0.221531 0.0534746
824 0.611987 0.20623 0.0516398
825 0.611987 0.205841 0.0543149
826 0.611987 0.222298 0.0547179
827 0.611987 0.235573 0.058437
828 0.611987 0.208324 0.0560804
829 0.611987 0.193832 0.0583908
830 0.611987 0.183013 0.053154
831 0.611987 0.185877 0.0582258
832 0.611987 0.157315 0.0514771
833 0.611987 0.192124 0.0501039
834 0.611987 0.200499 0.0530102
835 0.611987 0.191299 0.056061
836 0.611987 0.205204 0.0551731
837 0.611987 0.172676 0.0496972
838 0.611987 0.194262 0.0559225
839 0.611987 0.180405 0.0523744
840 0.611987 0.200257 0.0541085
841 0.611987 0.216962 0.0565114
842 0.611987 0.218749 0.0542224
843 0.611987 0.190213 0.0515152
844 0.611987 0.17937 0.053702
845 0.611987 0.166233 0.0509664
846 0.611987 0.159547 0.0556276
847 0.611987 0.178959 0.0536432
848 0.611987 0.175359 0.0535226
849 0.611987 0.178664 0.0552906
850 0.611987 0.146112 0.047415
851 0.611987 0.187384 0.0534633
852 0.611987 0.168442 0.0511794
853 0.611987 0.177402 0.0542994
854 0.611987 0.177664 0.0554122
855 0.611987 0.19902 0.0595237
856 0.611987 0.178884 0.0542193
857 0.611987 0.194387 0.0553092
858 0.611987 0.181119 0.0541174
859 0.611987 0.154926 0.0512744
860 0.611987 0.161632 0.0527265
861 0.611987 0.190641 0.0549968
862 0.611987 0.176257 0.0543851
863 0.611987 0.146224 0.0491436
864 0.611987 0.154416 0.0504781
865 0.611987 0.149846 0.0488119
866 0.611987 0.144659 0.0497793
867 0.611987 0.166141 0.0542147
868 0.611987 0.152338 0.0508954
869 0.611987 0.173777 0.0585269
870 0.611987 0.161933 0.0511469
871 0.611987 0.194927 0.0581836
872 0.611987 0.19983 0.0554921
873 0.611987 0.167372 0.0480328
874 0.611987 0.179986 0.0530894
875 0.611987 0.191095 0.0539393
876 0.611987 0.199124 0.0571447
877 0.611987 0.206182 0.0567195
878 0.611987 0.237101 0.0579318
879 0.611987 0.213755 0.0562402
880 0.611987 0.215995 0.0526243
881 0.611987 0.213211 0.0578501
882 0.611987 0.191025 0.0528071
883 0.611987 0.185836 0.0551663
884 0.611987 0.153554 0.0499427
885 0.611987 0.158675 0.0501286
886 0.611987 0.172741 0.0518184
887 0.611987 0.166515 0.051862
888 0.611987 0.169795 0.0546205
889 0.611987 0.207713 0.0593278
890 0.611987 0.216978 0.0598455
891 0.611987 0.185353 0.0564105
892 0.611987 0.190716 0.0532868
893 0.611987 0.144666 0.0508652
894 0.611987 0.17107 0.0563072
895 0.611987 0.148066 0.0491878
896 0.611987 0.194183 0.0541364
897 0.611987 0.182706 0.0519222
898 0.611987 0.207433 0.0549731
899 0.611987 0.199277 0.0566058
900 0.611987 0.187213 0.0568562
901 0.611987 0.209473 0.0584905
902 0.611987 0.188831 0.0574047
903 0.611987 0.163172 0.0537117
904 0.611987 0.163747 0.04998
905 0.611987 0.154926 0.0517335
906 0.611987 0.178298 0.0549417
907 0.611987 0.178656 0.0535047
908 0.611987 0.177532 0.0566087
909 0.611987 0.164973 0.0481444
910 0.611987 0.189011 0.0547112
911 0.611987 0.185054 0.0532982
912 0.611987 0.153875 0.0487089
913 0.611987 0.176263 0.0548442
914 0.611987 0.19676 0.0536329
915 0.611987 0.20939 0.0558895
916 0.611987 0.196517 0.0581094
917 0.611987 0.19369 0.0544262
918 0.611987 0.185157 0.0592171
919 0.611987 0.166658 0.0494821
920 0.611987 0.201441 0.0569395
921 0.611987 0.175754 0.0552184
922 0.611987 0.213153 0.055905
923 0.611987 0.188462 0.0550789
924 0.611987 0.181462 0.0514351
925 0.611987 0.186054 0.0498833
926 0.611987 0.188564 0.0511523
927 0.611987 0.200218 0.0529433
928 0.611987 0.199946 0.0557457
929 0.611987 0.179442 0.0513418
930 0.611987 0.166051 0.0505728
931 0.611987 0.171617 0.0476501
932 0.611987 0.197052 0.0531894
933 0.611987 0.187716 0.0536794
934 0.611987 0.172464 0.0564136
935 0.611987 0.180478 0.0549063
936 0.611987 0.144884 0.0476824
937 0.611987 0.156731 0.0525171
938 0.611987 0.166087 0.0566626
939 0.611987 0.176051 0.0585379
940 0.611987 0.188822 0.0576175
941 0.611987 0.189066 0.0619532
942 0.611987 0.211909 0.0608252
943 0.611987 0.209366 0.0577983
944 0.611987 0.221917 0.0582413
945 0.611987 0.182986 0.0558824
946 0.611987 0.191381 0.0566063
947 0.611987 0.205539 0.0557582
948 0.611987 0.201372 0.0554573
949 0.611987 0.180721 0.0506888
950 0.611987 0.192941 0.0522307
951 0.611987 0.183651 0.0546325
952 0.611987 0.157143 0.0512507
953 0.611987 0.201719 0.0595007
954 0.611987 0.208938 0.0612976
955 0.611987 0.178596 0.057547
956 0.611987 0.17337 0.0583368
957 0.611987 0.183071 0.0549557
958 0.611987 0.183898 0.0595242
959 0.611987 0.176704 0.0543473
960 0.611987 0.175589 0.0546843
961 0.611987 0.187897 0.0569466
962 0.611987 0.20844 0.0514816
963 0.611987 0.170861 0.049002
964 0.611987 0.171981 0.0552597
965 0.611987 0.205511 0.0545205
966 0.611987 0.224094 0.0518274
967 0.611987 0.202813 0.0530489
968 0.611987 0.207491 0.0542425
969 0.611987 0.192327 0.0558546
970 0.611987 0.206352 0.0533288
971 0.611987 0.204648 0.0563281
972 0.611987 0.172343 0.0497371
973 0.611987 0.198039 0.0519618
974 0.611987 0.176732 0.0513414
975 0.611987 0.181123 0.0538968
976 0.611987 0.191126 0.0548566
977 0.611987 0.173111 0.0511379
978 0.611987 0.192075 0.057526
979 0.611987 0.192661 0.053793
980 0.611987 0.200326 0.0556202
981 0.611987 0.175073 0.0547948
982 0.611987 0.189836 0.0581872
983 0.611987 0.190827 0.0545879
984 0.611987 0.189694 0.0534869
985 0.611987 0.201579 0.056506
986 0.611987 0.213151 0.0573351
987 0.611987 0.220545 0.0576886
988 0.611987 0.22174 0.0542893
989 0.611987 0.236793 0.0577831
990 0.611987 0.2235 0.0633342
991 0.611987 0.217697 0.0565351
992 0.611987 0.199285 0.0590687
993 0.611987 0.201951 0.0567181
994 0.611987 0.197807 0.0547825
995 0.611987 0.205835 0.0586643
996 0.611987 0.193917 0.0501349
997 0.611987 0.190281 0.0515138
998 0.611987 0.183797 0.0510338
999 0.611987 0.215136 0.0614459
1000 0.611987 0.203989 0.054971
