0 0.125233 0.0356287 0.00315602
1 0.125268 0.0464031 0.00358784
2 0.125268 0.061325 0.0039494
3 0.125268 0.0801439 0.00363763
4 0.125274 0.0814494 0.00358358
5 0.125274 0.0765391 0.00373402
6 0.125274 0.0814247 0.00358512
7 0.125274 0.0818979 0.00352916
8 0.125274 0.0851879 0.00342953
9 0.125274 0.0902393 0.00316716
10 0.125274 0.0892859 0.00318921
11 0.125274 0.0865037 0.00335985
12 0.125277 0.0964477 0.00278554
13 0.125277 0.0914605 0.00310126
14 0.125277 0.0970324 0.00270467
15 0.125825 0.103938 0.00217825
16 0.125825 0.107128 0.00188643
17 0.126988 0.109118 0.00174817
18 0.126988 0.110217 0.00165926
19 0.134575 0.10526 0.00213049
20 0.134575 0.103998 0.00223713
21 0.164377 0.0994024 0.0026648
22 0.164377 0.100897 0.00248325
23 0.278187 0.109391 0.00222726
24 0.278187 0.112945 0.0020458
25 0.375498 0.112264 0.0037739
26 0.375498 0.119158 0.00390637
27 0.38754 0.127652 0.00539345
28 0.42439 0.13704 0.0102561
29 0.505403 0.146502 0.0126344
29 0.501667 0.0723676 0.0190639
30 0.501667 0.0625889 0.01925
31 0.501667 0.0658638 0.0215971
32 0.509078 0.0842936 0.0253623
33 0.509078 0.0702081 0.0219347
34 0.509078 0.0989241 0.0298471
35 0.509078 0.0987311 0.0284613
36 0.509078 0.0944013 0.0278802
37 0.519798 0.0942417 0.030359
38 0.552657 0.0743781 0.026868
39 0.552657 0.0924735 0.0291259
40 0.552657 0.121261 0.0364014
41 0.555775 0.117996 0.0376831
42 0.555775 0.118548 0.0404227
43 0.555775 0.103276 0.035223
44 0.555775 0.105017 0.0357321
45 0.555775 0.106441 0.0357168
46 0.555775 0.109063 0.0369986
47 0.555775 0.108043 0.0403014
48 0.555775 0.110226 0.0367348
49 0.555775 0.127822 0.0416841
50 0.555775 0.121623 0.0368915
51 0.559473 0.118933 0.0382509
52 0.559473 0.135969 0.0420192
53 0.559473 0.138469 0.0406018
54 0.559473 0.129048 0.0380174
55 0.559473 0.140788 0.0418549
56 0.559473 0.144933 0.0422356
57 0.559473 0.134914 0.0407435
58 0.559473 0.135372 0.043376
59 0.559473 0.125109 0.040879
60 0.559473 0.151143 0.0445055
61 0.559473 0.129727 0.0407288
62 0.559473 0.138104 0.0414556
63 0.559473 0.142831 0.0432734
64 0.559473 0.130111 0.0392474
65 0.559473 0.125494 0.0387238
66 0.559473 0.116078 0.0342959
67 0.559473 0.126919 0.0383081
68 0.559473 0.112918 0.0364329
69 0.559473 0.129447 0.0428471
70 0.567227 0.107306 0.0358467
71 0.567227 0.114517 0.0378084
72 0.567227 0.137071 0.0416565
73 0.567227 0.131756 0.0402707
74 0.567227 0.124454 0.0408635
75 0.567227 0.137426 0.042041
76 0.567227 0.13158 0.0408411
77 0.567227 0.137597 0.0398812
78 0.583645 0.128355 0.0406477
79 0.583645 0.127005 0.0412952
80 0.583645 0.156661 0.0473905
81 0.583645 0.148376 0.0442728
82 0.583645 0.139514 0.0380681
83 0.583645 0.1354 0.0400707
84 0.583645 0.138705 0.0416816
85 0.583645 0.135353 0.0436266
86 0.583645 0.135723 0.0445872
87 0.583645 0.169359 0.0481838
88 0.583645 0.149387 0.0436394
89 0.583645 0.162512 0.0482907
90 0.583645 0.163924 0.046651
91 0.583645 0.160722 0.0474985
92 0.583645 0.146696 0.0440867
93 0.583645 0.152691 0.0444663
94 0.586882 0.155579 0.0520668
95 0.586882 0.188847 0.0540916
96 0.586882 0.167353 0.0495959
97 0.586882 0.168732 0.0435109
98 0.589267 0.15457 0.0484016
99 0.59561 0.173306 0.055618
100 0.59561 0.173708 0.0528337
101 0.59561 0.163137 0.0519348
102 0.59561 0.173693 0.0503213
103 0.59616 0.18655 0.0533768
104 0.59616 0.175998 0.0502481
105 0.59616 0.191863 0.0527682
106 0.59616 0.160129 0.0444135
107 0.59616 0.185794 0.0467494
108 0.59616 0.155195 0.0467679
109 0.59616 0.172142 0.0455838
110 0.59616 0.174536 0.0451831
111 0.597784 0.187386 0.0472703
112 0.597784 0.201463 0.0473452
113 0.597784 0.174213 0.0497458
114 0.597784 0.184241 0.0530989
115 0.597784 0.150813 0.0463398
116 0.603474 0.145059 0.0447919
117 0.603474 0.157189 0.0513326
118 0.603474 0.152237 0.0474226
119 0.603474 0.166281 0.0473717
120 0.603474 0.183069 0.0580066
121 0.605753 0.190858 0.0544142
122 0.605753 0.163367 0.0516085
123 0.605753 0.176471 0.0532898
124 0.605753 0.165707 0.0504403
125 0.605753 0.178211 0.0499775
126 0.605753 0.152433 0.0487793
127 0.605753 0.162633 0.0491503
128 0.605753 0.167015 0.047818
129 0.605753 0.197548 0.0492652
130 0.605753 0.192356 0.0523256
131 0.605753 0.178127 0.0496089
132 0.605753 0.169514 0.0519677
133 0.605753 0.177909 0.0523739
134 0.605753 0.19353 0.0528539
135 0.605753 0.183958 0.0516566
136 0.605753 0.197078 0.0535141
137 0.605753 0.204583 0.0540399
138 0.605753 0.181041 0.0469927
139 0.605753 0.129325 0.0417285
140 0.605753 0.184076 0.0487351
141 0.605753 0.147881 0.0467765
142 0.605753 0.181607 0.0492186
143 0.605753 0.161291 0.0462759
144 0.605753 0.176034 0.0479752
145 0.605753 0.153786 0.0497327
146 0.605753 0.178476 0.0534614
147 0.605753 0.167756 0.0499717
148 0.605753 0.16574 0.0466322
149 0.605753 0.164668 0.0430779
150 0.605753 0.202696 0.0508337
151 0.605753 0.186864 0.052053
152 0.605753 0.195342 0.0519607
153 0.605753 0.162822 0.0463976
154 0.605753 0.168902 0.0452257
155 0.605753 0.170679 0.0518349
156 0.605753 0.183893 0.0508384
157 0.605753 0.159628 0.0466692
158 0.605753 0.181382 0.0526347
159 0.605753 0.184456 0.0502488
160 0.605753 0.177842 0.0495273
161 0.605753 0.210711 0.0550392
162 0.605753 0.19134 0.0553105
163 0.605753 0.180055 0.0521561
164 0.605753 0.190909 0.0546763
165 0.605753 0.234071 0.0533104
166 0.605753 0.224296 0.0543373
167 0.605753 0.205169 0.050143
168 0.605753 0.174163 0.052832
169 0.605753 0.194202 0.0568052
170 0.605753 0.163752 0.0472082
171 0.605753 0.180729 0.0486673
172 0.605753 0.193532 0.0528716
173 0.605753 0.188966 0.0521994
174 0.605753 0.195545 0.0506446
175 0.605753 0.218775 0.0540948
176 0.605753 0.213692 0.0524996
177 0.605753 0.193296 0.0554734
178 0.605753 0.185436 0.0506501
179 0.605753 0.203925 0.0526655
180 0.605753 0.214484 0.0568799
181 0.605753 0.193122 0.0555506
182 0.605753 0.186466 0.0554923
183 0.605753 0.174627 0.0559708
184 0.605753 0.172015 0.052787
185 0.605753 0.191478 0.0562574
186 0.605753 0.195899 0.0513222
187 0.605753 0.195137 0.0517875
188 0.605942 0.175725 0.0509138
189 0.605942 0.188252 0.0549418
190 0.605942 0.173062 0.0501998
191 0.605942 0.163547 0.0525706
192 0.605942 0.174992 0.050069
193 0.605942 0.167476 0.0548984
194 0.605942 0.209937 0.0554067
195 0.605942 0.164844 0.0476177
196 0.605942 0.188874 0.0541577
197 0.607362 0.198285 0.0598922
198 0.607362 0.199386 0.0585882
199 0.607362 0.192406 0.0571531
200 0.608055 0.17323 0.0523141
201 0.608055 0.175995 0.0513634
202 0.608055 0.177056 0.0497738
203 0.608055 0.163875 0.0493677
204 0.608055 0.198957 0.0540671
205 0.608055 0.175836 0.0511896
206 0.608055 0.173644 0.0484352
207 0.608055 0.169804 0.0504894
208 0.608055 0.191068 0.0584215
209 0.608055 0.217556 0.0570885
210 0.608055 0.219083 0.0589624
211 0.608903 0.214924 0.0558443
212 0.608903 0.191622 0.0544201
213 0.608903 0.182951 0.0542632
214 0.608903 0.191276 0.0552545
215 0.608903 0.201974 0.057452
216 0.608903 0.219828 0.0578525
217 0.608903 0.246884 0.0594708
218 0.608903 0.214991 0.0532089
219 0.608903 0.211652 0.0525348
220 0.608903 0.179054 0.0522461
221 0.608903 0.158934 0.0477896
222 0.608903 0.177488 0.0518698
223 0.608903 0.183803 0.0567456
224 0.608903 0.170231 0.0562995
225 0.608903 0.168292 0.0511289
226 0.608903 0.177989 0.0504588
227 0.608903 0.150328 0.0480608
228 0.608903 0.157853 0.0458509
229 0.60914 0.168536 0.0495726
230 0.60914 0.175919 0.0514844
231 0.60914 0.208984 0.0545403
232 0.60914 0.194386 0.0526272
233 0.60914 0.210057 0.0591659
234 0.60914 0.211006 0.0570169
235 0.60914 0.169749 0.0552228
236 0.60914 0.169164 0.0519992
237 0.60914 0.167546 0.0560609
238 0.60914 0.174016 0.0576864
239 0.60914 0.170302 0.055533
240 0.60914 0.155169 0.0508676
241 0.60914 0.182092 0.056838
242 0.60914 0.195159 0.0587791
243 0.60914 0.179687 0.0522063
244 0.60914 0.200504 0.0537267
245 0.60914 0.186241 0.0494202
246 0.60914 0.195945 0.0587
247 0.60914 0.240145 0.0611676
248 0.60914 0.181005 0.056867
249 0.60914 0.155666 0.0548402
250 0.60914 0.183778 0.0566689
251 0.60914 0.18004 0.0567488
252 0.60914 0.204171 0.0625103
253 0.60914 0.199835 0.0506418
254 0.60914 0.17435 0.0506216
255 0.60914 0.148741 0.0484214
256 0.60914 0.162223 0.0494106
257 0.60914 0.180686 0.0532516
258 0.60914 0.178104 0.0503278
259 0.60914 0.164216 0.0521056
260 0.60914 0.165408 0.0508974
261 0.60914 0.179042 0.0550365
262 0.60914 0.178145 0.0490206
263 0.60914 0.189784 0.0512676
264 0.60914 0.174561 0.0512686
265 0.60914 0.186887 0.0505867
266 0.609456 0.230018 0.0578798
267 0.609456 0.177124 0.0444306
268 0.609456 0.167257 0.0468673
269 0.609456 0.19188 0.0507914
270 0.609456 0.207918 0.0524961
271 0.609456 0.191926 0.0519828
272 0.609456 0.200772 0.0543201
273 0.609456 0.201066 0.0482562
274 0.609456 0.189842 0.0507983
275 0.609486 0.199534 0.0556848
276 0.609486 0.187633 0.0520305
277 0.609486 0.178749 0.0501186
278 0.609486 0.166183 0.0492443
279 0.609486 0.154468 0.0494773
280 0.609486 0.15448 0.0507189
281 0.609486 0.157337 0.0498237
282 0.609486 0.135503 0.0447247
283 0.609486 0.127955 0.0426532
284 0.609486 0.152561 0.050667
285 0.609486 0.193287 0.0551342
286 0.609486 0.211443 0.0525246
287 0.609486 0.204026 0.0518371
288 0.609486 0.207731 0.0526755
289 0.609486 0.207041 0.0530421
290 0.609486 0.206029 0.0541551
291 0.609486 0.207256 0.0512772
292 0.609486 0.17456 0.0513466
293 0.609486 0.178296 0.0550314
294 0.609486 0.185862 0.0527121
295 0.609486 0.169888 0.0502626
296 0.609486 0.192371 0.0510493
297 0.609486 0.175883 0.048995
298 0.609486 0.19491 0.0509571
299 0.609486 0.215431 0.0564943
300 0.609486 0.196064 0.0547555
301 0.609486 0.189003 0.0534519
302 0.609486 0.183316 0.0521203
303 0.609486 0.164229 0.0514363
304 0.609486 0.195897 0.0549029
305 0.609486 0.171243 0.0529133
306 0.609486 0.163761 0.0495973
307 0.609486 0.191457 0.0526725
308 0.609486 0.168936 0.0509989
309 0.609486 0.165469 0.0544178
310 0.609486 0.162829 0.0551434
311 0.609486 0.178861 0.0535268
312 0.609486 0.189858 0.0584741
313 0.60997 0.168864 0.0548038
314 0.60997 0.186685 0.0547062
315 0.60997 0.178391 0.0527432
316 0.60997 0.199488 0.0567082
317 0.60997 0.20195 0.0535753
318 0.60997 0.176133 0.0510655
319 0.60997 0.203332 0.0598471
320 0.60997 0.189202 0.0570715
321 0.60997 0.187999 0.0546057
322 0.60997 0.158089 0.0540708
323 0.60997 0.163921 0.0552719
324 0.60997 0.176791 0.0551606
325 0.60997 0.183155 0.0523522
326 0.60997 0.209989 0.0518769
327 0.60997 0.183159 0.0505029
328 0.60997 0.196545 0.0551111
329 0.60997 0.19378 0.052722
330 0.60997 0.181942 0.0528476
331 0.60997 0.204397 0.0603473
332 0.60997 0.200963 0.0575006
333 0.60997 0.170662 0.0540355
334 0.60997 0.19331 0.0523069
335 0.60997 0.191432 0.0544394
336 0.60997 0.18582 0.0534137
337 0.60997 0.180059 0.0570309
338 0.60997 0.162184 0.0513759
339 0.60997 0.197242 0.0545582
340 0.60997 0.205459 0.0571089
341 0.60997 0.166075 0.0481744
342 0.60997 0.177256 0.0518326
343 0.60997 0.20093 0.0565134
344 0.60997 0.214146 0.0518447
345 0.60997 0.197672 0.0553276
346 0.60997 0.223565 0.0576358
347 0.60997 0.23215 0.0579433
348 0.60997 0.222293 0.0602307
349 0.60997 0.207186 0.0558793
350 0.60997 0.199688 0.0562762
351 0.60997 0.217206 0.057601
352 0.60997 0.194443 0.0505928
353 0.60997 0.218519 0.0548049
354 0.60997 0.189231 0.0540128
355 0.60997 0.201803 0.0521492
356 0.60997 0.209525 0.054891
357 0.60997 0.210462 0.0588072
358 0.60997 0.203605 0.0551098
359 0.60997 0.207352 0.0554404
360 0.60997 0.191018 0.0513014
361 0.60997 0.192925 0.0473159
362 0.60997 0.183678 0.0494469
363 0.60997 0.180982 0.0501952
364 0.60997 0.193438 0.0567759
365 0.60997 0.214821 0.0529035
366 0.60997 0.202051 0.0532667
367 0.60997 0.212416 0.0541384
368 0.60997 0.219003 0.0558143
369 0.60997 0.208202 0.0539731
370 0.60997 0.24419 0.0497326
371 0.60997 0.230086 0.0499498
372 0.60997 0.234517 0.0528543
373 0.60997 0.234744 0.0578349
374 0.60997 0.186404 0.0543615
375 0.60997 0.17238 0.0494836
376 0.60997 0.192952 0.0562776
377 0.60997 0.194328 0.053518
378 0.60997 0.177626 0.0539535
379 0.60997 0.19816 0.0541707
380 0.60997 0.201872 0.0529794
381 0.60997 0.170091 0.0506103
382 0.60997 0.164994 0.0551827
383 0.60997 0.172825 0.0571256
384 0.60997 0.179606 0.052523
385 0.60997 0.182441 0.053055
386 0.60997 0.210436 0.0571244
387 0.60997 0.205847 0.0554926
388 0.60997 0.214078 0.0561757
389 0.60997 0.19116 0.0530289
390 0.60997 0.176918 0.0512855
391 0.60997 0.190383 0.0547686
392 0.60997 0.18475 0.0497134
393 0.60997 0.196299 0.0561023
394 0.60997 0.208519 0.050314
395 0.60997 0.220555 0.0522054
396 0.60997 0.211043 0.054024
397 0.60997 0.190394 0.0548047
398 0.60997 0.178255 0.0533765
399 0.60997 0.189927 0.050434
400 0.60997 0.175295 0.0512867
401 0.60997 0.16706 0.0548805
402 0.60997 0.159088 0.0493164
403 0.60997 0.165114 0.0499008
404 0.60997 0.179194 0.0528384
405 0.60997 0.193722 0.0498118
406 0.60997 0.210075 0.0543228
407 0.60997 0.183537 0.055419
408 0.60997 0.197025 0.0525158
409 0.60997 0.196055 0.0552754
410 0.60997 0.177917 0.0503865
411 0.60997 0.204935 0.0562347
412 0.60997 0.200562 0.0603206
413 0.60997 0.1917 0.0582225
414 0.60997 0.179076 0.0557381
415 0.60997 0.185854 0.0557566
416 0.60997 0.180761 0.0535979
417 0.60997 0.202696 0.0491373
418 0.60997 0.19808 0.0515401
419 0.60997 0.177688 0.0548401
420 0.60997 0.175448 0.0522916
421 0.60997 0.155797 0.0488866
422 0.60997 0.187286 0.0553598
423 0.60997 0.18384 0.0553086
424 0.60997 0.169807 0.0487434
425 0.60997 0.187189 0.0535741
426 0.60997 0.163338 0.0507938
427 0.60997 0.204883 0.054404
428 0.60997 0.222425 0.0542361
429 0.60997 0.18797 0.0527262
430 0.60997 0.190922 0.0555903
431 0.60997 0.181676 0.0556998
432 0.60997 0.179526 0.0547569
433 0.60997 0.170917 0.0486448
434 0.60997 0.198039 0.0565683
435 0.60997 0.178892 0.0555871
436 0.60997 0.173609 0.0550948
437 0.60997 0.193537 0.0543208
438 0.60997 0.221503 0.0546144
439 0.60997 0.209017 0.0569617
440 0.60997 0.200976 0.0529677
441 0.60997 0.19868 0.0537405
442 0.60997 0.203721 0.0581555
443 0.60997 0.223674 0.0603127
444 0.60997 0.262668 0.0556607
445 0.60997 0.239659 0.0548106
446 0.60997 0.226266 0.0546945
447 0.60997 0.217672 0.0569909
448 0.60997 0.183123 0.0572423
449 0.60997 0.180833 0.052158
450 0.60997 0.179053 0.0517503
451 0.60997 0.171646 0.0503948
452 0.60997 0.182285 0.0540408
453 0.60997 0.196305 0.0516247
454 0.60997 0.215004 0.0552443
455 0.60997 0.211638 0.0561121
456 0.60997 0.195694 0.0510166
457 0.60997 0.181551 0.0487503
458 0.60997 0.221545 0.0543996
459 0.60997 0.226321 0.0544364
460 0.60997 0.195644 0.0501103
461 0.60997 0.190831 0.0533246
462 0.60997 0.200837 0.0504563
463 0.60997 0.196522 0.0533805
464 0.60997 0.208962 0.0551653
465 0.60997 0.195723 0.058328
466 0.60997 0.210523 0.0535725
467 0.60997 0.222851 0.0598995
468 0.60997 0.189553 0.0578875
469 0.60997 0.193049 0.0550271
470 0.60997 0.196554 0.0536385
471 0.60997 0.196508 0.0544711
472 0.60997 0.221943 0.053797
473 0.60997 0.163035 0.043592
474 0.60997 0.19222 0.0519684
475 0.60997 0.214724 0.05257
476 0.60997 0.217145 0.0510207
477 0.60997 0.219114 0.052789
478 0.60997 0.195739 0.0508975
479 0.60997 0.173607 0.050342
480 0.60997 0.164562 0.0471962
481 0.60997 0.169282 0.050484
482 0.60997 0.206721 0.0567679
483 0.60997 0.188953 0.0556862
484 0.60997 0.212052 0.0568638
485 0.60997 0.184115 0.0557089
486 0.60997 0.193602 0.0559714
487 0.60997 0.201922 0.0491578
488 0.60997 0.165422 0.0481783
489 0.60997 0.153628 0.0486058
490 0.60997 0.147344 0.0503674
491 0.60997 0.171736 0.0530935
492 0.60997 0.176726 0.0534029
493 0.60997 0.199095 0.0540666
494 0.60997 0.179943 0.0536826
495 0.60997 0.190038 0.05429
496 0.60997 0.166146 0.0523374
497 0.60997 0.148772 0.0474312
498 0.60997 0.159507 0.049801
499 0.60997 0.152688 0.0489976
500 0.60997 0.168668 0.0524512
501 0.60997 0.175305 0.0510175
502 0.60997 0.182246 0.0560217
503 0.60997 0.224846 0.0530265
504 0.60997 0.220869 0.0543721
505 0.60997 0.178226 0.0523374
506 0.60997 0.185799 0.0529266
507 0.60997 0.148152 0.0497969
508 0.60997 0.174346 0.0495465
509 0.60997 0.179322 0.0504418
510 0.60997 0.17992 0.0501173
511 0.60997 0.187036 0.0544147
512 0.60997 0.155874 0.0509371
513 0.60997 0.175599 0.0527185
514 0.60997 0.198757 0.0542383
515 0.60997 0.169136 0.04956
516 0.60997 0.188548 0.0532512
517 0.60997 0.185875 0.0511999
518 0.60997 0.196462 0.0558569
519 0.60997 0.178062 0.0572525
520 0.60997 0.186637 0.0580323
521 0.60997 0.169902 0.055708
522 0.60997 0.192194 0.0548769
523 0.60997 0.191739 0.0534018
524 0.60997 0.174356 0.0525076
525 0.60997 0.186637 0.0543812
526 0.60997 0.172627 0.0521635
527 0.60997 0.188181 0.0554422
528 0.60997 0.203144 0.0554058
529 0.60997 0.207437 0.0521559
530 0.60997 0.182597 0.0489219
531 0.60997 0.185345 0.0508259
532 0.60997 0.174196 0.0521598
533 0.60997 0.210925 0.0575058
534 0.60997 0.195273 0.0556242
535 0.60997 0.186123 0.0496645
536 0.60997 0.200837 0.0517312
537 0.60997 0.210018 0.06013
538 0.60997 0.176676 0.0538169
539 0.60997 0.172775 0.0529668
540 0.60997 0.176356 0.0524149
541 0.60997 0.167742 0.0568118
542 0.60997 0.198631 0.0561509
543 0.60997 0.172138 0.0537908
544 0.60997 0.18681 0.0537868
545 0.60997 0.175312 0.0556267
546 0.60997 0.22262 0.0582171
547 0.60997 0.224166 0.0580988
548 0.60997 0.203689 0.0553209
549 0.60997 0.203022 0.0554536
550 0.60997 0.208142 0.0556362
551 0.60997 0.207584 0.0563692
552 0.60997 0.160225 0.0528355
553 0.60997 0.184559 0.0550067
554 0.60997 0.176088 0.0549299
555 0.60997 0.190715 0.058405
556 0.60997 0.179698 0.0543378
557 0.60997 0.178129 0.0556744
558 0.60997 0.162803 0.0549194
559 0.60997 0.185661 0.0554285
560 0.60997 0.183118 0.0534659
561 0.60997 0.191143 0.0568554
562 0.60997 0.183926 0.0564885
563 0.60997 0.187726 0.0569892
564 0.60997 0.189034 0.0539312
565 0.60997 0.185291 0.0577706
566 0.60997 0.195347 0.0515671
567 0.60997 0.189416 0.0520255
568 0.60997 0.180454 0.0547482
569 0.60997 0.174176 0.0523732
570 0.610397 0.176228 0.0517482
571 0.610397 0.136297 0.0443488
572 0.610397 0.174176 0.0505472
573 0.610397 0.161287 0.0481567
574 0.610397 0.176152 0.054601
575 0.610397 0.175617 0.0493549
576 0.610397 0.196779 0.0542964
577 0.610397 0.199932 0.0498485
578 0.610397 0.189489 0.05386
579 0.610397 0.188081 0.0478105
580 0.610397 0.199975 0.054233
581 0.610397 0.16201 0.0501468
582 0.610397 0.180731 0.055235
583 0.610397 0.171278 0.0525147
584 0.610397 0.189808 0.0533761
585 0.610397 0.200347 0.0566908
586 0.610397 0.178961 0.0542156
587 0.610397 0.166296 0.0532524
588 0.610397 0.178624 0.0533192
589 0.610397 0.174496 0.0485543
590 0.610397 0.173231 0.0521991
591 0.610397 0.17977 0.0567516
592 0.610397 0.220297 0.0588564
593 0.610397 0.202796 0.0571119
594 0.610397 0.214644 0.0545728
595 0.610397 0.212032 0.0584459
596 0.610397 0.192906 0.0568941
597 0.610397 0.195119 0.0592318
598 0.610397 0.22167 0.0597912
599 0.610397 0.215781 0.0605207
600 0.610397 0.194659 0.0536509
601 0.610397 0.187765 0.0531679
602 0.610397 0.182078 0.0506805
603 0.610397 0.189701 0.0543556
604 0.610397 0.179297 0.0541363
605 0.610397 0.148635 0.0476071
606 0.610397 0.158962 0.0469905
607 0.610397 0.154033 0.0470555
608 0.610397 0.166816 0.0491811
609 0.610397 0.161065 0.0479548
610 0.610397 0.181638 0.051358
611 0.610397 0.143017 0.0498304
612 0.610397 0.146218 0.0493341
613 0.610397 0.147888 0.0521117
614 0.610397 0.153545 0.0480738
615 0.610397 0.164473 0.0488708
616 0.610397 0.152146 0.0464933
617 0.610397 0.181051 0.0495525
618 0.610397 0.166771 0.0522343
619 0.610397 0.197057 0.0518984
620 0.610397 0.16067 0.047639
621 0.610397 0.173134 0.0507067
622 0.610397 0.171596 0.0512383
623 0.610397 0.188407 0.0540518
624 0.610397 0.187874 0.0532547
625 0.610397 0.194081 0.0490013
626 0.610397 0.155783 0.0460474
627 0.610397 0.161495 0.0472485
628 0.610397 0.203829 0.0539729
629 0.610397 0.205376 0.0548453
630 0.610397 0.190961 0.0521648
631 0.610397 0.190405 0.0573313
632 0.610397 0.205977 0.0532172
633 0.610397 0.191995 0.0537558
634 0.610397 0.195746 0.0495004
635 0.610397 0.19769 0.0472405
636 0.610397 0.197308 0.053892
637 0.610397 0.193053 0.0502482
638 0.610397 0.180471 0.0564849
639 0.610397 0.185099 0.0567516
640 0.610397 0.15604 0.0487992
641 0.610397 0.171906 0.0496997
642 0.610397 0.183753 0.0499984
643 0.610397 0.177845 0.0485757
644 0.610397 0.22534 0.0572574
645 0.610397 0.226549 0.0583427
646 0.610397 0.222679 0.0568107
647 0.610397 0.189234 0.0547163
648 0.610397 0.197497 0.0555492
649 0.610397 0.201924 0.054133
650 0.610397 0.181023 0.051073
651 0.610397 0.199209 0.0516609
652 0.610397 0.207078 0.0551921
653 0.610397 0.192099 0.0569281
654 0.610397 0.16083 0.0488863
655 0.610397 0.195802 0.053169
656 0.610397 0.183208 0.0548535
657 0.610397 0.179511 0.0564743
658 0.610397 0.185235 0.056442
659 0.610397 0.174506 0.0550316
660 0.610397 0.197869 0.0560648
661 0.610397 0.168054 0.0557669
662 0.610397 0.164778 0.0474466
663 0.610397 0.199752 0.0545841
664 0.610397 0.18945 0.0528344
665 0.610397 0.204194 0.0554179
666 0.610397 0.193078 0.0543919
667 0.610397 0.194359 0.0512238
668 0.610397 0.198091 0.0529784
669 0.610397 0.186904 0.0515985
670 0.610397 0.199381 0.057548
671 0.610397 0.201312 0.0544491
672 0.610397 0.153749 0.049125
673 0.610397 0.171157 0.0541238
674 0.610397 0.157253 0.0510396
675 0.610397 0.226621 0.0585056
676 0.610397 0.200731 0.0553179
677 0.610397 0.172643 0.0536713
678 0.610397 0.184925 0.0484411
679 0.610397 0.203924 0.0535446
680 0.610397 0.202429 0.0532897
681 0.610397 0.180321 0.051219
682 0.610397 0.185614 0.0541247
683 0.610397 0.17763 0.0529107
684 0.610397 0.171238 0.0512561
685 0.610397 0.17842 0.0549575
686 0.610397 0.202488 0.0575654
687 0.610397 0.189355 0.053791
688 0.610397 0.192134 0.0549596
689 0.610397 0.195926 0.057191
690 0.610397 0.210563 0.0562161
691 0.610397 0.167721 0.0509401
692 0.610397 0.185034 0.0554838
693 0.610397 0.173835 0.051726
694 0.610397 0.191142 0.054095
695 0.610397 0.186898 0.0563613
696 0.610397 0.174364 0.0564761
697 0.610397 0.175579 0.052219
698 0.610397 0.171315 0.0509635
699 0.610397 0.189998 0.0529596
700 0.610397 0.226436 0.0580814
701 0.610397 0.229359 0.0597713
702 0.610397 0.198691 0.0570473
703 0.610397 0.163413 0.0489344
704 0.610397 0.182539 0.0492606
705 0.610397 0.189987 0.0521814
706 0.610397 0.209695 0.058032
707 0.610397 0.217818 0.0520336
708 0.610397 0.248446 0.052275
709 0.610397 0.228674 0.0574784
710 0.610397 0.223571 0.0574417
711 0.610397 0.173017 0.0530681
712 0.610397 0.217502 0.0557688
713 0.610397 0.183825 0.0507772
714 0.610397 0.184623 0.050434
715 0.610397 0.2047 0.0515695
716 0.610397 0.193267 0.0560688
717 0.610397 0.194089 0.0564097
718 0.610397 0.185805 0.0549152
719 0.610397 0.197473 0.0585602
720 0.610397 0.188066 0.0585271
721 0.610397 0.177564 0.0550437
722 0.610397 0.162215 0.0497593
723 0.610397 0.177235 0.056369
724 0.610397 0.208945 0.0577897
725 0.610397 0.201263 0.053297
726 0.610397 0.187289 0.0466875
727 0.610397 0.215277 0.0541552
728 0.610397 0.194622 0.0568409
729 0.610397 0.170331 0.054518
730 0.610397 0.138004 0.0480506
731 0.610397 0.170166 0.0547663
732 0.610397 0.171905 0.0582784
733 0.610397 0.160604 0.0536446
734 0.610397 0.164439 0.055559
735 0.610397 0.16982 0.0557941
736 0.610397 0.190413 0.0581651
737 0.610397 0.143021 0.0544234
738 0.610397 0.155037 0.0536222
739 0.610397 0.153311 0.0539738
740 0.610397 0.194345 0.0576002
741 0.610397 0.21815 0.0568279
742 0.610397 0.191559 0.052831
743 0.610397 0.191097 0.0596004
744 0.610397 0.182385 0.0548041
745 0.610397 0.192621 0.0568004
746 0.610397 0.190098 0.0568941
747 0.610397 0.170552 0.0497985
748 0.610397 0.178903 0.0487672
749 0.610397 0.182442 0.0527995
750 0.610397 0.176086 0.0488596
751 0.610397 0.181039 0.0499169
752 0.610397 0.207928 0.0519308
753 0.610397 0.211812 0.0539906
754 0.610397 0.175605 0.0510948
755 0.610397 0.182931 0.0505606
756 0.610397 0.197351 0.0532499
757 0.610397 0.229774 0.0562504
758 0.610397 0.216087 0.0535757
759 0.610397 0.218986 0.0531736
760 0.610397 0.239168 0.0543611
761 0.610397 0.237953 0.0549875
762 0.610397 0.221069 0.0501702
763 0.610397 0.21408 0.051219
764 0.610397 0.20364 0.0526486
765 0.610397 0.190126 0.0485454
766 0.610397 0.188739 0.0500773
767 0.610397 0.18541 0.0508708
768 0.610397 0.196914 0.0514816
769 0.610397 0.197949 0.0533588
770 0.610397 0.21327 0.0545161
771 0.610397 0.197302 0.0540235
772 0.610397 0.177159 0.0483015
773 0.610397 0.199954 0.0537276
774 0.610397 0.199142 0.0556035
775 0.610397 0.222126 0.0509594
776 0.610397 0.228264 0.0514146
777 0.610397 0.222063 0.055498
778 0.610397 0.226822 0.0528964
779 0.610397 0.221289 0.055049
780 0.610397 0.188125 0.0568232
781 0.610397 0.18916 0.0551995
782 0.610397 0.188858 0.0551641
783 0.610397 0.194821 0.0588379
784 0.610397 0.20177 0.0526241
785 0.610397 0.192596 0.0558605
786 0.610397 0.202518 0.0566028
787 0.610397 0.21083 0.0595329
788 0.610397 0.18754 0.0523004
789 0.610397 0.162773 0.0493517
790 0.610397 0.157274 0.0489233
791 0.610397 0.16259 0.0479087
792 0.610397 0.151293 0.0465657
793 0.610397 0.158777 0.0488692
794 0.610397 0.169669 0.0467346
795 0.610397 0.15811 0.0474287
796 0.610397 0.173782 0.0491355
797 0.610397 0.18273 0.0535903
798 0.610397 0.18566 0.0491243
799 0.610397 0.171512 0.0508332
800 0.610397 0.167763 0.051268
801 0.610397 0.197462 0.0568322
802 0.610397 0.186808 0.0554869
803 0.610397 0.167651 0.048439
804 0.610397 0.186519 0.0511019
805 0.610397 0.17626 0.0494285
806 0.610397 0.172753 0.0498401
807 0.610397 0.189284 0.0545073
808 0.610397 0.182076 0.0541207
809 0.610397 0.170745 0.0547336
810 0.610397 0.179598 0.0533101
811 0.610397 0.177744 0.0530259
812 0.610397 0.187112 0.056395
813 0.610397 0.187969 0.0505923
814 0.610397 0.175814 0.0467559
815 0.610397 0.180346 0.0516599
816 0.610397 0.191022 0.0524908
817 0.610397 0.170968 0.0499578
818 0.610397 0.187223 0.0542317
819 0.610397 0.157609 0.048184
820 0.610397 0.192877 0.0599723
821 0.610397 0.19481 0.0573596
822 0.610397 0.162764 0.0497452
823 0.610397 0.159306 0.0474255
824 0.610397 0.173872 0.0505202
825 0.610397 0.167349 0.0486006
826 0.610397 0.175509 0.0509124
827 0.610397 0.184615 0.0534114
828 0.610397 0.201696 0.0568979
829 0.610397 0.191668 0.058148
830 0.610397 0.199679 0.0533711
831 0.610397 0.175418 0.0500647
832 0.610397 0.201982 0.0571717
833 0.610397 0.211674 0.0595565
834 0.610397 0.188925 0.0548619
835 0.610397 0.168724 0.0560775
836 0.610397 0.177663 0.0551112
837 0.610397 0.188843 0.0560556
838 0.610397 0.20005 0.0536523
839 0.610397 0.187206 0.0534109
840 0.610397 0.183214 0.0509112
841 0.610397 0.199477 0.0505765
842 0.610397 0.199068 0.0546224
843 0.610397 0.169417 0.0492886
844 0.610397 0.191388 0.0517854
845 0.610397 0.174926 0.0530243
846 0.610397 0.190932 0.0568216
847 0.610397 0.177069 0.0481927
848 0.610397 0.178729 0.0507898
849 0.610397 0.216041 0.0534637
850 0.610397 0.212328 0.0545037
851 0.610397 0.191876 0.0516355
852 0.610397 0.214638 0.0533068
853 0.613136 0.176325 0.0546125
854 0.613136 0.174558 0.052456
855 0.613136 0.163004 0.0520809
856 0.613136 0.171137 0.0500116
857 0.613136 0.175392 0.0511487
858 0.613136 0.186408 0.0533971
859 0.613136 0.174157 0.053774
860 0.613136 0.175091 0.0512661
861 0.613136 0.194408 0.0497168
862 0.613136 0.185846 0.0524794
863 0.613136 0.199707 0.0492743
864 0.613136 0.169552 0.0535385
865 0.613136 0.171538 0.0507076
866 0.613136 0.195429 0.0510558
867 0.613136 0.175732 0.0528328
868 0.613136 0.206833 0.0554237
869 0.613136 0.161353 0.047726
870 0.613136 0.140119 0.0417871
871 0.613136 0.185228 0.051184
872 0.613136 0.179466 0.0478619
873 0.613136 0.175049 0.0499637
874 0.613136 0.169067 0.051248
875 0.613136 0.179991 0.0544405
876 0.613136 0.162282 0.0491668
877 0.613136 0.193977 0.0526505
878 0.613136 0.180307 0.0536454
879 0.613136 0.167782 0.0517668
880 0.613136 0.215276 0.0548582
881 0.613136 0.209517 0.0526934
882 0.613136 0.166937 0.0500021
883 0.613136 0.159348 0.0515525
884 0.613136 0.154956 0.0515018
885 0.613136 0.175825 0.049321
886 0.613136 0.18746 0.0531032
887 0.613136 0.165046 0.0474871
888 0.613136 0.143584 0.0474454
889 0.613136 0.142243 0.0472079
890 0.613136 0.153129 0.048
891 0.613136 0.168799 0.0488345
892 0.613136 0.17747 0.0501122
893 0.613136 0.150609 0.0514401
894 0.613136 0.138891 0.0513249
895 0.613136 0.144582 0.0461378
896 0.613136 0.153005 0.0509522
897 0.613136 0.166297 0.0520216
898 0.613136 0.171995 0.0552123
899 0.613136 0.157255 0.0519155
900 0.613136 0.137898 0.0485358
901 0.613136 0.165227 0.0484491
902 0.613136 0.197504 0.0560437
903 0.613136 0.193994 0.0556514
904 0.613136 0.174804 0.0496247
905 0.613136 0.177275 0.0515095
906 0.613136 0.162518 0.0533007
907 0.613136 0.164492 0.0523994
908 0.613136 0.184368 0.0508527
909 0.613136 0.164006 0.0514597
910 0.613136 0.19114 0.0540245
911 0.613136 0.193219 0.0490389
912 0.613136 0.191851 0.052754
913 0.613136 0.205477 0.0593444
914 0.613136 0.212865 0.0508897
915 0.613136 0.191814 0.0573809
916 0.613136 0.172726 0.0527509
917 0.613136 0.176294 0.0508781
918 0.613136 0.174198 0.0507309
919 0.613136 0.177206 0.0518826
920 0.613136 0.16033 0.0504434
921 0.613136 0.142931 0.0475589
922 0.613136 0.14889 0.048821
923 0.613136 0.172037 0.0515646
924 0.613136 0.165761 0.0502704
925 0.613136 0.174728 0.0564509
926 0.613136 0.177596 0.0511021
927 0.613136 0.163427 0.0449161
928 0.613136 0.193211 0.0558001
929 0.613136 0.202544 0.0539726
930 0.613136 0.227169 0.0531995
931 0.613136 0.185677 0.048154
932 0.613136 0.209895 0.0550013
933 0.613136 0.186662 0.0519652
934 0.613136 0.196477 0.053751
935 0.613136 0.179496 0.0497436
936 0.613136 0.174054 0.0492759
937 0.613136 0.180367 0.0519428
938 0.613136 0.179427 0.0524471
939 0.613136 0.178887 0.0539767
940 0.613136 0.153461 0.0447979
941 0.613136 0.143833 0.0458546
942 0.613136 0.164666 0.0535407
943 0.613136 0.161868 0.0538237
944 0.613136 0.16155 0.046259
945 0.613136 0.18854 0.0565999
946 0.613136 0.16879 0.051762
947 0.613136 0.155633 0.0483397
948 0.613136 0.182177 0.0523037
949 0.613136 0.209133 0.0564193
950 0.613136 0.188427 0.0537932
951 0.613136 0.166649 0.0493059
952 0.613136 0.164541 0.0505416
953 0.613136 0.179097 0.0512591
954 0.613136 0.173928 0.0500643
955 0.613136 0.174852 0.0550846
956 0.613136 0.187931 0.0590312
957 0.613136 0.173663 0.0529399
958 0.613136 0.149716 0.0532448
959 0.613136 0.174006 0.0524066
960 0.613899 0.179229 0.0554959
961 0.613899 0.146466 0.0439266
962 0.613899 0.165933 0.0492785
963 0.613899 0.148547 0.0481422
964 0.613899 0.164539 0.0534184
965 0.613899 0.171469 0.0567969
966 0.613899 0.156821 0.0523298
967 0.615293 0.155675 0.0498315
968 0.615293 0.173971 0.0528749
969 0.615293 0.172444 0.0553639
970 0.615293 0.171716 0.0549269
971 0.615293 0.139197 0.0487752
972 0.615293 0.174336 0.0542132
973 0.615293 0.167654 0.0529084
974 0.615293 0.163636 0.0570407
975 0.615293 0.152718 0.0545292
976 0.615293 0.159703 0.0512627
977 0.615293 0.161524 0.050026
978 0.615293 0.158966 0.0497399
979 0.615293 0.160809 0.0464441
980 0.615293 0.168183 0.0514485
981 0.615293 0.154664 0.048036
982 0.615293 0.180736 0.0519946
983 0.615293 0.171317 0.0547632
984 0.615293 0.139247 0.0479405
985 0.615293 0.143673 0.0475249
986 0.615293 0.142379 0.0482586
987 0.615293 0.149274 0.0509145
988 0.615293 0.161169 0.056663
989 0.615293 0.150162 0.0500291
990 0.615293 0.142313 0.051118
991 0.615293 0.147051 0.0516576
992 0.615293 0.163064 0.0533874
993 0.615293 0.134411 0.0478787
994 0.615293 0.135768 0.0480755
995 0.615293 0.17026 0.0533183
996 0.615293 0.166309 0.0531964
997 0.615293 0.172029 0.0499024
998 0.615293 0.173082 0.0527214
999 0.615293 0.163708 0.0507203
1000 0.615293 0.17924 0.0487305
