0 0.125264 0.059073 0.00390862
1 0.12527 0.0666071 0.00390578
2 0.12527 0.0715684 0.00384602
3 0.12527 0.0739828 0.00380641
4 0.125309 0.0776809 0.00371579
5 0.125309 0.0776801 0.00371671
6 0.125315 0.0751526 0.0037895
7 0.125315 0.0840828 0.00346372
8 0.125339 0.0926656 0.0030375
9 0.125589 0.0856091 0.00337726
10 0.126073 0.0902558 0.00316924
11 0.126073 0.0927005 0.00303354
12 0.126073 0.0915113 0.00309696
13 0.126073 0.0940606 0.00293441
14 0.126073 0.0953384 0.00284249
15 0.408844 0.0985673 0.00375191
16 0.408844 0.108783 0.0035872
17 0.408844 0.114487 0.00489741
18 0.408844 0.111141 0.00524619
19 0.408844 0.114887 0.0060245
20 0.412938 0.119819 0.00897713
21 0.500528 0.143282 0.0136917
21 0.508846 0.0579612 0.018582
22 0.508846 0.0673433 0.0205847
23 0.508846 0.0540965 0.0178556
24 0.508846 0.0651678 0.0212706
25 0.508846 0.0746884 0.0252987
26 0.536159 0.0789647 0.0272147
27 0.536159 0.068447 0.0256294
28 0.536159 0.0649338 0.0249935
29 0.543261 0.0780755 0.0276058
30 0.543261 0.094852 0.0308578
31 0.57572 0.10787 0.0359874
32 0.57572 0.121958 0.0405908
33 0.57572 0.11003 0.0361548
34 0.57572 0.134848 0.0412568
35 0.57572 0.135953 0.0445667
36 0.57572 0.135832 0.0410132
37 0.57572 0.148572 0.0459692
38 0.57572 0.147646 0.0460697
39 0.57572 0.149638 0.0448799
40 0.580974 0.166677 0.0484542
41 0.580974 0.157175 0.0457747
42 0.583985 0.174371 0.0491059
43 0.583985 0.178236 0.0475482
44 0.583985 0.189361 0.0476178
45 0.583985 0.183844 0.0527417
46 0.583985 0.183478 0.0487554
47 0.583985 0.188977 0.048832
48 0.592145 0.194623 0.0540826
49 0.592145 0.177567 0.0542761
50 0.592145 0.195173 0.0519239
51 0.592145 0.191334 0.0490815
52 0.592145 0.220887 0.051544
53 0.592145 0.219032 0.0510265
54 0.603312 0.216917 0.0534883
55 0.603312 0.177949 0.0445657
56 0.603312 0.216196 0.0536528
57 0.603312 0.216749 0.0515438
58 0.603312 0.211363 0.0516799
59 0.603312 0.232195 0.0529586
60 0.603312 0.217451 0.0572982
61 0.603312 0.194161 0.0525919
62 0.603312 0.201522 0.0501958
63 0.603312 0.209411 0.0553293
64 0.603312 0.243181 0.0576552
65 0.603312 0.234706 0.0547221
66 0.603312 0.212085 0.0518998
67 0.603312 0.228712 0.057943
68 0.603312 0.230735 0.0556544
69 0.603312 0.233823 0.0512784
70 0.603312 0.220571 0.0523065
71 0.603312 0.213097 0.0541367
72 0.603312 0.21679 0.0551808
73 0.603312 0.206641 0.055568
74 0.603312 0.215868 0.0564548
75 0.603312 0.210877 0.0517915
76 0.603312 0.198385 0.0531723
77 0.603312 0.188236 0.0517495
78 0.603312 0.207185 0.0559389
79 0.603312 0.201572 0.0554555
80 0.603312 0.214562 0.0546672
81 0.603312 0.209889 0.0521068
82 0.603312 0.184663 0.0529547
83 0.603312 0.196151 0.0507503
84 0.603312 0.213643 0.0549459
85 0.603312 0.230668 0.0537094
86 0.603312 0.22857 0.0537413
87 0.603312 0.217571 0.053673
88 0.603312 0.220502 0.0549884
89 0.603312 0.242267 0.0561824
90 0.603312 0.263071 0.0543392
91 0.603312 0.256046 0.0548942
92 0.603312 0.239178 0.0538126
93 0.603312 0.239468 0.0509623
94 0.603312 0.25625 0.0544114
95 0.603312 0.240268 0.0553131
96 0.603312 0.218885 0.0572594
97 0.603312 0.222579 0.0561783
98 0.603312 0.233623 0.0558556
99 0.603312 0.240646 0.0589827
100 0.603312 0.24497 0.0584526
101 0.603312 0.273729 0.055446
102 0.603312 0.242453 0.0542782
103 0.603312 0.255404 0.0557445
104 0.603312 0.221382 0.0518319
105 0.603312 0.23593 0.0506121
106 0.603312 0.249947 0.0552671
107 0.603312 0.231456 0.0538437
108 0.603312 0.203111 0.0515286
109 0.603312 0.200262 0.0543215
110 0.603312 0.195602 0.0527934
111 0.603312 0.200378 0.0539054
112 0.603312 0.192797 0.0545225
113 0.603312 0.222693 0.0587836
114 0.603312 0.236243 0.0569976
115 0.603312 0.206514 0.0553214
116 0.603312 0.199935 0.0558139
117 0.603312 0.219472 0.0559007
118 0.603312 0.230398 0.0578675
119 0.603312 0.225418 0.0591924
120 0.603312 0.243963 0.0576251
121 0.603312 0.236633 0.0575067
122 0.603312 0.241214 0.0588356
123 0.603312 0.261075 0.0562592
124 0.603312 0.282513 0.0551299
125 0.603312 0.240752 0.0569233
126 0.603312 0.219332 0.0532451
127 0.603312 0.238202 0.0603795
128 0.603312 0.241541 0.0601815
129 0.603312 0.258388 0.0562638
130 0.603312 0.246179 0.0531987
131 0.603312 0.228878 0.0528595
132 0.603312 0.24852 0.0582692
133 0.603312 0.264542 0.0539538
134 0.603312 0.235731 0.0542997
135 0.603312 0.220098 0.0599587
136 0.603312 0.209963 0.0542816
137 0.603312 0.2324 0.0611202
138 0.603312 0.239177 0.057332
139 0.603312 0.219197 0.0590632
140 0.603312 0.206519 0.0544668
141 0.603312 0.22156 0.0567433
142 0.603312 0.243838 0.0602807
143 0.603312 0.222385 0.0528952
144 0.603312 0.215231 0.056148
145 0.603312 0.187334 0.0573766
146 0.603312 0.193921 0.0559452
147 0.603312 0.194385 0.0572715
148 0.603312 0.219219 0.0606629
149 0.603312 0.209265 0.0538728
150 0.603312 0.207573 0.0569885
151 0.603312 0.21888 0.0572315
152 0.603312 0.217279 0.0583369
153 0.603312 0.225598 0.0600229
154 0.603312 0.215778 0.0603294
155 0.603312 0.217605 0.0605528
156 0.603312 0.208069 0.062708
157 0.603312 0.22445 0.0603795
158 0.603312 0.209059 0.0551346
159 0.603312 0.201013 0.0556417
160 0.603312 0.202595 0.0546972
161 0.604572 0.211207 0.055168
162 0.604572 0.204767 0.054834
163 0.604572 0.228743 0.0569242
164 0.604572 0.230024 0.0570949
165 0.604572 0.206252 0.0578833
166 0.604572 0.21603 0.0570646
167 0.604572 0.227863 0.0557283
168 0.604572 0.236529 0.0507995
169 0.604572 0.219084 0.0497164
170 0.604572 0.220216 0.0504391
171 0.604572 0.243974 0.0571646
172 0.604572 0.239538 0.0566244
173 0.604572 0.235955 0.0518705
174 0.604572 0.22315 0.0530979
175 0.604572 0.225038 0.0579343
176 0.604572 0.239022 0.0568761
177 0.604572 0.225708 0.0538657
178 0.604572 0.247506 0.05545
179 0.604572 0.224367 0.0555947
180 0.604572 0.215904 0.0519066
181 0.604572 0.215454 0.0542137
182 0.604572 0.19396 0.0558187
183 0.604572 0.192908 0.0560288
184 0.604572 0.19672 0.056244
185 0.604572 0.200042 0.0525457
186 0.604572 0.210269 0.0523737
187 0.604572 0.227309 0.0539976
188 0.604572 0.235643 0.0564547
189 0.604572 0.280954 0.0538926
190 0.604572 0.241605 0.0579701
191 0.604572 0.242718 0.0597437
192 0.604572 0.244518 0.055404
193 0.604572 0.244655 0.0556148
194 0.604572 0.245803 0.0577894
195 0.604572 0.222474 0.0518817
196 0.604572 0.222326 0.0557659
197 0.604572 0.202666 0.0537285
198 0.605983 0.191326 0.0517087
199 0.605983 0.225037 0.0554407
200 0.605983 0.246359 0.0577599
201 0.605983 0.232518 0.0572591
202 0.605983 0.215142 0.0571033
203 0.605983 0.211397 0.0563442
204 0.605983 0.208539 0.057352
205 0.605983 0.231931 0.0598489
206 0.605983 0.244336 0.0583362
207 0.605983 0.212571 0.0519671
208 0.605983 0.214419 0.0558876
209 0.605983 0.193099 0.0589551
210 0.605983 0.178478 0.0550609
211 0.605983 0.193627 0.0527484
212 0.605983 0.221914 0.0582748
213 0.605983 0.230991 0.052282
214 0.605983 0.239154 0.053663
215 0.605983 0.198364 0.0573224
216 0.605983 0.191949 0.0547836
217 0.605983 0.194998 0.054454
218 0.605983 0.172987 0.0553471
219 0.605983 0.18181 0.0593077
220 0.605983 0.197327 0.0598008
221 0.605983 0.204841 0.0580488
222 0.605983 0.205946 0.0575644
223 0.605983 0.208653 0.0624838
224 0.605983 0.211599 0.0599519
225 0.605983 0.228618 0.0588586
226 0.605983 0.254543 0.0570204
227 0.605983 0.257323 0.0594255
228 0.605983 0.231786 0.0571006
229 0.605983 0.237131 0.0599884
230 0.605983 0.203613 0.0580028
231 0.605983 0.227063 0.0572645
232 0.605983 0.240272 0.0583725
233 0.605983 0.210074 0.0572316
234 0.605983 0.221554 0.0563156
235 0.605983 0.213318 0.0537035
236 0.605983 0.231767 0.0555924
237 0.605983 0.218337 0.0589691
238 0.605983 0.239511 0.0615449
239 0.605983 0.237824 0.0563098
240 0.605983 0.242635 0.0573601
241 0.608903 0.250252 0.059096
242 0.608903 0.264146 0.05743
243 0.608903 0.23116 0.0601133
244 0.608903 0.222518 0.0611688
245 0.609841 0.249457 0.0628608
246 0.609924 0.244208 0.0568934
247 0.609924 0.241034 0.0564842
248 0.609924 0.242709 0.0604337
249 0.609924 0.236631 0.0591663
250 0.609924 0.234863 0.0560497
251 0.609924 0.209784 0.0558376
252 0.609924 0.240617 0.0589249
253 0.609924 0.237391 0.0540644
254 0.609924 0.212202 0.0523856
255 0.609924 0.211219 0.0531086
256 0.609924 0.193637 0.0558164
257 0.609924 0.233315 0.0624336
258 0.609924 0.225115 0.0586107
259 0.609924 0.242154 0.0619961
260 0.609924 0.254561 0.0589743
261 0.609924 0.280547 0.0518622
262 0.609924 0.257633 0.0589087
263 0.609924 0.236217 0.0622125
264 0.609924 0.237615 0.0597755
265 0.609924 0.224693 0.0559422
266 0.609924 0.234868 0.0586999
267 0.609924 0.235034 0.0544805
268 0.609924 0.223055 0.0590444
269 0.609924 0.251153 0.0562054
270 0.609924 0.236738 0.0614094
271 0.609924 0.239753 0.059685
272 0.609924 0.193166 0.0610985
273 0.609924 0.207181 0.0618949
274 0.609924 0.230136 0.0626947
275 0.609924 0.233797 0.0576399
276 0.609924 0.212114 0.0540228
277 0.609924 0.247594 0.0604831
278 0.609924 0.259576 0.054843
279 0.609924 0.242241 0.0563029
280 0.609924 0.25988 0.0578797
281 0.609924 0.233401 0.0592433
282 0.609924 0.209877 0.0534058
283 0.609924 0.199375 0.0573276
284 0.609924 0.192378 0.0493512
285 0.609924 0.226134 0.0565613
286 0.609924 0.212387 0.0578368
287 0.609924 0.199065 0.0564485
288 0.609924 0.231118 0.0567873
289 0.609924 0.241842 0.0566529
290 0.609924 0.230385 0.0569757
291 0.609924 0.199085 0.0584041
292 0.609924 0.20224 0.0563542
293 0.609924 0.213687 0.0587633
294 0.609924 0.184039 0.0553006
295 0.609924 0.181765 0.0561977
296 0.610092 0.217859 0.0624545
297 0.610092 0.230484 0.0583227
298 0.610092 0.219584 0.0573394
299 0.610092 0.207146 0.0564095
300 0.610092 0.209208 0.0564553
301 0.610092 0.208309 0.0585115
302 0.610092 0.213426 0.0553427
303 0.610092 0.19595 0.0551284
304 0.610092 0.225054 0.0541087
305 0.610092 0.215026 0.0540377
306 0.610092 0.197578 0.0518392
307 0.610092 0.186126 0.0495568
308 0.610092 0.175861 0.0468193
309 0.610092 0.160349 0.0476357
310 0.610092 0.191103 0.0527642
311 0.610092 0.195341 0.0519723
312 0.610092 0.220396 0.054321
313 0.610092 0.225917 0.0526267
314 0.610092 0.221063 0.052642
315 0.610092 0.222706 0.0568954
316 0.610092 0.230856 0.0606838
317 0.610092 0.220595 0.057825
318 0.610092 0.245154 0.0587451
319 0.610092 0.215658 0.0558248
320 0.610092 0.185842 0.0530246
321 0.610092 0.204138 0.0553877
322 0.610092 0.230548 0.0588024
323 0.610092 0.2171 0.0582145
324 0.610092 0.240496 0.0593162
325 0.610092 0.219657 0.0598708
326 0.610092 0.183715 0.0510833
327 0.610092 0.182655 0.0534806
328 0.610092 0.190531 0.0531864
329 0.610092 0.204765 0.057018
330 0.610092 0.185724 0.0595622
331 0.610092 0.200899 0.0611605
332 0.610092 0.20014 0.057647
333 0.610092 0.232749 0.0608476
334 0.610092 0.228125 0.0576452
335 0.610092 0.223655 0.0584527
336 0.610092 0.222617 0.0563636
337 0.610092 0.194352 0.052792
338 0.610092 0.21771 0.0563351
339 0.610092 0.232649 0.0589141
340 0.610092 0.220193 0.0544448
341 0.610092 0.212329 0.055867
342 0.610092 0.209235 0.0568438
343 0.610092 0.226721 0.0576837
344 0.610092 0.230784 0.0508794
345 0.610092 0.234188 0.0531891
346 0.610092 0.207413 0.0562574
347 0.610092 0.208457 0.0582049
348 0.610092 0.198536 0.052291
349 0.610092 0.204818 0.0535933
350 0.610092 0.228398 0.0563373
351 0.610092 0.20893 0.0591686
352 0.610092 0.234248 0.0593552
353 0.610092 0.214036 0.0585097
354 0.610092 0.261747 0.0544971
355 0.610092 0.252601 0.0599745
356 0.610092 0.265048 0.0562515
357 0.610092 0.261613 0.0521014
358 0.610092 0.291406 0.0532922
359 0.610092 0.257649 0.0579911
360 0.610092 0.249461 0.0590542
361 0.610092 0.236879 0.0624348
362 0.610092 0.23848 0.0610634
363 0.610092 0.249229 0.059918
364 0.610092 0.250728 0.0578989
365 0.610092 0.251549 0.0531427
366 0.610092 0.22299 0.0554575
367 0.610092 0.232895 0.0599053
368 0.610092 0.227722 0.0573915
369 0.610092 0.196396 0.0581465
370 0.610092 0.20532 0.0603262
371 0.610092 0.210074 0.0588861
372 0.610092 0.213108 0.0576884
373 0.610092 0.231534 0.0613134
374 0.610092 0.230282 0.0599146
375 0.610092 0.231013 0.0617753
376 0.610092 0.229629 0.0583518
377 0.610092 0.213079 0.0603152
378 0.610092 0.203929 0.0578077
379 0.610092 0.215575 0.0580399
380 0.610092 0.198784 0.0521121
381 0.610092 0.200483 0.0526798
382 0.610092 0.205906 0.0551823
383 0.610092 0.24541 0.0573002
384 0.610092 0.202539 0.0520551
385 0.610092 0.1949 0.0514455
386 0.610092 0.213484 0.0545186
387 0.610092 0.218948 0.0540344
388 0.610092 0.207042 0.0549298
389 0.610092 0.22069 0.0577721
390 0.610092 0.234226 0.0585159
391 0.610092 0.225594 0.0569649
392 0.610092 0.213532 0.0560026
393 0.610092 0.215052 0.0571998
394 0.610092 0.236269 0.0526172
395 0.610092 0.258296 0.0548535
396 0.610092 0.29419 0.0545965
397 0.610092 0.266941 0.0536715
398 0.610092 0.255761 0.0565667
399 0.610092 0.234079 0.0546599
400 0.610092 0.243164 0.053866
401 0.610092 0.265536 0.0548483
402 0.610092 0.243858 0.056822
403 0.610092 0.22402 0.0573877
404 0.610092 0.238097 0.0568475
405 0.610092 0.241664 0.0627886
406 0.610092 0.221576 0.0580702
407 0.610092 0.218838 0.0577322
408 0.610092 0.241017 0.065619
409 0.610092 0.231938 0.0607441
410 0.610092 0.238661 0.0589964
411 0.610092 0.220551 0.0549413
412 0.610092 0.220189 0.0534271
413 0.610092 0.215475 0.0530805
414 0.610092 0.227279 0.0531922
415 0.610092 0.242732 0.0525162
416 0.610092 0.2268 0.0560557
417 0.610092 0.228972 0.0521461
418 0.610092 0.213068 0.0534554
419 0.610092 0.214873 0.0551118
420 0.610092 0.224331 0.0559842
421 0.610092 0.222335 0.0595057
422 0.610092 0.231369 0.0579766
423 0.610092 0.27187 0.051876
424 0.610092 0.239761 0.0494076
425 0.610092 0.25021 0.0538498
426 0.610092 0.258071 0.0606699
427 0.610092 0.20199 0.0554199
428 0.610092 0.217318 0.0549034
429 0.610092 0.209259 0.0554421
430 0.610092 0.203511 0.0556889
431 0.610092 0.212275 0.0567613
432 0.610092 0.247303 0.0592332
433 0.610092 0.222483 0.058662
434 0.610092 0.241289 0.0572148
435 0.610092 0.241806 0.0518577
436 0.610092 0.256916 0.0562827
437 0.610092 0.222594 0.0520938
438 0.610092 0.230665 0.0543038
439 0.610092 0.217412 0.0585219
440 0.610092 0.215771 0.057674
441 0.610092 0.202798 0.0618657
442 0.610092 0.168397 0.0553673
443 0.610092 0.193513 0.0579963
444 0.610092 0.224854 0.054741
445 0.610092 0.195916 0.0528067
446 0.610092 0.221497 0.063458
447 0.610092 0.238614 0.0588503
448 0.610092 0.244086 0.0525782
449 0.610092 0.222525 0.0543692
450 0.610092 0.213912 0.0546199
451 0.610092 0.218044 0.0576797
452 0.610092 0.212054 0.0551491
453 0.610092 0.205258 0.0563249
454 0.610092 0.198984 0.0549263
455 0.610092 0.214283 0.0549174
456 0.610092 0.210121 0.0560208
457 0.610092 0.201681 0.0562999
458 0.610092 0.196171 0.0578528
459 0.610092 0.200713 0.0573177
460 0.610092 0.206348 0.0591277
461 0.610092 0.21019 0.0557367
462 0.610092 0.209273 0.0526125
463 0.610426 0.220593 0.058251
464 0.610426 0.213381 0.0543474
465 0.610426 0.214728 0.0565259
466 0.610426 0.229307 0.0574427
467 0.610426 0.232598 0.0572982
468 0.610426 0.223759 0.0582104
469 0.610426 0.225564 0.0554038
470 0.610426 0.205789 0.0524524
471 0.610426 0.209985 0.0545793
472 0.610426 0.216381 0.0514157
473 0.610426 0.217443 0.0555815
474 0.610426 0.194956 0.0591797
475 0.610426 0.199223 0.0543418
476 0.610426 0.207528 0.0554461
477 0.610426 0.207741 0.0636992
478 0.610426 0.1877 0.0613378
479 0.610426 0.210737 0.0584168
480 0.610426 0.221295 0.055385
481 0.610426 0.233501 0.057647
482 0.610426 0.24438 0.0554492
483 0.610426 0.268645 0.0572824
484 0.610426 0.215743 0.0592918
485 0.610426 0.247715 0.0593743
486 0.610426 0.225736 0.0602222
487 0.610426 0.22745 0.0634668
488 0.610426 0.180033 0.0564449
489 0.610426 0.185495 0.0522094
490 0.610426 0.201688 0.0581228
491 0.610426 0.214239 0.0622092
492 0.610426 0.208274 0.0635012
493 0.610426 0.207642 0.0542732
494 0.610426 0.1957 0.056277
495 0.610426 0.188808 0.0560138
496 0.610426 0.200738 0.0568609
497 0.610426 0.218682 0.0566632
498 0.610426 0.210566 0.0596863
499 0.610426 0.233357 0.0571343
500 0.610426 0.221222 0.0563004
501 0.610426 0.210356 0.0542865
502 0.610426 0.213923 0.0568234
503 0.610426 0.199929 0.0526998
504 0.610426 0.206886 0.0537
505 0.610426 0.214406 0.0552831
506 0.610426 0.199422 0.0527435
507 0.610426 0.21351 0.0615146
508 0.610426 0.186409 0.0547176
509 0.610426 0.198385 0.0535028
510 0.610426 0.232397 0.0569313
511 0.610426 0.26272 0.0584074
512 0.610426 0.248872 0.0605411
513 0.610426 0.225894 0.0631623
514 0.610426 0.231864 0.0604044
515 0.610426 0.184581 0.061248
516 0.610426 0.211274 0.0580538
517 0.610426 0.185324 0.0528964
518 0.610426 0.189893 0.0583391
519 0.610426 0.192102 0.0575297
520 0.610426 0.212126 0.0574397
521 0.610426 0.195657 0.0540677
522 0.610426 0.19743 0.0578965
523 0.610426 0.234296 0.0614385
524 0.610426 0.19582 0.0580534
525 0.610426 0.195026 0.0540698
526 0.610426 0.194829 0.0567088
527 0.610426 0.213888 0.0540955
528 0.610426 0.194197 0.0557938
529 0.610426 0.194534 0.0531416
530 0.610426 0.219644 0.0624284
531 0.610426 0.210712 0.0592228
532 0.610426 0.200125 0.0593291
533 0.610426 0.213021 0.0578383
534 0.610426 0.19185 0.0581408
535 0.610426 0.230486 0.0594094
536 0.610426 0.219683 0.053775
537 0.610426 0.239887 0.0558002
538 0.610426 0.196273 0.0541868
539 0.610426 0.240035 0.0556283
540 0.610426 0.223433 0.0573787
541 0.610426 0.240152 0.056832
542 0.610426 0.236602 0.0588773
543 0.610426 0.241521 0.0596542
544 0.610426 0.252043 0.0598424
545 0.610426 0.244069 0.0568984
546 0.610426 0.263698 0.0563596
547 0.610426 0.217925 0.0591166
548 0.610765 0.218791 0.0577934
549 0.610765 0.234271 0.0629962
550 0.610765 0.233618 0.0607306
551 0.610765 0.22221 0.0596782
552 0.610765 0.217817 0.0573811
553 0.610765 0.252079 0.0575323
554 0.610765 0.252326 0.0577453
555 0.610765 0.216441 0.0529266
556 0.610765 0.247207 0.0562965
557 0.610765 0.259964 0.0574844
558 0.610765 0.261238 0.0566103
559 0.610765 0.229336 0.0590295
560 0.610765 0.2143 0.0493804
561 0.610765 0.223983 0.054975
562 0.610765 0.25473 0.0589634
563 0.610765 0.240404 0.056137
564 0.610765 0.242118 0.0558577
565 0.610765 0.238269 0.0550312
566 0.610765 0.24833 0.0568192
567 0.610765 0.201847 0.0570366
568 0.610765 0.225505 0.0596322
569 0.610765 0.200851 0.0518123
570 0.610765 0.203667 0.0543381
571 0.610765 0.223711 0.0545928
572 0.610765 0.229788 0.0556422
573 0.610765 0.209296 0.0533715
574 0.610765 0.229081 0.0567583
575 0.610765 0.234017 0.0593801
576 0.610765 0.202071 0.0539018
577 0.610765 0.211004 0.0597733
578 0.610765 0.211328 0.0574553
579 0.610765 0.198128 0.0585443
580 0.610765 0.241894 0.0620531
581 0.610765 0.221604 0.0550744
582 0.610765 0.204479 0.0520508
583 0.610765 0.230445 0.0592591
584 0.610765 0.267995 0.0586897
585 0.610765 0.238915 0.0543727
586 0.610765 0.208685 0.0583633
587 0.610765 0.232212 0.0627191
588 0.610765 0.23602 0.0617865
589 0.610765 0.239288 0.0602823
590 0.610765 0.229799 0.0563326
591 0.610765 0.259262 0.0605325
592 0.610765 0.25678 0.0577399
593 0.610765 0.265732 0.0588271
594 0.610765 0.24123 0.0572539
595 0.610765 0.233806 0.0550827
596 0.610765 0.247469 0.058957
597 0.610765 0.259301 0.0578092
598 0.610765 0.247527 0.0575308
599 0.610765 0.255074 0.0605965
600 0.610765 0.255197 0.0636947
601 0.610765 0.217974 0.058185
602 0.610765 0.238257 0.0543064
603 0.610765 0.243535 0.0524463
604 0.610765 0.224344 0.0551509
605 0.610765 0.234248 0.0519965
606 0.610765 0.23101 0.0531707
607 0.610765 0.243762 0.0600186
608 0.610765 0.226753 0.0611477
609 0.610765 0.208932 0.0523859
610 0.610765 0.201842 0.0545141
611 0.610765 0.267673 0.059921
612 0.610765 0.2408 0.0604577
613 0.610765 0.213537 0.0661798
614 0.610765 0.245932 0.0619454
615 0.610765 0.253173 0.0605066
616 0.610765 0.241294 0.0602969
617 0.610765 0.191389 0.0526926
618 0.610765 0.224723 0.0596004
619 0.610765 0.247413 0.0585473
620 0.610765 0.226342 0.0562833
621 0.610765 0.220887 0.0562166
622 0.610765 0.210211 0.0598184
623 0.610765 0.225977 0.0612875
624 0.610765 0.209163 0.0545188
625 0.610765 0.216507 0.0586455
626 0.610765 0.234362 0.0585741
627 0.610765 0.278782 0.0550522
628 0.610765 0.243302 0.0574928
629 0.610765 0.228081 0.0615956
630 0.610765 0.213066 0.0553851
631 0.610765 0.253495 0.0589397
632 0.610765 0.232365 0.0599242
633 0.610765 0.215721 0.0580584
634 0.610765 0.209977 0.0571853
635 0.610765 0.195207 0.0568788
636 0.610765 0.218399 0.0529465
637 0.610765 0.252022 0.0592561
638 0.610765 0.271853 0.0606936
639 0.610765 0.256469 0.0591753
640 0.610765 0.237022 0.054062
641 0.610765 0.240858 0.0567943
642 0.610765 0.225326 0.058926
643 0.610765 0.228355 0.058029
644 0.610765 0.21329 0.0553232
645 0.610765 0.194495 0.0569588
646 0.610765 0.190424 0.0528491
647 0.610765 0.171948 0.0497555
648 0.610765 0.197659 0.0529647
649 0.610765 0.203904 0.0544692
650 0.610765 0.192341 0.0554852
651 0.610765 0.221434 0.0588228
652 0.610765 0.226805 0.0613049
653 0.610765 0.221179 0.0582232
654 0.610765 0.185258 0.0554673
655 0.610765 0.16848 0.0525652
656 0.610765 0.193959 0.0570329
657 0.610765 0.206111 0.0582205
658 0.610765 0.204057 0.0560168
659 0.610765 0.192469 0.0571466
660 0.610765 0.187279 0.0512843
661 0.610765 0.205786 0.0561281
662 0.610765 0.216147 0.0616565
663 0.610765 0.211868 0.062945
664 0.610765 0.227004 0.0632093
665 0.610765 0.219388 0.0563755
666 0.610765 0.221523 0.0569868
667 0.610765 0.229048 0.0619066
668 0.610765 0.215581 0.051656
669 0.610765 0.232647 0.0519162
670 0.610765 0.228719 0.0555096
671 0.610765 0.214612 0.0602151
672 0.610765 0.212075 0.0549208
673 0.610765 0.233623 0.0546277
674 0.610765 0.224767 0.0539927
675 0.610765 0.234202 0.0565062
676 0.610765 0.231037 0.0629879
677 0.610765 0.192498 0.0568221
678 0.610765 0.201313 0.0581986
679 0.610765 0.216737 0.0603189
680 0.610765 0.199788 0.0599442
681 0.610765 0.205376 0.0621463
682 0.610765 0.234769 0.0612699
683 0.610765 0.236013 0.057281
684 0.610765 0.23746 0.0600642
685 0.610765 0.238078 0.0572325
686 0.610765 0.232782 0.0556959
687 0.610765 0.227991 0.0561233
688 0.610765 0.208638 0.0535413
689 0.610765 0.250668 0.0585583
690 0.610765 0.233747 0.0527039
691 0.610765 0.208076 0.056448
692 0.610765 0.222387 0.0582015
693 0.610765 0.208348 0.0596844
694 0.610765 0.205459 0.0599569
695 0.610765 0.200821 0.0576712
696 0.610765 0.206317 0.0572919
697 0.610765 0.18632 0.0510669
698 0.610765 0.191555 0.0584168
699 0.610765 0.204158 0.0589864
700 0.610765 0.228236 0.0595016
701 0.610765 0.195525 0.0519339
702 0.610765 0.22158 0.0557737
703 0.610765 0.22994 0.0569725
704 0.610765 0.231867 0.0551311
705 0.610765 0.246136 0.0514772
706 0.610765 0.272261 0.0508077
707 0.610765 0.251762 0.0556684
708 0.610765 0.241264 0.0532136
709 0.610765 0.213968 0.0568562
710 0.610765 0.224197 0.0592615
711 0.610765 0.213748 0.0584908
712 0.610765 0.214097 0.0527961
713 0.610765 0.230127 0.0593049
714 0.610765 0.229675 0.0563638
715 0.610765 0.232395 0.0610903
716 0.610765 0.230369 0.0598986
717 0.610765 0.209819 0.0551973
718 0.610765 0.183779 0.0498944
719 0.610765 0.208439 0.0562178
720 0.610765 0.222658 0.0560903
721 0.610765 0.216546 0.0600144
722 0.610765 0.22393 0.0587482
723 0.610765 0.21896 0.0564022
724 0.610765 0.214217 0.0597489
725 0.610765 0.219171 0.0646297
726 0.610765 0.209339 0.0625709
727 0.610765 0.218132 0.0573429
728 0.610765 0.204883 0.0565156
729 0.610765 0.224513 0.0543045
730 0.610765 0.224809 0.0578022
731 0.610765 0.225052 0.0583917
732 0.610765 0.241946 0.0609335
733 0.610765 0.216761 0.0555091
734 0.610765 0.212495 0.0525007
735 0.610765 0.220403 0.0599608
736 0.610765 0.214791 0.0567502
737 0.610765 0.1847 0.0557506
738 0.610765 0.199298 0.0573673
739 0.610765 0.207122 0.057099
740 0.610765 0.200237 0.0564406
741 0.610765 0.220791 0.0619716
742 0.610765 0.211352 0.0601175
743 0.610765 0.227408 0.0569931
744 0.610765 0.21934 0.0584402
745 0.610765 0.219859 0.0614038
746 0.610765 0.2044 0.0591072
747 0.610765 0.175321 0.0544841
748 0.610765 0.197028 0.0542583
749 0.610765 0.206993 0.058052
750 0.610765 0.202714 0.0583447
751 0.610765 0.193735 0.0562595
752 0.610765 0.243211 0.0529696
753 0.610765 0.250119 0.0584218
754 0.610765 0.212073 0.0589122
755 0.610765 0.213608 0.058205
756 0.610765 0.189607 0.0574336
757 0.610765 0.203688 0.0575201
758 0.610765 0.201948 0.0567293
759 0.610765 0.208679 0.0520948
760 0.610765 0.237929 0.0618149
761 0.610765 0.256204 0.0618315
762 0.610765 0.166844 0.0547718
763 0.610765 0.189853 0.0588022
764 0.610765 0.185827 0.0549992
765 0.610765 0.186904 0.0542507
766 0.610765 0.20369 0.057125
767 0.610765 0.218603 0.0578614
768 0.610765 0.175253 0.0522235
769 0.610765 0.178588 0.0558472
770 0.610765 0.182162 0.0585381
771 0.610765 0.226866 0.0638009
772 0.610765 0.22677 0.0589202
773 0.610765 0.263263 0.0563377
774 0.610765 0.242522 0.0545638
775 0.610765 0.233081 0.0509549
776 0.610765 0.223821 0.0586965
777 0.610765 0.192103 0.0557051
778 0.610765 0.215635 0.0584202
779 0.610765 0.196614 0.0543506
780 0.610765 0.213534 0.0529809
781 0.610765 0.203622 0.0547857
782 0.610765 0.172272 0.0474063
783 0.610765 0.203841 0.050724
784 0.610765 0.208086 0.0563454
785 0.610765 0.200767 0.0482894
786 0.610765 0.227897 0.0553968
787 0.610765 0.209045 0.052277
788 0.610765 0.204804 0.0548819
789 0.610765 0.191531 0.0516671
790 0.610765 0.213585 0.0614261
791 0.610765 0.222569 0.0596849
792 0.610765 0.183777 0.0565888
793 0.610765 0.213801 0.0605777
794 0.610765 0.207478 0.0617516
795 0.610765 0.217117 0.0574138
796 0.610765 0.208959 0.0593672
797 0.610765 0.218053 0.0570261
798 0.610765 0.227048 0.0573982
799 0.610765 0.21322 0.0563792
800 0.610765 0.230613 0.0591041
801 0.610765 0.234077 0.0577528
802 0.610765 0.23014 0.0611317
803 0.610765 0.215136 0.0569839
804 0.610765 0.20766 0.0542884
805 0.610765 0.201569 0.0535776
806 0.610765 0.2359 0.0517571
807 0.610765 0.206158 0.0540278
808 0.610765 0.19605 0.0532529
809 0.610765 0.203475 0.0509973
810 0.610765 0.223162 0.0562961
811 0.610765 0.202028 0.0512979
812 0.610765 0.233422 0.0553966
813 0.610765 0.250088 0.0566424
814 0.610765 0.223879 0.0572003
815 0.610765 0.244708 0.05993
816 0.610765 0.263378 0.0538855
817 0.610765 0.224301 0.0538439
818 0.610765 0.214814 0.0559572
819 0.610765 0.227616 0.0561479
820 0.610765 0.197886 0.0585481
821 0.610765 0.192607 0.0550368
822 0.610765 0.198781 0.0577363
823 0.610765 0.190683 0.0547337
824 0.610765 0.192626 0.0567404
825 0.610765 0.19489 0.0582978
826 0.610765 0.227502 0.0566055
827 0.610765 0.211162 0.0584196
828 0.610765 0.201869 0.0568329
829 0.610765 0.158305 0.0519032
830 0.610765 0.198621 0.0604821
831 0.610765 0.189629 0.0544437
832 0.610765 0.194058 0.0553757
833 0.610765 0.221137 0.05476
834 0.610765 0.21236 0.0507494
835 0.610765 0.196939 0.0553001
836 0.610765 0.188606 0.0530245
837 0.610765 0.187604 0.0546412
838 0.610765 0.20871 0.0567759
839 0.610765 0.180011 0.0527965
840 0.610765 0.193643 0.053285
841 0.610765 0.201396 0.0574706
842 0.610765 0.199784 0.0551693
843 0.610765 0.210535 0.0553818
844 0.610765 0.206241 0.0504978
845 0.610765 0.213487 0.0530606
846 0.610765 0.19635 0.0513826
847 0.610765 0.18442 0.0540642
848 0.610765 0.170472 0.0558238
849 0.610765 0.16619 0.0534474
850 0.610765 0.165304 0.0527869
851 0.610765 0.197588 0.0570135
852 0.610765 0.214966 0.0613908
853 0.610765 0.231222 0.0567249
854 0.610765 0.245325 0.0598949
855 0.610765 0.2662 0.0574176
856 0.610765 0.241478 0.0581979
857 0.610765 0.201866 0.0566051
858 0.610765 0.215425 0.0590016
859 0.610765 0.233681 0.0564815
860 0.610765 0.242405 0.0566214
861 0.610765 0.223648 0.0579215
862 0.610765 0.215278 0.058803
863 0.610765 0.196052 0.056066
864 0.610765 0.196192 0.0575647
865 0.610765 0.205239 0.058837
866 0.610765 0.182759 0.056167
867 0.610765 0.198639 0.0628197
868 0.610765 0.254865 0.0572767
869 0.610765 0.216129 0.0548133
870 0.610765 0.201605 0.0513772
871 0.610765 0.223351 0.0565695
872 0.610765 0.220058 0.0549128
873 0.610765 0.212039 0.0527882
874 0.610765 0.231544 0.0518244
875 0.610765 0.231125 0.0537393
876 0.610765 0.232434 0.0516104
877 0.610765 0.228057 0.0542445
878 0.610765 0.222756 0.050898
879 0.610765 0.205184 0.0535346
880 0.610765 0.166154 0.0495705
881 0.610765 0.164668 0.0513755
882 0.610765 0.165029 0.0523741
883 0.610765 0.169958 0.0537497
884 0.610765 0.191238 0.0568971
885 0.610765 0.207157 0.0580137
886 0.610765 0.201361 0.0562352
887 0.610765 0.210143 0.0542159
888 0.610765 0.198953 0.0549282
889 0.610765 0.218357 0.0554053
890 0.610765 0.182581 0.0530958
891 0.610765 0.188376 0.0552742
892 0.610765 0.232431 0.0619599
893 0.610765 0.225557 0.0598299
894 0.610765 0.192715 0.0538665
895 0.610765 0.215337 0.0558514
896 0.610765 0.214986 0.0548378
897 0.610765 0.234859 0.0589582
898 0.610765 0.214224 0.0553352
899 0.610765 0.230637 0.0580117
900 0.610765 0.249514 0.0552993
901 0.610765 0.23975 0.0563927
902 0.610765 0.233848 0.0544758
903 0.610765 0.212141 0.054948
904 0.610765 0.210631 0.05927
905 0.610765 0.224963 0.0613502
906 0.610765 0.219806 0.0559356
907 0.610765 0.240192 0.0579732
908 0.610765 0.223306 0.0546808
909 0.610765 0.233827 0.0584297
910 0.610765 0.225774 0.0567834
911 0.610765 0.233868 0.0587281
912 0.610765 0.21089 0.0532734
913 0.610765 0.214051 0.0541761
914 0.610765 0.204875 0.0559198
915 0.610765 0.214664 0.0530229
916 0.610765 0.212711 0.0540742
917 0.610765 0.241514 0.0613177
918 0.610765 0.232196 0.0590662
919 0.610765 0.24737 0.0596154
920 0.610765 0.211452 0.0531878
921 0.610765 0.214451 0.053002
922 0.610765 0.256532 0.0536391
923 0.610765 0.267906 0.0573207
924 0.610765 0.236304 0.0575558
925 0.610765 0.207963 0.0533375
926 0.610765 0.218024 0.0532999
927 0.610765 0.234035 0.0548825
928 0.610765 0.256917 0.0543543
929 0.610765 0.231568 0.0569189
930 0.610765 0.203665 0.0582299
931 0.610765 0.213237 0.0546904
932 0.610765 0.22713 0.0560671
933 0.610765 0.249377 0.0579917
934 0.610765 0.252566 0.0588365
935 0.610765 0.237716 0.0564439
936 0.610765 0.243945 0.0571647
937 0.610765 0.234138 0.0620741
938 0.610765 0.197637 0.0560522
939 0.610765 0.208892 0.0611979
940 0.610765 0.193994 0.0588556
941 0.610765 0.200596 0.0568206
942 0.610765 0.201533 0.0529669
943 0.610765 0.206167 0.0550694
944 0.610765 0.203406 0.0542006
945 0.610765 0.19146 0.0546467
946 0.610765 0.19891 0.0537921
947 0.610765 0.224194 0.055862
948 0.610765 0.218886 0.0596241
949 0.610765 0.218376 0.0629145
950 0.610765 0.231101 0.0616814
951 0.610765 0.215959 0.0582411
952 0.610765 0.203855 0.0548779
953 0.610765 0.220813 0.0565688
954 0.610765 0.207187 0.0593315
955 0.610765 0.222607 0.0592833
956 0.610765 0.188673 0.0540525
957 0.610765 0.16427 0.0468066
958 0.610765 0.168094 0.0501676
959 0.610765 0.207334 0.0540561
960 0.610765 0.201372 0.0539837
961 0.610765 0.193103 0.0520119
962 0.610765 0.231713 0.0575389
963 0.610765 0.240827 0.0603462
964 0.610765 0.228003 0.0566846
965 0.610765 0.218894 0.0531856
966 0.610765 0.196655 0.056389
967 0.610765 0.188681 0.0531123
968 0.610765 0.197688 0.0503624
969 0.610765 0.196671 0.0553597
970 0.610765 0.163883 0.0508245
971 0.610765 0.182555 0.0533245
972 0.610765 0.213096 0.0571717
973 0.610765 0.221246 0.054747
974 0.610765 0.209509 0.0529989
975 0.610765 0.227436 0.0589654
976 0.610765 0.223735 0.0530955
977 0.610765 0.244978 0.0552865
978 0.610765 0.257701 0.0546183
979 0.610765 0.23692 0.0548924
980 0.610765 0.246024 0.0557196
981 0.610765 0.229691 0.0524945
982 0.610765 0.240128 0.0544541
983 0.610765 0.225885 0.0567214
984 0.610765 0.231025 0.056234
985 0.610765 0.228592 0.0544715
986 0.610765 0.242792 0.0567774
987 0.610765 0.231138 0.0604286
988 0.610765 0.225265 0.0623033
989 0.610765 0.244507 0.0620636
990 0.610765 0.231728 0.0630154
991 0.610765 0.201489 0.0613446
992 0.610765 0.23983 0.0636742
993 0.610765 0.235153 0.0599251
994 0.610765 0.268541 0.057969
995 0.610765 0.237577 0.0627905
996 0.610765 0.25358 0.061795
997 0.610765 0.2338 0.058484
998 0.610765 0.217876 0.058525
999 0.610765 0.222133 0.0562696
1000 0.610765 0.197853 0.0565067
