0 0.125263 0.0625936 0.0039503
1 0.125263 0.0702516 0.003877
2 0.125263 0.0714827 0.00385504
3 0.125263 0.0788949 0.00368094
4 0.125266 0.088917 0.00321565
5 0.125267 0.0968031 0.00272975
6 0.125267 0.0922565 0.00299579
7 0.125277 0.0930742 0.00297026
8 0.125277 0.0953927 0.00283652
9 0.125277 0.0988854 0.00262115
10 0.125277 0.101888 0.00235289
11 0.125278 0.105138 0.0021249
12 0.125278 0.112631 0.00142376
13 0.125278 0.111379 0.00154872
14 0.125278 0.113887 0.00129572
15 0.125278 0.116394 0.00103001
16 0.125278 0.115136 0.00116437
17 0.125278 0.117705 0.000878117
18 0.125278 0.116426 0.00102309
19 0.125278 0.120176 0.000600951
20 0.125278 0.120145 0.000607331
21 0.125278 0.120161 0.000605076
22 0.125278 0.120176 0.000600552
23 0.125278 0.117757 0.000867695
24 0.125278 0.118977 0.000732375
25 0.125278 0.117644 0.000890538
26 0.125278 0.116394 0.00103001
27 0.125278 0.115153 0.00116325
28 0.125278 0.1127 0.00141401
29 0.125278 0.117651 0.000892441
30 0.125278 0.114191 0.00123572
31 0.125278 0.116395 0.00103004
32 0.125278 0.120155 0.000607632
33 0.125278 0.122652 0.000310118
34 0.125278 0.12391 0.000156661
35 0.125278 0.123911 0.000156665
36 0.125278 0.122657 0.000310141
37 0.125278 0.120155 0.000607239
38 0.125278 0.121407 0.000460475
39 0.125278 0.121397 0.000460403
40 0.125278 0.11646 0.00101425
41 0.125278 0.115168 0.0011585
42 0.125278 0.113894 0.0012959
43 0.125278 0.116406 0.00103023
44 0.125278 0.118897 0.000751551
45 0.125278 0.120152 0.000607608
46 0.125278 0.122669 0.000310205
47 0.125278 0.122652 0.000310118
48 0.125278 0.117687 0.000885859
49 0.125278 0.1214 0.000458427
50 0.125278 0.121399 0.000460418
51 0.125278 0.123898 0.000156631
52 0.125278 0.125155 6.6108e-09
53 0.125278 0.120184 0.000600277
54 0.125278 0.118908 0.000751681
55 0.125278 0.118898 0.000751566
56 0.125278 0.121407 0.000460479
57 0.125278 0.123904 0.000156645
58 0.125278 0.123907 0.000156652
59 0.125278 0.125149 5.2177e-09
60 0.125279 0.125154 6.51215e-09
61 0.125279 0.123904 0.000156645
62 0.125279 0.125155 6.52169e-09
63 0.125279 0.12516 6.55594e-09
64 0.242991 0.126339 0.000138847
65 0.242991 0.126679 0.000149749
66 0.242991 0.127826 0.000276169
67 0.242991 0.128098 0.00028309
68 0.243758 0.130397 0.000529912
69 0.324637 0.131493 0.00113056
70 0.397045 0.132194 0.00317955
71 0.397045 0.136591 0.00323739
72 0.42911 0.14576 0.00463746
73 0.500431 0.154885 0.00569795
73 0.49877 0.0538202 0.0114792
74 0.49877 0.0629891 0.0143397
75 0.49877 0.0791276 0.019117
76 0.49877 0.0830869 0.0219916
77 0.49877 0.0954936 0.0224206
78 0.524044 0.105283 0.0289718
79 0.524044 0.0998239 0.026607
80 0.524044 0.110528 0.0307289
81 0.582845 0.112256 0.0308703
82 0.582845 0.116445 0.0318563
83 0.582845 0.127861 0.0362381
84 0.582845 0.147234 0.0381298
85 0.582845 0.134246 0.0358331
86 0.582845 0.145303 0.038799
87 0.582845 0.146196 0.0398685
88 0.582845 0.135954 0.0361015
89 0.582845 0.131496 0.036563
90 0.598617 0.116667 0.0415414
91 0.598617 0.141749 0.0417975
92 0.598617 0.140328 0.0419678
93 0.598617 0.115239 0.037338
94 0.598617 0.122338 0.0416089
95 0.598617 0.13134 0.0419947
96 0.598617 0.126636 0.0428913
97 0.598617 0.135366 0.0435653
98 0.598617 0.142277 0.0450749
99 0.598617 0.129161 0.0417537
100 0.598617 0.157219 0.0471605
101 0.598617 0.161514 0.04887
102 0.598617 0.174663 0.0513808
103 0.598617 0.145756 0.0478011
104 0.598617 0.142999 0.0459323
105 0.598617 0.154094 0.0476929
106 0.598617 0.168971 0.0495347
107 0.598617 0.181012 0.0525859
108 0.598617 0.159633 0.0457842
109 0.598617 0.160337 0.0507331
110 0.598617 0.171658 0.0530655
111 0.598617 0.170589 0.0519438
112 0.608726 0.173836 0.0536077
113 0.608726 0.182338 0.0515629
114 0.608726 0.179995 0.0500046
115 0.608726 0.181228 0.051949
116 0.608726 0.201346 0.0536113
117 0.608726 0.199023 0.0540974
118 0.608726 0.195295 0.0548955
119 0.608726 0.216379 0.0539649
120 0.611682 0.224073 0.0515765
121 0.611682 0.22032 0.0505124
122 0.611682 0.204942 0.0517162
123 0.611682 0.217898 0.0515397
124 0.611682 0.221139 0.0532102
125 0.611682 0.208289 0.0499615
126 0.611682 0.205837 0.053391
127 0.611682 0.219682 0.0564184
128 0.611682 0.212006 0.053452
129 0.611682 0.218253 0.0518857
130 0.611682 0.230041 0.0551742
131 0.611682 0.223064 0.0570513
132 0.611682 0.210863 0.0551622
133 0.611682 0.227952 0.0561396
134 0.611682 0.202549 0.0536401
135 0.611682 0.224483 0.0574075
136 0.611682 0.237199 0.0580545
137 0.611682 0.23054 0.05569
138 0.611682 0.203865 0.0570951
139 0.611682 0.190179 0.0513408
140 0.611682 0.170994 0.0495613
141 0.611682 0.198363 0.0479453
142 0.611682 0.199395 0.0533467
143 0.611682 0.212511 0.0535052
144 0.611682 0.184081 0.0506273
145 0.611682 0.198731 0.0559125
146 0.611682 0.215035 0.0537859
147 0.611682 0.227903 0.0575249
148 0.611682 0.218915 0.0536048
149 0.611682 0.187874 0.0536683
150 0.611682 0.195481 0.0547879
151 0.611682 0.208895 0.0597642
152 0.611682 0.191787 0.0542258
153 0.611682 0.201714 0.0593259
154 0.611682 0.218217 0.0572242
155 0.611682 0.233788 0.056368
156 0.611682 0.19662 0.0534431
157 0.611682 0.208569 0.0554328
158 0.611682 0.191088 0.0537506
159 0.611682 0.176257 0.0566145
160 0.611682 0.166795 0.0524994
161 0.611682 0.177644 0.0554634
162 0.611682 0.197731 0.0537557
163 0.611682 0.206534 0.0540531
164 0.611682 0.235801 0.0612473
165 0.611682 0.213352 0.0583377
166 0.611682 0.204601 0.0555377
167 0.611682 0.192174 0.0591659
168 0.611682 0.190052 0.0593598
169 0.611682 0.184175 0.0554657
170 0.611682 0.230915 0.0599827
171 0.611682 0.233463 0.0623059
172 0.611682 0.22644 0.0569458
173 0.611682 0.223906 0.0612427
174 0.611682 0.202936 0.0586416
175 0.611682 0.194693 0.0542352
176 0.611682 0.209469 0.0521918
177 0.611682 0.212033 0.0531049
178 0.611682 0.234433 0.0541141
179 0.611682 0.189854 0.0507685
180 0.611682 0.182633 0.0519528
181 0.611682 0.190888 0.0538323
182 0.611682 0.193378 0.0537082
183 0.611682 0.203472 0.0562071
184 0.611682 0.196969 0.0561097
185 0.611682 0.186958 0.056744
186 0.611682 0.166107 0.0519
187 0.611682 0.187695 0.0530493
188 0.612469 0.184316 0.0557327
189 0.612469 0.180964 0.0560492
190 0.612469 0.185478 0.0551481
191 0.612469 0.179226 0.0507744
192 0.612469 0.159146 0.0513048
193 0.612469 0.176216 0.0499861
194 0.612469 0.159097 0.049456
195 0.612469 0.176035 0.0521716
196 0.612469 0.180215 0.0534401
197 0.612469 0.181404 0.0530284
198 0.612469 0.190713 0.0561988
199 0.612469 0.208059 0.0575224
200 0.612469 0.195166 0.0535526
201 0.612469 0.171947 0.0509141
202 0.612469 0.17985 0.0531421
203 0.612469 0.201451 0.0515645
204 0.612469 0.214872 0.0555567
205 0.612469 0.223569 0.0596763
206 0.612469 0.209845 0.0558149
207 0.612469 0.208677 0.0588662
208 0.612469 0.195458 0.0557786
209 0.612469 0.211955 0.0548989
210 0.612469 0.22904 0.0563039
211 0.612469 0.213234 0.0567329
212 0.612469 0.185013 0.0524484
213 0.612469 0.179322 0.0519629
214 0.612469 0.19618 0.0594163
215 0.612469 0.196263 0.0593101
216 0.612469 0.189562 0.0567447
217 0.612469 0.168663 0.0505478
218 0.612469 0.171411 0.0505554
219 0.612469 0.178567 0.0521144
220 0.612469 0.194012 0.0557024
221 0.612469 0.189537 0.0533795
222 0.612469 0.182909 0.057141
223 0.612469 0.164767 0.0553537
224 0.612469 0.17637 0.0550942
225 0.612469 0.169187 0.0524604
226 0.612469 0.186317 0.0524053
227 0.612469 0.181865 0.0516624
228 0.612469 0.18752 0.0516374
229 0.612469 0.215219 0.0602348
230 0.612469 0.206754 0.0577371
231 0.612469 0.208701 0.056595
232 0.612469 0.201542 0.0545007
233 0.612469 0.244557 0.0563411
234 0.612469 0.215715 0.0554724
235 0.612469 0.205668 0.0524946
236 0.612469 0.215109 0.0534731
237 0.612469 0.21037 0.0514516
238 0.612469 0.20482 0.0504008
239 0.612469 0.204937 0.0516614
240 0.612469 0.191968 0.0554377
241 0.612469 0.189865 0.0484817
242 0.612469 0.193376 0.0544442
243 0.612469 0.222066 0.0586902
244 0.612469 0.186201 0.0569169
245 0.612469 0.18943 0.061002
246 0.612469 0.211859 0.0578103
247 0.612469 0.176979 0.0544221
248 0.612469 0.166713 0.0563202
249 0.612469 0.175218 0.057697
250 0.612469 0.158469 0.0549257
251 0.612469 0.17051 0.0510697
252 0.612469 0.16243 0.0508137
253 0.612469 0.186518 0.0552715
254 0.612469 0.1646 0.0528266
255 0.612469 0.17064 0.0520965
256 0.612469 0.199184 0.0550415
257 0.612469 0.204569 0.0579089
258 0.612469 0.205817 0.0544686
259 0.612469 0.193831 0.0545742
260 0.612469 0.184337 0.0542244
261 0.612469 0.159879 0.0461207
262 0.612469 0.214549 0.0589001
263 0.612469 0.218897 0.0552542
264 0.612469 0.222781 0.0604608
265 0.612469 0.21275 0.0521563
266 0.612469 0.221977 0.0533415
267 0.612469 0.19572 0.0490522
268 0.612469 0.175613 0.052249
269 0.612469 0.213909 0.0577652
270 0.612469 0.184405 0.0511287
271 0.612469 0.189585 0.0534748
272 0.612469 0.205429 0.0560731
273 0.612469 0.170469 0.0504594
274 0.612469 0.196749 0.0558352
275 0.612469 0.182769 0.0520449
276 0.612469 0.188541 0.0556951
277 0.612469 0.179842 0.0558414
278 0.612469 0.193568 0.0552918
279 0.612469 0.177086 0.0509506
280 0.612469 0.199742 0.0567057
281 0.612469 0.18091 0.0519757
282 0.612469 0.212792 0.0552509
283 0.612469 0.204224 0.0572631
284 0.612469 0.192724 0.0582619
285 0.612469 0.180199 0.0550291
286 0.612469 0.200797 0.0540274
287 0.612469 0.1827 0.0563905
288 0.612469 0.167985 0.0508634
289 0.612469 0.176437 0.0537192
290 0.612469 0.158681 0.0510226
291 0.612469 0.169445 0.048897
292 0.612469 0.19924 0.0566098
293 0.612469 0.205605 0.0571093
294 0.612469 0.18171 0.0490055
295 0.612469 0.195877 0.0559862
296 0.612469 0.184751 0.0562494
297 0.612469 0.184646 0.0552949
298 0.612469 0.176381 0.0535078
299 0.612469 0.154104 0.0515293
300 0.612469 0.167233 0.0550271
301 0.612469 0.142428 0.0504193
302 0.612469 0.160785 0.0528824
303 0.612469 0.148161 0.0479937
304 0.612469 0.150294 0.0549109
305 0.612469 0.14041 0.0515531
306 0.612469 0.166868 0.0529782
307 0.612469 0.207735 0.0596923
308 0.612469 0.208164 0.0615062
309 0.612469 0.229454 0.0582669
310 0.612469 0.21562 0.0560052
311 0.612469 0.200769 0.0574681
312 0.612469 0.221615 0.0574237
313 0.612469 0.23638 0.0594367
314 0.612469 0.217405 0.0603898
315 0.612469 0.187029 0.0552387
316 0.612469 0.20923 0.0569421
317 0.612469 0.180966 0.0522708
318 0.612469 0.190173 0.0558215
319 0.612469 0.19285 0.0530874
320 0.612469 0.19643 0.0557651
321 0.612469 0.183324 0.0533813
322 0.612469 0.196987 0.0529364
323 0.612469 0.212775 0.0541878
324 0.612469 0.203982 0.0553813
325 0.612469 0.185834 0.052651
326 0.612469 0.169732 0.0513385
327 0.612469 0.192014 0.0502926
328 0.612469 0.220879 0.0554743
329 0.612469 0.224007 0.0587823
330 0.612469 0.232658 0.0576609
331 0.612469 0.201605 0.0530374
332 0.612469 0.174501 0.0516002
333 0.612469 0.179243 0.0565836
334 0.612469 0.168228 0.0508256
335 0.612469 0.178136 0.0524776
336 0.612469 0.177175 0.0520303
337 0.612469 0.151131 0.050821
338 0.612469 0.171505 0.0524704
339 0.612469 0.189039 0.0627075
340 0.612469 0.155645 0.0551703
341 0.612469 0.162899 0.0535497
342 0.612469 0.177192 0.057376
343 0.612469 0.189919 0.0579194
344 0.612469 0.179542 0.0574687
345 0.612469 0.175055 0.0529272
346 0.612469 0.193177 0.0565486
347 0.612469 0.198353 0.0594268
348 0.612469 0.194653 0.0568537
349 0.612469 0.169827 0.0530027
350 0.612469 0.186672 0.05841
351 0.612469 0.17198 0.0507459
352 0.612469 0.175585 0.0489159
353 0.612469 0.189568 0.0544157
354 0.612469 0.174903 0.05386
355 0.612469 0.183933 0.0537276
356 0.612469 0.180804 0.0533085
357 0.612469 0.202775 0.0528773
358 0.612469 0.200819 0.0521197
359 0.612469 0.159431 0.05107
360 0.612469 0.17216 0.050624
361 0.612469 0.19532 0.0508901
362 0.612469 0.215918 0.0544492
363 0.612469 0.220694 0.0568527
364 0.612469 0.202319 0.051497
365 0.612469 0.18884 0.0510551
366 0.612469 0.192619 0.0529317
367 0.612469 0.200038 0.0467549
368 0.612469 0.196368 0.0509814
369 0.612469 0.179755 0.0498662
370 0.612469 0.166213 0.0503926
371 0.612469 0.165114 0.0526606
372 0.612469 0.151133 0.0504509
373 0.612469 0.175061 0.0546394
374 0.612469 0.1916 0.0553882
375 0.612478 0.213127 0.0547999
376 0.612478 0.186371 0.0526327
377 0.612478 0.186879 0.0580949
378 0.612478 0.178089 0.0565967
379 0.612478 0.182116 0.0582144
380 0.612478 0.14106 0.0501012
381 0.612478 0.16966 0.0576045
382 0.612478 0.184925 0.0566649
383 0.612478 0.189781 0.0558135
384 0.612478 0.195788 0.0634896
385 0.612478 0.178899 0.057674
386 0.612478 0.178002 0.0583596
387 0.612478 0.171486 0.0575263
388 0.612478 0.20214 0.0576405
389 0.612478 0.203292 0.0557172
390 0.612478 0.193554 0.0568891
391 0.612478 0.2075 0.0619366
392 0.612478 0.17734 0.0607973
393 0.612478 0.169097 0.0562951
394 0.612478 0.175834 0.0553183
395 0.612478 0.163154 0.0542221
396 0.612478 0.193958 0.0587411
397 0.612478 0.183264 0.0545478
398 0.612478 0.200698 0.0560882
399 0.612478 0.199103 0.05683
400 0.612478 0.222078 0.0533918
401 0.612478 0.230862 0.0571428
402 0.612478 0.199123 0.0579226
403 0.612478 0.205278 0.0534529
404 0.612478 0.17681 0.0551642
405 0.612478 0.199775 0.0626486
406 0.612478 0.206742 0.0598908
407 0.612478 0.18757 0.0535225
408 0.612478 0.198175 0.0548539
409 0.612478 0.208627 0.0535223
410 0.612478 0.178285 0.0491604
411 0.612478 0.163805 0.0518522
412 0.612478 0.181296 0.052479
413 0.612478 0.188299 0.0499848
414 0.612478 0.171825 0.0462118
415 0.612478 0.207696 0.0521354
416 0.612478 0.206301 0.0566789
417 0.612478 0.21328 0.0534123
418 0.612478 0.205987 0.052444
419 0.612478 0.205715 0.0540579
420 0.612478 0.199709 0.0540022
421 0.612478 0.243193 0.0584962
422 0.612478 0.226059 0.0541022
423 0.612478 0.206834 0.0504494
424 0.612478 0.222429 0.0527267
425 0.612478 0.195784 0.0517722
426 0.612478 0.229387 0.0537686
427 0.612478 0.221638 0.0532562
428 0.612478 0.255955 0.0510225
429 0.612478 0.239401 0.0479151
430 0.612478 0.225774 0.0491902
431 0.612478 0.184588 0.0482715
432 0.612478 0.178564 0.0473089
433 0.612478 0.205725 0.0509389
434 0.612478 0.213318 0.0545375
435 0.612478 0.217227 0.0540838
436 0.612478 0.221757 0.0502724
437 0.612478 0.22139 0.0606212
438 0.612478 0.234131 0.0530077
439 0.612478 0.213611 0.0513167
440 0.612478 0.254223 0.054703
441 0.612478 0.22426 0.0552903
442 0.612478 0.249569 0.0561024
443 0.612478 0.235922 0.0575719
444 0.612478 0.210628 0.0552412
445 0.612478 0.197449 0.0565644
446 0.612478 0.199911 0.0562444
447 0.612478 0.175314 0.0523532
448 0.612478 0.196102 0.056181
449 0.612478 0.200668 0.0581745
450 0.612478 0.184329 0.0518254
451 0.612478 0.217119 0.0564611
452 0.612478 0.183844 0.0560522
453 0.612478 0.177518 0.0580939
454 0.612478 0.210512 0.0541336
455 0.612478 0.178943 0.0489108
456 0.612478 0.189022 0.0502133
457 0.612478 0.173581 0.0494112
458 0.612478 0.174251 0.0504747
459 0.612478 0.163133 0.0509852
460 0.612478 0.139786 0.0453785
461 0.612478 0.14562 0.042957
462 0.612478 0.168269 0.0488715
463 0.612478 0.17624 0.0503212
464 0.612478 0.203174 0.053334
465 0.612478 0.161002 0.051447
466 0.612478 0.163985 0.0565571
467 0.612478 0.173699 0.0564761
468 0.612478 0.163141 0.0578195
469 0.612478 0.179676 0.0581834
470 0.612478 0.184342 0.0532727
471 0.612478 0.165728 0.0499887
472 0.612478 0.152817 0.0483171
473 0.612478 0.193118 0.0565291
474 0.612478 0.196959 0.0568452
475 0.612478 0.190058 0.0569196
476 0.612478 0.190491 0.0575712
477 0.612478 0.183354 0.056131
478 0.612478 0.184293 0.0584732
479 0.612478 0.189768 0.0588056
480 0.612478 0.2143 0.0558246
481 0.612478 0.242706 0.058798
482 0.612478 0.197304 0.0525782
483 0.612478 0.18836 0.0525659
484 0.612478 0.196278 0.0541142
485 0.612478 0.1992 0.0531418
486 0.612478 0.237371 0.0584115
487 0.612478 0.237938 0.0590687
488 0.612478 0.231275 0.0556523
489 0.612478 0.226073 0.0590124
490 0.612478 0.18536 0.0536394
491 0.612478 0.201388 0.0534479
492 0.612478 0.239052 0.0591544
493 0.612478 0.215932 0.0576088
494 0.612478 0.209993 0.0535124
495 0.612478 0.202151 0.0551905
496 0.612478 0.202537 0.0553545
497 0.612478 0.195867 0.0512723
498 0.612478 0.229033 0.0548368
499 0.612478 0.21558 0.052069
500 0.612478 0.248137 0.0553046
501 0.612478 0.23069 0.0558719
502 0.612478 0.216435 0.0578111
503 0.612478 0.199501 0.0537966
504 0.612478 0.173414 0.0514949
505 0.612478 0.19513 0.0560714
506 0.612478 0.201567 0.0517665
507 0.612478 0.203276 0.0589793
508 0.612478 0.188295 0.0551904
509 0.612478 0.175727 0.0522296
510 0.612478 0.181052 0.052308
511 0.612478 0.179586 0.0526035
512 0.612478 0.184347 0.0549422
513 0.612478 0.189689 0.0552079
514 0.612478 0.1763 0.0555408
515 0.612478 0.196659 0.0546903
516 0.612478 0.210782 0.0566447
517 0.612478 0.237598 0.0560758
518 0.612478 0.204907 0.0605096
519 0.612478 0.179156 0.0545506
520 0.612478 0.196651 0.0542497
521 0.612478 0.177652 0.0520405
522 0.612478 0.19504 0.0548051
523 0.612478 0.205644 0.0568317
524 0.612478 0.18015 0.0528321
525 0.612478 0.193249 0.0509487
526 0.612478 0.191334 0.0545084
527 0.612478 0.195547 0.0562161
528 0.612478 0.222265 0.056095
529 0.612478 0.207241 0.056999
530 0.612478 0.216127 0.0589756
531 0.612478 0.215966 0.0530433
532 0.612478 0.178531 0.0493508
533 0.612478 0.184931 0.0501426
534 0.612478 0.225586 0.05376
535 0.612478 0.208791 0.0528646
536 0.612478 0.193942 0.0494843
537 0.612478 0.166687 0.050128
538 0.612478 0.182228 0.0535858
539 0.612478 0.164202 0.052256
540 0.612478 0.155637 0.0485573
541 0.612478 0.14725 0.0484578
542 0.612478 0.154061 0.0516336
543 0.612478 0.17243 0.0511302
544 0.612478 0.197933 0.0547657
545 0.612478 0.187156 0.0510325
546 0.612478 0.190652 0.0494984
547 0.612478 0.16761 0.0490704
548 0.612478 0.159468 0.0500279
549 0.612478 0.162832 0.0567538
550 0.612478 0.189091 0.0562461
551 0.612478 0.191404 0.053036
552 0.612478 0.182286 0.0497066
553 0.612478 0.192615 0.0526009
554 0.612478 0.190328 0.0535197
555 0.612478 0.174112 0.0533916
556 0.612478 0.191608 0.0601125
557 0.612478 0.182038 0.0544802
558 0.612478 0.223295 0.0606062
559 0.612478 0.210558 0.0578476
560 0.612478 0.202663 0.0566023
561 0.612478 0.167318 0.0517449
562 0.612478 0.208177 0.0596566
563 0.612478 0.201131 0.0562421
564 0.612478 0.180826 0.0550007
565 0.612478 0.205604 0.0570512
566 0.612478 0.186449 0.0536598
567 0.612478 0.177253 0.0524127
568 0.612478 0.17009 0.0545392
569 0.612478 0.190534 0.0614678
570 0.612478 0.191698 0.0574984
571 0.612478 0.187086 0.0546181
572 0.612478 0.1773 0.0521588
573 0.612478 0.176236 0.0512975
574 0.612478 0.155888 0.0476404
575 0.612478 0.185312 0.0544606
576 0.612478 0.198254 0.0598127
577 0.612478 0.173069 0.0523022
578 0.612478 0.19435 0.0591868
579 0.612478 0.196012 0.0547703
580 0.612478 0.172554 0.0548913
581 0.612478 0.176534 0.0568922
582 0.612478 0.192678 0.0561382
583 0.612478 0.197801 0.0558396
584 0.612478 0.172259 0.0492914
585 0.612478 0.173315 0.0509692
586 0.612478 0.173875 0.0516384
587 0.612478 0.178944 0.0528538
588 0.612478 0.177413 0.0559841
589 0.612478 0.181934 0.0564805
590 0.612478 0.183548 0.0569927
591 0.612478 0.182291 0.0538723
592 0.612478 0.193439 0.0531814
593 0.612478 0.21356 0.0576322
594 0.612478 0.184378 0.0557839
595 0.612478 0.188142 0.0540351
596 0.612478 0.187627 0.0548273
597 0.612478 0.179906 0.0511198
598 0.612478 0.191158 0.0491321
599 0.612478 0.178299 0.0508584
600 0.612478 0.162444 0.0509693
601 0.612478 0.16906 0.0519934
602 0.612478 0.206742 0.0590341
603 0.612478 0.179212 0.0567784
604 0.612478 0.159876 0.0524512
605 0.612478 0.17406 0.0518088
606 0.612478 0.154595 0.0503909
607 0.612478 0.175371 0.0550889
608 0.612478 0.169466 0.0562325
609 0.612478 0.189002 0.0525338
610 0.612478 0.182229 0.0542425
611 0.612478 0.181342 0.0532528
612 0.612478 0.18718 0.052197
613 0.612478 0.166038 0.0560563
614 0.612478 0.169937 0.054363
615 0.612478 0.191251 0.0546445
616 0.612478 0.206082 0.0554464
617 0.612478 0.198368 0.0560078
618 0.612478 0.184778 0.0548661
619 0.612478 0.165248 0.0479331
620 0.612478 0.202066 0.0550732
621 0.612478 0.228543 0.0599601
622 0.612478 0.211974 0.0539395
623 0.612478 0.193849 0.0540595
624 0.612478 0.198389 0.0530275
625 0.612478 0.180975 0.0567428
626 0.612478 0.192932 0.0579445
627 0.612478 0.19952 0.0581671
628 0.612478 0.20916 0.0592945
629 0.612478 0.21584 0.064749
630 0.612478 0.212941 0.0623315
631 0.612478 0.229311 0.0591813
632 0.612478 0.212792 0.0595965
633 0.612478 0.20308 0.0575104
634 0.612478 0.218244 0.0567595
635 0.612478 0.226512 0.0558598
636 0.612478 0.221253 0.0598658
637 0.612478 0.187036 0.0539453
638 0.612478 0.191463 0.0573003
639 0.612478 0.199528 0.0586745
640 0.612478 0.190978 0.0571404
641 0.612478 0.188778 0.0581524
642 0.612478 0.214398 0.0583786
643 0.612478 0.165035 0.0524517
644 0.612478 0.186987 0.0510779
645 0.612478 0.218294 0.0559768
646 0.612478 0.212482 0.0591143
647 0.612478 0.217978 0.0591692
648 0.612478 0.184491 0.0533634
649 0.612478 0.170961 0.0521459
650 0.612478 0.18285 0.0510761
651 0.612478 0.185088 0.0517035
652 0.612478 0.181689 0.051434
653 0.612478 0.188958 0.055573
654 0.612478 0.199443 0.0561888
655 0.612478 0.171422 0.0511283
656 0.612478 0.207615 0.0576403
657 0.612478 0.179978 0.050033
658 0.612478 0.211259 0.0505655
659 0.612478 0.209327 0.0522526
660 0.612478 0.221482 0.0561944
661 0.612478 0.215651 0.0585983
662 0.612478 0.238394 0.0523794
663 0.612478 0.221313 0.0537874
664 0.612478 0.201692 0.0526004
665 0.612478 0.211068 0.0550935
666 0.612478 0.209968 0.0524105
667 0.612478 0.201752 0.0546035
668 0.612478 0.163365 0.0483177
669 0.612478 0.189658 0.0535243
670 0.612478 0.192408 0.0576984
671 0.612478 0.191654 0.0546991
672 0.612478 0.18872 0.0556438
673 0.612478 0.231449 0.0592165
674 0.612478 0.206116 0.054062
675 0.612478 0.203789 0.0536697
676 0.612478 0.219856 0.0547427
677 0.612478 0.204044 0.0507345
678 0.612478 0.192081 0.0560538
679 0.612478 0.19052 0.0531507
680 0.612478 0.209993 0.0573897
681 0.612478 0.18607 0.0530768
682 0.612478 0.162208 0.0521571
683 0.612478 0.168845 0.0557512
684 0.612478 0.166239 0.054118
685 0.612478 0.169038 0.0531108
686 0.612478 0.181897 0.0557162
687 0.612478 0.18578 0.0545144
688 0.612478 0.190015 0.0563002
689 0.612478 0.221015 0.0587541
690 0.612478 0.182392 0.0553055
691 0.612478 0.200661 0.0558184
692 0.612478 0.206327 0.0558032
693 0.612478 0.207815 0.0575184
694 0.612478 0.219859 0.0530294
695 0.612478 0.227113 0.0604103
696 0.612478 0.169773 0.0550005
697 0.612478 0.165919 0.0542797
698 0.612478 0.160535 0.0504475
699 0.612478 0.162145 0.0543349
700 0.612478 0.180149 0.0520482
701 0.612478 0.174038 0.0531649
702 0.612478 0.156587 0.0473536
703 0.612478 0.155626 0.0525285
704 0.612478 0.170298 0.0515173
705 0.612478 0.165217 0.0531331
706 0.612478 0.195336 0.0533658
707 0.612478 0.187833 0.0566565
708 0.612478 0.170145 0.0526894
709 0.612478 0.165244 0.0508418
710 0.612478 0.17876 0.0510217
711 0.612478 0.179618 0.0531918
712 0.612478 0.213826 0.0604046
713 0.612478 0.220186 0.0567772
714 0.612478 0.22718 0.060149
715 0.612478 0.17292 0.0557969
716 0.612478 0.180618 0.0573281
717 0.612478 0.167445 0.0513387
718 0.612478 0.217963 0.0606757
719 0.612478 0.207951 0.0591041
720 0.612478 0.194614 0.0569862
721 0.612478 0.221086 0.0582946
722 0.612478 0.206334 0.0533488
723 0.612478 0.209654 0.0545962
724 0.612478 0.203081 0.0550362
725 0.612478 0.19106 0.0522267
726 0.612478 0.205204 0.0560669
727 0.612478 0.181217 0.0496276
728 0.612478 0.202132 0.0545813
729 0.612478 0.208152 0.0544314
730 0.612478 0.178291 0.0536082
731 0.612478 0.195425 0.0558384
732 0.612478 0.219927 0.0614402
733 0.612478 0.215211 0.05746
734 0.612478 0.200812 0.0588831
735 0.612478 0.213413 0.0560197
736 0.612478 0.201777 0.0538813
737 0.612478 0.196122 0.0550405
738 0.612478 0.190105 0.0540458
739 0.612478 0.230515 0.0579158
740 0.612478 0.213081 0.0568848
741 0.612478 0.203344 0.0607618
742 0.612478 0.200346 0.0594474
743 0.612478 0.197739 0.05455
744 0.612478 0.207868 0.054714
745 0.612478 0.211501 0.0505615
746 0.612478 0.24288 0.0581512
747 0.612478 0.212718 0.053159
748 0.612478 0.186845 0.051458
749 0.612478 0.222823 0.0564007
750 0.612478 0.233594 0.0530527
751 0.612478 0.234258 0.0487105
752 0.612478 0.212713 0.0542859
753 0.612478 0.210525 0.0540374
754 0.612478 0.194496 0.0587938
755 0.612478 0.224904 0.061011
756 0.612478 0.206637 0.0634443
757 0.612478 0.201187 0.0582392
758 0.612478 0.200269 0.0546265
759 0.612478 0.217495 0.0592494
760 0.612478 0.169116 0.056371
761 0.612478 0.192858 0.0532001
762 0.612478 0.225146 0.052188
763 0.612478 0.216746 0.0499973
764 0.612478 0.218379 0.0559419
765 0.612478 0.21376 0.0529069
766 0.612478 0.21398 0.053372
767 0.612478 0.191439 0.0570083
768 0.612478 0.194986 0.0585068
769 0.612478 0.215876 0.05994
770 0.612478 0.208325 0.0566689
771 0.612478 0.234235 0.0609414
772 0.612478 0.216233 0.056778
773 0.612478 0.215724 0.0545286
774 0.612478 0.205708 0.0496034
775 0.612478 0.233511 0.054676
776 0.612478 0.203041 0.0531698
777 0.612478 0.219224 0.0587272
778 0.612478 0.186565 0.0591969
779 0.612478 0.198269 0.0586902
780 0.612478 0.207162 0.0599661
781 0.612478 0.154247 0.0521806
782 0.612478 0.180389 0.0555857
783 0.612478 0.199565 0.0573512
784 0.612478 0.181982 0.0539187
785 0.612478 0.174373 0.0539737
786 0.612478 0.214719 0.0505648
787 0.612478 0.210655 0.0560904
788 0.612478 0.192911 0.0534133
789 0.612478 0.199768 0.0548948
790 0.612478 0.19523 0.0568139
791 0.612478 0.198025 0.0564122
792 0.612478 0.179032 0.0562703
793 0.612478 0.155537 0.0509484
794 0.612478 0.175061 0.0538936
795 0.612478 0.179415 0.0540896
796 0.612478 0.175508 0.0543048
797 0.612478 0.195082 0.0536882
798 0.612478 0.2136 0.0567083
799 0.612478 0.216023 0.0606524
800 0.612478 0.213484 0.056942
801 0.612478 0.206588 0.0560704
802 0.612478 0.168601 0.0544102
803 0.612478 0.16632 0.0548814
804 0.612478 0.172165 0.0534336
805 0.612478 0.17759 0.0522623
806 0.612478 0.17292 0.0532744
807 0.612478 0.167634 0.0498693
808 0.612478 0.179708 0.055709
809 0.612478 0.154151 0.0484758
810 0.612478 0.13797 0.0493901
811 0.612478 0.182056 0.0569944
812 0.612478 0.192706 0.0602415
813 0.612478 0.203483 0.0598347
814 0.612478 0.180983 0.0600682
815 0.612478 0.189799 0.054563
816 0.612478 0.211703 0.0572513
817 0.612478 0.193246 0.0573522
818 0.612478 0.212756 0.0594752
819 0.612478 0.18869 0.0530488
820 0.612478 0.194338 0.0566849
821 0.612478 0.193859 0.0558302
822 0.612478 0.193299 0.0520179
823 0.612478 0.181742 0.0499198
824 0.612478 0.19949 0.05667
825 0.612478 0.204222 0.0526177
826 0.612478 0.19822 0.0548719
827 0.612478 0.202791 0.0607121
828 0.612478 0.196833 0.0548744
829 0.612478 0.16893 0.0503669
830 0.612478 0.174768 0.0563319
831 0.612478 0.192036 0.0574661
832 0.612478 0.186196 0.0506343
833 0.612478 0.188939 0.0549625
834 0.612478 0.164756 0.0485942
835 0.612478 0.144277 0.047588
836 0.612478 0.12719 0.0468663
837 0.612478 0.155672 0.0516668
838 0.612478 0.167306 0.0544779
839 0.612478 0.171808 0.0539327
840 0.612478 0.204423 0.0604632
841 0.612478 0.170085 0.0524206
842 0.612478 0.166581 0.0564043
843 0.612478 0.140836 0.0461381
844 0.612478 0.150772 0.0552005
845 0.612478 0.151738 0.0543181
846 0.612478 0.178878 0.0532359
847 0.612478 0.174192 0.0530683
848 0.612478 0.180417 0.0553018
849 0.612478 0.212798 0.0615329
850 0.612478 0.182014 0.0536954
851 0.612478 0.159216 0.0520564
852 0.612478 0.167669 0.0526653
853 0.612478 0.189365 0.0549771
854 0.612478 0.198929 0.0534648
855 0.612478 0.190814 0.054278
856 0.612478 0.192513 0.0530728
857 0.612478 0.185368 0.0489406
858 0.612478 0.196838 0.0502832
859 0.612478 0.207572 0.0506751
860 0.612478 0.188566 0.0474732
861 0.612478 0.161379 0.0477043
862 0.612478 0.180107 0.0532409
863 0.612478 0.181099 0.0543091
864 0.612478 0.178183 0.0537349
865 0.612478 0.192403 0.0524385
866 0.612478 0.201714 0.0560038
867 0.612478 0.223639 0.0555947
868 0.612478 0.222518 0.0563602
869 0.612478 0.197252 0.051869
870 0.612478 0.217985 0.0545608
871 0.612478 0.228194 0.0530025
872 0.612478 0.219996 0.0549095
873 0.612478 0.237965 0.0558411
874 0.612478 0.23672 0.0573361
875 0.612804 0.223909 0.0530212
876 0.612804 0.237974 0.0538617
877 0.612804 0.221824 0.0534143
878 0.612804 0.243873 0.0577026
879 0.612804 0.210791 0.0500103
880 0.612804 0.208498 0.0539163
881 0.612804 0.203509 0.0561285
882 0.612804 0.195728 0.0517158
883 0.612804 0.196734 0.0503067
884 0.612804 0.181404 0.0533796
885 0.612804 0.199594 0.0481505
886 0.612804 0.203053 0.0514606
887 0.612804 0.207181 0.0542458
888 0.612804 0.217454 0.0597096
889 0.612804 0.195544 0.0549825
890 0.612804 0.23979 0.0606903
891 0.612804 0.242213 0.0629163
892 0.612804 0.228829 0.0589875
893 0.612804 0.223882 0.0586358
894 0.612804 0.22163 0.0567249
895 0.612804 0.220391 0.0604781
896 0.612804 0.220362 0.0604721
897 0.612804 0.199185 0.055597
898 0.612804 0.223709 0.0533601
899 0.612804 0.202671 0.0570144
900 0.612804 0.183451 0.0550729
901 0.612804 0.166406 0.0544063
902 0.612804 0.179175 0.0569783
903 0.612804 0.18157 0.0528327
904 0.612804 0.177259 0.0542055
905 0.612804 0.175283 0.0519091
906 0.612804 0.160388 0.0506285
907 0.612804 0.177387 0.0538019
908 0.612804 0.207072 0.0617364
909 0.612804 0.183928 0.0561716
910 0.612804 0.184313 0.0506719
911 0.612804 0.193036 0.0507981
912 0.612804 0.187086 0.0549051
913 0.612804 0.187589 0.055218
914 0.612804 0.217137 0.0546713
915 0.612804 0.234484 0.0583199
916 0.612804 0.20651 0.0571312
917 0.612804 0.206422 0.05603
918 0.612804 0.198914 0.0544211
919 0.612804 0.181678 0.053833
920 0.612804 0.210419 0.0526425
921 0.612804 0.192007 0.0497526
922 0.612804 0.187033 0.0536727
923 0.612804 0.182044 0.0521272
924 0.612804 0.206769 0.0559259
925 0.612804 0.193823 0.0587038
926 0.612804 0.224852 0.05922
927 0.612804 0.183607 0.0565704
928 0.612804 0.184299 0.0550996
929 0.612804 0.217418 0.0520319
930 0.612804 0.207169 0.0557508
931 0.612804 0.209005 0.0562734
932 0.612804 0.209313 0.0538797
933 0.612804 0.195919 0.0530402
934 0.612804 0.205709 0.0588896
935 0.612804 0.213393 0.0583217
936 0.612804 0.2116 0.0597958
937 0.612804 0.183853 0.0576185
938 0.612804 0.179482 0.0540759
939 0.612804 0.164771 0.0489488
940 0.612804 0.211587 0.0539163
941 0.612804 0.185358 0.0531738
942 0.612804 0.207787 0.0523687
943 0.612804 0.209313 0.0538285
944 0.612804 0.187371 0.0514955
945 0.612804 0.162507 0.0506886
946 0.612804 0.165608 0.0461252
947 0.612804 0.173416 0.0505004
948 0.612804 0.184788 0.0535821
949 0.612804 0.185607 0.0500023
950 0.612804 0.172532 0.0538058
951 0.612804 0.17634 0.0519374
952 0.612804 0.170652 0.0503434
953 0.612804 0.191151 0.0512834
954 0.612804 0.156656 0.0471484
955 0.612804 0.171238 0.0473551
956 0.612804 0.203286 0.0544039
957 0.612804 0.194746 0.055019
958 0.612804 0.17782 0.0536578
959 0.612804 0.176716 0.0506769
960 0.612804 0.196298 0.0562961
961 0.612804 0.218315 0.0558235
962 0.612804 0.217809 0.0571306
963 0.612804 0.185969 0.0560372
964 0.612804 0.22703 0.0578627
965 0.612804 0.183278 0.0552451
966 0.612804 0.175225 0.0504377
967 0.612804 0.168203 0.0506793
968 0.612804 0.201469 0.0528312
969 0.612804 0.18911 0.0528259
970 0.612804 0.189986 0.0536681
971 0.612804 0.178373 0.0514788
972 0.612804 0.197315 0.0551606
973 0.612804 0.18427 0.0526318
974 0.612804 0.176928 0.0525453
975 0.612804 0.192731 0.054953
976 0.612804 0.157535 0.050311
977 0.612804 0.156437 0.0480148
978 0.612804 0.193214 0.051712
979 0.612804 0.184225 0.0540493
980 0.612804 0.208172 0.0561993
981 0.612804 0.201085 0.0539656
982 0.612804 0.176316 0.0519741
983 0.612804 0.188514 0.054051
984 0.612804 0.185143 0.050414
985 0.612804 0.207923 0.059398
986 0.612804 0.217366 0.0546738
987 0.612804 0.209139 0.0552398
988 0.612804 0.199053 0.0580035
989 0.612804 0.17957 0.0570609
990 0.612804 0.177697 0.0560822
991 0.612804 0.176393 0.0511842
992 0.612804 0.182345 0.050203
993 0.612804 0.18573 0.0515835
994 0.612804 0.187622 0.0513131
995 0.612804 0.164243 0.0442214
996 0.612804 0.16088 0.0482277
997 0.612804 0.161695 0.050421
998 0.612804 0.184465 0.0542407
999 0.612804 0.201159 0.0624897
1000 0.612804 0.217475 0.055709
