0 0.125249 0.0569973 0.00385168
1 0.125273 0.065801 0.00389207
2 0.125274 0.0729583 0.00380387
3 0.125274 0.0839856 0.00345474
4 0.125274 0.0852543 0.00339555
5 0.125274 0.090193 0.00317451
6 0.128487 0.0866752 0.00333973
7 0.128487 0.0887729 0.00318029
8 0.128487 0.0891899 0.00320422
9 0.128487 0.0878847 0.00328496
10 0.128627 0.0988913 0.00259765
11 0.128627 0.0969443 0.00272373
12 0.128627 0.102499 0.00231997
13 0.128627 0.105537 0.00202769
14 0.129362 0.106754 0.00198135
15 0.129362 0.0980608 0.00267989
16 0.129362 0.0969012 0.00274829
17 0.129362 0.0957544 0.00282921
18 0.129362 0.0882839 0.00328297
19 0.129362 0.0833921 0.00347648
20 0.129415 0.0786589 0.00365465
21 0.129415 0.0794233 0.00352618
22 0.129685 0.0773547 0.0036399
23 0.129685 0.0822202 0.00355796
24 0.129685 0.0813555 0.00357115
25 0.129685 0.0831616 0.00349518
26 0.129685 0.0753565 0.00371606
27 0.129685 0.0714486 0.00378134
28 0.129685 0.0774491 0.00370758
29 0.129734 0.0801697 0.00360987
30 0.129734 0.0817593 0.00348261
31 0.129734 0.0740697 0.00361393
32 0.13008 0.0789904 0.00365321
33 0.13008 0.0802362 0.00361467
34 0.13008 0.0811826 0.00353087
35 0.13008 0.0807494 0.00352858
36 0.13008 0.0812682 0.00348725
37 0.2501 0.0936032 0.00328358
38 0.2501 0.0990457 0.00293159
39 0.2501 0.0991133 0.00284761
40 0.2501 0.0973476 0.00299044
41 0.2501 0.103548 0.00258225
42 0.375547 0.0990522 0.00382578
43 0.375547 0.0986745 0.00389127
44 0.375617 0.0952662 0.00504258
45 0.375617 0.0969062 0.00525709
46 0.375617 0.0918995 0.00656462
47 0.375617 0.107864 0.0075516
48 0.448566 0.11519 0.00854551
49 0.448566 0.119622 0.0105944
50 0.448566 0.128867 0.0145744
51 0.448566 0.141947 0.0160426
52 0.500621 0.145754 0.0171538
52 0.510722 0.080649 0.0216904
53 0.510722 0.0972018 0.02714
54 0.510722 0.0998568 0.0289234
55 0.577328 0.0974935 0.0297532
56 0.577328 0.0855929 0.0281227
57 0.577328 0.0783694 0.0286395
58 0.577328 0.0962294 0.0357386
59 0.577328 0.113337 0.0381476
60 0.577328 0.113564 0.039392
61 0.577328 0.116833 0.0386893
62 0.577328 0.119456 0.0387279
63 0.577328 0.12072 0.0417649
64 0.577328 0.126356 0.0436844
65 0.577328 0.147109 0.0449476
66 0.577328 0.132481 0.044394
67 0.577328 0.161848 0.0467939
68 0.577328 0.136489 0.0413983
69 0.577328 0.161556 0.0502178
70 0.577328 0.154736 0.049069
71 0.577328 0.148517 0.04745
72 0.577328 0.148613 0.0443688
73 0.577328 0.141705 0.0463453
74 0.577328 0.139202 0.0431187
75 0.577328 0.162793 0.0445927
76 0.579455 0.179021 0.0486022
77 0.579455 0.166022 0.0467872
78 0.579455 0.139422 0.0415778
79 0.579455 0.149631 0.0451397
80 0.579455 0.141693 0.045381
81 0.579455 0.153881 0.0460281
82 0.579455 0.140045 0.0448102
83 0.579455 0.148318 0.0451863
84 0.579455 0.158221 0.0453155
85 0.579455 0.158132 0.0442052
86 0.579455 0.16115 0.0448707
87 0.579455 0.169319 0.045974
88 0.581495 0.164177 0.0457623
89 0.581495 0.157569 0.0439989
90 0.581495 0.147903 0.0424914
91 0.581495 0.174437 0.0490571
92 0.581495 0.168894 0.0456173
93 0.581495 0.160264 0.0444518
94 0.581495 0.148749 0.045499
95 0.581495 0.168985 0.0531789
96 0.581495 0.195693 0.0503677
97 0.581495 0.197296 0.0528926
98 0.581495 0.172435 0.0464094
99 0.581495 0.172327 0.0486031
100 0.581495 0.155996 0.0467061
101 0.581495 0.156006 0.0469774
102 0.581495 0.17448 0.0510736
103 0.581495 0.151446 0.0495284
104 0.581495 0.146431 0.04756
105 0.581495 0.153127 0.0489768
106 0.581541 0.168148 0.0504766
107 0.581541 0.162246 0.0447438
108 0.581541 0.136754 0.0419727
109 0.581541 0.142985 0.0424196
110 0.581541 0.162617 0.0477918
111 0.581541 0.15418 0.0466112
112 0.581541 0.155302 0.0463936
113 0.581541 0.141063 0.045841
114 0.581541 0.155099 0.0504572
115 0.581541 0.164699 0.0486449
116 0.581541 0.186186 0.0509183
117 0.581541 0.167662 0.0480042
118 0.581541 0.157248 0.0514517
119 0.581541 0.18835 0.0521487
120 0.581541 0.175149 0.0475144
121 0.581541 0.158995 0.0496053
122 0.581541 0.157284 0.0468385
123 0.582079 0.139875 0.0453701
124 0.582079 0.158389 0.0453058
125 0.582079 0.157868 0.0497581
126 0.582079 0.17827 0.0492174
127 0.586611 0.165799 0.0473728
128 0.586611 0.172156 0.0478628
129 0.586611 0.156952 0.0471694
130 0.586611 0.155031 0.0465523
131 0.586611 0.144531 0.0475125
132 0.586611 0.132049 0.0477294
133 0.586611 0.146763 0.047569
134 0.586611 0.135754 0.0435412
135 0.586611 0.155135 0.0508762
136 0.586611 0.182818 0.0507223
137 0.586611 0.194158 0.0493027
138 0.586611 0.14576 0.0453296
139 0.586611 0.176054 0.0484859
140 0.586611 0.189637 0.0531422
141 0.586611 0.186857 0.0521813
142 0.586611 0.196055 0.0507378
143 0.586611 0.197482 0.0526323
144 0.597941 0.197353 0.0600006
145 0.597941 0.215451 0.0555289
146 0.597941 0.210052 0.0563953
147 0.597941 0.20951 0.0567414
148 0.597941 0.22383 0.0620818
149 0.597941 0.226334 0.0624623
150 0.597941 0.21186 0.0555807
151 0.597941 0.190016 0.0526905
152 0.597941 0.212803 0.0564836
153 0.597941 0.206578 0.0559178
154 0.597941 0.22819 0.057991
155 0.597941 0.22752 0.0519119
156 0.597941 0.212394 0.0559125
157 0.597941 0.236635 0.05543
158 0.597941 0.217842 0.0539712
159 0.597941 0.232108 0.0533341
160 0.597941 0.201524 0.050865
161 0.597941 0.210188 0.0538963
162 0.597941 0.203319 0.0571352
163 0.597941 0.2438 0.0560833
164 0.597941 0.261079 0.0532049
165 0.598272 0.261877 0.0535343
166 0.598272 0.221582 0.0533836
167 0.598272 0.240349 0.0584966
168 0.598272 0.248609 0.0620388
169 0.598272 0.22531 0.0607421
170 0.598272 0.246084 0.0607258
171 0.598272 0.234725 0.0582156
172 0.598272 0.254763 0.0551884
173 0.598272 0.260487 0.0553087
174 0.598272 0.250944 0.0579867
175 0.598272 0.274527 0.0493046
176 0.598272 0.251715 0.0584179
177 0.598272 0.258229 0.0541379
178 0.598272 0.26268 0.0550342
179 0.598272 0.266885 0.0496893
180 0.598272 0.249655 0.0553458
181 0.598272 0.262238 0.0547162
182 0.598605 0.254897 0.0584988
183 0.598605 0.231753 0.060209
184 0.598605 0.239605 0.0627852
185 0.598605 0.250116 0.0596607
186 0.598605 0.243597 0.0566981
187 0.598605 0.248542 0.0535788
188 0.598605 0.24077 0.0543851
189 0.602212 0.240106 0.0584406
190 0.602212 0.260004 0.0526646
191 0.602212 0.274767 0.0611158
192 0.602212 0.263235 0.0588073
193 0.602212 0.252123 0.0597435
194 0.602212 0.238579 0.0535563
195 0.602212 0.257455 0.0578148
196 0.602212 0.218898 0.0589168
197 0.602212 0.229425 0.0597061
198 0.602212 0.2274 0.0573777
199 0.602212 0.254089 0.0568951
200 0.602212 0.255689 0.0563001
201 0.602212 0.243413 0.0530852
202 0.602212 0.258748 0.0534719
203 0.602212 0.268305 0.0510023
204 0.602212 0.262182 0.056329
205 0.602212 0.256883 0.057148
206 0.602212 0.251677 0.0565697
207 0.602212 0.248561 0.0514373
208 0.602212 0.264233 0.0534273
209 0.602212 0.240503 0.0514604
210 0.602212 0.246757 0.053798
211 0.602212 0.241914 0.052673
212 0.602212 0.231626 0.0505992
213 0.602212 0.258508 0.0556257
214 0.603375 0.274587 0.0558321
215 0.603375 0.244077 0.0562641
216 0.603375 0.246074 0.0565104
217 0.603375 0.242794 0.0574896
218 0.604139 0.22594 0.0562142
219 0.604139 0.234971 0.0587889
220 0.604139 0.216326 0.0613511
221 0.604139 0.189621 0.0575348
222 0.604139 0.225285 0.0618165
223 0.604139 0.242078 0.0612588
224 0.604139 0.217317 0.0581414
225 0.604139 0.22786 0.0612186
226 0.604139 0.217719 0.0569682
227 0.604139 0.227543 0.0566556
228 0.604139 0.22916 0.0576244
229 0.604139 0.209854 0.0581772
230 0.604139 0.195931 0.0582894
231 0.604139 0.240173 0.0623348
232 0.604139 0.209725 0.0565721
233 0.604139 0.187474 0.0504038
234 0.604139 0.218386 0.0587314
235 0.604139 0.210477 0.0606334
236 0.604139 0.215097 0.059018
237 0.604139 0.24721 0.059487
238 0.604139 0.227182 0.0574598
239 0.604139 0.224333 0.0556135
240 0.604139 0.219901 0.0593378
241 0.604139 0.233894 0.0566255
242 0.604139 0.258137 0.0601045
243 0.604139 0.266664 0.0576334
244 0.604139 0.254723 0.0584748
245 0.604139 0.264452 0.0572432
246 0.604139 0.26828 0.0572362
247 0.604139 0.263256 0.0607627
248 0.604139 0.257767 0.0556712
249 0.604139 0.262368 0.0565487
250 0.604139 0.311835 0.0556481
251 0.604139 0.271505 0.0628646
252 0.604139 0.25563 0.0603399
253 0.604139 0.247439 0.0591945
254 0.604139 0.236377 0.0531299
255 0.604139 0.255191 0.0569751
256 0.604139 0.26973 0.0597282
257 0.604139 0.242791 0.0583104
258 0.604139 0.239062 0.0614868
259 0.604339 0.229722 0.0583337
260 0.604339 0.257875 0.0555454
261 0.605154 0.269138 0.0546352
262 0.605154 0.248339 0.0562658
263 0.605154 0.231836 0.0536348
264 0.605154 0.22867 0.0580688
265 0.605154 0.209448 0.0575052
266 0.605154 0.221674 0.0567618
267 0.605154 0.218386 0.0575769
268 0.605154 0.22636 0.0607053
269 0.605154 0.248019 0.0568413
270 0.605154 0.241168 0.0581453
271 0.605154 0.287139 0.0572265
272 0.605154 0.274679 0.0567969
273 0.605154 0.262337 0.059397
274 0.605154 0.264456 0.0578053
275 0.605154 0.221179 0.0573229
276 0.605154 0.208182 0.0560012
277 0.605154 0.21925 0.0560187
278 0.605154 0.247655 0.0573756
279 0.605154 0.239832 0.0565714
280 0.605154 0.246134 0.0583047
281 0.605154 0.242914 0.0597967
282 0.605154 0.225908 0.0581383
283 0.605154 0.230317 0.0597295
284 0.605154 0.232068 0.0601771
285 0.605154 0.203451 0.056347
286 0.605154 0.228841 0.0622338
287 0.605154 0.24023 0.0585877
288 0.605154 0.255446 0.0625451
289 0.605154 0.253337 0.0604382
290 0.605154 0.235379 0.0603139
291 0.605154 0.250367 0.059416
292 0.605154 0.245023 0.0569589
293 0.605154 0.237319 0.0543941
294 0.605154 0.249535 0.0635817
295 0.605154 0.26954 0.0590303
296 0.605154 0.253873 0.06171
297 0.605154 0.263116 0.0604173
298 0.605154 0.274961 0.0610503
299 0.605154 0.301974 0.0581936
300 0.605154 0.268667 0.0589191
301 0.605154 0.285648 0.0601939
302 0.605154 0.228811 0.0588275
303 0.605154 0.248618 0.0602507
304 0.605154 0.256698 0.0553431
305 0.605154 0.223625 0.057232
306 0.605154 0.249524 0.06335
307 0.605154 0.238221 0.0604514
308 0.605154 0.210509 0.0619537
309 0.605177 0.200656 0.0593244
310 0.605177 0.222745 0.0585392
311 0.605177 0.242074 0.0583473
312 0.605177 0.216832 0.0586221
313 0.605177 0.242312 0.0594502
314 0.605177 0.254205 0.0563731
315 0.605177 0.265276 0.0573982
316 0.605177 0.269767 0.0555356
317 0.605177 0.266343 0.0558633
318 0.605177 0.281392 0.0537033
319 0.605177 0.272715 0.053167
320 0.605177 0.264145 0.0558802
321 0.605177 0.264854 0.0549932
322 0.605177 0.298477 0.0546117
323 0.605177 0.264797 0.0610223
324 0.605177 0.2696 0.0577963
325 0.605177 0.245076 0.0595629
326 0.605177 0.263687 0.0586308
327 0.605177 0.294744 0.0628062
328 0.605177 0.287081 0.0574486
329 0.605177 0.274154 0.0552905
330 0.605177 0.274651 0.0569372
331 0.605177 0.243528 0.0559572
332 0.605177 0.237082 0.0594396
333 0.605177 0.254665 0.0608388
334 0.605177 0.246952 0.0621547
335 0.605177 0.259963 0.0575942
336 0.605177 0.243791 0.0583726
337 0.605177 0.236041 0.0551135
338 0.605177 0.239189 0.060619
339 0.605177 0.239905 0.0615166
340 0.605177 0.197889 0.059144
341 0.605177 0.203909 0.059677
342 0.605177 0.244018 0.0601072
343 0.605177 0.22465 0.0612144
344 0.605177 0.224894 0.0630395
345 0.605444 0.253013 0.0678689
346 0.605444 0.250376 0.0659872
347 0.605444 0.233772 0.0629228
348 0.605444 0.247043 0.0628292
349 0.605444 0.243854 0.0655211
350 0.605444 0.233937 0.0647589
351 0.605444 0.239765 0.0603448
352 0.605444 0.236927 0.0628751
353 0.605444 0.228969 0.0619293
354 0.605444 0.216923 0.0598023
355 0.605444 0.260192 0.0620634
356 0.605444 0.247267 0.0590179
357 0.605444 0.255089 0.062497
358 0.605444 0.265607 0.0591997
359 0.605444 0.251448 0.0576471
360 0.605444 0.264615 0.057525
361 0.605444 0.258772 0.0555235
362 0.605444 0.244856 0.0624685
363 0.605444 0.254876 0.064435
364 0.605444 0.246057 0.0569378
365 0.605444 0.239392 0.0609073
366 0.605444 0.229075 0.0595757
367 0.605444 0.209637 0.0565821
368 0.605444 0.26529 0.0579792
369 0.605444 0.245595 0.0538898
370 0.605444 0.262934 0.0570587
371 0.605444 0.253501 0.0546057
372 0.605444 0.28872 0.0535989
373 0.605444 0.266644 0.0583397
374 0.605444 0.273283 0.0597325
375 0.605444 0.255886 0.0574008
376 0.605444 0.265986 0.056669
377 0.605444 0.276125 0.0554172
378 0.605444 0.255375 0.0616464
379 0.605444 0.252213 0.0582751
380 0.605444 0.2749 0.0564672
381 0.605444 0.249771 0.0545512
382 0.605444 0.238363 0.0570058
383 0.605444 0.247008 0.0579274
384 0.605444 0.260589 0.0590199
385 0.605444 0.245567 0.0604079
386 0.605444 0.210168 0.0583678
387 0.605444 0.258573 0.0580806
388 0.605444 0.244061 0.0578886
389 0.605444 0.264636 0.0553851
390 0.605444 0.272969 0.0563015
391 0.605444 0.266761 0.0541316
392 0.605444 0.277526 0.0565134
393 0.605444 0.267507 0.0569849
394 0.605444 0.248601 0.0558532
395 0.605444 0.235885 0.0538376
396 0.605444 0.231558 0.0560919
397 0.605444 0.219264 0.0569193
398 0.605444 0.247414 0.0574444
399 0.605444 0.274646 0.0575485
400 0.605444 0.256355 0.0603978
401 0.605444 0.24171 0.059276
402 0.605501 0.276719 0.0605705
403 0.605501 0.280596 0.0627055
404 0.605501 0.257575 0.0568545
405 0.605501 0.255811 0.0577648
406 0.605501 0.247567 0.0593698
407 0.605501 0.242412 0.058842
408 0.605501 0.230297 0.0603476
409 0.605501 0.240682 0.0571895
410 0.605501 0.250142 0.0613743
411 0.605501 0.258342 0.0561846
412 0.605501 0.269245 0.0614412
413 0.605501 0.255819 0.0608198
414 0.605501 0.251803 0.0571374
415 0.605501 0.259519 0.0598601
416 0.605501 0.270615 0.057813
417 0.605501 0.239696 0.0572155
418 0.605501 0.242453 0.0614139
419 0.605501 0.236738 0.0590141
420 0.605501 0.239736 0.0563849
421 0.605501 0.251846 0.0583869
422 0.605501 0.27271 0.0548845
423 0.605501 0.237562 0.0565172
424 0.605501 0.255793 0.0539729
425 0.605501 0.231307 0.0616153
426 0.605501 0.216321 0.0651173
427 0.605501 0.22671 0.0625355
428 0.605501 0.22104 0.0597437
429 0.605501 0.225967 0.0603867
430 0.605501 0.256624 0.0620132
431 0.605501 0.211915 0.0637396
432 0.605501 0.20777 0.0609512
433 0.605501 0.210119 0.0646364
434 0.605501 0.201462 0.0584769
435 0.605501 0.1989 0.0584321
436 0.605501 0.231749 0.0559875
437 0.605501 0.246771 0.0598548
438 0.605501 0.219758 0.0568671
439 0.605501 0.228048 0.0577177
440 0.605501 0.229642 0.053981
441 0.605501 0.28841 0.0568358
442 0.605501 0.255788 0.0553201
443 0.605501 0.247953 0.0582379
444 0.605501 0.242652 0.0541531
445 0.605501 0.229514 0.0550599
446 0.605501 0.273316 0.0568472
447 0.605704 0.259977 0.0548858
448 0.605704 0.254089 0.0522146
449 0.605704 0.265017 0.055687
450 0.605704 0.271546 0.056128
451 0.605704 0.277853 0.0575854
452 0.605704 0.269454 0.0573043
453 0.605704 0.2456 0.0589074
454 0.605704 0.240289 0.0572266
455 0.605704 0.255573 0.0556125
456 0.605704 0.250038 0.0576279
457 0.605704 0.238826 0.0550025
458 0.605704 0.263205 0.0576419
459 0.605704 0.253571 0.0604304
460 0.605704 0.25517 0.0585544
461 0.605704 0.257559 0.0591344
462 0.605704 0.250825 0.062888
463 0.605704 0.261281 0.0600955
464 0.605704 0.251135 0.061399
465 0.605704 0.207833 0.051366
466 0.605704 0.195517 0.0555613
467 0.605704 0.238053 0.0575203
468 0.605704 0.226821 0.0623182
469 0.605704 0.238715 0.0584839
470 0.605704 0.258765 0.0613613
471 0.605704 0.267072 0.0550988
472 0.605745 0.279564 0.0612511
473 0.605745 0.262882 0.0606866
474 0.605745 0.264972 0.0576819
475 0.605745 0.298538 0.0543235
476 0.605745 0.281723 0.0572899
477 0.605745 0.297518 0.0584954
478 0.605745 0.268247 0.0528398
479 0.605745 0.286209 0.0606518
480 0.605745 0.272303 0.0561331
481 0.605745 0.280348 0.0584108
482 0.605745 0.273419 0.059483
483 0.605745 0.281014 0.0623058
484 0.605745 0.264598 0.0586069
485 0.605745 0.256014 0.0596789
486 0.605745 0.260468 0.0587373
487 0.605745 0.28737 0.0526959
488 0.605745 0.268401 0.0569751
489 0.605745 0.230364 0.0540788
490 0.605745 0.231742 0.0600328
491 0.605745 0.25479 0.0615943
492 0.605745 0.236906 0.0615855
493 0.605745 0.218184 0.0592003
494 0.605745 0.239701 0.060395
495 0.605745 0.223056 0.0582222
496 0.605745 0.233728 0.058713
497 0.605745 0.223382 0.0607365
498 0.606196 0.210559 0.0599986
499 0.606196 0.238061 0.0590673
500 0.606206 0.243637 0.0613638
501 0.606206 0.238959 0.0589736
502 0.606206 0.257212 0.0622187
503 0.606206 0.266493 0.0608063
504 0.606206 0.279379 0.0532382
505 0.606206 0.280437 0.0565961
506 0.606206 0.288296 0.0533936
507 0.606206 0.29297 0.0529252
508 0.606206 0.255287 0.0548778
509 0.606206 0.212313 0.0564071
510 0.606206 0.219002 0.0561186
511 0.606206 0.239852 0.059456
512 0.606206 0.251911 0.0535768
513 0.606206 0.248352 0.0602294
514 0.606206 0.256216 0.0563231
515 0.606206 0.274573 0.0542724
516 0.606206 0.279499 0.0588162
517 0.606206 0.262811 0.0612953
518 0.606206 0.278672 0.0607826
519 0.606206 0.266961 0.0615442
520 0.606206 0.226988 0.0583726
521 0.606206 0.225128 0.0558986
522 0.606206 0.235576 0.0555145
523 0.606206 0.216867 0.057779
524 0.606206 0.279573 0.0631685
525 0.606206 0.27916 0.0617585
526 0.606206 0.267588 0.0540141
527 0.606206 0.259007 0.0590188
528 0.606206 0.255561 0.0573346
529 0.606206 0.283156 0.059957
530 0.606206 0.251842 0.0573501
531 0.606206 0.252514 0.0534185
532 0.606206 0.294264 0.0534626
533 0.606206 0.27078 0.0559971
534 0.606206 0.261056 0.0634386
535 0.606388 0.253804 0.0584262
536 0.606388 0.285623 0.0550666
537 0.606388 0.297877 0.0546416
538 0.606388 0.281169 0.0539706
539 0.606388 0.269571 0.0521893
540 0.606388 0.242988 0.0561586
541 0.606388 0.265531 0.0594403
542 0.606388 0.262427 0.0569925
543 0.606388 0.266666 0.0575656
544 0.606388 0.265748 0.055319
545 0.606388 0.260222 0.0599746
546 0.606388 0.25245 0.0563695
547 0.606388 0.250084 0.0547626
548 0.606388 0.256944 0.0580428
549 0.606388 0.272005 0.0541785
550 0.606388 0.278171 0.0587367
551 0.606388 0.26693 0.0636174
552 0.606388 0.258781 0.0599273
553 0.606388 0.23635 0.0562632
554 0.606388 0.284793 0.0558543
555 0.606388 0.290328 0.0571756
556 0.606388 0.253141 0.0567937
557 0.606388 0.263981 0.0598117
558 0.606388 0.250418 0.0597292
559 0.606388 0.226572 0.0623928
560 0.606388 0.257243 0.0661515
561 0.606388 0.260928 0.0638936
562 0.606388 0.233602 0.0585144
563 0.606388 0.22604 0.0572959
564 0.606388 0.230367 0.0575468
565 0.606388 0.248307 0.0686022
566 0.606388 0.231418 0.064225
567 0.606388 0.244085 0.0594089
568 0.606388 0.256206 0.0643907
569 0.606388 0.287466 0.0612644
570 0.606388 0.241841 0.0601953
571 0.606388 0.264293 0.0603791
572 0.606388 0.254391 0.0587832
573 0.606388 0.276959 0.0591341
574 0.606388 0.282005 0.0642766
575 0.606388 0.250759 0.0611143
576 0.606388 0.27594 0.0588714
577 0.606388 0.270968 0.0601252
578 0.606388 0.273998 0.0617989
579 0.606388 0.271755 0.0570341
580 0.606388 0.254098 0.0593336
581 0.606388 0.234447 0.0578675
582 0.606388 0.23618 0.059165
583 0.606388 0.268298 0.0604896
584 0.606388 0.262319 0.0576818
585 0.606388 0.273811 0.0566426
586 0.606388 0.270988 0.0530445
587 0.606388 0.260855 0.0534215
588 0.606388 0.225267 0.0565066
589 0.606388 0.243185 0.0598205
590 0.606388 0.233748 0.0572399
591 0.606388 0.22761 0.0531726
592 0.606388 0.258425 0.0562495
593 0.606388 0.259391 0.057026
594 0.606388 0.241266 0.0550705
595 0.606388 0.268625 0.0558216
596 0.606388 0.293163 0.0572513
597 0.606388 0.278634 0.0571111
598 0.606388 0.290839 0.055468
599 0.606388 0.261724 0.0562901
600 0.606388 0.243535 0.0617506
601 0.606388 0.245809 0.0619313
602 0.606388 0.241419 0.0582623
603 0.606388 0.251418 0.0567741
604 0.606388 0.246869 0.055492
605 0.606388 0.249379 0.0573932
606 0.606388 0.251196 0.0611608
607 0.606388 0.234531 0.0589792
608 0.606388 0.241691 0.0578462
609 0.606388 0.243026 0.0532997
610 0.606388 0.244342 0.0506848
611 0.606388 0.2596 0.0586036
612 0.606388 0.284068 0.0525378
613 0.606388 0.288434 0.0530781
614 0.606388 0.263745 0.051008
615 0.606388 0.291798 0.0549667
616 0.606388 0.274088 0.0572863
617 0.606388 0.249199 0.0604234
618 0.606388 0.248073 0.0583155
619 0.606388 0.264398 0.0580524
620 0.606388 0.25997 0.0583274
621 0.606388 0.256405 0.0556917
622 0.606388 0.225839 0.0548003
623 0.606388 0.240721 0.0607872
624 0.606388 0.251853 0.0597275
625 0.606388 0.236816 0.0582846
626 0.606388 0.250177 0.0542474
627 0.606388 0.274105 0.0548654
628 0.606388 0.260354 0.0579049
629 0.606388 0.244208 0.0541277
630 0.606388 0.23237 0.0534044
631 0.606388 0.205396 0.052585
632 0.606388 0.218274 0.0551654
633 0.606388 0.214218 0.0581943
634 0.606388 0.22816 0.0587054
635 0.606388 0.251418 0.0615649
636 0.606388 0.252982 0.0623295
637 0.606388 0.230272 0.0565791
638 0.606388 0.251094 0.0581492
639 0.606388 0.249553 0.0587637
640 0.606388 0.246598 0.0585678
641 0.606388 0.275923 0.0605544
642 0.606388 0.234645 0.0590694
643 0.606388 0.266012 0.0632796
644 0.606388 0.23779 0.0566316
645 0.606388 0.243381 0.0563402
646 0.606388 0.240253 0.0603056
647 0.606388 0.211147 0.0576381
648 0.606388 0.228358 0.0579316
649 0.606388 0.247307 0.0635693
650 0.606388 0.24172 0.056503
651 0.606388 0.244684 0.0557908
652 0.606388 0.254956 0.056762
653 0.606388 0.25492 0.0591243
654 0.606388 0.263201 0.0574001
655 0.606388 0.270545 0.0552266
656 0.606388 0.277271 0.0570326
657 0.606388 0.255599 0.0593561
658 0.606388 0.262023 0.0593808
659 0.606388 0.275496 0.0648796
660 0.606388 0.256769 0.0569536
661 0.606388 0.252294 0.0598092
662 0.606388 0.277523 0.0579493
663 0.606388 0.266455 0.0612361
664 0.606388 0.262633 0.0571817
665 0.606388 0.279977 0.0564727
666 0.606388 0.258724 0.0618469
667 0.606388 0.228535 0.0575046
668 0.606388 0.232401 0.0586035
669 0.606388 0.27015 0.0603009
670 0.606388 0.275402 0.0642455
671 0.606388 0.260632 0.0616301
672 0.606388 0.2545 0.0621091
673 0.606388 0.245668 0.060735
674 0.606388 0.235221 0.0598089
675 0.606388 0.27357 0.0561936
676 0.606388 0.265538 0.0566208
677 0.606388 0.254581 0.0569561
678 0.606388 0.28214 0.0579298
679 0.606388 0.254483 0.0585401
680 0.606388 0.270823 0.0538435
681 0.606388 0.283896 0.0539996
682 0.606388 0.231143 0.0614088
683 0.606388 0.243893 0.0629046
684 0.606388 0.247391 0.059368
685 0.606388 0.235197 0.0572539
686 0.606388 0.259622 0.0595418
687 0.606388 0.297339 0.0591234
688 0.606388 0.275932 0.0559335
689 0.606388 0.255751 0.0514375
690 0.606388 0.275675 0.0588205
691 0.606388 0.270797 0.0589111
692 0.606388 0.262804 0.0552826
693 0.606388 0.247599 0.058175
694 0.606388 0.213634 0.0544631
695 0.606388 0.261887 0.0584325
696 0.606388 0.281782 0.0573046
697 0.606388 0.274369 0.0580793
698 0.606388 0.259348 0.0567137
699 0.606388 0.254975 0.0595757
700 0.606388 0.245678 0.0595478
701 0.606388 0.260579 0.0573907
702 0.606388 0.225382 0.0595087
703 0.606388 0.244974 0.059321
704 0.606388 0.260551 0.0548997
705 0.606388 0.256548 0.0553523
706 0.606388 0.255257 0.0585783
707 0.606388 0.271903 0.0574324
708 0.606388 0.256644 0.0564677
709 0.606388 0.245393 0.0576043
710 0.606388 0.255928 0.0641407
711 0.606388 0.251374 0.060009
712 0.606388 0.257758 0.0602163
713 0.606388 0.25572 0.0573887
714 0.606388 0.235327 0.0553724
715 0.606388 0.232424 0.0569318
716 0.606388 0.23358 0.0578046
717 0.606388 0.227715 0.0585184
718 0.606388 0.223747 0.0549612
719 0.606388 0.228694 0.0553872
720 0.606388 0.225787 0.0525299
721 0.606388 0.238006 0.0530784
722 0.606388 0.234922 0.0553815
723 0.606388 0.233228 0.054732
724 0.606388 0.222764 0.0563574
725 0.606388 0.250954 0.0569251
726 0.606388 0.294074 0.0556035
727 0.606388 0.267829 0.0640411
728 0.606388 0.275638 0.055917
729 0.606388 0.293131 0.0608406
730 0.606388 0.254043 0.0549792
731 0.606388 0.226635 0.0557983
732 0.606388 0.254419 0.0606328
733 0.606388 0.281728 0.0582368
734 0.606388 0.283297 0.0557016
735 0.606388 0.300589 0.0579997
736 0.606388 0.296081 0.0608062
737 0.606388 0.265302 0.0605594
738 0.606388 0.271588 0.0562411
739 0.606388 0.25976 0.0559315
740 0.606388 0.245943 0.0584666
741 0.606388 0.245658 0.0613413
742 0.606388 0.254636 0.0575075
743 0.606388 0.29917 0.0538157
744 0.606388 0.305029 0.0540234
745 0.606388 0.311482 0.0541744
746 0.606388 0.296065 0.0537953
747 0.606388 0.313077 0.0512647
748 0.606388 0.26526 0.0554133
749 0.606388 0.257331 0.056601
750 0.606388 0.27297 0.0540122
751 0.606388 0.232375 0.0522828
752 0.606388 0.250105 0.0585152
753 0.606388 0.247553 0.0638399
754 0.606388 0.2758 0.0594708
755 0.606388 0.265718 0.0547347
756 0.606388 0.293194 0.0578203
757 0.606388 0.284661 0.0612215
758 0.606388 0.270064 0.0595789
759 0.606388 0.284546 0.0584165
760 0.606388 0.248299 0.0579209
761 0.606388 0.276249 0.0596061
762 0.606388 0.306911 0.0566674
763 0.606388 0.272435 0.059723
764 0.606388 0.288845 0.0583245
765 0.606388 0.274604 0.0594274
766 0.606388 0.272999 0.0575177
767 0.606388 0.272939 0.0616334
768 0.606388 0.261244 0.0587816
769 0.606388 0.235376 0.0526001
770 0.606388 0.241066 0.0570965
771 0.606388 0.212292 0.0578339
772 0.606388 0.227501 0.0621422
773 0.606388 0.243421 0.0588991
774 0.606388 0.255585 0.054583
775 0.606388 0.262322 0.0545682
776 0.606388 0.252404 0.0615206
777 0.606388 0.249634 0.0602103
778 0.606388 0.282885 0.0598963
779 0.606388 0.27657 0.0671967
780 0.606388 0.274271 0.060321
781 0.606388 0.259205 0.0603309
782 0.606388 0.282262 0.0597532
783 0.606388 0.247236 0.0590074
784 0.606388 0.260696 0.0587542
785 0.606388 0.215526 0.0509666
786 0.606388 0.241616 0.0573971
787 0.606388 0.230547 0.0593456
788 0.606388 0.229897 0.0598203
789 0.606388 0.262317 0.0651678
790 0.606388 0.276182 0.0557971
791 0.606388 0.258575 0.0577958
792 0.606388 0.264865 0.0560389
793 0.606388 0.254148 0.0597324
794 0.606388 0.24795 0.056075
795 0.606388 0.283154 0.0613847
796 0.606388 0.282439 0.0560024
797 0.606388 0.263928 0.0607991
798 0.606388 0.272219 0.0624105
799 0.606388 0.284435 0.0591503
800 0.606388 0.281587 0.0585566
801 0.606388 0.281189 0.0593637
802 0.606388 0.255637 0.0612142
803 0.606388 0.279518 0.0629643
804 0.606388 0.264459 0.0622552
805 0.606388 0.286274 0.0585575
806 0.606388 0.264038 0.0608477
807 0.606388 0.277686 0.0617707
808 0.606388 0.25942 0.0646394
809 0.606388 0.262518 0.0597389
810 0.606388 0.267029 0.0585119
811 0.606388 0.28428 0.0596791
812 0.606388 0.279749 0.0622455
813 0.606388 0.28218 0.0617349
814 0.606388 0.257636 0.0626669
815 0.606388 0.25813 0.0568475
816 0.606388 0.278598 0.0619582
817 0.606388 0.275792 0.0636569
818 0.606388 0.242584 0.0632928
819 0.606388 0.255579 0.061175
820 0.606388 0.24384 0.0634242
821 0.606388 0.247854 0.0604643
822 0.606388 0.265302 0.0557086
823 0.606388 0.280486 0.061244
824 0.606388 0.253308 0.0589006
825 0.606388 0.221233 0.0573062
826 0.606388 0.264548 0.0582095
827 0.606388 0.311085 0.0551104
828 0.606388 0.301327 0.0543951
829 0.606388 0.26355 0.0574624
830 0.606388 0.304444 0.0517986
831 0.606388 0.271417 0.0554632
832 0.606388 0.258724 0.0590012
833 0.606388 0.264934 0.0562424
834 0.606388 0.284948 0.0586661
835 0.606388 0.26787 0.0569678
836 0.606388 0.281308 0.0594661
837 0.606388 0.270155 0.0578112
838 0.606388 0.254585 0.0595732
839 0.606388 0.288397 0.0569662
840 0.606388 0.285052 0.0572274
841 0.606388 0.307114 0.0503224
842 0.606388 0.306632 0.0518162
843 0.606388 0.284292 0.0546307
844 0.606388 0.267742 0.0538976
845 0.606388 0.262217 0.0585014
846 0.606388 0.24394 0.0636679
847 0.606388 0.269695 0.0594132
848 0.606388 0.277227 0.0578038
849 0.606388 0.25672 0.0557083
850 0.606388 0.255542 0.0556397
851 0.606388 0.256539 0.0636861
852 0.606388 0.243584 0.0596101
853 0.606388 0.236736 0.0597577
854 0.606388 0.257786 0.0577239
855 0.606388 0.265046 0.0566878
856 0.606388 0.264852 0.058117
857 0.606388 0.258745 0.060393
858 0.606388 0.247096 0.0558308
859 0.606388 0.251427 0.0546415
860 0.606388 0.262377 0.0551643
861 0.606388 0.269198 0.0574198
862 0.606388 0.251706 0.0574905
863 0.606388 0.266887 0.0543994
864 0.606388 0.270197 0.0565251
865 0.606388 0.280469 0.0526906
866 0.606388 0.27592 0.0573861
867 0.606388 0.281564 0.0514958
868 0.606388 0.287959 0.053169
869 0.606388 0.28205 0.0602232
870 0.606388 0.282366 0.0606557
871 0.606388 0.258698 0.0618634
872 0.606388 0.259219 0.0532773
873 0.606388 0.216347 0.0577781
874 0.606388 0.227571 0.0562952
875 0.606388 0.260719 0.0580634
876 0.606388 0.236347 0.0606807
877 0.606388 0.261194 0.0613693
878 0.606388 0.251134 0.0599636
879 0.606388 0.243124 0.0640675
880 0.606388 0.247187 0.0631147
881 0.606388 0.258226 0.0582272
882 0.606388 0.232591 0.0620835
883 0.606388 0.25894 0.0604081
884 0.606388 0.267757 0.0561967
885 0.606388 0.282805 0.0574699
886 0.606388 0.276567 0.0517561
887 0.606388 0.275672 0.0577833
888 0.606388 0.296027 0.0508257
889 0.606388 0.258042 0.056095
890 0.606388 0.243975 0.0549088
891 0.606388 0.21959 0.0559427
892 0.606388 0.245877 0.0586344
893 0.606388 0.246229 0.0604017
894 0.606388 0.239285 0.059663
895 0.606388 0.264252 0.0623715
896 0.606388 0.25983 0.0638451
897 0.606388 0.26434 0.0667054
898 0.606388 0.287236 0.060656
899 0.606388 0.258491 0.0634105
900 0.606388 0.241845 0.0606276
901 0.606388 0.259948 0.0606448
902 0.606388 0.273568 0.058507
903 0.606388 0.268295 0.0563901
904 0.606388 0.250697 0.0574026
905 0.606388 0.260898 0.0552408
906 0.606388 0.258445 0.0484081
907 0.606388 0.255638 0.0527671
908 0.606388 0.280758 0.0567526
909 0.606388 0.27706 0.0538241
910 0.606388 0.268603 0.0600831
911 0.606388 0.239967 0.0557153
912 0.606388 0.239327 0.0564032
913 0.606388 0.240511 0.0606374
914 0.606388 0.250095 0.0613072
915 0.606388 0.220953 0.0609923
916 0.606388 0.222076 0.059083
917 0.606388 0.235563 0.0598333
918 0.606388 0.249209 0.0598275
919 0.606388 0.235793 0.0547576
920 0.606388 0.259565 0.0577966
921 0.606388 0.268424 0.0546289
922 0.606388 0.284532 0.053424
923 0.606388 0.298119 0.0539184
924 0.606388 0.291386 0.0567231
925 0.606388 0.289279 0.053128
926 0.606388 0.302219 0.0591785
927 0.606388 0.307823 0.0568451
928 0.606388 0.305587 0.0571581
929 0.606388 0.321023 0.053772
930 0.606388 0.356078 0.0498655
931 0.606388 0.32644 0.0548612
932 0.606388 0.342772 0.0553513
933 0.606388 0.328548 0.0552765
934 0.606388 0.285448 0.0536143
935 0.606388 0.292156 0.054335
936 0.606388 0.289896 0.0565937
937 0.606388 0.254854 0.0571179
938 0.606388 0.252962 0.0596177
939 0.606388 0.256679 0.0591585
940 0.606388 0.268315 0.0589534
941 0.606388 0.237037 0.0556126
942 0.606388 0.24256 0.0571506
943 0.606388 0.242462 0.0613512
944 0.606388 0.244964 0.0583498
945 0.606388 0.219791 0.0550048
946 0.606388 0.227353 0.0548928
947 0.606388 0.252624 0.0557061
948 0.606388 0.241295 0.0605826
949 0.606388 0.267675 0.0605688
950 0.606388 0.255872 0.0614825
951 0.606388 0.269624 0.0627709
952 0.606388 0.271392 0.05844
953 0.606388 0.281663 0.0559659
954 0.606388 0.263672 0.0584144
955 0.606388 0.249296 0.0620808
956 0.606388 0.286241 0.0585008
957 0.606388 0.262976 0.0595147
958 0.606388 0.258888 0.0606576
959 0.606388 0.248328 0.0578964
960 0.606388 0.247987 0.0595232
961 0.606388 0.279745 0.0554308
962 0.606388 0.256055 0.0608378
963 0.606388 0.261878 0.0625201
964 0.606388 0.26511 0.0616316
965 0.606388 0.259082 0.0637937
966 0.606388 0.241289 0.063438
967 0.606388 0.241948 0.0618562
968 0.606388 0.263946 0.0619994
969 0.606388 0.253502 0.063197
970 0.606388 0.232583 0.054372
971 0.606388 0.242881 0.0624763
972 0.606388 0.250736 0.0628845
973 0.606388 0.238457 0.0547395
974 0.606388 0.245269 0.0585034
975 0.606388 0.247696 0.0558261
976 0.606388 0.242227 0.0562635
977 0.606388 0.287777 0.0596571
978 0.606388 0.231729 0.0598955
979 0.606388 0.246588 0.057107
980 0.606388 0.248286 0.0564388
981 0.606388 0.239502 0.055662
982 0.606388 0.248134 0.0590284
983 0.606388 0.246597 0.0629183
984 0.606388 0.232932 0.0583728
985 0.606388 0.208584 0.059196
986 0.606388 0.196748 0.0543476
987 0.606388 0.244381 0.0647711
988 0.606388 0.219213 0.0615251
989 0.606388 0.215485 0.0584636
990 0.606388 0.220256 0.058413
991 0.606388 0.235158 0.0593352
992 0.606388 0.232633 0.0568175
993 0.606388 0.208627 0.0563353
994 0.606388 0.252043 0.0577617
995 0.606388 0.242406 0.0610745
996 0.606388 0.233604 0.0578874
997 0.606388 0.24231 0.058289
998 0.606388 0.264738 0.0560023
999 0.606388 0.259418 0.0549138
1000 0.606388 0.246228 0.052439
