0 0.12526 0.0611654 0.00391758
1 0.125263 0.0651219 0.00394268
2 0.125267 0.0763645 0.00376065
3 0.125267 0.0723285 0.00377404
4 0.125277 0.081138 0.00358144
5 0.125277 0.0839109 0.00348927
6 0.125277 0.0913966 0.0031123
7 0.125277 0.0976289 0.00271288
8 0.125277 0.097655 0.00270942
9 0.125277 0.0999502 0.00252175
10 0.125277 0.102651 0.00232948
11 0.125277 0.0964504 0.00278722
12 0.125277 0.0982389 0.00262976
13 0.125277 0.0951142 0.00288498
14 0.125277 0.10137 0.00243331
15 0.125277 0.107629 0.00190383
16 0.125277 0.106388 0.00201486
17 0.125277 0.111405 0.00154816
18 0.125277 0.112647 0.0014223
19 0.125277 0.11647 0.00100895
20 0.125277 0.111392 0.00154591
21 0.125277 0.108935 0.00177809
22 0.125277 0.108939 0.00177467
23 0.125277 0.111471 0.00152613
24 0.125277 0.110214 0.00165333
25 0.125277 0.111459 0.00153522
26 0.125277 0.111463 0.0015318
27 0.125277 0.117679 0.000883233
28 0.125277 0.11888 0.000751333
29 0.125278 0.12139 0.000460345
30 0.125278 0.122649 0.000310101
31 0.125278 0.122652 0.000310115
32 0.125278 0.122636 0.000310038
33 0.125278 0.122659 0.000305861
34 0.125278 0.122648 0.000305803
35 0.125278 0.123884 0.000156595
36 0.125278 0.125144 6.96941e-09
37 0.125278 0.125139 5.76708e-09
38 0.125278 0.123903 0.000153839
39 0.125278 0.123908 0.00015385
40 0.125278 0.123888 0.000153395
41 0.125278 0.12267 0.000302887
42 0.125278 0.122644 0.000306196
43 0.125278 0.122692 0.000298973
44 0.125278 0.123897 0.000155645
45 0.125278 0.123888 0.000155221
46 0.125278 0.122667 0.000303666
47 0.125278 0.123952 0.000142766
48 0.125278 0.125134 6.65011e-09
49 0.125278 0.125143 6.54135e-09
50 0.125278 0.123982 0.000135651
51 0.125278 0.1239 0.000153665
52 0.125278 0.122656 0.000306221
53 0.125278 0.124222 8.24867e-05
54 0.125278 0.12163 0.000405568
55 0.125278 0.12145 0.000443521
56 0.125278 0.120237 0.000582154
57 0.125278 0.119055 0.000709999
58 0.125278 0.117693 0.00083654
59 0.125278 0.117756 0.000862841
60 0.125278 0.12141 0.000455928
61 0.125278 0.123668 0.000157083
62 0.125278 0.122642 0.000309035
63 0.125278 0.122636 0.000308821
64 0.125278 0.123606 0.000144147
65 0.125278 0.123908 0.000154935
66 0.125278 0.123912 0.000152057
67 0.125278 0.124004 0.000129357
68 0.125278 0.125142 6.24913e-09
69 0.125278 0.123893 0.00015596
70 0.125278 0.121403 0.000457725
71 0.125278 0.123897 0.000156316
72 0.125278 0.121499 0.000434314
73 0.125278 0.12035 0.000560531
74 0.125278 0.121747 0.000387079
75 0.125278 0.123889 0.000156607
76 0.125278 0.125147 7.30007e-09
77 0.125278 0.125154 6.0728e-09
78 0.125278 0.125142 5.7218e-09
79 0.125278 0.125145 7.30737e-09
80 0.125278 0.124705 1.89984e-05
81 0.125278 0.12515 6.05697e-09
82 0.125278 0.123899 0.000153232
83 0.125278 0.125141 6.45568e-09
84 0.125278 0.125146 6.30416e-09
85 0.125278 0.125149 6.58999e-09
86 0.125278 0.12514 6.94667e-09
87 0.125278 0.125148 6.44865e-09
88 0.125278 0.125139 5.79569e-09
89 0.125278 0.125148 5.3487e-09
90 0.125278 0.123896 0.000154913
91 0.125278 0.122649 0.000307666
92 0.125278 0.118917 0.00074477
93 0.125278 0.121425 0.000454021
94 0.125278 0.12266 0.000306408
95 0.125278 0.121429 0.000453544
96 0.125278 0.120161 0.000601753
97 0.125278 0.121406 0.000455213
98 0.125278 0.121396 0.00045992
99 0.125278 0.122646 0.000308696
100 0.125278 0.121433 0.000450715
101 0.125278 0.121428 0.000450846
102 0.125278 0.121423 0.000451245
103 0.125278 0.121423 0.000450251
104 0.125278 0.118903 0.00074599
105 0.125278 0.120149 0.000603948
106 0.125278 0.123898 0.00015663
107 0.125278 0.12389 0.000156437
108 0.125278 0.123897 0.000156329
109 0.125278 0.122648 0.000308805
110 0.125278 0.12269 0.000301352
111 0.125278 0.12268 0.000301247
112 0.125278 0.122652 0.000304735
113 0.125278 0.1214 0.000455983
114 0.125278 0.120188 0.000595727
115 0.125278 0.120153 0.000603688
116 0.125278 0.122654 0.000306616
117 0.125278 0.122646 0.00030831
118 0.125278 0.122643 0.00030915
119 0.125278 0.12514 6.10476e-09
120 0.125278 0.125143 6.34255e-09
121 0.125278 0.125137 6.34977e-09
122 0.125278 0.125144 5.76668e-09
123 0.125278 0.125143 5.93965e-09
124 0.125278 0.125142 5.9546e-09
125 0.125278 0.125149 6.1648e-09
126 0.125278 0.125144 6.15002e-09
127 0.125278 0.125141 5.16373e-09
128 0.125278 0.125141 5.349e-09
129 0.125278 0.125136 6.58251e-09
130 0.125278 0.123892 0.000155045
131 0.125278 0.123903 0.000154944
132 0.125278 0.123888 0.000155082
133 0.125278 0.125144 5.4526e-09
134 0.125278 0.125138 6.11631e-09
135 0.125278 0.125134 5.81865e-09
136 0.125278 0.125152 6.09453e-09
137 0.125278 0.125145 6.36217e-09
138 0.125278 0.123904 0.000155709
139 0.125278 0.122647 0.000305992
140 0.125278 0.121412 0.000454151
141 0.125278 0.120176 0.000598875
142 0.125278 0.120183 0.00059837
143 0.125278 0.123908 0.000153985
144 0.125278 0.123909 0.000154048
145 0.125278 0.122637 0.000309321
146 0.125278 0.120225 0.000583196
147 0.125278 0.123917 0.000149782
148 0.125278 0.123914 0.000150427
149 0.125278 0.125144 5.35808e-09
150 0.125278 0.125144 6.36806e-09
151 0.125278 0.12515 5.55552e-09
152 0.125278 0.125136 5.42862e-09
153 0.125278 0.125149 5.86901e-09
154 0.125278 0.125152 5.23253e-09
155 0.125278 0.125149 4.77708e-09
156 0.125278 0.125147 5.22667e-09
157 0.125278 0.122651 0.000306182
158 0.125278 0.12265 0.000306223
159 0.125278 0.122678 0.000299184
160 0.125278 0.125143 6.25735e-09
161 0.125278 0.125128 5.63457e-09
162 0.125278 0.125147 6.42141e-09
163 0.125278 0.12514 6.92014e-09
164 0.125278 0.123925 0.000146468
165 0.125278 0.125147 5.4474e-09
166 0.125278 0.125152 5.6772e-09
167 0.125278 0.125151 5.14545e-09
168 0.125278 0.125147 6.53591e-09
169 0.125278 0.123891 0.000156611
170 0.125278 0.125141 5.94293e-09
171 0.125278 0.12391 0.000154983
172 0.125278 0.122644 0.000309273
173 0.125278 0.125145 6.12665e-09
174 0.125278 0.125148 5.8548e-09
175 0.125278 0.125161 5.77873e-09
176 0.125278 0.125148 5.57286e-09
177 0.125278 0.125147 5.60407e-09
178 0.125278 0.125154 5.18107e-09
179 0.125278 0.125148 5.46353e-09
180 0.125278 0.125138 6.20809e-09
181 0.125278 0.125138 4.84077e-09
182 0.125278 0.125143 5.8248e-09
183 0.125278 0.125144 5.60505e-09
184 0.125278 0.125142 5.50523e-09
185 0.125278 0.125143 6.04504e-09
186 0.125278 0.125133 6.9576e-09
187 0.125278 0.123892 0.000156474
188 0.125278 0.125144 6.35592e-09
189 0.125278 0.125148 5.57836e-09
190 0.125278 0.125136 6.12873e-09
191 0.125278 0.123899 0.000156397
192 0.125278 0.125145 7.33472e-09
193 0.125278 0.125136 6.40809e-09
194 0.125278 0.125142 4.88709e-09
195 0.125278 0.125138 5.52865e-09
196 0.125278 0.125149 5.78931e-09
197 0.125278 0.125145 6.15126e-09
198 0.125278 0.125144 5.19738e-09
199 0.125278 0.125133 6.68677e-09
200 0.125278 0.12513 6.0012e-09
201 0.125278 0.123894 0.000153012
202 0.125278 0.123897 0.000153948
203 0.125278 0.122667 0.000306101
204 0.125278 0.120171 0.000598762
205 0.125278 0.123921 0.000148437
206 0.125278 0.123895 0.000156368
207 0.125278 0.125138 5.91885e-09
208 0.125278 0.123882 0.000156591
209 0.125278 0.125143 5.45577e-09
210 0.125278 0.125139 5.71801e-09
211 0.125278 0.12515 6.00962e-09
212 0.125278 0.125148 6.64407e-09
213 0.125278 0.125152 7.28292e-09
214 0.125278 0.125147 5.50712e-09
215 0.125278 0.125141 6.89731e-09
216 0.125278 0.123896 0.000155687
217 0.125278 0.12389 0.000156115
218 0.125278 0.123881 0.000156587
219 0.125278 0.123887 0.000156602
220 0.125278 0.12388 0.000156586
221 0.125278 0.123923 0.000150673
222 0.125278 0.12389 0.000156611
223 0.125278 0.123889 0.000156606
224 0.125278 0.12514 5.24364e-09
225 0.125278 0.122638 0.000309141
226 0.125278 0.122653 0.000308883
227 0.125278 0.121395 0.000460388
228 0.125278 0.122654 0.000309318
229 0.125278 0.121423 0.00045365
230 0.125278 0.122663 0.000304375
231 0.125278 0.122637 0.000308463
232 0.125278 0.122652 0.000304025
233 0.125278 0.122645 0.000308235
234 0.125278 0.120221 0.000590832
235 0.125278 0.117724 0.000872052
236 0.125278 0.121419 0.000457196
237 0.125278 0.118944 0.000737684
238 0.125278 0.121424 0.000451662
239 0.125278 0.121414 0.000453291
240 0.125278 0.122639 0.000310046
241 0.125278 0.123892 0.000156615
242 0.125278 0.122638 0.000309843
243 0.125278 0.12389 0.000156514
244 0.125278 0.125136 6.34819e-09
245 0.125278 0.125142 5.6241e-09
246 0.125278 0.125144 5.64549e-09
247 0.125278 0.12514 6.00601e-09
248 0.125278 0.12515 5.8338e-09
249 0.125278 0.125143 5.57763e-09
250 0.125278 0.125149 6.51085e-09
251 0.125278 0.125127 6.52974e-09
252 0.125278 0.125145 6.08695e-09
253 0.125278 0.125147 6.53325e-09
254 0.125278 0.125151 5.96576e-09
255 0.125278 0.125142 6.5122e-09
256 0.125278 0.125136 6.21304e-09
257 0.125278 0.123899 0.000153487
258 0.125278 0.125141 5.05522e-09
259 0.125278 0.125142 5.13014e-09
260 0.125278 0.125139 5.26539e-09
261 0.125278 0.125144 6.12614e-09
262 0.125278 0.125152 5.58531e-09
263 0.125278 0.12514 5.3918e-09
264 0.125278 0.123904 0.000152912
265 0.125278 0.125139 5.91337e-09
266 0.125278 0.125149 5.78557e-09
267 0.125278 0.125153 6.48402e-09
268 0.125278 0.125144 6.02251e-09
269 0.125278 0.125143 6.50456e-09
270 0.125278 0.125155 5.33547e-09
271 0.125278 0.125138 5.60311e-09
272 0.125278 0.125142 5.47634e-09
273 0.125278 0.123894 0.00015662
274 0.125278 0.122651 0.000310114
275 0.125278 0.121391 0.000460355
276 0.125278 0.123895 0.000156619
277 0.125278 0.122648 0.000306802
278 0.125278 0.123907 0.000154458
279 0.125278 0.122656 0.000308557
280 0.125278 0.12515 5.4133e-09
281 0.125278 0.125148 5.62435e-09
282 0.125278 0.12514 5.20923e-09
283 0.125278 0.125148 4.81828e-09
284 0.125278 0.125136 4.93214e-09
285 0.125278 0.125137 5.24767e-09
286 0.125278 0.125143 5.13341e-09
287 0.125278 0.123902 0.000156534
288 0.125278 0.125149 5.67218e-09
289 0.125278 0.123946 0.000143585
290 0.125278 0.125151 4.4873e-09
291 0.125278 0.125153 5.44874e-09
292 0.125278 0.125152 5.20067e-09
293 0.125278 0.125149 4.91049e-09
294 0.125278 0.125144 6.08998e-09
295 0.125278 0.125161 5.60395e-09
296 0.125278 0.125154 5.70795e-09
297 0.125278 0.125144 6.53694e-09
298 0.125278 0.125151 6.91614e-09
299 0.125278 0.1239 0.000155017
300 0.125278 0.123906 0.000154908
301 0.125278 0.123889 0.000156596
302 0.125278 0.12515 6.59648e-09
303 0.125278 0.123888 0.000156465
304 0.125278 0.125135 5.90743e-09
305 0.125278 0.123899 0.0001546
306 0.125278 0.12514 6.49428e-09
307 0.125278 0.125136 5.36001e-09
308 0.125278 0.125145 6.58364e-09
309 0.125278 0.123905 0.000152495
310 0.125278 0.123958 0.000138716
311 0.125278 0.123898 0.000153894
312 0.125278 0.125135 5.36429e-09
313 0.125278 0.125151 5.39004e-09
314 0.125278 0.125152 6.30938e-09
315 0.125278 0.12515 6.1283e-09
316 0.125278 0.125136 5.59199e-09
317 0.125278 0.123907 0.000152138
318 0.125278 0.122655 0.000307801
319 0.125278 0.123898 0.000154421
320 0.125278 0.125141 5.92067e-09
321 0.125278 0.125149 5.81254e-09
322 0.125278 0.125143 6.04166e-09
323 0.125278 0.123924 0.000149772
324 0.125278 0.123921 0.000150345
325 0.125278 0.123891 0.000156501
326 0.125278 0.122657 0.000305604
327 0.125278 0.121387 0.000459959
328 0.125278 0.12389 0.00015661
329 0.125278 0.122653 0.000307424
330 0.125278 0.120178 0.000599653
331 0.125278 0.117673 0.000883984
332 0.125278 0.118904 0.000746311
333 0.125278 0.11764 0.000890227
334 0.125278 0.117653 0.00089043
335 0.125278 0.115142 0.00116153
336 0.125278 0.11764 0.000890393
337 0.125278 0.118899 0.00075094
338 0.125278 0.117634 0.000891743
339 0.125278 0.113884 0.00129491
340 0.125278 0.115155 0.00116139
341 0.125278 0.111411 0.00154362
342 0.125278 0.112514 0.00141362
343 0.125278 0.115157 0.00115876
344 0.125278 0.118882 0.00075136
345 0.125278 0.12265 0.000310106
346 0.125278 0.122641 0.00031006
347 0.125278 0.122636 0.000310039
348 0.125278 0.122642 0.000310069
349 0.125278 0.121388 0.000460335
350 0.125278 0.121389 0.000460341
351 0.125278 0.12013 0.000607377
352 0.125278 0.122635 0.000310031
353 0.125278 0.125145 6.08918e-09
354 0.125278 0.12514 5.35693e-09
355 0.125278 0.12515 5.30674e-09
356 0.125278 0.125138 6.05928e-09
357 0.125278 0.125141 6.35509e-09
358 0.125278 0.123907 0.000150995
359 0.125278 0.122705 0.00029341
360 0.125278 0.125138 7.31662e-09
361 0.125278 0.125143 6.16224e-09
362 0.125278 0.123901 0.000156638
363 0.125278 0.123892 0.000156615
364 0.125278 0.123904 0.000156644
365 0.125278 0.122651 0.000309209
366 0.125278 0.121395 0.000459072
367 0.125278 0.12265 0.000308275
368 0.125278 0.125142 6.73003e-09
369 0.125278 0.125142 5.52485e-09
370 0.125278 0.125144 6.28209e-09
371 0.125278 0.125137 5.14742e-09
372 0.125278 0.123888 0.000156604
373 0.125278 0.122649 0.000309553
374 0.125278 0.121406 0.000455198
375 0.125278 0.122644 0.000309229
376 0.125278 0.118912 0.000745582
377 0.125278 0.118904 0.000746169
378 0.125278 0.118909 0.00074643
379 0.125278 0.122648 0.000309789
380 0.125278 0.122648 0.000310097
381 0.125278 0.123903 0.000156645
382 0.125278 0.123897 0.000156628
383 0.125278 0.125145 6.72675e-09
384 0.125278 0.123891 0.000156611
385 0.125278 0.125148 5.91695e-09
386 0.125278 0.125152 6.26427e-09
387 0.125278 0.125153 6.17581e-09
388 0.125278 0.125145 5.84516e-09
389 0.125278 0.122645 0.000308822
390 0.125278 0.12264 0.000309672
391 0.125278 0.121408 0.000456992
392 0.125278 0.122633 0.000309555
393 0.125278 0.122646 0.000309679
394 0.125278 0.121394 0.000458109
395 0.125278 0.122647 0.000309447
396 0.125278 0.123889 0.00015479
397 0.125278 0.123887 0.000155634
398 0.125278 0.12266 0.000305528
399 0.125278 0.122659 0.000305705
400 0.125278 0.121414 0.0004552
401 0.125278 0.121388 0.000458573
402 0.125278 0.122647 0.000305637
403 0.125278 0.122654 0.000306586
404 0.125278 0.123891 0.000154169
405 0.125278 0.123902 0.000154252
406 0.125278 0.122669 0.000303375
407 0.125278 0.122653 0.000304418
408 0.125278 0.123892 0.000154717
409 0.125278 0.123908 0.000154771
410 0.125278 0.125138 6.79048e-09
411 0.125278 0.125127 6.54649e-09
412 0.125278 0.123883 0.000156193
413 0.125278 0.122659 0.000306491
414 0.125278 0.123896 0.000154063
415 0.125278 0.123912 0.000154007
416 0.125278 0.125145 6.18614e-09
417 0.125278 0.125152 5.25073e-09
418 0.125278 0.125139 5.28078e-09
419 0.125278 0.125144 5.78646e-09
420 0.125278 0.125144 5.84585e-09
421 0.125278 0.125143 5.7952e-09
422 0.125278 0.123908 0.000155966
423 0.125278 0.123903 0.000155664
424 0.125278 0.125142 5.70137e-09
425 0.125278 0.125132 6.60611e-09
426 0.125278 0.125149 6.70481e-09
427 0.125278 0.122663 0.000303778
428 0.125278 0.125142 5.4999e-09
429 0.125278 0.123885 0.000155009
430 0.125278 0.123913 0.000152112
431 0.125278 0.123904 0.000155114
432 0.125278 0.125151 5.93078e-09
433 0.125278 0.121409 0.000455993
434 0.125278 0.121427 0.000452701
435 0.125278 0.125142 5.98966e-09
436 0.125278 0.125156 5.39894e-09
437 0.125278 0.125141 6.13525e-09
438 0.125278 0.123897 0.000155319
439 0.125278 0.12515 5.93012e-09
440 0.125278 0.125148 6.10916e-09
441 0.125278 0.12514 7.07021e-09
442 0.125278 0.125147 6.07859e-09
443 0.125278 0.125152 5.55301e-09
444 0.125278 0.125146 5.95798e-09
445 0.125278 0.12515 5.57952e-09
446 0.125278 0.125139 5.83599e-09
447 0.125278 0.125136 6.46418e-09
448 0.125278 0.122644 0.000308755
449 0.125278 0.122646 0.000309698
450 0.125278 0.121408 0.000456223
451 0.125278 0.122649 0.000307602
452 0.125278 0.123938 0.00014699
453 0.125278 0.12389 0.000156609
454 0.125278 0.123902 0.000156641
455 0.125278 0.125147 6.67942e-09
456 0.125278 0.125135 6.92596e-09
457 0.125278 0.125141 5.93393e-09
458 0.125278 0.125139 5.814e-09
459 0.125278 0.123917 0.000149943
460 0.125278 0.125137 7.98628e-09
461 0.125278 0.125143 7.12386e-09
462 0.125278 0.125125 7.16422e-09
463 0.125278 0.125153 6.9231e-09
464 0.125278 0.123902 0.000155285
465 0.125278 0.122658 0.00030716
466 0.125278 0.123895 0.000155267
467 0.125278 0.122652 0.000307418
468 0.125278 0.121392 0.000457855
469 0.125278 0.121404 0.000456476
470 0.125278 0.122643 0.00030915
471 0.125278 0.123898 0.000155263
472 0.125278 0.123894 0.0001557
473 0.125278 0.123896 0.000155649
474 0.125278 0.121401 0.000456552
475 0.125278 0.121413 0.000454482
476 0.125278 0.123887 0.000155552
477 0.125278 0.123892 0.000156614
478 0.125278 0.125141 5.44486e-09
479 0.125278 0.125147 5.43369e-09
480 0.125278 0.125144 5.19039e-09
481 0.125278 0.125144 6.89416e-09
482 0.125278 0.122646 0.000310069
483 0.125278 0.123903 0.000156448
484 0.125278 0.123891 0.000155505
485 0.125278 0.122632 0.000308833
486 0.125278 0.123884 0.000156387
487 0.125278 0.123902 0.000156459
488 0.125278 0.123889 0.000156538
489 0.125278 0.125141 7.1895e-09
490 0.125278 0.125149 5.85009e-09
491 0.125278 0.123892 0.000154477
492 0.125278 0.123892 0.000155612
493 0.125278 0.125146 6.12781e-09
494 0.125278 0.125134 6.06739e-09
495 0.125278 0.125146 4.81372e-09
496 0.125278 0.125146 5.76758e-09
497 0.125278 0.125156 5.29813e-09
498 0.125278 0.125149 5.22136e-09
499 0.125278 0.125149 6.07151e-09
500 0.125278 0.125154 5.29609e-09
501 0.125278 0.125146 5.47281e-09
502 0.125278 0.123898 0.000155603
503 0.125278 0.125147 5.15271e-09
504 0.125278 0.123891 0.000156382
505 0.125278 0.123906 0.000156169
506 0.125278 0.125143 6.33201e-09
507 0.125278 0.125146 5.10049e-09
508 0.125278 0.121402 0.000456823
509 0.125278 0.121392 0.00045933
510 0.125278 0.120147 0.00060332
511 0.125278 0.122644 0.000307307
512 0.125278 0.122684 0.000298551
513 0.125278 0.123893 0.000156395
514 0.125278 0.12389 0.000156139
515 0.125278 0.123884 0.000155798
516 0.125278 0.12391 0.000152687
517 0.125278 0.123903 0.000153697
518 0.125278 0.123907 0.000153046
519 0.125278 0.122651 0.000308169
520 0.125278 0.122649 0.000308914
521 0.125278 0.122688 0.000298798
522 0.125278 0.125142 5.90003e-09
523 0.125278 0.125134 6.62819e-09
524 0.125278 0.123165 0.000206231
525 0.125278 0.125149 6.42594e-09
526 0.125278 0.125132 6.63203e-09
527 0.125278 0.125137 6.38021e-09
528 0.125278 0.125139 5.67403e-09
529 0.125278 0.123906 0.000152226
530 0.125278 0.123892 0.000156616
531 0.125278 0.123901 0.000156638
532 0.125278 0.123887 0.000156603
533 0.125278 0.12388 0.000156582
534 0.125278 0.123893 0.000156616
535 0.125278 0.125155 5.68058e-09
536 0.125278 0.125149 5.73384e-09
537 0.125278 0.125146 6.17053e-09
538 0.125278 0.123897 0.000155399
539 0.125278 0.122654 0.000307036
540 0.125278 0.125142 6.38461e-09
541 0.125278 0.125124 6.0807e-09
542 0.125278 0.125134 6.10336e-09
543 0.125278 0.125138 5.8463e-09
544 0.125278 0.125135 5.71478e-09
545 0.125278 0.125141 6.22867e-09
546 0.125278 0.125151 6.48764e-09
547 0.125278 0.124831 9.45955e-06
548 0.125278 0.125145 6.46822e-09
549 0.125278 0.125134 6.75516e-09
550 0.125278 0.123906 0.000151824
551 0.125278 0.123897 0.000155471
552 0.125278 0.125137 5.69262e-09
553 0.125278 0.12514 6.29208e-09
554 0.125278 0.125145 5.53471e-09
555 0.125278 0.123893 0.000155091
556 0.125278 0.125152 5.72982e-09
557 0.125278 0.125137 5.50872e-09
558 0.125278 0.12514 6.29469e-09
559 0.125278 0.125145 5.53686e-09
560 0.125278 0.12514 5.08714e-09
561 0.125278 0.125143 5.53351e-09
562 0.125278 0.125138 6.23574e-09
563 0.125278 0.125154 5.64951e-09
564 0.125278 0.125142 6.31273e-09
565 0.125278 0.12514 5.37389e-09
566 0.125278 0.125145 5.03801e-09
567 0.125278 0.125142 5.64261e-09
568 0.125278 0.125147 6.30917e-09
569 0.125278 0.125126 5.68701e-09
570 0.125278 0.12514 5.13475e-09
571 0.125278 0.125141 5.84871e-09
572 0.125278 0.125134 5.5648e-09
573 0.125278 0.122664 0.000304528
574 0.125278 0.123898 0.000155327
575 0.125278 0.12515 6.59786e-09
576 0.125278 0.123901 0.000152548
577 0.125278 0.125149 6.38723e-09
578 0.125278 0.125141 6.57026e-09
579 0.125278 0.123888 0.00015636
580 0.125278 0.122653 0.000308137
581 0.125278 0.122643 0.000308705
582 0.125278 0.12264 0.000308492
583 0.125278 0.120148 0.000603818
584 0.125278 0.120216 0.000588252
585 0.125278 0.122661 0.000304595
586 0.125278 0.121433 0.000449676
587 0.125278 0.122675 0.000306313
588 0.125278 0.122664 0.000305443
589 0.125278 0.1214 0.000455819
590 0.125278 0.123881 0.000156443
591 0.125278 0.120154 0.00060186
592 0.125278 0.121394 0.000459295
593 0.125278 0.12264 0.000309302
594 0.125278 0.122649 0.000308382
595 0.125278 0.122631 0.000310013
596 0.125278 0.120147 0.000604316
597 0.125278 0.122637 0.000310041
598 0.125278 0.125152 5.38766e-09
599 0.125278 0.125131 6.39429e-09
600 0.125278 0.12389 0.00015661
601 0.125278 0.122642 0.000308625
602 0.125278 0.123898 0.000156628
603 0.125278 0.123896 0.000156626
604 0.125278 0.122643 0.000310071
605 0.125278 0.122641 0.000310062
606 0.125278 0.125144 5.52555e-09
607 0.125278 0.122652 0.000309767
608 0.125278 0.123893 0.000156485
609 0.125278 0.123896 0.000156231
610 0.125278 0.123882 0.000155433
611 0.125278 0.123891 0.000155484
612 0.125278 0.122645 0.000308574
613 0.125278 0.121402 0.000458821
614 0.125278 0.123881 0.000156559
615 0.125278 0.125135 6.10292e-09
616 0.125278 0.125148 6.49212e-09
617 0.125278 0.125128 6.08387e-09
618 0.125278 0.125142 6.30131e-09
619 0.125278 0.125142 6.90099e-09
620 0.125278 0.123903 0.000153871
621 0.125278 0.125142 5.91147e-09
622 0.125278 0.125142 6.07249e-09
623 0.125278 0.125138 6.09982e-09
624 0.125278 0.12514 5.54885e-09
625 0.125278 0.125146 5.50755e-09
626 0.125278 0.123906 0.000155356
627 0.125278 0.12392 0.00015078
628 0.125278 0.125146 6.07615e-09
629 0.125278 0.123979 0.000135314
630 0.125278 0.123964 0.000138865
631 0.125278 0.125148 5.85641e-09
632 0.125278 0.125148 5.68621e-09
633 0.125278 0.125136 5.39942e-09
634 0.125278 0.125138 6.12116e-09
635 0.125278 0.125141 5.83408e-09
636 0.125278 0.123901 0.000155832
637 0.125278 0.123909 0.000153003
638 0.125278 0.123894 0.000155275
639 0.125278 0.123891 0.000156066
640 0.125278 0.123889 0.000156376
641 0.125278 0.125143 6.00925e-09
642 0.125278 0.125154 6.24443e-09
643 0.125278 0.125145 6.60747e-09
644 0.125278 0.125147 6.25805e-09
645 0.125278 0.125145 6.46428e-09
646 0.125278 0.125053 8.92765e-07
647 0.125278 0.122642 0.000308499
648 0.125278 0.123886 0.000156273
649 0.125278 0.122651 0.000308848
650 0.125278 0.120144 0.000603037
651 0.125278 0.119953 0.000608257
652 0.125278 0.12235 0.000316122
653 0.125278 0.122395 0.000310776
654 0.125278 0.122685 0.000299773
655 0.125278 0.123896 0.000156625
656 0.125278 0.12389 0.000156608
657 0.125278 0.125137 6.21134e-09
658 0.125278 0.125146 5.56568e-09
659 0.125278 0.125146 6.24769e-09
660 0.125278 0.125147 5.62695e-09
661 0.125278 0.12513 5.42934e-09
662 0.125278 0.125139 6.57342e-09
663 0.127401 0.125175 5.60777e-08
664 0.127401 0.1238 0.000156088
665 0.127401 0.122693 0.000300949
666 0.127401 0.120203 0.000597681
667 0.127401 0.120204 0.00059756
668 0.127401 0.117702 0.000885136
669 0.127401 0.121998 0.000347933
670 0.127401 0.125165 5.79392e-08
671 0.127401 0.125166 5.67372e-08
672 0.127401 0.122744 0.00029094
673 0.127401 0.123926 0.00015461
674 0.127401 0.123923 0.000155144
675 0.127401 0.122685 0.000305333
676 0.127401 0.121452 0.000449775
677 0.127401 0.121441 0.000452662
678 0.127497 0.118974 0.000740286
679 0.127497 0.118968 0.000742508
680 0.127497 0.117761 0.000870175
681 0.127497 0.117752 0.000880403
682 0.127497 0.114142 0.00125056
683 0.127497 0.112803 0.00139537
684 0.127497 0.111522 0.00152798
685 0.127497 0.109074 0.00176176
686 0.127497 0.105284 0.00210831
687 0.127497 0.111493 0.00153806
688 0.127497 0.109879 0.00166081
689 0.127497 0.109087 0.00176583
690 0.127497 0.109196 0.001747
691 0.127497 0.115318 0.00115397
692 0.127497 0.114077 0.00128295
693 0.127497 0.110345 0.00165502
694 0.127497 0.111566 0.00153969
695 0.127497 0.102956 0.00230485
696 0.127497 0.096742 0.00277474
697 0.127497 0.0943252 0.00291779
698 0.127497 0.0909871 0.00309986
699 0.127497 0.0831077 0.0035147
700 0.12902 0.0894368 0.00322612
701 0.12902 0.098527 0.00259472
702 0.12902 0.0945008 0.0029031
703 0.12902 0.0905057 0.00314584
704 0.12902 0.0933015 0.00299019
705 0.12902 0.0796068 0.00362846
706 0.12902 0.0884449 0.0032393
707 0.12902 0.0922778 0.00304753
708 0.12902 0.0933711 0.0028794
709 0.12902 0.0961284 0.00277229
710 0.12902 0.0881989 0.00328485
711 0.12902 0.0919535 0.00307464
712 0.12902 0.0847965 0.00342267
713 0.12902 0.0810177 0.00356764
714 0.12902 0.0817355 0.00352545
715 0.12902 0.0833154 0.00349296
716 0.12902 0.0822056 0.00352825
717 0.12902 0.0813525 0.00352078
718 0.12902 0.0870319 0.00332558
719 0.12902 0.0882911 0.00327028
720 0.12902 0.0945184 0.0029118
721 0.12902 0.0847741 0.00341062
722 0.12902 0.0809494 0.00357791
723 0.12902 0.0886416 0.00323372
724 0.12902 0.0928194 0.00299231
725 0.12902 0.0867769 0.00331253
726 0.12902 0.0841282 0.00340316
727 0.12902 0.0869709 0.00334771
728 0.12902 0.0882645 0.00327355
729 0.12902 0.0835217 0.00345971
730 0.12902 0.0869538 0.00330781
731 0.12902 0.079067 0.00360998
732 0.12902 0.0875997 0.00327823
733 0.12902 0.0834556 0.00349288
734 0.12902 0.0845163 0.00347635
735 0.155264 0.0901641 0.00316772
736 0.155264 0.0824188 0.00358119
737 0.155264 0.0797984 0.00368447
738 0.155264 0.0774006 0.00373205
739 0.155264 0.0910186 0.00318117
740 0.155264 0.0886547 0.00327836
741 0.155264 0.0765666 0.0037371
742 0.155264 0.0790998 0.003667
743 0.155264 0.0791127 0.00366562
744 0.155264 0.0754092 0.00368148
745 0.163958 0.0836742 0.00355472
746 0.163958 0.0812231 0.00364578
747 0.163958 0.0912801 0.00325164
748 0.163958 0.0861069 0.00342551
749 0.163958 0.0841837 0.00354798
750 0.163958 0.0877845 0.00338387
751 0.163958 0.088953 0.00330212
752 0.163958 0.0893406 0.00330368
753 0.167787 0.0786334 0.00380509
754 0.167787 0.0793882 0.00383725
755 0.167787 0.0859995 0.00361362
756 0.167787 0.0816122 0.00377465
757 0.167787 0.0898054 0.00348079
758 0.167787 0.0938591 0.00323482
759 0.167787 0.0924809 0.00333833
760 0.167787 0.0908825 0.00341965
761 0.183315 0.0943997 0.00335898
762 0.183315 0.0951016 0.00325577
763 0.183315 0.0874062 0.00370903
764 0.183315 0.0905433 0.00362315
765 0.183315 0.0951153 0.00336725
766 0.183315 0.095106 0.00339851
767 0.183315 0.0913842 0.00344916
768 0.247307 0.0975446 0.003531
769 0.247307 0.100701 0.00356927
770 0.247307 0.102787 0.00337359
771 0.247307 0.10705 0.00327162
772 0.299784 0.111018 0.00345821
773 0.299784 0.108684 0.00393881
774 0.299784 0.116073 0.00380958
775 0.299784 0.121521 0.00353499
776 0.299784 0.112622 0.00520823
777 0.299784 0.113265 0.00494615
778 0.299784 0.116453 0.00555835
779 0.299784 0.119155 0.00547433
780 0.299784 0.121096 0.00514325
781 0.304412 0.122629 0.00547312
782 0.357069 0.127223 0.00611052
783 0.357069 0.127805 0.00692703
784 0.357069 0.128363 0.00626383
785 0.357069 0.122316 0.00581529
786 0.362686 0.127432 0.00687526
787 0.362686 0.131325 0.00687792
788 0.362686 0.134221 0.00620411
789 0.362686 0.138562 0.00588275
790 0.362686 0.141411 0.00599299
791 0.362686 0.137226 0.00652027
792 0.362686 0.140893 0.00634823
793 0.362686 0.136096 0.00710295
794 0.362686 0.143508 0.00761475
795 0.362686 0.136348 0.00812299
796 0.393007 0.138227 0.00763662
797 0.393007 0.127726 0.00863671
798 0.393007 0.128783 0.00780987
799 0.393007 0.128475 0.00787651
800 0.393007 0.127138 0.00821079
801 0.393007 0.124856 0.0104687
802 0.403724 0.125145 0.00983753
803 0.403724 0.131952 0.00967015
804 0.417244 0.135719 0.0103349
805 0.417244 0.138026 0.0106697
806 0.417244 0.133773 0.00924312
807 0.417244 0.128314 0.0105228
808 0.417244 0.136142 0.00881425
809 0.417244 0.143605 0.00959116
810 0.417244 0.139322 0.00937259
811 0.417244 0.141535 0.0101252
812 0.417244 0.137868 0.0109585
813 0.417244 0.145494 0.00979609
814 0.42434 0.156559 0.0101661
815 0.42434 0.150607 0.0106534
816 0.42434 0.141804 0.0102639
817 0.42434 0.152323 0.0127044
818 0.42434 0.145566 0.0113884
819 0.42434 0.144099 0.0128688
820 0.42434 0.13419 0.0127272
821 0.42434 0.14655 0.0124308
822 0.42434 0.142522 0.0130397
823 0.42434 0.149379 0.0156157
824 0.425645 0.156704 0.0145413
825 0.425645 0.146017 0.0135225
826 0.425645 0.148805 0.0122112
827 0.427228 0.146481 0.0164063
828 0.427228 0.150485 0.0148719
829 0.439397 0.158807 0.0156733
830 0.439397 0.143618 0.0139648
831 0.439397 0.138792 0.0141059
832 0.444512 0.156783 0.0163831
833 0.445897 0.165792 0.0165397
834 0.445897 0.16301 0.0142078
835 0.445897 0.151334 0.0161292
836 0.445897 0.152744 0.0162324
837 0.445897 0.144589 0.0133028
838 0.468868 0.155145 0.0162066
839 0.468868 0.152078 0.017575
840 0.468868 0.148768 0.0151299
841 0.468868 0.170715 0.0201707
842 0.468868 0.153838 0.0191162
843 0.498249 0.149789 0.0206282
844 0.498249 0.145007 0.0193309
845 0.498249 0.154779 0.0208305
846 0.498249 0.141056 0.016698
847 0.498249 0.147578 0.0176828
848 0.498249 0.138107 0.0169099
849 0.498249 0.144202 0.0150682
850 0.498249 0.155928 0.0184158
851 0.498249 0.165824 0.0203681
852 0.498249 0.159022 0.0189566
853 0.498249 0.154651 0.0170748
854 0.498249 0.14627 0.0170214
855 0.498249 0.153224 0.0189317
856 0.498249 0.146694 0.0196168
857 0.498249 0.159971 0.0184515
858 0.498249 0.157541 0.0190692
859 0.498249 0.159996 0.019413
860 0.498249 0.154534 0.0207762
861 0.502676 0.156778 0.0223855
861 0.498518 0.0917849 0.0279734
862 0.514301 0.102624 0.0296938
863 0.524871 0.0949751 0.0283294
864 0.548687 0.123717 0.0348649
865 0.548687 0.119326 0.0336696
866 0.548687 0.116917 0.0342318
867 0.55327 0.121432 0.0379992
868 0.55327 0.114632 0.0384399
869 0.55327 0.114978 0.0360346
870 0.55327 0.124903 0.0403239
871 0.55327 0.127058 0.038709
872 0.55327 0.110261 0.0342916
873 0.55327 0.117622 0.0388996
874 0.570293 0.145549 0.0403095
875 0.570293 0.157937 0.0444623
876 0.570293 0.127436 0.0359814
877 0.570293 0.1343 0.0384205
878 0.570293 0.141813 0.0377578
879 0.570293 0.172237 0.0424631
880 0.570293 0.173796 0.0424825
881 0.570293 0.155951 0.0459391
882 0.570293 0.15827 0.0438879
883 0.570293 0.169387 0.0447026
884 0.570293 0.183264 0.0455236
885 0.570293 0.18236 0.042418
886 0.570293 0.161984 0.0428706
887 0.570293 0.154354 0.0421797
888 0.570293 0.162062 0.0408831
889 0.570293 0.166335 0.0383487
890 0.570293 0.146614 0.038982
891 0.570293 0.162261 0.0421394
892 0.570293 0.165389 0.043189
893 0.570293 0.16808 0.0473484
894 0.570293 0.164281 0.0420728
895 0.570293 0.169092 0.0411964
896 0.570293 0.200508 0.0442059
897 0.570293 0.18815 0.0446761
898 0.570293 0.172842 0.0462253
899 0.57803 0.161374 0.0430345
900 0.57803 0.168529 0.0442941
901 0.57803 0.179709 0.0462475
902 0.57803 0.193008 0.0530022
903 0.57803 0.180334 0.0479369
904 0.57803 0.159795 0.0459125
905 0.57803 0.172564 0.0483409
906 0.57803 0.1844 0.0460421
907 0.57803 0.198568 0.0478592
908 0.57803 0.192632 0.04919
909 0.57803 0.188966 0.0430432
910 0.57803 0.198682 0.0448763
911 0.57803 0.16693 0.0438495
912 0.57803 0.154163 0.0447079
913 0.57803 0.132473 0.0412779
914 0.57803 0.140732 0.0463755
915 0.57803 0.124783 0.0427333
916 0.57803 0.15034 0.049242
917 0.57803 0.145023 0.046851
918 0.57803 0.155204 0.0456404
919 0.57803 0.160228 0.0455475
920 0.57803 0.172788 0.0501395
921 0.57803 0.143034 0.043181
922 0.57803 0.147247 0.0465924
923 0.57803 0.168495 0.0484721
924 0.57803 0.157901 0.0458926
925 0.57803 0.170974 0.0482793
926 0.57803 0.176732 0.0449779
927 0.57803 0.158688 0.0451293
928 0.57803 0.171801 0.0497618
929 0.57803 0.170198 0.0472846
930 0.57803 0.175944 0.0511791
931 0.57803 0.149571 0.0494775
932 0.57803 0.13751 0.0480306
933 0.57803 0.149372 0.047538
934 0.57803 0.159185 0.0441188
935 0.57803 0.151185 0.0443088
936 0.57803 0.173303 0.0471637
937 0.57803 0.149472 0.0424748
938 0.57803 0.134333 0.0400863
939 0.57803 0.155856 0.036981
940 0.57803 0.165053 0.0432651
941 0.57803 0.180667 0.0461349
942 0.57803 0.186138 0.0498101
943 0.57803 0.172755 0.0448854
944 0.57803 0.156981 0.0441868
945 0.57803 0.169606 0.0467218
946 0.57803 0.151914 0.0461821
947 0.57803 0.164203 0.0484384
948 0.57803 0.200249 0.0460869
949 0.57803 0.187725 0.0484201
950 0.57803 0.183241 0.0469912
951 0.57803 0.184762 0.0482205
952 0.57803 0.175141 0.0440243
953 0.57803 0.182211 0.0481573
954 0.579193 0.189186 0.0493614
955 0.579193 0.176093 0.0443458
956 0.579193 0.200136 0.0492217
957 0.579193 0.208468 0.0464187
958 0.579193 0.180901 0.0443121
959 0.579193 0.185152 0.0461081
960 0.579193 0.168196 0.042264
961 0.579193 0.176467 0.04709
962 0.579193 0.171611 0.041255
963 0.579193 0.181856 0.043514
964 0.579193 0.159714 0.0441105
965 0.579193 0.14321 0.0436113
966 0.579193 0.143042 0.0449094
967 0.579193 0.135674 0.0432629
968 0.579193 0.15544 0.0436911
969 0.579193 0.1544 0.0430405
970 0.579193 0.173452 0.0458964
971 0.579193 0.171473 0.0468327
972 0.580174 0.168255 0.045808
973 0.580174 0.170232 0.0459512
974 0.580174 0.154602 0.0461783
975 0.580174 0.148827 0.0455512
976 0.580174 0.169649 0.0465487
977 0.580174 0.152337 0.0416637
978 0.580174 0.165707 0.0436346
979 0.580174 0.172095 0.0479274
980 0.580174 0.187538 0.0482326
981 0.580174 0.172861 0.0444203
982 0.580174 0.148957 0.0415383
983 0.580174 0.151757 0.0415772
984 0.580174 0.172511 0.049763
985 0.580174 0.165704 0.0451605
986 0.580174 0.154644 0.0451207
987 0.580174 0.161465 0.0485404
988 0.580174 0.169458 0.0464146
989 0.580174 0.141278 0.0427121
990 0.580174 0.17898 0.0482332
991 0.580174 0.190099 0.0511332
992 0.580174 0.194613 0.049736
993 0.580174 0.185758 0.046242
994 0.580174 0.150873 0.0421457
995 0.580174 0.161211 0.0453748
996 0.580174 0.169762 0.0487954
997 0.580174 0.17656 0.04803
998 0.580174 0.153413 0.048154
999 0.580174 0.1386 0.0431896
1000 0.580174 0.145618 0.044369
