0 0.125253 0.0615208 0.00392844
1 0.125253 0.0678006 0.00390029
2 0.125253 0.0690194 0.00389329
3 0.12526 0.0678525 0.00389296
4 0.125277 0.077719 0.00370752
5 0.233285 0.0788581 0.00391984
6 0.233285 0.0861881 0.00387299
7 0.326879 0.0922302 0.00418738
8 0.326879 0.0876832 0.0044125
9 0.39483 0.0961377 0.00506202
10 0.39483 0.0974468 0.00503574
11 0.39483 0.102312 0.00492438
12 0.39483 0.104964 0.00586907
13 0.430454 0.12449 0.00841109
14 0.430454 0.127584 0.0108053
15 0.462673 0.141895 0.013851
16 0.462673 0.13035 0.0129668
17 0.462673 0.124758 0.0130437
18 0.462673 0.139203 0.0140338
19 0.462673 0.153593 0.0184692
20 0.462673 0.149186 0.017606
21 0.462673 0.133317 0.016795
22 0.476904 0.141151 0.0184452
23 0.476904 0.146291 0.0204877
24 0.498056 0.146912 0.0219484
25 0.509657 0.146149 0.0230693
25 0.541665 0.0909536 0.0303524
26 0.541665 0.113154 0.0350265
27 0.541665 0.135812 0.0370452
28 0.541665 0.120539 0.0397281
29 0.541665 0.117782 0.0380478
30 0.541665 0.109438 0.0351734
31 0.541665 0.108743 0.0357232
32 0.541665 0.0966853 0.0330591
33 0.544514 0.111813 0.0370994
34 0.544514 0.111116 0.0380006
35 0.544514 0.12026 0.0385265
36 0.544514 0.122884 0.0399078
37 0.544514 0.144956 0.0419706
38 0.544514 0.126255 0.0405665
39 0.544514 0.141241 0.0441017
40 0.544514 0.129435 0.040495
41 0.544514 0.139385 0.0401027
42 0.557385 0.123553 0.0384585
43 0.557385 0.113007 0.0365932
44 0.557385 0.143586 0.0419865
45 0.560349 0.149818 0.0448515
46 0.560349 0.158244 0.0481192
47 0.560349 0.159577 0.047678
48 0.560349 0.149549 0.0446794
49 0.564219 0.160948 0.0463109
50 0.564219 0.135469 0.0458821
51 0.564219 0.135262 0.0438343
52 0.564219 0.134424 0.0414419
53 0.564219 0.155753 0.046051
54 0.564219 0.128806 0.0419662
55 0.564219 0.140684 0.0427277
56 0.564219 0.143556 0.0434236
57 0.564219 0.156447 0.0443432
58 0.564219 0.140249 0.044344
59 0.564219 0.137646 0.0437587
60 0.564219 0.1502 0.0445849
61 0.564219 0.125286 0.0411504
62 0.564219 0.122214 0.0404429
63 0.564219 0.132964 0.0429555
64 0.564219 0.132177 0.044067
65 0.564219 0.134253 0.043401
66 0.564219 0.123942 0.0424997
67 0.564219 0.138685 0.045189
68 0.564219 0.154803 0.0482677
69 0.564219 0.179367 0.0490256
70 0.564219 0.194642 0.0479644
71 0.564219 0.183361 0.0446885
72 0.564219 0.158041 0.042617
73 0.566031 0.159664 0.0450266
74 0.566031 0.139959 0.0422857
75 0.566031 0.129415 0.0378595
76 0.566031 0.147271 0.0425947
77 0.566031 0.146253 0.0454842
78 0.573181 0.159776 0.0475955
79 0.573181 0.197875 0.0490985
80 0.573181 0.183624 0.0458561
81 0.573181 0.173333 0.0500657
82 0.573181 0.191951 0.0486808
83 0.573181 0.162745 0.0428297
84 0.573181 0.183383 0.0494034
85 0.573181 0.16861 0.0491317
86 0.573181 0.176421 0.0476966
87 0.573181 0.16819 0.04863
88 0.573181 0.178811 0.0530495
89 0.576726 0.178705 0.049491
90 0.576726 0.181445 0.0490159
91 0.576726 0.164192 0.0468682
92 0.576726 0.164724 0.0466214
93 0.576726 0.174997 0.0455755
94 0.576726 0.176762 0.0477955
95 0.576726 0.154416 0.0460422
96 0.576726 0.16433 0.0446696
97 0.576726 0.152161 0.0456579
98 0.576726 0.159625 0.0476812
99 0.576726 0.181089 0.0511052
100 0.576726 0.189382 0.0514483
101 0.576726 0.191292 0.0507969
102 0.577492 0.186539 0.0508403
103 0.577492 0.172 0.0479806
104 0.577492 0.198451 0.051658
105 0.577492 0.176547 0.0501911
106 0.577492 0.167804 0.0450909
107 0.577492 0.192233 0.0522397
108 0.577492 0.179301 0.0483348
109 0.577492 0.194104 0.0487131
110 0.577492 0.209518 0.0440705
111 0.577492 0.152031 0.04376
112 0.577492 0.146026 0.0452339
113 0.577492 0.12154 0.0383966
114 0.577492 0.143356 0.0488021
115 0.577492 0.147191 0.0484519
116 0.577492 0.145513 0.0480216
117 0.577492 0.167844 0.04739
118 0.578195 0.161782 0.047554
119 0.579327 0.157946 0.0475681
120 0.579327 0.142389 0.0430913
121 0.579327 0.159137 0.0470172
122 0.579327 0.153198 0.0461719
123 0.579327 0.159088 0.0430266
124 0.579327 0.145006 0.0429232
125 0.579327 0.145496 0.0422057
126 0.579327 0.148808 0.0421087
127 0.579327 0.158183 0.0474822
128 0.579327 0.15431 0.046944
129 0.579327 0.173034 0.0512756
130 0.579327 0.170551 0.0477624
131 0.579327 0.150927 0.0440906
132 0.581502 0.165771 0.0510129
133 0.583177 0.162323 0.0452136
134 0.583177 0.151761 0.0451116
135 0.583177 0.155327 0.0443403
136 0.583177 0.168475 0.0457642
137 0.583177 0.142111 0.0408547
138 0.583177 0.147304 0.0419713
139 0.583177 0.148269 0.0455843
140 0.583177 0.149434 0.0459581
141 0.583177 0.159815 0.0457895
142 0.583177 0.183173 0.0520499
143 0.583177 0.177152 0.0497381
144 0.583177 0.149842 0.0439751
145 0.583177 0.162196 0.0462397
146 0.583177 0.166458 0.0446468
147 0.583177 0.170557 0.0473248
148 0.583177 0.197265 0.0503083
149 0.583177 0.204926 0.049701
150 0.583177 0.19273 0.0492582
151 0.583177 0.173653 0.0490384
152 0.583177 0.1604 0.0469461
153 0.583177 0.192562 0.0524822
154 0.583177 0.201266 0.0483223
155 0.583177 0.183523 0.0454042
156 0.583177 0.182053 0.0467646
157 0.583177 0.175478 0.0469598
158 0.583177 0.171384 0.0492168
159 0.583177 0.170576 0.0486132
160 0.583177 0.159191 0.0435127
161 0.583177 0.190292 0.0481194
162 0.583177 0.171916 0.0429967
163 0.583177 0.162658 0.0446184
164 0.583177 0.138117 0.0451178
165 0.583177 0.151791 0.0457481
166 0.583177 0.147866 0.044778
167 0.583177 0.160486 0.0462336
168 0.583177 0.163443 0.0475957
169 0.583177 0.158481 0.0459142
170 0.583177 0.163886 0.0468957
171 0.583177 0.160653 0.0461842
172 0.583177 0.167603 0.0471841
173 0.583177 0.164531 0.0507407
174 0.583177 0.191585 0.0511786
175 0.583177 0.187012 0.0459925
176 0.583177 0.162184 0.049561
177 0.583177 0.127129 0.0410717
178 0.583177 0.14977 0.0516949
179 0.583177 0.166174 0.0479509
180 0.583177 0.161598 0.0494919
181 0.583177 0.169041 0.0506309
182 0.583177 0.193946 0.0532406
183 0.583177 0.187921 0.050368
184 0.583177 0.159822 0.0477796
185 0.584237 0.152779 0.0480448
186 0.584237 0.196937 0.0551882
187 0.584237 0.19329 0.0531062
188 0.584237 0.171629 0.0478659
189 0.584464 0.187555 0.0542362
190 0.584464 0.185248 0.0488212
191 0.584464 0.162122 0.0481437
192 0.584464 0.174153 0.0502202
193 0.584464 0.183333 0.0486276
194 0.584464 0.16436 0.0496179
195 0.584464 0.184855 0.0523343
196 0.584464 0.163628 0.0468152
197 0.584464 0.158954 0.0450255
198 0.584464 0.182264 0.0487173
199 0.584464 0.161037 0.0482913
200 0.584464 0.154226 0.045741
201 0.584464 0.161355 0.0488466
202 0.584464 0.171118 0.0459775
203 0.584464 0.164977 0.0463893
204 0.584464 0.186121 0.0490613
205 0.584464 0.180007 0.0454857
206 0.584464 0.180688 0.0451842
207 0.584464 0.178367 0.0468775
208 0.584464 0.173547 0.0475813
209 0.584464 0.169208 0.0470452
210 0.584464 0.160176 0.0474408
211 0.584464 0.152617 0.0447249
212 0.584464 0.172117 0.0455343
213 0.584464 0.184662 0.046175
214 0.584464 0.197743 0.0473898
215 0.584464 0.150898 0.045319
216 0.584464 0.175351 0.0456686
217 0.584464 0.182808 0.0439287
218 0.584464 0.194382 0.0508108
219 0.584464 0.153418 0.0455326
220 0.584464 0.173983 0.0506905
221 0.584464 0.15557 0.0492148
222 0.584464 0.185714 0.0507473
223 0.584464 0.19138 0.0514935
224 0.584464 0.168545 0.0504913
225 0.584864 0.141899 0.0486884
226 0.584864 0.172022 0.0532385
227 0.584864 0.165172 0.04884
228 0.584864 0.186615 0.050599
229 0.584864 0.142661 0.0460848
230 0.584864 0.146815 0.0465714
231 0.584864 0.154143 0.048391
232 0.584864 0.12785 0.0439957
233 0.584864 0.134228 0.0439616
234 0.584864 0.15567 0.0482063
235 0.584864 0.153445 0.0464986
236 0.584864 0.133575 0.0419601
237 0.584864 0.143403 0.0422564
238 0.584864 0.158462 0.0461366
239 0.584864 0.168456 0.0461565
240 0.584864 0.167024 0.0483906
241 0.584864 0.15225 0.0471147
242 0.584864 0.168707 0.0459278
243 0.584864 0.153464 0.0471748
244 0.584864 0.155759 0.0449754
245 0.584864 0.191991 0.0464086
246 0.584864 0.193793 0.0490456
247 0.584864 0.167851 0.0458207
248 0.584864 0.197638 0.0463653
249 0.584864 0.167342 0.0410468
250 0.584864 0.135564 0.0388487
251 0.584864 0.17476 0.0410292
252 0.584864 0.173447 0.0449814
253 0.584864 0.166232 0.0428511
254 0.584864 0.161757 0.0443736
255 0.584864 0.17532 0.0439248
256 0.584864 0.166343 0.0463967
257 0.584864 0.171633 0.0477313
258 0.584864 0.165605 0.0459764
259 0.584864 0.191474 0.0486744
260 0.584864 0.167917 0.0474291
261 0.584864 0.145923 0.0440364
262 0.584864 0.15004 0.0468893
263 0.584864 0.159617 0.0475155
264 0.584864 0.184783 0.0486878
265 0.584864 0.188135 0.0488803
266 0.584864 0.176471 0.0490926
267 0.584864 0.1832 0.0515818
268 0.584864 0.191252 0.052248
269 0.584864 0.196314 0.0532251
270 0.584864 0.209133 0.0515057
271 0.584864 0.168495 0.049065
272 0.584864 0.173732 0.0475092
273 0.584864 0.18482 0.0465068
274 0.584864 0.184574 0.0482258
275 0.584864 0.158351 0.0425215
276 0.584864 0.184353 0.0452395
277 0.584864 0.193172 0.04702
278 0.584864 0.186587 0.0475205
279 0.584864 0.183061 0.0479613
280 0.584864 0.185421 0.0473262
281 0.584864 0.169694 0.0489544
282 0.584864 0.186598 0.0483945
283 0.584864 0.193882 0.045086
284 0.584901 0.191244 0.0509636
285 0.584901 0.185783 0.0476997
286 0.584901 0.205752 0.0482628
287 0.584901 0.175691 0.048216
288 0.584901 0.208751 0.0473584
289 0.584901 0.189737 0.0473424
290 0.584901 0.181443 0.0512043
291 0.584901 0.194498 0.0530405
292 0.584901 0.191467 0.0483085
293 0.584901 0.198016 0.0495205
294 0.584901 0.185353 0.0465015
295 0.584901 0.160618 0.0419655
296 0.584901 0.165793 0.049911
297 0.584901 0.161718 0.0444699
298 0.584901 0.1591 0.0452387
299 0.584901 0.132907 0.0410447
300 0.584901 0.160757 0.0465271
301 0.584901 0.152767 0.0457682
302 0.584901 0.145837 0.0437501
303 0.584901 0.174713 0.0463034
304 0.584901 0.15844 0.0487428
305 0.584901 0.169812 0.0498631
306 0.584901 0.183548 0.0466135
307 0.584901 0.172396 0.0487909
308 0.584901 0.173539 0.0449565
309 0.584901 0.179953 0.0445246
310 0.584901 0.168967 0.0453768
311 0.584901 0.168352 0.046054
312 0.585601 0.159398 0.0450034
313 0.585601 0.17036 0.0436353
314 0.585601 0.177041 0.0423869
315 0.585601 0.188766 0.0487502
316 0.585601 0.186233 0.045261
317 0.585601 0.212814 0.0433863
318 0.585601 0.216189 0.0487996
319 0.585601 0.217743 0.0516736
320 0.585601 0.187648 0.0465908
321 0.585601 0.193953 0.0468845
322 0.585601 0.184066 0.0459956
323 0.585601 0.188197 0.0459422
324 0.585601 0.160733 0.0468225
325 0.585601 0.193425 0.0505544
326 0.585601 0.2033 0.0510539
327 0.585601 0.170533 0.0458207
328 0.585601 0.179483 0.0471033
329 0.585601 0.161216 0.0445371
330 0.585601 0.156155 0.043658
331 0.585601 0.164765 0.0502364
332 0.585601 0.163687 0.0480704
333 0.585601 0.177558 0.0494084
334 0.585601 0.173392 0.047319
335 0.585601 0.173931 0.0483974
336 0.585601 0.200393 0.0494297
337 0.585601 0.205202 0.0489148
338 0.585601 0.194082 0.0459056
339 0.585601 0.219576 0.0482617
340 0.585601 0.220905 0.0492308
341 0.585601 0.193969 0.0502975
342 0.585601 0.177486 0.0466904
343 0.585601 0.185271 0.0474346
344 0.585601 0.183622 0.0472904
345 0.585601 0.189964 0.0463995
346 0.585601 0.205872 0.0495245
347 0.585601 0.175233 0.0454852
348 0.585601 0.153414 0.0429319
349 0.585601 0.173729 0.0443004
350 0.585601 0.191739 0.0501939
351 0.585601 0.188729 0.0437254
352 0.585601 0.200199 0.0464384
353 0.585601 0.209946 0.0443112
354 0.585601 0.22051 0.0466157
355 0.585601 0.238505 0.0476962
356 0.585601 0.19606 0.049646
357 0.585601 0.188395 0.0423839
358 0.585601 0.173069 0.0479074
359 0.585601 0.151117 0.0456887
360 0.585601 0.176186 0.0473189
361 0.585601 0.18541 0.0455918
362 0.585601 0.199687 0.0477196
363 0.585601 0.186142 0.0478633
364 0.585601 0.202731 0.0508711
365 0.585624 0.168499 0.0452151
366 0.585624 0.170318 0.046658
367 0.585624 0.168645 0.0474002
368 0.585624 0.145988 0.0460083
369 0.585624 0.160221 0.0498719
370 0.585624 0.158145 0.0425128
371 0.585624 0.165043 0.0443371
372 0.585624 0.159749 0.0473227
373 0.585624 0.154806 0.0415723
374 0.585624 0.170971 0.0477026
375 0.585624 0.151373 0.0422792
376 0.585624 0.177284 0.0480407
377 0.585624 0.175567 0.047781
378 0.585624 0.17942 0.0487593
379 0.585624 0.187958 0.0488717
380 0.585624 0.157324 0.0459876
381 0.585624 0.179616 0.0501224
382 0.585624 0.171674 0.0473622
383 0.585624 0.172278 0.0465375
384 0.585624 0.156386 0.0453185
385 0.585624 0.140975 0.0445824
386 0.585624 0.146745 0.0478675
387 0.585624 0.144693 0.0478645
388 0.585624 0.146513 0.0497739
389 0.585624 0.135361 0.0440954
390 0.585624 0.15334 0.0455746
391 0.585624 0.142892 0.043553
392 0.585624 0.157125 0.0465456
393 0.585624 0.143818 0.0431153
394 0.585624 0.163379 0.051018
395 0.585624 0.135921 0.047906
396 0.585624 0.145569 0.0454494
397 0.585624 0.144551 0.045052
398 0.585624 0.139357 0.0452528
399 0.585624 0.176062 0.0428921
400 0.585624 0.158039 0.0442406
401 0.585624 0.164177 0.0452279
402 0.585624 0.144412 0.0437056
403 0.585624 0.155088 0.0481776
404 0.585624 0.147266 0.0487435
405 0.585624 0.15816 0.0502934
406 0.585624 0.141585 0.0464106
407 0.585624 0.144779 0.0459403
408 0.585624 0.13662 0.0443617
409 0.585624 0.147111 0.0472529
410 0.585624 0.134519 0.0421496
411 0.585624 0.15574 0.04519
412 0.585624 0.1638 0.046786
413 0.585624 0.163376 0.0462118
414 0.585624 0.151665 0.0448767
415 0.585624 0.15844 0.0463452
416 0.585624 0.178441 0.0495411
417 0.585624 0.162637 0.046973
418 0.585624 0.184812 0.0512846
419 0.585624 0.158032 0.0480008
420 0.585624 0.163792 0.0471232
421 0.585624 0.168853 0.0426019
422 0.585624 0.165061 0.0405175
423 0.585624 0.165004 0.0443469
424 0.585624 0.191512 0.050363
425 0.585624 0.186005 0.0518948
426 0.585624 0.155907 0.0457588
427 0.585624 0.133675 0.0440283
428 0.585624 0.152881 0.0497869
429 0.585624 0.11672 0.0394114
430 0.585624 0.118538 0.0405449
431 0.585624 0.143725 0.0488268
432 0.585624 0.134324 0.0463246
433 0.585624 0.157491 0.0498403
434 0.585624 0.143616 0.0482122
435 0.585624 0.151621 0.0463969
436 0.585624 0.172795 0.0508247
437 0.585624 0.157755 0.0502118
438 0.585624 0.156822 0.0481076
439 0.585624 0.161117 0.0480968
440 0.585624 0.147528 0.044313
441 0.585624 0.152925 0.0427739
442 0.585624 0.135817 0.0412609
443 0.585624 0.138512 0.0412354
444 0.585624 0.163972 0.0472711
445 0.585624 0.168621 0.0478423
446 0.585624 0.147555 0.0408135
447 0.585624 0.159562 0.0483155
448 0.585624 0.163275 0.0446201
449 0.585624 0.171963 0.0469383
450 0.585624 0.183026 0.0519935
451 0.585624 0.160713 0.0459047
452 0.585624 0.157587 0.0484183
453 0.585624 0.151927 0.0454897
454 0.585624 0.149949 0.0425241
455 0.585624 0.151404 0.0451218
456 0.585624 0.173333 0.045887
457 0.585624 0.169237 0.0506187
458 0.585624 0.170366 0.0485581
459 0.585624 0.163895 0.0505979
460 0.585624 0.166032 0.052229
461 0.585624 0.162536 0.0509538
462 0.585624 0.137751 0.0458469
463 0.585624 0.150316 0.0477768
464 0.585624 0.158538 0.0472731
465 0.585624 0.16784 0.0473847
466 0.585624 0.179401 0.0498961
467 0.585624 0.150418 0.0474816
468 0.585624 0.121329 0.0407275
469 0.585624 0.141845 0.0451271
470 0.585624 0.145341 0.0453633
471 0.585624 0.15795 0.0474643
472 0.585624 0.141257 0.0438368
473 0.585624 0.157636 0.0488903
474 0.585624 0.13349 0.044998
475 0.585624 0.136525 0.0464799
476 0.585624 0.143398 0.0495227
477 0.585624 0.153479 0.0489615
478 0.585624 0.164904 0.0505419
479 0.585624 0.162688 0.0479288
480 0.585624 0.174554 0.0479699
481 0.585624 0.161365 0.0478695
482 0.585624 0.159697 0.0503486
483 0.585624 0.151175 0.0474187
484 0.585624 0.174558 0.0485604
485 0.585624 0.174294 0.05088
486 0.585624 0.177839 0.0505504
487 0.585624 0.162938 0.0479934
488 0.585624 0.170546 0.0473401
489 0.585624 0.17769 0.0472564
490 0.585624 0.189926 0.0496531
491 0.585624 0.177307 0.0495062
492 0.585624 0.167821 0.0474029
493 0.585624 0.163503 0.0447266
494 0.585624 0.15963 0.0450559
495 0.585624 0.153078 0.0428698
496 0.585624 0.168216 0.0431308
497 0.585624 0.164557 0.0423113
498 0.585624 0.179431 0.0452179
499 0.587304 0.164615 0.0444458
500 0.587304 0.176964 0.0460962
501 0.587304 0.174846 0.0480571
502 0.587304 0.144575 0.0443435
503 0.587304 0.163922 0.0492626
504 0.587304 0.156259 0.0465328
505 0.587304 0.149344 0.0410017
506 0.587304 0.169987 0.0496711
507 0.587304 0.16875 0.0496121
508 0.587304 0.187731 0.0475474
509 0.587304 0.178154 0.0473457
510 0.587304 0.177732 0.0464769
511 0.587304 0.18311 0.0508381
512 0.587304 0.17589 0.0480692
513 0.587304 0.177931 0.0473196
514 0.587304 0.145646 0.0436042
515 0.587304 0.141237 0.0423946
516 0.587304 0.11913 0.0409043
517 0.587304 0.152725 0.0455696
518 0.587304 0.170346 0.0453237
519 0.587304 0.178133 0.0451927
520 0.587304 0.162863 0.0413743
521 0.587304 0.158053 0.0450381
522 0.587304 0.168907 0.0447338
523 0.587304 0.181361 0.0490504
524 0.587304 0.177877 0.0515102
525 0.587304 0.143996 0.0442305
526 0.587304 0.17804 0.0507499
527 0.587304 0.187503 0.0459611
528 0.587304 0.159853 0.0457791
529 0.587304 0.166397 0.0498865
530 0.587304 0.15311 0.0441259
531 0.587304 0.180075 0.052996
532 0.587304 0.16897 0.0479158
533 0.587304 0.163592 0.0462509
534 0.587304 0.181835 0.0462422
535 0.587304 0.18201 0.048588
536 0.587304 0.183056 0.0505248
537 0.587304 0.172894 0.0468135
538 0.587304 0.163286 0.0468669
539 0.587304 0.158471 0.0473564
540 0.587304 0.174758 0.0474439
541 0.587304 0.160052 0.0450751
542 0.587304 0.15617 0.0462939
543 0.587304 0.152354 0.0447702
544 0.587304 0.170553 0.0485029
545 0.587304 0.185013 0.0513514
546 0.587304 0.185212 0.0490841
547 0.587304 0.195003 0.046957
548 0.587304 0.173165 0.0427146
549 0.587304 0.153287 0.0421644
550 0.587304 0.175597 0.0470362
551 0.587304 0.204541 0.0493861
552 0.588186 0.196477 0.0502481
553 0.588186 0.199198 0.0507846
554 0.588186 0.200704 0.0500489
555 0.588186 0.182916 0.0495739
556 0.588186 0.168089 0.0450896
557 0.588186 0.185409 0.0513016
558 0.588186 0.146043 0.0441995
559 0.588186 0.180308 0.052044
560 0.588186 0.183585 0.0504692
561 0.589725 0.215288 0.0508422
562 0.589725 0.185504 0.0460356
563 0.589725 0.189351 0.0527134
564 0.589725 0.172319 0.0481043
565 0.589725 0.17919 0.0493514
566 0.589725 0.184833 0.0492712
567 0.589725 0.167543 0.0491077
568 0.589725 0.178786 0.0520016
569 0.589725 0.160807 0.0452509
570 0.589725 0.184495 0.0501465
571 0.589725 0.194527 0.0520555
572 0.589725 0.186461 0.0508552
573 0.589725 0.177338 0.0544528
574 0.589725 0.184806 0.0537782
575 0.589725 0.165294 0.0476209
576 0.589725 0.168797 0.0462074
577 0.590594 0.164732 0.049151
578 0.590594 0.172734 0.049742
579 0.590594 0.162239 0.0489801
580 0.590594 0.149172 0.0432856
581 0.590594 0.170291 0.0486767
582 0.591263 0.1666 0.0504571
583 0.591263 0.159283 0.0493251
584 0.591263 0.171472 0.0475397
585 0.591263 0.163967 0.0502355
586 0.591263 0.175379 0.0495859
587 0.591263 0.158015 0.0454324
588 0.591263 0.14789 0.0473727
589 0.591263 0.138696 0.0464603
590 0.591263 0.146664 0.0480659
591 0.591263 0.173649 0.0523338
592 0.591263 0.177575 0.050904
593 0.591263 0.200107 0.0505809
594 0.591263 0.17602 0.048332
595 0.591263 0.202363 0.0498943
596 0.591263 0.208238 0.0549637
597 0.591263 0.202779 0.0522981
598 0.591263 0.181733 0.0498302
599 0.591263 0.197687 0.0487556
600 0.591263 0.191259 0.0501153
601 0.591263 0.203395 0.0505055
602 0.591263 0.188949 0.0491881
603 0.591263 0.180976 0.0493505
604 0.591263 0.163252 0.0476683
605 0.591471 0.166795 0.0490166
606 0.591471 0.155654 0.0475697
607 0.591471 0.174676 0.0479814
608 0.591471 0.16327 0.0471648
609 0.594193 0.173237 0.0508879
610 0.594193 0.188704 0.0481965
611 0.594193 0.172433 0.0502457
612 0.594193 0.167894 0.049425
613 0.594193 0.190238 0.0495814
614 0.594193 0.173681 0.0537439
615 0.594193 0.184598 0.0506204
616 0.594193 0.132722 0.0437811
617 0.594193 0.154804 0.0465403
618 0.594193 0.176545 0.0478095
619 0.594193 0.185243 0.0534559
620 0.594193 0.190815 0.0486142
621 0.594193 0.178238 0.0477018
622 0.594193 0.177068 0.0492838
623 0.594193 0.204978 0.0506401
624 0.594193 0.219591 0.0514479
625 0.594193 0.216633 0.0512686
626 0.594193 0.241256 0.047323
627 0.594193 0.207727 0.0495434
628 0.594193 0.193889 0.050057
629 0.594193 0.210586 0.0525978
630 0.594193 0.204361 0.05463
631 0.594193 0.225196 0.0554643
632 0.594193 0.232616 0.0540837
633 0.594193 0.235968 0.0541001
634 0.594193 0.211998 0.0482889
635 0.594193 0.210458 0.0500044
636 0.594193 0.21168 0.0574462
637 0.594193 0.210204 0.0537853
638 0.594193 0.226143 0.0540239
639 0.594193 0.229932 0.0528144
640 0.594193 0.225018 0.0540447
641 0.594193 0.201409 0.053062
642 0.594193 0.220862 0.0496509
643 0.594193 0.215899 0.0533344
644 0.594193 0.235977 0.0538532
645 0.594193 0.215829 0.0502593
646 0.594193 0.203924 0.0517354
647 0.594193 0.19615 0.0471308
648 0.594193 0.20622 0.0534927
649 0.594193 0.198663 0.049474
650 0.594193 0.210564 0.0522033
651 0.594193 0.220987 0.0555789
652 0.594193 0.205596 0.0540828
653 0.594193 0.197088 0.0494977
654 0.594193 0.189314 0.0480508
655 0.594193 0.20052 0.0519698
656 0.594193 0.200654 0.0534505
657 0.594193 0.219391 0.0540373
658 0.594193 0.210183 0.0551253
659 0.594193 0.200025 0.0544281
660 0.594193 0.166382 0.0501736
661 0.594193 0.21937 0.0550571
662 0.594193 0.22636 0.0556774
663 0.594193 0.225032 0.0548298
664 0.594193 0.198005 0.0540118
665 0.594193 0.185642 0.0517785
666 0.594193 0.197745 0.0594041
667 0.594193 0.184758 0.0583993
668 0.600055 0.17439 0.0507168
669 0.600055 0.208125 0.0537319
670 0.600055 0.243242 0.0577527
671 0.600055 0.236777 0.0543514
672 0.600055 0.206577 0.058158
673 0.600055 0.201643 0.0549705
674 0.600055 0.180603 0.0510994
675 0.600055 0.194565 0.0505688
676 0.600055 0.172873 0.0504459
677 0.600055 0.179612 0.053671
678 0.600055 0.185994 0.0553375
679 0.600055 0.201352 0.0507543
680 0.600055 0.176196 0.0497845
681 0.600055 0.174312 0.0486131
682 0.600055 0.182296 0.0516402
683 0.600055 0.176136 0.0534427
684 0.600055 0.177208 0.0503847
685 0.600055 0.183291 0.0513343
686 0.600055 0.19772 0.0539209
687 0.600055 0.208236 0.0612241
688 0.600055 0.160365 0.0541068
689 0.600055 0.146653 0.0528729
690 0.600055 0.133519 0.0469801
691 0.600055 0.143918 0.0485508
692 0.600055 0.133889 0.045403
693 0.600055 0.18171 0.0546446
694 0.600055 0.192859 0.0543115
695 0.600055 0.168981 0.0497507
696 0.600055 0.187578 0.0506163
697 0.600055 0.162875 0.0514318
698 0.600055 0.192051 0.0487281
699 0.600055 0.203929 0.0531781
700 0.600055 0.207437 0.052606
701 0.600055 0.195077 0.0547397
702 0.600055 0.204997 0.0562818
703 0.600055 0.190362 0.0580614
704 0.600055 0.169148 0.0524062
705 0.600055 0.204542 0.0585903
706 0.600055 0.176643 0.0550949
707 0.600055 0.175387 0.0532494
708 0.600055 0.15687 0.0530848
709 0.600055 0.156151 0.0492205
710 0.600055 0.183069 0.0536017
711 0.600055 0.211275 0.0535344
712 0.600055 0.224696 0.0564661
713 0.600055 0.240277 0.0569197
714 0.600055 0.238784 0.0608674
715 0.600055 0.202996 0.061497
716 0.600055 0.199217 0.0601135
717 0.600055 0.195115 0.0566047
718 0.600055 0.228783 0.0577884
719 0.600055 0.21427 0.0592237
720 0.600055 0.200234 0.0544048
721 0.600055 0.221729 0.0544457
722 0.600055 0.240334 0.0574849
723 0.600055 0.215887 0.0554366
724 0.600055 0.192391 0.0525878
725 0.600055 0.231493 0.0555796
726 0.600055 0.220148 0.0541352
727 0.600055 0.213722 0.0546978
728 0.601345 0.217964 0.0524453
729 0.601345 0.212876 0.0537603
730 0.601345 0.220211 0.0610504
731 0.601345 0.210104 0.0586702
732 0.601345 0.212667 0.0566764
733 0.601345 0.217119 0.0573298
734 0.601345 0.191905 0.0517364
735 0.601345 0.185214 0.0520521
736 0.601345 0.199535 0.0518228
737 0.601345 0.217423 0.060063
738 0.601345 0.230488 0.0565213
739 0.601345 0.23481 0.0600503
740 0.601345 0.214442 0.0558945
741 0.601345 0.204614 0.0550121
742 0.601345 0.213389 0.0573233
743 0.601345 0.199006 0.0555644
744 0.601345 0.181857 0.0500842
745 0.601345 0.175602 0.0528894
746 0.601345 0.211555 0.0560372
747 0.601345 0.220402 0.0552267
748 0.601345 0.192967 0.0570994
749 0.601345 0.18881 0.0572176
750 0.601345 0.217334 0.0562658
751 0.601345 0.217071 0.0561404
752 0.602165 0.244354 0.0592859
753 0.602165 0.223298 0.0579013
754 0.602398 0.242838 0.0552635
755 0.602398 0.214751 0.0561132
756 0.602398 0.221261 0.0574958
757 0.602398 0.206444 0.0529182
758 0.602398 0.215404 0.0551419
759 0.602398 0.234765 0.0556778
760 0.602398 0.210918 0.0571877
761 0.602398 0.214514 0.0592124
762 0.602398 0.205027 0.0572379
763 0.602398 0.206466 0.0557051
764 0.602398 0.197494 0.0536486
765 0.602398 0.200538 0.053905
766 0.602398 0.172819 0.052567
767 0.602398 0.165033 0.0520891
768 0.602398 0.163096 0.0472494
769 0.602398 0.203593 0.0555795
770 0.602398 0.176147 0.0539882
771 0.602398 0.186067 0.0545373
772 0.602398 0.187375 0.0510524
773 0.602398 0.190916 0.0504638
774 0.602398 0.174993 0.0520301
775 0.602398 0.189975 0.0509867
776 0.602398 0.180011 0.0545449
777 0.602398 0.177658 0.0571024
778 0.602398 0.194652 0.0559147
779 0.602398 0.19559 0.0550914
780 0.602398 0.195177 0.0537752
781 0.602398 0.187873 0.0548393
782 0.602398 0.186837 0.0565106
783 0.602398 0.19285 0.0573936
784 0.602398 0.194877 0.057022
785 0.602398 0.189591 0.060493
786 0.602398 0.209704 0.0532322
787 0.602398 0.207384 0.0506473
788 0.602398 0.193002 0.0534869
789 0.602398 0.187103 0.0552009
790 0.602398 0.170819 0.0512446
791 0.602398 0.183405 0.0542756
792 0.602398 0.196091 0.0553552
793 0.602398 0.229221 0.0521499
794 0.602398 0.205479 0.0511956
795 0.602398 0.207987 0.0533027
796 0.602398 0.192487 0.0541323
797 0.602398 0.211243 0.0553272
798 0.602398 0.241484 0.0550752
799 0.602398 0.212048 0.0533559
800 0.602398 0.194159 0.0527
801 0.602398 0.221282 0.0500928
802 0.602398 0.232492 0.0541909
803 0.602398 0.222626 0.0575371
804 0.602398 0.228115 0.0578565
805 0.602398 0.247788 0.0537319
806 0.602398 0.212158 0.0574702
807 0.602398 0.236083 0.0585655
808 0.602398 0.22586 0.0570139
809 0.602398 0.225321 0.0581342
810 0.602398 0.183704 0.0549049
811 0.602398 0.216472 0.0640738
812 0.602398 0.19692 0.0544064
813 0.602398 0.202819 0.0606076
814 0.602398 0.201219 0.0570546
815 0.602398 0.225178 0.0590299
816 0.602398 0.211577 0.0572939
817 0.602398 0.221049 0.0577038
818 0.602398 0.220466 0.0520552
819 0.602398 0.219659 0.0499432
820 0.602398 0.239123 0.0540694
821 0.602398 0.219462 0.0562623
822 0.602398 0.210862 0.0528117
823 0.602398 0.20643 0.0515543
824 0.602398 0.213166 0.0535081
825 0.602398 0.193502 0.0539338
826 0.602398 0.198734 0.0541476
827 0.602398 0.198967 0.0530922
828 0.602398 0.183314 0.0508428
829 0.602398 0.21016 0.0574705
830 0.602398 0.221435 0.0593258
831 0.602398 0.246367 0.0584127
832 0.602398 0.226457 0.0596834
833 0.602398 0.228168 0.0570052
834 0.602398 0.228661 0.0546649
835 0.602398 0.219649 0.0537552
836 0.602398 0.202422 0.0521693
837 0.602398 0.188666 0.052695
838 0.602398 0.207496 0.0581858
839 0.602398 0.181462 0.0560762
840 0.602398 0.18841 0.0501023
841 0.602398 0.188974 0.0538587
842 0.602398 0.1896 0.0553311
843 0.602398 0.223992 0.0629044
844 0.602398 0.223875 0.0575412
845 0.602398 0.20325 0.0565936
846 0.602398 0.200512 0.0560792
847 0.602398 0.210043 0.0556393
848 0.602398 0.223085 0.0558578
849 0.602398 0.214789 0.0584575
850 0.602398 0.210682 0.0527693
851 0.602398 0.192725 0.0532597
852 0.602398 0.224482 0.0591748
853 0.602398 0.218681 0.0565328
854 0.602398 0.246164 0.0562541
855 0.602398 0.242644 0.0525056
856 0.602398 0.201173 0.0530901
857 0.602398 0.208618 0.0571336
858 0.602398 0.201761 0.0572331
859 0.602398 0.205416 0.0578808
860 0.602398 0.190547 0.0554152
861 0.602398 0.207146 0.0507467
862 0.602398 0.190588 0.0536293
863 0.602398 0.183176 0.0513365
864 0.602398 0.220185 0.0544155
865 0.602398 0.205644 0.0570565
866 0.602398 0.204175 0.0494705
867 0.602398 0.220525 0.0554209
868 0.602398 0.222667 0.0582647
869 0.602398 0.205307 0.0567139
870 0.602398 0.209945 0.052764
871 0.602398 0.18693 0.0521904
872 0.602398 0.182655 0.0515587
873 0.602398 0.182233 0.0546225
874 0.602398 0.195992 0.056577
875 0.602398 0.207401 0.0540609
876 0.602398 0.208209 0.0479524
877 0.602398 0.212715 0.0496226
878 0.602398 0.22305 0.0555113
879 0.602398 0.237946 0.0544857
880 0.602398 0.208527 0.0505809
881 0.602398 0.203228 0.0536545
882 0.602398 0.235314 0.0567241
883 0.602398 0.226722 0.0559341
884 0.602398 0.202145 0.0559658
885 0.602398 0.196018 0.0536759
886 0.602398 0.213236 0.0533588
887 0.602398 0.235662 0.058445
888 0.602398 0.218403 0.0600562
889 0.602398 0.21875 0.0581122
890 0.602398 0.200326 0.0561239
891 0.602398 0.210664 0.0565959
892 0.602398 0.199333 0.0568343
893 0.602398 0.174372 0.050725
894 0.602398 0.186715 0.0499178
895 0.602398 0.19957 0.0530117
896 0.602398 0.185598 0.0542399
897 0.602398 0.16548 0.0532816
898 0.602398 0.180513 0.055083
899 0.602398 0.184415 0.0512944
900 0.602398 0.195774 0.0549003
901 0.602398 0.215982 0.0597167
902 0.602398 0.246051 0.057756
903 0.602398 0.216889 0.0524814
904 0.602398 0.226753 0.0559653
905 0.602398 0.199966 0.056737
906 0.602398 0.205626 0.0518732
907 0.602398 0.209493 0.0505207
908 0.602398 0.2154 0.0577002
909 0.602398 0.232631 0.0591439
910 0.602398 0.222597 0.0565755
911 0.602398 0.199003 0.0551586
912 0.602398 0.194815 0.0597484
913 0.602398 0.165054 0.0522267
914 0.602398 0.157727 0.0492771
915 0.602398 0.202077 0.0550295
916 0.602398 0.214851 0.0545125
917 0.602398 0.184452 0.0473503
918 0.602398 0.202264 0.0515852
919 0.602398 0.210001 0.0537146
920 0.602398 0.195762 0.0559775
921 0.602398 0.203761 0.0514193
922 0.602398 0.215644 0.0545191
923 0.602398 0.194303 0.0541493
924 0.602398 0.196335 0.0512459
925 0.602398 0.222132 0.0526919
926 0.602398 0.242662 0.0544469
927 0.602398 0.23178 0.0506895
928 0.602398 0.211262 0.0511879
929 0.602398 0.243246 0.0587035
930 0.602398 0.225864 0.0585455
931 0.602398 0.218808 0.0532317
932 0.602398 0.198611 0.0555354
933 0.602398 0.197498 0.0544729
934 0.602398 0.190939 0.0558838
935 0.602398 0.20286 0.0583975
936 0.602398 0.195452 0.0545258
937 0.602398 0.218552 0.0589809
938 0.602398 0.211186 0.0566307
939 0.602398 0.23024 0.057386
940 0.602398 0.212691 0.0582061
941 0.602398 0.214329 0.0553404
942 0.602398 0.198032 0.0554095
943 0.602398 0.199588 0.0616714
944 0.602398 0.150533 0.0524323
945 0.602398 0.191211 0.0567597
946 0.602398 0.202113 0.0533809
947 0.602398 0.206564 0.0549977
948 0.602398 0.223113 0.0544485
949 0.602398 0.238777 0.053148
950 0.602398 0.216395 0.0546868
951 0.602398 0.234393 0.0587719
952 0.602398 0.196347 0.0568613
953 0.602398 0.201245 0.0562997
954 0.602398 0.258922 0.0582571
955 0.602398 0.203869 0.056898
956 0.602398 0.234991 0.0578928
957 0.602398 0.1988 0.0539096
958 0.602398 0.241823 0.0575776
959 0.602398 0.257026 0.0568611
960 0.602398 0.244255 0.0524602
961 0.602398 0.243065 0.0535324
962 0.602398 0.259165 0.0531472
963 0.602398 0.253691 0.0512538
964 0.602398 0.227825 0.0493644
965 0.602398 0.214113 0.0500785
966 0.602398 0.201322 0.0465868
967 0.602398 0.213003 0.0499229
968 0.602398 0.206735 0.0479441
969 0.602398 0.215012 0.0525934
970 0.602398 0.205915 0.0501298
971 0.602398 0.215135 0.0556406
972 0.602398 0.218489 0.054868
973 0.602398 0.203639 0.0554493
974 0.602398 0.192187 0.0580522
975 0.602398 0.241232 0.0629691
976 0.602398 0.210363 0.0580771
977 0.602398 0.191815 0.0552022
978 0.602398 0.197457 0.0533916
979 0.602398 0.204748 0.0596677
980 0.602398 0.199971 0.0586091
981 0.602398 0.214461 0.0568735
982 0.602398 0.170182 0.054798
983 0.602398 0.206356 0.0566128
984 0.602398 0.169908 0.0537343
985 0.602398 0.19533 0.054473
986 0.602398 0.209032 0.0586871
987 0.602398 0.16812 0.051141
988 0.602398 0.193267 0.0526457
989 0.602398 0.205491 0.0584434
990 0.602398 0.201718 0.055447
991 0.602398 0.200315 0.0575836
992 0.602398 0.240588 0.0563971
993 0.602398 0.202974 0.0536838
994 0.602398 0.197925 0.0545215
995 0.602398 0.183365 0.0535188
996 0.602398 0.202855 0.0563597
997 0.602398 0.230615 0.054504
998 0.602398 0.192491 0.0552486
999 0.602398 0.167047 0.0507642
1000 0.602398 0.192121 0.0554839
