0 0.125242 0.0616998 0.00390708
1 0.125274 0.0713691 0.00387226
2 0.125274 0.0763652 0.00376172
3 0.125275 0.0802447 0.00362294
4 0.125275 0.0865226 0.00335888
5 0.125275 0.0817516 0.00353789
6 0.125275 0.0915946 0.00299886
7 0.125277 0.092858 0.00300138
8 0.125277 0.0888845 0.00325181
9 0.130222 0.0964315 0.00280331
10 0.130222 0.0952457 0.00287319
11 0.130222 0.0914753 0.00311002
12 0.130222 0.088974 0.00324992
13 0.130222 0.0904114 0.00314787
14 0.130222 0.0915201 0.00310255
15 0.130222 0.0965579 0.00277924
16 0.130222 0.104158 0.00219056
17 0.130222 0.108068 0.00183104
18 0.130222 0.108941 0.00178687
19 0.130222 0.10922 0.0017333
20 0.130222 0.10822 0.00179874
21 0.130222 0.111552 0.00152668
22 0.130222 0.1054 0.00208683
23 0.130222 0.10613 0.00201114
24 0.183886 0.110964 0.00168756
25 0.188235 0.114337 0.00153816
26 0.188235 0.110949 0.00183838
27 0.188235 0.111228 0.00189421
28 0.188235 0.106987 0.00222994
29 0.188235 0.107266 0.00226122
30 0.433541 0.112967 0.00324474
31 0.433541 0.116165 0.00456551
32 0.433541 0.116338 0.00500226
33 0.433541 0.126703 0.00450029
34 0.433541 0.11963 0.0053365
35 0.449996 0.123754 0.00809839
36 0.449996 0.127267 0.00835143
37 0.449996 0.131567 0.00825802
38 0.449996 0.13098 0.00812637
39 0.461009 0.121394 0.0108803
40 0.461009 0.131818 0.0115725
41 0.500741 0.13977 0.0132894
41 0.49478 0.0514102 0.0152281
42 0.49478 0.0524154 0.015181
43 0.49478 0.0525821 0.0157778
44 0.49478 0.0515575 0.0159685
45 0.49478 0.0501162 0.0154104
46 0.49478 0.0584983 0.0168448
47 0.49478 0.0545639 0.0169437
48 0.49478 0.0561534 0.0171762
49 0.49478 0.0592491 0.0181307
50 0.49478 0.0686217 0.0212959
51 0.539952 0.0683987 0.0214337
52 0.539952 0.0711036 0.0225618
53 0.567088 0.0845763 0.0261125
54 0.567088 0.0807749 0.0262954
55 0.567088 0.0757749 0.0275811
56 0.567088 0.071375 0.0260949
57 0.567088 0.0737476 0.0297379
58 0.567088 0.0778295 0.0331129
59 0.567088 0.0802914 0.0323942
60 0.567088 0.0917084 0.0335025
61 0.568764 0.105056 0.0369748
62 0.568764 0.088062 0.0342219
63 0.591297 0.0873547 0.0348265
64 0.591297 0.0988312 0.0392106
65 0.591297 0.104319 0.040794
66 0.591297 0.11417 0.0406299
67 0.591297 0.134202 0.0493358
68 0.591297 0.119023 0.040214
69 0.591297 0.131034 0.0436474
70 0.591297 0.15307 0.0479806
71 0.595534 0.148246 0.0477339
72 0.595534 0.140089 0.0460285
73 0.595534 0.176859 0.054661
74 0.595534 0.174871 0.0520018
75 0.595534 0.133217 0.0435482
76 0.595534 0.12976 0.0469203
77 0.595534 0.123282 0.0429298
78 0.595534 0.127695 0.0420663
79 0.595534 0.134333 0.0484247
80 0.595534 0.149034 0.0484346
81 0.595534 0.147975 0.0513898
82 0.595534 0.178516 0.0501901
83 0.595534 0.166947 0.0524075
84 0.595534 0.172902 0.0498855
85 0.595534 0.182734 0.0489858
86 0.595534 0.172363 0.046367
87 0.599907 0.170001 0.0484384
88 0.602275 0.170983 0.0493736
89 0.602275 0.214597 0.0513885
90 0.602275 0.173308 0.047644
91 0.602275 0.179481 0.0504613
92 0.602275 0.180838 0.0514714
93 0.602275 0.169585 0.0497395
94 0.602275 0.183151 0.0521434
95 0.602275 0.161728 0.0514793
96 0.602275 0.161152 0.0513663
97 0.602275 0.176212 0.054839
98 0.602275 0.173687 0.051189
99 0.602275 0.156308 0.0542841
100 0.604554 0.140892 0.0485016
101 0.604554 0.163095 0.0523005
102 0.604554 0.151138 0.0486573
103 0.604554 0.17672 0.0538805
104 0.604554 0.172683 0.0559681
105 0.604554 0.157586 0.0531076
106 0.604554 0.162664 0.0537758
107 0.604554 0.158923 0.0543571
108 0.604554 0.146369 0.0499819
109 0.604554 0.167427 0.0533159
110 0.604554 0.182984 0.0545368
111 0.604554 0.17651 0.0511335
112 0.604554 0.177336 0.0551948
113 0.604554 0.17465 0.0535264
114 0.604554 0.192971 0.0531391
115 0.604554 0.19661 0.0500917
116 0.604554 0.209925 0.0520846
117 0.604554 0.222275 0.0513809
118 0.604554 0.2066 0.0549209
119 0.604554 0.170362 0.0504625
120 0.604554 0.168657 0.0512641
121 0.604554 0.176795 0.0549411
122 0.604554 0.17683 0.052055
123 0.604554 0.164992 0.0485572
124 0.604554 0.213568 0.056611
125 0.604554 0.178788 0.0496916
126 0.604554 0.156723 0.047334
127 0.604554 0.176849 0.051782
128 0.604554 0.183715 0.054901
129 0.604554 0.174567 0.0531702
130 0.604554 0.174376 0.0522674
131 0.604554 0.174876 0.0532198
132 0.604554 0.165953 0.0519752
133 0.604554 0.161399 0.0545673
134 0.604554 0.164125 0.0499875
135 0.606181 0.174543 0.0544702
136 0.606181 0.18905 0.0539776
137 0.606181 0.205611 0.0594227
138 0.606181 0.216594 0.0595593
139 0.606181 0.202905 0.0571935
140 0.606181 0.19073 0.0519372
141 0.606181 0.177623 0.0489385
142 0.606181 0.163934 0.0522565
143 0.606181 0.164465 0.0501897
144 0.606181 0.166623 0.0500132
145 0.606181 0.161001 0.0485702
146 0.606181 0.17599 0.0507866
147 0.606181 0.203611 0.0554764
148 0.606181 0.188863 0.0502717
149 0.606181 0.207051 0.0572358
150 0.606181 0.227551 0.0587701
151 0.606181 0.163865 0.0532857
152 0.606181 0.171166 0.0533473
153 0.606181 0.185944 0.0558442
154 0.606181 0.178916 0.0538448
155 0.606181 0.209571 0.0570225
156 0.606181 0.163621 0.0507496
157 0.606181 0.167837 0.0547939
158 0.606181 0.160794 0.0538508
159 0.606181 0.162931 0.0513935
160 0.606181 0.149863 0.0517279
161 0.606181 0.169595 0.0541745
162 0.606181 0.203302 0.0610175
163 0.606181 0.202578 0.060177
164 0.606181 0.222884 0.0613355
165 0.606181 0.217082 0.057028
166 0.606181 0.216773 0.0536427
167 0.606181 0.208759 0.0531063
168 0.606181 0.196666 0.0556721
169 0.606181 0.192737 0.0523128
170 0.606181 0.21834 0.0549104
171 0.606181 0.203076 0.056384
172 0.606181 0.215668 0.0561165
173 0.606181 0.210843 0.0563401
174 0.606181 0.176591 0.0576653
175 0.606181 0.163156 0.0530809
176 0.606181 0.168526 0.0538939
177 0.606181 0.16818 0.0545333
178 0.606181 0.147479 0.0518901
179 0.606181 0.148798 0.0519269
180 0.606181 0.155916 0.0522228
181 0.606181 0.168289 0.0542589
182 0.606181 0.141505 0.0515258
183 0.606181 0.130187 0.0488858
184 0.606181 0.128704 0.0482724
185 0.606181 0.133494 0.046878
186 0.606181 0.137073 0.047831
187 0.606181 0.143403 0.0470527
188 0.606181 0.132094 0.0442496
189 0.606181 0.135427 0.0446841
190 0.606181 0.135943 0.0473204
191 0.606181 0.168859 0.0526391
192 0.606181 0.163314 0.0507371
193 0.606181 0.178278 0.0520098
194 0.606181 0.177265 0.0535696
195 0.606181 0.179494 0.0493344
196 0.606181 0.167733 0.050788
197 0.606181 0.138195 0.0470946
198 0.606181 0.170724 0.0512996
199 0.606181 0.167583 0.0521648
200 0.606181 0.181035 0.0508682
201 0.606181 0.161485 0.0506182
202 0.606181 0.167927 0.0539947
203 0.606181 0.162755 0.0493743
204 0.606181 0.175056 0.049737
205 0.606181 0.148336 0.0457118
206 0.606181 0.168947 0.0562571
207 0.606181 0.160914 0.0521832
208 0.606181 0.161357 0.0501682
209 0.606181 0.169527 0.0531221
210 0.606181 0.212083 0.0591469
211 0.606181 0.20399 0.0535478
212 0.606181 0.201137 0.0593414
213 0.606181 0.171241 0.0544809
214 0.606181 0.190674 0.0560036
215 0.606181 0.188748 0.0581346
216 0.606181 0.189026 0.0556605
217 0.606181 0.190904 0.0553054
218 0.606181 0.15158 0.0507478
219 0.606181 0.160939 0.052148
220 0.606181 0.19684 0.0523407
221 0.606181 0.174729 0.0530967
222 0.606181 0.222286 0.0572195
223 0.606181 0.218879 0.0573296
224 0.606181 0.207712 0.0585265
225 0.606181 0.200502 0.0506445
226 0.606181 0.178852 0.0508557
227 0.606181 0.204627 0.0534951
228 0.606181 0.179157 0.0512497
229 0.606181 0.180779 0.0524277
230 0.606181 0.178358 0.0552883
231 0.606181 0.184587 0.0588214
232 0.606181 0.184226 0.0542681
233 0.606181 0.188856 0.0560652
234 0.606181 0.173995 0.0534917
235 0.606181 0.183088 0.0557148
236 0.606181 0.177622 0.0523647
237 0.606181 0.161385 0.0499664
238 0.606181 0.199923 0.0542742
239 0.606181 0.210059 0.054032
240 0.606181 0.198598 0.051488
241 0.606181 0.1634 0.047841
242 0.606181 0.168045 0.0569108
243 0.606181 0.161012 0.0515566
244 0.606181 0.178176 0.0539916
245 0.606181 0.192405 0.0524265
246 0.606181 0.183681 0.0501714
247 0.606181 0.183495 0.0527696
248 0.606181 0.183052 0.0531703
249 0.606181 0.17187 0.0538318
250 0.606181 0.181785 0.0572323
251 0.606181 0.189304 0.0543433
252 0.606181 0.169972 0.0510128
253 0.606181 0.168889 0.0537289
254 0.606181 0.199679 0.0534988
255 0.606181 0.170911 0.0520881
256 0.606181 0.157015 0.0511452
257 0.606181 0.137666 0.047797
258 0.606181 0.141851 0.0469352
259 0.606181 0.155758 0.0534824
260 0.606181 0.166443 0.0566676
261 0.606181 0.167221 0.0518811
262 0.606181 0.180978 0.051757
263 0.606181 0.164638 0.051214
264 0.606181 0.179542 0.0540419
265 0.606181 0.210469 0.0578352
266 0.606181 0.192783 0.0567635
267 0.606181 0.166297 0.050855
268 0.606181 0.177459 0.0504839
269 0.606181 0.184088 0.0498028
270 0.606181 0.174855 0.0503824
271 0.606181 0.181265 0.049547
272 0.606181 0.171849 0.0489971
273 0.606181 0.18399 0.0497232
274 0.606181 0.156058 0.0526795
275 0.606181 0.149817 0.0491991
276 0.606181 0.140363 0.0515913
277 0.606181 0.155172 0.0525051
278 0.606181 0.164026 0.0516934
279 0.606181 0.168615 0.0521057
280 0.606181 0.169471 0.0504826
281 0.606181 0.173641 0.052491
282 0.606181 0.189829 0.050354
283 0.606181 0.199271 0.0546038
284 0.606181 0.206457 0.0570643
285 0.606181 0.184837 0.0526264
286 0.606181 0.186542 0.0530986
287 0.606181 0.182557 0.0590749
288 0.606181 0.194916 0.0554274
289 0.606181 0.183029 0.0538479
290 0.606181 0.182961 0.0482794
291 0.606181 0.171114 0.0481088
292 0.606181 0.191278 0.0471596
293 0.606181 0.176812 0.0486867
294 0.606181 0.183247 0.0478601
295 0.606181 0.189111 0.0541686
296 0.606181 0.153488 0.047242
297 0.606181 0.152513 0.0472966
298 0.606181 0.168962 0.0556566
299 0.606181 0.174371 0.052805
300 0.606181 0.197078 0.0528826
301 0.606181 0.220885 0.0576787
302 0.606181 0.200219 0.0532
303 0.606181 0.179675 0.0537373
304 0.606181 0.177725 0.0553912
305 0.606181 0.154773 0.0493494
306 0.606181 0.187985 0.0534065
307 0.606181 0.176472 0.0507183
308 0.606181 0.180853 0.0543937
309 0.606181 0.18706 0.0572362
310 0.606181 0.184638 0.0571996
311 0.606181 0.219234 0.0556015
312 0.606181 0.210764 0.0546934
313 0.606226 0.194517 0.0547154
314 0.606226 0.200963 0.0553589
315 0.606226 0.220788 0.0571492
316 0.606226 0.175131 0.0507783
317 0.606226 0.208694 0.0563248
318 0.606226 0.201327 0.0529046
319 0.606226 0.199177 0.0557949
320 0.606226 0.176055 0.0476048
321 0.606226 0.17963 0.0486808
322 0.606226 0.186794 0.0514073
323 0.606226 0.211889 0.0544675
324 0.606226 0.196173 0.0590632
325 0.606226 0.19002 0.0569184
326 0.606226 0.165014 0.047647
327 0.606226 0.197519 0.054297
328 0.606226 0.173635 0.0584243
329 0.606226 0.15655 0.0509016
330 0.606226 0.184658 0.0539678
331 0.606226 0.1723 0.0517164
332 0.606226 0.191897 0.0538574
333 0.606226 0.208126 0.057916
334 0.606226 0.194502 0.0563411
335 0.606226 0.19451 0.0564247
336 0.606226 0.170511 0.0524375
337 0.606226 0.163026 0.0555668
338 0.606226 0.149524 0.046575
339 0.606226 0.172846 0.052696
340 0.606226 0.156252 0.0504307
341 0.606226 0.15646 0.0520368
342 0.606226 0.164976 0.0539139
343 0.606226 0.182783 0.0552588
344 0.606226 0.170375 0.0535872
345 0.606226 0.1834 0.0576697
346 0.606226 0.200508 0.057102
347 0.606226 0.202771 0.0587459
348 0.606226 0.180763 0.0516798
349 0.60625 0.197414 0.0545946
350 0.60625 0.161707 0.0502241
351 0.60625 0.165215 0.0543687
352 0.60625 0.16448 0.054345
353 0.60625 0.163412 0.054882
354 0.60625 0.170195 0.0520953
355 0.60625 0.15307 0.0504724
356 0.60625 0.169669 0.0481364
357 0.60625 0.17974 0.0500921
358 0.60625 0.203545 0.0507616
359 0.60625 0.20189 0.0542411
360 0.60625 0.204123 0.0592852
361 0.60625 0.198286 0.0513513
362 0.60625 0.203678 0.0537311
363 0.60625 0.230456 0.0588944
364 0.60625 0.19499 0.0542837
365 0.60625 0.191146 0.0562241
366 0.60625 0.16598 0.0526516
367 0.60625 0.17738 0.0548254
368 0.60625 0.205984 0.0519413
369 0.60625 0.193162 0.0550595
370 0.60625 0.187111 0.0565043
371 0.60625 0.170971 0.0499558
372 0.606257 0.187687 0.0539491
373 0.606257 0.174531 0.0522327
374 0.606257 0.173371 0.0525456
375 0.606257 0.165195 0.0480909
376 0.606257 0.191214 0.0513924
377 0.606257 0.198625 0.0567451
378 0.606257 0.215268 0.0573297
379 0.606257 0.210853 0.05828
380 0.606257 0.175827 0.0506915
381 0.606257 0.193103 0.0514261
382 0.606257 0.188029 0.0534069
383 0.606257 0.186333 0.0540963
384 0.606257 0.18138 0.054574
385 0.606257 0.21321 0.0536196
386 0.606257 0.164414 0.0520888
387 0.606257 0.149099 0.0518303
388 0.606257 0.179308 0.0515533
389 0.606257 0.149276 0.0497491
390 0.606257 0.13139 0.045812
391 0.606257 0.154955 0.050428
392 0.606257 0.166515 0.0496404
393 0.606257 0.16742 0.0495016
394 0.606257 0.170198 0.0519196
395 0.606257 0.182859 0.0541693
396 0.606257 0.184714 0.0577687
397 0.606257 0.176159 0.0512045
398 0.606257 0.174031 0.049877
399 0.606257 0.172465 0.050759
400 0.606257 0.170272 0.0499994
401 0.606257 0.165163 0.0478721
402 0.606257 0.170164 0.0505253
403 0.606257 0.166105 0.0535654
404 0.606257 0.212884 0.0599482
405 0.606257 0.214561 0.0556127
406 0.60713 0.205388 0.0581402
407 0.60713 0.197513 0.0516897
408 0.60713 0.197107 0.0547014
409 0.60713 0.193338 0.0502849
410 0.60713 0.21776 0.0531951
411 0.60713 0.191497 0.0559532
412 0.60713 0.189368 0.0544148
413 0.60713 0.185011 0.0521472
414 0.60713 0.187988 0.0520314
415 0.60713 0.219546 0.0557967
416 0.60713 0.214275 0.0571372
417 0.60713 0.202604 0.056659
418 0.60713 0.218842 0.0543018
419 0.60713 0.195559 0.0554934
420 0.60713 0.19194 0.0528568
421 0.60713 0.16766 0.0524677
422 0.60713 0.188674 0.0571714
423 0.60713 0.18908 0.0544502
424 0.60713 0.184476 0.0534722
425 0.60713 0.181509 0.0568209
426 0.60713 0.182166 0.05398
427 0.60713 0.186796 0.0527164
428 0.60713 0.168556 0.0517328
429 0.60713 0.155259 0.0486166
430 0.60713 0.185812 0.0478746
431 0.60713 0.188114 0.0529005
432 0.60713 0.185141 0.048883
433 0.60713 0.172938 0.051125
434 0.60713 0.201912 0.056179
435 0.60713 0.170379 0.0569282
436 0.60713 0.168241 0.0545441
437 0.60713 0.193742 0.0609854
438 0.60713 0.161488 0.0518651
439 0.60713 0.184418 0.0511086
440 0.60713 0.161613 0.0498391
441 0.60713 0.205766 0.0550376
442 0.60713 0.1894 0.0521122
443 0.60713 0.175259 0.051126
444 0.60713 0.194736 0.0564522
445 0.60713 0.168554 0.0538659
446 0.60713 0.187161 0.0556517
447 0.60713 0.159892 0.0514072
448 0.60713 0.192882 0.0543368
449 0.60713 0.181047 0.0505252
450 0.60713 0.188809 0.0526639
451 0.60713 0.171697 0.0530339
452 0.60713 0.180741 0.0557111
453 0.60713 0.167221 0.0532542
454 0.60713 0.184409 0.0544521
455 0.60713 0.201323 0.0541429
456 0.60713 0.213354 0.0552312
457 0.60713 0.242824 0.0581003
458 0.60713 0.202054 0.0573298
459 0.60713 0.194828 0.0608988
460 0.60713 0.210825 0.0580735
461 0.60713 0.216621 0.0519769
462 0.60713 0.217449 0.0486213
463 0.60713 0.223385 0.0511833
464 0.60713 0.209828 0.0535691
465 0.60713 0.204822 0.0547761
466 0.60713 0.211473 0.0571345
467 0.60713 0.196022 0.051833
468 0.60713 0.16699 0.0562944
469 0.60713 0.179796 0.0542287
470 0.60713 0.189317 0.0549898
471 0.60713 0.171465 0.0515987
472 0.60713 0.183597 0.0502296
473 0.60713 0.196005 0.0504165
474 0.60713 0.208796 0.0578305
475 0.60713 0.202147 0.0595834
476 0.60713 0.225321 0.0600527
477 0.60713 0.185406 0.0521063
478 0.60713 0.217774 0.0595966
479 0.60713 0.1747 0.0519461
480 0.60713 0.217149 0.056819
481 0.60713 0.188961 0.0559123
482 0.60713 0.168358 0.0510672
483 0.60713 0.155804 0.0502851
484 0.60713 0.18374 0.0528464
485 0.60713 0.159709 0.0493371
486 0.60713 0.16237 0.0485267
487 0.60713 0.17747 0.0528111
488 0.60713 0.173823 0.0496023
489 0.60713 0.166751 0.0494014
490 0.60713 0.186291 0.0520237
491 0.60713 0.182926 0.0570046
492 0.60713 0.17412 0.0539467
493 0.60713 0.181809 0.0558645
494 0.60713 0.193851 0.0547278
495 0.60713 0.176462 0.0504627
496 0.60713 0.192762 0.0535247
497 0.60713 0.173739 0.0533012
498 0.60713 0.16367 0.0517274
499 0.60713 0.183998 0.0553938
500 0.60713 0.174004 0.0543457
501 0.60713 0.187523 0.0530816
502 0.60713 0.196003 0.0537095
503 0.60713 0.188612 0.0512861
504 0.60713 0.198989 0.0578491
505 0.60713 0.190671 0.0479954
506 0.60713 0.216167 0.052864
507 0.60713 0.207783 0.0533667
508 0.60713 0.219331 0.0548514
509 0.60713 0.196324 0.0542494
510 0.60713 0.238789 0.0571387
511 0.60713 0.19334 0.0497498
512 0.60713 0.197608 0.0544758
513 0.60713 0.21866 0.0535194
514 0.60713 0.182813 0.0496178
515 0.60713 0.20246 0.0503706
516 0.60713 0.213368 0.052946
517 0.60713 0.223468 0.0574122
518 0.60713 0.219071 0.0566386
519 0.60713 0.193468 0.0577732
520 0.60713 0.207513 0.0546012
521 0.60713 0.248913 0.0541931
522 0.60713 0.216999 0.0571958
523 0.60713 0.198922 0.054625
524 0.60713 0.183016 0.0531064
525 0.60713 0.155698 0.0468443
526 0.60713 0.16491 0.0507759
527 0.60713 0.200382 0.052245
528 0.60713 0.176119 0.055
529 0.60713 0.16983 0.051261
530 0.60713 0.195307 0.0522984
531 0.60713 0.196367 0.053599
532 0.60713 0.192739 0.0588013
533 0.60713 0.190913 0.0569459
534 0.60713 0.151437 0.0523692
535 0.60713 0.158892 0.0564948
536 0.60713 0.158426 0.0543708
537 0.60713 0.166216 0.0535125
538 0.60713 0.136789 0.0487057
539 0.60713 0.151335 0.0501973
540 0.60713 0.138404 0.0484755
541 0.60713 0.16701 0.0503213
542 0.60713 0.178228 0.0515407
543 0.60713 0.20645 0.0512575
544 0.60713 0.176611 0.0494039
545 0.60713 0.169619 0.0533414
546 0.60713 0.202484 0.0601805
547 0.60713 0.212587 0.0578636
548 0.60713 0.186195 0.0540645
549 0.60713 0.205025 0.05367
550 0.60713 0.200725 0.0520877
551 0.60713 0.149987 0.0468452
552 0.60713 0.184175 0.055895
553 0.60713 0.194727 0.0553278
554 0.60713 0.163064 0.0502253
555 0.60713 0.184991 0.0530793
556 0.60713 0.173724 0.0559451
557 0.60713 0.166746 0.0503815
558 0.60713 0.175148 0.0543356
559 0.60713 0.158332 0.0503881
560 0.60713 0.161185 0.0516966
561 0.60713 0.154286 0.0493018
562 0.60713 0.137447 0.0451077
563 0.60713 0.167364 0.0522478
564 0.60713 0.177631 0.0551209
565 0.60713 0.147144 0.0508131
566 0.60713 0.15425 0.0496288
567 0.60713 0.157917 0.0489499
568 0.60713 0.198781 0.0516528
569 0.60713 0.179905 0.0540856
570 0.60713 0.19935 0.0570287
571 0.60713 0.200034 0.0563173
572 0.60713 0.199807 0.0511225
573 0.60713 0.202292 0.0541372
574 0.60713 0.225317 0.0527353
575 0.60713 0.215163 0.0537222
576 0.60713 0.205607 0.0540272
577 0.60713 0.175084 0.0520099
578 0.60713 0.196662 0.0513475
579 0.60713 0.18209 0.0554554
580 0.60713 0.212159 0.0553206
581 0.60713 0.197516 0.0568322
582 0.60713 0.185765 0.0540588
583 0.60713 0.18808 0.0549479
584 0.60713 0.17432 0.0549085
585 0.60713 0.170916 0.0483358
586 0.60713 0.159998 0.0495269
587 0.60713 0.183367 0.0555075
588 0.60713 0.159266 0.0533174
589 0.60713 0.147335 0.0510205
590 0.60713 0.182605 0.0551135
591 0.60713 0.154755 0.0508872
592 0.60713 0.172645 0.0534835
593 0.60713 0.17506 0.0566214
594 0.60713 0.161739 0.0506407
595 0.60713 0.158619 0.0520819
596 0.60713 0.160645 0.0487006
597 0.60713 0.188403 0.0508437
598 0.60713 0.194429 0.0537219
599 0.60713 0.167301 0.0528282
600 0.60713 0.167758 0.0501172
601 0.60713 0.182555 0.0588015
602 0.60713 0.180402 0.0526341
603 0.60713 0.182024 0.0543247
604 0.60713 0.165891 0.0543663
605 0.60713 0.173449 0.0565434
606 0.60713 0.164034 0.0538407
607 0.60713 0.158758 0.048998
608 0.60713 0.161846 0.0530789
609 0.60713 0.180921 0.0522246
610 0.60713 0.184712 0.0540251
611 0.60713 0.204655 0.054036
612 0.60713 0.18504 0.0482291
613 0.60713 0.172707 0.0468474
614 0.60713 0.168022 0.0505947
615 0.60713 0.155612 0.0481042
616 0.60713 0.165655 0.0467146
617 0.60713 0.17992 0.0509638
618 0.60713 0.178113 0.0512419
619 0.60713 0.202495 0.0566217
620 0.60713 0.200599 0.0521013
621 0.60713 0.207684 0.0527284
622 0.60713 0.187028 0.0495227
623 0.60713 0.176299 0.0494918
624 0.60713 0.194318 0.0550123
625 0.60713 0.16961 0.0516114
626 0.60713 0.173354 0.0568941
627 0.60713 0.158572 0.0511146
628 0.60713 0.165068 0.050516
629 0.60713 0.173087 0.0503411
630 0.60713 0.17099 0.0518243
631 0.60713 0.159926 0.0529794
632 0.60713 0.138857 0.0516512
633 0.60713 0.159084 0.0535938
634 0.60713 0.185697 0.0553961
635 0.60713 0.170037 0.0570245
636 0.60713 0.163656 0.0516268
637 0.60713 0.143914 0.0497344
638 0.60713 0.148536 0.0504592
639 0.60713 0.162246 0.052857
640 0.60713 0.160869 0.0571609
641 0.60713 0.138544 0.047645
642 0.60713 0.157677 0.0540233
643 0.60713 0.157525 0.0549204
644 0.60713 0.179989 0.0560565
645 0.60713 0.145413 0.050013
646 0.60713 0.149145 0.0533323
647 0.60713 0.151195 0.0483606
648 0.60713 0.159852 0.0489885
649 0.60713 0.161202 0.0536278
650 0.60713 0.182253 0.0575344
651 0.60713 0.157186 0.0553639
652 0.60713 0.158575 0.0514528
653 0.60713 0.179658 0.0515853
654 0.60713 0.184088 0.0531548
655 0.60713 0.192353 0.0536199
656 0.60713 0.208023 0.0514818
657 0.60713 0.181069 0.0532019
658 0.60713 0.195324 0.053569
659 0.60713 0.183217 0.0535499
660 0.60713 0.192019 0.0526034
661 0.60713 0.184831 0.0520013
662 0.60713 0.149277 0.0493014
663 0.60713 0.152819 0.0520717
664 0.60713 0.1675 0.0493223
665 0.60713 0.164061 0.0501281
666 0.60713 0.185817 0.0553351
667 0.60713 0.170719 0.057826
668 0.60713 0.169733 0.0552018
669 0.60713 0.166356 0.05121
670 0.60713 0.152726 0.0532992
671 0.60713 0.161958 0.0501538
672 0.60713 0.173022 0.0494592
673 0.60713 0.182873 0.0553917
674 0.60713 0.159637 0.0491895
675 0.60713 0.158892 0.0513271
676 0.60713 0.143233 0.0513428
677 0.60713 0.176953 0.0577436
678 0.60713 0.158857 0.0529624
679 0.60713 0.148955 0.0453927
680 0.60713 0.180934 0.0535708
681 0.60713 0.174731 0.0534665
682 0.60713 0.179332 0.0488567
683 0.60713 0.16303 0.0482576
684 0.60713 0.172959 0.0510196
685 0.60713 0.177705 0.0483376
686 0.60713 0.179374 0.0528978
687 0.60713 0.189492 0.0542459
688 0.60713 0.189585 0.0491204
689 0.60713 0.178791 0.0566407
690 0.60713 0.1897 0.0493313
691 0.60713 0.184033 0.0547035
692 0.60713 0.161215 0.0535527
693 0.60713 0.146836 0.0487499
694 0.60713 0.168527 0.0535127
695 0.60713 0.196866 0.0556467
696 0.60713 0.186923 0.0563829
697 0.60713 0.188663 0.0594391
698 0.60713 0.144158 0.0482866
699 0.60713 0.139629 0.0488783
700 0.60713 0.155712 0.0548275
701 0.60713 0.130882 0.0508042
702 0.60713 0.153175 0.0537442
703 0.60713 0.155918 0.0552488
704 0.60713 0.16761 0.0542316
705 0.60713 0.149338 0.0475517
706 0.60713 0.160623 0.0485567
707 0.60713 0.16766 0.0534679
708 0.60713 0.174947 0.055714
709 0.60713 0.147994 0.0547601
710 0.60713 0.164497 0.0566278
711 0.60713 0.158368 0.0509021
712 0.60713 0.164619 0.0526522
713 0.60713 0.179349 0.0574219
714 0.60713 0.185476 0.0534137
715 0.60713 0.170431 0.0553242
716 0.60713 0.162743 0.0521228
717 0.60713 0.175244 0.0530852
718 0.60713 0.15592 0.0511671
719 0.60713 0.171747 0.0553168
720 0.60713 0.176051 0.0557488
721 0.60713 0.149208 0.050363
722 0.60713 0.163247 0.0486226
723 0.60713 0.169914 0.0534903
724 0.60713 0.174519 0.0509791
725 0.60713 0.177832 0.0526232
726 0.60713 0.183637 0.0561866
727 0.60713 0.167628 0.0482454
728 0.60713 0.155436 0.0514484
729 0.60713 0.175253 0.0495776
730 0.60713 0.191743 0.0528752
731 0.60713 0.188702 0.0521911
732 0.60713 0.208085 0.0549219
733 0.60713 0.222736 0.056098
734 0.60713 0.220594 0.0588204
735 0.60713 0.209625 0.059469
736 0.60713 0.17251 0.0570318
737 0.60713 0.173589 0.0544656
738 0.60713 0.195495 0.0581019
739 0.60713 0.191278 0.0546823
740 0.60713 0.200257 0.0494267
741 0.60713 0.202008 0.0519499
742 0.60713 0.186702 0.0502993
743 0.60713 0.206204 0.0565521
744 0.60713 0.179546 0.049997
745 0.60713 0.189685 0.0533005
746 0.60713 0.188019 0.0529483
747 0.60713 0.212697 0.0582063
748 0.60713 0.208832 0.0547437
749 0.60713 0.227109 0.0518674
750 0.60713 0.233502 0.0562183
751 0.60713 0.196603 0.0569077
752 0.60713 0.160617 0.0512052
753 0.60713 0.175059 0.0582874
754 0.60713 0.184021 0.0572545
755 0.60713 0.187974 0.0557731
756 0.60713 0.195495 0.0546215
757 0.60713 0.158652 0.0521055
758 0.60713 0.160294 0.0521781
759 0.60713 0.187531 0.0501198
760 0.60713 0.221156 0.0597243
761 0.60713 0.207074 0.0553992
762 0.60713 0.199674 0.0531165
763 0.60713 0.175664 0.0535563
764 0.60713 0.216874 0.0521051
765 0.60713 0.200543 0.0517937
766 0.60713 0.156799 0.0487208
767 0.60713 0.182129 0.0548905
768 0.60713 0.209066 0.0579109
769 0.60713 0.180993 0.0514875
770 0.60713 0.171606 0.0465818
771 0.60713 0.16117 0.0499019
772 0.60713 0.148285 0.0506729
773 0.60713 0.147704 0.0497076
774 0.60713 0.166013 0.0515422
775 0.60713 0.163841 0.0512514
776 0.60713 0.157882 0.0524458
777 0.60713 0.17393 0.051936
778 0.60713 0.200615 0.0537039
779 0.60713 0.184557 0.0541418
780 0.60713 0.159531 0.0504318
781 0.60713 0.164074 0.052895
782 0.60713 0.18141 0.0548547
783 0.60713 0.186594 0.0530971
784 0.60713 0.19547 0.0485943
785 0.60713 0.191508 0.0473515
786 0.60713 0.17362 0.0493072
787 0.60713 0.177404 0.0520999
788 0.60713 0.183225 0.0543533
789 0.60713 0.192143 0.0555985
790 0.60713 0.192201 0.0550191
791 0.60713 0.149666 0.0512453
792 0.60713 0.170721 0.0566344
793 0.60713 0.165892 0.0517984
794 0.60713 0.148604 0.0495328
795 0.60713 0.161462 0.0561482
796 0.60713 0.1588 0.0534002
797 0.60713 0.168804 0.0605144
798 0.60713 0.140788 0.0477209
799 0.60713 0.161634 0.0505268
800 0.60713 0.169751 0.0551248
801 0.60713 0.190095 0.0548599
802 0.60713 0.187642 0.0543127
803 0.60713 0.18195 0.0547683
804 0.60713 0.191991 0.0574146
805 0.60713 0.201756 0.0572403
806 0.60713 0.182096 0.0521022
807 0.60713 0.211455 0.0570335
808 0.60713 0.188644 0.0517687
809 0.60713 0.191437 0.0569492
810 0.60713 0.165641 0.0540491
811 0.60713 0.192651 0.0575809
812 0.60713 0.228065 0.0562049
813 0.60713 0.234963 0.0525527
814 0.60713 0.221494 0.0554101
815 0.60713 0.211317 0.0583156
816 0.60713 0.212176 0.0562644
817 0.60713 0.192673 0.0567004
818 0.60713 0.196064 0.0556652
819 0.60713 0.213717 0.0565022
820 0.60713 0.188873 0.0585276
821 0.60713 0.221658 0.0553112
822 0.60713 0.21564 0.0533805
823 0.60713 0.192522 0.0566274
824 0.60713 0.187116 0.0560333
825 0.60713 0.189753 0.0552932
826 0.60713 0.19984 0.0529634
827 0.60713 0.150884 0.0483046
828 0.60713 0.17297 0.053222
829 0.60713 0.183748 0.0484521
830 0.60713 0.178856 0.0507489
831 0.60713 0.210644 0.0591804
832 0.60713 0.207692 0.0569116
833 0.60713 0.173927 0.0519078
834 0.60713 0.173191 0.0540198
835 0.60713 0.16071 0.0486815
836 0.60713 0.157591 0.0487233
837 0.60713 0.156482 0.0500299
838 0.60713 0.175471 0.0528229
839 0.60713 0.162962 0.0545616
840 0.60713 0.17928 0.0573656
841 0.60713 0.185746 0.0537714
842 0.60713 0.209346 0.0551065
843 0.60713 0.199147 0.0507232
844 0.60713 0.186845 0.0567997
845 0.60713 0.174136 0.0531104
846 0.60713 0.15706 0.0494469
847 0.60713 0.166258 0.050369
848 0.60713 0.172253 0.0492941
849 0.60713 0.151083 0.0471862
850 0.60713 0.175787 0.051257
851 0.60713 0.169877 0.049306
852 0.60713 0.171438 0.0536421
853 0.60713 0.193302 0.054436
854 0.60713 0.15105 0.0520434
855 0.60713 0.166587 0.0557517
856 0.60713 0.150678 0.0479213
857 0.60713 0.169465 0.0515624
858 0.60713 0.164069 0.0484181
859 0.60713 0.194381 0.0532868
860 0.60713 0.198069 0.0524804
861 0.60713 0.165956 0.0482073
862 0.60713 0.165743 0.0512711
863 0.60713 0.14433 0.0470341
864 0.60713 0.15736 0.0531457
865 0.60713 0.160454 0.0551536
866 0.60713 0.126619 0.0470177
867 0.60713 0.172273 0.0564198
868 0.60713 0.184471 0.0574682
869 0.60713 0.188296 0.0575441
870 0.60713 0.175141 0.0509703
871 0.60713 0.152816 0.0499325
872 0.60713 0.165838 0.0519444
873 0.60713 0.165644 0.0549403
874 0.60713 0.202033 0.059628
875 0.60713 0.176711 0.0556396
876 0.60713 0.153 0.0495599
877 0.60713 0.179776 0.0559235
878 0.60713 0.213269 0.0565769
879 0.60713 0.208444 0.0534935
880 0.60713 0.19563 0.0534555
881 0.60713 0.189972 0.0575376
882 0.60713 0.170135 0.0511237
883 0.60713 0.179095 0.0542453
884 0.60713 0.179832 0.0541314
885 0.60713 0.198284 0.0554446
886 0.60713 0.160028 0.0487109
887 0.60713 0.175967 0.0523879
888 0.60713 0.191255 0.0507163
889 0.60713 0.181254 0.0484835
890 0.60713 0.176615 0.0498122
891 0.60713 0.177213 0.0576898
892 0.60713 0.173109 0.0600431
893 0.60713 0.170776 0.0517394
894 0.60713 0.144787 0.0486231
895 0.60713 0.176653 0.0507934
896 0.60713 0.180146 0.0529821
897 0.60713 0.180645 0.0523506
898 0.60713 0.178622 0.0571493
899 0.60713 0.182292 0.0539963
900 0.60713 0.192473 0.0565347
901 0.60713 0.181732 0.0549945
902 0.60713 0.1814 0.0548584
903 0.60713 0.178063 0.0549357
904 0.60713 0.178049 0.0580603
905 0.60713 0.179445 0.0523015
906 0.60713 0.171214 0.0559885
907 0.60713 0.172583 0.0545661
908 0.60713 0.179966 0.0515883
909 0.60713 0.189804 0.047682
910 0.60713 0.205681 0.0530443
911 0.60713 0.193595 0.0542755
912 0.60713 0.201286 0.0558086
913 0.60713 0.183918 0.0523494
914 0.60713 0.16034 0.0512609
915 0.60713 0.154181 0.0457791
916 0.60713 0.167718 0.0488325
917 0.60713 0.166466 0.0533322
918 0.60713 0.157079 0.0508562
919 0.60713 0.156517 0.0529711
920 0.60713 0.164418 0.0510427
921 0.60713 0.176379 0.0514241
922 0.60713 0.190519 0.0521097
923 0.60713 0.195586 0.0528619
924 0.60713 0.204809 0.0531266
925 0.60713 0.183285 0.0572941
926 0.60713 0.151058 0.0511838
927 0.60713 0.146564 0.0478749
928 0.60713 0.15441 0.0541392
929 0.60713 0.151924 0.0563757
930 0.60713 0.151862 0.0512016
931 0.60713 0.155506 0.0538059
932 0.60713 0.161516 0.0546791
933 0.60713 0.159069 0.0513026
934 0.60713 0.142117 0.0508637
935 0.60713 0.161835 0.0527864
936 0.60713 0.190265 0.0566032
937 0.60713 0.170184 0.0517441
938 0.60713 0.147655 0.0469368
939 0.60713 0.159171 0.0525411
940 0.60713 0.154432 0.0521308
941 0.60713 0.214406 0.0587034
942 0.60713 0.165911 0.049757
943 0.60713 0.193235 0.0510721
944 0.60713 0.200934 0.0568825
945 0.60713 0.201056 0.059952
946 0.60713 0.189366 0.0583475
947 0.60713 0.18647 0.0555099
948 0.60713 0.18918 0.0567636
949 0.60713 0.169913 0.053186
950 0.60713 0.188497 0.0561635
951 0.60713 0.193393 0.0541673
952 0.60713 0.143501 0.0498924
953 0.60713 0.165568 0.0520767
954 0.60713 0.174236 0.0515778
955 0.60713 0.159865 0.0503882
956 0.60713 0.151637 0.0519959
957 0.60713 0.136864 0.0471823
958 0.60713 0.142023 0.0472927
959 0.60713 0.14949 0.0508262
960 0.60713 0.188328 0.060505
961 0.60713 0.19714 0.0537217
962 0.60713 0.204071 0.0559849
963 0.60713 0.176452 0.0529393
964 0.60713 0.185972 0.0511978
965 0.60713 0.191644 0.0576154
966 0.60713 0.189715 0.0591257
967 0.60713 0.182348 0.0554438
968 0.60713 0.173252 0.0524728
969 0.60713 0.178628 0.0537389
970 0.60713 0.163831 0.0537818
971 0.60713 0.188034 0.0567002
972 0.60713 0.180733 0.0548573
973 0.60713 0.1637 0.0537993
974 0.60713 0.16931 0.0538075
975 0.60713 0.16577 0.0516058
976 0.60713 0.182434 0.0516873
977 0.60713 0.182024 0.0533466
978 0.60713 0.177597 0.0509325
979 0.60713 0.175006 0.050919
980 0.60713 0.190127 0.0549682
981 0.60713 0.216261 0.0562485
982 0.60713 0.219942 0.0540444
983 0.60713 0.220461 0.0572221
984 0.60713 0.222111 0.0572352
985 0.60713 0.192091 0.0552205
986 0.60713 0.198688 0.0520447
987 0.60713 0.174921 0.050081
988 0.60713 0.201586 0.056502
989 0.60713 0.189884 0.0550159
990 0.60713 0.195739 0.0572736
991 0.60713 0.212012 0.0548771
992 0.60713 0.196506 0.0538259
993 0.60713 0.199066 0.055709
994 0.60713 0.178773 0.0501105
995 0.60713 0.197444 0.054228
996 0.60713 0.198114 0.0585264
997 0.60713 0.19258 0.056958
998 0.60713 0.209286 0.0604916
999 0.60713 0.193665 0.0605871
1000 0.60713 0.171011 0.0536591
