0 0.125261 0.0605106 0.00390494
1 0.125267 0.0753973 0.00375772
2 0.125267 0.0813917 0.00359281
3 0.125272 0.0852944 0.00341386
4 0.125272 0.0888894 0.00325356
5 0.125272 0.0901602 0.00318108
6 0.125272 0.0927626 0.00301638
7 0.125733 0.0891053 0.00321687
8 0.125733 0.0965546 0.00276781
9 0.125733 0.0935593 0.0029177
10 0.125733 0.0971466 0.00269404
11 0.125733 0.0939552 0.00295452
12 0.125733 0.10273 0.00231822
13 0.125733 0.101495 0.00241627
14 0.125733 0.108963 0.00177721
15 0.125733 0.110169 0.00166999
16 0.125733 0.10897 0.00177796
17 0.125733 0.111453 0.00154192
18 0.125733 0.110228 0.00165658
19 0.125923 0.102847 0.00230337
20 0.125923 0.0978828 0.00267686
21 0.125923 0.10402 0.00212461
22 0.125923 0.105621 0.00205226
23 0.126198 0.103027 0.00227609
24 0.126198 0.0966987 0.00276535
25 0.126198 0.0967571 0.00275902
26 0.126993 0.0992321 0.00258635
27 0.126993 0.0841071 0.00349396
28 0.127129 0.0804264 0.00363697
29 0.127129 0.0891019 0.00325647
30 0.127129 0.0828851 0.00354386
31 0.127926 0.0942192 0.00296976
32 0.128714 0.0842976 0.00350724
33 0.128714 0.0817768 0.00359707
34 0.128714 0.0834367 0.00350933
35 0.128714 0.084373 0.0034467
36 0.128714 0.0993246 0.00260669
37 0.128714 0.0873289 0.00330401
38 0.128714 0.0840046 0.00346122
39 0.128714 0.0859869 0.00340075
40 0.128862 0.0831553 0.00354434
41 0.129092 0.0832527 0.00354925
42 0.129092 0.0871017 0.00335891
43 0.131987 0.0761366 0.0037794
44 0.131987 0.0764424 0.00375261
45 0.132189 0.0715567 0.00383461
46 0.132189 0.0673125 0.00395008
47 0.132227 0.0681489 0.00392026
48 0.132227 0.0764044 0.00381065
49 0.132227 0.0728105 0.00382938
50 0.132781 0.0703951 0.00389053
51 0.132781 0.0603641 0.00391609
52 0.132781 0.0753208 0.00381554
53 0.133612 0.0813987 0.00363576
54 0.133612 0.065211 0.0039386
55 0.133612 0.0728517 0.00384809
56 0.133612 0.0780094 0.00371117
57 0.133612 0.0765357 0.00376681
58 0.133612 0.0655177 0.00392846
59 0.133612 0.0667214 0.00397376
60 0.133612 0.0702297 0.00389196
61 0.134223 0.0794895 0.00369989
62 0.134223 0.0853994 0.00347295
63 0.136619 0.084701 0.00347863
64 0.136619 0.0765666 0.00373513
65 0.140621 0.0750593 0.00377374
66 0.140621 0.0645767 0.0038297
67 0.140621 0.0699054 0.00378912
68 0.140621 0.082446 0.00358026
69 0.140621 0.0813728 0.00364491
70 0.140621 0.0819643 0.0035313
71 0.140621 0.0845166 0.00350747
72 0.140621 0.0969197 0.00274606
73 0.140621 0.0894832 0.00318554
74 0.140621 0.0956453 0.00285245
75 0.143357 0.0901227 0.00329944
76 0.143357 0.0861916 0.00343943
77 0.143357 0.0854911 0.00340852
78 0.143357 0.0846926 0.00340078
79 0.143357 0.0890907 0.00327664
80 0.143357 0.0882042 0.00329198
81 0.143357 0.0927234 0.00306813
82 0.143357 0.088271 0.00327348
83 0.143357 0.0885228 0.00327178
84 0.143357 0.0866483 0.00338364
85 0.143357 0.0840639 0.00350485
86 0.143357 0.093767 0.00303457
87 0.143357 0.0897757 0.00324941
88 0.143357 0.0831155 0.00354628
89 0.143357 0.0812347 0.00359774
90 0.143357 0.0805678 0.00364519
91 0.143357 0.0847745 0.00345418
92 0.143357 0.078449 0.00369911
93 0.143357 0.0738898 0.00374214
94 0.143357 0.0875556 0.00342295
95 0.143357 0.0925256 0.0031034
96 0.143357 0.0877104 0.00319735
97 0.143357 0.0808626 0.00352053
98 0.143357 0.0773439 0.00363145
99 0.143357 0.0783934 0.00367621
100 0.143357 0.0748721 0.00371964
101 0.143357 0.0749926 0.00374058
102 0.143357 0.0832838 0.00359553
103 0.143357 0.081915 0.00357412
104 0.143357 0.0826811 0.00370197
105 0.143357 0.0753452 0.00371585
106 0.143357 0.077344 0.0036501
107 0.143357 0.0801539 0.00361283
108 0.143357 0.0858165 0.00335378
109 0.143357 0.0872571 0.00328538
110 0.143357 0.0882107 0.00322106
111 0.143357 0.0867382 0.00332466
112 0.143357 0.081504 0.00359346
113 0.143357 0.087664 0.00331248
114 0.143357 0.0830179 0.0034114
115 0.143357 0.0863878 0.00331768
116 0.143357 0.0877522 0.00327276
117 0.143357 0.0881523 0.00327154
118 0.143357 0.0889271 0.00327942
119 0.143357 0.0879666 0.00328638
120 0.143357 0.0998282 0.00255659
121 0.143357 0.0973212 0.00275142
122 0.143357 0.0914115 0.00305197
123 0.143357 0.0921085 0.00310632
124 0.143357 0.0894619 0.0033476
125 0.143357 0.0883805 0.00333825
126 0.143357 0.0863095 0.0033564
127 0.143357 0.0871071 0.00332752
128 0.143357 0.096469 0.0028717
129 0.143357 0.094543 0.00299597
130 0.14357 0.0905195 0.00321777
131 0.144629 0.0936131 0.00303597
132 0.144629 0.0833429 0.00339479
133 0.146132 0.0901104 0.00329024
134 0.146132 0.0898067 0.00322678
135 0.146132 0.0922074 0.00315278
136 0.146132 0.0899058 0.00327018
137 0.146132 0.0911366 0.0031959
138 0.146132 0.0880636 0.00319475
139 0.187869 0.0922549 0.00315404
140 0.187869 0.102479 0.00256805
141 0.187869 0.0940799 0.00305372
142 0.187869 0.092491 0.0031517
143 0.187869 0.089432 0.00332203
144 0.187869 0.0896268 0.00331241
145 0.187869 0.0945069 0.00317099
146 0.187869 0.0951722 0.00308536
147 0.187869 0.0905077 0.00323244
148 0.189717 0.0851798 0.00364018
149 0.189717 0.083715 0.00353778
150 0.189717 0.100405 0.00278011
151 0.189717 0.0938149 0.00321493
152 0.189717 0.0904782 0.00330685
153 0.189717 0.0867711 0.00343593
154 0.189717 0.0861451 0.00352211
155 0.189717 0.086556 0.00352522
156 0.189717 0.0873249 0.00360025
157 0.189717 0.0864213 0.00351762
158 0.189717 0.0806604 0.00367835
159 0.189717 0.0973958 0.0029587
160 0.189717 0.0864873 0.00348526
161 0.189717 0.0891411 0.00335503
162 0.189717 0.0965804 0.00280617
163 0.189717 0.0926055 0.00316908
164 0.189717 0.0911047 0.00334569
165 0.189717 0.0943288 0.00317538
166 0.189717 0.0988823 0.00292267
167 0.189717 0.102467 0.00257094
168 0.189717 0.102419 0.00256531
169 0.189717 0.102479 0.00262907
170 0.189717 0.100282 0.00274081
171 0.189717 0.0966061 0.00303131
172 0.189717 0.102621 0.00266295
173 0.189717 0.10226 0.00265926
174 0.189717 0.0935803 0.00312278
175 0.189717 0.0921665 0.00344617
176 0.189717 0.10039 0.00285666
177 0.190911 0.0983958 0.00315383
178 0.190911 0.0945808 0.0033638
179 0.190911 0.0965367 0.00328995
180 0.190911 0.0962412 0.00337653
181 0.190911 0.0989395 0.00334541
182 0.190911 0.0914959 0.00363355
183 0.191091 0.100884 0.00319567
184 0.191091 0.104233 0.00295181
185 0.197142 0.106048 0.00314497
186 0.203815 0.11012 0.00288491
187 0.203815 0.108111 0.00308536
188 0.203815 0.108077 0.00320599
189 0.203815 0.0996019 0.00349356
190 0.203815 0.099181 0.00366242
191 0.203815 0.102303 0.00357413
192 0.203815 0.101717 0.00334542
193 0.203815 0.105775 0.00317662
194 0.203815 0.106596 0.00301641
195 0.203815 0.100287 0.00352879
196 0.203815 0.0941535 0.00375214
197 0.203815 0.101544 0.0036236
198 0.203815 0.0970292 0.00367927
199 0.203815 0.0972719 0.00372241
200 0.203815 0.099029 0.00356351
201 0.203815 0.0960277 0.00383034
202 0.203815 0.0966354 0.00365371
203 0.203815 0.104924 0.00337419
204 0.208244 0.106745 0.00347142
205 0.208244 0.102249 0.00373401
206 0.208244 0.108416 0.00314906
207 0.208244 0.105091 0.00311317
208 0.208244 0.102612 0.0035928
209 0.208244 0.109032 0.00315398
210 0.208244 0.0991846 0.0038292
211 0.208244 0.101784 0.00360923
212 0.208244 0.10166 0.00361144
213 0.208244 0.105195 0.00356214
214 0.208244 0.110197 0.00315752
215 0.208244 0.112577 0.00296785
216 0.208244 0.116418 0.00233824
217 0.208244 0.110623 0.00297264
218 0.208244 0.115292 0.00244464
219 0.208244 0.119552 0.00212319
220 0.208244 0.119548 0.00219914
221 0.210922 0.122644 0.00202959
222 0.210922 0.115783 0.0026621
223 0.210922 0.11527 0.00261368
224 0.210922 0.123766 0.00205964
225 0.210922 0.123746 0.00196411
226 0.210922 0.115059 0.00266463
227 0.210922 0.106903 0.00327954
228 0.210922 0.114363 0.00262829
229 0.210922 0.10742 0.0033457
230 0.210922 0.103164 0.00384409
231 0.212881 0.0975686 0.00431608
232 0.212881 0.105742 0.0039246
233 0.212881 0.107719 0.00364741
234 0.212881 0.105611 0.00363473
235 0.212881 0.105744 0.00380504
236 0.212881 0.105283 0.00367875
237 0.212881 0.113716 0.00317279
238 0.212881 0.106672 0.00347608
239 0.212881 0.107079 0.00376983
240 0.212881 0.116043 0.00315717
241 0.212881 0.10757 0.00353831
242 0.212881 0.109135 0.00336066
243 0.217763 0.116187 0.00302324
244 0.217763 0.116185 0.00298166
245 0.217763 0.116062 0.00274119
246 0.217763 0.107594 0.00387139
247 0.217763 0.116602 0.00287855
248 0.217763 0.121877 0.00202929
249 0.217763 0.120999 0.00272976
250 0.217763 0.115446 0.00291822
251 0.217763 0.10924 0.00342475
252 0.217763 0.12123 0.00262677
253 0.217763 0.112388 0.00322155
254 0.217763 0.113253 0.00318207
255 0.217763 0.112873 0.00309548
256 0.217763 0.112868 0.00375572
257 0.217763 0.114559 0.00344854
258 0.217763 0.113845 0.003102
259 0.217763 0.116302 0.00274438
260 0.217763 0.114672 0.00317269
261 0.217763 0.119079 0.00265578
262 0.218697 0.115824 0.00335543
263 0.218697 0.123631 0.00233252
264 0.218697 0.118804 0.00264862
265 0.219641 0.123637 0.00242014
266 0.223465 0.121927 0.00276355
267 0.223465 0.121281 0.0025517
268 0.223465 0.118971 0.00280359
269 0.223465 0.118525 0.00294032
270 0.223465 0.121697 0.00261582
271 0.223465 0.118083 0.00311224
272 0.223465 0.122065 0.00310095
273 0.245321 0.115972 0.00403086
274 0.245321 0.11296 0.00395106
275 0.245321 0.111968 0.00357827
276 0.245321 0.114137 0.00366225
277 0.245321 0.110583 0.00370369
278 0.245321 0.114552 0.0037256
279 0.245321 0.112083 0.00333684
280 0.245321 0.106615 0.00400671
281 0.2775 0.114175 0.00355878
282 0.2775 0.119322 0.00324791
283 0.2775 0.119545 0.0029073
284 0.2775 0.119624 0.00339128
285 0.2775 0.119598 0.0030112
286 0.307436 0.126149 0.00262255
287 0.307436 0.127001 0.00248623
288 0.307436 0.123581 0.00361531
289 0.307436 0.120651 0.00338219
290 0.307436 0.121683 0.00347336
291 0.307436 0.117529 0.00366561
292 0.336095 0.128481 0.00383596
293 0.336095 0.120215 0.00445111
294 0.336095 0.122243 0.00409532
295 0.370714 0.127107 0.00500601
296 0.370714 0.127198 0.00445954
297 0.370714 0.129824 0.00440645
298 0.370714 0.128765 0.00475864
299 0.370714 0.126516 0.00543746
300 0.378445 0.129555 0.00554312
301 0.378445 0.125211 0.00567118
302 0.378445 0.134512 0.00557343
303 0.382084 0.138999 0.00619088
304 0.382084 0.131592 0.00726677
305 0.439198 0.142959 0.00869973
306 0.439198 0.141653 0.00753741
307 0.439198 0.138527 0.00915077
308 0.439198 0.141141 0.00832797
309 0.439198 0.141025 0.00874447
310 0.439198 0.144692 0.0103558
311 0.439198 0.14496 0.00905788
312 0.439198 0.136144 0.0110012
313 0.439198 0.14109 0.0102713
314 0.439198 0.146276 0.00955457
315 0.439198 0.13641 0.0111211
316 0.460964 0.13752 0.011654
317 0.460964 0.147144 0.0121215
318 0.460964 0.14336 0.0106744
319 0.460964 0.14157 0.0118778
320 0.460964 0.140763 0.0119608
321 0.460964 0.144458 0.0125993
322 0.460964 0.136154 0.0116524
323 0.460964 0.144086 0.0131109
324 0.460964 0.137757 0.0116392
325 0.460964 0.143518 0.0134437
326 0.460964 0.139565 0.014664
327 0.460964 0.13268 0.0125685
328 0.460964 0.138088 0.0125284
329 0.460964 0.143997 0.0122006
330 0.460964 0.14028 0.0113634
331 0.466602 0.141216 0.012943
332 0.466602 0.139119 0.0136822
333 0.466602 0.133626 0.014112
334 0.466602 0.139082 0.0136907
335 0.466602 0.136468 0.0140753
336 0.466602 0.137597 0.0138266
337 0.466602 0.139107 0.0139456
338 0.466602 0.131187 0.0139208
339 0.466602 0.140198 0.0142795
340 0.466602 0.136909 0.0152289
341 0.466602 0.135981 0.0136495
342 0.466602 0.131343 0.013625
343 0.506913 0.134135 0.0159253
343 0.499059 0.0501311 0.0183384
344 0.499059 0.0468705 0.0174498
345 0.499059 0.0511548 0.0188174
346 0.499059 0.0498761 0.0180019
347 0.499059 0.0466289 0.0174102
348 0.499059 0.0444689 0.0173113
349 0.499059 0.0518281 0.0195993
350 0.525406 0.0553922 0.0207685
351 0.525406 0.0491565 0.0198588
352 0.525406 0.0541856 0.0196407
353 0.525406 0.0478186 0.0188777
354 0.525406 0.0540908 0.0213905
355 0.525406 0.0518741 0.0211862
356 0.525406 0.0576574 0.0228057
357 0.525406 0.058561 0.0217074
358 0.525406 0.0565842 0.0226598
359 0.525406 0.0627684 0.024695
360 0.525406 0.0578286 0.0225704
361 0.525406 0.0622904 0.0250824
362 0.525406 0.0579059 0.0242283
363 0.525406 0.0538147 0.0226743
364 0.525406 0.0621197 0.0259977
365 0.525406 0.0642655 0.0261402
366 0.53425 0.0640064 0.0264366
367 0.53425 0.055565 0.023207
368 0.53425 0.0620459 0.0265688
369 0.53425 0.0593584 0.025471
370 0.53425 0.0584687 0.0247455
371 0.53425 0.0561758 0.0232905
372 0.53425 0.0633891 0.0253958
373 0.53425 0.053528 0.0233437
374 0.53425 0.0546695 0.02313
375 0.53425 0.0519308 0.0230512
376 0.53425 0.060024 0.02546
377 0.53425 0.0540737 0.0238252
378 0.53425 0.0585813 0.0245803
379 0.53425 0.0639448 0.0277662
380 0.53425 0.0579198 0.0251833
381 0.53425 0.0713868 0.0293972
382 0.53425 0.0608687 0.0267677
383 0.53425 0.0610669 0.0258626
384 0.534799 0.080691 0.0333424
385 0.534799 0.0595971 0.0268123
386 0.534799 0.0711276 0.0313548
387 0.534799 0.0670416 0.0284128
388 0.546248 0.0701014 0.0303875
389 0.546248 0.0657894 0.0281889
390 0.546248 0.0669446 0.0276124
391 0.546248 0.0739253 0.0313875
392 0.546248 0.0726851 0.0303382
393 0.546248 0.0589452 0.0270727
394 0.566016 0.0704765 0.0304471
395 0.566016 0.0704082 0.0299306
396 0.566016 0.071364 0.0310503
397 0.566016 0.0653124 0.029693
398 0.566016 0.0645682 0.0293126
399 0.566016 0.073069 0.0324616
400 0.566016 0.0718516 0.0289009
401 0.566016 0.0629664 0.028134
402 0.566016 0.0719421 0.0308528
403 0.566016 0.0576072 0.0270722
404 0.566016 0.0575129 0.026981
405 0.566016 0.0693674 0.0302303
406 0.566016 0.0734903 0.0299843
407 0.566016 0.0592852 0.0273599
408 0.566016 0.0725241 0.0295204
409 0.566016 0.0683701 0.0297596
410 0.566016 0.0770663 0.0329913
411 0.566016 0.0676239 0.0291272
412 0.566016 0.060811 0.0275622
413 0.566016 0.0666094 0.0305872
414 0.566016 0.0639333 0.0281545
415 0.566016 0.0670337 0.0284952
416 0.566016 0.0614924 0.0270138
417 0.566016 0.0740842 0.0319496
418 0.566016 0.0614029 0.0287121
419 0.566016 0.0629751 0.0295108
420 0.566016 0.071012 0.0312965
421 0.566016 0.0714911 0.0304086
422 0.566016 0.0659604 0.0293153
423 0.566016 0.0702595 0.0312377
424 0.566016 0.0687335 0.0297141
425 0.566016 0.0584591 0.0273888
426 0.566016 0.0676509 0.0315846
427 0.566016 0.0801864 0.0337854
428 0.566016 0.071638 0.0315409
429 0.566016 0.063501 0.0278714
430 0.566016 0.0653159 0.0287276
431 0.566016 0.0757668 0.0315877
432 0.566016 0.0657865 0.0298322
433 0.566016 0.0745247 0.0331428
434 0.566016 0.0908429 0.0357437
435 0.566016 0.0658498 0.0290969
436 0.566016 0.0765763 0.0333335
437 0.566016 0.0752697 0.0330067
438 0.566016 0.0684272 0.0300949
439 0.566016 0.0765592 0.0296652
440 0.566016 0.0711566 0.0305443
441 0.566016 0.0743824 0.030822
442 0.566016 0.0692688 0.0296674
443 0.566016 0.0653278 0.0289717
444 0.566016 0.0643293 0.028175
445 0.566016 0.0787164 0.0331946
446 0.566016 0.0691933 0.0308698
447 0.566016 0.0836315 0.033292
448 0.566016 0.0749849 0.0321762
449 0.566016 0.0675592 0.0288452
450 0.566016 0.0729095 0.029222
451 0.566016 0.0682674 0.0290389
452 0.566016 0.0722963 0.0319556
453 0.566016 0.0603815 0.0284984
454 0.566016 0.0712795 0.0306585
455 0.566016 0.068502 0.0300493
456 0.566016 0.0668791 0.0298262
457 0.566016 0.073255 0.0311722
458 0.566016 0.0648689 0.0283108
459 0.566016 0.0742861 0.0306697
460 0.566016 0.0840829 0.0337081
461 0.566016 0.0761797 0.0317527
462 0.566016 0.066174 0.0294979
463 0.566016 0.0753672 0.0333692
464 0.566016 0.0889928 0.0361897
465 0.570031 0.0814847 0.0354294
466 0.570031 0.0734548 0.0317634
467 0.570031 0.083246 0.0348837
468 0.570031 0.0691977 0.0302823
469 0.570031 0.0715845 0.030814
470 0.570031 0.0783313 0.0328708
471 0.570031 0.0622193 0.0281384
472 0.570031 0.0677851 0.0296377
473 0.570031 0.0672673 0.0308404
474 0.570031 0.0711249 0.0321546
475 0.570031 0.0646398 0.0293326
476 0.570031 0.0669295 0.0301005
477 0.570031 0.0605634 0.0297227
478 0.570031 0.0676422 0.030397
479 0.570031 0.0737838 0.0303642
480 0.570031 0.0770488 0.0339712
481 0.570031 0.0750744 0.0327636
482 0.570031 0.0846826 0.0346737
483 0.570031 0.0741944 0.0320188
484 0.570031 0.0682237 0.0305089
485 0.570031 0.0812888 0.0352429
486 0.570031 0.0797397 0.0346972
487 0.570031 0.0738182 0.0338114
488 0.570031 0.0739668 0.0308641
489 0.570031 0.0686731 0.030129
490 0.570031 0.0640434 0.0288586
491 0.570031 0.072324 0.032035
492 0.570031 0.0793107 0.0338013
493 0.570031 0.0771337 0.0348435
494 0.570031 0.0731795 0.033425
495 0.570031 0.0652729 0.0295703
496 0.570031 0.0717591 0.0297695
497 0.570031 0.0704519 0.0316136
498 0.570031 0.0715757 0.0328738
499 0.570031 0.0844143 0.0343962
500 0.570031 0.0840749 0.0361114
501 0.570031 0.0712334 0.03145
502 0.570031 0.0723617 0.0325779
503 0.570031 0.0760698 0.0310125
504 0.570031 0.0800077 0.0329074
505 0.570031 0.0823041 0.0362747
506 0.570031 0.0777853 0.0316341
507 0.570031 0.0837659 0.0342018
508 0.570031 0.0833119 0.0343563
509 0.570031 0.0837649 0.0352882
510 0.570031 0.0669871 0.0300844
511 0.570031 0.0790817 0.0346683
512 0.570031 0.0667731 0.0321395
513 0.570031 0.0690011 0.0304076
514 0.570031 0.0677852 0.0311474
515 0.570031 0.0644296 0.0298042
516 0.570031 0.0656986 0.0311062
517 0.570031 0.06941 0.0311448
518 0.570031 0.0700534 0.0311585
519 0.570031 0.0762599 0.0328689
520 0.570031 0.0768516 0.0320795
521 0.570031 0.0692787 0.0294611
522 0.570031 0.061792 0.0294134
523 0.570031 0.0674431 0.0301301
524 0.570031 0.0759723 0.0321444
525 0.570031 0.0709033 0.0293763
526 0.570031 0.0783582 0.0325597
527 0.570031 0.0779212 0.0337763
528 0.570031 0.0770732 0.0323003
529 0.573706 0.0820204 0.0360599
530 0.573706 0.0790092 0.0353998
531 0.573706 0.0858895 0.0371522
532 0.573706 0.0958124 0.038573
533 0.573706 0.0932048 0.0405555
534 0.573706 0.0748082 0.0324737
535 0.573706 0.0702194 0.0316348
536 0.573706 0.0841477 0.0363643
537 0.573706 0.0908728 0.0410298
538 0.573706 0.0912152 0.036161
539 0.573706 0.0809657 0.0325142
540 0.573706 0.0828914 0.0340562
541 0.573706 0.0781022 0.0354453
542 0.573706 0.0740816 0.0327153
543 0.573706 0.0735461 0.0311061
544 0.573706 0.0973167 0.0414268
545 0.573706 0.0813425 0.0362145
546 0.573706 0.0697797 0.0334431
547 0.573706 0.0757203 0.0327567
548 0.573706 0.0601437 0.0294197
549 0.573706 0.0760782 0.0349652
550 0.573706 0.0782931 0.0340888
551 0.573706 0.0722318 0.0328777
552 0.573706 0.0677685 0.0304369
553 0.573706 0.0774565 0.032422
554 0.573706 0.0791662 0.0350738
555 0.573706 0.0853224 0.0374684
556 0.573706 0.0796388 0.0337043
557 0.573706 0.077245 0.0354697
558 0.573706 0.0607314 0.0298624
559 0.573706 0.0848288 0.0367944
560 0.573706 0.0837704 0.0350639
561 0.573706 0.0807026 0.0337135
562 0.574102 0.0864814 0.0376454
563 0.574102 0.0736551 0.0334978
564 0.574102 0.078128 0.0352377
565 0.574102 0.077386 0.0336347
566 0.574102 0.0863139 0.035585
567 0.574102 0.0636693 0.0309453
568 0.574102 0.0684697 0.0324387
569 0.574102 0.0720805 0.0339889
570 0.574102 0.0792267 0.0345793
571 0.574102 0.0860783 0.0383599
572 0.574102 0.0776227 0.035818
573 0.574102 0.0926842 0.0405387
574 0.574102 0.0812727 0.0356807
575 0.574102 0.090387 0.0379011
576 0.574102 0.0921268 0.0391227
577 0.574102 0.0777144 0.0345062
578 0.574102 0.0846704 0.0350165
579 0.574102 0.0873575 0.0378395
580 0.574102 0.0812526 0.0354043
581 0.574102 0.0868417 0.0380032
582 0.574102 0.0740846 0.0343435
583 0.574102 0.0722383 0.0328492
584 0.574102 0.0911505 0.0376131
585 0.574102 0.0725759 0.0342876
586 0.574102 0.0871136 0.0363342
587 0.574102 0.077395 0.0347505
588 0.574102 0.0815476 0.0377098
589 0.574102 0.0819829 0.0351509
590 0.574102 0.0886101 0.0390707
591 0.574102 0.072133 0.032154
592 0.574102 0.0863335 0.0387693
593 0.574102 0.0743715 0.0352093
594 0.574102 0.0722866 0.0345566
595 0.574102 0.0705552 0.0325523
596 0.574102 0.0609139 0.0301109
597 0.574102 0.0707693 0.0336071
598 0.574102 0.0775582 0.035611
599 0.574102 0.0704788 0.0339784
600 0.574102 0.0742661 0.0339545
601 0.574102 0.0783071 0.0346404
602 0.574102 0.0958641 0.0410572
603 0.574102 0.082402 0.0365133
604 0.574102 0.0771139 0.0343335
605 0.574102 0.0787213 0.0370209
606 0.574102 0.0665835 0.0324933
607 0.574102 0.07583 0.0343907
608 0.574102 0.0814023 0.0359416
609 0.574102 0.0817577 0.0372609
610 0.574102 0.0773762 0.0340649
611 0.574102 0.0872238 0.037417
612 0.574102 0.0690967 0.0332269
613 0.574102 0.0762072 0.0349936
614 0.574102 0.0742578 0.0347563
615 0.574102 0.0598045 0.0298731
616 0.574102 0.0643733 0.0319978
617 0.574102 0.0596089 0.0298951
618 0.577093 0.0831198 0.0384486
619 0.577093 0.0746091 0.0332965
620 0.577093 0.0720468 0.0334741
621 0.577093 0.0927757 0.0409922
622 0.577093 0.0749441 0.0348704
623 0.577093 0.0911532 0.0388512
624 0.577093 0.0778124 0.0332677
625 0.577093 0.0881579 0.0392378
626 0.577093 0.0756598 0.0331171
627 0.577093 0.0904636 0.0394424
628 0.577093 0.095929 0.0406197
629 0.577093 0.0716623 0.0327767
630 0.577093 0.0789033 0.0348906
631 0.577093 0.0642096 0.0301643
632 0.577093 0.0673311 0.0323919
633 0.577093 0.0744662 0.033693
634 0.577093 0.0651965 0.0325796
635 0.577093 0.0626993 0.0312273
636 0.577093 0.0819161 0.0381245
637 0.577093 0.0810343 0.0365965
638 0.577093 0.0678145 0.031184
639 0.577093 0.0637026 0.0300782
640 0.577093 0.0620279 0.0302096
641 0.577093 0.0735553 0.0336344
642 0.577093 0.0749232 0.0318232
643 0.577093 0.0704372 0.0335519
644 0.577093 0.0820599 0.0364875
645 0.577093 0.0701084 0.0337023
646 0.577093 0.0675714 0.0304757
647 0.577093 0.0678735 0.0330631
648 0.577093 0.0951499 0.038755
649 0.577093 0.0738794 0.0325294
650 0.577093 0.069075 0.0329511
651 0.577093 0.0684779 0.0314531
652 0.577093 0.0785798 0.0353437
653 0.577093 0.0748521 0.0329142
654 0.577093 0.081311 0.0359689
655 0.577093 0.0911817 0.0390952
656 0.577093 0.0772791 0.0361622
657 0.577093 0.0794316 0.0365534
658 0.577093 0.0922286 0.0398731
659 0.577093 0.0846037 0.0378414
660 0.577093 0.0757472 0.0350998
661 0.577093 0.0774623 0.0358091
662 0.577093 0.0755486 0.0357736
663 0.577093 0.0824712 0.0360475
664 0.577093 0.0833919 0.0377369
665 0.577093 0.0718655 0.0333324
666 0.577093 0.0744244 0.0361618
667 0.577093 0.0707152 0.0344169
668 0.577093 0.0769786 0.0351725
669 0.577093 0.0859303 0.0376901
670 0.577093 0.0769515 0.0356914
671 0.577093 0.0683783 0.0321894
672 0.577093 0.077472 0.0344438
673 0.577093 0.0754034 0.032933
674 0.577093 0.0827851 0.0363293
675 0.577093 0.07433 0.0363031
676 0.577093 0.0774288 0.0356521
677 0.577093 0.0637939 0.031881
678 0.577093 0.0717523 0.03453
679 0.577093 0.0609801 0.0301273
680 0.577093 0.0738357 0.0361867
681 0.577093 0.0660506 0.0317945
682 0.577093 0.0777021 0.034541
683 0.577093 0.0763917 0.0346758
684 0.577093 0.0738363 0.0342896
685 0.577093 0.0817832 0.0347108
686 0.577093 0.0795174 0.0343466
687 0.577093 0.0634542 0.030225
688 0.577093 0.0769017 0.0364089
689 0.577093 0.0752981 0.0348468
690 0.577093 0.0823079 0.0375347
691 0.577093 0.083666 0.036592
692 0.577093 0.0843806 0.0373604
693 0.577093 0.0648393 0.0310403
694 0.577093 0.0642927 0.0307898
695 0.577093 0.0765157 0.0353281
696 0.577093 0.0712584 0.0326042
697 0.577093 0.0887191 0.0393359
698 0.577093 0.0698989 0.0330665
699 0.577093 0.0711885 0.0342164
700 0.577093 0.0723485 0.0341395
701 0.577093 0.0819907 0.0374777
702 0.577093 0.0692964 0.0329547
703 0.577093 0.0738772 0.0332585
704 0.577093 0.0812463 0.0376152
705 0.577093 0.0852141 0.037313
706 0.577093 0.085999 0.0356718
707 0.577093 0.0887743 0.0398268
708 0.577093 0.0834607 0.0375825
709 0.577093 0.072568 0.0340837
710 0.577093 0.0640076 0.0315624
711 0.577093 0.0712964 0.0351285
712 0.577093 0.0753491 0.0336599
713 0.577093 0.0701911 0.0325585
714 0.577093 0.0829056 0.0374807
715 0.577093 0.0682379 0.0306798
716 0.577093 0.0796852 0.0332742
717 0.577093 0.0834155 0.0371115
718 0.577093 0.0669774 0.0311368
719 0.577093 0.0794117 0.0341525
720 0.577093 0.0772341 0.033571
721 0.577093 0.0896047 0.038037
722 0.578445 0.0918358 0.0391806
723 0.578445 0.0613251 0.0302034
724 0.578445 0.0708673 0.0338608
725 0.578445 0.0750319 0.0335455
726 0.578445 0.0689961 0.0328963
727 0.578445 0.0666089 0.0313005
728 0.578445 0.0767431 0.0355409
729 0.578445 0.0774193 0.0353448
730 0.578445 0.0733205 0.0344913
731 0.578445 0.0693076 0.0329082
732 0.578445 0.0754531 0.0354662
733 0.578445 0.0780443 0.0379108
734 0.578445 0.0649052 0.0317392
735 0.578445 0.0749026 0.0340514
736 0.578445 0.0709883 0.0333854
737 0.578445 0.0839217 0.0378054
738 0.578445 0.0997658 0.0419777
739 0.578445 0.0860995 0.0378217
740 0.578445 0.0780229 0.0346667
741 0.578445 0.0751907 0.0327344
742 0.578445 0.0695205 0.0317608
743 0.578445 0.0610703 0.0301888
744 0.578445 0.0663659 0.0319613
745 0.578445 0.0657704 0.0320996
746 0.578445 0.0834567 0.0370041
747 0.578445 0.0736324 0.0336279
748 0.578445 0.0755034 0.034651
749 0.578445 0.0649258 0.0310948
750 0.578445 0.0885133 0.0375368
751 0.578445 0.0743763 0.0360679
752 0.578445 0.0770501 0.0362133
753 0.578445 0.070168 0.0337517
754 0.578445 0.0821865 0.0385556
755 0.578445 0.083636 0.0387945
756 0.578445 0.0916713 0.0401794
757 0.578445 0.07646 0.0363193
758 0.578445 0.0772064 0.0356447
759 0.578445 0.0894059 0.0388071
760 0.578445 0.0879672 0.0398272
761 0.578445 0.0790647 0.0351513
762 0.578445 0.0698034 0.0337718
763 0.578445 0.0628799 0.0301822
764 0.578445 0.0624505 0.0303003
765 0.578445 0.0671114 0.0319702
766 0.578445 0.0810138 0.0341433
767 0.578445 0.0673179 0.0326091
768 0.578445 0.0737816 0.0348233
769 0.578445 0.0706905 0.0321969
770 0.578445 0.0860543 0.0379703
771 0.578445 0.0747805 0.0338195
772 0.578445 0.0777051 0.0352835
773 0.578445 0.0867975 0.0355196
774 0.578445 0.0898985 0.0390885
775 0.578445 0.080127 0.0352289
776 0.578445 0.0828711 0.0365565
777 0.578445 0.0866831 0.0379056
778 0.578445 0.0897409 0.0373065
779 0.578445 0.0745648 0.0349027
780 0.578445 0.0699195 0.0327499
781 0.578445 0.0811608 0.0364942
782 0.578445 0.06948 0.0333132
783 0.578445 0.0698834 0.031588
784 0.578445 0.0770555 0.0353049
785 0.578445 0.0699537 0.0330584
786 0.578445 0.0686665 0.0342714
787 0.578445 0.0713077 0.0337324
788 0.578445 0.0706676 0.0338266
789 0.578445 0.0784013 0.0354065
790 0.578445 0.0704325 0.0330335
791 0.578445 0.0688143 0.0324997
792 0.578445 0.0844953 0.0369999
793 0.578445 0.0605251 0.0302675
794 0.578445 0.0693997 0.0325633
795 0.578445 0.0765603 0.0353148
796 0.578445 0.0898673 0.0393589
797 0.578445 0.0806916 0.0374814
798 0.578445 0.0741254 0.0337884
799 0.578445 0.0921596 0.0391515
800 0.578445 0.0815338 0.033672
801 0.578445 0.077864 0.0358348
802 0.578445 0.0897025 0.0390136
803 0.578445 0.0871948 0.0382454
804 0.578445 0.0839449 0.0357441
805 0.578445 0.0765671 0.0340772
806 0.578445 0.0807379 0.0350177
807 0.578445 0.0915562 0.0383908
808 0.578445 0.0906608 0.0379123
809 0.578445 0.0859615 0.0376154
810 0.578445 0.107864 0.0425762
811 0.578445 0.0792493 0.0349584
812 0.578445 0.0776702 0.0359385
813 0.578445 0.0925697 0.0391402
814 0.578445 0.0686466 0.0349146
815 0.578445 0.0690438 0.0322341
816 0.578445 0.0820468 0.0378556
817 0.578445 0.0841987 0.0391232
818 0.578445 0.0998877 0.0414779
819 0.578445 0.0780673 0.0349682
820 0.578445 0.0905036 0.0381124
821 0.578445 0.0742189 0.0341596
822 0.578445 0.0803818 0.036107
823 0.578445 0.073843 0.0322687
824 0.578445 0.0726448 0.0337614
825 0.578445 0.0965452 0.0406088
826 0.578445 0.102788 0.0428644
827 0.578445 0.0739719 0.0338006
828 0.578445 0.0619561 0.0307748
829 0.578445 0.0684614 0.031736
830 0.578445 0.0632491 0.0307032
831 0.578445 0.0635266 0.0308854
832 0.578445 0.0751547 0.0350059
833 0.578445 0.0718112 0.0343462
834 0.578445 0.0752249 0.0361791
835 0.578445 0.0674664 0.0340503
836 0.578445 0.0754662 0.0351844
837 0.578445 0.0682241 0.0329953
838 0.578445 0.061794 0.0308276
839 0.578445 0.0793138 0.0349415
840 0.578445 0.0743279 0.0354867
841 0.578445 0.0824824 0.038342
842 0.578445 0.0789445 0.0360449
843 0.578445 0.0877822 0.0364031
844 0.578445 0.0762792 0.0347591
845 0.578445 0.0744936 0.032625
846 0.578445 0.0648815 0.0315332
847 0.578445 0.0715052 0.0348554
848 0.578445 0.0751664 0.0362109
849 0.578445 0.0781465 0.0365816
850 0.578445 0.0763009 0.0349062
851 0.578445 0.0706017 0.0338744
852 0.578445 0.070564 0.0345426
853 0.578445 0.0677225 0.0329899
854 0.578445 0.0683538 0.0331561
855 0.578445 0.0749435 0.0346603
856 0.578445 0.0806403 0.0353341
857 0.578445 0.080249 0.034603
858 0.578445 0.0718858 0.0339834
859 0.578445 0.081339 0.0366868
860 0.578445 0.0786144 0.0340723
861 0.578445 0.0852043 0.0379986
862 0.578445 0.0743925 0.0341094
863 0.578445 0.0838559 0.0387266
864 0.578445 0.0634779 0.0304132
865 0.578445 0.0681024 0.0329933
866 0.578445 0.0830417 0.0363218
867 0.578445 0.0725201 0.0349496
868 0.578445 0.0729955 0.0340726
869 0.578445 0.0787533 0.0358206
870 0.578445 0.0755501 0.034359
871 0.578445 0.0657927 0.0320178
872 0.578445 0.0714651 0.03359
873 0.578445 0.0639494 0.030736
874 0.578445 0.0720397 0.035404
875 0.578445 0.0621828 0.0304436
876 0.578445 0.0761837 0.0375709
877 0.578445 0.0695027 0.0330366
878 0.578445 0.0694173 0.0327708
879 0.578445 0.088197 0.03869
880 0.578445 0.0981066 0.0412784
881 0.579802 0.0656295 0.0332333
882 0.579802 0.0640094 0.0320163
883 0.579802 0.073886 0.0344627
884 0.579802 0.063692 0.0305053
885 0.579802 0.0718731 0.0354407
886 0.579802 0.0694626 0.0321585
887 0.579802 0.0815346 0.0364802
888 0.579802 0.0700854 0.0329354
889 0.579802 0.0708224 0.0335345
890 0.579802 0.0717652 0.033076
891 0.579802 0.084606 0.037256
892 0.579802 0.0700197 0.0327605
893 0.579802 0.0722836 0.0348312
894 0.579802 0.06846 0.0330027
895 0.579802 0.0844089 0.0371507
896 0.579802 0.0824568 0.0382119
897 0.579802 0.0826111 0.0359094
898 0.579802 0.0636682 0.0306429
899 0.579802 0.0829298 0.035292
900 0.579802 0.087588 0.03858
901 0.579802 0.0844795 0.0357179
902 0.579802 0.0837431 0.0363261
903 0.579802 0.0639213 0.0308948
904 0.579802 0.06955 0.0329378
905 0.579802 0.0689589 0.032358
906 0.579802 0.0718647 0.0336278
907 0.579802 0.0689301 0.032128
908 0.579802 0.0787338 0.0349491
909 0.579802 0.063766 0.0313596
910 0.579802 0.0594737 0.0303823
911 0.579802 0.0767395 0.0353359
912 0.579802 0.0639887 0.0313349
913 0.579802 0.0725934 0.0332252
914 0.579802 0.0696904 0.0335975
915 0.579802 0.0802402 0.037164
916 0.579802 0.0872272 0.0379428
917 0.579802 0.076929 0.0362542
918 0.579802 0.0854071 0.0385225
919 0.579802 0.065427 0.0325835
920 0.579802 0.0685314 0.0319287
921 0.579802 0.0682244 0.0335304
922 0.579802 0.0781628 0.0358946
923 0.579802 0.0690585 0.0338475
924 0.579802 0.0658279 0.0329405
925 0.579802 0.0785723 0.0355231
926 0.579802 0.0766536 0.0365812
927 0.579802 0.0700321 0.0330067
928 0.579802 0.0884976 0.0387924
929 0.579802 0.0760968 0.0351183
930 0.579802 0.0805185 0.0351995
931 0.579802 0.0732924 0.0349138
932 0.579802 0.0782436 0.0370097
933 0.579802 0.0628016 0.0304022
934 0.579802 0.070094 0.0336121
935 0.579802 0.07391 0.033268
936 0.579802 0.080558 0.0369771
937 0.579802 0.0740516 0.0349391
938 0.579802 0.0629615 0.0303255
939 0.579802 0.0759126 0.0350441
940 0.579802 0.0933781 0.0388764
941 0.579802 0.0830702 0.0373067
942 0.579802 0.0729331 0.0334531
943 0.579802 0.0735622 0.0350046
944 0.579802 0.069443 0.0336859
945 0.579802 0.0784395 0.0347994
946 0.579802 0.0840476 0.0363094
947 0.579802 0.0825358 0.0375402
948 0.579802 0.0815315 0.0360578
949 0.579802 0.0840878 0.0365205
950 0.579802 0.0823772 0.0351474
951 0.579802 0.0860449 0.0365257
952 0.579802 0.0939162 0.039575
953 0.579802 0.0719696 0.0317214
954 0.579802 0.0696714 0.0330718
955 0.579802 0.0956383 0.040976
956 0.579802 0.0806534 0.0357593
957 0.579802 0.070825 0.0339088
958 0.579802 0.082228 0.0363825
959 0.579802 0.0869287 0.0363456
960 0.579802 0.0880372 0.038347
961 0.579802 0.0793106 0.0355437
962 0.579802 0.0835338 0.0343704
963 0.579802 0.0815149 0.0339599
964 0.579802 0.0839182 0.0347096
965 0.579802 0.0731024 0.0338379
966 0.579802 0.0736711 0.0343969
967 0.579802 0.0698525 0.0331775
968 0.579802 0.0686276 0.0325856
969 0.579802 0.0744719 0.0357336
970 0.579802 0.0606728 0.0305636
971 0.579802 0.0698583 0.0334478
972 0.579802 0.0661049 0.0313781
973 0.579802 0.0892704 0.0391773
974 0.579802 0.0814356 0.0358838
975 0.579802 0.0787774 0.0354699
976 0.579802 0.0863804 0.0361853
977 0.579802 0.0734215 0.0345194
978 0.579802 0.0694043 0.0324447
979 0.579802 0.0781673 0.0364734
980 0.579802 0.0812183 0.0340935
981 0.579802 0.0662493 0.0306727
982 0.579802 0.0717598 0.0329479
983 0.579802 0.0694619 0.0329911
984 0.579802 0.0800361 0.0339886
985 0.579802 0.067329 0.0311137
986 0.579802 0.0769393 0.0340414
987 0.579802 0.0862608 0.0350883
988 0.579802 0.077686 0.0349737
989 0.579802 0.0790102 0.0340025
990 0.579802 0.092232 0.0403575
991 0.579802 0.0807022 0.035305
992 0.579802 0.0950955 0.0384267
993 0.579802 0.0845007 0.0390052
994 0.579802 0.079617 0.0370373
995 0.579802 0.0783401 0.0347717
996 0.579802 0.0674599 0.0319706
997 0.579802 0.0766035 0.0357742
998 0.579802 0.0841806 0.0373501
999 0.579802 0.0793192 0.0343322
1000 0.579802 0.0862426 0.0347745
