0 0.125273 0.0588408 0.00393598
1 0.125532 0.0728448 0.00382091
2 0.125532 0.0766154 0.00372425
3 0.125532 0.0856925 0.00335592
4 0.149204 0.0907904 0.00314583
5 0.185484 0.0950057 0.003009
6 0.211164 0.105375 0.0024232
7 0.211164 0.0972935 0.00307763
8 0.211164 0.0931705 0.00329709
9 0.211164 0.0955715 0.00316339
10 0.400256 0.100099 0.00396952
11 0.400256 0.100142 0.0041079
12 0.400256 0.0978514 0.00423371
13 0.400256 0.0982928 0.00439916
14 0.400256 0.0977309 0.00498702
15 0.400256 0.102147 0.00455367
16 0.400256 0.112412 0.00519494
17 0.400256 0.109801 0.00684158
18 0.400256 0.109833 0.00734683
19 0.481803 0.113133 0.0088508
20 0.502873 0.130788 0.00939501
20 0.532741 0.0539094 0.012552
21 0.532741 0.0498635 0.0125148
22 0.532741 0.0518744 0.0125817
23 0.532741 0.0713015 0.0161494
24 0.532741 0.0685149 0.0162835
25 0.577999 0.0758302 0.0201181
26 0.577999 0.0761945 0.0208155
27 0.577999 0.0941889 0.0245727
28 0.577999 0.0666236 0.0204726
29 0.577999 0.0880074 0.0265464
30 0.579475 0.0990183 0.0321681
31 0.579475 0.108184 0.0354434
32 0.579475 0.116106 0.0413295
33 0.579475 0.126415 0.0432135
34 0.579475 0.137339 0.0445563
35 0.579475 0.137076 0.0457088
36 0.583814 0.155693 0.0447653
37 0.583814 0.156553 0.0450689
38 0.583814 0.167205 0.050999
39 0.583814 0.144102 0.043757
40 0.583814 0.1647 0.0449475
41 0.583814 0.204879 0.0485039
42 0.583814 0.187365 0.0475307
43 0.587404 0.18244 0.0542023
44 0.587404 0.21461 0.052095
45 0.587404 0.200436 0.0559044
46 0.59093 0.178473 0.0520064
47 0.59093 0.201882 0.051845
48 0.59093 0.195935 0.049903
49 0.599878 0.203836 0.0504794
50 0.599878 0.199448 0.0494557
51 0.599878 0.195997 0.0517723
52 0.599878 0.214264 0.0537028
53 0.599878 0.185528 0.0521979
54 0.599878 0.18606 0.0484735
55 0.599878 0.188615 0.0518174
56 0.599878 0.196903 0.0553655
57 0.599878 0.207439 0.0550649
58 0.599878 0.178105 0.0538931
59 0.599878 0.194564 0.0522908
60 0.599878 0.233853 0.0555076
61 0.599878 0.225118 0.0562105
62 0.599878 0.200153 0.0543021
63 0.599878 0.18587 0.0484409
64 0.599878 0.191887 0.0548659
65 0.599878 0.174805 0.0529417
66 0.599878 0.211928 0.0517312
67 0.599878 0.234092 0.0555226
68 0.599878 0.210599 0.0552147
69 0.599878 0.204166 0.0497424
70 0.599878 0.213618 0.0491285
71 0.599878 0.246599 0.0560458
72 0.599878 0.229166 0.0513503
73 0.599878 0.247044 0.0535468
74 0.599878 0.254242 0.0568772
75 0.599878 0.229999 0.0533034
76 0.599878 0.225157 0.0558757
77 0.599878 0.203971 0.0507983
78 0.599878 0.18583 0.0492005
79 0.599878 0.213856 0.0601239
80 0.599878 0.198811 0.0550317
81 0.599878 0.223075 0.056032
82 0.599878 0.223551 0.0561326
83 0.599878 0.203738 0.059608
84 0.599878 0.211438 0.0543169
85 0.599878 0.226398 0.0561982
86 0.599878 0.211324 0.0572144
87 0.599878 0.191674 0.0507573
88 0.599878 0.211379 0.0556654
89 0.599878 0.19834 0.053049
90 0.599878 0.191634 0.053527
91 0.599878 0.224329 0.0575149
92 0.599878 0.251273 0.0526342
93 0.599878 0.242069 0.0539791
94 0.599878 0.246591 0.0528974
95 0.599878 0.225484 0.0501177
96 0.599878 0.22642 0.0507409
97 0.599878 0.237292 0.0568178
98 0.599878 0.193951 0.0553267
99 0.599878 0.203492 0.0522742
100 0.599878 0.21641 0.0536059
101 0.599878 0.200089 0.0544422
102 0.599878 0.224116 0.0580637
103 0.599878 0.196482 0.0566312
104 0.599878 0.187791 0.054507
105 0.599878 0.168407 0.050863
106 0.599878 0.181746 0.0567684
107 0.599878 0.18547 0.0545122
108 0.599878 0.160271 0.0500087
109 0.599878 0.173554 0.0536318
110 0.599878 0.187465 0.0584691
111 0.599878 0.196854 0.0586637
112 0.599878 0.219845 0.0593257
113 0.599878 0.239116 0.0627467
114 0.599878 0.231909 0.0554016
115 0.599878 0.211065 0.0513892
116 0.599878 0.197855 0.0559755
117 0.599878 0.219514 0.0584694
118 0.599878 0.197711 0.0579092
119 0.599878 0.178728 0.0542192
120 0.599878 0.188886 0.0530478
121 0.599878 0.20887 0.0541231
122 0.599878 0.212017 0.0550542
123 0.599878 0.212406 0.0517496
124 0.599878 0.212546 0.0537384
125 0.602093 0.195635 0.0532033
126 0.602093 0.216173 0.0545763
127 0.602093 0.221257 0.0558621
128 0.602093 0.216325 0.0587938
129 0.602093 0.198201 0.0512712
130 0.602093 0.195858 0.0561754
131 0.602093 0.203814 0.0542032
132 0.602093 0.221323 0.0577656
133 0.602093 0.216309 0.0529253
134 0.602093 0.2036 0.0534261
135 0.602093 0.205737 0.0538116
136 0.602093 0.200554 0.0577965
137 0.602093 0.216625 0.0587799
138 0.602093 0.178846 0.0517282
139 0.602093 0.192955 0.0536546
140 0.602093 0.204966 0.0581372
141 0.602093 0.203811 0.0559514
142 0.602093 0.201201 0.0589235
143 0.602093 0.20484 0.055872
144 0.602093 0.183744 0.0524
145 0.602093 0.190908 0.0596237
146 0.602093 0.219287 0.0560022
147 0.602093 0.222564 0.0573182
148 0.602093 0.233758 0.0553431
149 0.602093 0.235336 0.055563
150 0.602093 0.251404 0.0545635
151 0.602093 0.214826 0.0544679
152 0.602093 0.235088 0.054768
153 0.602093 0.274099 0.0566738
154 0.602093 0.228706 0.0594816
155 0.602093 0.231044 0.0582055
156 0.602093 0.251207 0.0590831
157 0.602093 0.233337 0.0541038
158 0.602093 0.240987 0.0490109
159 0.602093 0.241378 0.0537057
160 0.602093 0.20821 0.0524942
161 0.602093 0.188989 0.0549193
162 0.602093 0.209953 0.0510974
163 0.602093 0.232798 0.0548881
164 0.602093 0.198081 0.0529287
165 0.602093 0.217294 0.0543915
166 0.602093 0.220911 0.0545922
167 0.602093 0.184638 0.0512005
168 0.602093 0.210076 0.054133
169 0.602093 0.212755 0.0509577
170 0.602093 0.259781 0.0574258
171 0.602093 0.232279 0.0575624
172 0.602093 0.245361 0.0561349
173 0.602093 0.257382 0.0575005
174 0.602093 0.244326 0.0514556
175 0.602093 0.240715 0.0542088
176 0.602093 0.221377 0.0574645
177 0.602093 0.184144 0.0521331
178 0.602093 0.195259 0.0515936
179 0.602093 0.18273 0.05144
180 0.602093 0.19564 0.0546752
181 0.602093 0.210652 0.0550144
182 0.602093 0.223806 0.0566608
183 0.602093 0.235282 0.0588889
184 0.602093 0.250327 0.0566348
185 0.602093 0.216463 0.0540821
186 0.602093 0.223891 0.0565495
187 0.602093 0.206954 0.0506494
188 0.602093 0.199221 0.0520674
189 0.602093 0.228892 0.059453
190 0.602093 0.223793 0.0525896
191 0.602093 0.184907 0.0493922
192 0.602093 0.198952 0.0540032
193 0.602268 0.206918 0.0585049
194 0.602268 0.228432 0.0564076
195 0.602268 0.234844 0.0580993
196 0.602268 0.256322 0.0536343
197 0.602268 0.269204 0.0529165
198 0.602268 0.283505 0.0522524
199 0.602268 0.256432 0.054771
200 0.60268 0.25952 0.0541146
201 0.60268 0.210866 0.0513387
202 0.60268 0.185117 0.0546776
203 0.60268 0.211595 0.0528738
204 0.60268 0.219825 0.0563889
205 0.60268 0.25929 0.057519
206 0.60268 0.26094 0.0583896
207 0.60268 0.243984 0.0581712
208 0.60268 0.234125 0.053059
209 0.60268 0.226831 0.0598348
210 0.60268 0.210085 0.0539389
211 0.60268 0.199275 0.0580282
212 0.60268 0.203635 0.0531121
213 0.60268 0.205994 0.0533523
214 0.60268 0.235705 0.0541775
215 0.60268 0.246552 0.0572602
216 0.604339 0.23074 0.0617648
217 0.604339 0.220201 0.0604462
218 0.604339 0.209274 0.0593905
219 0.604339 0.203182 0.0558501
220 0.604339 0.227258 0.0586358
221 0.604339 0.198038 0.0531249
222 0.604339 0.210519 0.0554141
223 0.604339 0.211484 0.0541586
224 0.604339 0.219431 0.0522915
225 0.604339 0.210296 0.0550242
226 0.604339 0.21359 0.0530512
227 0.604339 0.247296 0.0641535
228 0.604339 0.234507 0.0599511
229 0.604339 0.255754 0.0554032
230 0.604339 0.229568 0.0540753
231 0.604339 0.240658 0.0550254
232 0.604339 0.23861 0.0628234
233 0.604339 0.20633 0.0586233
234 0.604339 0.195582 0.0550872
235 0.604339 0.22584 0.0563987
236 0.604339 0.214895 0.0580055
237 0.604339 0.212324 0.0593751
238 0.604339 0.228535 0.0543882
239 0.604339 0.216154 0.0532744
240 0.604339 0.225838 0.0501241
241 0.604339 0.216253 0.0558634
242 0.604339 0.213549 0.0548363
243 0.604339 0.224929 0.055499
244 0.604339 0.21658 0.0569334
245 0.604339 0.188493 0.0496228
246 0.604339 0.207957 0.0544157
247 0.604339 0.190358 0.0568145
248 0.604339 0.246976 0.061744
249 0.604339 0.216452 0.0557631
250 0.604339 0.208093 0.0562268
251 0.604339 0.24373 0.0604968
252 0.604339 0.219985 0.057237
253 0.604339 0.223901 0.0585872
254 0.604339 0.18743 0.0541916
255 0.604339 0.16973 0.0526791
256 0.604943 0.190447 0.0577045
257 0.604943 0.162163 0.052915
258 0.604943 0.16345 0.0513735
259 0.604943 0.166661 0.0553583
260 0.604943 0.170732 0.05427
261 0.604943 0.2126 0.0577043
262 0.604943 0.208048 0.0567889
263 0.604943 0.215515 0.0552489
264 0.604943 0.239472 0.0558773
265 0.604943 0.239438 0.0518993
266 0.604943 0.259951 0.0494925
267 0.604943 0.222086 0.0501648
268 0.604943 0.248932 0.0560646
269 0.604943 0.249286 0.0567187
270 0.604943 0.227902 0.0508777
271 0.604943 0.234241 0.0591238
272 0.604943 0.24098 0.0600412
273 0.604943 0.231903 0.0594893
274 0.604943 0.234237 0.0609836
275 0.604943 0.194845 0.05145
276 0.604943 0.201111 0.0568962
277 0.604943 0.190889 0.0548909
278 0.604943 0.190458 0.0534567
279 0.604943 0.204255 0.0549223
280 0.604943 0.186831 0.0513144
281 0.604943 0.182799 0.0516977
282 0.604943 0.198987 0.0574702
283 0.604943 0.228893 0.0579956
284 0.604966 0.248134 0.0588
285 0.604975 0.234731 0.0581847
286 0.605 0.20765 0.0537384
287 0.605 0.219074 0.0567866
288 0.605 0.246384 0.0577905
289 0.605 0.213553 0.0534107
290 0.605 0.210636 0.0561786
291 0.605 0.204343 0.053145
292 0.605 0.211997 0.0576007
293 0.605 0.216751 0.0612692
294 0.605 0.2118 0.0553593
295 0.605 0.204865 0.0536092
296 0.605 0.213412 0.0583303
297 0.605 0.199438 0.0543028
298 0.605 0.220242 0.0581972
299 0.605 0.20596 0.0574625
300 0.605 0.241398 0.0574829
301 0.605 0.200428 0.0552615
302 0.605 0.198098 0.0538542
303 0.605 0.231445 0.0600931
304 0.605 0.227257 0.0576897
305 0.605 0.24708 0.0619811
306 0.605 0.240404 0.0567169
307 0.605 0.234432 0.0567093
308 0.605 0.220665 0.0535718
309 0.605 0.222766 0.0562604
310 0.605 0.233925 0.051255
311 0.605 0.242658 0.0529261
312 0.605 0.224232 0.0531254
313 0.605 0.235258 0.0565436
314 0.605 0.223049 0.0551247
315 0.605 0.23195 0.0609588
316 0.605 0.24237 0.0556926
317 0.605 0.248855 0.0545342
318 0.605 0.227223 0.0575295
319 0.605 0.214282 0.052404
320 0.605 0.216924 0.0557398
321 0.605 0.225225 0.0573236
322 0.605 0.225897 0.0544232
323 0.605 0.244948 0.0552486
324 0.605 0.229379 0.0579054
325 0.605 0.231718 0.0562797
326 0.605 0.225504 0.0599009
327 0.605 0.230021 0.0583896
328 0.605 0.22685 0.057403
329 0.605 0.246526 0.0562103
330 0.605 0.243309 0.0540486
331 0.605 0.247381 0.0591442
332 0.605 0.227753 0.0580948
333 0.605 0.186675 0.0592899
334 0.605 0.201234 0.0536013
335 0.605 0.216094 0.0575841
336 0.605 0.218042 0.0581365
337 0.605 0.248192 0.0574133
338 0.605 0.273569 0.0587616
339 0.605 0.257 0.0546927
340 0.605 0.221459 0.0514083
341 0.605 0.251928 0.0542151
342 0.605 0.243586 0.0558015
343 0.605 0.237863 0.0533949
344 0.605 0.227512 0.0547906
345 0.605 0.255866 0.0519443
346 0.605 0.24572 0.0537981
347 0.605176 0.260738 0.0543829
348 0.605176 0.257336 0.0584216
349 0.605176 0.237462 0.0523173
350 0.605176 0.24134 0.0590309
351 0.605176 0.221246 0.0532132
352 0.605176 0.233042 0.0526717
353 0.605176 0.186185 0.0532742
354 0.605176 0.189857 0.0521158
355 0.605176 0.192345 0.0534515
356 0.605176 0.189262 0.0535164
357 0.605176 0.207138 0.0548019
358 0.605176 0.212819 0.0593914
359 0.605176 0.211776 0.0543948
360 0.605176 0.236793 0.0563798
361 0.605176 0.230336 0.0577403
362 0.605176 0.251373 0.052837
363 0.605176 0.236677 0.0511438
364 0.605176 0.219154 0.054054
365 0.605176 0.224157 0.0550848
366 0.605176 0.223399 0.0591138
367 0.605176 0.188847 0.0561452
368 0.605176 0.206905 0.0584844
369 0.605176 0.190435 0.0517848
370 0.605176 0.191944 0.0565428
371 0.605176 0.210338 0.0598577
372 0.605176 0.214676 0.0567136
373 0.605176 0.234224 0.0556215
374 0.605176 0.219909 0.0557248
375 0.605176 0.217448 0.0572358
376 0.605176 0.197805 0.0551242
377 0.605176 0.20135 0.0588159
378 0.605176 0.211206 0.0545462
379 0.605176 0.195864 0.054588
380 0.605176 0.190386 0.0555706
381 0.605176 0.184885 0.0570486
382 0.605176 0.201125 0.0569272
383 0.605176 0.246137 0.0641293
384 0.605176 0.235267 0.0603417
385 0.605176 0.206499 0.0579662
386 0.605176 0.184373 0.0546556
387 0.605176 0.200855 0.0566013
388 0.605176 0.230087 0.0572722
389 0.605176 0.207789 0.0533262
390 0.605176 0.199974 0.0546044
391 0.605176 0.206087 0.0552438
392 0.605176 0.207958 0.0554579
393 0.605176 0.19578 0.0580255
394 0.605176 0.241145 0.0590694
395 0.605176 0.191949 0.0574089
396 0.605176 0.189664 0.0558892
397 0.605176 0.211618 0.0600095
398 0.605176 0.243988 0.061794
399 0.605176 0.228376 0.0584773
400 0.605176 0.193745 0.0563733
401 0.605176 0.193659 0.0547081
402 0.605176 0.206418 0.0578679
403 0.605176 0.221729 0.0580338
404 0.605176 0.202815 0.0571077
405 0.605176 0.196808 0.0530843
406 0.605176 0.190606 0.0538413
407 0.605176 0.16401 0.0537129
408 0.605176 0.183965 0.0574714
409 0.605176 0.209138 0.0609275
410 0.605176 0.224678 0.059524
411 0.605176 0.232823 0.0551233
412 0.605176 0.20875 0.0547883
413 0.605176 0.210004 0.0504214
414 0.605176 0.223979 0.0545774
415 0.605176 0.193227 0.0550966
416 0.605176 0.182598 0.0567737
417 0.605176 0.199975 0.0575908
418 0.605176 0.180908 0.0525883
419 0.605176 0.182373 0.0544238
420 0.605176 0.211743 0.0572705
421 0.605176 0.203849 0.0581824
422 0.605397 0.214612 0.0605218
423 0.605397 0.199662 0.0550406
424 0.605397 0.211636 0.0532457
425 0.605397 0.22081 0.058436
426 0.605397 0.234761 0.0597716
427 0.605397 0.266802 0.056579
428 0.605397 0.259173 0.0564062
429 0.605397 0.247371 0.0587743
430 0.605397 0.230783 0.0619941
431 0.605397 0.252169 0.0555915
432 0.605397 0.217661 0.0543178
433 0.605397 0.235211 0.0525108
434 0.605397 0.230349 0.0552098
435 0.605397 0.221832 0.0585001
436 0.605397 0.226233 0.057305
437 0.605397 0.249973 0.0637889
438 0.605397 0.220331 0.0574069
439 0.605397 0.215797 0.0578796
440 0.605397 0.220344 0.0545671
441 0.605397 0.195059 0.0558383
442 0.605397 0.221425 0.0577649
443 0.605397 0.219387 0.0570118
444 0.605397 0.208708 0.05338
445 0.605397 0.248905 0.0578544
446 0.605397 0.212721 0.0539846
447 0.605397 0.212948 0.053884
448 0.605397 0.199112 0.0551794
449 0.605397 0.174012 0.0521319
450 0.605397 0.186093 0.0534833
451 0.605397 0.179386 0.0512901
452 0.605397 0.185541 0.052502
453 0.605397 0.207206 0.0562434
454 0.605397 0.196616 0.0547926
455 0.605397 0.202833 0.0547987
456 0.605397 0.204806 0.0534012
457 0.605397 0.195473 0.0524923
458 0.605397 0.21369 0.0547223
459 0.605397 0.223073 0.0549067
460 0.605397 0.199611 0.0544141
461 0.605397 0.207133 0.0575323
462 0.605397 0.181486 0.0552494
463 0.605397 0.178357 0.0520475
464 0.605397 0.193393 0.0528918
465 0.605397 0.218909 0.0573757
466 0.605397 0.220168 0.0541768
467 0.605397 0.222004 0.0534024
468 0.60553 0.222026 0.0553979
469 0.60553 0.243009 0.0529979
470 0.60553 0.215319 0.053154
471 0.60553 0.230332 0.0560927
472 0.60553 0.254325 0.0598195
473 0.60553 0.215685 0.056139
474 0.60553 0.20628 0.0570355
475 0.60553 0.202642 0.0514212
476 0.60553 0.239802 0.0544819
477 0.60553 0.256713 0.0531362
478 0.60553 0.245873 0.0552772
479 0.60553 0.239158 0.0578864
480 0.60553 0.24444 0.0574065
481 0.60553 0.228436 0.0598176
482 0.60553 0.251176 0.0606552
483 0.60553 0.253273 0.0550336
484 0.60553 0.217787 0.0485247
485 0.60553 0.212269 0.0541068
486 0.60553 0.206446 0.0555052
487 0.60553 0.228136 0.0573822
488 0.60553 0.206718 0.0549352
489 0.60553 0.209833 0.0587258
490 0.60553 0.212822 0.0568836
491 0.60553 0.202948 0.0539245
492 0.60553 0.212016 0.0595508
493 0.60553 0.204132 0.0592892
494 0.60553 0.195299 0.0569498
495 0.60553 0.189326 0.058117
496 0.60553 0.214234 0.0573402
497 0.60553 0.212878 0.0558312
498 0.60553 0.220562 0.0541396
499 0.60553 0.218758 0.060211
500 0.60553 0.229975 0.0579979
501 0.60553 0.204737 0.0534794
502 0.60553 0.214684 0.0580255
503 0.60553 0.205166 0.0571639
504 0.60553 0.201257 0.0572098
505 0.60553 0.220889 0.0581081
506 0.60553 0.222012 0.0516491
507 0.60553 0.228695 0.0538845
508 0.60553 0.200233 0.0535087
509 0.60553 0.210336 0.0596267
510 0.60553 0.201608 0.0582651
511 0.60553 0.204056 0.0549715
512 0.60553 0.202531 0.0529365
513 0.60553 0.210997 0.0524547
514 0.60553 0.245482 0.0552596
515 0.60553 0.229025 0.0580975
516 0.60553 0.219384 0.0550456
517 0.60553 0.243503 0.0571553
518 0.60553 0.248424 0.0543206
519 0.60553 0.2136 0.0462913
520 0.60553 0.192826 0.0505747
521 0.60553 0.183461 0.0518348
522 0.60553 0.19936 0.0566594
523 0.60553 0.197872 0.0515127
524 0.60553 0.217854 0.0599843
525 0.60553 0.229732 0.0583453
526 0.60553 0.25589 0.0578538
527 0.60553 0.240077 0.0644914
528 0.60553 0.185027 0.0581432
529 0.60553 0.185578 0.0560284
530 0.60553 0.180694 0.0526646
531 0.60553 0.195477 0.0581208
532 0.60553 0.209103 0.0573328
533 0.60553 0.204891 0.0522767
534 0.60553 0.208846 0.0560689
535 0.60553 0.19948 0.0567012
536 0.60553 0.219385 0.0622239
537 0.60553 0.234506 0.0623893
538 0.60553 0.175242 0.0537861
539 0.60553 0.1827 0.0533031
540 0.60553 0.2093 0.0572722
541 0.60553 0.193121 0.0557145
542 0.60553 0.211066 0.0650157
543 0.60553 0.195792 0.0585602
544 0.60553 0.213164 0.0585826
545 0.60553 0.187202 0.0582168
546 0.60553 0.212259 0.0597585
547 0.60553 0.215373 0.0545573
548 0.60553 0.200123 0.0574787
549 0.60553 0.207159 0.0585924
550 0.60553 0.199581 0.0546104
551 0.60553 0.189134 0.0530564
552 0.60553 0.202967 0.0574732
553 0.60553 0.203904 0.0589386
554 0.60553 0.229325 0.060836
555 0.60553 0.222048 0.0607245
556 0.60553 0.193274 0.053585
557 0.60553 0.175968 0.0551084
558 0.60553 0.200626 0.0562587
559 0.60553 0.183263 0.0515861
560 0.60553 0.171153 0.0549365
561 0.60553 0.228321 0.0597994
562 0.60553 0.231666 0.0537037
563 0.60553 0.214894 0.0573625
564 0.60553 0.219895 0.0610112
565 0.60553 0.209216 0.0559204
566 0.60553 0.223612 0.0576192
567 0.60553 0.217337 0.055928
568 0.60553 0.193445 0.0565097
569 0.60553 0.21419 0.0558509
570 0.60553 0.227393 0.0610123
571 0.60553 0.223963 0.0589846
572 0.60553 0.224783 0.0517469
573 0.60553 0.244781 0.0598732
574 0.60553 0.206568 0.0622182
575 0.60553 0.172984 0.0523471
576 0.60553 0.166709 0.0501722
577 0.60553 0.175313 0.0521164
578 0.60553 0.182754 0.0533313
579 0.60553 0.21673 0.0606644
580 0.60553 0.216655 0.059225
581 0.60553 0.221137 0.0581007
582 0.60553 0.23107 0.060022
583 0.60553 0.217813 0.0584876
584 0.60553 0.193105 0.0557413
585 0.60553 0.182782 0.0524255
586 0.60553 0.175253 0.0493094
587 0.60553 0.191645 0.0542873
588 0.60553 0.188958 0.055945
589 0.60553 0.218146 0.0556674
590 0.60553 0.209534 0.0589181
591 0.60553 0.216689 0.0565581
592 0.60553 0.210364 0.0513585
593 0.60553 0.234476 0.0554712
594 0.60553 0.223681 0.0577284
595 0.60553 0.209852 0.0549231
596 0.60553 0.199414 0.0540258
597 0.60553 0.209754 0.0574965
598 0.60553 0.222263 0.0560306
599 0.60553 0.234035 0.0559901
600 0.60553 0.247522 0.0567563
601 0.60553 0.211839 0.0562309
602 0.60553 0.218829 0.056065
603 0.60553 0.201709 0.0556252
604 0.60553 0.228149 0.0567984
605 0.60553 0.208644 0.0553737
606 0.60553 0.220237 0.0552793
607 0.60553 0.197056 0.057355
608 0.60553 0.202477 0.0531402
609 0.60553 0.195201 0.0530207
610 0.60553 0.223942 0.0579196
611 0.60553 0.200071 0.0534711
612 0.60553 0.219615 0.0604765
613 0.60553 0.211949 0.0601553
614 0.60553 0.205721 0.0540744
615 0.60553 0.203802 0.0576835
616 0.60553 0.22229 0.0570873
617 0.60553 0.190499 0.0560852
618 0.60553 0.176275 0.052548
619 0.60553 0.183901 0.0519436
620 0.60553 0.220032 0.0577303
621 0.60553 0.212214 0.0544606
622 0.60553 0.253978 0.0525009
623 0.60553 0.268812 0.0545775
624 0.60553 0.281867 0.0559648
625 0.60553 0.259281 0.0554754
626 0.60553 0.232993 0.0558085
627 0.60553 0.236997 0.0541282
628 0.60553 0.217391 0.0531508
629 0.60553 0.201932 0.0489692
630 0.60553 0.209239 0.0546252
631 0.60553 0.177785 0.0551534
632 0.60553 0.182146 0.0536655
633 0.60553 0.213938 0.0568647
634 0.60553 0.218364 0.0585667
635 0.60553 0.19706 0.0559887
636 0.60553 0.196657 0.0576798
637 0.60553 0.173394 0.0579043
638 0.60553 0.173814 0.0570156
639 0.60553 0.215515 0.0592824
640 0.60553 0.200391 0.0572951
641 0.60553 0.192669 0.057878
642 0.60553 0.195289 0.0562565
643 0.60553 0.22176 0.0575489
644 0.60553 0.239734 0.0595421
645 0.60553 0.223926 0.0598265
646 0.60553 0.215458 0.0551215
647 0.60553 0.206168 0.0566923
648 0.60553 0.188222 0.0557184
649 0.60553 0.223501 0.0601561
650 0.60553 0.24135 0.0594249
651 0.60553 0.213765 0.0583332
652 0.60553 0.207467 0.0580334
653 0.60553 0.216261 0.0619703
654 0.60553 0.225891 0.0622063
655 0.60553 0.216381 0.064247
656 0.60553 0.232801 0.0611219
657 0.60553 0.210724 0.0604755
658 0.60553 0.178332 0.0548951
659 0.60553 0.203526 0.0579163
660 0.60553 0.197411 0.0512147
661 0.60553 0.180114 0.0539563
662 0.60553 0.186423 0.0527094
663 0.60553 0.175789 0.0522706
664 0.60553 0.188047 0.0510532
665 0.60553 0.18791 0.0537119
666 0.60553 0.209439 0.0568825
667 0.60553 0.207885 0.0544535
668 0.60553 0.210713 0.0544335
669 0.60553 0.187727 0.0555723
670 0.60553 0.214413 0.0598649
671 0.60553 0.233916 0.0566435
672 0.60553 0.250809 0.059918
673 0.60553 0.227239 0.0552586
674 0.60553 0.215465 0.0543871
675 0.60553 0.216989 0.0610237
676 0.60553 0.231032 0.0534086
677 0.60553 0.237382 0.0589028
678 0.60553 0.227875 0.0598858
679 0.60553 0.223935 0.053545
680 0.60553 0.236178 0.0608228
681 0.60553 0.243791 0.0550656
682 0.60553 0.269185 0.0565686
683 0.60553 0.234335 0.0570754
684 0.60553 0.225657 0.0544602
685 0.60553 0.196886 0.0546136
686 0.60553 0.198835 0.0597843
687 0.60553 0.205333 0.0602182
688 0.60553 0.203647 0.0544006
689 0.60553 0.183134 0.0518566
690 0.60553 0.180981 0.0524531
691 0.60553 0.211402 0.0559525
692 0.60553 0.228865 0.0537777
693 0.60553 0.20434 0.0541804
694 0.60553 0.21351 0.0545309
695 0.60553 0.234845 0.0557037
696 0.60553 0.250176 0.062124
697 0.60553 0.249639 0.0565074
698 0.60553 0.238964 0.0549561
699 0.60553 0.206727 0.0554164
700 0.60553 0.2073 0.0564317
701 0.60553 0.223194 0.0608793
702 0.60553 0.222265 0.0579303
703 0.60553 0.241786 0.0563977
704 0.60553 0.231927 0.0554248
705 0.60553 0.194784 0.054729
706 0.60553 0.220774 0.0530425
707 0.60553 0.213017 0.0565585
708 0.60553 0.215047 0.0579745
709 0.60553 0.217556 0.0561982
710 0.60553 0.233908 0.0562172
711 0.60553 0.226291 0.0540082
712 0.60553 0.259596 0.0526351
713 0.60553 0.210972 0.053886
714 0.60553 0.209429 0.0579247
715 0.60553 0.22281 0.058645
716 0.60553 0.229874 0.0585202
717 0.60553 0.214036 0.0577107
718 0.60553 0.212806 0.055116
719 0.60553 0.203664 0.0562557
720 0.60553 0.213889 0.0602413
721 0.60553 0.199467 0.0573831
722 0.60553 0.187615 0.0494628
723 0.60553 0.189719 0.0527853
724 0.60553 0.209656 0.0547431
725 0.60553 0.182992 0.0534683
726 0.60553 0.192784 0.0536941
727 0.60553 0.214068 0.0553532
728 0.60553 0.196349 0.0583413
729 0.60553 0.204587 0.0585404
730 0.60553 0.199713 0.0539128
731 0.60553 0.208443 0.0498843
732 0.60553 0.23386 0.053476
733 0.60553 0.2089 0.0547096
734 0.60553 0.206466 0.0572257
735 0.60553 0.184306 0.0481977
736 0.60553 0.161304 0.0541602
737 0.60553 0.1838 0.0547348
738 0.60553 0.19633 0.0515162
739 0.60553 0.189593 0.0519733
740 0.60553 0.19852 0.0556049
741 0.60553 0.192144 0.0569638
742 0.60553 0.188874 0.0526958
743 0.60553 0.214906 0.0559071
744 0.60553 0.224575 0.051685
745 0.60553 0.214633 0.0510102
746 0.60553 0.22632 0.0494016
747 0.60553 0.240368 0.0497675
748 0.60553 0.230471 0.0553272
749 0.60553 0.222887 0.0560534
750 0.60553 0.19327 0.052442
751 0.60553 0.196564 0.054216
752 0.60553 0.218909 0.0571969
753 0.60553 0.229679 0.0578675
754 0.60553 0.199979 0.0531562
755 0.60553 0.173819 0.0499128
756 0.60553 0.234738 0.0565512
757 0.60553 0.236541 0.0552376
758 0.60553 0.214087 0.054033
759 0.60553 0.214589 0.0502031
760 0.60553 0.233616 0.0560248
761 0.60553 0.238734 0.059227
762 0.60553 0.213633 0.0529718
763 0.60553 0.229077 0.0583736
764 0.60553 0.22108 0.054399
765 0.60553 0.233483 0.0575806
766 0.60553 0.213284 0.0564121
767 0.60553 0.218249 0.0557807
768 0.60553 0.257905 0.0566309
769 0.60553 0.230575 0.0568117
770 0.60553 0.199805 0.0523816
771 0.60553 0.21077 0.0539716
772 0.60553 0.19274 0.05234
773 0.60553 0.197561 0.050299
774 0.60553 0.196601 0.0548405
775 0.60553 0.200636 0.0540661
776 0.60553 0.239648 0.0583066
777 0.60553 0.257873 0.0577953
778 0.60553 0.251699 0.0543054
779 0.60553 0.225695 0.0553143
780 0.60553 0.215685 0.0620836
781 0.60553 0.193873 0.0576185
782 0.60553 0.175521 0.0573312
783 0.60553 0.157366 0.0532499
784 0.60553 0.160824 0.0526423
785 0.60553 0.158161 0.0593365
786 0.60553 0.175927 0.0612875
787 0.60553 0.176306 0.0588311
788 0.60553 0.168931 0.0503553
789 0.60553 0.212088 0.0560341
790 0.60553 0.211863 0.0522054
791 0.60553 0.193766 0.0543815
792 0.60553 0.174553 0.0533098
793 0.60553 0.156139 0.0561498
794 0.60553 0.176378 0.0548123
795 0.60553 0.157741 0.0496392
796 0.60553 0.18573 0.0560416
797 0.60553 0.183335 0.0523511
798 0.60553 0.189708 0.0535315
799 0.60553 0.192326 0.0545115
800 0.60553 0.218712 0.0552455
801 0.60553 0.208965 0.0572501
802 0.60553 0.1945 0.0543872
803 0.60553 0.219136 0.05591
804 0.60553 0.196341 0.0546053
805 0.60553 0.204416 0.0519416
806 0.60553 0.18131 0.0525244
807 0.60553 0.179394 0.0528814
808 0.60553 0.188773 0.0567718
809 0.60553 0.202238 0.052792
810 0.60553 0.23436 0.0607957
811 0.60553 0.206845 0.0543994
812 0.60553 0.21724 0.0552627
813 0.60553 0.212161 0.0555696
814 0.60553 0.215669 0.0553604
815 0.60553 0.206549 0.0525935
816 0.60553 0.206138 0.0524036
817 0.60553 0.189875 0.0526925
818 0.60553 0.200029 0.0536751
819 0.60553 0.212284 0.0553332
820 0.60553 0.232561 0.0555415
821 0.60553 0.223502 0.0589918
822 0.60553 0.213151 0.0580635
823 0.60553 0.230868 0.0574754
824 0.60553 0.244938 0.0522146
825 0.60553 0.228476 0.054189
826 0.60553 0.209053 0.0548942
827 0.60553 0.212886 0.0540518
828 0.60553 0.223121 0.0577747
829 0.60553 0.222869 0.0536242
830 0.60553 0.229217 0.055524
831 0.60553 0.229756 0.0559158
832 0.60553 0.211252 0.048449
833 0.60553 0.222109 0.0523328
834 0.60553 0.226469 0.0525358
835 0.60553 0.223664 0.0595185
836 0.60553 0.202593 0.0529173
837 0.60553 0.194332 0.0541457
838 0.60553 0.182114 0.0528299
839 0.60553 0.202161 0.0536042
840 0.60553 0.192003 0.0576646
841 0.60553 0.186129 0.0514027
842 0.60553 0.176914 0.0548058
843 0.60553 0.176363 0.0533152
844 0.60553 0.187231 0.0544279
845 0.60553 0.195433 0.052016
846 0.60553 0.171499 0.0495921
847 0.60553 0.210061 0.0519051
848 0.60553 0.223445 0.0534058
849 0.60553 0.214533 0.0499141
850 0.60553 0.208681 0.055903
851 0.60553 0.223029 0.054726
852 0.60553 0.225772 0.0547752
853 0.60553 0.234701 0.0563374
854 0.60553 0.248793 0.0489591
855 0.60553 0.211818 0.0541563
856 0.60553 0.223674 0.0533065
857 0.60553 0.220965 0.0530782
858 0.60553 0.233098 0.0569958
859 0.60553 0.208879 0.0521008
860 0.60553 0.223776 0.0553837
861 0.60553 0.224444 0.0555968
862 0.60553 0.245661 0.0519249
863 0.60553 0.226201 0.0530941
864 0.60553 0.221996 0.0544255
865 0.60553 0.205122 0.0512732
866 0.60553 0.228136 0.0541992
867 0.60553 0.250627 0.0553692
868 0.60553 0.24079 0.0547193
869 0.60553 0.225228 0.0561625
870 0.60553 0.221913 0.0530892
871 0.60553 0.203107 0.0554552
872 0.60553 0.205372 0.0563487
873 0.60553 0.204866 0.0570077
874 0.60553 0.235461 0.0588902
875 0.60553 0.239444 0.0581426
876 0.60553 0.210035 0.0555848
877 0.60553 0.21782 0.0584771
878 0.60553 0.242487 0.058249
879 0.60553 0.197293 0.0544344
880 0.60553 0.205451 0.0566717
881 0.60553 0.208295 0.0594109
882 0.60553 0.206143 0.0548104
883 0.60553 0.216887 0.0573612
884 0.60553 0.23504 0.056792
885 0.60553 0.21806 0.0570383
886 0.60553 0.219078 0.0547156
887 0.60553 0.207862 0.0570444
888 0.60553 0.202134 0.0550266
889 0.60553 0.197627 0.0559666
890 0.60553 0.212134 0.0501185
891 0.60553 0.193902 0.0559112
892 0.60553 0.198651 0.0582582
893 0.60553 0.182805 0.0547572
894 0.60553 0.197709 0.0560616
895 0.60553 0.177047 0.0550518
896 0.60553 0.18049 0.0551225
897 0.60553 0.185533 0.0557481
898 0.60553 0.173576 0.0472377
899 0.60553 0.190378 0.0482464
900 0.60553 0.203867 0.052902
901 0.60553 0.203942 0.055083
902 0.60553 0.182593 0.0521843
903 0.60553 0.224715 0.0550794
904 0.60553 0.233935 0.0568787
905 0.60553 0.222624 0.0585331
906 0.60553 0.218348 0.0580719
907 0.60553 0.21098 0.0588994
908 0.60553 0.22142 0.060461
909 0.60553 0.20381 0.057925
910 0.60553 0.238023 0.0568513
911 0.60553 0.242652 0.0563322
912 0.60553 0.222245 0.0558824
913 0.60553 0.213614 0.0527504
914 0.60553 0.218222 0.052402
915 0.60553 0.196736 0.0533486
916 0.60553 0.226827 0.0573364
917 0.60553 0.23724 0.0550087
918 0.60553 0.217966 0.0565527
919 0.60553 0.194793 0.0580528
920 0.60553 0.215935 0.0564567
921 0.60553 0.212596 0.0576575
922 0.60553 0.212715 0.0559179
923 0.60553 0.185407 0.0563775
924 0.60553 0.227925 0.058573
925 0.60553 0.204596 0.0558984
926 0.60553 0.201217 0.0585476
927 0.60553 0.170802 0.0524784
928 0.60553 0.163003 0.0488596
929 0.60553 0.189432 0.0510007
930 0.60553 0.196799 0.0545027
931 0.60553 0.208038 0.0519828
932 0.60553 0.239947 0.053107
933 0.60553 0.246294 0.0539995
934 0.60553 0.240941 0.0504645
935 0.60553 0.240841 0.0504082
936 0.60553 0.248504 0.0517737
937 0.60553 0.2703 0.0572106
938 0.60553 0.246266 0.0565912
939 0.60553 0.243934 0.0623521
940 0.60553 0.245545 0.0585707
941 0.60553 0.209001 0.0566387
942 0.60553 0.225538 0.0572796
943 0.60553 0.202764 0.0539991
944 0.60553 0.188104 0.0568128
945 0.60553 0.212741 0.0555914
946 0.60553 0.206177 0.0561983
947 0.606512 0.214609 0.0587467
948 0.606512 0.205887 0.0607329
949 0.606512 0.195828 0.0584871
950 0.606512 0.184668 0.0536883
951 0.606512 0.211926 0.0576665
952 0.606512 0.207105 0.0602463
953 0.606512 0.201526 0.058308
954 0.606512 0.203124 0.0585711
955 0.606512 0.220601 0.0540693
956 0.606512 0.210484 0.0529605
957 0.606512 0.184944 0.0584214
958 0.606512 0.208156 0.0600668
959 0.606512 0.198408 0.0576886
960 0.606512 0.204371 0.062186
961 0.606512 0.200497 0.0548584
962 0.606512 0.193715 0.0510939
963 0.606512 0.202306 0.0548282
964 0.606512 0.208564 0.0571637
965 0.606512 0.189954 0.0573727
966 0.606512 0.17954 0.050327
967 0.606512 0.205649 0.0532723
968 0.606512 0.20328 0.0561573
969 0.606512 0.183834 0.0504001
970 0.606512 0.199592 0.0510358
971 0.606512 0.208498 0.0540361
972 0.606512 0.221279 0.061782
973 0.606512 0.223626 0.0555547
974 0.606512 0.220426 0.0583287
975 0.606512 0.207648 0.0540306
976 0.606512 0.188242 0.0563262
977 0.606512 0.197919 0.0540637
978 0.606512 0.193622 0.0533519
979 0.606512 0.189802 0.0506029
980 0.606512 0.209873 0.0522003
981 0.606512 0.20915 0.0495659
982 0.606512 0.202958 0.053028
983 0.606512 0.199811 0.0513355
984 0.606512 0.228799 0.0469488
985 0.606512 0.236596 0.0485049
986 0.606512 0.211305 0.0479883
987 0.606512 0.217894 0.0469761
988 0.606512 0.246996 0.0507904
989 0.606512 0.246956 0.0556588
990 0.606512 0.207754 0.0501411
991 0.606512 0.19426 0.0518593
992 0.606512 0.215409 0.0529056
993 0.606512 0.188889 0.0545439
994 0.606512 0.18954 0.0542332
995 0.606512 0.204615 0.0502642
996 0.606512 0.206436 0.054531
997 0.606512 0.213691 0.0547387
998 0.606512 0.197157 0.0535529
999 0.606512 0.192001 0.0507752
1000 0.606512 0.213751 0.0478742
