0 0.125467 0.0607571 0.00388361
1 0.125467 0.0727633 0.0038275
2 0.125467 0.0789963 0.00366207
3 0.125544 0.084222 0.00343948
4 0.125544 0.0816017 0.00355952
5 0.125544 0.0793464 0.00362203
6 0.125544 0.0853374 0.00336997
7 0.125544 0.0874112 0.00330474
8 0.125581 0.0964401 0.00279077
9 0.1257 0.0951907 0.00287652
10 0.1257 0.0880038 0.00326198
11 0.12593 0.091812 0.00305521
12 0.12593 0.0903019 0.00316778
13 0.126057 0.0879495 0.0032227
14 0.126057 0.0847244 0.00339197
15 0.126057 0.0860561 0.00335685
16 0.127197 0.0891436 0.003234
17 0.127197 0.0905698 0.00314825
18 0.127334 0.0929959 0.00299737
19 0.127334 0.090148 0.0031275
20 0.127334 0.0931152 0.00297358
21 0.128371 0.0878881 0.00331021
22 0.128371 0.0952686 0.00287349
23 0.128457 0.0929478 0.00303412
24 0.128457 0.0940759 0.00293246
25 0.128457 0.0921826 0.00303001
26 0.128457 0.089511 0.00317302
27 0.128457 0.0907495 0.00314599
28 0.130245 0.0970082 0.00277772
29 0.130245 0.0932385 0.00302445
30 0.130245 0.0908504 0.00316817
31 0.130245 0.0896294 0.00323404
32 0.130245 0.0882222 0.00320282
33 0.131556 0.0959655 0.00275857
34 0.134216 0.0934672 0.00301361
35 0.134216 0.0942027 0.00292344
36 0.134216 0.0963754 0.00279097
37 0.135541 0.0979469 0.00265702
38 0.135541 0.0920964 0.00302889
39 0.135541 0.0919006 0.0029854
40 0.135541 0.0933725 0.00294695
41 0.135541 0.0941268 0.00280556
42 0.135541 0.100416 0.0025223
43 0.135541 0.0953078 0.00277629
44 0.135541 0.102148 0.00230975
45 0.135541 0.0949381 0.0028248
46 0.135541 0.103921 0.0022935
47 0.135541 0.100833 0.002463
48 0.135541 0.0926353 0.00294825
49 0.135541 0.0895811 0.00309552
50 0.13802 0.0987309 0.00258258
51 0.13802 0.0958582 0.00284937
52 0.13802 0.0987826 0.00259756
53 0.13802 0.100572 0.00244285
54 0.13802 0.0915121 0.00294448
55 0.13802 0.0936966 0.00287436
56 0.13802 0.096209 0.00277871
57 0.13802 0.0998315 0.00251541
58 0.13802 0.0990653 0.00260257
59 0.13802 0.102838 0.00234458
60 0.13802 0.0970151 0.00267222
61 0.13802 0.097565 0.0027323
62 0.13802 0.0989602 0.00264426
63 0.13802 0.0934484 0.00304092
64 0.13802 0.0883517 0.003214
65 0.13802 0.0877769 0.00325198
66 0.13802 0.0872071 0.0032686
67 0.13802 0.0913464 0.00319024
68 0.138468 0.0853269 0.00343597
69 0.138468 0.0845958 0.00345351
70 0.138468 0.0936795 0.00297586
71 0.140156 0.0916991 0.00305907
72 0.140156 0.100668 0.00255201
73 0.140156 0.0957242 0.00280096
74 0.224341 0.0989186 0.00278441
75 0.224341 0.0956946 0.00305572
76 0.224341 0.104656 0.0024967
77 0.224341 0.0953742 0.00303997
78 0.224341 0.0977185 0.00297028
79 0.224341 0.104637 0.00238284
80 0.224341 0.102907 0.00263714
81 0.224341 0.0935256 0.00319179
82 0.224341 0.105029 0.00254802
83 0.224341 0.097672 0.00300379
84 0.224341 0.0923592 0.00340179
85 0.224341 0.0944111 0.00326871
86 0.224341 0.0954637 0.00326371
87 0.224341 0.104852 0.00256709
88 0.224341 0.10149 0.00283614
89 0.224341 0.100014 0.00297934
90 0.29254 0.102127 0.0033355
91 0.29254 0.105042 0.00347806
92 0.29254 0.10751 0.00354699
93 0.29254 0.108981 0.00351151
94 0.29254 0.107018 0.00358831
95 0.29254 0.107096 0.00378174
96 0.329762 0.107228 0.00462842
97 0.329762 0.10663 0.00464406
98 0.35848 0.111277 0.00516194
99 0.375529 0.119962 0.00605004
100 0.375529 0.115351 0.00699451
101 0.375529 0.117746 0.0069652
102 0.375529 0.119599 0.00755088
103 0.375529 0.125648 0.00631577
104 0.529951 0.126548 0.00907058
104 0.489922 0.0388059 0.0116443
105 0.489922 0.0417786 0.0127604
106 0.489922 0.0380505 0.0118038
107 0.489922 0.0374875 0.0118161
108 0.489922 0.048112 0.0157626
109 0.489922 0.0389886 0.0137173
110 0.489922 0.0461702 0.0159062
111 0.489922 0.039346 0.0143543
112 0.503053 0.0571572 0.0198512
113 0.503053 0.0574566 0.0207002
114 0.503053 0.0490046 0.0187073
115 0.514538 0.0584549 0.0222445
116 0.553075 0.0640921 0.0240414
117 0.553075 0.0620957 0.0234657
118 0.553075 0.0629094 0.0228946
119 0.553075 0.0564414 0.0213551
120 0.553075 0.0679153 0.0249
121 0.553075 0.0553556 0.0223113
122 0.553075 0.0696163 0.025903
123 0.553075 0.0651299 0.0258041
124 0.553075 0.0805581 0.0294865
125 0.553075 0.0698205 0.0285536
126 0.553075 0.0620499 0.0252952
127 0.553075 0.0752065 0.0281577
128 0.553075 0.061034 0.025177
129 0.553075 0.0772788 0.0287475
130 0.564019 0.0872879 0.0330559
131 0.564019 0.0862114 0.033829
132 0.564019 0.0824527 0.0315882
133 0.564019 0.0795289 0.0291816
134 0.564019 0.0941404 0.0337359
135 0.564019 0.0859803 0.0324362
136 0.564019 0.0850474 0.0324247
137 0.56915 0.0976597 0.0352822
138 0.56915 0.0845551 0.0331767
139 0.56915 0.0685034 0.0297251
140 0.56915 0.0824597 0.0327779
141 0.56915 0.0803764 0.0312111
142 0.56915 0.0862765 0.0364962
143 0.56915 0.0889137 0.03568
144 0.56915 0.0759975 0.0301266
145 0.56915 0.0889569 0.0334377
146 0.56915 0.102652 0.0391616
147 0.56915 0.0805201 0.0323928
148 0.56915 0.0888902 0.0362927
149 0.56915 0.103705 0.0360061
150 0.56915 0.0858249 0.0346257
151 0.56915 0.105326 0.0396093
152 0.56915 0.0923783 0.036645
153 0.56915 0.077924 0.0319808
154 0.56915 0.100849 0.0400928
155 0.56915 0.0976273 0.038003
156 0.56915 0.0960706 0.0368199
157 0.572172 0.114521 0.0415852
158 0.572172 0.0980042 0.0374772
159 0.572172 0.100181 0.0365808
160 0.572172 0.0755105 0.0309487
161 0.572172 0.0918045 0.0347883
162 0.572172 0.0996111 0.0386269
163 0.584044 0.0976848 0.0387811
164 0.584044 0.103918 0.0376646
165 0.584044 0.0784076 0.0323593
166 0.584044 0.0942294 0.0358994
167 0.584044 0.101891 0.0379478
168 0.584044 0.0943187 0.034914
169 0.584044 0.0906949 0.0382419
170 0.584044 0.0850247 0.0344717
171 0.584044 0.119073 0.0458865
172 0.584044 0.109155 0.0385323
173 0.584044 0.115113 0.0393702
174 0.584044 0.100932 0.0341928
175 0.584044 0.110301 0.0397202
176 0.584044 0.098156 0.0353008
177 0.584044 0.130288 0.0406686
178 0.584044 0.104316 0.0355265
179 0.584044 0.110713 0.0380335
180 0.584044 0.109115 0.0402
181 0.584044 0.0901569 0.0331491
182 0.584044 0.0890019 0.0317678
183 0.584044 0.106081 0.0343142
184 0.584044 0.104338 0.0334076
185 0.584044 0.0998741 0.0356837
186 0.584044 0.102836 0.0343978
187 0.584044 0.114558 0.035082
188 0.584044 0.1065 0.0352741
189 0.584044 0.117104 0.0375244
190 0.584044 0.113694 0.0374453
191 0.584044 0.106288 0.0368265
192 0.584044 0.118885 0.0377796
193 0.584044 0.0999306 0.0338798
194 0.584044 0.125407 0.0406346
195 0.584044 0.102657 0.037493
196 0.584044 0.114771 0.0390323
197 0.584044 0.11926 0.0401286
198 0.584044 0.121758 0.0358815
199 0.584044 0.117387 0.0367528
200 0.584044 0.108314 0.0382008
201 0.584044 0.0899526 0.034184
202 0.584044 0.115434 0.0417469
203 0.584044 0.115659 0.0398466
204 0.584044 0.0953228 0.0347089
205 0.584044 0.100819 0.0333354
206 0.584044 0.114902 0.0389186
207 0.584044 0.110758 0.0367436
208 0.584044 0.111676 0.0381393
209 0.584044 0.111232 0.0367642
210 0.584044 0.109979 0.0383561
211 0.584044 0.0990815 0.0353414
212 0.584044 0.110295 0.0398233
213 0.584044 0.10869 0.0417213
214 0.584044 0.108758 0.0413712
215 0.584044 0.0946865 0.0346845
216 0.588441 0.116684 0.0417635
217 0.588441 0.112246 0.0389175
218 0.588441 0.109915 0.0396676
219 0.588441 0.0921691 0.034252
220 0.588441 0.098683 0.0360628
221 0.588441 0.111395 0.037565
222 0.588441 0.113401 0.0382042
223 0.588441 0.115614 0.0402425
224 0.588441 0.0936545 0.035078
225 0.588441 0.0992688 0.0344868
226 0.588441 0.116457 0.0419001
227 0.588441 0.113112 0.0395442
228 0.588441 0.105363 0.0360517
229 0.588441 0.117329 0.0390372
230 0.588441 0.0998281 0.0353016
231 0.588441 0.121885 0.0392717
232 0.588441 0.114037 0.0390692
233 0.58898 0.128559 0.042028
234 0.58898 0.109064 0.0411659
235 0.58898 0.119136 0.0399496
236 0.58898 0.115882 0.042219
237 0.58898 0.103238 0.0372599
238 0.58898 0.103305 0.0390865
239 0.58898 0.112205 0.0386522
240 0.58898 0.0971345 0.0339232
241 0.58898 0.10241 0.0360103
242 0.58898 0.103958 0.0368107
243 0.58898 0.114597 0.0386707
244 0.58898 0.1204 0.0424738
245 0.58898 0.108919 0.038826
246 0.58898 0.11474 0.0376053
247 0.58898 0.109811 0.0367593
248 0.58898 0.132692 0.0391867
249 0.58898 0.118447 0.0386397
250 0.58898 0.120845 0.0397537
251 0.58898 0.125357 0.0430948
252 0.58898 0.128248 0.0442529
253 0.590267 0.153489 0.0474802
254 0.590267 0.141219 0.044067
255 0.590267 0.155747 0.0435746
256 0.590267 0.131661 0.0401863
257 0.590267 0.15561 0.0449636
258 0.590267 0.149062 0.0477824
259 0.590267 0.135008 0.0433428
260 0.590267 0.127927 0.0396729
261 0.590267 0.121403 0.0416377
262 0.590267 0.11931 0.0429199
263 0.590267 0.121707 0.0406789
264 0.590267 0.128511 0.0417891
265 0.590267 0.100577 0.0404407
266 0.590267 0.111529 0.0419557
267 0.590267 0.114639 0.0427353
268 0.590267 0.122898 0.0407062
269 0.590267 0.111791 0.0408461
270 0.590267 0.126076 0.0449196
271 0.590267 0.137351 0.0434773
272 0.590267 0.149019 0.0478329
273 0.590267 0.142378 0.047092
274 0.590267 0.15699 0.0484122
275 0.590267 0.15197 0.0468677
276 0.590267 0.119713 0.0395242
277 0.590267 0.130298 0.0463183
278 0.590267 0.136606 0.0458774
279 0.590267 0.134306 0.0412437
280 0.590267 0.144003 0.0440303
281 0.590267 0.156373 0.0450729
282 0.590267 0.157535 0.0453934
283 0.590267 0.138026 0.0425075
284 0.590267 0.137143 0.03999
285 0.590267 0.138734 0.0419851
286 0.590267 0.132511 0.0414072
287 0.590267 0.133618 0.0450304
288 0.590267 0.13269 0.0402076
289 0.593505 0.159447 0.0474572
290 0.593505 0.144458 0.0470165
291 0.593505 0.137198 0.0453396
292 0.593505 0.142808 0.0476191
293 0.593505 0.146279 0.0489539
294 0.593505 0.126613 0.0426211
295 0.593505 0.111585 0.0420458
296 0.593505 0.135445 0.0443508
297 0.593505 0.136791 0.0437367
298 0.593505 0.140165 0.0483614
299 0.593505 0.15322 0.0482058
300 0.593505 0.133478 0.0424633
301 0.593505 0.127679 0.0395959
302 0.593505 0.114292 0.0381709
303 0.593505 0.12843 0.0419427
304 0.593505 0.102733 0.0395151
305 0.593505 0.12444 0.0438506
306 0.593505 0.100225 0.0408005
307 0.593505 0.10969 0.0435591
308 0.593505 0.136341 0.0479321
309 0.593505 0.127914 0.0418827
310 0.593505 0.145648 0.047173
311 0.593505 0.131209 0.0426827
312 0.593505 0.143252 0.0400035
313 0.593505 0.126369 0.0422308
314 0.593505 0.126526 0.0406443
315 0.593505 0.147403 0.0440083
316 0.593505 0.136469 0.039154
317 0.593505 0.134821 0.04419
318 0.593505 0.130877 0.0451348
319 0.593505 0.148665 0.0492027
320 0.593505 0.141047 0.0466254
321 0.593505 0.138944 0.0467318
322 0.593505 0.13122 0.0443155
323 0.593505 0.156601 0.0496814
324 0.593505 0.132904 0.042794
325 0.593505 0.145885 0.0456588
326 0.593505 0.153539 0.0474569
327 0.593505 0.141392 0.0477607
328 0.593505 0.132349 0.0458764
329 0.593505 0.134744 0.0464495
330 0.593505 0.118936 0.0441352
331 0.593505 0.121907 0.0415246
332 0.593505 0.143796 0.0435851
333 0.593505 0.156071 0.0449549
334 0.593505 0.143764 0.0437306
335 0.593505 0.169033 0.0500204
336 0.593505 0.166237 0.0475379
337 0.593505 0.13406 0.0432225
338 0.593505 0.157047 0.0466938
339 0.593505 0.124541 0.0423198
340 0.593505 0.131383 0.0442956
341 0.593505 0.117223 0.0435852
342 0.593505 0.136099 0.0431262
343 0.593505 0.120005 0.0397921
344 0.593505 0.121696 0.0447548
345 0.593505 0.109118 0.0417408
346 0.593505 0.121116 0.0430987
347 0.593505 0.154303 0.0511152
348 0.593505 0.110708 0.0411403
349 0.593505 0.126237 0.0411921
350 0.593505 0.139455 0.0495132
351 0.593505 0.145498 0.051089
352 0.593505 0.125895 0.0461243
353 0.593505 0.136058 0.0418639
354 0.593505 0.0976524 0.0351904
355 0.593505 0.144016 0.0436758
356 0.593505 0.136024 0.0391435
357 0.593505 0.151504 0.0465432
358 0.593505 0.137532 0.0432406
359 0.593505 0.137791 0.0439199
360 0.593505 0.131676 0.0414435
361 0.593505 0.128986 0.0433561
362 0.593505 0.138788 0.045533
363 0.593505 0.152879 0.0470286
364 0.593505 0.129642 0.0404765
365 0.593748 0.144026 0.0446442
366 0.593748 0.134952 0.0435382
367 0.593748 0.133317 0.0418142
368 0.593748 0.160371 0.0461638
369 0.593748 0.125457 0.04068
370 0.593748 0.136115 0.0469707
371 0.593748 0.137662 0.0465193
372 0.593748 0.14737 0.0440497
373 0.593748 0.164534 0.0488776
374 0.593748 0.162195 0.0474863
375 0.593748 0.157868 0.0420216
376 0.593748 0.148689 0.0429495
377 0.593748 0.148163 0.0434466
378 0.593748 0.158559 0.0410724
379 0.593748 0.16326 0.0444027
380 0.593748 0.15159 0.0419691
381 0.593748 0.150175 0.0421037
382 0.593748 0.144291 0.0410388
383 0.593748 0.131278 0.0432809
384 0.593748 0.12903 0.0423889
385 0.593748 0.154809 0.0454918
386 0.593748 0.153343 0.0450475
387 0.593748 0.132836 0.0406634
388 0.593748 0.142528 0.0434694
389 0.593748 0.143998 0.0430492
390 0.593748 0.153186 0.0432316
391 0.593748 0.146818 0.0432909
392 0.593748 0.140775 0.041103
393 0.593748 0.133441 0.0418928
394 0.593748 0.127159 0.045073
395 0.593748 0.132319 0.0452875
396 0.593748 0.117712 0.0409456
397 0.593748 0.12257 0.0433749
398 0.593748 0.131617 0.0411365
399 0.593748 0.144097 0.0448473
400 0.593748 0.119403 0.0406539
401 0.593748 0.120571 0.0439275
402 0.593748 0.116778 0.0462331
403 0.593748 0.0986262 0.0395592
404 0.593748 0.106546 0.0407845
405 0.593748 0.125863 0.0406194
406 0.593748 0.116177 0.0386143
407 0.593748 0.140792 0.0477314
408 0.593748 0.137575 0.0468638
409 0.593748 0.166395 0.048377
410 0.593748 0.121127 0.0414686
411 0.593748 0.131813 0.0445722
412 0.593748 0.135674 0.047608
413 0.593748 0.128289 0.0450422
414 0.593748 0.132743 0.0462262
415 0.593748 0.110313 0.0416564
416 0.593748 0.119501 0.0429766
417 0.593748 0.152975 0.0452417
418 0.593748 0.168274 0.0480842
419 0.593748 0.180808 0.0506664
420 0.593748 0.163199 0.0436235
421 0.593748 0.185895 0.046197
422 0.593748 0.171158 0.0429868
423 0.593748 0.165531 0.042122
424 0.593748 0.154546 0.0414775
425 0.593748 0.137379 0.0390818
426 0.593748 0.145409 0.0421337
427 0.593748 0.13598 0.0408202
428 0.593748 0.139857 0.0449849
429 0.593748 0.130027 0.0397869
430 0.593748 0.123344 0.0420722
431 0.593748 0.114537 0.0375766
432 0.593748 0.143328 0.0436638
433 0.593748 0.138087 0.0397511
434 0.593748 0.146096 0.04387
435 0.593748 0.165413 0.0427338
436 0.593748 0.183513 0.0461889
437 0.593748 0.16628 0.0416586
438 0.593748 0.145335 0.0410016
439 0.593748 0.151742 0.0475978
440 0.594357 0.149288 0.0428125
441 0.594357 0.139273 0.0428694
442 0.594357 0.13653 0.0414655
443 0.594357 0.16173 0.0476541
444 0.594357 0.142288 0.0451705
445 0.594357 0.170175 0.0463034
446 0.594357 0.138414 0.0437119
447 0.594357 0.156677 0.0471601
448 0.594357 0.163195 0.0492179
449 0.594357 0.153938 0.0477004
450 0.594357 0.164392 0.0449243
451 0.594357 0.164229 0.0494527
452 0.594357 0.158722 0.0456647
453 0.594357 0.152045 0.0442733
454 0.594357 0.151197 0.0447466
455 0.594357 0.158928 0.0452345
456 0.594357 0.155255 0.0446541
457 0.594357 0.131628 0.0366294
458 0.594357 0.140901 0.0386546
459 0.594357 0.139317 0.0398646
460 0.594357 0.134186 0.0411502
461 0.594357 0.163839 0.0464125
462 0.594357 0.144238 0.0418543
463 0.594357 0.131364 0.0419965
464 0.594357 0.139449 0.0426532
465 0.594357 0.136227 0.0385395
466 0.594357 0.136821 0.0425058
467 0.594357 0.115427 0.0400865
468 0.594357 0.146072 0.0420529
469 0.594357 0.156722 0.0438738
470 0.594357 0.149692 0.0431937
471 0.594357 0.133112 0.0426462
472 0.594357 0.126383 0.0414763
473 0.594357 0.152102 0.0480867
474 0.594357 0.143452 0.0463093
475 0.594357 0.143483 0.0473338
476 0.594357 0.151748 0.0461257
477 0.594357 0.156097 0.0469065
478 0.594357 0.14038 0.0448162
479 0.594357 0.132274 0.042899
480 0.594951 0.137144 0.0419415
481 0.594951 0.142907 0.0448576
482 0.594951 0.161962 0.0450433
483 0.594951 0.166588 0.0465599
484 0.594951 0.145677 0.0448199
485 0.594951 0.174877 0.0480984
486 0.594951 0.159803 0.0496602
487 0.594951 0.207477 0.0540833
488 0.594951 0.183172 0.0496675
489 0.594951 0.164382 0.0439104
490 0.594951 0.143997 0.0430054
491 0.594951 0.142865 0.0446129
492 0.594951 0.145603 0.0464376
493 0.594951 0.145761 0.0483043
494 0.595154 0.128946 0.0453524
495 0.595154 0.143676 0.0475471
496 0.595154 0.138211 0.0426594
497 0.595154 0.138039 0.0414236
498 0.595154 0.120081 0.0424761
499 0.595154 0.159223 0.0471337
500 0.596951 0.145772 0.0469971
501 0.596951 0.12371 0.0395517
502 0.596951 0.154982 0.048952
503 0.596951 0.129543 0.0430227
504 0.596951 0.135777 0.0489312
505 0.596951 0.147565 0.0458627
506 0.596951 0.156188 0.0484326
507 0.596951 0.161654 0.0462357
508 0.596951 0.155978 0.0478201
509 0.596951 0.150597 0.0459407
510 0.596951 0.130293 0.0408215
511 0.596951 0.16281 0.049427
512 0.596951 0.157242 0.0471884
513 0.596951 0.162937 0.0488253
514 0.596951 0.158355 0.0448848
515 0.596951 0.157608 0.0481859
516 0.596951 0.126546 0.0443135
517 0.596951 0.136038 0.0475129
518 0.596951 0.140316 0.0478339
519 0.596951 0.153004 0.0479521
520 0.596951 0.143894 0.0470079
521 0.596951 0.176194 0.0490419
522 0.596951 0.162307 0.047296
523 0.596951 0.144575 0.0448533
524 0.596951 0.156221 0.04517
525 0.596951 0.160937 0.0477926
526 0.596951 0.140055 0.0419818
527 0.596951 0.16003 0.0464391
528 0.596951 0.142621 0.0426641
529 0.596951 0.134032 0.0420074
530 0.596951 0.133167 0.0397699
531 0.596951 0.137475 0.0442494
532 0.596951 0.153582 0.0468402
533 0.596951 0.140536 0.0423553
534 0.596951 0.124934 0.0413227
535 0.596951 0.134419 0.0446731
536 0.596951 0.138653 0.0447289
537 0.596951 0.114741 0.0424073
538 0.596951 0.142535 0.0448834
539 0.596951 0.11161 0.0385176
540 0.596951 0.111009 0.0361301
541 0.596951 0.135984 0.0452425
542 0.596951 0.161896 0.0483441
543 0.596951 0.152563 0.0477003
544 0.596951 0.120267 0.0441084
545 0.596951 0.133767 0.0433163
546 0.596951 0.124944 0.043363
547 0.596951 0.133332 0.0425295
548 0.596951 0.144368 0.0471051
549 0.596951 0.161983 0.0486839
550 0.596951 0.166935 0.0476813
551 0.596951 0.166667 0.0474154
552 0.596951 0.140907 0.0459956
553 0.596951 0.154229 0.0475888
554 0.596951 0.147775 0.0461112
555 0.596951 0.134178 0.0437157
556 0.596951 0.146251 0.046349
557 0.596951 0.136433 0.0433647
558 0.596951 0.124342 0.0403208
559 0.596951 0.134824 0.0431621
560 0.596951 0.15136 0.0460819
561 0.596951 0.148736 0.0441239
562 0.596951 0.153505 0.0442198
563 0.596951 0.154388 0.0451207
564 0.596951 0.117947 0.0382486
565 0.596951 0.13156 0.0403462
566 0.596951 0.139077 0.0437129
567 0.596951 0.150419 0.0436083
568 0.596951 0.145221 0.0446325
569 0.596951 0.153304 0.0424097
570 0.596951 0.159419 0.0424444
571 0.596951 0.178637 0.048249
572 0.596951 0.151267 0.0472803
573 0.596951 0.144398 0.0448569
574 0.596951 0.153196 0.0464858
575 0.596951 0.152739 0.0494945
576 0.596951 0.15862 0.0429292
577 0.596951 0.153527 0.0430041
578 0.596951 0.132652 0.0409214
579 0.596951 0.151707 0.0454301
580 0.596951 0.156382 0.0491445
581 0.596951 0.14639 0.0472286
582 0.596951 0.128209 0.0433775
583 0.596951 0.10374 0.0379381
584 0.596951 0.109815 0.0399402
585 0.596951 0.112815 0.0429651
586 0.596951 0.124457 0.0421209
587 0.596951 0.127066 0.0412043
588 0.596951 0.140922 0.0441015
589 0.596951 0.144343 0.0454881
590 0.596951 0.142657 0.0426031
591 0.596951 0.141569 0.0419771
592 0.596951 0.127731 0.0414638
593 0.596951 0.121192 0.0407506
594 0.596951 0.109333 0.0393805
595 0.596951 0.115927 0.0406662
596 0.596951 0.116002 0.0393788
597 0.596951 0.137422 0.0443595
598 0.596951 0.124899 0.0440847
599 0.596951 0.118791 0.0408088
600 0.596951 0.111374 0.0423887
601 0.596951 0.112617 0.0421395
602 0.596951 0.125835 0.0426204
603 0.596951 0.135179 0.045665
604 0.596951 0.122071 0.042967
605 0.596951 0.117417 0.0391549
606 0.596951 0.136472 0.0408592
607 0.596951 0.135379 0.0397102
608 0.596951 0.134483 0.0439986
609 0.596951 0.139094 0.047863
610 0.596951 0.135878 0.0476052
611 0.596951 0.13109 0.0444534
612 0.596951 0.122505 0.0422257
613 0.596951 0.137874 0.0441632
614 0.596951 0.114634 0.0378172
615 0.596951 0.142039 0.042192
616 0.596951 0.144236 0.0475197
617 0.596951 0.120717 0.0404862
618 0.596951 0.115506 0.0397625
619 0.596951 0.126256 0.0412888
620 0.596951 0.126467 0.0440607
621 0.596951 0.129422 0.0466068
622 0.596951 0.11998 0.046217
623 0.596951 0.126726 0.0487134
624 0.596951 0.124423 0.0408762
625 0.596951 0.120295 0.041483
626 0.596951 0.146078 0.0488111
627 0.596951 0.134046 0.0445283
628 0.596951 0.123403 0.0387525
629 0.596951 0.120186 0.0390242
630 0.596951 0.132487 0.0398724
631 0.596951 0.123817 0.0401632
632 0.596951 0.128385 0.0429897
633 0.596951 0.154944 0.0463012
634 0.596951 0.111953 0.0399218
635 0.596951 0.110965 0.0406495
636 0.596951 0.127172 0.0434959
637 0.596951 0.121908 0.0427532
638 0.596951 0.141011 0.0497768
639 0.596951 0.131624 0.0452947
640 0.596951 0.121258 0.0421274
641 0.596951 0.130337 0.0458675
642 0.596951 0.0965959 0.0395557
643 0.596951 0.11257 0.0437092
644 0.596951 0.122826 0.0456588
645 0.596951 0.130611 0.0423694
646 0.596951 0.142468 0.0444748
647 0.596951 0.159298 0.0479693
648 0.596951 0.162222 0.0514453
649 0.596951 0.155106 0.0473966
650 0.596951 0.132984 0.0436935
651 0.596951 0.153453 0.0465699
652 0.596951 0.129892 0.0401363
653 0.596951 0.136754 0.0437019
654 0.596951 0.167517 0.0490885
655 0.596951 0.143183 0.0425993
656 0.596951 0.147114 0.0446386
657 0.596951 0.166347 0.0467458
658 0.596951 0.139509 0.0468373
659 0.596951 0.161294 0.0481338
660 0.596951 0.142502 0.0469232
661 0.596951 0.137929 0.0453813
662 0.596951 0.158789 0.0463521
663 0.596951 0.137804 0.0428413
664 0.596951 0.148965 0.0494732
665 0.596951 0.138935 0.0438365
666 0.596951 0.172465 0.0484499
667 0.596951 0.167533 0.0465916
668 0.596951 0.137481 0.0471457
669 0.596951 0.131897 0.0441166
670 0.596951 0.139303 0.0431777
671 0.596951 0.160294 0.0470144
672 0.596951 0.154148 0.0425188
673 0.596951 0.15816 0.0484129
674 0.596951 0.148388 0.0441118
675 0.596951 0.14136 0.0405738
676 0.596951 0.146203 0.0486142
677 0.596951 0.123757 0.0440587
678 0.596951 0.146277 0.0439634
679 0.596951 0.152136 0.0456594
680 0.596951 0.132298 0.0419598
681 0.596951 0.138577 0.0448576
682 0.596951 0.122147 0.044404
683 0.596951 0.131536 0.0432839
684 0.596951 0.146624 0.0474687
685 0.596951 0.155599 0.0453593
686 0.596951 0.143344 0.0475856
687 0.596951 0.134593 0.0440317
688 0.596951 0.129992 0.0444536
689 0.596951 0.142752 0.0411543
690 0.596951 0.132001 0.0457644
691 0.596951 0.122518 0.0422331
692 0.596951 0.123003 0.0428618
693 0.596951 0.119462 0.0447905
694 0.596951 0.133791 0.0454006
695 0.596951 0.119541 0.0407715
696 0.596951 0.105866 0.0373755
697 0.596951 0.130189 0.0434695
698 0.596951 0.133845 0.0475275
699 0.596951 0.107459 0.0392731
700 0.596951 0.115113 0.0417037
701 0.596951 0.130351 0.0449713
702 0.596951 0.127266 0.0418304
703 0.596951 0.128212 0.044305
704 0.596951 0.1376 0.0457377
705 0.596951 0.143607 0.0443445
706 0.596951 0.131894 0.0421896
707 0.596951 0.144453 0.0438123
708 0.596951 0.154771 0.0471545
709 0.596951 0.130979 0.0408968
710 0.596951 0.147101 0.0467617
711 0.596951 0.126819 0.042753
712 0.596951 0.139442 0.0461272
713 0.596951 0.11675 0.0414747
714 0.596951 0.137186 0.042552
715 0.596951 0.121636 0.0445825
716 0.596951 0.122161 0.0406581
717 0.596951 0.128479 0.0433691
718 0.596951 0.14088 0.0460109
719 0.596951 0.124151 0.0466497
720 0.596951 0.126481 0.0437423
721 0.596951 0.132987 0.048537
722 0.596951 0.121667 0.0385245
723 0.596951 0.124407 0.0429067
724 0.596951 0.130261 0.044283
725 0.596951 0.130096 0.0465051
726 0.596951 0.122551 0.0393629
727 0.596951 0.140577 0.0444008
728 0.596951 0.148426 0.0444843
729 0.596951 0.120779 0.0395195
730 0.596951 0.162674 0.0498631
731 0.596951 0.140912 0.0449985
732 0.596951 0.145192 0.0465435
733 0.596951 0.129392 0.0400634
734 0.596951 0.151673 0.0471371
735 0.596951 0.139497 0.0441675
736 0.596951 0.150155 0.0447743
737 0.596951 0.142516 0.0430048
738 0.596951 0.148478 0.045113
739 0.596951 0.145971 0.0469301
740 0.596951 0.157045 0.04717
741 0.596951 0.138934 0.0446189
742 0.596951 0.147904 0.0491256
743 0.596951 0.130105 0.0431871
744 0.596951 0.114363 0.0412647
745 0.596951 0.143087 0.0439393
746 0.596951 0.137318 0.0463491
747 0.596951 0.152838 0.0484711
748 0.596951 0.153276 0.0484835
749 0.596951 0.144202 0.0444091
750 0.596951 0.126384 0.0410901
751 0.596951 0.146524 0.0453014
752 0.596951 0.16673 0.0458556
753 0.596951 0.136447 0.0414474
754 0.596951 0.141515 0.0463155
755 0.596951 0.132808 0.0429243
756 0.596951 0.12782 0.0440669
757 0.596951 0.129578 0.043745
758 0.596951 0.10725 0.0387374
759 0.596951 0.129702 0.0420125
760 0.596951 0.132794 0.045624
761 0.596951 0.175903 0.0495571
762 0.596951 0.143415 0.0424464
763 0.596951 0.145343 0.0442337
764 0.596951 0.165741 0.0496672
765 0.596951 0.142678 0.0456158
766 0.596951 0.133005 0.0459024
767 0.596951 0.133183 0.046382
768 0.596951 0.141376 0.0465323
769 0.596951 0.135545 0.0455762
770 0.596951 0.146809 0.0456153
771 0.596951 0.149066 0.0459151
772 0.596951 0.169328 0.0492301
773 0.596951 0.168748 0.0458049
774 0.596951 0.13682 0.0399003
775 0.596951 0.153737 0.0460836
776 0.596951 0.146077 0.0505492
777 0.596951 0.141437 0.0481342
778 0.596951 0.160917 0.0519738
779 0.596951 0.133939 0.0429352
780 0.596951 0.1323 0.0438698
781 0.596951 0.118266 0.0396766
782 0.596951 0.117821 0.0398849
783 0.596951 0.136423 0.0427658
784 0.596951 0.124074 0.0425583
785 0.596951 0.136112 0.041912
786 0.596951 0.150633 0.0497876
787 0.596951 0.134936 0.0442478
788 0.596951 0.113343 0.0365591
789 0.596951 0.139407 0.0453302
790 0.596951 0.135825 0.0414784
791 0.596951 0.145858 0.0410695
792 0.596951 0.15438 0.0463238
793 0.596951 0.164762 0.0482732
794 0.596951 0.157027 0.0458173
795 0.596951 0.180367 0.0468759
796 0.596951 0.140742 0.0433089
797 0.596951 0.13949 0.0460405
798 0.596951 0.143407 0.0477186
799 0.596951 0.117814 0.0391031
800 0.596951 0.134523 0.0430763
801 0.596951 0.124372 0.0450352
802 0.596951 0.123443 0.0424518
803 0.596951 0.123257 0.040537
804 0.596951 0.133258 0.0470147
805 0.596951 0.104365 0.0399596
806 0.596951 0.107139 0.0393481
807 0.596951 0.129616 0.0457754
808 0.596951 0.113475 0.0408167
809 0.596951 0.10527 0.0418874
810 0.596951 0.11247 0.0414769
811 0.596951 0.127966 0.0476016
812 0.596951 0.144477 0.0500895
813 0.596951 0.102649 0.03858
814 0.596951 0.140211 0.0503301
815 0.596951 0.131778 0.0449913
816 0.596951 0.141072 0.0477304
817 0.596951 0.124126 0.0457632
818 0.596951 0.130421 0.0437659
819 0.596951 0.136264 0.041915
820 0.596951 0.141945 0.0418445
821 0.596951 0.127673 0.042685
822 0.596951 0.154633 0.0488133
823 0.596951 0.147344 0.0441034
824 0.596951 0.140501 0.0443983
825 0.596951 0.152723 0.0462015
826 0.596951 0.140125 0.0476123
827 0.597254 0.151527 0.0492363
828 0.597254 0.154994 0.0471813
829 0.597254 0.144154 0.045294
830 0.597254 0.164765 0.0446347
831 0.597254 0.164174 0.0477133
832 0.597254 0.170839 0.0487427
833 0.597254 0.143771 0.0455505
834 0.597254 0.148253 0.047498
835 0.597254 0.143842 0.0462308
836 0.597254 0.148694 0.0457851
837 0.597254 0.133055 0.0475751
838 0.597446 0.158096 0.0527277
839 0.597446 0.144764 0.0465896
840 0.597446 0.123888 0.0447413
841 0.597446 0.133424 0.0498753
842 0.597446 0.132734 0.0479555
843 0.597446 0.135099 0.0480296
844 0.597446 0.150208 0.0487978
845 0.597446 0.14096 0.0513511
846 0.597446 0.145537 0.0500755
847 0.597446 0.161823 0.0532807
848 0.597446 0.150352 0.052498
849 0.598595 0.117515 0.0457026
850 0.598595 0.109461 0.0440973
851 0.598595 0.133087 0.0489069
852 0.598595 0.168045 0.0544416
853 0.598595 0.167727 0.0559859
854 0.598595 0.175105 0.0577214
855 0.598595 0.149669 0.0471325
856 0.598595 0.141351 0.0452745
857 0.598595 0.130639 0.0481312
858 0.598595 0.122454 0.0469332
859 0.598595 0.14741 0.0545296
860 0.598595 0.145215 0.0551518
861 0.598595 0.145169 0.0499157
862 0.598595 0.154014 0.049903
863 0.598595 0.172603 0.0510302
864 0.598595 0.172824 0.0532739
865 0.598595 0.13981 0.049321
866 0.598595 0.192264 0.0547768
867 0.598595 0.159463 0.0452082
868 0.598595 0.166887 0.0516546
869 0.598595 0.158033 0.0518031
870 0.598595 0.149067 0.0490133
871 0.598595 0.162472 0.0547125
872 0.598595 0.14585 0.0465094
873 0.598595 0.131725 0.0469647
874 0.598595 0.152092 0.0483474
875 0.598595 0.136423 0.0443275
876 0.598595 0.158767 0.0512606
877 0.598595 0.157141 0.0503851
878 0.598595 0.147441 0.0479354
879 0.598595 0.134684 0.04521
880 0.598595 0.138621 0.0466298
881 0.598595 0.160622 0.0489184
882 0.598595 0.158203 0.0465359
883 0.598595 0.175469 0.0489926
884 0.598595 0.152595 0.0468291
885 0.598595 0.158256 0.0486983
886 0.598595 0.16421 0.0493848
887 0.598595 0.163052 0.0478058
888 0.598595 0.158687 0.0447368
889 0.598595 0.185094 0.0470251
890 0.598595 0.152167 0.0463218
891 0.598595 0.167293 0.048444
892 0.598595 0.194767 0.0559748
893 0.598595 0.17115 0.054015
894 0.598595 0.156648 0.0532352
895 0.598595 0.166506 0.0525485
896 0.598595 0.15414 0.0493799
897 0.598595 0.152798 0.0470439
898 0.598595 0.139865 0.0440577
899 0.598595 0.14498 0.0477708
900 0.598595 0.153719 0.0490878
901 0.598595 0.165691 0.054057
902 0.598595 0.155104 0.0554401
903 0.598595 0.161909 0.0518151
904 0.598595 0.173917 0.0486282
905 0.598595 0.156573 0.0520646
906 0.598595 0.158016 0.0500408
907 0.598595 0.152907 0.04992
908 0.598595 0.12676 0.0458259
909 0.598595 0.165134 0.0536955
910 0.598595 0.156784 0.0541077
911 0.598595 0.142441 0.0537051
912 0.598595 0.146572 0.0476839
913 0.598595 0.153033 0.0493452
914 0.598595 0.144474 0.0439298
915 0.598595 0.161187 0.0465007
916 0.598595 0.193942 0.0556292
917 0.598595 0.179211 0.0539715
918 0.598595 0.16232 0.0498901
919 0.598595 0.156693 0.0466573
920 0.598595 0.155506 0.0509593
921 0.598595 0.147997 0.0461292
922 0.598595 0.152719 0.0494884
923 0.598595 0.149839 0.0461019
924 0.598595 0.151519 0.0484432
925 0.598595 0.171747 0.0523496
926 0.598595 0.155989 0.0473945
927 0.598595 0.154015 0.0485797
928 0.598595 0.171329 0.0521421
929 0.598595 0.181574 0.0526671
930 0.598595 0.159908 0.0483221
931 0.598595 0.142104 0.0476273
932 0.598595 0.161227 0.049249
933 0.598595 0.152934 0.0510015
934 0.598595 0.152752 0.0501755
935 0.598595 0.146466 0.0507291
936 0.598595 0.157981 0.0503368
937 0.598595 0.15789 0.053116
938 0.598595 0.17197 0.0538297
939 0.598595 0.154936 0.0522523
940 0.598595 0.167493 0.0531274
941 0.598595 0.137823 0.0474531
942 0.598595 0.143485 0.0472081
943 0.598595 0.14625 0.0485405
944 0.598595 0.151773 0.0522626
945 0.598595 0.156371 0.0516085
946 0.598595 0.155561 0.0489432
947 0.598595 0.162338 0.0507794
948 0.598595 0.139853 0.0497699
949 0.598595 0.128806 0.0483318
950 0.598595 0.151327 0.0512251
951 0.598595 0.13793 0.0475743
952 0.598595 0.11612 0.0433679
953 0.598595 0.141232 0.050052
954 0.598595 0.152195 0.0505872
955 0.598595 0.126467 0.0470275
956 0.598595 0.137185 0.0535447
957 0.598595 0.13269 0.0504685
958 0.598595 0.136502 0.0510644
959 0.598732 0.149574 0.0513148
960 0.598732 0.134399 0.0474197
961 0.598732 0.172498 0.0568106
962 0.598732 0.181944 0.0576219
963 0.598732 0.184986 0.0569786
964 0.598732 0.139401 0.0481348
965 0.598732 0.138709 0.0483882
966 0.598732 0.134921 0.0481511
967 0.598732 0.141193 0.0527371
968 0.598732 0.147149 0.0499919
969 0.598732 0.131222 0.0473951
970 0.598732 0.137948 0.0488995
971 0.598732 0.131855 0.0452067
972 0.598732 0.138664 0.050736
973 0.598732 0.104721 0.0419222
974 0.598732 0.112624 0.0434362
975 0.598732 0.102707 0.0404856
976 0.598732 0.123988 0.0476344
977 0.598732 0.134817 0.0487032
978 0.598732 0.124528 0.0427468
979 0.598732 0.158002 0.0486499
980 0.598732 0.164088 0.0550534
981 0.598732 0.157066 0.0515476
982 0.598732 0.125871 0.0469746
983 0.598764 0.141123 0.0504489
984 0.598764 0.129507 0.0477143
985 0.598764 0.140911 0.0508591
986 0.598764 0.144848 0.0489503
987 0.600689 0.123221 0.0460702
988 0.600689 0.139156 0.0508138
989 0.600689 0.156461 0.0514087
990 0.600689 0.172003 0.0524455
991 0.600689 0.155767 0.0520983
992 0.600689 0.168025 0.052402
993 0.600689 0.146819 0.0496124
994 0.600689 0.147079 0.0497263
995 0.600689 0.132818 0.0454475
996 0.600689 0.150791 0.0485996
997 0.600689 0.154179 0.0482169
998 0.600689 0.162446 0.0474357
999 0.600689 0.144663 0.0454944
1000 0.600689 0.157533 0.0488097
