0 0.125254 0.0692574 0.00386465
1 0.125275 0.080419 0.00360071
2 0.125275 0.083724 0.00347034
3 0.125275 0.0827743 0.003522
4 0.125275 0.0780252 0.00367145
5 0.125275 0.082612 0.00354725
6 0.125275 0.090192 0.00317583
7 0.125275 0.088984 0.00323754
8 0.125275 0.0952298 0.00286583
9 0.125276 0.100149 0.00252867
10 0.125276 0.100154 0.00252543
11 0.125276 0.103929 0.00222603
12 0.125276 0.102673 0.00232719
13 0.125277 0.105137 0.00212564
14 0.125277 0.0988722 0.00262337
15 0.125277 0.0964275 0.00279198
16 0.125277 0.0989397 0.00261357
17 0.125277 0.108887 0.00178932
18 0.125277 0.108879 0.00178916
19 0.125277 0.107685 0.00189465
20 0.125277 0.108872 0.00178901
21 0.125278 0.105127 0.00212626
22 0.125278 0.111401 0.00154934
23 0.125278 0.113887 0.00129574
24 0.125278 0.112637 0.00142393
25 0.125278 0.110147 0.00167112
26 0.125278 0.115142 0.00116449
27 0.125278 0.115146 0.00116457
28 0.125278 0.113892 0.00129585
29 0.125278 0.113893 0.00129586
30 0.125278 0.117638 0.000892252
31 0.125278 0.116395 0.00103003
32 0.125278 0.118896 0.000751531
33 0.125278 0.117642 0.000892313
34 0.125278 0.118896 0.000751538
35 0.125278 0.113903 0.00129609
36 0.125278 0.115148 0.00116462
37 0.125278 0.116411 0.00103032
38 0.125278 0.118896 0.000751534
39 0.125278 0.122654 0.000310128
40 0.125278 0.120147 0.000607556
41 0.125278 0.121407 0.000460474
42 0.125278 0.12141 0.000460501
43 0.125278 0.120143 0.000607514
44 0.125278 0.121404 0.000460457
45 0.125278 0.121401 0.000460433
46 0.125278 0.121378 0.000460258
47 0.125278 0.122647 0.000310093
48 0.125278 0.121403 0.000460449
49 0.125278 0.122643 0.000310074
50 0.125278 0.122642 0.00031007
51 0.125278 0.121401 0.000460434
52 0.125278 0.12264 0.000310059
53 0.125278 0.122674 0.000310228
54 0.125278 0.123905 0.000156649
55 0.125278 0.118905 0.000751648
56 0.125278 0.11765 0.000892434
57 0.125278 0.118892 0.000751488
58 0.125278 0.12265 0.000310109
59 0.125278 0.122663 0.000310176
60 0.125278 0.122653 0.000310122
61 0.125278 0.123896 0.000156626
62 0.125278 0.125161 7.20301e-09
63 0.125278 0.123901 0.000156639
64 0.125278 0.125145 6.42954e-09
65 0.125278 0.123903 0.000156644
66 0.125278 0.12139 0.000460352
67 0.125278 0.121404 0.000460456
68 0.125278 0.122645 0.000310084
69 0.125278 0.122659 0.000310155
70 0.125278 0.122654 0.000310128
71 0.125278 0.122643 0.000310075
72 0.125278 0.123909 0.000156659
73 0.125278 0.12266 0.00031016
74 0.125278 0.125147 6.4812e-09
75 0.125278 0.123897 0.000156627
76 0.125278 0.122653 0.000310124
77 0.125278 0.123891 0.000156613
78 0.125278 0.125154 7.50846e-09
79 0.125278 0.122655 0.000310135
80 0.125278 0.122655 0.000310133
81 0.125278 0.121407 0.00046048
82 0.125278 0.121393 0.000460374
83 0.125278 0.122633 0.000310021
84 0.125278 0.125141 7.33741e-09
85 0.125278 0.125151 7.14854e-09
86 0.125278 0.125167 6.95169e-09
87 0.125278 0.125165 6.12811e-09
88 0.125278 0.123898 0.000156631
89 0.125278 0.12266 0.00031016
90 0.125278 0.122657 0.000310145
91 0.125278 0.121404 0.000460433
92 0.125278 0.122658 0.000310147
93 0.125278 0.123898 0.00015663
94 0.125278 0.123897 0.000156628
95 0.125278 0.123897 0.000156627
96 0.125278 0.123913 0.000156669
97 0.125278 0.125167 6.63636e-09
98 0.125278 0.123908 0.000156657
99 0.125278 0.12516 6.46526e-09
100 0.125278 0.122645 0.000310084
101 0.125278 0.120139 0.00060747
102 0.125278 0.120139 0.00060748
103 0.125278 0.121408 0.000458024
104 0.125278 0.123925 0.000154136
105 0.125278 0.12391 0.000156338
106 0.125278 0.122652 0.000310121
107 0.125278 0.1239 0.000156636
108 0.125278 0.121861 0.000368098
109 0.125278 0.122664 0.000310177
110 0.125278 0.123917 0.000156678
111 0.125278 0.123903 0.000156643
112 0.125278 0.123913 0.00015667
113 0.125278 0.123907 0.000156654
114 0.125278 0.123915 0.000156673
115 0.125278 0.123899 0.000156634
116 0.125278 0.123893 0.000156621
117 0.125278 0.123903 0.000156646
118 0.125278 0.123911 0.000156663
119 0.125278 0.123908 0.000156658
120 0.125278 0.125153 8.56719e-09
121 0.125278 0.125149 7.76886e-09
122 0.125278 0.125167 7.27285e-09
123 0.125278 0.123898 0.000156632
124 0.125278 0.121402 0.00046044
125 0.125278 0.121417 0.000460551
126 0.125278 0.120157 0.000607655
127 0.125278 0.122662 0.000310168
128 0.125278 0.122653 0.000310126
129 0.125278 0.125157 7.52033e-09
130 0.125278 0.125146 7.35941e-09
131 0.125278 0.125139 7.61325e-09
132 0.125278 0.125154 7.01936e-09
133 0.125278 0.125146 7.0417e-09
134 0.125278 0.125155 8.22917e-09
135 0.125278 0.12515 7.71119e-09
136 0.125278 0.125145 6.58036e-09
137 0.125278 0.125156 8.12978e-09
138 0.125278 0.125163 7.10803e-09
139 0.125278 0.1239 0.000156636
140 0.125278 0.12389 0.000156611
141 0.125278 0.121408 0.000460482
142 0.125278 0.123897 0.000156629
143 0.125278 0.125158 7.18754e-09
144 0.125278 0.1239 0.000156637
145 0.125278 0.122656 0.000310137
146 0.125278 0.122661 0.000310164
147 0.125278 0.121399 0.000460416
148 0.125278 0.122646 0.00031009
149 0.125278 0.123906 0.000156652
150 0.125278 0.123904 0.000156648
151 0.125278 0.122652 0.000310121
152 0.125278 0.125144 7.59314e-09
153 0.125278 0.125162 7.33808e-09
154 0.125278 0.125156 7.54789e-09
155 0.125278 0.125147 7.35011e-09
156 0.125278 0.125154 7.45283e-09
157 0.125278 0.125163 6.4085e-09
158 0.125278 0.125158 7.63263e-09
159 0.125278 0.125156 7.1933e-09
160 0.125278 0.123903 0.000156644
161 0.125278 0.123899 0.000156634
162 0.125278 0.125156 8.45983e-09
163 0.125278 0.125159 7.57536e-09
164 0.125278 0.125162 6.78626e-09
165 0.125278 0.123913 0.00015667
166 0.125278 0.123904 0.000156646
167 0.125278 0.125155 8.43477e-09
168 0.125278 0.125156 7.46705e-09
169 0.125278 0.12517 7.12404e-09
170 0.125278 0.125159 8.06102e-09
171 0.125278 0.125145 8.20111e-09
172 0.125278 0.123887 0.000156604
173 0.125278 0.12139 0.000460347
174 0.125278 0.1239 0.000156637
175 0.125278 0.12515 6.53323e-09
176 0.125278 0.125152 7.18948e-09
177 0.125278 0.125151 6.56085e-09
178 0.125278 0.123911 0.000156665
179 0.125278 0.121407 0.000460474
180 0.125278 0.123905 0.000156647
181 0.125278 0.123899 0.000156634
182 0.125278 0.125168 6.49701e-09
183 0.125278 0.125161 6.88002e-09
184 0.125278 0.123908 0.000156657
185 0.125278 0.123911 0.000156666
186 0.125278 0.122634 0.000310025
187 0.125278 0.121409 0.000460495
188 0.125278 0.123899 0.000156633
189 0.125278 0.1214 0.000460425
190 0.125278 0.122644 0.000310081
191 0.125278 0.120141 0.000607497
192 0.125278 0.117642 0.000892319
193 0.125278 0.117638 0.000892257
194 0.125278 0.118899 0.000751574
195 0.125278 0.121402 0.000460444
196 0.125278 0.121408 0.000460485
197 0.125278 0.123904 0.000156646
198 0.125279 0.125167 7.68015e-09
199 0.125279 0.125154 6.75903e-09
200 0.125279 0.123899 0.000156634
201 0.125279 0.123901 0.000156638
202 0.125279 0.12516 7.43362e-09
203 0.125279 0.125158 7.92906e-09
204 0.125279 0.123911 0.000156663
205 0.125279 0.12389 0.000156612
206 0.125279 0.125161 7.03875e-09
207 0.125279 0.125154 7.33197e-09
208 0.125279 0.125149 6.99989e-09
209 0.125279 0.125164 7.07761e-09
210 0.125279 0.123905 0.00015665
211 0.125279 0.125165 6.47519e-09
212 0.125279 0.123901 0.000156638
213 0.125279 0.123908 0.000156656
214 0.125279 0.125152 7.73426e-09
215 0.125279 0.125155 6.88317e-09
216 0.125279 0.123898 0.000156632
217 0.125279 0.125166 7.15613e-09
218 0.125279 0.123909 0.00015666
219 0.125279 0.125166 6.67021e-09
220 0.125279 0.125164 6.82706e-09
221 0.125279 0.121406 0.000460468
222 0.125279 0.121396 0.000460391
223 0.125279 0.120141 0.000607495
224 0.125279 0.12014 0.000607483
225 0.125279 0.122642 0.000310066
226 0.125279 0.121405 0.000460461
227 0.125279 0.122653 0.000310124
228 0.125279 0.121406 0.000460473
229 0.125279 0.122657 0.000310143
230 0.125279 0.125155 6.71983e-09
231 0.125279 0.125152 8.13561e-09
232 0.125279 0.125149 7.81452e-09
233 0.125279 0.125149 7.06437e-09
234 0.125279 0.125147 7.11352e-09
235 0.125279 0.123885 0.000156599
236 0.125279 0.123901 0.000156639
237 0.125279 0.123898 0.00015663
238 0.125279 0.12139 0.000460349
239 0.125279 0.123894 0.000156621
240 0.125279 0.121315 0.000460804
241 0.125279 0.121398 0.000460412
242 0.125279 0.121393 0.000460373
243 0.125279 0.121408 0.000460482
244 0.125279 0.121402 0.000460439
245 0.125279 0.12514 6.8664e-09
246 0.125279 0.125151 6.40449e-09
247 0.125279 0.123904 0.000156645
248 0.125279 0.1239 0.000156636
249 0.125279 0.123911 0.000156663
250 0.125279 0.122637 0.000310046
251 0.125279 0.12264 0.000310057
252 0.125279 0.12392 0.000156686
253 0.125279 0.123915 0.000156672
254 0.125279 0.122641 0.000310064
255 0.125279 0.121403 0.000460452
256 0.125279 0.123897 0.00015663
257 0.125279 0.123904 0.000156645
258 0.125279 0.123906 0.000156652
259 0.125279 0.123896 0.000156627
260 0.125279 0.125155 6.76998e-09
261 0.125279 0.125149 6.91941e-09
262 0.125279 0.125161 6.71316e-09
263 0.125279 0.123897 0.000156627
264 0.125279 0.121394 0.00046038
265 0.125279 0.123906 0.00015665
266 0.125279 0.122661 0.000310163
267 0.125279 0.123907 0.000156655
268 0.125279 0.123899 0.000156634
269 0.125279 0.123892 0.000156615
270 0.125279 0.123894 0.000156621
271 0.125279 0.123911 0.000156663
272 0.125279 0.125167 6.2962e-09
273 0.125279 0.12517 7.16144e-09
274 0.125279 0.125157 7.93817e-09
275 0.125279 0.125151 7.59493e-09
276 0.125279 0.125155 6.58247e-09
277 0.125279 0.125162 7.54509e-09
278 0.125279 0.125154 7.78155e-09
279 0.125279 0.12516 6.24128e-09
280 0.125279 0.12516 7.24552e-09
281 0.125279 0.125163 6.91184e-09
282 0.125279 0.125139 8.04962e-09
283 0.125279 0.125161 7.66364e-09
284 0.125279 0.122659 0.000310155
285 0.125279 0.121403 0.000460448
286 0.125279 0.122655 0.000310136
287 0.125279 0.123905 0.000156649
288 0.125279 0.123915 0.000156673
289 0.125279 0.122644 0.000310081
290 0.125279 0.121412 0.0004605
291 0.125279 0.122652 0.000310063
292 0.125279 0.122655 0.000310135
293 0.125279 0.123905 0.000156649
294 0.125279 0.123888 0.000156607
295 0.125279 0.121391 0.000460353
296 0.125279 0.122662 0.000310171
297 0.125279 0.121401 0.000460429
298 0.125279 0.120141 0.000607497
299 0.125279 0.120156 0.000607643
300 0.125279 0.12141 0.000460497
301 0.125279 0.122658 0.000310149
302 0.125279 0.122654 0.000310129
303 0.125279 0.121413 0.000460524
304 0.125279 0.121406 0.000460467
305 0.125279 0.122641 0.000310063
306 0.125279 0.123909 0.000156657
307 0.125279 0.122652 0.000310117
308 0.125279 0.122658 0.000310148
309 0.125279 0.120166 0.000607745
310 0.125279 0.118887 0.000751422
311 0.125279 0.122647 0.000310096
312 0.125279 0.121409 0.000460492
313 0.125279 0.120155 0.00060763
314 0.125279 0.123913 0.000156668
315 0.125279 0.125165 7.13018e-09
316 0.125279 0.123909 0.000156659
317 0.125279 0.125156 7.60463e-09
318 0.125279 0.123901 0.00015664
319 0.125279 0.125157 7.44e-09
320 0.125279 0.125149 7.46894e-09
321 0.125279 0.125159 8.11294e-09
322 0.125279 0.125159 6.52859e-09
323 0.125279 0.122662 0.000310169
324 0.125279 0.123909 0.00015666
325 0.125279 0.125154 7.21719e-09
326 0.125279 0.125168 7.47017e-09
327 0.125279 0.125164 7.8248e-09
328 0.125279 0.123908 0.000156657
329 0.125279 0.12265 0.000310106
330 0.125279 0.125154 6.86638e-09
331 0.125279 0.125147 7.44755e-09
332 0.125279 0.125131 8.08324e-09
333 0.125279 0.12517 6.6847e-09
334 0.125279 0.125166 5.93853e-09
335 0.125279 0.125163 6.5636e-09
336 0.125279 0.125155 6.47646e-09
337 0.125279 0.122643 0.000310074
338 0.125279 0.122656 0.000310139
339 0.125279 0.122649 0.000310105
340 0.125279 0.122656 0.000310137
341 0.125279 0.125168 6.75148e-09
342 0.125279 0.125151 7.05332e-09
343 0.125279 0.123912 0.000156666
344 0.125279 0.12265 0.00031011
345 0.125279 0.122656 0.000310141
346 0.125279 0.123903 0.000156644
347 0.125279 0.123912 0.000156667
348 0.125279 0.123905 0.000156647
349 0.125279 0.122662 0.000310171
350 0.125279 0.120147 0.000607551
351 0.125279 0.123903 0.000156643
352 0.125279 0.123898 0.000156631
353 0.125279 0.121407 0.000460475
354 0.125279 0.12266 0.000310156
355 0.125279 0.123915 0.000156671
356 0.125279 0.125165 6.04221e-09
357 0.125279 0.123915 0.000156673
358 0.125279 0.125161 6.93402e-09
359 0.125279 0.125162 6.4472e-09
360 0.125279 0.123904 0.000156646
361 0.125279 0.121405 0.000460459
362 0.125279 0.123887 0.000156603
363 0.125279 0.125149 6.38796e-09
364 0.125279 0.125159 7.1002e-09
365 0.125279 0.12516 7.01405e-09
366 0.125279 0.125161 6.80027e-09
367 0.125279 0.125165 8.30027e-09
368 0.125279 0.125159 8.0406e-09
369 0.125279 0.123898 0.00015663
370 0.125279 0.122672 0.000304937
371 0.125279 0.122669 0.00030569
372 0.125279 0.123906 0.000155048
373 0.125279 0.123907 0.00015428
374 0.125279 0.123904 0.000156643
375 0.125279 0.121393 0.000460364
376 0.125279 0.122754 0.000283599
377 0.125279 0.122654 0.000310066
378 0.125279 0.125141 7.84084e-09
379 0.125279 0.125139 7.65847e-09
380 0.125279 0.125149 7.06727e-09
381 0.125279 0.123912 0.000156667
382 0.125279 0.122649 0.000310105
383 0.125279 0.125162 7.2239e-09
384 0.125279 0.125152 7.28377e-09
385 0.125279 0.12391 0.000155883
386 0.125279 0.123917 0.000156678
387 0.125279 0.122663 0.000310176
388 0.125279 0.121404 0.000460451
389 0.125279 0.123894 0.000156622
390 0.125279 0.121402 0.000460441
391 0.125279 0.12266 0.000310158
392 0.125279 0.12391 0.000156659
393 0.125279 0.12398 0.000136931
394 0.125279 0.122658 0.000310123
395 0.125279 0.119513 0.00064263
396 0.125279 0.122669 0.000309861
397 0.125279 0.118905 0.000749399
398 0.125279 0.12139 0.000459827
399 0.125279 0.120151 0.000607076
400 0.125279 0.121393 0.000460371
401 0.125279 0.122647 0.000310092
402 0.125279 0.122726 0.000291806
403 0.125279 0.122652 0.000310067
404 0.125279 0.123899 0.000156633
405 0.125279 0.123919 0.000155731
406 0.125279 0.121415 0.000459632
407 0.125279 0.12141 0.000458481
408 0.125279 0.121408 0.000460299
409 0.125279 0.122141 0.000333301
410 0.125279 0.121405 0.000460461
411 0.125279 0.122649 0.000310102
412 0.125279 0.122637 0.000310042
413 0.125279 0.125139 7.68442e-09
414 0.125279 0.123904 0.000156645
415 0.125279 0.12515 6.8563e-09
416 0.125279 0.125166 6.44199e-09
417 0.125279 0.123901 0.00015664
418 0.125279 0.123901 0.000156639
419 0.125279 0.123907 0.000156654
420 0.125279 0.123894 0.000156622
421 0.125279 0.12266 0.000310159
422 0.125279 0.121405 0.000460461
423 0.125279 0.1239 0.000156636
424 0.125279 0.125166 5.90642e-09
425 0.125279 0.123911 0.00015665
426 0.125279 0.123905 0.000155487
427 0.125279 0.123909 0.000156614
428 0.125279 0.1214 0.000460382
429 0.125279 0.125154 7.22101e-09
430 0.125279 0.125163 6.43965e-09
431 0.125279 0.123899 0.000156634
432 0.125279 0.125155 6.74969e-09
433 0.125279 0.123898 0.000156631
434 0.125279 0.125157 6.71493e-09
435 0.125279 0.125156 6.66804e-09
436 0.125279 0.123912 0.000156666
437 0.125279 0.122651 0.000310112
438 0.125279 0.123906 0.000156651
439 0.125279 0.125144 6.40075e-09
440 0.125279 0.125163 7.00501e-09
441 0.125279 0.125161 6.92401e-09
442 0.125279 0.125159 7.38911e-09
443 0.125279 0.12516 6.44795e-09
444 0.125279 0.12515 7.46577e-09
445 0.125279 0.123904 0.000156647
446 0.125279 0.122642 0.000310066
447 0.125279 0.121414 0.000460533
448 0.125279 0.123914 0.000156672
449 0.125279 0.122654 0.000310131
450 0.125279 0.121402 0.00046035
451 0.125279 0.122664 0.00030925
452 0.125279 0.125154 6.80979e-09
453 0.125279 0.123905 0.000156649
454 0.125279 0.123903 0.000156644
455 0.125279 0.123889 0.000156608
456 0.125279 0.125138 7.1734e-09
457 0.125279 0.123908 0.00015593
458 0.125279 0.118903 0.000749723
459 0.125279 0.117664 0.000889052
460 0.125279 0.121407 0.000459844
461 0.125279 0.121411 0.000459785
462 0.125279 0.120161 0.000606875
463 0.125279 0.120144 0.000607526
464 0.125279 0.117647 0.000892365
465 0.125279 0.115136 0.00116346
466 0.125279 0.120139 0.000607194
467 0.125279 0.120147 0.000607553
468 0.125279 0.118894 0.000751516
469 0.125279 0.117636 0.000892226
470 0.125279 0.122656 0.000310138
471 0.125279 0.121401 0.000459243
472 0.125279 0.122644 0.000310079
473 0.125279 0.121405 0.000460465
474 0.125279 0.122659 0.000310154
475 0.125279 0.122647 0.000310094
476 0.125279 0.125157 7.61286e-09
477 0.125279 0.121409 0.000460494
478 0.125279 0.1189 0.000751593
479 0.125279 0.117652 0.000892051
480 0.125279 0.120138 0.000607458
481 0.125279 0.122653 0.000310097
482 0.125279 0.122636 0.000310038
483 0.125279 0.121416 0.000460532
484 0.125279 0.11889 0.000751461
485 0.125279 0.121405 0.000460466
486 0.125279 0.125169 7.04832e-09
487 0.125279 0.125156 7.56576e-09
488 0.125279 0.125157 7.24644e-09
489 0.125279 0.125156 7.62185e-09
490 0.125279 0.122639 0.000310053
491 0.125279 0.123889 0.00015661
492 0.125279 0.125151 7.39135e-09
493 0.125279 0.122636 0.000310038
494 0.125279 0.125161 7.69999e-09
495 0.125279 0.125153 6.42426e-09
496 0.125279 0.125159 7.08111e-09
497 0.125279 0.122655 0.000310136
498 0.125279 0.120166 0.00060774
499 0.125279 0.122651 0.000310113
500 0.125279 0.125157 6.78265e-09
501 0.125279 0.125152 7.24701e-09
502 0.125279 0.122712 0.000291542
503 0.125279 0.123342 0.00018642
504 0.125279 0.121403 0.000459729
505 0.125279 0.123904 0.000156645
506 0.125279 0.12015 0.000607581
507 0.125279 0.122661 0.000310164
508 0.125279 0.125156 6.56221e-09
509 0.125279 0.123903 0.000156644
510 0.125279 0.120193 0.00059939
511 0.125279 0.121415 0.000460536
512 0.125279 0.1214 0.000460424
513 0.125279 0.121393 0.000460168
514 0.125279 0.120153 0.000607008
515 0.125279 0.118898 0.000751367
516 0.125279 0.11765 0.000892253
517 0.125279 0.118889 0.000751267
518 0.125279 0.120136 0.000607438
519 0.125279 0.122648 0.000310098
520 0.125279 0.12264 0.000310059
521 0.125279 0.122654 0.000310131
522 0.125279 0.122653 0.000310123
523 0.125279 0.120145 0.000607536
524 0.125279 0.120146 0.000607547
525 0.125279 0.120167 0.000606919
526 0.125279 0.122653 0.000310029
527 0.125279 0.121404 0.000460455
528 0.125279 0.119879 0.000612567
529 0.125279 0.118903 0.000751631
530 0.125279 0.118898 0.000751035
531 0.125279 0.11765 0.000891839
532 0.125279 0.123914 0.000156672
533 0.125279 0.1189 0.000750387
534 0.125279 0.121405 0.000460463
535 0.125279 0.123912 0.000156667
536 0.125279 0.123894 0.00015662
537 0.125279 0.1239 0.000156637
538 0.125279 0.12265 0.00031011
539 0.125279 0.122648 0.0003101
540 0.125279 0.1189 0.000751582
541 0.125279 0.122648 0.000310101
542 0.125279 0.121393 0.00046037
543 0.125279 0.123912 0.000156665
544 0.125279 0.122645 0.000309937
545 0.125279 0.121434 0.000451258
546 0.125279 0.123893 0.000156618
547 0.125279 0.12141 0.000460496
548 0.125279 0.11765 0.00089244
549 0.125279 0.118893 0.000751495
550 0.125279 0.121575 0.000418069
551 0.125279 0.121402 0.000460442
552 0.125279 0.118891 0.000751468
553 0.125279 0.120158 0.000607661
554 0.125279 0.118884 0.000751389
555 0.125279 0.122665 0.000310184
556 0.125279 0.122662 0.000310169
557 0.125279 0.12265 0.000310108
558 0.125279 0.12389 0.000156612
559 0.125279 0.123922 0.000156692
560 0.125279 0.122652 0.000310119
561 0.125279 0.121394 0.000460382
562 0.125279 0.118895 0.000751522
563 0.125279 0.120149 0.000607574
564 0.125279 0.120147 0.000607554
565 0.125279 0.120156 0.000607645
566 0.125279 0.1214 0.000460424
567 0.125279 0.1214 0.000460421
568 0.125279 0.123887 0.000156605
569 0.125279 0.122652 0.000310117
570 0.125279 0.121403 0.000460445
571 0.125279 0.121407 0.00046048
572 0.125279 0.122347 0.000317737
573 0.125279 0.125151 7.07173e-09
574 0.125279 0.123897 0.000156629
575 0.125279 0.123918 0.00015668
576 0.125279 0.123901 0.000156639
577 0.125279 0.121398 0.000460407
578 0.125279 0.12265 0.000310107
579 0.125279 0.121407 0.000460479
580 0.125279 0.121395 0.000460384
581 0.125279 0.122639 0.000310052
582 0.125279 0.123905 0.00015665
583 0.125279 0.125157 7.02723e-09
584 0.125279 0.118896 0.00075153
585 0.125279 0.120148 0.000607564
586 0.125279 0.122653 0.000310124
587 0.125279 0.122655 0.000310136
588 0.125279 0.12265 0.000310111
589 0.125279 0.122648 0.000310099
590 0.125279 0.123899 0.000156634
591 0.125279 0.122652 0.000309712
592 0.125279 0.12391 0.00015666
593 0.125279 0.125173 5.73182e-09
594 0.125279 0.121413 0.000460435
595 0.125279 0.123908 0.000156657
596 0.125279 0.122668 0.000310197
597 0.125279 0.12393 0.000156711
598 0.125279 0.122654 0.000310127
599 0.125279 0.123903 0.000156645
600 0.125279 0.118891 0.000751479
601 0.125279 0.119536 0.000640721
602 0.125279 0.118898 0.00075156
603 0.125279 0.122662 0.000310168
604 0.125279 0.12265 0.000310108
605 0.125279 0.122661 0.000310164
606 0.125279 0.122642 0.000310068
607 0.125279 0.122645 0.000310083
608 0.125279 0.121395 0.000460384
609 0.125279 0.122661 0.000310165
610 0.125279 0.123907 0.000156653
611 0.125279 0.122647 0.000310094
612 0.125279 0.121386 0.000460318
613 0.125279 0.123896 0.000156626
614 0.125279 0.122649 0.000310104
615 0.125279 0.123889 0.000156608
616 0.125279 0.122644 0.000310078
617 0.125279 0.123918 0.000156682
618 0.125279 0.122658 0.000310148
619 0.125279 0.121395 0.000460385
620 0.125279 0.12265 0.000310107
621 0.125279 0.121417 0.000460551
622 0.125279 0.122669 0.000310205
623 0.125279 0.122648 0.000310098
624 0.125279 0.122654 0.000310131
625 0.125279 0.123898 0.000156631
626 0.125279 0.122658 0.000310147
627 0.125279 0.122648 0.000310097
628 0.125279 0.122651 0.000310113
629 0.125279 0.11764 0.000892285
630 0.125279 0.117646 0.000892379
631 0.125279 0.118911 0.000751721
632 0.125279 0.118918 0.000751812
633 0.125279 0.122652 0.000310121
634 0.125279 0.121398 0.000460413
635 0.125279 0.1214 0.000460426
636 0.125279 0.121398 0.000460413
637 0.125279 0.120144 0.000607523
638 0.125279 0.12392 0.000156686
639 0.125279 0.122658 0.000310149
640 0.125279 0.125154 6.66261e-09
641 0.125279 0.125158 6.75629e-09
642 0.125279 0.122655 0.000310137
643 0.125279 0.125148 8.64408e-09
644 0.125279 0.125157 7.65956e-09
645 0.125279 0.125147 7.38256e-09
646 0.125279 0.123898 0.00015663
647 0.125279 0.121396 0.000460388
648 0.125279 0.125158 6.82882e-09
649 0.125279 0.122648 0.000310098
650 0.125279 0.121398 0.000460408
651 0.125279 0.122641 0.000310066
652 0.125279 0.123909 0.000156657
653 0.125279 0.123901 0.000156638
654 0.125279 0.1239 0.000156635
655 0.125279 0.122648 0.000310099
656 0.125279 0.123903 0.000156644
657 0.125279 0.119186 0.000690354
658 0.125279 0.12139 0.00046035
659 0.125279 0.122652 0.000310084
660 0.125279 0.123914 0.000156671
661 0.125279 0.122668 0.000310199
662 0.125279 0.122667 0.000310195
663 0.125279 0.117651 0.000892443
664 0.125279 0.121403 0.000460449
665 0.125279 0.117649 0.000892417
666 0.125279 0.118902 0.000751614
667 0.125279 0.120158 0.000607662
668 0.125279 0.121407 0.000460474
669 0.125279 0.121399 0.000460415
670 0.125279 0.122655 0.000310133
671 0.125279 0.121399 0.00046042
672 0.125279 0.120149 0.000607572
673 0.125279 0.121395 0.000460386
674 0.125279 0.122649 0.000310105
675 0.125279 0.12015 0.000607581
676 0.125279 0.121405 0.000460461
677 0.125279 0.118904 0.000751635
678 0.125279 0.122649 0.000310106
679 0.125279 0.122645 0.000310082
680 0.125279 0.122645 0.000310082
681 0.125279 0.123907 0.000156654
682 0.125279 0.125158 7.1416e-09
683 0.125279 0.125163 7.15225e-09
684 0.125279 0.125161 7.33064e-09
685 0.125279 0.125168 7.18012e-09
686 0.125279 0.125153 6.91479e-09
687 0.125279 0.123909 0.000156657
688 0.125279 0.123914 0.000156287
689 0.125279 0.122653 0.000309871
690 0.125279 0.12391 0.000156556
691 0.125279 0.1239 0.000156636
692 0.125279 0.125151 7.69943e-09
693 0.125279 0.123896 0.000156626
694 0.125279 0.12265 0.00031011
695 0.125279 0.12017 0.000607785
696 0.125279 0.112681 0.00141586
697 0.125279 0.116398 0.00102939
698 0.125279 0.119105 0.000707396
699 0.125279 0.117704 0.000879911
700 0.125279 0.117663 0.000892629
701 0.125279 0.120148 0.000607559
702 0.125279 0.117645 0.000892364
703 0.125279 0.119406 0.000655091
704 0.125279 0.120152 0.000607607
705 0.125279 0.118898 0.000751342
706 0.125279 0.118899 0.000751577
707 0.125279 0.121397 0.000460402
708 0.125279 0.122645 0.000310083
709 0.125279 0.121382 0.000460287
710 0.125279 0.121401 0.000460433
711 0.125279 0.121398 0.000460412
712 0.125279 0.118901 0.000751594
713 0.125279 0.121394 0.00046038
714 0.125279 0.122655 0.000308068
715 0.125279 0.121402 0.000460441
716 0.125279 0.12391 0.000156661
717 0.125279 0.122651 0.000310114
718 0.125279 0.121402 0.000460441
719 0.125279 0.1189 0.00075159
720 0.125279 0.117647 0.000892382
721 0.125279 0.116398 0.00103009
722 0.125279 0.116397 0.00103007
723 0.125279 0.117641 0.000892303
724 0.125279 0.118899 0.000751569
725 0.125279 0.120148 0.000607568
726 0.125279 0.120155 0.000607632
727 0.125279 0.121413 0.000460519
728 0.125279 0.123896 0.000156628
729 0.125279 0.122829 0.000267988
730 0.125279 0.123893 0.000156619
731 0.125279 0.123899 0.000156635
732 0.125279 0.122654 0.000310128
733 0.125279 0.121392 0.000460361
734 0.125279 0.121403 0.000460448
735 0.125279 0.120147 0.000607556
736 0.125279 0.118892 0.000751482
737 0.125279 0.117663 0.00089263
738 0.125279 0.118898 0.000751566
739 0.125279 0.120153 0.000607613
740 0.125279 0.120152 0.000607602
741 0.125279 0.117646 0.000892371
742 0.125279 0.117658 0.000892552
743 0.125279 0.116393 0.00103001
744 0.125279 0.11389 0.00129581
745 0.125279 0.113894 0.00129589
746 0.125279 0.118896 0.000751536
747 0.125279 0.113885 0.0012957
748 0.125279 0.112643 0.00142407
749 0.125279 0.113891 0.00129582
750 0.125279 0.115151 0.00116467
751 0.125279 0.11514 0.00116445
752 0.125279 0.118897 0.00075155
753 0.125279 0.118888 0.000751436
754 0.125279 0.122648 0.00031007
755 0.125279 0.120148 0.000607525
756 0.125279 0.12014 0.000607314
757 0.125279 0.1214 0.000460221
758 0.125279 0.122643 0.000310075
759 0.125279 0.12265 0.000310002
760 0.125279 0.120157 0.000607656
761 0.125279 0.118849 0.00075119
762 0.125279 0.117585 0.000891985
763 0.125279 0.115151 0.00116468
764 0.125279 0.117647 0.000892394
765 0.125279 0.121396 0.000460396
766 0.125279 0.12265 0.00031011
767 0.125279 0.122658 0.00031015
768 0.125279 0.12141 0.000460499
769 0.125279 0.122661 0.000310161
770 0.125279 0.122664 0.000310179
771 0.125279 0.120158 0.000607661
772 0.125279 0.120165 0.000607732
773 0.125279 0.118904 0.000751642
774 0.125279 0.122651 0.000310115
775 0.125279 0.122666 0.000309161
776 0.125279 0.121405 0.00046046
777 0.125279 0.121852 0.000370147
778 0.125279 0.122656 0.000310142
779 0.125279 0.120152 0.000607607
780 0.125279 0.120137 0.000607438
781 0.125279 0.117655 0.000892506
782 0.125279 0.121407 0.00046048
783 0.125279 0.120145 0.000607536
784 0.125279 0.11765 0.000892435
785 0.125279 0.118901 0.000751594
786 0.125279 0.122658 0.000310146
787 0.125279 0.121407 0.000460478
788 0.125279 0.121395 0.000460383
789 0.125279 0.117642 0.000892305
790 0.125279 0.117654 0.000892497
791 0.125279 0.118883 0.000751373
792 0.125279 0.125158 6.96017e-09
793 0.125279 0.125149 6.99917e-09
794 0.125279 0.123901 0.00015664
795 0.125279 0.125159 7.22859e-09
796 0.125279 0.123896 0.000156627
797 0.125279 0.123902 0.000156642
798 0.125279 0.120154 0.000607628
799 0.125279 0.121396 0.000460395
800 0.125279 0.123908 0.000156656
801 0.125279 0.123913 0.000156668
802 0.125279 0.125161 8.23942e-09
803 0.125279 0.125157 8.05236e-09
804 0.125279 0.123906 0.000156651
805 0.125279 0.123907 0.000156654
806 0.125279 0.123916 0.000156676
807 0.125279 0.121406 0.000460473
808 0.125279 0.123915 0.000156675
809 0.125279 0.121396 0.000460396
810 0.125279 0.122652 0.000310117
811 0.125279 0.120152 0.000607603
812 0.125279 0.120141 0.000607488
813 0.125279 0.121384 0.000460305
814 0.125279 0.123913 0.000156669
815 0.125279 0.123904 0.000156648
816 0.125279 0.12265 0.000310107
817 0.125279 0.123907 0.000156653
818 0.125279 0.123905 0.000156648
819 0.125279 0.122648 0.000310097
820 0.125279 0.122651 0.000310113
821 0.125279 0.123899 0.000156633
822 0.125279 0.122649 0.000310104
823 0.125279 0.122669 0.000310204
824 0.125279 0.120145 0.000607539
825 0.125279 0.120141 0.000607492
826 0.125279 0.121396 0.000460397
827 0.125279 0.121397 0.000460399
828 0.125279 0.118899 0.00075157
829 0.125279 0.122649 0.000310106
830 0.125279 0.121392 0.000460362
831 0.125279 0.120151 0.000607591
832 0.125279 0.122652 0.000310119
833 0.125279 0.123904 0.000156646
834 0.125279 0.123897 0.00015663
835 0.125279 0.125142 7.87997e-09
836 0.125279 0.120154 0.000607629
837 0.125279 0.120148 0.000607566
838 0.125279 0.121403 0.00046045
839 0.125279 0.122651 0.000310113
840 0.125279 0.12264 0.000310058
841 0.125279 0.125146 7.79588e-09
842 0.125279 0.125147 6.55414e-09
843 0.125279 0.125156 6.85656e-09
844 0.125279 0.12515 7.52083e-09
845 0.125279 0.123902 0.000156641
846 0.125279 0.123897 0.000156627
847 0.125279 0.121404 0.000460451
848 0.125279 0.125145 7.27574e-09
849 0.125279 0.123913 0.000156668
850 0.125279 0.122644 0.000310079
851 0.125279 0.122653 0.000310126
852 0.125279 0.122648 0.0003101
853 0.125279 0.123895 0.000156623
854 0.125279 0.122656 0.000310137
855 0.125279 0.125155 7.6034e-09
856 0.125279 0.123899 0.000156633
857 0.125279 0.1239 0.000156635
858 0.125279 0.122641 0.000310061
859 0.125279 0.122656 0.000307961
860 0.125279 0.123902 0.000155814
861 0.125279 0.125157 8.08226e-09
862 0.125279 0.125154 8.017e-09
863 0.125279 0.125156 7.6323e-09
864 0.125279 0.125147 7.28757e-09
865 0.125279 0.122639 0.000310053
866 0.125279 0.123899 0.000156635
867 0.125279 0.12516 7.17999e-09
868 0.125279 0.125165 7.01648e-09
869 0.125279 0.123893 0.000156619
870 0.125279 0.122638 0.000309613
871 0.125279 0.121402 0.000460436
872 0.125279 0.123903 0.000156644
873 0.125279 0.122649 0.000310103
874 0.125279 0.122642 0.00031007
875 0.125279 0.122641 0.000310064
876 0.125279 0.123894 0.000156623
877 0.125279 0.123914 0.000156672
878 0.125279 0.125149 7.7949e-09
879 0.125279 0.122661 0.000310164
880 0.125279 0.122652 0.000310122
881 0.125279 0.121401 0.000460435
882 0.125279 0.122648 0.000310099
883 0.125279 0.122664 0.000310177
884 0.125279 0.122654 0.000310132
885 0.125279 0.122653 0.000310126
886 0.125279 0.125152 7.69688e-09
887 0.125279 0.125157 7.75351e-09
888 0.125279 0.122656 0.000310141
889 0.125279 0.123917 0.000156678
890 0.125279 0.122656 0.00031014
891 0.125279 0.121399 0.000460413
892 0.125279 0.125158 6.91609e-09
893 0.125279 0.125153 7.52507e-09
894 0.125279 0.122654 0.000310127
895 0.125279 0.123903 0.000156645
896 0.125279 0.12517 7.879e-09
897 0.125279 0.125153 6.86961e-09
898 0.125279 0.125146 7.80079e-09
899 0.125279 0.123896 0.000156627
900 0.125279 0.125142 7.87823e-09
901 0.125279 0.125149 6.73374e-09
902 0.125279 0.123905 0.000156649
903 0.125279 0.123909 0.00015666
904 0.125279 0.12516 8.02899e-09
905 0.125279 0.125165 7.60132e-09
906 0.125279 0.125159 6.75802e-09
907 0.125279 0.123897 0.00015663
908 0.125279 0.122639 0.000310054
909 0.125279 0.121405 0.000460463
910 0.125279 0.12015 0.000607588
911 0.125279 0.120152 0.000607602
912 0.125279 0.121405 0.000460461
913 0.125279 0.122649 0.000310103
914 0.125279 0.121398 0.000460411
915 0.125279 0.122654 0.00031013
916 0.125279 0.123904 0.000156648
917 0.125279 0.120142 0.000607499
918 0.125279 0.118896 0.000751489
919 0.125279 0.121393 0.000460372
920 0.125279 0.120154 0.000607617
921 0.125279 0.117645 0.000892353
922 0.125279 0.125143 8.10044e-09
923 0.125279 0.122643 0.000310077
924 0.125279 0.122654 0.00031013
925 0.125279 0.123905 0.000156649
926 0.125279 0.120155 0.000607637
927 0.125279 0.120153 0.000607603
928 0.125279 0.118889 0.000751451
929 0.125279 0.118914 0.000751759
930 0.125279 0.122659 0.000310153
931 0.125279 0.123905 0.000156648
932 0.125279 0.117637 0.000892239
933 0.125279 0.122647 0.000310093
934 0.125279 0.118897 0.000751548
935 0.125279 0.120149 0.000607576
936 0.125279 0.11889 0.000751465
937 0.125279 0.119989 0.000608078
938 0.125279 0.121399 0.000460416
939 0.125279 0.121401 0.000460432
940 0.125279 0.118888 0.000751435
941 0.125279 0.12266 0.000310158
942 0.125279 0.122648 0.000310099
943 0.125279 0.120138 0.000607466
944 0.125279 0.120138 0.000607466
945 0.125279 0.121402 0.000460441
946 0.125279 0.122653 0.000310126
947 0.125279 0.121079 0.000468633
948 0.125279 0.124828 1.0643e-05
949 0.125279 0.125154 7.67923e-09
950 0.125279 0.125152 7.59927e-09
951 0.125279 0.123919 0.000156684
952 0.125279 0.122656 0.000310137
953 0.125279 0.122651 0.000310115
954 0.125279 0.123891 0.000156614
955 0.125279 0.125168 6.5987e-09
956 0.125279 0.125163 7.63594e-09
957 0.125279 0.12265 0.00031011
958 0.125279 0.121398 0.000460407
959 0.125279 0.123898 0.000156632
960 0.125279 0.123915 0.000156673
961 0.125279 0.125153 6.56876e-09
962 0.125279 0.122646 0.000310089
963 0.125279 0.123896 0.000156625
964 0.125279 0.123886 0.000156602
965 0.125279 0.123909 0.000156659
966 0.125279 0.1239 0.000156635
967 0.125279 0.12391 0.000156661
968 0.125279 0.122654 0.00031013
969 0.125279 0.123914 0.00015667
970 0.125279 0.120143 0.000607518
971 0.125279 0.116398 0.00103009
972 0.125279 0.116387 0.0010299
973 0.125279 0.1185 0.000762204
974 0.125279 0.117647 0.00089235
975 0.125279 0.118897 0.000749134
976 0.125279 0.120159 0.000605941
977 0.125279 0.116382 0.00102672
978 0.125279 0.118885 0.000751221
979 0.125279 0.120147 0.00060741
980 0.125279 0.118899 0.000749923
981 0.125279 0.12141 0.000459179
982 0.125279 0.121433 0.000454037
983 0.125279 0.122667 0.000310194
984 0.125279 0.123902 0.00015664
985 0.125279 0.123902 0.000156642
986 0.125279 0.123904 0.000156537
987 0.125279 0.125164 7.05327e-09
988 0.125279 0.125153 7.15201e-09
989 0.125279 0.125155 7.40269e-09
990 0.125279 0.125154 8.23335e-09
991 0.125279 0.123903 0.000156643
992 0.125279 0.1239 0.000156638
993 0.125279 0.125148 7.50211e-09
994 0.125279 0.121387 0.000460329
995 0.125279 0.122643 0.000310073
996 0.125279 0.125154 7.46862e-09
997 0.125279 0.125171 7.00715e-09
998 0.125279 0.125152 7.88261e-09
999 0.125279 0.123903 0.000156645
1000 0.125279 0.122661 0.000310162
1000 0 0 0
