0 0.125271 0.0502152 0.00378023
1 0.125275 0.0648909 0.00384899
2 0.12553 0.0738613 0.00378245
3 0.12553 0.0805609 0.00358402
4 0.12553 0.080272 0.00361983
5 0.12553 0.0851944 0.00343305
6 0.12553 0.0859733 0.00334928
7 0.12553 0.0895452 0.00316821
8 0.12553 0.0963641 0.00277835
9 0.12553 0.0964328 0.00279729
10 0.153145 0.091641 0.0031164
11 0.153145 0.0828705 0.00350666
12 0.153145 0.079591 0.00359384
13 0.162203 0.0824755 0.00352751
14 0.162203 0.0825215 0.00356051
15 0.235146 0.077849 0.00414116
16 0.235146 0.078233 0.004335
17 0.235146 0.0802164 0.00431537
18 0.487812 0.0932915 0.00571482
19 0.487812 0.104271 0.00754264
20 0.487812 0.111962 0.00914091
21 0.553779 0.122879 0.015942
21 0.526332 0.0652395 0.0182437
22 0.526332 0.0569967 0.0175816
23 0.526332 0.0752043 0.0219123
24 0.526332 0.0793187 0.021854
25 0.526332 0.0812398 0.0247052
26 0.526332 0.0787696 0.0246072
27 0.526332 0.0884053 0.0273157
28 0.526332 0.0941619 0.0294423
29 0.572701 0.099842 0.031117
30 0.572701 0.0984008 0.0331627
31 0.575743 0.0999706 0.0343748
32 0.575743 0.115642 0.0380565
33 0.575743 0.122834 0.0407022
34 0.575743 0.139312 0.043362
35 0.575743 0.14212 0.0424094
36 0.577248 0.128298 0.044366
37 0.581111 0.168934 0.0492054
38 0.581111 0.143188 0.0460828
39 0.582576 0.138325 0.0453657
40 0.582576 0.142394 0.045968
41 0.582576 0.133676 0.0438967
42 0.582576 0.159828 0.0465605
43 0.582576 0.170802 0.0501012
44 0.582576 0.16769 0.046296
45 0.582576 0.154716 0.0472029
46 0.582576 0.152523 0.0482457
47 0.582576 0.201383 0.051076
48 0.583009 0.199905 0.0512272
49 0.583009 0.187008 0.04906
50 0.583009 0.180328 0.0465437
51 0.589281 0.187695 0.0547545
52 0.589281 0.189949 0.0510734
53 0.593426 0.207415 0.0541969
54 0.593426 0.195668 0.0539561
55 0.593426 0.191371 0.0549675
56 0.593426 0.231426 0.0553935
57 0.593426 0.211235 0.0570744
58 0.593426 0.214876 0.0537189
59 0.593426 0.186886 0.052303
60 0.593426 0.182718 0.050359
61 0.593426 0.180438 0.0487739
62 0.593426 0.189675 0.051398
63 0.593426 0.211448 0.0534351
64 0.593426 0.194571 0.0499381
65 0.600124 0.192355 0.053294
66 0.600124 0.209323 0.0542875
67 0.600124 0.180905 0.0514881
68 0.600124 0.205777 0.0535352
69 0.600124 0.197782 0.0522613
70 0.600124 0.218873 0.0513518
71 0.600124 0.210166 0.0535973
72 0.600124 0.198605 0.0553947
73 0.600124 0.198242 0.0544549
74 0.600124 0.174189 0.0537712
75 0.600124 0.184024 0.0560702
76 0.600124 0.196265 0.0573722
77 0.600124 0.205791 0.0587147
78 0.600124 0.214545 0.0567018
79 0.600124 0.205386 0.0527837
80 0.600124 0.218304 0.0541159
81 0.600124 0.217653 0.0574553
82 0.600124 0.244501 0.0528788
83 0.600124 0.230168 0.051643
84 0.600124 0.25237 0.0556025
85 0.600124 0.235976 0.0533545
86 0.600124 0.236291 0.0510167
87 0.600124 0.240447 0.0577293
88 0.600124 0.22147 0.0548999
89 0.600124 0.219164 0.0561245
90 0.600124 0.222438 0.0583577
91 0.600124 0.228575 0.0510862
92 0.600124 0.215691 0.0508064
93 0.600124 0.226013 0.0512142
94 0.600124 0.206833 0.051204
95 0.600124 0.214402 0.0521222
96 0.600124 0.225989 0.0514292
97 0.600124 0.222704 0.0528901
98 0.600124 0.2023 0.0537289
99 0.600124 0.226333 0.0527501
100 0.600124 0.217773 0.0571054
101 0.600124 0.196503 0.0547797
102 0.600124 0.219174 0.0578422
103 0.600124 0.18036 0.0506058
104 0.600124 0.203113 0.0555577
105 0.600124 0.177624 0.049259
106 0.600124 0.183515 0.0480686
107 0.600124 0.227762 0.0530633
108 0.600124 0.239283 0.0545956
109 0.600124 0.202869 0.0536989
110 0.600124 0.222077 0.0560554
111 0.600124 0.225357 0.0537829
112 0.600124 0.208679 0.0518631
113 0.600124 0.204672 0.0551725
114 0.600124 0.227851 0.0503731
115 0.600124 0.207528 0.0520752
116 0.600124 0.205666 0.0547021
117 0.600124 0.220644 0.053
118 0.600124 0.193306 0.0515182
119 0.600124 0.186374 0.0511495
120 0.600124 0.190832 0.050301
121 0.600124 0.195604 0.0523014
122 0.600124 0.227709 0.0574363
123 0.600124 0.191624 0.0533662
124 0.600124 0.200833 0.0596519
125 0.600124 0.19755 0.0547137
126 0.600124 0.224604 0.0601954
127 0.600124 0.19501 0.0493689
128 0.600124 0.217232 0.0492155
129 0.600124 0.231816 0.0541825
130 0.600124 0.20808 0.0555067
131 0.600124 0.212433 0.0504908
132 0.600124 0.218691 0.0489897
133 0.600124 0.205498 0.05212
134 0.600124 0.202836 0.0508701
135 0.600124 0.20412 0.0481433
136 0.600124 0.213633 0.0521274
137 0.600124 0.230479 0.0525673
138 0.600124 0.23236 0.0595203
139 0.600124 0.224485 0.0522335
140 0.600124 0.18885 0.0520125
141 0.600124 0.186396 0.0565248
142 0.600124 0.222312 0.0545124
143 0.600124 0.226669 0.059004
144 0.600124 0.207801 0.0525896
145 0.600124 0.219145 0.0559853
146 0.600124 0.218189 0.0517544
147 0.600124 0.203449 0.0529441
148 0.600124 0.221351 0.0557385
149 0.600124 0.212259 0.0552978
150 0.600124 0.223866 0.055852
151 0.600124 0.218882 0.0569536
152 0.600124 0.194675 0.0565388
153 0.600124 0.188664 0.0542873
154 0.600124 0.197029 0.0584317
155 0.600124 0.201744 0.0545487
156 0.600124 0.200694 0.0533421
157 0.600124 0.184411 0.0511625
158 0.600124 0.177009 0.0483941
159 0.600124 0.168945 0.0521452
160 0.600124 0.182065 0.053532
161 0.600124 0.195706 0.0563719
162 0.600124 0.218759 0.0560636
163 0.600124 0.178429 0.0519169
164 0.600124 0.196154 0.0576662
165 0.600124 0.184587 0.0528133
166 0.600124 0.172178 0.0527337
167 0.600124 0.218306 0.06085
168 0.600124 0.21661 0.0608341
169 0.600124 0.171158 0.0543325
170 0.600124 0.190019 0.055186
171 0.600124 0.195582 0.0520545
172 0.600124 0.179607 0.0504287
173 0.600124 0.195754 0.050638
174 0.600124 0.19914 0.0536426
175 0.600124 0.219809 0.0569501
176 0.600124 0.185098 0.0509577
177 0.600124 0.195318 0.0524149
178 0.600124 0.202447 0.0488422
179 0.600124 0.197335 0.0518357
180 0.600124 0.209724 0.0518579
181 0.600124 0.206917 0.0551809
182 0.600124 0.210859 0.050611
183 0.601567 0.182245 0.0481591
184 0.601567 0.166298 0.0504343
185 0.601567 0.186372 0.055004
186 0.601567 0.171887 0.0557282
187 0.601567 0.191098 0.0528315
188 0.601567 0.193443 0.0556121
189 0.601567 0.183026 0.0573356
190 0.601567 0.18711 0.0571272
191 0.601567 0.200482 0.0568079
192 0.601567 0.199013 0.057113
193 0.601567 0.199877 0.0579551
194 0.601567 0.212603 0.0575673
195 0.601567 0.237616 0.0543363
196 0.601567 0.240225 0.0599181
197 0.601567 0.231105 0.0553021
198 0.601567 0.244819 0.0534356
199 0.601567 0.249512 0.0514832
200 0.601567 0.228325 0.0561814
201 0.601567 0.190692 0.0572457
202 0.601567 0.235776 0.0549531
203 0.601567 0.216367 0.0599993
204 0.601567 0.221458 0.0576363
205 0.601567 0.210848 0.0585794
206 0.601567 0.20494 0.0540029
207 0.601567 0.206269 0.0524806
208 0.603372 0.240598 0.0564009
209 0.603372 0.230344 0.0505733
210 0.603372 0.220285 0.0503668
211 0.603372 0.196693 0.0489402
212 0.603372 0.217111 0.0545343
213 0.603372 0.195402 0.0527933
214 0.603372 0.198415 0.0551062
215 0.603372 0.212088 0.0542368
216 0.603372 0.230414 0.0538227
217 0.603372 0.224192 0.0594356
218 0.603372 0.221502 0.0570191
219 0.603372 0.217797 0.0573382
220 0.603372 0.200728 0.0554088
221 0.603372 0.181249 0.0545516
222 0.603372 0.222491 0.0559485
223 0.603372 0.221447 0.0533796
224 0.604258 0.208179 0.0512403
225 0.604258 0.204197 0.0521173
226 0.604258 0.194174 0.0484806
227 0.604258 0.227134 0.0568705
228 0.604258 0.231099 0.0530217
229 0.604258 0.236536 0.0554766
230 0.605857 0.201969 0.0559539
231 0.605857 0.187446 0.0511725
232 0.605857 0.187987 0.0515721
233 0.605857 0.176209 0.0540622
234 0.605857 0.197205 0.0560007
235 0.605857 0.21496 0.0615125
236 0.605857 0.222908 0.0550327
237 0.605857 0.216667 0.0505225
238 0.605857 0.212065 0.0518996
239 0.605857 0.217947 0.053033
240 0.605857 0.189167 0.0548635
241 0.605857 0.194985 0.0512493
242 0.605857 0.166955 0.0525219
243 0.605857 0.159072 0.0533005
244 0.605857 0.199882 0.0602072
245 0.605857 0.196181 0.0560202
246 0.605857 0.195085 0.0535071
247 0.605857 0.201231 0.0531559
248 0.605857 0.199224 0.0554027
249 0.605857 0.212927 0.0548888
250 0.605857 0.20388 0.0530842
251 0.605857 0.204385 0.0518215
252 0.605857 0.209022 0.0558976
253 0.605857 0.225516 0.0537763
254 0.605857 0.195854 0.0533194
255 0.605857 0.21361 0.054515
256 0.605857 0.223382 0.0509923
257 0.605857 0.208785 0.0464311
258 0.605857 0.2224 0.0498109
259 0.605857 0.22368 0.0533573
260 0.605857 0.217192 0.0520973
261 0.605857 0.233573 0.052005
262 0.605857 0.220133 0.0532088
263 0.605857 0.207753 0.0496055
264 0.605857 0.201137 0.0525777
265 0.605857 0.200399 0.0528147
266 0.605857 0.200192 0.0523119
267 0.605857 0.189938 0.0542594
268 0.605857 0.218373 0.0589248
269 0.605857 0.188858 0.0520567
270 0.605857 0.203246 0.0575738
271 0.605857 0.200912 0.055884
272 0.605857 0.202835 0.053021
273 0.605857 0.185283 0.0534936
274 0.605857 0.208005 0.0535008
275 0.605857 0.194694 0.0548607
276 0.605857 0.199427 0.0566124
277 0.605857 0.207691 0.0567093
278 0.605857 0.183486 0.0519746
279 0.605857 0.167972 0.052009
280 0.605857 0.184558 0.0545029
281 0.605857 0.200238 0.0595728
282 0.605857 0.212372 0.0591651
283 0.605857 0.224655 0.0603384
284 0.605857 0.199124 0.0557181
285 0.605857 0.218876 0.0529818
286 0.605857 0.240997 0.0561374
287 0.605857 0.22521 0.0567555
288 0.605857 0.211382 0.0538069
289 0.605857 0.218485 0.0554731
290 0.605857 0.247554 0.0560344
291 0.605857 0.215493 0.0536918
292 0.605857 0.231527 0.0573705
293 0.605857 0.221346 0.0579656
294 0.605857 0.21193 0.0566467
295 0.605857 0.226015 0.0594981
296 0.605857 0.231771 0.056332
297 0.605857 0.242917 0.059241
298 0.605857 0.235374 0.0619586
299 0.605857 0.250845 0.0591624
300 0.605857 0.232329 0.0528992
301 0.605857 0.232717 0.0556623
302 0.605857 0.224991 0.0585743
303 0.605857 0.246119 0.0588548
304 0.605857 0.232475 0.060775
305 0.605857 0.229148 0.0567318
306 0.605857 0.231602 0.0596878
307 0.605857 0.21723 0.0563656
308 0.605857 0.219509 0.059514
309 0.605857 0.2345 0.0549698
310 0.605857 0.257521 0.0574648
311 0.60592 0.250902 0.0588179
312 0.607277 0.24416 0.0572208
313 0.607277 0.244552 0.0610432
314 0.607277 0.224391 0.0558313
315 0.607277 0.204827 0.0568581
316 0.607277 0.216262 0.0561191
317 0.607277 0.226033 0.056015
318 0.607277 0.259429 0.0622643
319 0.607277 0.281112 0.0592567
320 0.607277 0.244159 0.060822
321 0.607277 0.239835 0.0625103
322 0.607277 0.222584 0.0600273
323 0.607277 0.258168 0.0605107
324 0.607277 0.245835 0.0601066
325 0.607277 0.231575 0.0541266
326 0.607277 0.230364 0.0572682
327 0.607277 0.242584 0.0591658
328 0.607277 0.243244 0.0542162
329 0.607277 0.245762 0.0542931
330 0.607277 0.223957 0.0541991
331 0.607277 0.231167 0.0542888
332 0.607277 0.245375 0.0557411
333 0.607277 0.230367 0.0565509
334 0.607277 0.215048 0.0576953
335 0.607277 0.212859 0.0581734
336 0.607277 0.212872 0.0541719
337 0.607277 0.212252 0.0532589
338 0.607277 0.230824 0.0577294
339 0.607277 0.233161 0.0576686
340 0.607277 0.194414 0.0499094
341 0.607277 0.207072 0.0544401
342 0.607277 0.21133 0.0580019
343 0.607277 0.220845 0.0580177
344 0.607277 0.221203 0.058419
345 0.607277 0.229955 0.0601647
346 0.607277 0.23043 0.0600685
347 0.607277 0.208768 0.0587266
348 0.607277 0.208484 0.0548399
349 0.607277 0.234677 0.0610641
350 0.607277 0.23728 0.0556015
351 0.607277 0.254763 0.0547636
352 0.607277 0.203262 0.0557444
353 0.607277 0.208736 0.0586706
354 0.607277 0.249997 0.0590675
355 0.607277 0.238061 0.0574442
356 0.607277 0.233392 0.0581971
357 0.607277 0.252731 0.0567005
358 0.607277 0.233858 0.0545906
359 0.607277 0.232937 0.0584602
360 0.607277 0.210778 0.0535681
361 0.607277 0.226412 0.0553113
362 0.607277 0.216061 0.0575264
363 0.607277 0.210685 0.0623445
364 0.607277 0.223872 0.0578417
365 0.607277 0.2499 0.0584153
366 0.607277 0.266199 0.0547566
367 0.607277 0.267375 0.0580904
368 0.607277 0.237137 0.0575646
369 0.607277 0.252206 0.0547137
370 0.607277 0.262936 0.0464356
371 0.607277 0.282666 0.0445291
372 0.607277 0.269838 0.0531388
373 0.607277 0.239489 0.057888
374 0.607277 0.216059 0.0596322
375 0.607277 0.196401 0.0533858
376 0.607277 0.211961 0.058218
377 0.607277 0.212632 0.0601314
378 0.607277 0.271214 0.0595759
379 0.607277 0.263388 0.0581344
380 0.607277 0.264278 0.0548031
381 0.607277 0.252671 0.0570246
382 0.607277 0.237065 0.057378
383 0.607277 0.242761 0.0581728
384 0.607277 0.216916 0.0546333
385 0.607277 0.224988 0.0591122
386 0.607277 0.223153 0.0560411
387 0.607277 0.248845 0.0589168
388 0.607277 0.241571 0.0530303
389 0.607277 0.219667 0.0520765
390 0.607277 0.226758 0.0523673
391 0.607277 0.245882 0.0570541
392 0.607277 0.263966 0.0562859
393 0.607277 0.246755 0.0484423
394 0.607277 0.237455 0.0509603
395 0.607277 0.238997 0.0551607
396 0.607277 0.23039 0.0538428
397 0.607277 0.213493 0.0535748
398 0.607277 0.238288 0.0568464
399 0.607277 0.241743 0.0605121
400 0.608497 0.253204 0.0609587
401 0.608497 0.236262 0.0624611
402 0.608497 0.220644 0.0609369
403 0.608497 0.231147 0.0583335
404 0.608497 0.233246 0.056639
405 0.608497 0.236732 0.0593354
406 0.608497 0.213383 0.0542825
407 0.608497 0.215511 0.0579073
408 0.608497 0.210658 0.0588024
409 0.608497 0.197103 0.0576662
410 0.608497 0.197287 0.054311
411 0.608497 0.186853 0.0552626
412 0.608497 0.195659 0.0508954
413 0.608497 0.217999 0.0591064
414 0.608497 0.202213 0.0509732
415 0.608497 0.193057 0.0535846
416 0.608497 0.220795 0.0568698
417 0.608497 0.192197 0.0546302
418 0.608497 0.18381 0.0563234
419 0.608497 0.203567 0.0562811
420 0.608497 0.202764 0.0563745
421 0.608497 0.206054 0.0551653
422 0.608497 0.196241 0.0557704
423 0.608497 0.185092 0.05303
424 0.608497 0.199213 0.055595
425 0.608497 0.188904 0.0546124
426 0.608497 0.214886 0.0574301
427 0.608497 0.213583 0.059324
428 0.608497 0.232562 0.0585525
429 0.608497 0.223706 0.0605191
430 0.608497 0.21345 0.0610485
431 0.608497 0.192895 0.0578363
432 0.608497 0.206566 0.0632231
433 0.608497 0.217888 0.0629431
434 0.608497 0.212485 0.060622
435 0.608497 0.193313 0.0606534
436 0.608497 0.169841 0.0582542
437 0.608497 0.211854 0.0621134
438 0.608497 0.170644 0.0567134
439 0.608497 0.196173 0.0559274
440 0.608497 0.206558 0.0601405
441 0.608497 0.19441 0.0580741
442 0.608497 0.215401 0.0617598
443 0.608497 0.209874 0.0533292
444 0.608497 0.208037 0.0541935
445 0.608497 0.199046 0.0577133
446 0.608497 0.219959 0.0630971
447 0.608497 0.214705 0.0606664
448 0.608497 0.232718 0.0583481
449 0.608497 0.233766 0.0574894
450 0.608497 0.223783 0.0567682
451 0.608497 0.218248 0.0603047
452 0.608497 0.237692 0.0578105
453 0.608497 0.218063 0.0559129
454 0.608497 0.216831 0.0529042
455 0.608497 0.225819 0.0577949
456 0.608497 0.196245 0.0545352
457 0.608497 0.18659 0.0491533
458 0.608497 0.191722 0.0538671
459 0.608497 0.213647 0.0571464
460 0.608497 0.217059 0.0565546
461 0.608497 0.201901 0.0535699
462 0.608497 0.242607 0.0564086
463 0.608497 0.23335 0.0564894
464 0.608497 0.23659 0.0564276
465 0.608497 0.2365 0.0546439
466 0.608497 0.221424 0.0567524
467 0.608497 0.229478 0.0580362
468 0.608497 0.225173 0.0582865
469 0.608497 0.233753 0.0575793
470 0.608497 0.213641 0.0569314
471 0.608497 0.24619 0.0602392
472 0.608497 0.275345 0.0557295
473 0.608497 0.260921 0.0576234
474 0.608497 0.249726 0.0585691
475 0.608497 0.241083 0.0557954
476 0.608497 0.265813 0.0553474
477 0.608497 0.222248 0.0556025
478 0.608497 0.199512 0.0470769
479 0.608497 0.176475 0.0509587
480 0.608497 0.190458 0.0540802
481 0.608497 0.194253 0.0537708
482 0.608497 0.188498 0.0583889
483 0.608497 0.204305 0.061119
484 0.608497 0.240891 0.0596627
485 0.608497 0.294101 0.0577027
486 0.608497 0.248948 0.0546154
487 0.608497 0.235014 0.0533908
488 0.608497 0.275893 0.0500022
489 0.608497 0.262635 0.0549466
490 0.608497 0.247419 0.0600057
491 0.608497 0.239426 0.0607466
492 0.608497 0.273455 0.0616254
493 0.608497 0.231593 0.0550092
494 0.608497 0.241401 0.0573963
495 0.608497 0.211661 0.0520102
496 0.608497 0.224791 0.0578583
497 0.608497 0.244489 0.0584134
498 0.608497 0.260194 0.0564636
499 0.608497 0.236708 0.0614094
500 0.608497 0.249448 0.0572214
501 0.608497 0.204524 0.0558326
502 0.608497 0.237494 0.0596844
503 0.608497 0.257226 0.0599652
504 0.608497 0.241993 0.0626195
505 0.608497 0.258271 0.0626733
506 0.608497 0.252648 0.0609317
507 0.608497 0.229707 0.058278
508 0.608497 0.229316 0.0587961
509 0.608497 0.22993 0.0573929
510 0.608497 0.237789 0.0607073
511 0.608497 0.228486 0.0590663
512 0.608497 0.206411 0.0560973
513 0.608497 0.222544 0.0610537
514 0.608497 0.213823 0.0597351
515 0.608497 0.222502 0.0604137
516 0.608497 0.228498 0.0605858
517 0.608497 0.216301 0.0571495
518 0.608497 0.232337 0.0572917
519 0.608497 0.239829 0.0541016
520 0.608497 0.243725 0.0561251
521 0.608497 0.25525 0.0562589
522 0.608497 0.253828 0.0633621
523 0.608497 0.236796 0.0604406
524 0.608497 0.223759 0.0599049
525 0.608497 0.206775 0.0554015
526 0.608497 0.235759 0.0565071
527 0.608497 0.246813 0.0593691
528 0.608497 0.251915 0.058253
529 0.608497 0.274859 0.0584755
530 0.608497 0.241219 0.0618183
531 0.608497 0.245088 0.0528186
532 0.608497 0.230979 0.0560538
533 0.608497 0.24733 0.0537451
534 0.608497 0.234519 0.0535617
535 0.608497 0.215093 0.0546708
536 0.608497 0.265892 0.0493014
537 0.608497 0.247871 0.0513195
538 0.608497 0.24362 0.0531139
539 0.608497 0.240981 0.0532071
540 0.608497 0.231219 0.0552577
541 0.608497 0.261822 0.06061
542 0.608497 0.233418 0.0551082
543 0.608497 0.264273 0.0558507
544 0.608497 0.219329 0.0557215
545 0.608497 0.22753 0.0580778
546 0.608497 0.189393 0.0586985
547 0.608497 0.189475 0.0570082
548 0.608497 0.221798 0.0571283
549 0.608497 0.21217 0.0521475
550 0.608497 0.225185 0.0559454
551 0.608497 0.215127 0.0592519
552 0.608497 0.204547 0.0572173
553 0.608497 0.220219 0.055246
554 0.608497 0.219524 0.0526065
555 0.608497 0.236702 0.0546653
556 0.608497 0.24753 0.0582919
557 0.608497 0.23105 0.0575292
558 0.608497 0.224239 0.054495
559 0.608497 0.201282 0.0513291
560 0.608497 0.212288 0.0537876
561 0.608497 0.225834 0.0565602
562 0.608497 0.245683 0.0571407
563 0.608497 0.23873 0.0546528
564 0.608497 0.219896 0.0586323
565 0.608497 0.225242 0.0619246
566 0.608497 0.207234 0.0547994
567 0.608497 0.233787 0.0572035
568 0.608497 0.222693 0.0604274
569 0.608497 0.222833 0.0608212
570 0.608497 0.218304 0.0571424
571 0.608497 0.236655 0.0549881
572 0.608497 0.219187 0.0596663
573 0.608497 0.225242 0.0564433
574 0.608497 0.228624 0.0610579
575 0.608497 0.207291 0.0614176
576 0.608497 0.197776 0.0534362
577 0.608497 0.218353 0.0580318
578 0.608497 0.215545 0.0597561
579 0.608497 0.18959 0.0553714
580 0.608497 0.224714 0.0587566
581 0.608497 0.216265 0.058437
582 0.608497 0.239371 0.0613209
583 0.608497 0.211653 0.0546118
584 0.608497 0.194368 0.050098
585 0.608497 0.202582 0.055734
586 0.608497 0.208893 0.0579564
587 0.608497 0.189379 0.0512924
588 0.608497 0.196556 0.0560273
589 0.608497 0.206245 0.0498564
590 0.608497 0.204113 0.0561231
591 0.608497 0.217834 0.0573023
592 0.608497 0.215772 0.054113
593 0.608497 0.219343 0.0540223
594 0.608497 0.196232 0.0509789
595 0.608497 0.200677 0.0552208
596 0.608617 0.215706 0.0557594
597 0.608617 0.241597 0.0545586
598 0.608617 0.221673 0.0563689
599 0.608617 0.234785 0.0604026
600 0.608617 0.254069 0.0604113
601 0.608617 0.245205 0.0569893
602 0.608617 0.250025 0.0557353
603 0.608617 0.220929 0.0599634
604 0.608617 0.212507 0.0546893
605 0.608617 0.217302 0.0533663
606 0.608617 0.218367 0.0562463
607 0.608617 0.248791 0.0593261
608 0.608617 0.233998 0.0614071
609 0.608712 0.179604 0.0539569
610 0.608712 0.196996 0.0565759
611 0.608712 0.181479 0.0551541
612 0.608712 0.220226 0.0537864
613 0.608712 0.203289 0.0524144
614 0.608712 0.206893 0.0537323
615 0.608712 0.213484 0.057767
616 0.608712 0.209184 0.0579628
617 0.608712 0.176821 0.0521191
618 0.608712 0.188293 0.0526895
619 0.608712 0.193505 0.0533976
620 0.608712 0.194734 0.0532912
621 0.608712 0.201698 0.0553562
622 0.608712 0.196545 0.0529631
623 0.608712 0.218215 0.055973
624 0.608712 0.201581 0.058388
625 0.608712 0.196185 0.0518341
626 0.608712 0.219177 0.0561084
627 0.608726 0.217948 0.0545627
628 0.608726 0.223972 0.0575097
629 0.608726 0.223812 0.0565244
630 0.608726 0.221812 0.057419
631 0.608726 0.242671 0.0603183
632 0.608726 0.255374 0.0567681
633 0.608726 0.21934 0.0577508
634 0.608726 0.198076 0.0601328
635 0.608726 0.198603 0.0518956
636 0.608726 0.221558 0.0529561
637 0.608726 0.197314 0.0573882
638 0.608726 0.195867 0.0578738
639 0.608726 0.166513 0.054499
640 0.608726 0.183016 0.0562559
641 0.608726 0.197468 0.0623573
642 0.608726 0.184338 0.0571252
643 0.608726 0.195579 0.0604695
644 0.608726 0.199642 0.056188
645 0.608726 0.215683 0.0534974
646 0.608726 0.223886 0.0546128
647 0.608726 0.2278 0.0587237
648 0.608726 0.233409 0.0601218
649 0.608726 0.210672 0.0563531
650 0.608924 0.183429 0.0535071
651 0.608924 0.221484 0.059323
652 0.608924 0.239549 0.0620949
653 0.608924 0.230812 0.0577729
654 0.608924 0.260738 0.059017
655 0.608924 0.248199 0.0600803
656 0.608924 0.239442 0.0572235
657 0.608924 0.209212 0.0529532
658 0.608924 0.203122 0.0526143
659 0.608924 0.229795 0.0527382
660 0.608924 0.236237 0.058822
661 0.608924 0.254867 0.0603498
662 0.608924 0.201583 0.0542723
663 0.608924 0.205435 0.053808
664 0.608924 0.190966 0.0531838
665 0.608924 0.220631 0.0585229
666 0.608924 0.248891 0.0548563
667 0.608924 0.216952 0.0548636
668 0.608924 0.221672 0.0572972
669 0.608924 0.220572 0.0549393
670 0.608924 0.227818 0.0610837
671 0.608924 0.230793 0.0573414
672 0.609477 0.253473 0.0629644
673 0.609477 0.21584 0.0585371
674 0.609477 0.204281 0.0571152
675 0.609477 0.238261 0.0605861
676 0.609477 0.182114 0.056455
677 0.609477 0.197321 0.0586249
678 0.609477 0.195967 0.0548901
679 0.609477 0.211507 0.0545541
680 0.609477 0.226311 0.0559883
681 0.609477 0.219065 0.0558884
682 0.609477 0.20901 0.0598074
683 0.609477 0.231928 0.0579188
684 0.609477 0.198073 0.056475
685 0.609477 0.213535 0.0604726
686 0.609477 0.192179 0.056787
687 0.609477 0.208107 0.0561497
688 0.609477 0.206654 0.0561551
689 0.609477 0.197175 0.0572111
690 0.609477 0.191997 0.0511816
691 0.609477 0.18015 0.0549758
692 0.609477 0.217165 0.0606488
693 0.609477 0.226702 0.0611899
694 0.609477 0.214204 0.0588668
695 0.609477 0.209645 0.0621939
696 0.609477 0.199029 0.0562774
697 0.609477 0.201122 0.0567608
698 0.609477 0.226715 0.0614641
699 0.609477 0.202365 0.0569524
700 0.609477 0.198149 0.0580896
701 0.609477 0.198049 0.057906
702 0.609477 0.197917 0.0581324
703 0.609477 0.192673 0.0585262
704 0.609477 0.187512 0.0604894
705 0.609477 0.215197 0.0618694
706 0.609477 0.206459 0.057733
707 0.609477 0.214396 0.0583431
708 0.609477 0.17802 0.0504678
709 0.609477 0.180518 0.0526008
710 0.609477 0.192012 0.0563299
711 0.609477 0.187206 0.0555919
712 0.609477 0.162973 0.0521519
713 0.609477 0.143684 0.0515695
714 0.609477 0.178014 0.0602857
715 0.609477 0.208538 0.0582051
716 0.609477 0.199034 0.0581927
717 0.609477 0.23754 0.0582843
718 0.609477 0.225415 0.0609688
719 0.609477 0.212206 0.0622273
720 0.609477 0.244826 0.0639635
721 0.609477 0.208601 0.0589745
722 0.609477 0.202709 0.055023
723 0.609477 0.217422 0.0539753
724 0.609477 0.258547 0.0578823
725 0.609477 0.229004 0.0583008
726 0.609477 0.211166 0.0535235
727 0.609477 0.215902 0.0551552
728 0.609477 0.193241 0.053049
729 0.609477 0.180878 0.0503279
730 0.609477 0.190837 0.0538378
731 0.609477 0.225748 0.0553009
732 0.609477 0.20304 0.0578945
733 0.609835 0.183906 0.0558228
734 0.609835 0.199795 0.0538165
735 0.609835 0.192036 0.0561571
736 0.609835 0.207507 0.0573691
737 0.609835 0.194019 0.0593799
738 0.609835 0.186687 0.0555238
739 0.609835 0.178174 0.0601446
740 0.609835 0.173196 0.0574071
741 0.609835 0.169593 0.0567184
742 0.609835 0.156742 0.051092
743 0.609835 0.196695 0.0513684
744 0.609835 0.219615 0.0562445
745 0.609835 0.210018 0.0523525
746 0.609835 0.226809 0.0564707
747 0.609835 0.233097 0.0609513
748 0.609835 0.257428 0.062131
749 0.609835 0.233567 0.0590133
750 0.609835 0.217707 0.0561994
751 0.609835 0.230193 0.0543869
752 0.609835 0.216928 0.0575366
753 0.609835 0.218951 0.0582114
754 0.609835 0.21973 0.0595837
755 0.609835 0.220691 0.0575407
756 0.609835 0.261028 0.0565976
757 0.609835 0.265571 0.0578151
758 0.609835 0.227119 0.0544301
759 0.609835 0.227797 0.0541683
760 0.609835 0.21953 0.0545339
761 0.609835 0.222586 0.0598115
762 0.609835 0.234486 0.0582281
763 0.609835 0.211378 0.0580548
764 0.609835 0.191348 0.0526609
765 0.609835 0.234332 0.0560824
766 0.609835 0.243854 0.0561383
767 0.609835 0.230741 0.0543331
768 0.609835 0.221889 0.0555614
769 0.609835 0.232455 0.0594192
770 0.609835 0.21658 0.0600457
771 0.609835 0.208971 0.0585563
772 0.609835 0.209636 0.0580017
773 0.609835 0.223837 0.0594655
774 0.609835 0.231886 0.0672121
775 0.609835 0.223619 0.0628798
776 0.609835 0.224539 0.0619888
777 0.609835 0.226798 0.0644653
778 0.609835 0.233825 0.0586111
779 0.609835 0.201467 0.0576497
780 0.609835 0.212933 0.0561376
781 0.609835 0.234299 0.0579225
782 0.609835 0.201333 0.0538125
783 0.609835 0.234216 0.0608558
784 0.609835 0.210905 0.0577418
785 0.609835 0.189566 0.0560762
786 0.609835 0.202673 0.0540755
787 0.609835 0.180695 0.0571911
788 0.609835 0.189655 0.0559333
789 0.609835 0.194499 0.0589092
790 0.609835 0.204991 0.0606884
791 0.609835 0.195107 0.0558587
792 0.609835 0.23231 0.0632664
793 0.609835 0.203246 0.055596
794 0.609835 0.212525 0.0588168
795 0.609835 0.212861 0.059451
796 0.609835 0.203968 0.0566937
797 0.609835 0.195925 0.056456
798 0.609835 0.204271 0.0566657
799 0.609835 0.202176 0.0566419
800 0.609835 0.223597 0.0589575
801 0.609835 0.226847 0.0594528
802 0.609835 0.234456 0.0571672
803 0.609835 0.229773 0.0578963
804 0.609835 0.21452 0.0565465
805 0.609835 0.249303 0.0593071
806 0.609835 0.219208 0.0613334
807 0.609835 0.2228 0.063448
808 0.609835 0.221373 0.0639745
809 0.609835 0.236694 0.053786
810 0.609835 0.241689 0.0538083
811 0.609835 0.243552 0.0556383
812 0.609835 0.22672 0.0578621
813 0.609835 0.220575 0.0561636
814 0.609835 0.199452 0.0550345
815 0.609835 0.214156 0.0579508
816 0.609835 0.208022 0.0590671
817 0.609835 0.232859 0.0514106
818 0.609835 0.230852 0.0586683
819 0.609835 0.255406 0.0612292
820 0.609835 0.214202 0.0576739
821 0.609835 0.219474 0.05774
822 0.609835 0.212394 0.0571021
823 0.609835 0.199341 0.0561238
824 0.609835 0.197128 0.059128
825 0.609835 0.193978 0.0578963
826 0.609835 0.187713 0.0563092
827 0.609835 0.191795 0.0560197
828 0.609835 0.181444 0.0524191
829 0.609835 0.226389 0.0600437
830 0.609835 0.263807 0.0553959
831 0.609835 0.298921 0.0533901
832 0.609835 0.293887 0.0539243
833 0.609835 0.288744 0.0555891
834 0.609835 0.252925 0.0511337
835 0.609835 0.229065 0.0571921
836 0.609835 0.22882 0.0514016
837 0.609835 0.227985 0.047843
838 0.609835 0.214839 0.0522061
839 0.609835 0.207951 0.0508264
840 0.609835 0.218542 0.0589587
841 0.609835 0.220925 0.0582548
842 0.609835 0.20021 0.0564278
843 0.609835 0.198436 0.0589394
844 0.609835 0.203868 0.0586715
845 0.609835 0.186709 0.0548168
846 0.609835 0.174946 0.0572095
847 0.609835 0.20808 0.0588429
848 0.609835 0.192876 0.0576014
849 0.609835 0.200597 0.0574559
850 0.609835 0.231019 0.0594272
851 0.609835 0.238255 0.0578139
852 0.609835 0.245665 0.0580474
853 0.609835 0.238463 0.0589778
854 0.609835 0.229929 0.055185
855 0.609835 0.222626 0.0572715
856 0.609835 0.203953 0.0572456
857 0.609835 0.197176 0.0557874
858 0.609835 0.222572 0.0594807
859 0.609835 0.220719 0.0518626
860 0.609835 0.226849 0.0559035
861 0.609835 0.253896 0.0609461
862 0.609835 0.2132 0.0594594
863 0.609835 0.215683 0.0569035
864 0.609835 0.219854 0.0552251
865 0.609835 0.218938 0.0561713
866 0.609835 0.198602 0.0538888
867 0.609835 0.173809 0.0510888
868 0.609835 0.179257 0.0564344
869 0.609835 0.212253 0.059717
870 0.609835 0.212665 0.0588162
871 0.609835 0.212355 0.0624824
872 0.609835 0.213802 0.0579377
873 0.609835 0.231296 0.0622589
874 0.609835 0.215888 0.0587733
875 0.609835 0.20557 0.0592624
876 0.609835 0.190918 0.0530002
877 0.609835 0.198719 0.0527345
878 0.609835 0.211049 0.0581846
879 0.609835 0.212703 0.0593783
880 0.609835 0.197747 0.0603875
881 0.609835 0.213706 0.0590622
882 0.609835 0.234313 0.0605233
883 0.609835 0.200482 0.0584857
884 0.609835 0.211016 0.055893
885 0.609835 0.217678 0.0602968
886 0.609835 0.201202 0.0588114
887 0.609835 0.212437 0.0572054
888 0.609954 0.225197 0.0599235
889 0.609954 0.183861 0.0551724
890 0.609954 0.20185 0.0603432
891 0.609954 0.192795 0.0557544
892 0.609954 0.174763 0.0528279
893 0.609954 0.175919 0.0563445
894 0.609954 0.189192 0.0569191
895 0.609954 0.188043 0.057681
896 0.609954 0.193564 0.0572795
897 0.609954 0.191988 0.0606862
898 0.609954 0.190992 0.0542058
899 0.609954 0.251645 0.0592507
900 0.609954 0.259241 0.058682
901 0.609954 0.233854 0.0597667
902 0.609954 0.229981 0.057792
903 0.609954 0.248196 0.0603139
904 0.609954 0.227036 0.0561101
905 0.609954 0.219864 0.0553239
906 0.609954 0.206451 0.0530222
907 0.609954 0.188 0.0510664
908 0.609954 0.201468 0.0536399
909 0.609954 0.179458 0.056813
910 0.609954 0.146144 0.0505559
911 0.609954 0.168101 0.0561498
912 0.609954 0.189547 0.0575038
913 0.609954 0.188819 0.055168
914 0.609954 0.216435 0.0575876
915 0.609954 0.214052 0.0582288
916 0.609954 0.182924 0.0504312
917 0.609954 0.19926 0.054638
918 0.609954 0.241117 0.0577733
919 0.609954 0.259227 0.0563651
920 0.609954 0.235699 0.0573199
921 0.609954 0.220508 0.0592113
922 0.609954 0.202818 0.0586096
923 0.609954 0.218541 0.0594275
924 0.609954 0.223806 0.0604774
925 0.609954 0.239435 0.0550743
926 0.609954 0.216326 0.0567946
927 0.609954 0.193528 0.0604849
928 0.609954 0.186379 0.0557847
929 0.609954 0.189347 0.0531106
930 0.609954 0.188056 0.0579328
931 0.609954 0.183658 0.0560052
932 0.609954 0.18662 0.0571578
933 0.609954 0.198613 0.0549559
934 0.609954 0.214488 0.0570311
935 0.609954 0.216722 0.0588834
936 0.609954 0.195746 0.0569125
937 0.609954 0.225989 0.0594563
938 0.609954 0.220676 0.0595952
939 0.609954 0.206245 0.0588331
940 0.609954 0.22486 0.0519869
941 0.609954 0.1951 0.0538141
942 0.609954 0.191797 0.0547205
943 0.609954 0.197897 0.0575625
944 0.609954 0.179802 0.0549274
945 0.609954 0.194915 0.0588039
946 0.609954 0.199125 0.0589883
947 0.609954 0.214062 0.0596504
948 0.609954 0.187948 0.0564231
949 0.609954 0.20107 0.0563845
950 0.609954 0.213418 0.0541756
951 0.609954 0.219462 0.0564135
952 0.609954 0.251132 0.058071
953 0.609954 0.260545 0.0582748
954 0.609954 0.232177 0.059734
955 0.609954 0.225057 0.0620006
956 0.609954 0.250037 0.0612527
957 0.609954 0.229774 0.0600705
958 0.609954 0.212963 0.0569947
959 0.609954 0.235995 0.0558094
960 0.609954 0.219685 0.0573141
961 0.609954 0.222584 0.0540977
962 0.609954 0.19636 0.0559391
963 0.609954 0.222805 0.060184
964 0.609954 0.210818 0.0578767
965 0.609954 0.200153 0.0603099
966 0.609954 0.221178 0.0614844
967 0.609954 0.240118 0.0620416
968 0.609954 0.238664 0.061452
969 0.609954 0.236288 0.0646422
970 0.609954 0.236132 0.0604693
971 0.609954 0.236506 0.0621991
972 0.609954 0.230044 0.059683
973 0.609954 0.226035 0.0558375
974 0.609954 0.242286 0.0570558
975 0.609954 0.238807 0.0545333
976 0.609954 0.230256 0.0605235
977 0.609954 0.231654 0.0573938
978 0.609954 0.219874 0.0543975
979 0.609954 0.247637 0.0602971
980 0.609954 0.24723 0.0580062
981 0.609954 0.231964 0.0556031
982 0.609954 0.225612 0.0569943
983 0.609954 0.217692 0.05958
984 0.609954 0.226568 0.0566042
985 0.609954 0.209758 0.0556235
986 0.609954 0.228432 0.0515473
987 0.609954 0.225466 0.058891
988 0.609954 0.220686 0.0547848
989 0.609954 0.209575 0.0557262
990 0.609954 0.222887 0.0574111
991 0.609954 0.228222 0.0608389
992 0.609954 0.228352 0.0596355
993 0.609954 0.232135 0.0599993
994 0.609954 0.22725 0.0618173
995 0.609954 0.196876 0.0574876
996 0.609954 0.220702 0.0568727
997 0.609954 0.244314 0.0586219
998 0.609954 0.224482 0.0573882
999 0.609954 0.206548 0.0588084
1000 0.609954 0.214184 0.0563692
