0 0.125269 0.0653279 0.00391642
1 0.125269 0.075008 0.00371603
2 0.125269 0.0805655 0.00357489
3 0.125272 0.0851028 0.00344179
4 0.125272 0.0869941 0.00330892
5 0.125272 0.0827149 0.00352874
6 0.125272 0.0814603 0.00358164
7 0.125272 0.0814716 0.00358146
8 0.125272 0.0914016 0.00311379
9 0.125272 0.092324 0.00296397
10 0.125272 0.0906294 0.00310912
11 0.125275 0.0837772 0.00341069
12 0.125275 0.0876498 0.00331536
13 0.125275 0.0957008 0.00278717
14 0.150081 0.101627 0.00245329
15 0.150081 0.102699 0.00230169
16 0.151688 0.104433 0.00226025
17 0.151688 0.105239 0.00211773
18 0.151688 0.103699 0.0022708
19 0.151688 0.107062 0.00192956
20 0.154429 0.10377 0.00232814
21 0.250428 0.1097 0.00215369
22 0.250428 0.104772 0.00251791
23 0.250428 0.0995791 0.00295469
24 0.250428 0.0972244 0.00311989
25 0.250428 0.101096 0.00304988
26 0.395132 0.102052 0.00476577
27 0.395132 0.109305 0.00498417
28 0.40466 0.106128 0.00742692
29 0.466953 0.11618 0.00826909
30 0.466953 0.116159 0.00860933
31 0.466953 0.126611 0.00926303
32 0.466953 0.138163 0.0111477
33 0.466953 0.13438 0.0117242
34 0.500576 0.145892 0.0164606
34 0.456472 0.0689085 0.0203968
35 0.456472 0.0644229 0.0198629
36 0.456472 0.0837895 0.0202642
37 0.456472 0.0798827 0.0236844
38 0.505431 0.082439 0.0233089
39 0.519757 0.110644 0.0288648
40 0.525613 0.103376 0.0291974
41 0.537175 0.0997588 0.0319684
42 0.537175 0.100619 0.0323935
43 0.537175 0.0986919 0.0301393
44 0.538321 0.11201 0.0345034
45 0.538321 0.124225 0.0329898
46 0.538321 0.118505 0.0342524
47 0.54781 0.115731 0.0337563
48 0.559502 0.118364 0.0391477
49 0.559502 0.13004 0.0372755
50 0.562023 0.129014 0.0375823
51 0.562023 0.147623 0.0386609
52 0.562023 0.148318 0.0405613
53 0.568352 0.150191 0.0397146
54 0.568608 0.174863 0.0445999
55 0.57175 0.173381 0.0469878
56 0.57175 0.194668 0.0477644
57 0.572193 0.171719 0.0485736
58 0.572193 0.194602 0.0483763
59 0.572193 0.156633 0.0428114
60 0.592661 0.177283 0.0459702
61 0.592661 0.161025 0.0457503
62 0.592661 0.150128 0.0449382
63 0.592661 0.15674 0.0430524
64 0.592661 0.173623 0.0480597
65 0.592661 0.160193 0.0464987
66 0.600006 0.168183 0.050533
67 0.600006 0.171892 0.051563
68 0.600006 0.193866 0.0496839
69 0.600006 0.193928 0.0477661
70 0.600006 0.204033 0.046907
71 0.600006 0.203115 0.0473228
72 0.600006 0.166656 0.04578
73 0.600006 0.162913 0.0462114
74 0.600006 0.165153 0.0463072
75 0.600006 0.132235 0.0433569
76 0.600006 0.15317 0.0487867
77 0.600006 0.144615 0.0451849
78 0.600006 0.146686 0.0483772
79 0.600006 0.134009 0.0415574
80 0.600006 0.137227 0.0433043
81 0.600006 0.170756 0.0521047
82 0.600006 0.150854 0.0465146
83 0.600006 0.164511 0.053747
84 0.600076 0.174374 0.0541955
85 0.600076 0.161936 0.0490305
86 0.600076 0.184547 0.0524037
87 0.602197 0.191247 0.0551303
88 0.602197 0.175385 0.0502427
89 0.602197 0.162778 0.0438622
90 0.602197 0.179294 0.0503673
91 0.602197 0.137626 0.0428795
92 0.602197 0.155368 0.0442019
93 0.602197 0.166535 0.0463885
94 0.602197 0.163575 0.0447667
95 0.602197 0.169118 0.0481304
96 0.602197 0.177845 0.0492523
97 0.602197 0.161566 0.0479377
98 0.602197 0.168122 0.0495472
99 0.602197 0.191112 0.0530198
100 0.602197 0.191853 0.0520468
101 0.602197 0.16386 0.0475168
102 0.602197 0.168266 0.0441284
103 0.602197 0.156957 0.045785
104 0.602197 0.172578 0.0488935
105 0.602197 0.174429 0.0463967
106 0.602197 0.167614 0.0482578
107 0.602197 0.165155 0.0517596
108 0.602197 0.170979 0.0491628
109 0.602197 0.174395 0.0479998
110 0.602197 0.168991 0.0496203
111 0.602197 0.179771 0.0543961
112 0.602197 0.152594 0.0547569
113 0.602197 0.134219 0.0470173
114 0.602197 0.139993 0.0490424
115 0.602949 0.153259 0.053825
116 0.602949 0.152479 0.0500334
117 0.602949 0.125834 0.0415587
118 0.602949 0.155737 0.0471348
119 0.602949 0.165639 0.0500019
120 0.602949 0.152308 0.0502147
121 0.602949 0.154934 0.0500586
122 0.602949 0.170385 0.0550276
123 0.603693 0.168629 0.0515902
124 0.603693 0.175276 0.050879
125 0.603693 0.188437 0.0530424
126 0.603693 0.15984 0.0493146
127 0.603693 0.152282 0.0454051
128 0.603693 0.177119 0.0506181
129 0.603693 0.183063 0.0522899
130 0.604176 0.174146 0.0572409
131 0.604176 0.165989 0.0501555
132 0.604176 0.142919 0.0474803
133 0.604176 0.158321 0.0484184
134 0.604176 0.144863 0.0474751
135 0.604176 0.150289 0.0478807
136 0.604176 0.156663 0.0505845
137 0.604176 0.171988 0.0505466
138 0.604176 0.152507 0.0460418
139 0.604176 0.148775 0.0512353
140 0.604176 0.150777 0.0474304
141 0.604176 0.15451 0.0510331
142 0.604176 0.163872 0.0493182
143 0.604176 0.149254 0.0472629
144 0.604176 0.169682 0.0491528
145 0.604176 0.193033 0.0538636
146 0.604176 0.17897 0.0483807
147 0.604176 0.178922 0.048321
148 0.604176 0.150855 0.0459283
149 0.604176 0.164777 0.048876
150 0.604176 0.171627 0.0485999
151 0.604176 0.154802 0.0436041
152 0.604176 0.185212 0.0508914
153 0.604176 0.174716 0.0477611
154 0.604176 0.178148 0.0501078
155 0.604176 0.165197 0.0422518
156 0.604176 0.167103 0.0431843
157 0.604176 0.183813 0.0459731
158 0.604176 0.185191 0.0457009
159 0.604176 0.191898 0.0533887
160 0.604176 0.197805 0.0545538
161 0.604176 0.187475 0.0593541
162 0.604176 0.176619 0.0541018
163 0.604176 0.182234 0.0527307
164 0.604176 0.178714 0.0497003
165 0.604176 0.17303 0.0531156
166 0.604176 0.157853 0.0521305
167 0.604176 0.177633 0.053522
168 0.604176 0.172496 0.0530437
169 0.604176 0.185734 0.0524245
170 0.604176 0.149836 0.0488823
171 0.604176 0.138899 0.050439
172 0.604176 0.126932 0.0474073
173 0.604176 0.175451 0.055835
174 0.604176 0.153618 0.048757
175 0.604176 0.148533 0.0471228
176 0.604176 0.142523 0.0479819
177 0.604176 0.12983 0.0425162
178 0.604176 0.139224 0.0497385
179 0.604176 0.144769 0.0484193
180 0.604176 0.137376 0.0440654
181 0.604176 0.124717 0.0457563
182 0.604176 0.146005 0.0497859
183 0.604176 0.143288 0.0479009
184 0.604176 0.155843 0.0486875
185 0.604176 0.159902 0.0525831
186 0.604176 0.164761 0.0526071
187 0.604183 0.15467 0.0485014
188 0.604183 0.153534 0.0469739
189 0.604183 0.169704 0.0496646
190 0.604183 0.172588 0.0506888
191 0.604183 0.178097 0.0550309
192 0.604183 0.186984 0.0566317
193 0.604183 0.185788 0.0509844
194 0.604183 0.180519 0.0538717
195 0.604183 0.156985 0.0479899
196 0.604183 0.184169 0.0510866
197 0.604183 0.177566 0.0484571
198 0.604183 0.1803 0.0512291
199 0.604183 0.178759 0.0441605
200 0.604183 0.195418 0.0484346
201 0.604183 0.226584 0.050945
202 0.604183 0.175539 0.0518852
203 0.604183 0.17698 0.0463464
204 0.604183 0.154024 0.0452195
205 0.604183 0.134489 0.0425814
206 0.604183 0.14991 0.047576
207 0.604183 0.152367 0.0454493
208 0.604183 0.165541 0.0493172
209 0.604183 0.176555 0.0466737
210 0.604192 0.185735 0.0546038
211 0.604192 0.159016 0.0474659
212 0.604192 0.157507 0.0489315
213 0.604192 0.157723 0.0448742
214 0.604192 0.159167 0.0495431
215 0.604192 0.166461 0.0495732
216 0.604192 0.132648 0.0413391
217 0.604192 0.146614 0.0445269
218 0.604192 0.161083 0.0481777
219 0.604192 0.162874 0.0509721
220 0.604192 0.154363 0.0519887
221 0.604192 0.154664 0.0486207
222 0.604192 0.17167 0.0496488
223 0.604192 0.12804 0.0407915
224 0.604192 0.173887 0.0522479
225 0.604192 0.160969 0.052162
226 0.604192 0.154779 0.04884
227 0.604192 0.196076 0.0571817
228 0.604192 0.163871 0.0515022
229 0.604192 0.170187 0.0484583
230 0.604192 0.189627 0.0497889
231 0.604192 0.170676 0.0485192
232 0.604192 0.17869 0.0505552
233 0.604192 0.167959 0.0489203
234 0.604192 0.160652 0.0499839
235 0.604413 0.17267 0.0537505
236 0.604413 0.160278 0.0525087
237 0.604413 0.191051 0.0553541
238 0.604413 0.154931 0.0477615
239 0.604413 0.144104 0.0455102
240 0.604413 0.146846 0.0488108
241 0.604413 0.167401 0.0498281
242 0.604413 0.138718 0.0454744
243 0.604413 0.141315 0.0446009
244 0.604413 0.160375 0.0486179
245 0.604413 0.15288 0.0445443
246 0.604413 0.156557 0.0471307
247 0.604413 0.147513 0.0459806
248 0.604413 0.150202 0.047615
249 0.604413 0.163851 0.0517532
250 0.604413 0.166413 0.049952
251 0.604571 0.152021 0.0513185
252 0.604571 0.131537 0.0475593
253 0.604571 0.122287 0.0438167
254 0.604571 0.136668 0.0473936
255 0.604571 0.14721 0.0470463
256 0.604571 0.131031 0.0432437
257 0.604571 0.169429 0.0477317
258 0.604571 0.163107 0.0474558
259 0.604571 0.150663 0.043752
260 0.604571 0.185442 0.0529985
261 0.604571 0.175686 0.0445465
262 0.604571 0.167545 0.0445055
263 0.604571 0.195108 0.0469083
264 0.604571 0.186984 0.0473017
265 0.604571 0.187238 0.0497409
266 0.604571 0.148905 0.0484371
267 0.604571 0.150605 0.0503071
268 0.604571 0.144446 0.0460579
269 0.604571 0.171608 0.0476104
270 0.604571 0.167716 0.0503473
271 0.604571 0.171975 0.0509152
272 0.604571 0.197587 0.0553875
273 0.604571 0.177719 0.0547172
274 0.604571 0.163632 0.0472093
275 0.604571 0.185497 0.0513279
276 0.604571 0.154933 0.0472012
277 0.604571 0.157243 0.0427822
278 0.604571 0.160624 0.0417526
279 0.604571 0.162477 0.0426438
280 0.604571 0.166455 0.0448868
281 0.604571 0.129434 0.0422747
282 0.604571 0.139688 0.0455344
283 0.604571 0.150511 0.0459987
284 0.604571 0.149899 0.0478077
285 0.604571 0.148498 0.0442301
286 0.604571 0.129171 0.0494328
287 0.604571 0.126833 0.0436307
288 0.604571 0.12596 0.0465762
289 0.604571 0.148557 0.0485103
290 0.604571 0.128983 0.0419521
291 0.604571 0.151074 0.0494088
292 0.604571 0.145465 0.0483625
293 0.604571 0.135698 0.0450078
294 0.604571 0.171505 0.0491198
295 0.604571 0.169691 0.0466731
296 0.604571 0.172132 0.0481864
297 0.604571 0.191716 0.0519178
298 0.604604 0.1565 0.0491506
299 0.604604 0.168018 0.0484475
300 0.604713 0.166978 0.0482009
301 0.604713 0.18146 0.0503851
302 0.604713 0.160421 0.0481176
303 0.604713 0.153926 0.0451112
304 0.604713 0.171944 0.0442763
305 0.604713 0.180346 0.0488144
306 0.604713 0.173138 0.0487805
307 0.604713 0.189423 0.0508055
308 0.604713 0.171978 0.0462717
309 0.604713 0.147309 0.0431101
310 0.604713 0.156682 0.047708
311 0.604713 0.174481 0.0524366
312 0.604713 0.159577 0.0494282
313 0.605303 0.149286 0.0481007
314 0.605303 0.162585 0.0528235
315 0.605303 0.190508 0.0558284
316 0.605303 0.181153 0.0542038
317 0.605303 0.140888 0.0443143
318 0.605303 0.145599 0.0475606
319 0.605303 0.139582 0.047389
320 0.605303 0.147288 0.0494799
321 0.605303 0.140879 0.0456169
322 0.605303 0.141441 0.0462011
323 0.605303 0.151158 0.0454013
324 0.605303 0.178784 0.0491306
325 0.605303 0.192846 0.0550459
326 0.605303 0.159586 0.0502528
327 0.605303 0.173335 0.0529489
328 0.605303 0.169079 0.0497471
329 0.605303 0.178381 0.0522296
330 0.605303 0.186668 0.0533935
331 0.605303 0.181966 0.053736
332 0.605303 0.166691 0.0512563
333 0.605303 0.172609 0.0488792
334 0.605303 0.179863 0.0524374
335 0.605566 0.213843 0.0494678
336 0.605566 0.187641 0.0482193
337 0.605566 0.186007 0.0484532
338 0.605566 0.172355 0.0487518
339 0.605566 0.178428 0.0508492
340 0.605566 0.169431 0.0507044
341 0.605566 0.172073 0.0491761
342 0.605566 0.183589 0.0474277
343 0.605566 0.189918 0.0465033
344 0.605566 0.174061 0.0482783
345 0.605566 0.195289 0.0469887
346 0.605566 0.19108 0.0489567
347 0.605566 0.205693 0.0493998
348 0.605566 0.193881 0.049661
349 0.605566 0.201861 0.052012
350 0.605566 0.171942 0.0486688
351 0.605566 0.172102 0.0480595
352 0.605566 0.143704 0.0480529
353 0.605566 0.158331 0.0519528
354 0.605566 0.176824 0.055285
355 0.605566 0.176618 0.0566424
356 0.605566 0.173524 0.0515993
357 0.605566 0.155508 0.0519447
358 0.605566 0.176525 0.0468183
359 0.605566 0.164507 0.046489
360 0.605566 0.148001 0.0467687
361 0.605566 0.128049 0.045965
362 0.605566 0.168725 0.0481594
363 0.605566 0.189489 0.0552365
364 0.605566 0.163996 0.0490922
365 0.605566 0.148563 0.0470485
366 0.605566 0.136943 0.045659
367 0.605566 0.163556 0.0523966
368 0.605566 0.13631 0.047067
369 0.605566 0.151086 0.0507048
370 0.605566 0.166888 0.0538215
371 0.605566 0.152358 0.0479692
372 0.605566 0.151399 0.0446722
373 0.605566 0.123718 0.0445544
374 0.605566 0.131811 0.0468087
375 0.605566 0.156327 0.0472674
376 0.605566 0.163576 0.053264
377 0.605566 0.15077 0.0465401
378 0.605566 0.163575 0.0507091
379 0.605677 0.172599 0.0523588
380 0.605677 0.179975 0.0514804
381 0.605677 0.146782 0.0465172
382 0.605677 0.147566 0.0451255
383 0.605677 0.17089 0.05028
384 0.605677 0.176703 0.0512689
385 0.605677 0.149248 0.0427558
386 0.605677 0.146402 0.0430426
387 0.605677 0.134556 0.0425504
388 0.605677 0.172752 0.0485569
389 0.605677 0.150973 0.0506083
390 0.605677 0.158014 0.0462472
391 0.605677 0.144756 0.043877
392 0.605677 0.159531 0.0491849
393 0.605677 0.14261 0.0509565
394 0.605677 0.1546 0.0485858
395 0.605677 0.155602 0.0501262
396 0.605677 0.182345 0.0575801
397 0.605677 0.172237 0.0540623
398 0.605677 0.175451 0.0486445
399 0.605677 0.169383 0.0496333
400 0.605677 0.166626 0.0504838
401 0.605677 0.154144 0.0460862
402 0.605677 0.17075 0.0512302
403 0.605677 0.15576 0.0480169
404 0.605677 0.162385 0.0453976
405 0.605677 0.169188 0.0513093
406 0.605677 0.163025 0.0509787
407 0.605677 0.152446 0.0462917
408 0.605677 0.175168 0.0534531
409 0.605677 0.166819 0.0524676
410 0.605677 0.177189 0.054289
411 0.605677 0.149548 0.0483284
412 0.605677 0.174451 0.047545
413 0.605677 0.171135 0.0505986
414 0.605677 0.177589 0.047881
415 0.605677 0.163069 0.0485153
416 0.605677 0.187401 0.0509979
417 0.605677 0.173331 0.0493299
418 0.605677 0.166653 0.048555
419 0.605677 0.144975 0.044836
420 0.605677 0.158318 0.045326
421 0.605677 0.141251 0.0416089
422 0.605677 0.158454 0.0424504
423 0.605677 0.15602 0.0442191
424 0.605744 0.135898 0.0425794
425 0.606932 0.165875 0.0473039
426 0.606932 0.161396 0.0467662
427 0.606932 0.145858 0.0427477
428 0.606932 0.172811 0.0513154
429 0.606932 0.153654 0.0397318
430 0.606932 0.138568 0.0421628
431 0.606932 0.147172 0.0484198
432 0.606932 0.167034 0.0507104
433 0.606932 0.170658 0.0533403
434 0.606932 0.16907 0.0488618
435 0.606932 0.16171 0.0442078
436 0.606932 0.170468 0.046923
437 0.606932 0.175447 0.0528515
438 0.606932 0.181796 0.049639
439 0.606932 0.183198 0.0487508
440 0.606932 0.181595 0.0479105
441 0.606932 0.185722 0.0540932
442 0.606932 0.1658 0.0474175
443 0.606932 0.144479 0.0477974
444 0.606932 0.166686 0.0458747
445 0.606932 0.140856 0.0500043
446 0.606932 0.144801 0.0475033
447 0.606932 0.160792 0.0480566
448 0.606932 0.16337 0.0491681
449 0.606932 0.167992 0.0462849
450 0.606932 0.162435 0.0472441
451 0.606932 0.162141 0.045744
452 0.606932 0.164047 0.0477463
453 0.606932 0.149893 0.0474212
454 0.606932 0.143569 0.0465644
455 0.606932 0.163078 0.0481276
456 0.606932 0.147376 0.0427169
457 0.606932 0.138571 0.0420017
458 0.606932 0.158799 0.0468933
459 0.606932 0.174931 0.0513777
460 0.606932 0.143303 0.0434986
461 0.606932 0.148925 0.045508
462 0.606932 0.176634 0.050151
463 0.606932 0.147587 0.0437651
464 0.606932 0.187458 0.0541171
465 0.606932 0.158696 0.0455649
466 0.606932 0.146647 0.0476565
467 0.606932 0.137176 0.0472213
468 0.606932 0.159086 0.0497257
469 0.606932 0.167452 0.0480815
470 0.606932 0.174271 0.0486097
471 0.606932 0.172095 0.0502809
472 0.606932 0.16823 0.0597565
473 0.606932 0.155135 0.050577
474 0.606932 0.147799 0.0501591
475 0.606932 0.172976 0.0545684
476 0.606932 0.167511 0.0504974
477 0.606932 0.182813 0.0475127
478 0.606932 0.164345 0.0462229
479 0.606932 0.137939 0.0436379
480 0.606932 0.149291 0.0449031
481 0.606932 0.174232 0.0504637
482 0.606932 0.151081 0.0445536
483 0.606932 0.155743 0.0477656
484 0.606932 0.163909 0.0495231
485 0.606932 0.182141 0.0477969
486 0.606932 0.131943 0.039596
487 0.606932 0.153787 0.0460615
488 0.606932 0.159422 0.0474845
489 0.606932 0.164399 0.0467776
490 0.606932 0.147385 0.0454772
491 0.606932 0.157076 0.0495917
492 0.606932 0.152043 0.04588
493 0.606932 0.146346 0.047377
494 0.606932 0.13742 0.0452576
495 0.606932 0.13098 0.045356
496 0.606932 0.122665 0.0458965
497 0.606932 0.125732 0.0439469
498 0.606932 0.152229 0.0482442
499 0.606932 0.128234 0.0447925
500 0.606932 0.132012 0.0453027
501 0.606932 0.113952 0.0387703
502 0.606932 0.150158 0.0494213
503 0.606932 0.132089 0.0454147
504 0.606932 0.120811 0.0435555
505 0.606932 0.137331 0.0469804
506 0.606932 0.170248 0.0511791
507 0.606932 0.175629 0.0538733
508 0.606932 0.166188 0.0494244
509 0.606932 0.179109 0.0529376
510 0.606932 0.178403 0.0519522
511 0.606932 0.163412 0.0476446
512 0.606932 0.140953 0.0404504
513 0.606932 0.159772 0.0467029
514 0.606932 0.143414 0.048683
515 0.606932 0.152996 0.0499703
516 0.606932 0.157812 0.0515488
517 0.606932 0.14484 0.05032
518 0.606932 0.123902 0.0436813
519 0.606932 0.146295 0.0478809
520 0.606932 0.137521 0.0508566
521 0.606932 0.130821 0.0472487
522 0.606932 0.127439 0.0474921
523 0.606932 0.119673 0.0443825
524 0.606932 0.136917 0.0488239
525 0.606932 0.116047 0.0393736
526 0.606932 0.135368 0.0448598
527 0.606932 0.140652 0.0459355
528 0.606932 0.156683 0.0462333
529 0.606932 0.155898 0.0429699
530 0.610861 0.184557 0.0485534
531 0.610861 0.16089 0.0485299
532 0.610861 0.157972 0.050725
533 0.610861 0.165809 0.0511949
534 0.610861 0.149634 0.0441707
535 0.610861 0.132968 0.0436353
536 0.610861 0.155359 0.0461214
537 0.610861 0.138645 0.0443173
538 0.610861 0.164308 0.0508535
539 0.610861 0.136557 0.0446278
540 0.610861 0.151107 0.0442934
541 0.610861 0.156479 0.0453755
542 0.610861 0.126229 0.0446218
543 0.610861 0.13957 0.0467883
544 0.610861 0.159249 0.0500362
545 0.610861 0.15729 0.0510447
546 0.610861 0.140942 0.0474018
547 0.610861 0.140827 0.0494899
548 0.610861 0.165493 0.0510018
549 0.610861 0.161226 0.0479126
550 0.610861 0.181762 0.0577216
551 0.610861 0.16366 0.0540614
552 0.610861 0.146411 0.0475789
553 0.610861 0.146538 0.0423291
554 0.610861 0.159557 0.0443103
555 0.610861 0.148006 0.0457047
556 0.610861 0.125923 0.0414471
557 0.610861 0.13274 0.0492907
558 0.610861 0.15045 0.0515396
559 0.610861 0.159747 0.0538934
560 0.610861 0.157629 0.0518619
561 0.610861 0.164554 0.0522532
562 0.610861 0.151843 0.047696
563 0.610861 0.144993 0.0492073
564 0.610861 0.140802 0.0455694
565 0.610861 0.147155 0.0472083
566 0.610861 0.117012 0.0410846
567 0.610861 0.111757 0.0428838
568 0.610861 0.129993 0.0460826
569 0.610861 0.153038 0.0454435
570 0.610861 0.17342 0.0458529
571 0.610861 0.141641 0.0430529
572 0.610861 0.141514 0.0406274
573 0.610861 0.13729 0.0467906
574 0.610861 0.12767 0.0429135
575 0.610861 0.144276 0.0454244
576 0.610861 0.126855 0.0396738
577 0.610861 0.141086 0.0459552
578 0.610861 0.145924 0.0462411
579 0.610861 0.122571 0.0452907
580 0.610861 0.136734 0.0468676
581 0.610861 0.144578 0.0490293
582 0.610861 0.152758 0.0462179
583 0.613678 0.156874 0.0483632
584 0.613678 0.139052 0.0433122
585 0.613678 0.141713 0.0440835
586 0.613678 0.136883 0.0458886
587 0.613678 0.118066 0.0425556
588 0.613678 0.138146 0.0461232
589 0.613678 0.141321 0.0484065
590 0.613678 0.0991492 0.0403627
591 0.613678 0.116821 0.0400247
592 0.613678 0.132507 0.0471945
593 0.613678 0.149278 0.0537587
594 0.613678 0.143461 0.0511458
595 0.613678 0.138427 0.0526029
596 0.613678 0.117248 0.042271
597 0.613678 0.102747 0.0401759
598 0.613678 0.115179 0.0394677
599 0.613678 0.120535 0.0438426
600 0.615288 0.119363 0.0460692
601 0.615288 0.12434 0.0474939
602 0.615288 0.126203 0.0441274
603 0.615288 0.12833 0.0472861
604 0.615288 0.120126 0.0459168
605 0.615288 0.130714 0.0455933
606 0.61548 0.118861 0.0433773
607 0.61548 0.129424 0.0451922
608 0.61548 0.115107 0.0427932
609 0.61548 0.124409 0.0460851
610 0.61548 0.122543 0.0426082
611 0.61548 0.115128 0.0430289
612 0.61548 0.140166 0.0506877
613 0.61548 0.140373 0.0490571
614 0.61548 0.144881 0.0462035
615 0.61548 0.131041 0.0448832
616 0.616229 0.115489 0.0432471
617 0.616229 0.129199 0.0450282
618 0.616229 0.145578 0.0502272
619 0.616229 0.149828 0.0496887
620 0.616229 0.153181 0.0504382
621 0.616229 0.142316 0.0435545
622 0.616229 0.14864 0.0454541
623 0.616229 0.142078 0.0462762
624 0.616229 0.15729 0.0482847
625 0.616229 0.140386 0.0459301
626 0.616229 0.1312 0.0441752
627 0.616229 0.134696 0.0423788
628 0.616229 0.148324 0.0480189
629 0.616229 0.146143 0.0477409
630 0.616229 0.123824 0.0425006
631 0.616229 0.121835 0.0454118
632 0.616343 0.149427 0.0517822
633 0.616343 0.123053 0.0460614
634 0.616343 0.135184 0.0465286
635 0.616343 0.144568 0.0491937
636 0.616343 0.156484 0.0535268
637 0.616343 0.123181 0.0440624
638 0.616343 0.145457 0.0473126
639 0.616343 0.135212 0.0433268
640 0.616343 0.141619 0.048017
641 0.616343 0.123296 0.0417117
642 0.616343 0.125631 0.0490243
643 0.616343 0.11777 0.0435779
644 0.616343 0.123818 0.0441694
645 0.616343 0.122998 0.045781
646 0.616343 0.104316 0.0390496
647 0.616343 0.133468 0.043362
648 0.616343 0.152584 0.0489855
649 0.616343 0.167841 0.0519644
650 0.616343 0.154491 0.049078
651 0.616343 0.163039 0.052728
652 0.616343 0.169705 0.0527093
653 0.616343 0.153369 0.0480449
654 0.616343 0.168048 0.046564
655 0.616343 0.133331 0.0425422
656 0.616343 0.171553 0.0548088
657 0.616343 0.158136 0.0544969
658 0.616343 0.115592 0.042955
659 0.616343 0.107913 0.0424508
660 0.616343 0.137552 0.0488624
661 0.616343 0.121513 0.0436564
662 0.616343 0.127436 0.0478468
663 0.616343 0.113779 0.0451463
664 0.616343 0.131928 0.0460954
665 0.616343 0.154459 0.0487644
666 0.616343 0.118504 0.0422328
667 0.616343 0.130651 0.0429837
668 0.616343 0.135932 0.0467266
669 0.616343 0.117006 0.0412206
670 0.616343 0.131599 0.0494306
671 0.616343 0.13139 0.0488451
672 0.616343 0.125172 0.0449258
673 0.618191 0.116813 0.0438268
674 0.618191 0.131517 0.0493136
675 0.618191 0.112432 0.044339
676 0.618191 0.101908 0.0402692
677 0.618191 0.10343 0.0414821
678 0.618191 0.117242 0.0417007
679 0.618191 0.13938 0.0488246
680 0.618191 0.111501 0.0419386
681 0.618191 0.146385 0.0545803
682 0.618191 0.105264 0.0416997
683 0.618191 0.126099 0.0462998
684 0.618191 0.118315 0.0467199
685 0.618191 0.116469 0.0437276
686 0.618191 0.112526 0.0450735
687 0.618191 0.118327 0.0470943
688 0.618191 0.112433 0.0479528
689 0.618191 0.123663 0.0447395
690 0.618191 0.138231 0.0463502
691 0.618191 0.14696 0.050775
692 0.618191 0.155534 0.0485078
693 0.618191 0.132038 0.0460304
694 0.618191 0.110546 0.0410609
695 0.618191 0.121613 0.0407915
696 0.618191 0.098494 0.0382769
697 0.618191 0.108361 0.0413233
698 0.618191 0.112929 0.0417295
699 0.618191 0.134091 0.0487309
700 0.618191 0.124841 0.0453788
701 0.618191 0.121825 0.0471515
702 0.618191 0.152129 0.049933
703 0.618191 0.169753 0.0550421
704 0.618191 0.164789 0.0516666
705 0.618191 0.136658 0.0469441
706 0.618191 0.145852 0.046444
707 0.618191 0.139511 0.0442023
708 0.618191 0.128814 0.0409737
709 0.618191 0.12861 0.0445654
710 0.618191 0.141537 0.0501236
711 0.618191 0.133471 0.0458633
712 0.618191 0.134764 0.0492471
713 0.618191 0.106433 0.0397393
714 0.618191 0.122678 0.0427705
715 0.618191 0.12497 0.0445551
716 0.618191 0.132535 0.0440912
717 0.618191 0.147745 0.051848
718 0.618191 0.144584 0.0465893
719 0.618191 0.13583 0.0443656
720 0.618191 0.13148 0.0442899
721 0.618191 0.127961 0.0417485
722 0.618191 0.131562 0.0428159
723 0.618191 0.135418 0.0431018
724 0.618191 0.123224 0.0401693
725 0.618191 0.152166 0.0463039
726 0.618191 0.133334 0.0467771
727 0.618191 0.152207 0.0503552
728 0.618191 0.140067 0.0479486
729 0.618191 0.153628 0.0504081
730 0.618191 0.131849 0.0428874
731 0.618191 0.117304 0.0402049
732 0.618191 0.14645 0.0471771
733 0.618191 0.168622 0.0491214
734 0.618191 0.176901 0.0461051
735 0.618191 0.180934 0.0528346
736 0.618191 0.166148 0.0439019
737 0.618191 0.196461 0.0540103
738 0.618191 0.163099 0.0456442
739 0.618191 0.140418 0.0455785
740 0.618191 0.122146 0.0378666
741 0.618191 0.126511 0.0409253
742 0.618191 0.141537 0.0448736
743 0.618191 0.12903 0.0453005
744 0.618191 0.125191 0.0436241
745 0.618191 0.116608 0.042642
746 0.618191 0.116228 0.0434648
747 0.618191 0.091495 0.0365409
748 0.618191 0.104183 0.0428478
749 0.618191 0.12324 0.0479951
750 0.618191 0.132418 0.0469949
751 0.618191 0.136966 0.0492224
752 0.618191 0.136769 0.0485448
753 0.618191 0.101293 0.0408307
754 0.618191 0.123598 0.0458324
755 0.618191 0.115859 0.0414045
756 0.618191 0.122216 0.0430727
757 0.618191 0.132684 0.0464214
758 0.618191 0.121857 0.0424925
759 0.618191 0.113349 0.0429075
760 0.618191 0.108152 0.0417879
761 0.618191 0.142341 0.0469385
762 0.618191 0.115251 0.0424009
763 0.618191 0.0997305 0.0409539
764 0.618191 0.108302 0.0423603
765 0.618191 0.0929824 0.0391203
766 0.618191 0.106711 0.044326
767 0.618191 0.114212 0.0455207
768 0.618191 0.116656 0.0452476
769 0.618191 0.132137 0.0476697
770 0.618191 0.140551 0.0490933
771 0.618191 0.168595 0.0511721
772 0.618191 0.161396 0.052422
773 0.618191 0.144481 0.0502475
774 0.618191 0.120177 0.0422082
775 0.618191 0.12179 0.0424419
776 0.618191 0.130246 0.0452787
777 0.618191 0.123589 0.0448938
778 0.618191 0.145391 0.0491145
779 0.618191 0.103276 0.03955
780 0.618191 0.137931 0.0483955
781 0.618191 0.142119 0.050152
782 0.618191 0.139494 0.0416967
783 0.618191 0.120146 0.0417705
784 0.618191 0.121373 0.0438638
785 0.618191 0.123527 0.0423864
786 0.618191 0.142434 0.0509068
787 0.618191 0.117886 0.0419547
788 0.618191 0.117145 0.0414956
789 0.618191 0.108731 0.0409609
790 0.618191 0.107732 0.0405132
791 0.618191 0.136778 0.0460103
792 0.618191 0.128741 0.0473606
793 0.618191 0.123994 0.0459657
794 0.618191 0.123396 0.0424655
795 0.618191 0.125244 0.0448857
796 0.618191 0.131505 0.0428707
797 0.618191 0.118972 0.0449129
798 0.618191 0.130091 0.0469802
799 0.618191 0.125716 0.0465933
800 0.618191 0.129188 0.0439939
801 0.618191 0.167097 0.0492578
802 0.618191 0.156931 0.0479514
803 0.618191 0.142164 0.0480694
804 0.618191 0.153104 0.0482789
805 0.618191 0.152078 0.0438238
806 0.618191 0.17563 0.0512474
807 0.618191 0.170547 0.0522582
808 0.618191 0.146777 0.0457297
809 0.618191 0.135691 0.0438469
810 0.618191 0.153833 0.0456241
811 0.618191 0.14045 0.0434405
812 0.618191 0.164635 0.0479162
813 0.618191 0.166136 0.051954
814 0.618191 0.13863 0.0482012
815 0.618191 0.14485 0.0477657
816 0.618191 0.153602 0.0536995
817 0.618191 0.148699 0.0487886
818 0.618191 0.102955 0.0423184
819 0.618191 0.119169 0.044957
820 0.618191 0.11896 0.0461963
821 0.618191 0.132816 0.0474216
822 0.618191 0.132671 0.0441926
823 0.618191 0.147144 0.0485819
824 0.618191 0.123906 0.0435694
825 0.618191 0.128905 0.0458875
826 0.618191 0.136426 0.0481336
827 0.618191 0.140659 0.0472335
828 0.618191 0.127126 0.0422473
829 0.618191 0.156102 0.0482894
830 0.618191 0.161265 0.052239
831 0.618191 0.124059 0.0460211
832 0.618191 0.106023 0.0390647
833 0.618191 0.134359 0.0449447
834 0.618191 0.123268 0.0393233
835 0.618191 0.120801 0.039436
836 0.618191 0.138275 0.0468238
837 0.618191 0.1357 0.0466781
838 0.618191 0.121899 0.0421358
839 0.618191 0.135589 0.0435162
840 0.618191 0.112381 0.0406358
841 0.618191 0.140472 0.0467819
842 0.618191 0.152394 0.046512
843 0.618191 0.129372 0.0430588
844 0.618191 0.103364 0.0377401
845 0.618191 0.134828 0.0477344
846 0.618191 0.114225 0.0435769
847 0.618191 0.11581 0.0391942
848 0.618191 0.13208 0.0419967
849 0.618191 0.123324 0.0406339
850 0.618191 0.140554 0.0460153
851 0.618191 0.130407 0.0444101
852 0.618191 0.126194 0.0443574
853 0.618191 0.133297 0.0492151
854 0.618191 0.130761 0.0448248
855 0.618191 0.131537 0.0426673
856 0.618191 0.14068 0.0446953
857 0.618191 0.136248 0.048362
858 0.618191 0.137471 0.0474205
859 0.618191 0.11675 0.0397203
860 0.618191 0.114146 0.0405389
861 0.618191 0.143033 0.0453887
862 0.618191 0.142525 0.0458299
863 0.618191 0.134388 0.0430978
864 0.618191 0.151854 0.047178
865 0.618191 0.145892 0.0477233
866 0.618191 0.140614 0.0453945
867 0.618191 0.132269 0.0445344
868 0.618191 0.121817 0.0397771
869 0.618191 0.136021 0.0462492
870 0.618191 0.13452 0.042207
871 0.618191 0.136197 0.0461623
872 0.618191 0.136132 0.04572
873 0.618191 0.162338 0.0478923
874 0.618191 0.157974 0.0482075
875 0.618191 0.135463 0.0430608
876 0.618191 0.1384 0.0460572
877 0.618191 0.159103 0.0509975
878 0.618191 0.142396 0.0449813
879 0.618191 0.156353 0.0499461
880 0.618191 0.160207 0.0452765
881 0.618191 0.147026 0.0453137
882 0.618191 0.145648 0.0455527
883 0.618191 0.110343 0.0395431
884 0.618191 0.137397 0.047371
885 0.618191 0.140894 0.0476496
886 0.618191 0.117525 0.0442746
887 0.618191 0.127543 0.04283
888 0.618191 0.133547 0.0468498
889 0.618191 0.119716 0.0431918
890 0.618191 0.141627 0.049861
891 0.618191 0.141709 0.0491022
892 0.618191 0.124166 0.0461099
893 0.618191 0.104148 0.0389846
894 0.618191 0.126733 0.0435294
895 0.618191 0.140649 0.0458694
896 0.618191 0.123414 0.0438616
897 0.618191 0.131597 0.0451077
898 0.618191 0.118338 0.0407138
899 0.618191 0.110397 0.0425796
900 0.618191 0.138845 0.0470298
901 0.618191 0.122453 0.0417207
902 0.618191 0.124748 0.0441111
903 0.618191 0.123768 0.0422334
904 0.618191 0.117864 0.0423628
905 0.618191 0.116228 0.0458067
906 0.618191 0.130031 0.0440974
907 0.618191 0.141177 0.0487883
908 0.618191 0.135534 0.0475087
909 0.618191 0.109608 0.0402263
910 0.618191 0.110832 0.041849
911 0.618191 0.118721 0.0465773
912 0.618191 0.124842 0.0468688
913 0.618191 0.114457 0.043277
914 0.618191 0.133573 0.0473565
915 0.618191 0.0990462 0.0385916
916 0.618191 0.105481 0.0432503
917 0.618191 0.123214 0.0449279
918 0.618191 0.12502 0.0447232
919 0.618191 0.122657 0.0442898
920 0.618191 0.12189 0.0454176
921 0.618191 0.133079 0.0426464
922 0.618191 0.135149 0.0449783
923 0.618191 0.128087 0.0432254
924 0.618191 0.115285 0.0413831
925 0.618191 0.133339 0.0469781
926 0.618191 0.124037 0.0457196
927 0.618191 0.114159 0.0425049
928 0.618191 0.107594 0.0385904
929 0.618191 0.115542 0.0434928
930 0.618191 0.122624 0.0452532
931 0.618191 0.137441 0.0482165
932 0.618191 0.132593 0.0457859
933 0.618191 0.11711 0.0439029
934 0.618191 0.120475 0.0412594
935 0.618191 0.106682 0.0390627
936 0.618191 0.108679 0.0404178
937 0.618191 0.127647 0.0397775
938 0.618191 0.107363 0.0392918
939 0.618191 0.123708 0.0439994
940 0.618191 0.130409 0.0472983
941 0.618191 0.147364 0.046469
942 0.618191 0.121627 0.0417895
943 0.618191 0.113584 0.0396323
944 0.618191 0.120594 0.0415989
945 0.618191 0.12156 0.0409349
946 0.618191 0.130308 0.0448425
947 0.618191 0.134835 0.0432213
948 0.618191 0.136702 0.0459227
949 0.618191 0.134413 0.0446734
950 0.618191 0.146392 0.0468454
951 0.618191 0.129738 0.042497
952 0.618191 0.12585 0.0428895
953 0.618191 0.138481 0.0473544
954 0.618191 0.147717 0.0448321
955 0.618191 0.145183 0.0460554
956 0.618191 0.121283 0.03905
957 0.618191 0.121164 0.0434955
958 0.618191 0.129468 0.0428887
959 0.618191 0.136396 0.0438178
960 0.618191 0.14426 0.045999
961 0.618191 0.131737 0.0440892
962 0.618191 0.135163 0.0466402
963 0.618191 0.146283 0.0474069
964 0.618191 0.159952 0.0500204
965 0.618191 0.157064 0.0488083
966 0.618191 0.155539 0.0518299
967 0.618191 0.13783 0.0450898
968 0.618191 0.14992 0.0480545
969 0.618191 0.14266 0.0519425
970 0.618191 0.128492 0.0421887
971 0.618191 0.143025 0.0427412
972 0.618191 0.130467 0.0462173
973 0.618191 0.119713 0.0392935
974 0.618191 0.128319 0.0439138
975 0.618191 0.129617 0.0402334
976 0.618191 0.158968 0.0475347
977 0.618191 0.154526 0.0438499
978 0.618191 0.168373 0.0483192
979 0.618191 0.170703 0.0538106
980 0.618191 0.146738 0.0440462
981 0.618191 0.138302 0.0432862
982 0.618191 0.148393 0.047021
983 0.618191 0.148157 0.0460348
984 0.618191 0.138821 0.0462774
985 0.618191 0.147016 0.0457887
986 0.618191 0.138563 0.0424124
987 0.618191 0.144751 0.0460892
988 0.618191 0.124019 0.0450737
989 0.618191 0.174492 0.0480932
990 0.618191 0.16451 0.0468373
991 0.618191 0.170135 0.0466415
992 0.618191 0.160971 0.047764
993 0.618191 0.152349 0.0467365
994 0.618191 0.132724 0.0439046
995 0.618191 0.134731 0.0474875
996 0.618191 0.123337 0.044711
997 0.618191 0.11464 0.039455
998 0.618191 0.128831 0.0432184
999 0.618191 0.147278 0.0462166
1000 0.618191 0.123814 0.0413733
