0 0.125266 0.0626066 0.00394808
1 0.125266 0.0756334 0.00374028
2 0.125266 0.0779348 0.00367707
3 0.125266 0.0814375 0.0035839
4 0.125266 0.0815194 0.00357291
5 0.125272 0.0770901 0.00368607
6 0.125272 0.0877138 0.00330415
7 0.125272 0.0860026 0.00334946
8 0.125272 0.090546 0.00312248
9 0.125276 0.0939541 0.00295145
10 0.125276 0.0954588 0.0027835
11 0.125276 0.0977963 0.00268284
12 0.125278 0.105127 0.00210991
13 0.12635 0.10817 0.00181668
14 0.12635 0.111383 0.00154785
15 0.126382 0.113973 0.00127883
16 0.126382 0.106532 0.00198979
17 0.126382 0.107677 0.00190105
18 0.126382 0.106434 0.00200751
19 0.126382 0.10772 0.00189468
20 0.126443 0.102751 0.00232124
21 0.126443 0.104027 0.0022153
22 0.126443 0.0957541 0.00280304
23 0.126641 0.104115 0.00220666
24 0.126641 0.100302 0.00251247
25 0.126641 0.0966113 0.00278533
26 0.126641 0.0990516 0.00261471
27 0.126641 0.100368 0.00251386
28 0.126641 0.0915326 0.00305023
29 0.126924 0.0917149 0.00308896
30 0.12696 0.0892078 0.00323248
31 0.12775 0.0929488 0.00302699
32 0.12775 0.0942921 0.0029398
33 0.12775 0.088142 0.00327656
34 0.12775 0.0787474 0.0036117
35 0.12775 0.087702 0.00328924
36 0.127988 0.093101 0.00301597
37 0.128137 0.0980638 0.00269309
38 0.128137 0.0974282 0.00269298
39 0.128137 0.0969327 0.00274893
40 0.128137 0.104246 0.00222154
41 0.128137 0.0948451 0.00286668
42 0.128137 0.0994829 0.00255329
43 0.128137 0.0919418 0.00306986
44 0.128137 0.0908152 0.00313223
45 0.128137 0.0967973 0.00276799
46 0.12946 0.0943825 0.00293942
47 0.12946 0.0881352 0.00329168
48 0.12946 0.0922985 0.00304649
49 0.12946 0.0967377 0.00277136
50 0.12946 0.100589 0.00248877
51 0.12946 0.0995162 0.00256284
52 0.129849 0.101995 0.00241593
53 0.129849 0.101983 0.00238229
54 0.129849 0.0982467 0.00266728
55 0.129849 0.0917496 0.00303766
56 0.129849 0.0970037 0.00276176
57 0.129955 0.0976858 0.00267339
58 0.129955 0.0919933 0.00299087
59 0.129955 0.085706 0.00331442
60 0.129955 0.0833644 0.0035032
61 0.129955 0.0803907 0.00357442
62 0.129955 0.0811415 0.00353117
63 0.129955 0.0869873 0.00331478
64 0.129955 0.083895 0.00337093
65 0.133556 0.0905191 0.00310391
66 0.133556 0.08634 0.00335232
67 0.133556 0.0922714 0.00306297
68 0.133556 0.0972131 0.00278548
69 0.133556 0.0901626 0.00316239
70 0.133556 0.0898036 0.00318583
71 0.133556 0.0826841 0.00347599
72 0.133556 0.0887523 0.00326964
73 0.133556 0.0908079 0.00313146
74 0.133556 0.0912194 0.00312717
75 0.133556 0.0874221 0.00327594
76 0.133556 0.0914497 0.00313893
77 0.133556 0.0861357 0.00340818
78 0.133556 0.0933628 0.0030077
79 0.133556 0.0861528 0.00332739
80 0.133556 0.0875647 0.00321916
81 0.133556 0.0857129 0.00332486
82 0.133556 0.0857501 0.00336212
83 0.133556 0.0864559 0.00339013
84 0.133556 0.0924238 0.00307419
85 0.133556 0.088259 0.0032713
86 0.133556 0.0845806 0.00336303
87 0.133556 0.0918515 0.00306183
88 0.133556 0.0871629 0.00324979
89 0.133556 0.0865227 0.00327658
90 0.133556 0.090906 0.00310039
91 0.133556 0.0872765 0.0032755
92 0.133556 0.0930479 0.00302946
93 0.133556 0.0929531 0.00300303
94 0.133556 0.0912371 0.00306857
95 0.133556 0.0929078 0.00299264
96 0.133556 0.0903807 0.0030918
97 0.133556 0.0925375 0.00301161
98 0.133556 0.0912801 0.0030314
99 0.133556 0.0944626 0.00288986
100 0.133556 0.088803 0.00318736
101 0.133556 0.0859584 0.00328311
102 0.133556 0.0833703 0.00347968
103 0.133556 0.0832559 0.00345609
104 0.1348 0.0798115 0.00358032
105 0.1348 0.0840533 0.00350805
106 0.1348 0.0915151 0.00315387
107 0.1348 0.0942594 0.00294834
108 0.1348 0.0944777 0.00295774
109 0.1348 0.0878683 0.00332888
110 0.1348 0.0866246 0.00337827
111 0.1348 0.0860388 0.00332446
112 0.1348 0.0974858 0.00270927
113 0.1348 0.106157 0.00200667
114 0.1348 0.1057 0.00207662
115 0.1348 0.104008 0.00226093
116 0.1348 0.0991906 0.00261234
117 0.1348 0.0951406 0.00286407
118 0.1348 0.0893307 0.00322785
119 0.1348 0.0867761 0.00334485
120 0.1348 0.0906892 0.00315946
121 0.1348 0.0876124 0.00323284
122 0.1348 0.092902 0.00307548
123 0.1348 0.0897772 0.00308168
124 0.1348 0.0852267 0.00337127
125 0.1348 0.0866321 0.00335241
126 0.1348 0.086616 0.0033746
127 0.1348 0.0810525 0.00359025
128 0.1348 0.0846723 0.00345229
129 0.1348 0.0928268 0.0030699
130 0.1348 0.0956156 0.00282051
131 0.1348 0.0908082 0.0030797
132 0.1348 0.0916503 0.00310653
133 0.1348 0.0896766 0.00317018
134 0.1348 0.0911149 0.0030744
135 0.1348 0.0930703 0.0030003
136 0.1348 0.0894212 0.0031926
137 0.1348 0.0845197 0.00344726
138 0.1348 0.0856223 0.00331769
139 0.1348 0.0794777 0.00352166
140 0.186882 0.0824624 0.00353316
141 0.186882 0.0895171 0.00319671
142 0.186882 0.0875738 0.00326627
143 0.186882 0.0945493 0.0029448
144 0.186882 0.103634 0.00238015
145 0.186882 0.100698 0.00259035
146 0.186882 0.0896496 0.0032458
147 0.186882 0.0927779 0.00312613
148 0.186882 0.0829427 0.00352692
149 0.186882 0.0930191 0.00311002
150 0.186882 0.0836177 0.00348397
151 0.186882 0.0827269 0.00357199
152 0.186882 0.0879542 0.00338037
153 0.186882 0.0900028 0.00325363
154 0.186882 0.0886407 0.00324254
155 0.186882 0.0885134 0.00322269
156 0.186882 0.0936259 0.0030282
157 0.186882 0.0877309 0.00326338
158 0.186882 0.0931236 0.00298394
159 0.186882 0.0923127 0.00300289
160 0.186882 0.0949542 0.00290508
161 0.186882 0.0881649 0.00327623
162 0.186882 0.075746 0.00375475
163 0.186882 0.0860514 0.00340929
164 0.186882 0.0891007 0.00328895
165 0.186882 0.0802813 0.00364637
166 0.186882 0.0869851 0.00340204
167 0.186882 0.0896336 0.00318892
168 0.186882 0.0833659 0.00353932
169 0.186882 0.0903016 0.0032317
170 0.186882 0.0939694 0.00301975
171 0.186882 0.0796832 0.00362159
172 0.186882 0.0833173 0.00353045
173 0.186882 0.0821242 0.00359648
174 0.186882 0.091552 0.00319915
175 0.186882 0.0885565 0.00330434
176 0.186882 0.0785093 0.00364293
177 0.186882 0.0812844 0.00367163
178 0.186882 0.0858794 0.00351059
179 0.186882 0.08306 0.00359653
180 0.186882 0.0761638 0.00384631
181 0.186882 0.0720969 0.0038018
182 0.186882 0.0759047 0.00374662
183 0.186882 0.0746057 0.00384076
184 0.186882 0.0796825 0.00371467
185 0.186882 0.0816792 0.00376925
186 0.186882 0.0802932 0.00365189
187 0.22543 0.0869614 0.00373209
188 0.22543 0.0936546 0.00351108
189 0.366475 0.0933265 0.00458451
190 0.367204 0.105396 0.00622224
191 0.367204 0.102324 0.00620426
192 0.375481 0.10831 0.00722913
193 0.375481 0.110264 0.00777976
194 0.375481 0.109494 0.00776694
195 0.375481 0.12152 0.00834171
196 0.375481 0.124329 0.00771976
197 0.388761 0.137018 0.00887101
198 0.388761 0.13578 0.0105576
199 0.413366 0.148038 0.0131212
200 0.413366 0.150937 0.0131019
201 0.413366 0.144843 0.0125737
202 0.492915 0.15134 0.0137395
203 0.492915 0.150739 0.0138754
204 0.492915 0.151572 0.0143658
205 0.492915 0.158461 0.0178368
206 0.492915 0.153457 0.0182515
207 0.500712 0.173271 0.0212532
207 0.516919 0.10578 0.0301795
208 0.516919 0.0977414 0.0294422
209 0.516919 0.102226 0.0287639
210 0.516919 0.111925 0.0339379
211 0.516919 0.11112 0.0339617
212 0.55698 0.131403 0.0395867
213 0.55698 0.115978 0.0347964
214 0.55698 0.109324 0.0342252
215 0.55698 0.118207 0.0326197
216 0.55698 0.124867 0.0376482
217 0.55698 0.105442 0.0327336
218 0.55698 0.130804 0.0401743
219 0.55698 0.135303 0.0366162
220 0.55698 0.127765 0.0373683
221 0.55698 0.129595 0.0378818
222 0.55698 0.132508 0.0413294
223 0.55698 0.122016 0.0382109
224 0.55698 0.12051 0.0381129
225 0.55698 0.144666 0.0405395
226 0.55698 0.158345 0.047986
227 0.55698 0.133772 0.0419298
228 0.55698 0.15934 0.0467487
229 0.55698 0.145191 0.0440631
230 0.55698 0.121535 0.0420814
231 0.55698 0.140916 0.0440096
232 0.55698 0.145892 0.0450295
233 0.55698 0.148098 0.0455496
234 0.55698 0.150768 0.045565
235 0.559103 0.179955 0.0448277
236 0.560151 0.184141 0.0474181
237 0.565693 0.15592 0.0443165
238 0.565693 0.154926 0.0439581
239 0.565693 0.169708 0.0449993
240 0.565693 0.160797 0.0484623
241 0.565693 0.165971 0.0461487
242 0.567808 0.17293 0.04888
243 0.567808 0.17219 0.0493576
244 0.567808 0.175135 0.0474949
245 0.567808 0.191255 0.0479536
246 0.567808 0.190133 0.0465308
247 0.567808 0.177262 0.0426133
248 0.567808 0.165511 0.0443497
249 0.567808 0.185232 0.0493531
250 0.567808 0.192209 0.0465309
251 0.567808 0.186437 0.0497939
252 0.567808 0.206237 0.0484877
253 0.571564 0.196966 0.0469653
254 0.571564 0.169912 0.0455538
255 0.571564 0.152031 0.0474415
256 0.571564 0.155487 0.0490235
257 0.571564 0.169988 0.0453976
258 0.571564 0.189679 0.0488085
259 0.571564 0.165758 0.0452083
260 0.571564 0.186961 0.0490515
261 0.571564 0.151962 0.0420832
262 0.571564 0.15974 0.0443802
263 0.571564 0.165844 0.0476054
264 0.571564 0.164354 0.0486259
265 0.571564 0.165563 0.0474826
266 0.571564 0.163172 0.0474703
267 0.571564 0.152411 0.040663
268 0.581423 0.159134 0.0465119
269 0.581423 0.170085 0.044544
270 0.581423 0.149592 0.0447946
271 0.581423 0.14387 0.0479091
272 0.581423 0.174267 0.0487927
273 0.581423 0.177218 0.0486254
274 0.581423 0.180586 0.0517164
275 0.581423 0.171238 0.0517429
276 0.581423 0.175334 0.0472614
277 0.581423 0.197511 0.0494092
278 0.581423 0.174968 0.0453087
279 0.581423 0.168322 0.0480467
280 0.581423 0.147603 0.0434426
281 0.581423 0.148976 0.0423678
282 0.581423 0.175802 0.0487209
283 0.581423 0.166644 0.0464382
284 0.581423 0.178452 0.0467087
285 0.581423 0.167284 0.0464689
286 0.581423 0.187314 0.055147
287 0.581423 0.174897 0.0496454
288 0.581423 0.168588 0.0484644
289 0.581423 0.173216 0.0517599
290 0.581423 0.215518 0.0515111
291 0.581423 0.183084 0.0478753
292 0.581423 0.177099 0.0437435
293 0.581423 0.170042 0.0466276
294 0.581423 0.203197 0.050741
295 0.581423 0.177547 0.0499083
296 0.581423 0.15115 0.0475629
297 0.581423 0.153953 0.0437651
298 0.581423 0.19666 0.0491932
299 0.581423 0.203239 0.051642
300 0.583888 0.182045 0.051178
301 0.583888 0.176655 0.0465382
302 0.583888 0.171835 0.0487711
303 0.583888 0.186097 0.0525491
304 0.586844 0.218317 0.054136
305 0.586844 0.215051 0.0510531
306 0.586844 0.245172 0.0515127
307 0.586844 0.1865 0.0521443
308 0.587181 0.196611 0.0522054
309 0.587181 0.191901 0.0510762
310 0.587181 0.220718 0.0561241
311 0.587181 0.190708 0.0507195
312 0.587181 0.205494 0.0507139
313 0.587181 0.219861 0.050922
314 0.588719 0.211081 0.0524959
315 0.588719 0.201026 0.0482721
316 0.588719 0.20225 0.0472024
317 0.588719 0.244978 0.0506695
318 0.588719 0.227682 0.0513173
319 0.589425 0.21576 0.0559944
320 0.589425 0.223904 0.0557058
321 0.589425 0.214495 0.0565164
322 0.594706 0.217748 0.0557371
323 0.594706 0.209363 0.0556139
324 0.594706 0.196181 0.0536396
325 0.594706 0.204408 0.0510865
326 0.594706 0.208668 0.0522811
327 0.594706 0.219938 0.0531844
328 0.594706 0.199966 0.0581221
329 0.594706 0.203032 0.0576229
330 0.594706 0.198944 0.0548967
331 0.594706 0.18758 0.0532543
332 0.594706 0.175391 0.0515404
333 0.594706 0.20111 0.0556398
334 0.594706 0.188898 0.0518309
335 0.594706 0.200874 0.0554505
336 0.594706 0.176695 0.0547892
337 0.594706 0.200632 0.0568342
338 0.594706 0.223025 0.0549765
339 0.594706 0.227434 0.0503306
340 0.594706 0.245697 0.0535763
341 0.594706 0.23974 0.0538522
342 0.594706 0.213353 0.057294
343 0.594706 0.213274 0.0567103
344 0.594706 0.227666 0.0535874
345 0.594706 0.208462 0.0566516
346 0.594706 0.187732 0.0555596
347 0.594706 0.210533 0.0551232
348 0.594706 0.222167 0.0564196
349 0.594706 0.248099 0.0584539
350 0.594706 0.197657 0.0572271
351 0.594706 0.243018 0.0521231
352 0.594706 0.235765 0.0541705
353 0.595097 0.20426 0.0532028
354 0.595097 0.191393 0.0495827
355 0.595097 0.220902 0.0595329
356 0.595097 0.211356 0.0575875
357 0.595097 0.20334 0.0567492
358 0.595097 0.237172 0.0557549
359 0.595097 0.280147 0.0570838
360 0.595097 0.28497 0.0562858
361 0.595097 0.240691 0.055971
362 0.595097 0.265017 0.0613561
363 0.595097 0.227876 0.0564608
364 0.595097 0.215365 0.0502796
365 0.595097 0.200558 0.0552089
366 0.595097 0.211792 0.0579401
367 0.595097 0.218622 0.0595673
368 0.595097 0.203837 0.0523789
369 0.59569 0.230035 0.0580071
370 0.59569 0.251932 0.059104
371 0.59569 0.261318 0.0598919
372 0.59569 0.256475 0.0570237
373 0.59569 0.235732 0.0587641
374 0.59569 0.235419 0.0587224
375 0.59569 0.246935 0.0588271
376 0.59569 0.217847 0.0567599
377 0.59569 0.214865 0.0558501
378 0.59569 0.228987 0.0549317
379 0.59569 0.212012 0.0538988
380 0.59569 0.195669 0.0493345
381 0.59569 0.226328 0.0567155
382 0.59569 0.216948 0.0563737
383 0.59569 0.244304 0.0580806
384 0.59569 0.265692 0.0524045
385 0.59569 0.266845 0.0533494
386 0.59569 0.277867 0.0549158
387 0.59569 0.274855 0.0544879
388 0.59569 0.251475 0.0599778
389 0.59569 0.204187 0.0545787
390 0.59569 0.219081 0.0538753
391 0.59569 0.200458 0.0495563
392 0.59569 0.235676 0.0557816
393 0.59569 0.213927 0.0537942
394 0.59569 0.205237 0.0536873
395 0.59569 0.222038 0.0566056
396 0.59569 0.206804 0.0556215
397 0.59569 0.221227 0.0545688
398 0.59569 0.223879 0.0513097
399 0.59569 0.216968 0.0531418
400 0.59569 0.20048 0.0477745
401 0.59569 0.219147 0.0555555
402 0.59569 0.239946 0.0554646
403 0.59569 0.221438 0.052339
404 0.59569 0.23472 0.0538643
405 0.59569 0.23895 0.053496
406 0.59569 0.239749 0.0498302
407 0.59569 0.22256 0.0561335
408 0.59569 0.235749 0.060604
409 0.59569 0.237463 0.0556715
410 0.59569 0.237338 0.0569986
411 0.59569 0.273067 0.055348
412 0.59569 0.248901 0.0553613
413 0.59569 0.228845 0.0566998
414 0.59569 0.254984 0.055925
415 0.59569 0.267682 0.0575767
416 0.59569 0.258141 0.0525382
417 0.59569 0.240807 0.0522058
418 0.595899 0.255556 0.0561102
419 0.595899 0.255953 0.0569486
420 0.595899 0.260186 0.0557336
421 0.596894 0.271474 0.0540877
422 0.596894 0.249156 0.0526962
423 0.596894 0.22698 0.0555273
424 0.596894 0.23377 0.0548875
425 0.596894 0.253002 0.0550272
426 0.596894 0.252294 0.0591533
427 0.596894 0.264872 0.0562765
428 0.596894 0.266908 0.0542274
429 0.596894 0.277565 0.0523442
430 0.596894 0.22965 0.0560575
431 0.596894 0.250527 0.051752
432 0.596894 0.240595 0.051047
433 0.598454 0.2467 0.0517091
434 0.598454 0.265854 0.057119
435 0.598454 0.237399 0.0561592
436 0.598454 0.239904 0.0539992
437 0.598454 0.254662 0.0586389
438 0.598454 0.233696 0.0576762
439 0.598454 0.221424 0.0563538
440 0.598454 0.203302 0.0541036
441 0.598454 0.208735 0.055857
442 0.598454 0.236538 0.0546525
443 0.598454 0.246905 0.0507782
444 0.598454 0.227368 0.0547925
445 0.598454 0.243669 0.0576307
446 0.598454 0.229708 0.0542078
447 0.598454 0.218286 0.0556229
448 0.598454 0.22936 0.0534538
449 0.598471 0.241608 0.0517483
450 0.598471 0.206589 0.0499305
451 0.598471 0.214436 0.054569
452 0.598471 0.23493 0.0551213
453 0.598471 0.237359 0.0538877
454 0.598471 0.19624 0.0549756
455 0.598471 0.208509 0.0506143
456 0.598471 0.245444 0.0603931
457 0.598471 0.23211 0.0579789
458 0.598471 0.250173 0.0567135
459 0.598471 0.217356 0.0560406
460 0.598471 0.221005 0.0584193
461 0.598471 0.241133 0.0594848
462 0.598894 0.243314 0.0584268
463 0.598894 0.251312 0.0606253
464 0.599766 0.23961 0.0601192
465 0.599766 0.218444 0.0616954
466 0.599766 0.226608 0.0580109
467 0.599766 0.245697 0.0587587
468 0.599766 0.262378 0.0602833
469 0.599766 0.217189 0.05863
470 0.599766 0.227398 0.0639969
471 0.599766 0.235834 0.0602816
472 0.600986 0.223991 0.0593696
473 0.600986 0.232429 0.0572271
474 0.600986 0.245927 0.056654
475 0.600986 0.211329 0.0563389
476 0.600986 0.243246 0.0561836
477 0.600986 0.24685 0.0531956
478 0.600986 0.24528 0.0581183
479 0.600986 0.24064 0.0589599
480 0.600986 0.242707 0.0579313
481 0.600986 0.237909 0.0596371
482 0.600986 0.234723 0.0569228
483 0.600986 0.226763 0.0594829
484 0.600986 0.227822 0.0574974
485 0.600986 0.207695 0.0545102
486 0.600986 0.226024 0.05572
487 0.600986 0.271452 0.05506
488 0.600986 0.231279 0.0510812
489 0.600986 0.222968 0.0519462
490 0.600986 0.233005 0.058753
491 0.600986 0.241184 0.0605129
492 0.600986 0.250805 0.0568739
493 0.600986 0.257475 0.055732
494 0.600986 0.220965 0.0579216
495 0.600986 0.24526 0.0600283
496 0.600986 0.22671 0.05692
497 0.600986 0.214103 0.0553511
498 0.600986 0.219453 0.0553987
499 0.600986 0.237745 0.0593598
500 0.601042 0.192579 0.0588777
501 0.601042 0.173367 0.0556453
502 0.601851 0.202957 0.0623848
503 0.601851 0.201285 0.0612009
504 0.601851 0.22255 0.0587399
505 0.601851 0.215554 0.0592839
506 0.601851 0.225594 0.060339
507 0.601851 0.219085 0.0545706
508 0.601851 0.219861 0.0568283
509 0.601851 0.250892 0.0552229
510 0.601851 0.212048 0.0584914
511 0.601851 0.220067 0.0590011
512 0.601851 0.24729 0.0592189
513 0.601851 0.237793 0.0595352
514 0.601851 0.246587 0.0609645
515 0.601851 0.231793 0.0570784
516 0.601851 0.255447 0.0562502
517 0.601851 0.243084 0.0583811
518 0.601851 0.222454 0.054576
519 0.601851 0.262445 0.0539323
520 0.601851 0.214331 0.0527594
521 0.601851 0.23817 0.0559291
522 0.601851 0.240403 0.0581095
523 0.601851 0.190803 0.0554321
524 0.601851 0.219604 0.0593337
525 0.601851 0.220821 0.0566214
526 0.601851 0.241319 0.0583709
527 0.601851 0.247382 0.0588285
528 0.601851 0.245392 0.0612717
529 0.601851 0.21936 0.0567873
530 0.602479 0.225038 0.0609434
531 0.602479 0.252045 0.0610723
532 0.602479 0.225774 0.0566258
533 0.602479 0.24727 0.0574705
534 0.602479 0.238876 0.0568204
535 0.602479 0.224022 0.0589503
536 0.602479 0.22893 0.058973
537 0.602479 0.242412 0.058428
538 0.602479 0.24609 0.0602959
539 0.602479 0.249373 0.0597978
540 0.602479 0.25046 0.0590575
541 0.602479 0.246793 0.0556822
542 0.602479 0.230566 0.0550863
543 0.602479 0.252946 0.0520715
544 0.602479 0.268881 0.0528178
545 0.602479 0.25171 0.0563646
546 0.602479 0.243334 0.0591017
547 0.602479 0.22662 0.0522472
548 0.602479 0.238011 0.0518074
549 0.602479 0.216432 0.05146
550 0.602479 0.213086 0.0560045
551 0.602479 0.210918 0.0562576
552 0.602479 0.255671 0.0530627
553 0.602479 0.271817 0.0574346
554 0.602479 0.258115 0.0625164
555 0.602479 0.233143 0.0602008
556 0.602479 0.25983 0.0611695
557 0.602479 0.250755 0.056618
558 0.602479 0.228044 0.0552208
559 0.602479 0.241603 0.0563613
560 0.602479 0.235502 0.058652
561 0.602744 0.233392 0.0538103
562 0.602744 0.236025 0.0566622
563 0.602744 0.243163 0.0595125
564 0.602744 0.249539 0.0607526
565 0.602744 0.268676 0.0465684
566 0.602744 0.235588 0.0567581
567 0.602744 0.23444 0.0576663
568 0.602744 0.201168 0.0568904
569 0.602744 0.224347 0.0592552
570 0.602744 0.245165 0.0556437
571 0.602744 0.233789 0.0558905
572 0.602744 0.217033 0.0547531
573 0.602744 0.211428 0.0549796
574 0.602744 0.244417 0.0577459
575 0.602744 0.243803 0.0590939
576 0.602744 0.238314 0.0562818
577 0.602744 0.220256 0.0578615
578 0.602744 0.239191 0.060185
579 0.602744 0.24319 0.0568205
580 0.602744 0.240166 0.0537141
581 0.602744 0.247619 0.0581702
582 0.602744 0.234022 0.0549364
583 0.602744 0.238289 0.0551538
584 0.602744 0.224924 0.0518428
585 0.602744 0.222777 0.0542505
586 0.602744 0.227728 0.0494711
587 0.602744 0.237813 0.0533684
588 0.602744 0.258373 0.0574612
589 0.602744 0.272143 0.0588523
590 0.602744 0.280246 0.0553459
591 0.602744 0.230434 0.0585053
592 0.602744 0.219592 0.0521392
593 0.602744 0.186522 0.0517912
594 0.602744 0.231394 0.0544805
595 0.602744 0.217629 0.0517138
596 0.602744 0.225307 0.052849
597 0.602744 0.210565 0.0546456
598 0.602744 0.214993 0.0578045
599 0.602744 0.221127 0.0588988
600 0.602744 0.227042 0.0590794
601 0.602744 0.194924 0.0594314
602 0.602744 0.215404 0.0606929
603 0.602744 0.205922 0.0581466
604 0.602744 0.220479 0.0613372
605 0.602744 0.222034 0.0585485
606 0.602744 0.193674 0.0570581
607 0.602744 0.183136 0.0567377
608 0.602744 0.174118 0.0574944
609 0.602744 0.134641 0.0511348
610 0.602744 0.192667 0.0512658
611 0.602744 0.213509 0.0581557
612 0.602744 0.184826 0.0570606
613 0.602744 0.229237 0.0566653
614 0.602744 0.204047 0.0569225
615 0.602744 0.204353 0.0564844
616 0.602744 0.203462 0.057106
617 0.602744 0.199864 0.0618657
618 0.602744 0.207788 0.0615477
619 0.602744 0.227393 0.0607908
620 0.602744 0.214841 0.055493
621 0.602744 0.219706 0.0534857
622 0.602744 0.232667 0.0558289
623 0.602744 0.242171 0.0557277
624 0.602744 0.248677 0.0576963
625 0.602744 0.240317 0.0572366
626 0.602744 0.236849 0.0636245
627 0.602744 0.239486 0.0564206
628 0.602744 0.211281 0.0590524
629 0.602744 0.245776 0.0571367
630 0.602744 0.248496 0.0542642
631 0.602744 0.208315 0.05639
632 0.602744 0.24613 0.0553694
633 0.602744 0.204101 0.0556815
634 0.602744 0.200147 0.0511426
635 0.602744 0.21171 0.0575355
636 0.602744 0.227206 0.0581703
637 0.602744 0.228113 0.0566162
638 0.602744 0.214485 0.060104
639 0.602744 0.190618 0.0569156
640 0.602744 0.2101 0.0597911
641 0.602744 0.234635 0.0622413
642 0.602744 0.218529 0.0543027
643 0.602744 0.219706 0.0576123
644 0.602744 0.225425 0.060747
645 0.602744 0.212686 0.059919
646 0.602744 0.229113 0.0572395
647 0.602744 0.23216 0.0575571
648 0.602744 0.246212 0.0566275
649 0.602744 0.241717 0.0510188
650 0.602744 0.225609 0.0568557
651 0.602744 0.235531 0.0581944
652 0.602744 0.219109 0.0619487
653 0.602744 0.200207 0.0568586
654 0.602744 0.230516 0.0597027
655 0.602744 0.229357 0.0600587
656 0.602744 0.216104 0.0566605
657 0.602744 0.21601 0.0557998
658 0.602744 0.21226 0.0570603
659 0.602744 0.225547 0.0582005
660 0.602744 0.249209 0.057542
661 0.602744 0.24333 0.0578475
662 0.602744 0.245495 0.057427
663 0.602744 0.25884 0.0578586
664 0.602744 0.272702 0.0569501
665 0.602744 0.25788 0.0567932
666 0.602744 0.240814 0.0571502
667 0.602744 0.237371 0.0588488
668 0.602744 0.259933 0.0541121
669 0.602744 0.26065 0.0536194
670 0.602744 0.219245 0.0535704
671 0.602744 0.218781 0.0565566
672 0.602744 0.263187 0.06084
673 0.602744 0.223534 0.0573017
674 0.602744 0.235928 0.0584925
675 0.602744 0.226634 0.0574094
676 0.602744 0.218178 0.0593802
677 0.602744 0.225723 0.0549832
678 0.602744 0.249125 0.0597443
679 0.602744 0.245734 0.0534866
680 0.602744 0.245617 0.0603386
681 0.602744 0.265688 0.0598052
682 0.602744 0.265949 0.0629703
683 0.602744 0.262744 0.0592371
684 0.602744 0.247894 0.0575097
685 0.602744 0.259686 0.0561348
686 0.602744 0.218188 0.0570342
687 0.602744 0.247534 0.0625452
688 0.602744 0.221296 0.056566
689 0.602744 0.226397 0.0570179
690 0.602744 0.227502 0.0517874
691 0.602744 0.229263 0.0561022
692 0.602744 0.238093 0.0585109
693 0.602744 0.253399 0.0577879
694 0.602744 0.214825 0.0583525
695 0.602744 0.274778 0.0577748
696 0.602744 0.271164 0.0567665
697 0.602744 0.301286 0.0543194
698 0.602744 0.284995 0.0554257
699 0.602744 0.309737 0.0588304
700 0.602744 0.266514 0.0618233
701 0.602744 0.289778 0.0515494
702 0.602744 0.258216 0.0519326
703 0.602744 0.285658 0.0527992
704 0.602744 0.294548 0.0538991
705 0.602744 0.280074 0.0572821
706 0.602744 0.257971 0.0624188
707 0.602744 0.268925 0.0588587
708 0.602744 0.255929 0.0574707
709 0.602744 0.255302 0.0570133
710 0.602744 0.259493 0.0577963
711 0.602744 0.237048 0.0611698
712 0.602744 0.256324 0.0628252
713 0.602744 0.251062 0.0551209
714 0.602744 0.273635 0.0519998
715 0.602744 0.243831 0.0563838
716 0.602744 0.244617 0.059604
717 0.602744 0.237517 0.0562543
718 0.602744 0.220865 0.0591773
719 0.602744 0.209928 0.0609855
720 0.602744 0.245846 0.0576743
721 0.602744 0.224204 0.0583691
722 0.602744 0.255978 0.0561351
723 0.602744 0.260625 0.0568469
724 0.602744 0.235254 0.057662
725 0.602744 0.234578 0.0624532
726 0.602744 0.225207 0.0624878
727 0.602744 0.235325 0.0537284
728 0.602744 0.263985 0.0552088
729 0.602744 0.255236 0.0564541
730 0.602744 0.265667 0.0558241
731 0.602744 0.279473 0.052403
732 0.602744 0.270666 0.0538645
733 0.602744 0.267258 0.0472071
734 0.602744 0.274064 0.0542028
735 0.602744 0.239948 0.0509831
736 0.602744 0.25354 0.0545558
737 0.602744 0.223537 0.0515167
738 0.602744 0.247912 0.057248
739 0.602744 0.236347 0.0589529
740 0.602744 0.227615 0.0565058
741 0.602744 0.22321 0.0524507
742 0.602744 0.235264 0.059992
743 0.602744 0.20259 0.0590051
744 0.602744 0.220624 0.0595425
745 0.602744 0.217951 0.0576522
746 0.602744 0.252261 0.0598896
747 0.602744 0.267108 0.0535589
748 0.602744 0.289865 0.0517946
749 0.602744 0.279278 0.0546432
750 0.602744 0.293307 0.0544
751 0.602744 0.297636 0.0559007
752 0.602744 0.268203 0.0542162
753 0.602744 0.265246 0.0560292
754 0.602744 0.253951 0.0539435
755 0.602744 0.236474 0.0538462
756 0.602744 0.251368 0.0543487
757 0.602744 0.273251 0.051121
758 0.602744 0.277101 0.0583003
759 0.602744 0.245151 0.0585769
760 0.602744 0.239878 0.0547202
761 0.602744 0.248523 0.0525532
762 0.602744 0.230929 0.0553342
763 0.602744 0.201896 0.0545966
764 0.602744 0.209781 0.0555369
765 0.602744 0.212985 0.0538897
766 0.602744 0.256231 0.056047
767 0.602744 0.229729 0.0507141
768 0.602744 0.240349 0.0510313
769 0.602744 0.244132 0.0560058
770 0.602744 0.228001 0.0563203
771 0.602744 0.252762 0.056491
772 0.602744 0.241689 0.0576455
773 0.602744 0.232247 0.0558321
774 0.602744 0.233761 0.050579
775 0.602744 0.240795 0.0526091
776 0.602744 0.251534 0.0537278
777 0.602744 0.237579 0.0571184
778 0.602744 0.226818 0.0573882
779 0.602744 0.23695 0.0568865
780 0.602744 0.226286 0.0529854
781 0.602744 0.222742 0.0526297
782 0.602744 0.25194 0.0557505
783 0.602744 0.248984 0.0573419
784 0.602744 0.261038 0.0530235
785 0.602744 0.269208 0.0584077
786 0.602744 0.279041 0.0607511
787 0.602744 0.268256 0.0627094
788 0.602744 0.258518 0.0592091
789 0.602744 0.280028 0.0566641
790 0.602744 0.310857 0.0547226
791 0.602744 0.307606 0.0597803
792 0.602744 0.274491 0.0558121
793 0.602744 0.256323 0.0634757
794 0.602744 0.28547 0.0585984
795 0.602744 0.285691 0.051865
796 0.602744 0.272434 0.0538677
797 0.602744 0.26722 0.0548794
798 0.602744 0.250749 0.0527598
799 0.602744 0.246063 0.0560161
800 0.602744 0.228405 0.0585627
801 0.602744 0.237334 0.0574573
802 0.602744 0.232916 0.0587745
803 0.602744 0.240019 0.0568928
804 0.602744 0.23996 0.0595333
805 0.602744 0.208996 0.0595461
806 0.602744 0.221661 0.0592034
807 0.602744 0.198168 0.0549651
808 0.602744 0.209182 0.0599913
809 0.603227 0.225293 0.0571115
810 0.603227 0.208237 0.0525072
811 0.603227 0.204523 0.0533662
812 0.603227 0.206449 0.0509584
813 0.603227 0.242641 0.0537686
814 0.603227 0.224525 0.0547045
815 0.603227 0.237435 0.0503446
816 0.603227 0.249052 0.0504669
817 0.603227 0.247808 0.050837
818 0.603227 0.24577 0.0588812
819 0.603227 0.247237 0.0574545
820 0.603227 0.234046 0.0553411
821 0.603227 0.234147 0.0550676
822 0.603227 0.254217 0.0525439
823 0.603227 0.216353 0.0552652
824 0.603227 0.248155 0.053575
825 0.603227 0.217653 0.0519052
826 0.603227 0.227304 0.0549496
827 0.603227 0.23659 0.055663
828 0.603227 0.259871 0.0531357
829 0.603227 0.277775 0.0530748
830 0.603227 0.259889 0.0579099
831 0.603227 0.232298 0.0590903
832 0.603227 0.246011 0.0579467
833 0.603227 0.239871 0.0590728
834 0.603227 0.233748 0.0566148
835 0.603227 0.221659 0.0565553
836 0.603227 0.206231 0.056291
837 0.603227 0.192556 0.0590015
838 0.603227 0.241558 0.0571275
839 0.603227 0.211091 0.0566041
840 0.603227 0.208226 0.0572228
841 0.603227 0.232037 0.0539542
842 0.603227 0.232833 0.0516437
843 0.603227 0.238108 0.0570982
844 0.603227 0.235464 0.0555484
845 0.603227 0.25698 0.0583522
846 0.603227 0.254904 0.0566047
847 0.603227 0.258752 0.0572163
848 0.603227 0.24466 0.0609573
849 0.603227 0.251896 0.0594481
850 0.603227 0.223359 0.052124
851 0.603227 0.244602 0.0561712
852 0.603227 0.234508 0.0571751
853 0.603227 0.216156 0.059373
854 0.603227 0.194774 0.057053
855 0.603227 0.189175 0.0541794
856 0.603227 0.179245 0.0540059
857 0.603227 0.180724 0.0541629
858 0.603227 0.215618 0.0538168
859 0.603227 0.217832 0.0545195
860 0.603227 0.233498 0.0554359
861 0.603227 0.204354 0.0508493
862 0.603227 0.225729 0.0562063
863 0.603227 0.212207 0.0566121
864 0.603227 0.199978 0.0514461
865 0.603227 0.200232 0.055744
866 0.603227 0.201396 0.0543966
867 0.603227 0.207191 0.0572261
868 0.603227 0.217603 0.0553057
869 0.603227 0.191728 0.0564845
870 0.603227 0.220172 0.0628988
871 0.603227 0.188653 0.0552848
872 0.603227 0.215412 0.0536174
873 0.603227 0.209913 0.0573891
874 0.603227 0.186735 0.0516719
875 0.603227 0.190233 0.0520384
876 0.603227 0.217078 0.0570436
877 0.603227 0.224962 0.0530803
878 0.603227 0.218387 0.0549583
879 0.603227 0.210378 0.0532686
880 0.603227 0.230014 0.0578562
881 0.603582 0.236819 0.0561625
882 0.603582 0.231391 0.05958
883 0.603582 0.237007 0.0568632
884 0.603582 0.23675 0.0606241
885 0.603582 0.249457 0.0600627
886 0.603582 0.240295 0.0565643
887 0.603582 0.220142 0.0538578
888 0.603582 0.238502 0.0556102
889 0.603582 0.228878 0.0555911
890 0.603582 0.267951 0.0566975
891 0.603582 0.255963 0.0575202
892 0.603582 0.22445 0.054904
893 0.603582 0.220257 0.0528248
894 0.603582 0.235884 0.0544003
895 0.603582 0.237247 0.0505034
896 0.603582 0.244249 0.0552919
897 0.603582 0.233209 0.0557956
898 0.603582 0.252736 0.0556889
899 0.603582 0.195056 0.0533138
900 0.603582 0.212843 0.0502304
901 0.603582 0.230222 0.0558996
902 0.60571 0.223962 0.0551482
903 0.60571 0.216316 0.0583541
904 0.60571 0.20354 0.0547994
905 0.60571 0.215419 0.0553722
906 0.60571 0.245594 0.0588809
907 0.60571 0.248744 0.0616105
908 0.60571 0.212836 0.0592261
909 0.60571 0.26499 0.0602069
910 0.60571 0.232474 0.0583159
911 0.60571 0.244388 0.0620052
912 0.60571 0.262462 0.0549837
913 0.60571 0.228953 0.0586831
914 0.60571 0.240739 0.0591074
915 0.60571 0.216557 0.0567424
916 0.60571 0.212395 0.0557228
917 0.60571 0.234247 0.0567579
918 0.60571 0.231721 0.0555565
919 0.60571 0.204791 0.0528679
920 0.60571 0.194585 0.0558441
921 0.60571 0.214307 0.0596462
922 0.60571 0.202054 0.0583208
923 0.60571 0.247858 0.0576018
924 0.60571 0.241419 0.0564416
925 0.60571 0.188931 0.0528747
926 0.60571 0.208119 0.0550836
927 0.60571 0.193675 0.0548792
928 0.60571 0.194883 0.0529578
929 0.60571 0.19309 0.0533988
930 0.60571 0.214788 0.0574019
931 0.60571 0.197573 0.0539504
932 0.60571 0.200289 0.0503594
933 0.60571 0.219071 0.0550391
934 0.60571 0.218269 0.0580672
935 0.60571 0.232577 0.0561511
936 0.60571 0.215999 0.0603327
937 0.60571 0.197894 0.0576458
938 0.60571 0.215721 0.0618384
939 0.60571 0.197947 0.0592581
940 0.60571 0.207481 0.0567198
941 0.60571 0.207458 0.0560395
942 0.60571 0.243615 0.0583171
943 0.60571 0.234212 0.0559363
944 0.60571 0.197436 0.0540393
945 0.60571 0.208481 0.0609556
946 0.60571 0.189252 0.0555545
947 0.60571 0.212499 0.0626999
948 0.60571 0.221104 0.0606496
949 0.60571 0.175723 0.0568183
950 0.60571 0.179222 0.0551839
951 0.60571 0.194334 0.0554663
952 0.60571 0.194009 0.0545943
953 0.60571 0.182054 0.0531862
954 0.60571 0.183851 0.0552026
955 0.60571 0.204319 0.0568582
956 0.60571 0.214773 0.051326
957 0.60571 0.224131 0.0571591
958 0.60571 0.206827 0.0583106
959 0.60571 0.228489 0.0561427
960 0.60571 0.237075 0.0552266
961 0.60571 0.192802 0.0521069
962 0.60571 0.171076 0.0529224
963 0.60571 0.179989 0.0542663
964 0.60571 0.207506 0.0552626
965 0.60571 0.205978 0.0568249
966 0.60571 0.218673 0.0568355
967 0.60571 0.214709 0.0565805
968 0.60571 0.22127 0.0528856
969 0.60571 0.17222 0.0508291
970 0.60571 0.201962 0.0568598
971 0.60571 0.197235 0.0583836
972 0.60571 0.217207 0.0586632
973 0.60571 0.231847 0.0567466
974 0.60571 0.254918 0.0591331
975 0.60571 0.260396 0.0573326
976 0.60571 0.252606 0.0594331
977 0.60571 0.250322 0.0579431
978 0.60571 0.229693 0.0591464
979 0.60571 0.25846 0.0607376
980 0.60571 0.235327 0.0564046
981 0.60571 0.232827 0.0559092
982 0.60571 0.226564 0.0513289
983 0.60571 0.210628 0.0550836
984 0.60571 0.241062 0.0570584
985 0.60571 0.248157 0.0592413
986 0.60571 0.24024 0.0552438
987 0.60571 0.24847 0.0596893
988 0.60571 0.25403 0.0627382
989 0.60571 0.228359 0.0584077
990 0.60571 0.219113 0.0569773
991 0.60571 0.205938 0.0557499
992 0.60571 0.206656 0.0567969
993 0.60571 0.187604 0.0526088
994 0.60571 0.215776 0.0574428
995 0.60571 0.243171 0.0537116
996 0.60571 0.258969 0.0582117
997 0.60571 0.259677 0.0555418
998 0.60571 0.259524 0.0543916
999 0.60571 0.242649 0.0558197
1000 0.60571 0.256081 0.0569989
