0 0.125253 0.0602594 0.00392582
1 0.125253 0.0727508 0.00382956
2 0.125264 0.0790023 0.00366383
3 0.125267 0.0790334 0.00365761
4 0.125267 0.0816107 0.00355799
5 0.125277 0.0901256 0.00317557
6 0.125277 0.0926744 0.00303312
7 0.125277 0.0939456 0.00295238
8 0.125705 0.0951504 0.00288198
9 0.125705 0.101396 0.00243254
10 0.125705 0.102636 0.00233525
11 0.125705 0.101418 0.0024285
12 0.125705 0.0967218 0.00274385
13 0.250436 0.10905 0.00207225
14 0.250436 0.109284 0.00203474
15 0.40701 0.109286 0.00321872
16 0.415757 0.112298 0.00418069
17 0.415757 0.109694 0.00458282
18 0.44526 0.119243 0.00543419
19 0.44526 0.125941 0.00543149
20 0.486372 0.132288 0.00794725
21 0.486372 0.137484 0.0112664
22 0.486372 0.142605 0.0121356
23 0.4985 0.159559 0.017253
24 0.500529 0.153441 0.0212936
24 0.501308 0.0742585 0.0268779
25 0.529233 0.0852259 0.02901
26 0.529233 0.08949 0.0289853
27 0.57915 0.103574 0.0346443
28 0.57915 0.0831597 0.0301127
29 0.57915 0.0837206 0.0288639
30 0.57915 0.0905054 0.0323316
31 0.57915 0.0867382 0.0344631
32 0.57915 0.0996457 0.0368331
33 0.57915 0.105211 0.037378
34 0.57915 0.118585 0.0409168
35 0.57915 0.129001 0.0439746
36 0.57915 0.140411 0.0454432
37 0.57915 0.130054 0.0425749
38 0.57915 0.145691 0.0472532
39 0.592388 0.152383 0.0460849
40 0.592388 0.150097 0.0443843
41 0.595759 0.132328 0.0430325
42 0.595759 0.140571 0.0476982
43 0.595759 0.128076 0.0444276
44 0.595759 0.158289 0.047237
45 0.595759 0.127041 0.0412085
46 0.595759 0.150276 0.0469598
47 0.595759 0.160792 0.0504237
48 0.595759 0.151652 0.0458197
49 0.595759 0.15359 0.0464951
50 0.595759 0.159656 0.0468282
51 0.595759 0.151421 0.0476142
52 0.595759 0.170041 0.0502748
53 0.595759 0.160993 0.0485814
54 0.595759 0.144369 0.0453836
55 0.595759 0.121639 0.0418832
56 0.595759 0.120006 0.0418995
57 0.595759 0.126694 0.0444929
58 0.595759 0.12309 0.043763
59 0.595759 0.125585 0.0435892
60 0.595759 0.133634 0.0455499
61 0.595759 0.144733 0.0477762
62 0.595759 0.111186 0.0443905
63 0.595759 0.107732 0.0431252
64 0.595759 0.146181 0.0470695
65 0.595759 0.156637 0.0508604
66 0.595759 0.166829 0.0499231
67 0.595759 0.181962 0.0543257
68 0.595759 0.158966 0.0476396
69 0.595759 0.203231 0.0547718
70 0.595759 0.182841 0.0545228
71 0.595759 0.167224 0.0520586
72 0.595759 0.1385 0.0455264
73 0.595759 0.149 0.0514263
74 0.595759 0.156653 0.0525507
75 0.595759 0.160498 0.0500693
76 0.595759 0.167119 0.0484123
77 0.595759 0.166489 0.0488976
78 0.595759 0.170729 0.0468184
79 0.595759 0.152777 0.0480375
80 0.595791 0.177451 0.0510093
81 0.602587 0.18936 0.0522754
82 0.602587 0.143014 0.0437211
83 0.602587 0.163931 0.0485395
84 0.602587 0.16255 0.0496597
85 0.602587 0.143206 0.0439413
86 0.602587 0.178905 0.0486575
87 0.602587 0.181716 0.0526421
88 0.602587 0.173792 0.0448298
89 0.602587 0.150462 0.045646
90 0.602587 0.181273 0.0482403
91 0.602587 0.173951 0.0504955
92 0.602587 0.181571 0.05202
93 0.602587 0.174074 0.0510127
94 0.602587 0.142506 0.0489413
95 0.602587 0.135307 0.0480077
96 0.602587 0.14564 0.0487553
97 0.602587 0.128499 0.0465059
98 0.602587 0.13022 0.0442127
99 0.602587 0.114701 0.0448699
100 0.602587 0.129813 0.0496019
101 0.602587 0.129554 0.0475042
102 0.602587 0.139612 0.0436976
103 0.602587 0.169648 0.0525009
104 0.602587 0.168766 0.0485072
105 0.602839 0.184789 0.0496575
106 0.602839 0.168435 0.0506959
107 0.602839 0.148 0.0496378
108 0.602839 0.171339 0.0499087
109 0.602839 0.1824 0.0509422
110 0.602839 0.191829 0.0523071
111 0.602839 0.166438 0.0483939
112 0.602839 0.157858 0.0472459
113 0.602839 0.160063 0.0526552
114 0.602839 0.166385 0.0522075
115 0.602839 0.168716 0.0511727
116 0.602839 0.168946 0.0504564
117 0.602839 0.160247 0.0529171
118 0.602839 0.17689 0.0539078
119 0.602839 0.187125 0.0515204
120 0.602839 0.170899 0.0474981
121 0.602839 0.169631 0.0507005
122 0.602839 0.163627 0.048731
123 0.602839 0.178455 0.0539412
124 0.602839 0.175576 0.0540412
125 0.602839 0.151085 0.050476
126 0.602839 0.15343 0.0464364
127 0.602839 0.173375 0.0523718
128 0.602839 0.173956 0.0507358
129 0.602839 0.183339 0.053788
130 0.602839 0.18972 0.0519359
131 0.602839 0.195476 0.0486222
132 0.602839 0.177952 0.0466526
133 0.602839 0.18576 0.0524462
134 0.602839 0.193606 0.0567054
135 0.602839 0.197155 0.056575
136 0.602839 0.184288 0.0500149
137 0.602839 0.188246 0.0526847
138 0.602839 0.206699 0.0582668
139 0.602839 0.213966 0.054601
140 0.602839 0.195828 0.0488191
141 0.602839 0.199739 0.0511274
142 0.602839 0.195103 0.0550118
143 0.602839 0.212571 0.0522749
144 0.602839 0.201634 0.0537044
145 0.602839 0.20499 0.0513773
146 0.602839 0.189803 0.0495285
147 0.609812 0.197058 0.0532008
148 0.609812 0.18664 0.0491451
149 0.609812 0.196397 0.0449155
150 0.609812 0.196149 0.0485422
151 0.609812 0.191529 0.0492477
152 0.609812 0.20248 0.052534
153 0.609812 0.200908 0.0485284
154 0.609812 0.205591 0.0487591
155 0.609812 0.206079 0.0507679
156 0.609812 0.194148 0.0509016
157 0.609812 0.22124 0.05058
158 0.609812 0.216418 0.0531838
159 0.609812 0.218191 0.0518654
160 0.609812 0.210573 0.051979
161 0.609812 0.228085 0.052065
162 0.609812 0.23914 0.0544079
163 0.609812 0.200939 0.0498124
164 0.609812 0.210798 0.0497786
165 0.609812 0.218519 0.0511766
166 0.609812 0.216941 0.0528313
167 0.609812 0.204413 0.0502956
168 0.609812 0.188636 0.049389
169 0.609812 0.198716 0.0483584
170 0.609812 0.201178 0.0516509
171 0.609812 0.198799 0.0511804
172 0.609812 0.238513 0.0572259
173 0.609812 0.264736 0.0471676
174 0.609812 0.234626 0.0488708
175 0.609812 0.225252 0.0549458
176 0.609812 0.196841 0.0492646
177 0.609812 0.22927 0.0492643
178 0.609812 0.21146 0.0467559
179 0.609812 0.222768 0.0477654
180 0.609812 0.21658 0.0518939
181 0.609812 0.198057 0.0470797
182 0.609812 0.2092 0.05068
183 0.609812 0.230502 0.0523616
184 0.609812 0.212061 0.0511398
185 0.609812 0.179454 0.0511719
186 0.609812 0.202008 0.0520928
187 0.609812 0.194014 0.0536051
188 0.609812 0.184027 0.0500653
189 0.609812 0.175829 0.0492131
190 0.609812 0.180694 0.0529736
191 0.609812 0.184085 0.0502896
192 0.609812 0.185294 0.051951
193 0.609812 0.197301 0.0560518
194 0.609812 0.199293 0.0530409
195 0.609812 0.201068 0.0537139
196 0.609812 0.191488 0.0575189
197 0.609812 0.170145 0.0496579
198 0.609812 0.192898 0.0519554
199 0.609812 0.198435 0.0540265
200 0.609812 0.172917 0.0502848
201 0.609812 0.199003 0.0528904
202 0.609812 0.199736 0.0539021
203 0.609812 0.178436 0.0538035
204 0.609812 0.195629 0.0547135
205 0.609812 0.185228 0.0521823
206 0.609812 0.202921 0.0493961
207 0.609812 0.196261 0.0488464
208 0.609812 0.226155 0.0524822
209 0.609812 0.238214 0.0581115
210 0.609812 0.213213 0.0557978
211 0.609812 0.190496 0.0523418
212 0.609812 0.22 0.0498898
213 0.609812 0.217857 0.050286
214 0.609812 0.221943 0.0515374
215 0.609812 0.209028 0.0512613
216 0.609812 0.209058 0.0505942
217 0.609812 0.186897 0.0511223
218 0.609812 0.186416 0.0521231
219 0.609812 0.206723 0.0526633
220 0.610809 0.205993 0.0537199
221 0.610809 0.20736 0.0496927
222 0.610809 0.218634 0.0451356
223 0.610809 0.237211 0.0490658
224 0.610809 0.218444 0.0480791
225 0.610809 0.216754 0.0523515
226 0.610809 0.199561 0.0497881
227 0.610809 0.189415 0.0521774
228 0.610809 0.205568 0.0490628
229 0.610809 0.225476 0.0533827
230 0.610809 0.208247 0.0526512
231 0.610809 0.216192 0.0512073
232 0.610809 0.232305 0.0555112
233 0.610809 0.204938 0.0523852
234 0.610809 0.206014 0.0514603
235 0.610809 0.203753 0.0524597
236 0.610809 0.19641 0.0505645
237 0.610809 0.210934 0.0549865
238 0.610809 0.198012 0.0538203
239 0.610809 0.20011 0.0545104
240 0.610809 0.194916 0.0500306
241 0.610809 0.214732 0.0529808
242 0.613692 0.193157 0.0548002
243 0.613692 0.187972 0.0518534
244 0.613692 0.195719 0.0548598
245 0.613692 0.203065 0.0561451
246 0.613692 0.22424 0.0566887
247 0.613692 0.222894 0.0553884
248 0.614367 0.198138 0.0545974
249 0.614367 0.216571 0.0580919
250 0.614367 0.212721 0.0589156
251 0.614367 0.219777 0.0576503
252 0.614367 0.231243 0.0558943
253 0.614367 0.264598 0.058387
254 0.614367 0.240397 0.0585445
255 0.614367 0.216622 0.0547112
256 0.614367 0.230922 0.0603696
257 0.614367 0.237978 0.0556974
258 0.614367 0.262069 0.0555345
259 0.614367 0.228107 0.0531596
260 0.614367 0.249355 0.0526242
261 0.614367 0.267434 0.0492608
262 0.614367 0.229133 0.0495706
263 0.614367 0.218141 0.0500586
264 0.614367 0.250841 0.054981
265 0.614367 0.231538 0.053929
266 0.614367 0.225428 0.051539
267 0.614585 0.240687 0.0573697
268 0.614585 0.228934 0.0568756
269 0.614585 0.228545 0.0518598
270 0.614585 0.222894 0.055404
271 0.614585 0.20282 0.0571373
272 0.614585 0.207563 0.0528702
273 0.614585 0.223381 0.0541383
274 0.614585 0.240108 0.0556613
275 0.614585 0.238976 0.0563032
276 0.614585 0.212366 0.0534214
277 0.614585 0.211986 0.0543259
278 0.614585 0.226849 0.0567845
279 0.614585 0.217268 0.0549781
280 0.614585 0.209438 0.0516032
281 0.614585 0.191462 0.0533501
282 0.614585 0.182943 0.0560199
283 0.614585 0.219334 0.0567188
284 0.614585 0.189632 0.0548027
285 0.614585 0.199351 0.0537488
286 0.614585 0.198449 0.0539505
287 0.614585 0.232522 0.0549349
288 0.614585 0.211581 0.0500876
289 0.614585 0.218061 0.0586263
290 0.614585 0.190285 0.0559725
291 0.614585 0.193866 0.0546446
292 0.614585 0.194271 0.053855
293 0.614585 0.1922 0.05338
294 0.614585 0.172175 0.0535272
295 0.614585 0.193094 0.0559312
296 0.614585 0.198766 0.0561954
297 0.614585 0.220515 0.0550538
298 0.614585 0.194844 0.0526337
299 0.614585 0.179452 0.0556208
300 0.614585 0.188408 0.0571623
301 0.614585 0.193802 0.0539046
302 0.614585 0.193818 0.0564948
303 0.614585 0.190607 0.0520923
304 0.614585 0.179141 0.0470677
305 0.614585 0.175293 0.0537042
306 0.614585 0.176792 0.0538931
307 0.614585 0.175634 0.0521762
308 0.614585 0.211362 0.0556251
309 0.614585 0.237474 0.0548569
310 0.614585 0.223656 0.0463095
311 0.614585 0.23076 0.0490838
312 0.614585 0.233555 0.0520701
313 0.614585 0.198677 0.0541304
314 0.614585 0.20861 0.0540479
315 0.614585 0.186385 0.0518604
316 0.614585 0.206554 0.056735
317 0.614585 0.216058 0.0517158
318 0.614585 0.219998 0.0525701
319 0.614585 0.198335 0.0497686
320 0.614585 0.209952 0.0534589
321 0.614585 0.219283 0.0534616
322 0.614585 0.224585 0.0520291
323 0.614585 0.209383 0.0489232
324 0.614585 0.217598 0.0526011
325 0.614585 0.210581 0.0509569
326 0.614585 0.183765 0.0507226
327 0.614585 0.178743 0.0530877
328 0.614585 0.186566 0.0537705
329 0.614585 0.237956 0.0599185
330 0.614585 0.283435 0.0594177
331 0.614585 0.243195 0.0583936
332 0.614585 0.226694 0.0566778
333 0.614585 0.211955 0.0538692
334 0.614585 0.228728 0.0557677
335 0.614585 0.224636 0.0479926
336 0.614585 0.224423 0.0478954
337 0.614585 0.260213 0.0512663
338 0.614585 0.239347 0.0539528
339 0.614585 0.222262 0.0523049
340 0.614585 0.197191 0.0533026
341 0.614585 0.190077 0.0547047
342 0.614585 0.206894 0.0587692
343 0.614585 0.207442 0.0572928
344 0.614585 0.190557 0.0545858
345 0.614585 0.205197 0.0544739
346 0.614585 0.201613 0.0533787
347 0.614585 0.191371 0.0530624
348 0.614585 0.192013 0.0486855
349 0.614585 0.213674 0.0549613
350 0.614585 0.208166 0.0557229
351 0.615738 0.208066 0.0589742
352 0.615738 0.222537 0.0555819
353 0.615738 0.212214 0.0538078
354 0.615738 0.212919 0.0529641
355 0.615738 0.2355 0.0500259
356 0.615738 0.218336 0.0518179
357 0.615738 0.213083 0.0463316
358 0.615738 0.244328 0.0504421
359 0.615738 0.280294 0.0554113
360 0.615738 0.273114 0.0532483
361 0.615738 0.272778 0.0562484
362 0.615738 0.277367 0.0510265
363 0.615738 0.257845 0.0539137
364 0.615738 0.25997 0.0556987
365 0.615738 0.253002 0.0567131
366 0.615738 0.243636 0.0544002
367 0.615738 0.26123 0.0506653
368 0.615738 0.245989 0.0548589
369 0.615738 0.237206 0.056
370 0.615738 0.246484 0.0569993
371 0.615738 0.266026 0.0581877
372 0.615738 0.23447 0.0544084
373 0.615738 0.194867 0.0512366
374 0.615738 0.20768 0.0518724
375 0.615738 0.217009 0.0518695
376 0.615738 0.226193 0.0556754
377 0.615738 0.218107 0.0509074
378 0.615738 0.208873 0.0480347
379 0.615738 0.213864 0.0557548
380 0.615738 0.253224 0.0556502
381 0.615738 0.237543 0.0498055
382 0.615738 0.242218 0.0526072
383 0.615738 0.236315 0.0529632
384 0.615738 0.239507 0.0537675
385 0.615738 0.221228 0.0545998
386 0.615738 0.239617 0.0519377
387 0.615738 0.233459 0.0502335
388 0.615738 0.240281 0.0518244
389 0.615738 0.24166 0.049469
390 0.615738 0.215706 0.0506856
391 0.615738 0.242144 0.0506741
392 0.615738 0.219686 0.054946
393 0.615738 0.222563 0.0527128
394 0.615738 0.200335 0.0518437
395 0.615738 0.195148 0.0550741
396 0.615738 0.178193 0.053071
397 0.615738 0.189405 0.0534973
398 0.615738 0.177238 0.0541896
399 0.615738 0.207058 0.0518687
400 0.615738 0.246185 0.0515781
401 0.615738 0.215838 0.0547469
402 0.615738 0.204763 0.0493605
403 0.615738 0.21717 0.0551932
404 0.615738 0.192681 0.0525668
405 0.615738 0.210912 0.0515464
406 0.615738 0.21575 0.0537483
407 0.615738 0.230314 0.0556123
408 0.615738 0.221962 0.0568915
409 0.615738 0.204785 0.053152
410 0.615738 0.189771 0.0555877
411 0.615738 0.162556 0.0536291
412 0.615738 0.190088 0.0529441
413 0.615738 0.174265 0.0496111
414 0.615738 0.181595 0.0532731
415 0.615738 0.167956 0.0486078
416 0.615738 0.200488 0.0504483
417 0.615738 0.186092 0.0495957
418 0.615738 0.182028 0.0539432
419 0.615738 0.194478 0.0524783
420 0.615738 0.209735 0.0576549
421 0.615738 0.226518 0.0539794
422 0.615738 0.219709 0.0530843
423 0.615738 0.215054 0.0549342
424 0.615738 0.219104 0.0543767
425 0.615738 0.259093 0.0580558
426 0.615738 0.239278 0.0586546
427 0.615738 0.203408 0.0536106
428 0.615738 0.205437 0.0538255
429 0.615738 0.216308 0.0538893
430 0.615738 0.205018 0.0577786
431 0.615738 0.212368 0.0555197
432 0.615738 0.210549 0.0564394
433 0.615738 0.233908 0.0546122
434 0.615738 0.241174 0.0549934
435 0.615738 0.230686 0.0525448
436 0.615738 0.210663 0.0535817
437 0.615738 0.21551 0.0506762
438 0.615738 0.212757 0.0515956
439 0.615738 0.190562 0.0471027
440 0.615738 0.208888 0.0498174
441 0.615738 0.20893 0.0529384
442 0.615738 0.217169 0.0520423
443 0.615738 0.233501 0.0541
444 0.615738 0.233298 0.0568846
445 0.615738 0.200717 0.0550534
446 0.615738 0.235978 0.0550417
447 0.615738 0.212059 0.0501928
448 0.615738 0.222726 0.0592668
449 0.615738 0.220064 0.0532767
450 0.615738 0.215787 0.0526521
451 0.615738 0.22342 0.0513834
452 0.615738 0.234464 0.0540857
453 0.615738 0.23186 0.0577621
454 0.615738 0.232465 0.0599572
455 0.615738 0.201915 0.0540106
456 0.615738 0.229124 0.0589002
457 0.615738 0.229777 0.0578836
458 0.615738 0.228361 0.0554713
459 0.615857 0.218774 0.0584178
460 0.615857 0.236342 0.0581087
461 0.615857 0.231265 0.0548549
462 0.615857 0.248345 0.055936
463 0.615857 0.241306 0.0553119
464 0.615857 0.251231 0.0559775
465 0.615857 0.268031 0.0540097
466 0.615857 0.272985 0.0548977
467 0.615857 0.26083 0.0558354
468 0.615857 0.264133 0.0519998
469 0.615857 0.26279 0.0538973
470 0.615857 0.242945 0.052427
471 0.615857 0.244489 0.0505355
472 0.615857 0.238102 0.0514117
473 0.615904 0.250974 0.0540423
474 0.615904 0.237607 0.055205
475 0.615904 0.214426 0.0508619
476 0.615904 0.185764 0.0500982
477 0.615904 0.221173 0.054565
478 0.615904 0.249517 0.0546871
479 0.615904 0.243111 0.0561051
480 0.615904 0.257941 0.0581517
481 0.615904 0.221966 0.0591753
482 0.615904 0.212505 0.0546653
483 0.616026 0.230938 0.0555861
484 0.616026 0.236008 0.0533299
485 0.616026 0.219813 0.0541304
486 0.616026 0.224144 0.0549353
487 0.616026 0.254382 0.0521759
488 0.616026 0.259392 0.0543373
489 0.616026 0.2466 0.052064
490 0.616026 0.254201 0.0579694
491 0.616026 0.257039 0.0564621
492 0.616026 0.232612 0.0580934
493 0.616026 0.238641 0.0526353
494 0.616026 0.197874 0.0508292
495 0.616026 0.208608 0.0580331
496 0.616026 0.231794 0.0573377
497 0.616026 0.19056 0.0512754
498 0.616026 0.187602 0.0507046
499 0.616026 0.237185 0.0521694
500 0.616026 0.230004 0.0484467
501 0.616026 0.241889 0.0516434
502 0.616026 0.22031 0.0551242
503 0.616026 0.218594 0.0519222
504 0.616026 0.239497 0.0557334
505 0.616026 0.20368 0.0491218
506 0.616026 0.231304 0.0512136
507 0.616026 0.242106 0.051645
508 0.616026 0.235022 0.0559041
509 0.616026 0.217248 0.0506559
510 0.616026 0.208836 0.0544402
511 0.616026 0.226222 0.0548791
512 0.616026 0.188265 0.0524484
513 0.616026 0.175656 0.0505617
514 0.616026 0.184253 0.0520434
515 0.616026 0.17458 0.0511806
516 0.616026 0.236008 0.0552119
517 0.616026 0.221031 0.0561905
518 0.616026 0.22488 0.0543892
519 0.616026 0.217124 0.0519789
520 0.616026 0.218933 0.0527947
521 0.616026 0.232984 0.0545239
522 0.616026 0.227212 0.0556579
523 0.616026 0.214312 0.0549883
524 0.616026 0.238751 0.0559485
525 0.616026 0.248342 0.0562703
526 0.616026 0.251198 0.0514631
527 0.616026 0.253212 0.0509699
528 0.616026 0.265665 0.0486984
529 0.616026 0.267279 0.0491715
530 0.616026 0.25993 0.0509359
531 0.616026 0.26373 0.0523043
532 0.616026 0.277632 0.0479305
533 0.616026 0.274333 0.0502462
534 0.616026 0.24528 0.0530656
535 0.616026 0.24002 0.0514221
536 0.616026 0.206759 0.0501655
537 0.616026 0.196413 0.0568505
538 0.616026 0.229957 0.0558696
539 0.616026 0.241004 0.0505862
540 0.616026 0.255462 0.0540632
541 0.616026 0.224535 0.0545924
542 0.616026 0.230892 0.0571097
543 0.616026 0.249697 0.0507941
544 0.616026 0.251606 0.0506252
545 0.616026 0.228642 0.0531048
546 0.616026 0.238865 0.0531024
547 0.616026 0.237131 0.0604825
548 0.616026 0.220098 0.0538233
549 0.616026 0.216947 0.0528421
550 0.616026 0.20381 0.0527404
551 0.616026 0.206303 0.0480872
552 0.616026 0.216373 0.0529319
553 0.616026 0.22488 0.0554165
554 0.616026 0.245695 0.0587771
555 0.616026 0.215501 0.0555584
556 0.616026 0.213598 0.0519753
557 0.616026 0.219484 0.0542105
558 0.616026 0.210394 0.0586457
559 0.616026 0.210353 0.054161
560 0.616026 0.216724 0.0551056
561 0.616026 0.19161 0.0510216
562 0.616026 0.1858 0.0498514
563 0.616026 0.186519 0.0491375
564 0.616026 0.176049 0.0482447
565 0.616026 0.201916 0.052661
566 0.616026 0.201161 0.0506746
567 0.616026 0.18771 0.050554
568 0.616026 0.19933 0.052786
569 0.616026 0.192278 0.053775
570 0.616026 0.20474 0.0527652
571 0.616026 0.208257 0.0561485
572 0.616026 0.197165 0.0524241
573 0.616026 0.198353 0.0538501
574 0.616026 0.208424 0.055656
575 0.616026 0.209718 0.0589113
576 0.616026 0.261925 0.0581023
577 0.616026 0.245754 0.0560419
578 0.616026 0.247202 0.0590412
579 0.616026 0.221079 0.0553486
580 0.616026 0.214701 0.0477582
581 0.616026 0.258734 0.0552097
582 0.616026 0.259719 0.0536707
583 0.616026 0.253889 0.0511858
584 0.616026 0.219081 0.0503109
585 0.616026 0.221896 0.055248
586 0.616026 0.239422 0.0601372
587 0.616026 0.221004 0.050641
588 0.616026 0.211607 0.0508087
589 0.616026 0.214911 0.0521359
590 0.616026 0.227048 0.0486919
591 0.616026 0.243204 0.0506617
592 0.616026 0.234693 0.0543518
593 0.616026 0.238509 0.0531306
594 0.616026 0.196725 0.0511389
595 0.616026 0.223906 0.0529975
596 0.616026 0.247939 0.0544099
597 0.616026 0.21913 0.0592948
598 0.616026 0.202789 0.0533853
599 0.616026 0.22167 0.0581369
600 0.616026 0.214132 0.0583187
601 0.616026 0.206694 0.052293
602 0.616026 0.203663 0.0570355
603 0.616026 0.207442 0.0554933
604 0.616026 0.187814 0.0528089
605 0.616026 0.159462 0.0503815
606 0.616026 0.184846 0.0521303
607 0.616026 0.231196 0.056179
608 0.616026 0.229646 0.0566908
609 0.616026 0.220904 0.0515199
610 0.616026 0.200514 0.0526767
611 0.616026 0.19744 0.0499692
612 0.616026 0.197537 0.0517369
613 0.616026 0.209516 0.0542311
614 0.616026 0.204082 0.0483307
615 0.616026 0.212613 0.0477165
616 0.616026 0.202073 0.0543608
617 0.616026 0.150716 0.0473431
618 0.616026 0.143458 0.048312
619 0.616026 0.186587 0.0542009
620 0.616026 0.19503 0.0523857
621 0.616026 0.217922 0.0531902
622 0.616026 0.222595 0.0555488
623 0.616026 0.248433 0.0501916
624 0.616026 0.20443 0.0465732
625 0.616026 0.191457 0.0452067
626 0.616026 0.185384 0.0523669
627 0.616026 0.186925 0.0539935
628 0.616026 0.19945 0.0554782
629 0.616026 0.203154 0.0583779
630 0.616026 0.215503 0.0575808
631 0.616026 0.217671 0.0589495
632 0.616026 0.226839 0.0548501
633 0.616026 0.213655 0.0503072
634 0.616026 0.220129 0.0528129
635 0.616026 0.225308 0.050602
636 0.616026 0.207982 0.0509477
637 0.616026 0.246056 0.0563209
638 0.616026 0.218055 0.0522344
639 0.616026 0.20059 0.0511371
640 0.616026 0.218877 0.0598109
641 0.616026 0.22024 0.0564501
642 0.616026 0.219709 0.0533062
643 0.616026 0.19327 0.0529373
644 0.616026 0.211304 0.0555919
645 0.616026 0.206931 0.0504003
646 0.616026 0.238112 0.0547436
647 0.616026 0.211194 0.0563688
648 0.616026 0.213927 0.0547905
649 0.616026 0.221363 0.0537347
650 0.616026 0.239087 0.0525427
651 0.616026 0.231576 0.0556378
652 0.616026 0.235072 0.0557165
653 0.616026 0.223547 0.0557478
654 0.616026 0.230911 0.053844
655 0.616026 0.224069 0.0549556
656 0.616026 0.212576 0.0511494
657 0.616026 0.228172 0.0541635
658 0.616026 0.204985 0.0537961
659 0.616026 0.221171 0.058845
660 0.616026 0.203364 0.0587199
661 0.616026 0.231498 0.055684
662 0.616026 0.189547 0.0522245
663 0.616026 0.201419 0.0556796
664 0.616026 0.19694 0.0544607
665 0.616026 0.196873 0.0551682
666 0.616026 0.211666 0.0577666
667 0.616026 0.210593 0.0571512
668 0.616026 0.212623 0.0606826
669 0.616026 0.246632 0.0657788
670 0.616026 0.220615 0.0615802
671 0.616026 0.216051 0.0585283
672 0.616026 0.215719 0.0555482
673 0.616026 0.223996 0.0542571
674 0.616026 0.228449 0.0553967
675 0.616026 0.211216 0.0533929
676 0.616026 0.201549 0.0515967
677 0.616026 0.215217 0.0544944
678 0.616026 0.228729 0.0527058
679 0.616026 0.226534 0.0546963
680 0.616026 0.214976 0.0493726
681 0.616026 0.255018 0.0539209
682 0.616026 0.208472 0.050529
683 0.616026 0.192676 0.0537912
684 0.616026 0.22149 0.0569662
685 0.616026 0.2443 0.0591779
686 0.616026 0.239231 0.0602023
687 0.616026 0.215338 0.0539476
688 0.616026 0.210573 0.0563704
689 0.616026 0.213957 0.0551646
690 0.616026 0.226296 0.0553323
691 0.616026 0.22801 0.0554852
692 0.616026 0.216502 0.0564047
693 0.616026 0.179912 0.0534146
694 0.616026 0.190938 0.0547125
695 0.616026 0.211253 0.0558241
696 0.616026 0.204878 0.0518158
697 0.616026 0.208273 0.0537788
698 0.616026 0.214146 0.0551883
699 0.616026 0.184275 0.0509307
700 0.616026 0.197365 0.0528758
701 0.616026 0.194212 0.0513224
702 0.616026 0.189633 0.0548634
703 0.616026 0.196047 0.0525487
704 0.616026 0.224069 0.0551737
705 0.616026 0.209507 0.0581762
706 0.616026 0.209716 0.0539523
707 0.616026 0.228405 0.0545943
708 0.616026 0.227688 0.0556547
709 0.616026 0.222341 0.0545491
710 0.616026 0.219589 0.0570923
711 0.616026 0.233412 0.0545871
712 0.616026 0.249976 0.0516175
713 0.616026 0.242649 0.0558334
714 0.616026 0.263151 0.0530818
715 0.616026 0.264819 0.0521651
716 0.616026 0.293077 0.0512073
717 0.616026 0.283264 0.0497854
718 0.616026 0.264599 0.0522153
719 0.616026 0.270152 0.0512322
720 0.616026 0.245429 0.0482544
721 0.616026 0.232797 0.0519972
722 0.616026 0.251165 0.0517482
723 0.616026 0.254747 0.0529051
724 0.616026 0.209204 0.0480345
725 0.616026 0.21789 0.043585
726 0.616026 0.222656 0.0487205
727 0.616026 0.252605 0.0500681
728 0.616026 0.220343 0.0481177
729 0.616026 0.237106 0.0501073
730 0.616026 0.213553 0.056139
731 0.616026 0.204147 0.0555527
732 0.616026 0.222073 0.0553441
733 0.616026 0.235173 0.0547263
734 0.616026 0.20843 0.0523599
735 0.616026 0.228423 0.0539275
736 0.616026 0.190062 0.0531364
737 0.616026 0.193844 0.0511211
738 0.616026 0.225554 0.0556887
739 0.616026 0.215998 0.0551825
740 0.616026 0.196884 0.0535245
741 0.616026 0.192179 0.0517316
742 0.616026 0.198613 0.0473414
743 0.616026 0.211541 0.054914
744 0.616026 0.185597 0.0569569
745 0.616026 0.195412 0.0538863
746 0.616026 0.220992 0.0565854
747 0.616026 0.226909 0.0547923
748 0.616026 0.215723 0.0584535
749 0.616026 0.217378 0.0593128
750 0.616026 0.180693 0.0556301
751 0.616026 0.197621 0.050381
752 0.616026 0.20562 0.0497941
753 0.616026 0.224102 0.0519318
754 0.616026 0.196044 0.0529092
755 0.616026 0.202447 0.0535389
756 0.616026 0.226519 0.0540008
757 0.616026 0.255435 0.055538
758 0.616026 0.235363 0.0558785
759 0.616026 0.235206 0.0589631
760 0.616026 0.262256 0.0548007
761 0.616026 0.250284 0.0584722
762 0.616026 0.217631 0.0546766
763 0.616026 0.223772 0.0561579
764 0.616026 0.205229 0.0520371
765 0.616026 0.224558 0.0575487
766 0.616026 0.215604 0.059715
767 0.616026 0.216484 0.0570845
768 0.616026 0.243015 0.0643772
769 0.616026 0.224999 0.0574746
770 0.616026 0.233159 0.0530495
771 0.616026 0.215858 0.0565767
772 0.616026 0.233394 0.0474455
773 0.616026 0.208672 0.0532067
774 0.616026 0.218554 0.0557064
775 0.616026 0.20834 0.0558435
776 0.616026 0.203204 0.0555835
777 0.616026 0.202331 0.0522555
778 0.616026 0.198592 0.0514224
779 0.616026 0.199742 0.0571496
780 0.616026 0.201855 0.055971
781 0.616026 0.199997 0.0538477
782 0.616026 0.201331 0.0510655
783 0.616026 0.190793 0.0544921
784 0.616026 0.198349 0.0544336
785 0.616026 0.205655 0.0515756
786 0.616026 0.214722 0.0525432
787 0.616026 0.220271 0.0517897
788 0.616026 0.218831 0.0478413
789 0.616026 0.205503 0.0534497
790 0.616026 0.201442 0.0536405
791 0.616026 0.215713 0.0532008
792 0.616026 0.199287 0.0520812
793 0.616026 0.214772 0.0520863
794 0.616026 0.222015 0.0553239
795 0.616026 0.19945 0.0540999
796 0.616026 0.221635 0.0554578
797 0.616026 0.21026 0.0550741
798 0.616026 0.202243 0.0526854
799 0.616026 0.206655 0.051757
800 0.616026 0.218885 0.0498754
801 0.616026 0.220951 0.0457085
802 0.616026 0.2199 0.0477563
803 0.616026 0.226648 0.0547596
804 0.616026 0.216898 0.0497591
805 0.616026 0.207328 0.0504489
806 0.616026 0.211881 0.0544883
807 0.616026 0.194574 0.0535708
808 0.616026 0.196606 0.054548
809 0.616026 0.214947 0.0506322
810 0.616026 0.213413 0.0565391
811 0.616026 0.205279 0.0499513
812 0.616026 0.231519 0.0547966
813 0.616026 0.227044 0.0533824
814 0.616026 0.234285 0.0531426
815 0.616026 0.236309 0.0489333
816 0.616026 0.233241 0.0470379
817 0.616026 0.204079 0.0487558
818 0.616026 0.189307 0.0495635
819 0.616026 0.179159 0.0467189
820 0.616026 0.200406 0.0534473
821 0.616026 0.209935 0.0536617
822 0.616026 0.206849 0.0566923
823 0.616026 0.212995 0.0538612
824 0.616026 0.203012 0.0525957
825 0.616026 0.219944 0.0528276
826 0.616026 0.215461 0.0532707
827 0.616026 0.210442 0.0530333
828 0.616026 0.197158 0.0548953
829 0.616026 0.233097 0.0576595
830 0.616026 0.226084 0.057716
831 0.616026 0.227677 0.059938
832 0.616026 0.236924 0.0604638
833 0.616026 0.224841 0.056805
834 0.616026 0.246781 0.0593458
835 0.616026 0.240802 0.0566371
836 0.616026 0.215313 0.0544552
837 0.616026 0.223373 0.0515315
838 0.616026 0.242939 0.0509112
839 0.616026 0.198107 0.0539558
840 0.616026 0.22112 0.0512577
841 0.616026 0.22389 0.0520773
842 0.616026 0.199956 0.0548254
843 0.616026 0.200747 0.0487883
844 0.616026 0.199159 0.0573093
845 0.616026 0.200986 0.0585031
846 0.616026 0.211078 0.0562838
847 0.616026 0.189857 0.0565614
848 0.616026 0.201024 0.0541183
849 0.616026 0.206697 0.0525422
850 0.616026 0.218783 0.0550843
851 0.616026 0.213429 0.0553916
852 0.616026 0.226432 0.0566854
853 0.616434 0.235999 0.0545956
854 0.616434 0.2053 0.0561314
855 0.616434 0.21844 0.0547126
856 0.616434 0.225886 0.0554712
857 0.616434 0.240977 0.0520393
858 0.616434 0.220781 0.0542307
859 0.616434 0.219298 0.0552256
860 0.616434 0.228359 0.0581537
861 0.616434 0.252488 0.0531399
862 0.616434 0.258103 0.0530601
863 0.616434 0.231924 0.0494787
864 0.616434 0.237339 0.052498
865 0.616434 0.238183 0.0528235
866 0.616434 0.234439 0.0527744
867 0.616434 0.208191 0.0525966
868 0.616434 0.227614 0.0550506
869 0.616434 0.189941 0.0513868
870 0.616434 0.22691 0.0498338
871 0.616434 0.223466 0.0548987
872 0.616434 0.201718 0.0511033
873 0.616434 0.196158 0.0536059
874 0.616434 0.206993 0.0529553
875 0.616434 0.221872 0.0516342
876 0.616434 0.224748 0.0496126
877 0.616434 0.230839 0.0502235
878 0.616434 0.223935 0.0511558
879 0.616434 0.235689 0.0522117
880 0.616434 0.228491 0.0572374
881 0.616434 0.222892 0.0527265
882 0.616434 0.208104 0.052076
883 0.616434 0.21923 0.0522653
884 0.616434 0.199305 0.0492441
885 0.616434 0.200615 0.0508018
886 0.616434 0.210675 0.0515914
887 0.616434 0.232333 0.0502557
888 0.616434 0.221888 0.0568864
889 0.616434 0.212506 0.055918
890 0.616434 0.201326 0.0527697
891 0.616434 0.180128 0.0492315
892 0.616434 0.193021 0.0515709
893 0.616434 0.211254 0.0515658
894 0.616434 0.190011 0.0554341
895 0.616434 0.180927 0.0574346
896 0.616434 0.199968 0.0582795
897 0.616434 0.171424 0.0522256
898 0.616434 0.186564 0.0563093
899 0.616434 0.180066 0.0563058
900 0.616434 0.211608 0.0615208
901 0.616434 0.19672 0.0558115
902 0.616434 0.221045 0.0561133
903 0.616434 0.230381 0.0565294
904 0.616434 0.229661 0.0556619
905 0.616434 0.233958 0.0545132
906 0.616434 0.238394 0.0541765
907 0.616434 0.229278 0.0484331
908 0.616434 0.217625 0.0510815
909 0.616434 0.23278 0.0523682
910 0.616434 0.218035 0.0556471
911 0.616434 0.212907 0.0502868
912 0.616434 0.197923 0.0504196
913 0.616434 0.186639 0.0508537
914 0.616434 0.224609 0.0527512
915 0.616434 0.223995 0.0522391
916 0.616434 0.232378 0.0485989
917 0.616434 0.229433 0.0528361
918 0.616434 0.205453 0.0540234
919 0.616434 0.219172 0.0548309
920 0.616434 0.211146 0.0535378
921 0.616434 0.217533 0.0529712
922 0.616434 0.227817 0.0529573
923 0.616434 0.210745 0.0499072
924 0.616434 0.207593 0.0499069
925 0.616434 0.218356 0.0548193
926 0.616434 0.233155 0.0498633
927 0.616434 0.202736 0.0476963
928 0.616434 0.225513 0.049484
929 0.616434 0.215075 0.0488835
930 0.616434 0.188168 0.046084
931 0.616434 0.214274 0.0502743
932 0.616434 0.236283 0.051423
933 0.616434 0.257142 0.0545221
934 0.616434 0.226397 0.0543045
935 0.616434 0.269649 0.0534819
936 0.616434 0.238326 0.0570246
937 0.616434 0.216391 0.0521253
938 0.616434 0.20081 0.0552113
939 0.616434 0.219667 0.0511275
940 0.616434 0.219011 0.0496726
941 0.616434 0.231582 0.0509254
942 0.616434 0.2141 0.0508473
943 0.616434 0.225456 0.050139
944 0.616434 0.258743 0.0530136
945 0.616434 0.250795 0.0527226
946 0.616434 0.238353 0.0513043
947 0.616434 0.259586 0.0548357
948 0.616434 0.237023 0.0532946
949 0.616434 0.234741 0.0565581
950 0.616434 0.237586 0.0559574
951 0.616434 0.234129 0.0570801
952 0.616776 0.219035 0.0574088
953 0.616776 0.221714 0.0554224
954 0.616776 0.244028 0.0568294
955 0.616776 0.202764 0.0537363
956 0.616776 0.206407 0.0532352
957 0.616776 0.224453 0.0514716
958 0.616776 0.222774 0.0538703
959 0.616776 0.219509 0.0526847
960 0.616776 0.206659 0.0530966
961 0.616776 0.226477 0.0591747
962 0.616778 0.219074 0.0571566
963 0.616778 0.210289 0.0557436
964 0.616778 0.204899 0.0522993
965 0.616778 0.191066 0.0500457
966 0.616778 0.217574 0.0511491
967 0.616778 0.191331 0.047743
968 0.616778 0.181106 0.046088
969 0.616937 0.208638 0.05386
970 0.616937 0.194859 0.0518573
971 0.616937 0.18744 0.0486382
972 0.616937 0.175798 0.0475682
973 0.616937 0.221694 0.0529998
974 0.616937 0.222942 0.0575479
975 0.616937 0.215441 0.0567645
976 0.616937 0.246478 0.0590563
977 0.616937 0.228403 0.0532948
978 0.616937 0.221703 0.0542642
979 0.616937 0.206066 0.0555167
980 0.616937 0.215073 0.056883
981 0.616937 0.246638 0.0568431
982 0.616937 0.263703 0.0605385
983 0.616937 0.226871 0.0536848
984 0.616937 0.241869 0.0563122
985 0.616937 0.216001 0.0580398
986 0.616937 0.212258 0.0591722
987 0.616937 0.220137 0.0585532
988 0.616937 0.23047 0.058169
989 0.616937 0.223677 0.0573256
990 0.616937 0.219554 0.0574537
991 0.616937 0.218821 0.0546451
992 0.616937 0.221944 0.0546995
993 0.616937 0.213742 0.0535241
994 0.616937 0.232908 0.0550536
995 0.616937 0.226295 0.0486372
996 0.616937 0.20676 0.0530244
997 0.616937 0.213333 0.0536322
998 0.616937 0.244873 0.0550287
999 0.616937 0.222937 0.0527237
1000 0.616937 0.255978 0.0587158
