0 0.125274 0.0676015 0.00392691
1 0.125274 0.0700904 0.0038982
2 0.125274 0.0751247 0.0037918
3 0.125274 0.0851149 0.00344063
4 0.125274 0.0878208 0.0032884
5 0.125491 0.0914267 0.00310859
6 0.125491 0.0853412 0.0034047
7 0.125491 0.0892014 0.00320168
8 0.125491 0.0977505 0.00266181
9 0.125491 0.0946889 0.00286727
10 0.125491 0.0964904 0.00277834
11 0.125491 0.0964192 0.00279271
12 0.125491 0.101418 0.00242391
13 0.125491 0.103942 0.00221974
14 0.125491 0.107611 0.00189978
15 0.125491 0.110209 0.00165508
16 0.125491 0.106412 0.0020115
17 0.125491 0.10275 0.00231204
18 0.125491 0.108894 0.00178742
19 0.125491 0.105206 0.00211138
20 0.125491 0.104074 0.00219327
21 0.125491 0.108896 0.00178959
22 0.125491 0.112749 0.00140021
23 0.125491 0.108938 0.00177888
24 0.125491 0.105162 0.00212023
25 0.125491 0.108955 0.00177341
26 0.125491 0.107722 0.00188736
27 0.125491 0.107665 0.00190134
28 0.125491 0.110185 0.00166407
29 0.125491 0.106396 0.00201512
30 0.125491 0.105156 0.00212291
31 0.125491 0.0989265 0.00261836
32 0.125491 0.0989647 0.00260906
33 0.125742 0.105156 0.00212396
34 0.125742 0.110238 0.00165105
35 0.125742 0.105212 0.00211161
36 0.125742 0.107781 0.00188104
37 0.125742 0.103964 0.00219372
38 0.125742 0.0951713 0.0028827
39 0.125742 0.0914065 0.00309597
40 0.125742 0.0852381 0.00342954
41 0.125742 0.0902554 0.00317473
42 0.125742 0.0865433 0.00336395
43 0.125742 0.0776588 0.00372681
44 0.125742 0.0777265 0.00371508
45 0.125742 0.0827461 0.00353704
46 0.125742 0.0951938 0.0028828
47 0.125742 0.0939312 0.00296608
48 0.125742 0.0926884 0.00304136
49 0.125742 0.0895624 0.00318123
50 0.125742 0.0843959 0.00343933
51 0.125742 0.0780381 0.00368149
52 0.125873 0.0827296 0.00354817
53 0.125873 0.0826896 0.00354977
54 0.125945 0.0828447 0.00352624
55 0.125945 0.0889739 0.00325584
56 0.125945 0.0864958 0.00337617
57 0.125945 0.0901887 0.00318908
58 0.126072 0.087726 0.00332015
59 0.126072 0.0889626 0.00325446
60 0.126072 0.0864309 0.00338675
61 0.126072 0.0839613 0.00349916
62 0.126072 0.0842576 0.00345659
63 0.126072 0.0809485 0.00357477
64 0.126273 0.0864825 0.00338404
65 0.126273 0.0840655 0.00348305
66 0.126311 0.0927442 0.00304351
67 0.126311 0.0902447 0.00318845
68 0.126311 0.0840368 0.00349697
69 0.126311 0.0914731 0.00311712
70 0.126311 0.0952717 0.00288566
71 0.126311 0.0870497 0.00331336
72 0.126311 0.0928223 0.00303419
73 0.126471 0.099113 0.00260161
74 0.126471 0.0903076 0.00317987
75 0.126471 0.0904219 0.00308496
76 0.126499 0.0928318 0.00303952
77 0.126499 0.0928035 0.00304482
78 0.126545 0.0915886 0.00311191
79 0.126545 0.0928789 0.00303041
80 0.126571 0.0929737 0.00301165
81 0.126571 0.09408 0.00295253
82 0.126573 0.0929208 0.00303628
83 0.126573 0.0928462 0.00303247
84 0.126573 0.096507 0.00277728
85 0.126573 0.093897 0.00294184
86 0.126876 0.091667 0.00310338
87 0.126876 0.0965844 0.00279935
88 0.126876 0.0991052 0.00261931
89 0.126876 0.0965942 0.00277496
90 0.126876 0.0954178 0.00288243
91 0.126876 0.102091 0.00235439
92 0.126876 0.0929534 0.00302876
93 0.126876 0.084159 0.00349045
94 0.126876 0.0804949 0.00362472
95 0.128384 0.080455 0.00364104
96 0.128384 0.083013 0.00354518
97 0.128384 0.0906378 0.00313855
98 0.128384 0.090409 0.00317892
99 0.128384 0.0942123 0.00296009
100 0.128384 0.0829883 0.00352774
101 0.128384 0.0876976 0.00330507
102 0.128384 0.0952209 0.00286912
103 0.128384 0.0867742 0.0033826
104 0.128384 0.0812386 0.00358255
105 0.128384 0.0892592 0.00326086
106 0.128384 0.0944476 0.00293194
107 0.128384 0.0966952 0.00279489
108 0.128384 0.0969515 0.00280172
109 0.128384 0.0968361 0.00280192
110 0.128384 0.0888194 0.00324652
111 0.128384 0.0918087 0.0031205
112 0.128421 0.0906233 0.0031911
113 0.128421 0.0906444 0.00318417
114 0.12846 0.0932382 0.00303716
115 0.128784 0.0947275 0.00292279
116 0.128784 0.0857649 0.00344245
117 0.128784 0.0931906 0.00304263
118 0.128784 0.0982713 0.00269544
119 0.128784 0.095695 0.00285038
120 0.128888 0.101923 0.00243021
121 0.128888 0.10193 0.00241561
122 0.128888 0.0956241 0.00287272
123 0.128888 0.0820695 0.00357655
124 0.128888 0.0896074 0.00322201
125 0.128888 0.0945367 0.00294545
126 0.128888 0.0933443 0.00302378
127 0.128888 0.0931759 0.00302543
128 0.132333 0.0839063 0.00348208
129 0.132333 0.0858484 0.00343533
130 0.132377 0.080361 0.00362191
131 0.132377 0.0859328 0.00339066
132 0.132377 0.0876243 0.00331222
133 0.132377 0.0947678 0.00292475
134 0.132377 0.100624 0.00249288
135 0.132377 0.0911449 0.0031296
136 0.132377 0.0922995 0.00308746
137 0.132377 0.0889746 0.00319692
138 0.132377 0.100911 0.00249503
139 0.132377 0.0936332 0.00300577
140 0.132377 0.087524 0.00331138
141 0.132377 0.0848484 0.0034663
142 0.132377 0.0849947 0.00345371
143 0.132377 0.0874717 0.00329767
144 0.132377 0.0813324 0.00357312
145 0.132377 0.0839854 0.00347484
146 0.132377 0.0814278 0.00355348
147 0.132377 0.087538 0.00329658
148 0.132377 0.0892309 0.00317721
149 0.132377 0.0913638 0.00310698
150 0.132377 0.0959386 0.00285802
151 0.132377 0.0972754 0.00278979
152 0.132377 0.0927705 0.00308549
153 0.132377 0.0968326 0.00276784
154 0.132377 0.0838601 0.00349908
155 0.132377 0.0854933 0.00345476
156 0.132377 0.0882688 0.00326177
157 0.132377 0.0879117 0.00331274
158 0.132377 0.0903306 0.00314215
159 0.132377 0.0914788 0.00313241
160 0.132377 0.0963501 0.00279772
161 0.132377 0.0923 0.00299452
162 0.132377 0.100243 0.00256246
163 0.132377 0.0987566 0.00268981
164 0.132377 0.0938378 0.00300791
165 0.132377 0.0901142 0.00319345
166 0.132377 0.0913823 0.00310835
167 0.132377 0.0877469 0.00331131
168 0.132377 0.0855387 0.00341511
169 0.132377 0.0888243 0.00326315
170 0.132377 0.0773809 0.0036824
171 0.132561 0.0826801 0.00354179
172 0.132561 0.0777911 0.00372061
173 0.132561 0.0863142 0.00340918
174 0.132561 0.0826269 0.00351323
175 0.132561 0.089893 0.00321025
176 0.132561 0.0817069 0.00356313
177 0.132561 0.0867387 0.00335385
178 0.132561 0.0864517 0.00339772
179 0.132785 0.0891814 0.00326152
180 0.132785 0.0875761 0.00334074
181 0.132785 0.0937159 0.00302021
182 0.132785 0.0888719 0.00329017
183 0.132785 0.0864905 0.00335401
184 0.132785 0.0854095 0.00342575
185 0.132785 0.0865233 0.00332852
186 0.132785 0.0865953 0.00332626
187 0.132785 0.084362 0.00346572
188 0.132785 0.0772804 0.00368935
189 0.132785 0.0936552 0.0029946
190 0.132785 0.0890481 0.0032308
191 0.132785 0.0904063 0.00316716
192 0.132785 0.0829704 0.00342564
193 0.132785 0.0856036 0.00339657
194 0.132785 0.0842681 0.00345017
195 0.132785 0.0927149 0.00305494
196 0.132785 0.0952481 0.00289203
197 0.132785 0.0935416 0.00299833
198 0.132785 0.0963866 0.00284739
199 0.135287 0.0890631 0.00327442
200 0.135287 0.0998508 0.00261772
201 0.135287 0.0925882 0.00305577
202 0.135287 0.086727 0.00338188
203 0.135287 0.0952992 0.00292222
204 0.135287 0.0891117 0.00328935
205 0.135287 0.0942297 0.00297621
206 0.135287 0.0917187 0.00309181
207 0.135287 0.092722 0.00300827
208 0.135287 0.0892061 0.00327982
209 0.135287 0.091666 0.00313201
210 0.135287 0.102666 0.0023564
211 0.135287 0.0927462 0.00304063
212 0.135287 0.0914954 0.00314307
213 0.135287 0.0819103 0.00353591
214 0.135287 0.0844681 0.00347506
215 0.135287 0.0862201 0.00341386
216 0.135287 0.0927385 0.00307323
217 0.135287 0.0868508 0.00335395
218 0.135287 0.0879945 0.00327261
219 0.135287 0.0842411 0.00347003
220 0.135287 0.0833558 0.00351042
221 0.135287 0.0930434 0.00303072
222 0.135287 0.0858245 0.00338586
223 0.135287 0.0919484 0.00307482
224 0.135287 0.0867122 0.00334518
225 0.135287 0.0962755 0.00277069
226 0.135287 0.0999912 0.00258949
227 0.135287 0.097845 0.00275318
228 0.135287 0.0977817 0.00273491
229 0.135287 0.0922812 0.0030264
230 0.135287 0.0918224 0.00310006
231 0.135287 0.089219 0.00320665
232 0.135287 0.0913124 0.00313491
233 0.135287 0.0930827 0.00299259
234 0.135287 0.0922513 0.00303559
235 0.135287 0.0952791 0.00289445
236 0.135287 0.100452 0.00253547
237 0.135287 0.0928785 0.0030171
238 0.135287 0.0901789 0.00318932
239 0.135287 0.093836 0.00298909
240 0.135287 0.0976462 0.00272863
241 0.135287 0.0919532 0.00304872
242 0.135287 0.0913583 0.00310568
243 0.135287 0.094947 0.00295638
244 0.135287 0.091839 0.0030982
245 0.135287 0.0946013 0.00288716
246 0.135287 0.101758 0.00243766
247 0.135287 0.101767 0.00242557
248 0.135287 0.0994637 0.00259161
249 0.135287 0.102797 0.00235124
250 0.135287 0.099066 0.00262759
251 0.135287 0.0993071 0.00258743
252 0.135287 0.100462 0.00253032
253 0.135287 0.0882242 0.00329273
254 0.135287 0.0832478 0.00350741
255 0.135287 0.0821523 0.0035336
256 0.135287 0.0785257 0.0036586
257 0.135287 0.0856462 0.00329942
258 0.135287 0.083213 0.00349311
259 0.135287 0.0858888 0.00338549
260 0.135287 0.0847945 0.00343293
261 0.135287 0.0846727 0.00345123
262 0.135287 0.0828846 0.00352506
263 0.135287 0.0891926 0.00323808
264 0.135287 0.0977234 0.00275863
265 0.135287 0.0838822 0.00345213
266 0.135287 0.0818532 0.0035337
267 0.135287 0.0856488 0.00338327
268 0.135287 0.0904195 0.00318653
269 0.135287 0.0846004 0.00347732
270 0.135287 0.0920279 0.00308179
271 0.135287 0.0857355 0.00332767
272 0.135287 0.0969338 0.00275247
273 0.135287 0.0982252 0.00270274
274 0.135287 0.0925002 0.00304279
275 0.135287 0.0882428 0.00325125
276 0.135287 0.0922081 0.00304316
277 0.135287 0.100072 0.00253444
278 0.135287 0.0981669 0.00262619
279 0.135287 0.0977922 0.00272021
280 0.135287 0.0883998 0.00328007
281 0.135287 0.0941479 0.00292777
282 0.135287 0.0921932 0.00302652
283 0.135287 0.0856235 0.00339184
284 0.135287 0.0868051 0.00337079
285 0.135287 0.0810803 0.00357562
286 0.135287 0.0773268 0.00371929
287 0.135287 0.0889143 0.00327051
288 0.135287 0.0925472 0.0030607
289 0.135287 0.0929236 0.00302258
290 0.135287 0.0903366 0.00319792
291 0.135287 0.0828941 0.00357099
292 0.135287 0.0779388 0.00369641
293 0.135287 0.0864922 0.00346519
294 0.135287 0.0882522 0.00331935
295 0.135287 0.0881403 0.00329385
296 0.135287 0.0908553 0.00310467
297 0.135287 0.0857232 0.00339743
298 0.135287 0.0737898 0.00377358
299 0.135287 0.0754213 0.00380565
300 0.135287 0.0856156 0.00342979
301 0.135287 0.0847869 0.00345272
302 0.135287 0.0790895 0.00366251
303 0.135287 0.0862048 0.00341312
304 0.135287 0.0744872 0.0037842
305 0.135287 0.0790712 0.00366226
306 0.135287 0.0772957 0.00372814
307 0.135287 0.0833608 0.0035215
308 0.135287 0.0800244 0.00358759
309 0.135287 0.082375 0.00356647
310 0.135287 0.0772869 0.00366526
311 0.135287 0.0798937 0.00363695
312 0.135287 0.0867557 0.00337458
313 0.135287 0.093954 0.00302171
314 0.135287 0.0978458 0.00279444
315 0.135287 0.0955443 0.00293114
316 0.135287 0.0884759 0.00319112
317 0.135287 0.0823149 0.00349884
318 0.135287 0.0928801 0.00308087
319 0.135287 0.091599 0.00303846
320 0.135287 0.0869532 0.00333508
321 0.135287 0.0794873 0.00366561
322 0.135287 0.0820877 0.00359063
323 0.135287 0.0819338 0.00357203
324 0.135287 0.0808225 0.00356919
325 0.135287 0.0894978 0.00325605
326 0.135287 0.0940227 0.00298635
327 0.135287 0.0865021 0.00331169
328 0.135287 0.0894231 0.00327642
329 0.135287 0.0915015 0.00308986
330 0.135287 0.0876238 0.00333476
331 0.135287 0.0866446 0.00339978
332 0.135287 0.0859337 0.00341422
333 0.135287 0.0895374 0.00325888
334 0.135287 0.0892431 0.00328398
335 0.135388 0.0831367 0.00358769
336 0.135388 0.0878363 0.00335066
337 0.135388 0.0854876 0.00346492
338 0.135388 0.0839423 0.00348673
339 0.135388 0.0895832 0.00321538
340 0.135388 0.0950267 0.00291309
341 0.135388 0.0943597 0.0029954
342 0.135388 0.101691 0.00244529
343 0.135388 0.103045 0.00233332
344 0.135388 0.0993796 0.00264204
345 0.135388 0.0936872 0.00298975
346 0.135388 0.0954001 0.00289814
347 0.135388 0.0962795 0.00279721
348 0.135388 0.0982558 0.00265801
349 0.135388 0.0975171 0.00270736
350 0.135388 0.0895268 0.00318189
351 0.135388 0.0931274 0.00297843
352 0.135388 0.099041 0.00260077
353 0.135388 0.0945443 0.00290138
354 0.135388 0.0923391 0.00300407
355 0.135388 0.0890432 0.00321789
356 0.135388 0.0968808 0.00283186
357 0.135388 0.0819439 0.00360412
358 0.135388 0.0770829 0.00375263
359 0.135388 0.0831745 0.00358577
360 0.135388 0.0856323 0.00346274
361 0.135388 0.0862088 0.00339092
362 0.135388 0.0932216 0.00302092
363 0.135388 0.0907939 0.00316901
364 0.135388 0.090973 0.00321538
365 0.135388 0.0833952 0.00350037
366 0.135388 0.0859194 0.00341659
367 0.135388 0.0930281 0.00307519
368 0.135388 0.0915363 0.00317437
369 0.135388 0.0931132 0.00309336
370 0.135388 0.091389 0.00314127
371 0.135388 0.0883712 0.00333939
372 0.135388 0.0909856 0.00314084
373 0.135388 0.097328 0.00281693
374 0.135388 0.0940338 0.00297803
375 0.135388 0.0934035 0.00299221
376 0.135388 0.09314 0.00307206
377 0.135388 0.0940678 0.0029823
378 0.135388 0.0907057 0.00319878
379 0.135388 0.0872864 0.00332857
380 0.135388 0.0837583 0.00351995
381 0.135388 0.0858556 0.00343486
382 0.135388 0.0943927 0.00297443
383 0.135388 0.0996104 0.00262633
384 0.135483 0.0904973 0.00318655
385 0.135483 0.0884269 0.00329533
386 0.135483 0.0837908 0.00350008
387 0.135483 0.0855156 0.00347586
388 0.135615 0.0785207 0.00373362
389 0.135615 0.0791546 0.00363914
390 0.135615 0.0874171 0.00336213
391 0.135615 0.0855193 0.00341597
392 0.135615 0.0897882 0.00324553
393 0.135615 0.093266 0.00305757
394 0.135615 0.0842576 0.00347218
395 0.135615 0.0880517 0.00324332
396 0.135615 0.0895856 0.00313527
397 0.135615 0.0888049 0.00322675
398 0.135615 0.0895823 0.00325553
399 0.135615 0.0943025 0.00300059
400 0.135615 0.0908742 0.00321385
401 0.135615 0.0896918 0.0033028
402 0.135665 0.0968898 0.00286725
403 0.135665 0.0885191 0.00327508
404 0.135665 0.0982108 0.00276524
405 0.135665 0.0947185 0.00292837
406 0.135665 0.0907556 0.00313804
407 0.135665 0.0966341 0.00285557
408 0.135665 0.10058 0.00253735
409 0.135665 0.103697 0.002292
410 0.135665 0.106703 0.00207074
411 0.135665 0.0994181 0.00264869
412 0.135665 0.100713 0.00255063
413 0.135665 0.091775 0.00316794
414 0.135665 0.0918282 0.00321677
415 0.135665 0.0953066 0.00291369
416 0.135665 0.0921042 0.0031249
417 0.135665 0.0918446 0.00315639
418 0.135665 0.0934877 0.00302568
419 0.135665 0.0941133 0.00302691
420 0.135665 0.0928094 0.00308007
421 0.135665 0.0941854 0.00303171
422 0.135665 0.0902554 0.00326766
423 0.135665 0.0855127 0.00351567
424 0.135665 0.0864356 0.00343225
425 0.135665 0.0832507 0.00355575
426 0.135665 0.0841147 0.00351048
427 0.135665 0.0834196 0.00354818
428 0.135665 0.0770142 0.00380939
429 0.135665 0.0784306 0.00373273
430 0.135665 0.0950044 0.00295522
431 0.135665 0.0762054 0.00373609
432 0.135665 0.0820789 0.00357999
433 0.135665 0.0844176 0.00351835
434 0.135665 0.0831443 0.00350442
435 0.135665 0.0899012 0.00318509
436 0.135665 0.0940777 0.00294474
437 0.135665 0.101553 0.00247441
438 0.135665 0.0873286 0.00333639
439 0.135665 0.0897646 0.00322687
440 0.135665 0.089411 0.00327188
441 0.135665 0.0966797 0.00286827
442 0.135665 0.0880541 0.00331273
443 0.135665 0.0953414 0.00293453
444 0.135665 0.0993239 0.00266518
445 0.135665 0.0957633 0.00287903
446 0.135665 0.097211 0.00280801
447 0.135665 0.105833 0.0021562
448 0.135665 0.103231 0.00231018
449 0.135665 0.100709 0.0024601
450 0.135665 0.0981717 0.00271462
451 0.135665 0.097506 0.00273595
452 0.135665 0.0999671 0.0025656
453 0.135665 0.0899331 0.00320894
454 0.135665 0.0832337 0.00348417
455 0.135665 0.0887726 0.00326953
456 0.135665 0.0992816 0.00263931
457 0.135665 0.0991706 0.00269396
458 0.135665 0.0937314 0.00303133
459 0.135665 0.0907856 0.00321856
460 0.135665 0.0932705 0.00310392
461 0.135665 0.087184 0.00341537
462 0.135665 0.0905811 0.00326072
463 0.135665 0.0893876 0.00330963
464 0.135665 0.0906504 0.00318942
465 0.135665 0.0886806 0.00330595
466 0.135665 0.094554 0.00293076
467 0.135665 0.0921665 0.00311465
468 0.135665 0.0968246 0.00279033
469 0.135665 0.104688 0.00224635
470 0.135665 0.0983447 0.00275196
471 0.135665 0.0957923 0.00290332
472 0.135665 0.0932007 0.00308228
473 0.135665 0.0952914 0.00296761
474 0.135665 0.091865 0.00314409
475 0.135665 0.0990757 0.00266166
476 0.135665 0.0995075 0.00259161
477 0.135665 0.0993251 0.00262405
478 0.135665 0.100735 0.00246809
479 0.135665 0.103232 0.00236967
480 0.135665 0.10782 0.00194954
481 0.135665 0.100888 0.00250886
482 0.135665 0.10141 0.00249687
483 0.135665 0.0957181 0.00288673
484 0.135665 0.0934204 0.00302574
485 0.135665 0.100599 0.00256184
486 0.135665 0.0996476 0.00265978
487 0.135665 0.0968779 0.0028025
488 0.135665 0.0955536 0.00290263
489 0.135665 0.0933345 0.00304464
490 0.135665 0.086126 0.00338683
491 0.135665 0.0956623 0.00283504
492 0.135665 0.0968926 0.00275874
493 0.135665 0.0959159 0.00281447
494 0.135665 0.0899401 0.00315726
495 0.135665 0.0819446 0.00349403
496 0.135665 0.0884456 0.00332423
497 0.135665 0.08432 0.00345546
498 0.135665 0.0909136 0.00311294
499 0.135665 0.101974 0.00243445
500 0.135665 0.0955753 0.00289062
501 0.135665 0.0954441 0.00287138
502 0.135665 0.101763 0.00250877
503 0.135665 0.106099 0.00211489
504 0.135665 0.104252 0.00231978
505 0.135665 0.0994173 0.00265592
506 0.135665 0.0942878 0.00300234
507 0.135665 0.090274 0.00319484
508 0.135665 0.0967325 0.00280008
509 0.135665 0.0883283 0.00332843
510 0.135665 0.0876526 0.0033357
511 0.135665 0.0821055 0.0036162
512 0.135665 0.0739816 0.0037797
513 0.135665 0.0785297 0.00366745
514 0.135665 0.0863815 0.00340616
515 0.135665 0.0866599 0.00343505
516 0.135665 0.0872031 0.00336629
517 0.135665 0.0882505 0.00336093
518 0.135665 0.0837619 0.00349191
519 0.135665 0.0884119 0.00331466
520 0.135665 0.0893714 0.00326985
521 0.135665 0.0834516 0.00360399
522 0.135665 0.0858649 0.00347135
523 0.135665 0.0856856 0.00347498
524 0.135665 0.0854846 0.00352033
525 0.135665 0.0903035 0.0032197
526 0.135665 0.0784493 0.00372959
527 0.135665 0.0859995 0.00343883
528 0.135665 0.0904971 0.00321261
529 0.135665 0.0929803 0.00311394
530 0.135665 0.0980452 0.00277782
531 0.135665 0.0944199 0.00297244
532 0.135665 0.0941487 0.00300479
533 0.135665 0.0971538 0.00283185
534 0.135665 0.0950226 0.00294445
535 0.135665 0.0956654 0.00290154
536 0.135665 0.0955901 0.00290812
537 0.135665 0.101898 0.00246102
538 0.135665 0.105262 0.00214588
539 0.135665 0.0956566 0.00291124
540 0.135665 0.0918008 0.00313305
541 0.135665 0.0943134 0.00303512
542 0.135665 0.0913059 0.00315125
543 0.135665 0.094228 0.0029522
544 0.135665 0.0943101 0.00300669
545 0.135665 0.0922205 0.0031386
546 0.135665 0.0918348 0.00313308
547 0.135665 0.0875225 0.003306
548 0.135665 0.0932433 0.00307321
549 0.135665 0.0906731 0.00320306
550 0.135665 0.0957567 0.00287648
551 0.135665 0.0933149 0.00297782
552 0.135665 0.0908157 0.00319118
553 0.135665 0.0920527 0.0031346
554 0.135665 0.0837661 0.00351623
555 0.135665 0.0821518 0.00355156
556 0.135665 0.0917405 0.00312787
557 0.135665 0.0930737 0.00305927
558 0.135665 0.0922022 0.00313999
559 0.135665 0.0836951 0.0034675
560 0.135665 0.0966789 0.00282861
561 0.135665 0.100285 0.00260611
562 0.135665 0.0911709 0.00314997
563 0.135665 0.0922724 0.0030508
564 0.135665 0.0905626 0.00320186
565 0.135665 0.0944301 0.00292401
566 0.135665 0.0952056 0.00285296
567 0.135665 0.0961282 0.00282965
568 0.135665 0.0982941 0.00271755
569 0.135665 0.0923133 0.00310785
570 0.135665 0.0906248 0.00320321
571 0.135665 0.0966697 0.00284903
572 0.135665 0.0942715 0.00300293
573 0.135665 0.0981778 0.00273749
574 0.135665 0.0895623 0.00326829
575 0.135669 0.0899983 0.00325024
576 0.135669 0.0883987 0.0033038
577 0.135669 0.0833192 0.00356417
578 0.135669 0.080648 0.0036766
579 0.135669 0.0869502 0.0034268
580 0.135669 0.0869354 0.00339373
581 0.135669 0.0910539 0.00317309
582 0.135669 0.0991808 0.00268626
583 0.135669 0.0952413 0.00292172
584 0.135669 0.0878798 0.00326538
585 0.135669 0.0831897 0.00345083
586 0.135669 0.0917253 0.00315342
587 0.135669 0.0897203 0.00330622
588 0.135669 0.0869668 0.00339495
589 0.135669 0.0846037 0.00348413
590 0.135669 0.087665 0.00335089
591 0.135669 0.0899748 0.0031527
592 0.135669 0.0802391 0.00363777
593 0.135669 0.0804856 0.00366115
594 0.135669 0.0847134 0.00350186
595 0.135833 0.0879332 0.00341078
596 0.135833 0.0881885 0.00333541
597 0.135833 0.0843032 0.00356476
598 0.135833 0.084555 0.00349027
599 0.135833 0.0819643 0.00360368
600 0.135833 0.0800821 0.00367611
601 0.135833 0.0760584 0.00368991
602 0.135833 0.081247 0.00357192
603 0.135833 0.0869249 0.00338599
604 0.135833 0.0849023 0.00346895
605 0.135833 0.0828361 0.00356547
606 0.135833 0.0809049 0.00359614
607 0.135833 0.0821951 0.00360192
608 0.135833 0.0812425 0.00358128
609 0.135833 0.0787421 0.00368046
610 0.135833 0.0796969 0.00362909
611 0.135833 0.0861168 0.00345421
612 0.135833 0.085805 0.0033992
613 0.135833 0.0867433 0.00335856
614 0.135833 0.0870321 0.00336236
615 0.135833 0.091733 0.00312376
616 0.135833 0.0900966 0.00323833
617 0.135833 0.0875244 0.00333721
618 0.135833 0.091491 0.00310203
619 0.135833 0.0954109 0.00287881
620 0.135833 0.0980733 0.00272933
621 0.135833 0.100467 0.00253106
622 0.135833 0.0991136 0.00262134
623 0.135833 0.0968234 0.00282469
624 0.135833 0.100834 0.0024981
625 0.135833 0.100685 0.00253867
626 0.135833 0.098151 0.00275827
627 0.135833 0.0969289 0.00281727
628 0.135833 0.0920445 0.00310008
629 0.135833 0.0908004 0.00313702
630 0.135833 0.0883609 0.00331037
631 0.135833 0.0869272 0.0034076
632 0.135833 0.091857 0.00310814
633 0.135833 0.0906381 0.00320033
634 0.135833 0.0899178 0.00318677
635 0.135833 0.0837975 0.00344858
636 0.135833 0.0789828 0.00366524
637 0.135833 0.0839425 0.0034745
638 0.135833 0.0867529 0.00340131
639 0.135833 0.087263 0.00338602
640 0.135833 0.0948785 0.00296205
641 0.135833 0.100279 0.00258554
642 0.135833 0.0906879 0.00318665
643 0.135833 0.09064 0.00319377
644 0.135833 0.0839829 0.003506
645 0.135833 0.0884312 0.00333962
646 0.135833 0.0918659 0.00315658
647 0.135833 0.0856745 0.00342799
648 0.135833 0.0879367 0.00339269
649 0.135833 0.0857463 0.00348719
650 0.135833 0.0978019 0.00280694
651 0.135833 0.0969284 0.00283993
652 0.135833 0.0982594 0.0027005
653 0.135833 0.0850017 0.0034551
654 0.135833 0.0914222 0.00312298
655 0.135833 0.0920536 0.00303353
656 0.135833 0.0962368 0.00283963
657 0.135833 0.0918305 0.00315326
658 0.135833 0.095563 0.00291898
659 0.135833 0.0995917 0.00261143
660 0.135833 0.0988767 0.00265031
661 0.135833 0.0931586 0.00305006
662 0.135833 0.0909014 0.00321056
663 0.135833 0.0897861 0.00321046
664 0.135833 0.0879847 0.0033402
665 0.135833 0.0848037 0.0034357
666 0.135915 0.0954535 0.00294063
667 0.135915 0.0971332 0.00281031
668 0.135915 0.0959278 0.00286014
669 0.135915 0.0988217 0.00260812
670 0.135915 0.0948125 0.00295684
671 0.135915 0.0947184 0.00293546
672 0.135915 0.0869292 0.0033452
673 0.135915 0.0862251 0.0034521
674 0.135915 0.0851841 0.00342783
675 0.135915 0.0821837 0.00354971
676 0.135915 0.0893824 0.0032284
677 0.135915 0.094751 0.00295713
678 0.135915 0.0837161 0.00351325
679 0.135915 0.0911235 0.00312859
680 0.135915 0.0931596 0.00307727
681 0.135915 0.0864402 0.00334875
682 0.135915 0.100645 0.00251757
683 0.135915 0.0932533 0.00301475
684 0.135915 0.0912606 0.0031193
685 0.135915 0.088835 0.00327371
686 0.135915 0.0855028 0.00348162
687 0.135915 0.093075 0.00308607
688 0.135915 0.0894872 0.00329186
689 0.135915 0.0846599 0.00349756
690 0.135915 0.0935442 0.0030353
691 0.135915 0.100871 0.00254613
692 0.135915 0.0985307 0.00269248
693 0.135915 0.0951381 0.00287293
694 0.135915 0.0956691 0.00290676
695 0.135915 0.102939 0.002385
696 0.135915 0.10254 0.00233827
697 0.135915 0.103922 0.00228533
698 0.135915 0.0919227 0.00312923
699 0.135915 0.0790138 0.00366035
700 0.135915 0.0759494 0.00373578
701 0.135915 0.0806452 0.00363229
702 0.135915 0.0873794 0.00339793
703 0.135915 0.0899904 0.00327083
704 0.135915 0.0905017 0.00322336
705 0.135915 0.0915049 0.00312679
706 0.135915 0.0913162 0.00314289
707 0.135915 0.0926407 0.00300476
708 0.135915 0.0930202 0.00302133
709 0.135915 0.093254 0.00308276
710 0.135915 0.0947321 0.00295309
711 0.135915 0.0934635 0.00309278
712 0.135915 0.093189 0.00309786
713 0.135915 0.0977081 0.0028159
714 0.135915 0.0841157 0.00354063
715 0.135915 0.0878748 0.00339402
716 0.135915 0.0923496 0.00314425
717 0.135915 0.0802191 0.00364282
718 0.135915 0.0835328 0.00347248
719 0.135915 0.0857073 0.00338425
720 0.135915 0.0888006 0.00325163
721 0.135915 0.0882527 0.00329223
722 0.135915 0.0882487 0.00331856
723 0.135915 0.0920453 0.00316566
724 0.135915 0.080878 0.00367618
725 0.135915 0.083327 0.00347987
726 0.135915 0.0918703 0.00313544
727 0.135915 0.0883994 0.00334106
728 0.135915 0.0908507 0.00318309
729 0.135915 0.0943364 0.00300705
730 0.135915 0.0882761 0.00333336
731 0.135915 0.0848252 0.00345958
732 0.135915 0.0823387 0.00353847
733 0.135915 0.0873277 0.00334542
734 0.135915 0.0873425 0.00334914
735 0.135915 0.0896171 0.00326841
736 0.135915 0.0807287 0.00368742
737 0.135915 0.0807834 0.00358676
738 0.135915 0.0836733 0.00347173
739 0.135915 0.0859495 0.0033925
740 0.135915 0.0891746 0.003218
741 0.135915 0.0929273 0.00303983
742 0.135915 0.0891719 0.00325553
743 0.135915 0.0941015 0.00290722
744 0.135915 0.0840679 0.00345882
745 0.135915 0.0815476 0.00355826
746 0.135915 0.0890729 0.0032566
747 0.135915 0.0863545 0.00337236
748 0.135915 0.088613 0.00328963
749 0.135915 0.0855653 0.00338379
750 0.135915 0.0872796 0.0033696
751 0.135915 0.0829156 0.00350301
752 0.135915 0.0872442 0.00334838
753 0.135915 0.0800296 0.00367716
754 0.135915 0.0738816 0.00374847
755 0.135915 0.0762556 0.00376589
756 0.135915 0.0918544 0.00309631
757 0.135915 0.0904367 0.00321235
758 0.135915 0.0834382 0.00354276
759 0.135915 0.0865895 0.00338413
760 0.135915 0.0869952 0.00342102
761 0.135915 0.0907252 0.0032237
762 0.135915 0.0938619 0.00299937
763 0.135915 0.090503 0.00317358
764 0.135915 0.0930688 0.00301063
765 0.135915 0.0851604 0.00345217
766 0.135915 0.0836999 0.00351032
767 0.135915 0.0762173 0.00373211
768 0.135915 0.0785818 0.00365612
769 0.135915 0.0838607 0.00347157
770 0.135915 0.0833187 0.00353312
771 0.135915 0.0906302 0.00322751
772 0.135915 0.0970594 0.0028158
773 0.135915 0.0836534 0.00347675
774 0.135915 0.0857725 0.00346327
775 0.135915 0.0784931 0.00369574
776 0.135915 0.0846927 0.00351283
777 0.135915 0.0844911 0.00358128
778 0.135915 0.0839794 0.00348328
779 0.135915 0.0833487 0.00350833
780 0.135915 0.0942629 0.00302125
781 0.135915 0.0933453 0.00303891
782 0.135915 0.0982842 0.0027411
783 0.135915 0.0978358 0.00279277
784 0.135915 0.101416 0.00250563
785 0.135915 0.103014 0.00238648
786 0.135915 0.0975539 0.00271647
787 0.135915 0.0994671 0.00260415
788 0.135915 0.0932557 0.0030572
789 0.135915 0.0954984 0.00293122
790 0.135915 0.0800786 0.00366006
791 0.135915 0.0959075 0.00290807
792 0.135915 0.0921278 0.00312407
793 0.135946 0.0884487 0.00332236
794 0.135946 0.0909478 0.00320376
795 0.135946 0.0941024 0.00299874
796 0.135946 0.091937 0.0030319
797 0.135946 0.090761 0.00318571
798 0.135946 0.0863849 0.00332744
799 0.135946 0.089585 0.00326261
800 0.135946 0.0850026 0.00343506
801 0.135946 0.0816681 0.00355072
802 0.135946 0.0939245 0.00297856
803 0.135946 0.0958699 0.00293096
804 0.135946 0.0870291 0.00336914
805 0.135946 0.0940261 0.00296186
806 0.135946 0.0936681 0.00305649
807 0.135946 0.08739 0.00332389
808 0.135946 0.0944991 0.00297794
809 0.135946 0.0877372 0.00332348
810 0.135946 0.0895816 0.00321924
811 0.135946 0.0875717 0.00333338
812 0.135946 0.0919969 0.00314781
813 0.135946 0.0850033 0.0034429
814 0.135946 0.0871538 0.00338268
815 0.135946 0.0919039 0.00307648
816 0.135946 0.0949554 0.00294207
817 0.135946 0.094391 0.00299236
818 0.135946 0.0883102 0.00329281
819 0.135946 0.0856205 0.00344174
820 0.135946 0.0808364 0.00370104
821 0.135946 0.0907691 0.00324003
822 0.135946 0.0881548 0.00335885
823 0.135946 0.0909307 0.003205
824 0.135946 0.0918414 0.00316606
825 0.135946 0.0973046 0.00280384
826 0.135946 0.0894509 0.00315095
827 0.135946 0.0811757 0.00358205
828 0.135946 0.0910072 0.00313338
829 0.135946 0.0933323 0.00304604
830 0.135946 0.098342 0.00272
831 0.135946 0.0991564 0.00268143
832 0.135946 0.097158 0.00278316
833 0.135946 0.098364 0.00273627
834 0.135946 0.097108 0.00273605
835 0.135946 0.0927523 0.00303278
836 0.135946 0.0919507 0.00311496
837 0.135946 0.0922556 0.00312183
838 0.135946 0.1005 0.00257578
839 0.135946 0.102816 0.00242886
840 0.135946 0.0968095 0.00286513
841 0.135946 0.10027 0.00262658
842 0.135946 0.0919071 0.00315908
843 0.135946 0.0893721 0.00321369
844 0.135946 0.0851441 0.00346797
845 0.135946 0.0889214 0.00326049
846 0.135946 0.0907792 0.00318556
847 0.135946 0.0849757 0.00341408
848 0.135946 0.0836516 0.00355751
849 0.135946 0.0944656 0.00299371
850 0.135946 0.0889157 0.00326059
851 0.135946 0.0860918 0.00341569
852 0.135946 0.0871255 0.00334012
853 0.135946 0.0908239 0.00312685
854 0.135946 0.0964937 0.00281713
855 0.135946 0.0903822 0.00317464
856 0.135946 0.0906255 0.00322359
857 0.135946 0.0867343 0.00342793
858 0.135946 0.0845007 0.00348508
859 0.135946 0.0857079 0.00345738
860 0.135946 0.0831169 0.00357772
861 0.135946 0.0958807 0.00290887
862 0.136021 0.0853393 0.00346495
863 0.136021 0.0870422 0.00335775
864 0.136021 0.0834757 0.00354222
865 0.136021 0.0879699 0.00331436
866 0.136021 0.0837557 0.00347554
867 0.136021 0.089946 0.00320167
868 0.136021 0.0965698 0.00287929
869 0.136021 0.0966069 0.00283423
870 0.136021 0.0920939 0.00312609
871 0.136021 0.0954685 0.00291246
872 0.136021 0.0967737 0.0028371
873 0.136021 0.101858 0.00244654
874 0.136021 0.094405 0.00298528
875 0.136021 0.0944523 0.00301708
876 0.136021 0.0989531 0.00267322
877 0.136021 0.0946903 0.00296567
878 0.136021 0.0954675 0.00291584
879 0.136021 0.0974619 0.00273219
880 0.136021 0.0907856 0.00316053
881 0.136021 0.0885214 0.00330159
882 0.136021 0.0897167 0.00322842
883 0.136021 0.0927205 0.00304981
884 0.136021 0.0870396 0.00330213
885 0.136021 0.0947406 0.00288964
886 0.136021 0.0985587 0.00268511
887 0.136021 0.094559 0.00290169
888 0.136021 0.0863523 0.00332643
889 0.136021 0.0867551 0.0033507
890 0.136021 0.0956473 0.0028943
891 0.136021 0.0944434 0.00292502
892 0.136021 0.0894047 0.00330602
893 0.136021 0.0856032 0.00345855
894 0.136021 0.082028 0.00354162
895 0.136021 0.0924468 0.00307698
896 0.136021 0.0905805 0.00319217
897 0.136021 0.081143 0.00361324
898 0.136021 0.0882196 0.00336064
899 0.136021 0.0816357 0.00359336
900 0.136021 0.0794318 0.00374562
901 0.136021 0.0784201 0.0037058
902 0.136021 0.0747768 0.00378722
903 0.136021 0.0734796 0.0038571
904 0.136021 0.0757635 0.00385768
905 0.136021 0.082078 0.00361701
906 0.136021 0.100648 0.00260166
907 0.136021 0.0860145 0.00344172
908 0.136021 0.0842561 0.00354053
909 0.136021 0.0822164 0.00359179
910 0.136021 0.0847534 0.00355894
911 0.136021 0.0858401 0.00349934
912 0.136021 0.0859786 0.0034461
913 0.136021 0.0837812 0.00352594
914 0.136021 0.0792986 0.00366706
915 0.136021 0.0858954 0.00348122
916 0.136021 0.0859685 0.00348276
917 0.136021 0.0856682 0.00342723
918 0.136021 0.0931724 0.00306194
919 0.136021 0.0796836 0.00367732
920 0.136021 0.0845925 0.00349967
921 0.136021 0.0833284 0.00350305
922 0.136021 0.099644 0.00263323
923 0.136021 0.0982648 0.0027139
924 0.136021 0.097221 0.0027815
925 0.136021 0.0977749 0.0027246
926 0.136021 0.10313 0.00236017
927 0.136021 0.0910462 0.00311277
928 0.136021 0.0853034 0.00337106
929 0.136021 0.0822915 0.00360452
930 0.136021 0.0797717 0.00364997
931 0.136021 0.0763528 0.00371438
932 0.136021 0.0714081 0.00385484
933 0.136021 0.0797369 0.00364225
934 0.136021 0.0787996 0.00365774
935 0.136021 0.0854309 0.0034435
936 0.136021 0.0882404 0.00326022
937 0.136021 0.0886625 0.0032946
938 0.136021 0.0846973 0.00346014
939 0.136021 0.0953209 0.00291523
940 0.136021 0.0945803 0.0029538
941 0.136021 0.0875396 0.00333944
942 0.136021 0.0850581 0.00345118
943 0.136021 0.0861774 0.00345276
944 0.136021 0.074507 0.0037398
945 0.136021 0.0769975 0.00377889
946 0.136021 0.0750914 0.00385135
947 0.136021 0.0735303 0.00388299
948 0.136021 0.0818101 0.00363388
949 0.136021 0.0721809 0.00389364
950 0.136021 0.0774303 0.00377486
951 0.136021 0.077268 0.00376806
952 0.136021 0.0725564 0.00376117
953 0.136021 0.0821776 0.00355925
954 0.136021 0.0780293 0.00368909
955 0.136021 0.0862404 0.00337018
956 0.136021 0.0893536 0.00318949
957 0.136021 0.0890904 0.00319418
958 0.136021 0.0960246 0.00282435
959 0.136021 0.0930987 0.00309818
960 0.136021 0.0926382 0.00305661
961 0.136021 0.0895008 0.00326097
962 0.136021 0.0932256 0.0030696
963 0.136021 0.09086 0.00320825
964 0.136021 0.0990276 0.00264364
965 0.136021 0.0983082 0.00272532
966 0.136021 0.0957255 0.00289568
967 0.136021 0.0885566 0.00327677
968 0.136021 0.0820264 0.00358214
969 0.136021 0.0783327 0.00375001
970 0.136021 0.0797186 0.00372895
971 0.136021 0.0831061 0.00363058
972 0.136021 0.0866585 0.00343033
973 0.136021 0.0942659 0.00298302
974 0.136021 0.0965644 0.00279435
975 0.136021 0.0894288 0.00327573
976 0.136021 0.0953694 0.00294877
977 0.136021 0.0975736 0.00274551
978 0.136021 0.105096 0.00217918
979 0.136021 0.0984612 0.00266536
980 0.136021 0.0927524 0.00301749
981 0.136021 0.0880226 0.00335402
982 0.136021 0.0948663 0.00291498
983 0.136021 0.0870969 0.00332209
984 0.136021 0.0925638 0.00310502
985 0.136021 0.0869048 0.00336836
986 0.136021 0.0823966 0.00354087
987 0.136021 0.0872348 0.00340551
988 0.136021 0.0835641 0.00351241
989 0.136021 0.0882698 0.00326597
990 0.136021 0.0882354 0.0032892
991 0.136021 0.0794056 0.0036988
992 0.136021 0.084804 0.00346123
993 0.136021 0.0777099 0.00369304
994 0.136021 0.0822557 0.00352813
995 0.136021 0.0831256 0.00363811
996 0.136021 0.0856921 0.00346571
997 0.136021 0.0814579 0.00363227
998 0.136021 0.0846951 0.00351619
999 0.136021 0.0901453 0.00323547
1000 0.136021 0.0843817 0.0034613
1000 0 0 0
