0 0.125266 0.0626215 0.00386907
1 0.125266 0.0769885 0.00370452
2 0.125278 0.0838735 0.00345973
3 0.125278 0.0876053 0.00332161
4 0.125278 0.0864265 0.00337242
5 0.125278 0.0901324 0.00318505
6 0.125278 0.0929133 0.00298978
7 0.12545 0.0941248 0.00292187
8 0.12545 0.103862 0.00219103
9 0.202737 0.10088 0.00262989
10 0.211064 0.103912 0.00254027
11 0.211064 0.103061 0.00263837
12 0.244636 0.110518 0.00225817
13 0.244636 0.106844 0.0026074
14 0.306972 0.115366 0.00231255
15 0.306972 0.116684 0.00241134
16 0.306972 0.0983565 0.00420951
17 0.306972 0.104403 0.00410168
18 0.306972 0.10498 0.00458852
19 0.306972 0.102382 0.00461594
20 0.387544 0.113782 0.0053364
21 0.387544 0.115229 0.00545621
22 0.387544 0.107069 0.00668106
23 0.387544 0.112492 0.00714342
24 0.387544 0.113003 0.00812402
25 0.387544 0.111869 0.0086434
26 0.387544 0.111937 0.00791698
27 0.395553 0.112381 0.00923619
28 0.395553 0.122177 0.00895831
29 0.395553 0.121169 0.00937823
30 0.395553 0.116383 0.0104037
31 0.395553 0.112874 0.00967261
32 0.395553 0.113522 0.0104984
33 0.398475 0.115047 0.0104981
34 0.499486 0.124338 0.0145371
35 0.499486 0.11839 0.0145492
36 0.499486 0.124479 0.0170166
37 0.499486 0.119291 0.0172329
38 0.499486 0.131236 0.0156354
39 0.499486 0.132432 0.0155755
40 0.499486 0.137293 0.0191736
41 0.499486 0.132166 0.0173351
42 0.499486 0.124025 0.0146827
43 0.499486 0.136867 0.0158487
44 0.500414 0.148701 0.0165377
44 0.519895 0.072975 0.0233649
45 0.519895 0.0694883 0.0225884
46 0.519895 0.0730068 0.0220921
47 0.519895 0.0956629 0.0276134
48 0.519895 0.103476 0.0295755
49 0.519895 0.0814028 0.0289226
50 0.519895 0.0776149 0.0262491
51 0.519895 0.0818464 0.026073
52 0.519895 0.0916794 0.0320075
53 0.527666 0.0919229 0.0322409
54 0.527666 0.0879632 0.0319343
55 0.527666 0.104272 0.0337934
56 0.530383 0.0853529 0.029668
57 0.530383 0.0980272 0.0336315
58 0.538854 0.0810869 0.0314928
59 0.538854 0.0974549 0.0334848
60 0.538854 0.118542 0.0355675
61 0.538854 0.107553 0.034214
62 0.538854 0.102725 0.0355079
63 0.538854 0.0964131 0.0322258
64 0.538854 0.0862586 0.0302869
65 0.538854 0.0726295 0.0263307
66 0.538854 0.0929246 0.0325677
67 0.538854 0.0870816 0.0326214
68 0.538854 0.0986201 0.0356982
69 0.538854 0.0981234 0.0351015
70 0.538854 0.107292 0.0365916
71 0.538854 0.0844391 0.0311352
72 0.557795 0.0889585 0.0330183
73 0.557795 0.104206 0.0331118
74 0.557795 0.0980108 0.0324093
75 0.557795 0.106757 0.03474
76 0.557795 0.0875507 0.0308371
77 0.557795 0.0998587 0.0318754
78 0.557795 0.107692 0.0360426
79 0.557795 0.127778 0.0374486
80 0.557795 0.120623 0.0362462
81 0.557795 0.124646 0.0385354
82 0.557795 0.138906 0.0374372
83 0.557795 0.121862 0.0364216
84 0.557795 0.109457 0.0361383
85 0.557795 0.108763 0.0369891
86 0.557795 0.120654 0.0401346
87 0.557795 0.122292 0.0406453
88 0.557795 0.112033 0.041818
89 0.576104 0.109677 0.0409335
90 0.576104 0.0989752 0.0356039
91 0.576104 0.0982602 0.0363418
92 0.576104 0.107489 0.0401025
93 0.576104 0.104592 0.0382699
94 0.576104 0.0857539 0.0359685
95 0.576104 0.0905526 0.0349856
96 0.576104 0.0923994 0.0360385
97 0.576104 0.109254 0.0397743
98 0.576104 0.10812 0.0375995
99 0.576104 0.136732 0.0451866
100 0.576104 0.133735 0.0427633
101 0.576104 0.149292 0.0478234
102 0.576104 0.152441 0.0468052
103 0.576104 0.170218 0.0475743
104 0.576104 0.14093 0.0432986
105 0.576104 0.139251 0.0427791
106 0.576104 0.109918 0.037632
107 0.579294 0.13407 0.0440137
108 0.579294 0.127264 0.0411382
109 0.584582 0.123733 0.0441003
110 0.584582 0.109748 0.0400263
111 0.584582 0.114563 0.0423864
112 0.584582 0.12484 0.0403659
113 0.584582 0.160796 0.04751
114 0.584582 0.130592 0.042575
115 0.584582 0.126526 0.0419684
116 0.584582 0.119366 0.0400691
117 0.584582 0.125217 0.0440201
118 0.584582 0.109343 0.0417812
119 0.59293 0.118878 0.0458774
120 0.59293 0.112556 0.0403759
121 0.59293 0.110185 0.0382256
122 0.59293 0.111205 0.043146
123 0.59293 0.127253 0.0444471
124 0.59293 0.146344 0.04306
125 0.59293 0.131504 0.0400989
126 0.59293 0.150001 0.046421
127 0.59293 0.140739 0.0464281
128 0.59293 0.122645 0.0428697
129 0.59293 0.13915 0.0447812
130 0.59293 0.132393 0.0432565
131 0.59293 0.132817 0.0454064
132 0.59293 0.139781 0.0411074
133 0.59293 0.166655 0.048335
134 0.59293 0.151316 0.0449165
135 0.59293 0.132241 0.0421295
136 0.59293 0.142745 0.0484364
137 0.59293 0.148755 0.0475249
138 0.59293 0.130788 0.0490174
139 0.59293 0.129997 0.0466568
140 0.59293 0.118918 0.0438043
141 0.59293 0.116523 0.040587
142 0.59293 0.158645 0.0549804
143 0.59293 0.160591 0.0555625
144 0.59293 0.133921 0.0446004
145 0.59293 0.124511 0.0431336
146 0.59293 0.118682 0.0431191
147 0.59293 0.120853 0.044954
148 0.59293 0.145497 0.0521579
149 0.59293 0.127652 0.0482355
150 0.59293 0.133077 0.0487723
151 0.59293 0.137761 0.0483393
152 0.59293 0.131872 0.046413
153 0.59293 0.0997271 0.0384236
154 0.59293 0.118158 0.0428382
155 0.59293 0.12656 0.0468694
156 0.59293 0.128624 0.0453376
157 0.59293 0.141156 0.0433297
158 0.59293 0.139082 0.0434051
159 0.59293 0.14871 0.0482172
160 0.59293 0.151583 0.0499744
161 0.59293 0.172067 0.050141
162 0.59293 0.153381 0.0457422
163 0.59293 0.158284 0.0469298
164 0.59293 0.155293 0.0449168
165 0.59293 0.1373 0.0417884
166 0.59293 0.128572 0.0410361
167 0.59293 0.142054 0.0451063
168 0.59293 0.137181 0.046077
169 0.59293 0.12431 0.0453791
170 0.59293 0.131323 0.04386
171 0.59293 0.129312 0.0476255
172 0.59293 0.121236 0.0412433
173 0.59293 0.143145 0.048338
174 0.59293 0.129119 0.0435946
175 0.59293 0.15543 0.0496192
176 0.59293 0.14701 0.048569
177 0.59293 0.135357 0.0464984
178 0.59293 0.155025 0.0490527
179 0.59293 0.147555 0.047744
180 0.59293 0.109681 0.0419252
181 0.59293 0.112464 0.0433609
182 0.59293 0.135824 0.0502777
183 0.59293 0.153063 0.051223
184 0.59293 0.130751 0.0469904
185 0.59293 0.148032 0.0521939
186 0.59293 0.128202 0.045296
187 0.59293 0.12976 0.0480504
188 0.59293 0.118276 0.0416511
189 0.59293 0.130399 0.0467279
190 0.59293 0.105324 0.0391524
191 0.59293 0.11144 0.0441805
192 0.59293 0.127696 0.0453228
193 0.59293 0.123879 0.0453746
194 0.59293 0.110077 0.0459545
195 0.59293 0.125616 0.0476665
196 0.59293 0.114309 0.0442211
197 0.59293 0.104711 0.0405431
198 0.59293 0.0995482 0.0422627
199 0.59293 0.0920401 0.0392033
200 0.59293 0.126518 0.0490239
201 0.59293 0.111182 0.0428054
202 0.593254 0.124741 0.0428917
203 0.593254 0.107206 0.0391406
204 0.593254 0.100992 0.0375973
205 0.593254 0.118373 0.0401613
206 0.593254 0.127313 0.0457649
207 0.593254 0.144689 0.0473301
208 0.593254 0.136182 0.0422806
209 0.593254 0.149066 0.0464564
210 0.593254 0.144156 0.0433885
211 0.593254 0.162943 0.0470182
212 0.593254 0.149103 0.0472089
213 0.593254 0.154268 0.0443218
214 0.593254 0.122479 0.0433907
215 0.593254 0.131395 0.0461736
216 0.593254 0.149974 0.0464037
217 0.593254 0.142348 0.0446956
218 0.593254 0.164937 0.049719
219 0.593254 0.151652 0.0468512
220 0.593254 0.134947 0.0463831
221 0.593254 0.148497 0.0470109
222 0.593254 0.122595 0.0418733
223 0.593254 0.122775 0.0406297
224 0.593254 0.141502 0.045605
225 0.593254 0.14898 0.0465513
226 0.593254 0.146035 0.0471956
227 0.593254 0.138734 0.0440987
228 0.593254 0.163013 0.0494047
229 0.593254 0.139886 0.0428672
230 0.593254 0.156854 0.0481145
231 0.593254 0.141674 0.0449479
232 0.596336 0.146696 0.0472879
233 0.596336 0.148987 0.0459958
234 0.596336 0.160212 0.0511055
235 0.596336 0.154431 0.0441062
236 0.596336 0.159879 0.0476084
237 0.596336 0.16125 0.047518
238 0.596336 0.161099 0.0494592
239 0.596336 0.158683 0.0496301
240 0.596336 0.156643 0.0511685
241 0.596336 0.130292 0.0433568
242 0.596336 0.145497 0.0491546
243 0.596336 0.148743 0.0500868
244 0.596336 0.134121 0.0445909
245 0.596336 0.141185 0.0423931
246 0.596336 0.132776 0.0417881
247 0.596336 0.134072 0.0440236
248 0.596336 0.132709 0.0433875
249 0.596336 0.127403 0.0434168
250 0.596336 0.133293 0.0458419
251 0.596336 0.136258 0.0492908
252 0.596336 0.122387 0.0466155
253 0.596336 0.146474 0.0485551
254 0.596336 0.135765 0.0441868
255 0.596336 0.13676 0.046467
256 0.596336 0.105743 0.0391548
257 0.596336 0.138777 0.0452951
258 0.596336 0.136245 0.0440938
259 0.596336 0.144784 0.0470637
260 0.596768 0.151695 0.0517908
261 0.596768 0.126434 0.0453694
262 0.596768 0.150742 0.0486266
263 0.596768 0.137054 0.0500303
264 0.596768 0.143965 0.044494
265 0.600257 0.135504 0.0455714
266 0.600257 0.137909 0.0404882
267 0.600257 0.140608 0.0434638
268 0.600258 0.155266 0.0486996
269 0.600258 0.154702 0.0465068
270 0.600258 0.142727 0.0452046
271 0.600258 0.145202 0.0485036
272 0.600258 0.130193 0.0441748
273 0.600258 0.132423 0.0460261
274 0.600258 0.160644 0.0494566
275 0.600258 0.16199 0.0485117
276 0.600258 0.161332 0.0493349
277 0.600258 0.168693 0.0469289
278 0.600258 0.1557 0.0470593
279 0.600258 0.135868 0.0411199
280 0.600258 0.138388 0.0410431
281 0.600258 0.134411 0.046671
282 0.604884 0.145826 0.046037
283 0.604884 0.128637 0.0457541
284 0.604884 0.147088 0.0458729
285 0.604884 0.171741 0.0504283
286 0.604884 0.130305 0.0458807
287 0.604884 0.143975 0.0484423
288 0.604884 0.160503 0.0536923
289 0.604884 0.153715 0.0515566
290 0.604884 0.139666 0.0471408
291 0.604884 0.148064 0.0483344
292 0.604884 0.169662 0.0534691
293 0.604884 0.172418 0.0552406
294 0.604884 0.157211 0.0526458
295 0.604884 0.16062 0.055357
296 0.604884 0.18602 0.0587607
297 0.604884 0.192448 0.0536448
298 0.604884 0.16536 0.0473166
299 0.604884 0.172397 0.0552132
300 0.604884 0.147004 0.0493859
301 0.604884 0.155417 0.0499111
302 0.604884 0.145523 0.0483644
303 0.604884 0.134581 0.0466494
304 0.604884 0.158041 0.0550685
305 0.604884 0.158329 0.0524546
306 0.604884 0.157711 0.0525662
307 0.604884 0.114645 0.0434596
308 0.604884 0.137554 0.050901
309 0.604884 0.184615 0.0613998
310 0.604884 0.191167 0.0570389
311 0.604884 0.207267 0.0583108
312 0.604884 0.188336 0.0536133
313 0.604884 0.184159 0.0541315
314 0.604884 0.140208 0.0480604
315 0.604884 0.159756 0.0518347
316 0.604884 0.171288 0.0536304
317 0.604884 0.15024 0.0495816
318 0.604884 0.139287 0.0483492
319 0.604884 0.171947 0.0577129
320 0.604884 0.133412 0.048638
321 0.604884 0.127731 0.0482717
322 0.604884 0.132483 0.0477793
323 0.604884 0.126508 0.0456695
324 0.604884 0.124314 0.0458382
325 0.604884 0.161947 0.053124
326 0.604884 0.156994 0.0530443
327 0.604884 0.167297 0.0546685
328 0.604884 0.128749 0.0482462
329 0.604884 0.156192 0.0501688
330 0.604884 0.140182 0.0481384
331 0.604884 0.155983 0.0539264
332 0.604884 0.160904 0.0526215
333 0.604884 0.180491 0.0522875
334 0.604884 0.134125 0.0471664
335 0.604884 0.157136 0.0502238
336 0.604884 0.141307 0.0491197
337 0.604884 0.156248 0.054013
338 0.604884 0.176423 0.0579588
339 0.604884 0.153203 0.0529483
340 0.606276 0.173025 0.0529723
341 0.606276 0.188847 0.0576192
342 0.606276 0.164673 0.0537939
343 0.606276 0.162953 0.0487834
344 0.606276 0.183784 0.0516642
345 0.606276 0.206037 0.056827
346 0.606276 0.214078 0.0550604
347 0.606276 0.205862 0.0511905
348 0.606276 0.185405 0.0512152
349 0.606276 0.185689 0.0529437
350 0.606276 0.181727 0.0544638
351 0.60665 0.195032 0.0590803
352 0.60665 0.187946 0.0552352
353 0.60665 0.148149 0.0496772
354 0.60665 0.145922 0.0474467
355 0.60665 0.17066 0.0548782
356 0.60665 0.151976 0.048422
357 0.60665 0.134544 0.0482187
358 0.60665 0.142256 0.046792
359 0.60665 0.134429 0.0461272
360 0.60665 0.15707 0.049243
361 0.60665 0.180949 0.0548547
362 0.60665 0.175936 0.0514774
363 0.60665 0.179943 0.0541945
364 0.60665 0.147841 0.0493591
365 0.60665 0.153945 0.0483035
366 0.60665 0.174481 0.0537499
367 0.60665 0.17251 0.056994
368 0.60665 0.163567 0.0531487
369 0.60665 0.17134 0.0523099
370 0.60665 0.169656 0.056883
371 0.60665 0.14763 0.0466501
372 0.60665 0.140632 0.0439498
373 0.60665 0.135084 0.0448963
374 0.60665 0.166035 0.0504903
375 0.60665 0.173724 0.0545449
376 0.60665 0.163085 0.0471009
377 0.60665 0.17673 0.0507031
378 0.60665 0.177412 0.051573
379 0.60665 0.174763 0.0493277
380 0.60665 0.158233 0.0528997
381 0.60665 0.175577 0.0573556
382 0.60665 0.142337 0.0509515
383 0.60665 0.155771 0.0498419
384 0.60665 0.143361 0.0506192
385 0.60665 0.160119 0.0531552
386 0.60665 0.155504 0.0530901
387 0.60665 0.161118 0.053637
388 0.60665 0.152611 0.0549343
389 0.60665 0.161287 0.0510366
390 0.60665 0.171466 0.0543227
391 0.60724 0.166058 0.0539826
392 0.60724 0.179367 0.0584825
393 0.60724 0.168454 0.0515416
394 0.60724 0.160999 0.0504542
395 0.60724 0.139501 0.0481332
396 0.60724 0.175835 0.0553788
397 0.60724 0.180655 0.0547642
398 0.60724 0.148037 0.0486494
399 0.60724 0.166685 0.0513321
400 0.60724 0.166634 0.0487761
401 0.60724 0.16677 0.0572139
402 0.60724 0.167379 0.0548358
403 0.60724 0.173971 0.0525745
404 0.60724 0.178906 0.0519956
405 0.60724 0.179612 0.0532959
406 0.60724 0.161576 0.0514399
407 0.60724 0.164973 0.051343
408 0.60724 0.156915 0.0511998
409 0.60724 0.16619 0.0508891
410 0.60724 0.128311 0.0484853
411 0.60724 0.144127 0.051767
412 0.60724 0.158268 0.052849
413 0.60724 0.148793 0.0484138
414 0.60724 0.173975 0.0550058
415 0.60724 0.158403 0.0539366
416 0.60724 0.145174 0.047652
417 0.60724 0.150753 0.049571
418 0.60724 0.131912 0.0458091
419 0.60724 0.198368 0.0611285
420 0.60724 0.197523 0.0581785
421 0.60724 0.164572 0.049338
422 0.60724 0.209715 0.0544613
423 0.60724 0.203567 0.0566633
424 0.60724 0.209603 0.0548155
425 0.60724 0.201062 0.0517096
426 0.60724 0.190831 0.053553
427 0.60724 0.222109 0.053551
428 0.60724 0.215501 0.0566384
429 0.60724 0.181966 0.0514991
430 0.60724 0.17845 0.0518662
431 0.60724 0.168769 0.0508444
432 0.60724 0.160758 0.0518071
433 0.60724 0.15649 0.0488904
434 0.60724 0.168016 0.0519794
435 0.60724 0.189414 0.0557361
436 0.60724 0.192863 0.0588107
437 0.60724 0.153658 0.0499939
438 0.60724 0.16799 0.0542946
439 0.60724 0.170151 0.0521502
440 0.60724 0.167976 0.0544731
441 0.60724 0.151846 0.0499507
442 0.60724 0.147292 0.0496353
443 0.60724 0.151231 0.0506957
444 0.60724 0.127475 0.0462228
445 0.60724 0.160819 0.0509798
446 0.60724 0.166304 0.0494998
447 0.60724 0.192132 0.0525239
448 0.60724 0.18452 0.0545845
449 0.60724 0.182646 0.0548896
450 0.60724 0.193426 0.0537813
451 0.60724 0.182642 0.0527834
452 0.60724 0.178908 0.0503004
453 0.60724 0.19217 0.0506396
454 0.60724 0.1743 0.047361
455 0.60724 0.185654 0.050308
456 0.60724 0.196915 0.0545261
457 0.60724 0.197866 0.0560924
458 0.60724 0.186252 0.0548676
459 0.60724 0.185069 0.0527215
460 0.60724 0.157587 0.0508035
461 0.60724 0.16266 0.0503382
462 0.60724 0.171467 0.0511276
463 0.60724 0.182606 0.0531938
464 0.60724 0.172477 0.05073
465 0.60724 0.185469 0.0537016
466 0.60724 0.189226 0.0528456
467 0.60724 0.187381 0.0505703
468 0.60724 0.193844 0.0535078
469 0.60724 0.148196 0.0476641
470 0.60724 0.158852 0.0560009
471 0.60724 0.173857 0.0595821
472 0.60724 0.188273 0.0602722
473 0.60724 0.18057 0.0580058
474 0.60724 0.162738 0.0525237
475 0.60724 0.18164 0.0517459
476 0.60724 0.158491 0.0544005
477 0.60724 0.145054 0.0510642
478 0.60724 0.129347 0.0483722
479 0.60724 0.139119 0.0496614
480 0.60724 0.137705 0.0497803
481 0.60724 0.15394 0.0516522
482 0.60724 0.173012 0.0557877
483 0.60724 0.156961 0.0489938
484 0.60724 0.165898 0.0502781
485 0.60724 0.18623 0.0558517
486 0.60724 0.157565 0.0463979
487 0.60724 0.196816 0.0527324
488 0.60724 0.170751 0.0523395
489 0.60724 0.172546 0.0481156
490 0.60724 0.165637 0.0494712
491 0.60724 0.212998 0.0527377
492 0.60724 0.210563 0.0561028
493 0.60724 0.189937 0.0540758
494 0.60724 0.192509 0.0558645
495 0.60724 0.163473 0.0491494
496 0.60724 0.173081 0.0562998
497 0.60724 0.174951 0.0554277
498 0.60724 0.179717 0.0494319
499 0.60724 0.197654 0.0551485
500 0.60724 0.19471 0.0532843
501 0.60724 0.175587 0.0513738
502 0.60724 0.183639 0.0544553
503 0.60724 0.198917 0.0552425
504 0.60724 0.178178 0.055391
505 0.60724 0.175583 0.0583038
506 0.60724 0.169554 0.0516357
507 0.60724 0.149693 0.0481589
508 0.60724 0.149256 0.0450529
509 0.60724 0.158107 0.0546118
510 0.60724 0.155307 0.0492893
511 0.60724 0.169465 0.0527669
512 0.60724 0.160828 0.0526172
513 0.60724 0.164413 0.0548467
514 0.60724 0.150067 0.0521765
515 0.60724 0.161345 0.0529614
516 0.60724 0.181692 0.0520272
517 0.60724 0.177068 0.0540345
518 0.60724 0.178491 0.051054
519 0.60724 0.172981 0.0481213
520 0.60724 0.123786 0.0438495
521 0.60724 0.156582 0.0476553
522 0.60724 0.156397 0.0475758
523 0.60724 0.17633 0.0541857
524 0.60724 0.178879 0.0569224
525 0.60724 0.166527 0.0527506
526 0.60724 0.160363 0.0509829
527 0.60724 0.156391 0.0519963
528 0.60724 0.135537 0.0456138
529 0.60724 0.156722 0.0510889
530 0.60724 0.135413 0.0501619
531 0.60724 0.118983 0.0462843
532 0.60724 0.122568 0.0471129
533 0.60724 0.129154 0.0466353
534 0.60724 0.147679 0.0487469
535 0.60724 0.173909 0.0606217
536 0.60724 0.151517 0.0529044
537 0.60724 0.142984 0.0482035
538 0.60724 0.159993 0.055497
539 0.60724 0.16084 0.0527981
540 0.60724 0.163301 0.055446
541 0.60724 0.156218 0.0518493
542 0.60724 0.149072 0.051245
543 0.60724 0.141148 0.0458562
544 0.60724 0.163446 0.050025
545 0.60724 0.16952 0.0533294
546 0.60724 0.161933 0.0498697
547 0.60724 0.146002 0.0472195
548 0.60724 0.137686 0.044233
549 0.60724 0.142661 0.0447386
550 0.60724 0.162647 0.051465
551 0.60724 0.176386 0.0532814
552 0.60724 0.197417 0.0596036
553 0.60724 0.173162 0.053081
554 0.60724 0.170921 0.0511178
555 0.60724 0.173196 0.0523971
556 0.60724 0.191846 0.0575735
557 0.60724 0.208713 0.058083
558 0.60724 0.151901 0.0514848
559 0.60724 0.164494 0.0553256
560 0.60724 0.161613 0.0486991
561 0.60724 0.164664 0.0512465
562 0.60724 0.150939 0.0492249
563 0.60724 0.157652 0.048541
564 0.60724 0.138265 0.0472385
565 0.60724 0.1388 0.048087
566 0.60724 0.159338 0.050702
567 0.60724 0.158248 0.0520808
568 0.60724 0.144134 0.0486557
569 0.60724 0.142566 0.0455082
570 0.60724 0.148932 0.0483747
571 0.60724 0.177315 0.0525659
572 0.60724 0.157836 0.0485638
573 0.60724 0.156675 0.0456475
574 0.60724 0.15012 0.0499278
575 0.60724 0.159508 0.0473071
576 0.60724 0.186126 0.0545666
577 0.60724 0.162065 0.0511148
578 0.60724 0.165182 0.0488233
579 0.60724 0.163197 0.0507651
580 0.60724 0.157136 0.0514953
581 0.60724 0.171324 0.0502146
582 0.60724 0.187724 0.0460453
583 0.60724 0.186957 0.050652
584 0.60724 0.202487 0.0516919
585 0.60724 0.186384 0.0508837
586 0.60724 0.176577 0.047241
587 0.60724 0.181302 0.0497682
588 0.60724 0.182607 0.0524508
589 0.60724 0.190326 0.0530155
590 0.60724 0.176609 0.0501488
591 0.60724 0.163566 0.0498065
592 0.60724 0.173907 0.0485141
593 0.60724 0.166502 0.0542314
594 0.60724 0.157507 0.0484771
595 0.60724 0.152182 0.0504093
596 0.60724 0.158442 0.0469191
597 0.60724 0.164691 0.0486027
598 0.60724 0.148899 0.0506185
599 0.60724 0.139098 0.0470015
600 0.60724 0.146455 0.0497097
601 0.60724 0.150716 0.0522728
602 0.60724 0.156498 0.0501693
603 0.60724 0.135831 0.045168
604 0.60724 0.145471 0.0457341
605 0.60724 0.17773 0.0523486
606 0.60724 0.172693 0.0555303
607 0.60724 0.188376 0.0561105
608 0.60724 0.174617 0.0527407
609 0.60724 0.169613 0.0522145
610 0.60724 0.164188 0.0528381
611 0.60724 0.155634 0.0507596
612 0.60724 0.165202 0.0529952
613 0.60724 0.153007 0.0514641
614 0.60724 0.152652 0.0452274
615 0.60724 0.161592 0.0519812
616 0.60724 0.181407 0.0563888
617 0.60724 0.202835 0.0587425
618 0.60724 0.199509 0.0577829
619 0.60724 0.186053 0.0560401
620 0.60724 0.176358 0.052092
621 0.60724 0.184073 0.0548145
622 0.60724 0.164091 0.0513858
623 0.60724 0.137058 0.0467357
624 0.60724 0.131409 0.0465374
625 0.60724 0.172376 0.0557282
626 0.60724 0.162223 0.0551138
627 0.60724 0.185998 0.0538026
628 0.60724 0.163123 0.0522012
629 0.60724 0.156433 0.0496719
630 0.60724 0.169212 0.0512001
631 0.60724 0.156895 0.0500489
632 0.60724 0.15933 0.0535904
633 0.60724 0.171354 0.0553217
634 0.60724 0.158329 0.054372
635 0.60724 0.157407 0.0527679
636 0.60724 0.167343 0.0532869
637 0.60724 0.161776 0.0527544
638 0.60724 0.154696 0.0510288
639 0.60724 0.141394 0.0491905
640 0.60724 0.144259 0.0537744
641 0.60724 0.135188 0.051363
642 0.60724 0.152959 0.0526048
643 0.60724 0.138521 0.0475879
644 0.60724 0.151385 0.0476505
645 0.60724 0.168675 0.0554777
646 0.60724 0.149399 0.0521559
647 0.60724 0.123307 0.0443015
648 0.60724 0.148551 0.0502272
649 0.60724 0.149831 0.0479086
650 0.60724 0.183703 0.0543795
651 0.60724 0.158089 0.0528173
652 0.60724 0.157619 0.0496682
653 0.60724 0.185777 0.0543697
654 0.60724 0.168445 0.0537272
655 0.60724 0.165801 0.0515585
656 0.60724 0.168185 0.0562808
657 0.60724 0.159231 0.0533522
658 0.60724 0.147495 0.0504835
659 0.60724 0.129679 0.0466739
660 0.60724 0.131271 0.0502125
661 0.60724 0.135405 0.0475606
662 0.60724 0.147179 0.0502653
663 0.60724 0.171647 0.0540469
664 0.60724 0.177949 0.0520142
665 0.60724 0.177735 0.0476374
666 0.60724 0.179943 0.0502405
667 0.60724 0.173397 0.046538
668 0.60724 0.189926 0.0536288
669 0.60724 0.164127 0.0527987
670 0.60724 0.158627 0.0491847
671 0.60724 0.16992 0.0526341
672 0.60724 0.161056 0.0519554
673 0.60724 0.177612 0.0559242
674 0.60724 0.174289 0.0548575
675 0.60724 0.172168 0.0538351
676 0.60724 0.175232 0.0565405
677 0.60724 0.166853 0.0507523
678 0.60724 0.152653 0.0516204
679 0.60724 0.154833 0.050533
680 0.60724 0.177981 0.0541111
681 0.60724 0.158675 0.0526751
682 0.60724 0.149381 0.0514389
683 0.60724 0.152949 0.0500302
684 0.60724 0.185313 0.0572905
685 0.60724 0.156747 0.0487074
686 0.60724 0.159679 0.0483313
687 0.60724 0.164924 0.0508608
688 0.60724 0.156732 0.0542592
689 0.60724 0.183853 0.0576083
690 0.60724 0.173134 0.0543354
691 0.60724 0.156542 0.0509706
692 0.60724 0.15911 0.0479585
693 0.60724 0.184419 0.0533369
694 0.60724 0.201837 0.0526658
695 0.60724 0.171411 0.0501018
696 0.60724 0.159485 0.0495085
697 0.60724 0.160022 0.0516717
698 0.60724 0.159384 0.0527589
699 0.60724 0.166994 0.0527288
700 0.60724 0.181362 0.0514077
701 0.60724 0.186293 0.0634024
702 0.60724 0.181282 0.0596983
703 0.60724 0.159832 0.054171
704 0.60724 0.167173 0.0508602
705 0.60724 0.167586 0.0492843
706 0.60724 0.162409 0.0505232
707 0.60724 0.165711 0.0499762
708 0.60724 0.184869 0.0526551
709 0.60724 0.166221 0.0491573
710 0.60724 0.149873 0.047758
711 0.60724 0.142671 0.0506184
712 0.60724 0.139846 0.0422921
713 0.60724 0.145319 0.0496848
714 0.60724 0.154746 0.0496863
715 0.60724 0.163568 0.0513825
716 0.60724 0.157375 0.0514669
717 0.60724 0.148482 0.0490987
718 0.60724 0.1217 0.0446286
719 0.60724 0.135419 0.0479924
720 0.60724 0.154276 0.0510076
721 0.60724 0.163956 0.0506222
722 0.60724 0.144206 0.0506303
723 0.60724 0.131336 0.0493883
724 0.60724 0.164274 0.0542665
725 0.60724 0.141343 0.0474471
726 0.60724 0.143959 0.0497089
727 0.60724 0.14801 0.047668
728 0.60724 0.163134 0.0480728
729 0.60724 0.183809 0.0537796
730 0.60724 0.17309 0.0545154
731 0.60724 0.160434 0.0526762
732 0.60724 0.16116 0.0512962
733 0.60724 0.165956 0.0511854
734 0.60724 0.158203 0.0484405
735 0.60724 0.161005 0.0510644
736 0.60724 0.144767 0.0451098
737 0.60724 0.150535 0.045898
738 0.60724 0.139831 0.0465047
739 0.60724 0.141627 0.0448427
740 0.60724 0.147732 0.0448329
741 0.60724 0.178565 0.0550057
742 0.60724 0.155529 0.0500476
743 0.60724 0.170373 0.0550827
744 0.60724 0.184731 0.0565979
745 0.60724 0.178204 0.0565511
746 0.60724 0.157233 0.0535778
747 0.60724 0.119277 0.0458579
748 0.60724 0.163231 0.0501819
749 0.60724 0.157386 0.0466196
750 0.60724 0.162211 0.0525068
751 0.60724 0.167588 0.0520326
752 0.60724 0.169464 0.0507809
753 0.60724 0.159506 0.0523041
754 0.60724 0.145414 0.0478869
755 0.60724 0.180268 0.0558439
756 0.60724 0.169723 0.0496645
757 0.60724 0.160624 0.0510163
758 0.60724 0.165893 0.0502939
759 0.60724 0.16626 0.0509022
760 0.60724 0.178735 0.0556491
761 0.60724 0.179797 0.0537226
762 0.60724 0.156787 0.0517798
763 0.60724 0.157144 0.0512868
764 0.60724 0.157205 0.0491014
765 0.60724 0.15152 0.0492336
766 0.60724 0.148342 0.0446953
767 0.60724 0.172775 0.0520618
768 0.60724 0.16765 0.0508873
769 0.60724 0.18124 0.0564485
770 0.60724 0.208791 0.0565755
771 0.60724 0.198127 0.0575878
772 0.60724 0.174447 0.058201
773 0.60724 0.162535 0.0557436
774 0.60724 0.173243 0.0554339
775 0.60724 0.174821 0.0559271
776 0.60724 0.208426 0.0582659
777 0.60724 0.184176 0.0594297
778 0.60724 0.199515 0.0578614
779 0.60724 0.181997 0.0568221
780 0.60724 0.178466 0.0508379
781 0.60724 0.147203 0.0500532
782 0.60724 0.14298 0.0538991
783 0.60724 0.139858 0.0468796
784 0.60724 0.127649 0.0462282
785 0.60724 0.152105 0.0487297
786 0.60724 0.143035 0.0490643
787 0.60724 0.154503 0.0501514
788 0.60724 0.160236 0.0543435
789 0.60724 0.15304 0.0518273
790 0.60724 0.156559 0.0557879
791 0.60724 0.170386 0.0541957
792 0.60724 0.152559 0.0494888
793 0.60724 0.153086 0.0459439
794 0.60724 0.157875 0.0492459
795 0.60724 0.147607 0.0521507
796 0.60724 0.149964 0.0518265
797 0.60724 0.161041 0.0532243
798 0.60724 0.158671 0.0524407
799 0.60724 0.185587 0.056805
800 0.60724 0.172008 0.0512289
801 0.60724 0.152317 0.0488562
802 0.60724 0.154967 0.0511356
803 0.60724 0.144141 0.0490554
804 0.60724 0.173967 0.0533062
805 0.60724 0.157253 0.0476928
806 0.60724 0.128257 0.0440393
807 0.60724 0.147927 0.0478458
808 0.607241 0.153004 0.0525643
809 0.607241 0.17373 0.0567128
810 0.607241 0.142857 0.0532217
811 0.607241 0.172486 0.0548651
812 0.607241 0.162642 0.0534258
813 0.607241 0.187085 0.0551757
814 0.607241 0.182472 0.0551622
815 0.607241 0.165216 0.0516422
816 0.607241 0.178021 0.0492684
817 0.607241 0.177523 0.0481155
818 0.607241 0.174088 0.0530174
819 0.607241 0.156177 0.0526673
820 0.607241 0.150998 0.0516081
821 0.607241 0.143838 0.0483491
822 0.607241 0.138828 0.0452038
823 0.607241 0.138028 0.048051
824 0.607241 0.139278 0.0482444
825 0.607241 0.16094 0.0542864
826 0.607241 0.167407 0.0520875
827 0.607241 0.167283 0.0547702
828 0.607241 0.180848 0.0579084
829 0.607241 0.174973 0.0533604
830 0.607241 0.148727 0.0519355
831 0.607241 0.148857 0.0502387
832 0.607241 0.181849 0.0613753
833 0.607241 0.123136 0.0475989
834 0.607241 0.15302 0.053263
835 0.607241 0.128613 0.0488406
836 0.607241 0.11375 0.0432407
837 0.607241 0.128118 0.0483257
838 0.607241 0.146998 0.048723
839 0.607241 0.147945 0.052093
840 0.607241 0.129545 0.0453828
841 0.607241 0.157409 0.0508346
842 0.607241 0.162361 0.0467713
843 0.607241 0.150318 0.0463577
844 0.607241 0.169425 0.0504613
845 0.607241 0.18555 0.0556212
846 0.607241 0.166873 0.0528793
847 0.607241 0.192137 0.0536398
848 0.607241 0.160304 0.0498021
849 0.607241 0.165574 0.0511415
850 0.607241 0.185184 0.0548639
851 0.607241 0.188376 0.0545241
852 0.607241 0.179853 0.0508027
853 0.607241 0.152217 0.0494026
854 0.607241 0.186815 0.0530941
855 0.607241 0.160718 0.0458573
856 0.607241 0.182831 0.0482804
857 0.607241 0.182885 0.0482099
858 0.607241 0.175339 0.0465619
859 0.607241 0.189436 0.0480946
860 0.607241 0.193766 0.0516257
861 0.607241 0.177888 0.054282
862 0.607241 0.169688 0.0544695
863 0.607241 0.193562 0.056485
864 0.607241 0.173884 0.0512035
865 0.607241 0.168445 0.0506424
866 0.607241 0.156089 0.0502319
867 0.607241 0.146654 0.0490084
868 0.607241 0.139588 0.0493613
869 0.607241 0.154849 0.0518164
870 0.607241 0.157014 0.0534305
871 0.607241 0.154807 0.0501194
872 0.607241 0.162868 0.0522963
873 0.607241 0.173832 0.0514802
874 0.607241 0.152649 0.0483548
875 0.607241 0.150919 0.050588
876 0.607241 0.145191 0.0492
877 0.607241 0.153389 0.049113
878 0.607241 0.143963 0.0509743
879 0.607241 0.159 0.0522522
880 0.607241 0.158952 0.0483332
881 0.607241 0.145229 0.0488802
882 0.607241 0.128307 0.0456754
883 0.607241 0.144214 0.0486046
884 0.607241 0.127206 0.0471
885 0.607241 0.137871 0.0463819
886 0.607241 0.127726 0.0471245
887 0.607241 0.142358 0.0477718
888 0.607241 0.149385 0.051022
889 0.607241 0.148262 0.0518702
890 0.607241 0.160065 0.0546902
891 0.607241 0.151241 0.0489135
892 0.607241 0.170156 0.0544679
893 0.607241 0.151905 0.047677
894 0.607241 0.15534 0.0486013
895 0.607241 0.152401 0.0510676
896 0.607241 0.188448 0.055903
897 0.607241 0.142425 0.0518434
898 0.607241 0.178547 0.0539453
899 0.607241 0.181728 0.0568033
900 0.607241 0.159677 0.0513743
901 0.607241 0.156135 0.051522
902 0.607241 0.150453 0.0508686
903 0.607241 0.142151 0.0463749
904 0.607241 0.146231 0.0491521
905 0.607241 0.142921 0.0508824
906 0.607241 0.137484 0.0465645
907 0.607241 0.132494 0.0493361
908 0.607241 0.14716 0.0520926
909 0.607241 0.144842 0.0479898
910 0.607241 0.143509 0.0460725
911 0.607241 0.149806 0.0466961
912 0.607241 0.155884 0.0475366
913 0.607241 0.153049 0.0476972
914 0.607241 0.177244 0.0512361
915 0.607241 0.170755 0.0475044
916 0.607241 0.171761 0.0510587
917 0.607241 0.18633 0.0560993
918 0.607241 0.162005 0.0531872
919 0.607241 0.15078 0.0521663
920 0.607241 0.179237 0.0546583
921 0.607241 0.174872 0.051338
922 0.607241 0.154251 0.0477159
923 0.607241 0.1548 0.0544011
924 0.607241 0.151573 0.0532174
925 0.607241 0.164571 0.0498605
926 0.607241 0.158093 0.0449987
927 0.607241 0.168406 0.0504702
928 0.607241 0.151961 0.0470901
929 0.607241 0.171943 0.0503613
930 0.607241 0.150754 0.0483586
931 0.607241 0.180626 0.054287
932 0.607241 0.146651 0.0479415
933 0.607241 0.132769 0.0499973
934 0.607241 0.165732 0.0493323
935 0.607241 0.179226 0.0539776
936 0.607241 0.163124 0.0524156
937 0.607241 0.157036 0.0532978
938 0.607241 0.166059 0.0550533
939 0.607241 0.153693 0.0493469
940 0.607241 0.164481 0.0505302
941 0.607241 0.13759 0.0497281
942 0.607241 0.145862 0.0472065
943 0.607241 0.158949 0.0514219
944 0.607241 0.139033 0.0455534
945 0.607241 0.155719 0.0515377
946 0.607241 0.156267 0.050367
947 0.607241 0.184999 0.056909
948 0.607241 0.14608 0.0529267
949 0.607241 0.130772 0.0471246
950 0.607241 0.149667 0.0485351
951 0.607241 0.135542 0.049349
952 0.607241 0.127227 0.0471537
953 0.607241 0.125071 0.0436541
954 0.607241 0.143985 0.048311
955 0.607241 0.142009 0.0444701
956 0.607241 0.137999 0.0484809
957 0.607241 0.149909 0.049127
958 0.607241 0.149843 0.0514818
959 0.607718 0.166727 0.0539778
960 0.607718 0.174733 0.0531708
961 0.607718 0.163132 0.0501271
962 0.607718 0.163163 0.0512945
963 0.607718 0.169109 0.0514095
964 0.607718 0.178598 0.0563896
965 0.607718 0.158216 0.0543723
966 0.607718 0.156582 0.0534398
967 0.607718 0.156578 0.0513072
968 0.607718 0.16778 0.0476628
969 0.609675 0.179985 0.0571601
970 0.609675 0.140373 0.0474287
971 0.609675 0.166719 0.0531943
972 0.609675 0.138118 0.0482683
973 0.609675 0.148358 0.0485092
974 0.609675 0.131972 0.0461592
975 0.609675 0.158454 0.050858
976 0.609675 0.147404 0.0506451
977 0.609675 0.167563 0.0526112
978 0.609675 0.150333 0.0508742
979 0.609675 0.138947 0.0507319
980 0.609675 0.141643 0.0493963
981 0.609675 0.110597 0.0429464
982 0.609675 0.122277 0.0443704
983 0.610435 0.121311 0.0463389
984 0.610435 0.146573 0.0476235
985 0.610435 0.141048 0.0513437
986 0.610435 0.145672 0.0540265
987 0.610435 0.132798 0.0486574
988 0.610435 0.143599 0.0515741
989 0.610435 0.147227 0.0473278
990 0.610435 0.12032 0.0443126
991 0.610435 0.144569 0.0484103
992 0.610435 0.146702 0.0477422
993 0.610435 0.134469 0.0451876
994 0.610435 0.126969 0.0459256
995 0.610435 0.156417 0.0489826
996 0.610435 0.164855 0.0511107
997 0.610435 0.161578 0.0536628
998 0.610435 0.160124 0.0502871
999 0.610435 0.151388 0.051164
1000 0.610435 0.163654 0.0502894
