0 0.125273 0.0613531 0.0039477
1 0.125273 0.0726082 0.00385036
2 0.125273 0.0801215 0.00363935
3 0.125277 0.0859553 0.00335458
4 0.125277 0.0852619 0.00341845
5 0.125278 0.0863843 0.00338026
6 0.125278 0.0890885 0.00321862
7 0.125278 0.0952276 0.00286493
8 0.125278 0.101405 0.00242758
9 0.125278 0.0988863 0.00262214
10 0.125278 0.102633 0.00233466
11 0.125278 0.102636 0.00233572
12 0.125278 0.112644 0.00142411
13 0.125278 0.108897 0.00178847
14 0.125278 0.105144 0.00212292
15 0.125278 0.107638 0.0019041
16 0.125278 0.108875 0.00178916
17 0.125278 0.113697 0.00128804
18 0.125278 0.11268 0.00141465
19 0.125278 0.116426 0.00102611
20 0.125278 0.116392 0.00102997
21 0.125278 0.120144 0.00060752
22 0.125278 0.117663 0.000889734
23 0.125278 0.118907 0.000749583
24 0.125278 0.120153 0.000606604
25 0.125278 0.121409 0.000460495
26 0.125278 0.123899 0.000156634
27 0.125278 0.122663 0.000310174
28 0.125278 0.12391 0.000156662
29 0.125278 0.122652 0.000309581
30 0.125278 0.123904 0.000156647
31 0.125278 0.123896 0.000156627
32 0.125278 0.123892 0.000156616
33 0.125278 0.122651 0.000310113
34 0.125278 0.122657 0.000310142
35 0.125278 0.1189 0.000751589
36 0.125278 0.121005 0.000473979
37 0.125278 0.118933 0.000743236
38 0.125278 0.121404 0.000460452
39 0.125278 0.124426 5.48903e-05
40 0.125278 0.124424 5.48703e-05
41 0.125278 0.125175 6.08214e-09
42 0.125278 0.123917 0.000156678
43 0.125278 0.125163 6.56663e-09
44 0.125278 0.125167 5.52532e-09
45 0.125278 0.121409 0.000458052
46 0.125278 0.12266 0.000310159
47 0.125278 0.122657 0.000310145
48 0.125278 0.118894 0.000751509
49 0.125278 0.115143 0.00116386
50 0.125278 0.118908 0.00075101
51 0.125278 0.118901 0.000751598
52 0.125278 0.120162 0.000607706
53 0.125278 0.116395 0.00103003
54 0.149789 0.111846 0.00151645
55 0.149789 0.112765 0.00143411
56 0.149789 0.112879 0.001436
57 0.149789 0.112888 0.00143231
58 0.149789 0.117908 0.000902403
59 0.149789 0.122789 0.000318228
60 0.149789 0.121698 0.000441167
61 0.149789 0.122972 0.000298735
62 0.149789 0.123047 0.000285809
63 0.149789 0.121948 0.000403229
64 0.149789 0.120582 0.000575797
65 0.149789 0.123783 0.0001769
66 0.149789 0.1238 0.000174763
67 0.149789 0.120437 0.000603039
68 0.149789 0.12294 0.000304893
69 0.149789 0.124228 0.00016426
70 0.149789 0.123839 0.000179851
71 0.149789 0.121772 0.000461493
72 0.149789 0.12187 0.000442584
73 0.149789 0.123168 0.000254913
74 0.149789 0.125687 9.75505e-06
75 0.149789 0.121429 0.0004403
76 0.149904 0.122012 0.000403609
77 0.149904 0.120999 0.000592886
78 0.189458 0.120439 0.000732105
79 0.189458 0.120652 0.000789521
80 0.375176 0.124898 0.00117402
81 0.375176 0.122915 0.00173671
82 0.375176 0.12791 0.00203513
83 0.375176 0.131518 0.00175999
84 0.375176 0.13255 0.00238611
85 0.375591 0.135898 0.00378148
86 0.380142 0.138956 0.00418196
87 0.406761 0.147217 0.0075595
88 0.406761 0.139929 0.00704813
89 0.406761 0.138029 0.0078471
90 0.406761 0.139583 0.00772788
91 0.406761 0.147004 0.00992501
92 0.406761 0.139614 0.0106559
93 0.406761 0.134902 0.010625
94 0.406761 0.14124 0.0124295
95 0.446544 0.142095 0.011725
96 0.455669 0.140357 0.0112113
97 0.502229 0.153876 0.0141819
97 0.480639 0.0658755 0.0191307
98 0.480639 0.0632844 0.0193752
99 0.480639 0.0662998 0.0203941
100 0.480639 0.0708138 0.0225931
101 0.497628 0.0813321 0.0254418
102 0.546601 0.093609 0.0293664
103 0.546601 0.0884717 0.029147
104 0.554273 0.09841 0.0329488
105 0.554273 0.0970381 0.0314214
106 0.554273 0.0848543 0.0297741
107 0.554273 0.106794 0.0362983
108 0.554273 0.131698 0.0434592
109 0.554273 0.125815 0.0377462
110 0.554273 0.134511 0.0343951
111 0.554273 0.119782 0.0349286
112 0.554273 0.119808 0.0370029
113 0.573182 0.127814 0.0428312
114 0.574795 0.141303 0.0464577
115 0.574795 0.137423 0.0446386
116 0.574795 0.135768 0.0424794
117 0.575143 0.126133 0.0421554
118 0.575143 0.134901 0.0433494
119 0.585454 0.151446 0.0452603
120 0.595376 0.156823 0.0472704
121 0.595376 0.164896 0.0469958
122 0.595376 0.166229 0.0505827
123 0.595376 0.159002 0.0486907
124 0.595376 0.169424 0.0491846
125 0.595376 0.154878 0.0505906
126 0.595376 0.173953 0.049232
127 0.595376 0.18399 0.0577103
128 0.595376 0.175712 0.0511556
129 0.595376 0.184259 0.050689
130 0.595376 0.159359 0.0453752
131 0.595376 0.159536 0.0475583
132 0.595376 0.165544 0.0493661
133 0.595376 0.167652 0.053483
134 0.595376 0.198904 0.0515971
135 0.595376 0.211137 0.0519933
136 0.595376 0.182565 0.0509759
137 0.599066 0.184507 0.0550894
138 0.599066 0.197035 0.0526565
139 0.599066 0.164912 0.0508466
140 0.599066 0.176781 0.0487536
141 0.599066 0.190932 0.0552264
142 0.599066 0.191065 0.0538772
143 0.599066 0.205524 0.0563366
144 0.599066 0.189555 0.0512505
145 0.599066 0.189572 0.053989
146 0.599066 0.181744 0.0511455
147 0.599066 0.213003 0.0564018
148 0.599066 0.191519 0.049776
149 0.603724 0.213211 0.0553898
150 0.603724 0.207053 0.0478359
151 0.603724 0.198691 0.0494306
152 0.603724 0.199429 0.0538059
153 0.603724 0.241454 0.0572963
154 0.603724 0.218952 0.0568571
155 0.603724 0.193462 0.0555268
156 0.603724 0.178757 0.0527656
157 0.603724 0.206549 0.0554314
158 0.603724 0.213958 0.052725
159 0.603724 0.228212 0.0532103
160 0.603724 0.224925 0.0539591
161 0.603724 0.200246 0.0551518
162 0.603724 0.19483 0.0540991
163 0.603724 0.221317 0.0538967
164 0.603724 0.203692 0.0523019
165 0.603724 0.219541 0.050505
166 0.603724 0.174679 0.0510298
167 0.603724 0.17123 0.0521343
168 0.603724 0.184257 0.0498904
169 0.603724 0.171798 0.0525253
170 0.603724 0.17652 0.056607
171 0.603724 0.212344 0.0562804
172 0.603724 0.177987 0.0511646
173 0.603724 0.171949 0.0527245
174 0.603724 0.19006 0.0547174
175 0.603724 0.206948 0.0563013
176 0.603724 0.229318 0.053478
177 0.603724 0.201661 0.0537451
178 0.603724 0.214842 0.0507619
179 0.603724 0.220209 0.0542594
180 0.603724 0.216085 0.048521
181 0.603724 0.210143 0.050166
182 0.603724 0.221371 0.0531376
183 0.603724 0.191878 0.0524368
184 0.603724 0.21719 0.0512655
185 0.603724 0.187493 0.0522677
186 0.603724 0.1898 0.0480323
187 0.603724 0.184894 0.0481534
188 0.603724 0.182285 0.0483754
189 0.603724 0.186003 0.0505996
190 0.603724 0.190882 0.0504827
191 0.603724 0.185163 0.0511385
192 0.603724 0.17226 0.0496934
193 0.603724 0.190366 0.0573109
194 0.603724 0.186248 0.0566508
195 0.603724 0.197079 0.0549162
196 0.603724 0.193017 0.0546984
197 0.603724 0.177988 0.0557722
198 0.603724 0.185059 0.0548535
199 0.603724 0.181027 0.0517617
200 0.603724 0.193446 0.0550584
201 0.603724 0.175764 0.053676
202 0.603724 0.170958 0.0472744
203 0.603791 0.181461 0.0534256
204 0.603791 0.186063 0.054003
205 0.603791 0.210267 0.056935
206 0.603791 0.198214 0.0554655
207 0.603791 0.193597 0.0531347
208 0.603791 0.17384 0.0522117
209 0.603791 0.163003 0.0480899
210 0.603791 0.19309 0.0542045
211 0.603791 0.202635 0.052102
212 0.603791 0.204359 0.0498773
213 0.603791 0.196371 0.0512424
214 0.603791 0.202126 0.0502766
215 0.603791 0.216733 0.0555794
216 0.603791 0.192437 0.0550382
217 0.603791 0.176622 0.0491813
218 0.603791 0.17614 0.0526385
219 0.603791 0.207758 0.0551675
220 0.603791 0.191289 0.0541028
221 0.603791 0.189448 0.0575149
222 0.603791 0.18034 0.0552084
223 0.603791 0.198774 0.0576869
224 0.603791 0.168389 0.0488161
225 0.603791 0.188722 0.0534635
226 0.603791 0.196781 0.0534143
227 0.603791 0.188781 0.0577192
228 0.603791 0.203936 0.0582765
229 0.603791 0.171786 0.0533832
230 0.603791 0.209758 0.0554366
231 0.603791 0.197596 0.0531325
232 0.603791 0.185322 0.053941
233 0.603791 0.179127 0.0479036
234 0.603791 0.192471 0.0532123
235 0.603791 0.19833 0.0557932
236 0.603791 0.204102 0.0559769
237 0.603791 0.194648 0.0523016
238 0.603791 0.210694 0.058382
239 0.603791 0.23294 0.0607479
240 0.603791 0.213377 0.052278
241 0.603791 0.242652 0.0520345
242 0.603791 0.211915 0.0596713
243 0.603791 0.215963 0.0585663
244 0.603791 0.208277 0.0548989
245 0.603791 0.235999 0.0568827
246 0.603791 0.233014 0.0549839
247 0.603791 0.226579 0.0591382
248 0.603791 0.255262 0.0588369
249 0.603791 0.217799 0.0580371
250 0.603791 0.195322 0.0499003
251 0.603791 0.180655 0.053367
252 0.603791 0.192638 0.0575354
253 0.603791 0.194184 0.0607144
254 0.605301 0.198254 0.0580117
255 0.605301 0.217747 0.0576118
256 0.605301 0.228234 0.0545996
257 0.605301 0.206451 0.0561916
258 0.605301 0.235281 0.054769
259 0.605301 0.208311 0.0536558
260 0.605301 0.185752 0.0507494
261 0.605301 0.185209 0.0551375
262 0.605301 0.17502 0.0533059
263 0.605301 0.18157 0.0568009
264 0.605301 0.183812 0.0544674
265 0.605301 0.178512 0.0517645
266 0.605301 0.179924 0.0525806
267 0.605301 0.201661 0.0498067
268 0.605301 0.187893 0.0547618
269 0.605301 0.187107 0.0527531
270 0.605301 0.186352 0.0546929
271 0.605301 0.17259 0.0522026
272 0.605301 0.181079 0.0567043
273 0.605301 0.180968 0.052007
274 0.605301 0.189609 0.0530015
275 0.605301 0.175488 0.0473374
276 0.605301 0.182892 0.0494951
277 0.605301 0.173615 0.0493145
278 0.605301 0.19156 0.0510411
279 0.605301 0.195467 0.0546037
280 0.605301 0.205054 0.0556567
281 0.605301 0.195113 0.0532089
282 0.605301 0.181132 0.0512769
283 0.605301 0.186289 0.0520829
284 0.605301 0.183209 0.0489086
285 0.605301 0.209526 0.0546972
286 0.605301 0.206673 0.0486722
287 0.605637 0.175251 0.0518927
288 0.605637 0.165159 0.0481595
289 0.605637 0.200854 0.0562972
290 0.605637 0.175926 0.0538086
291 0.605637 0.181814 0.0498606
292 0.605637 0.192956 0.0487678
293 0.605637 0.155951 0.0511669
294 0.605637 0.168281 0.0533584
295 0.605637 0.193135 0.0540258
296 0.605637 0.159563 0.0442892
297 0.605637 0.193774 0.0548365
298 0.605637 0.183615 0.0515497
299 0.605637 0.197338 0.0540273
300 0.605637 0.176035 0.0509543
301 0.605637 0.161886 0.0484564
302 0.605637 0.161194 0.0488144
303 0.605637 0.188539 0.0584932
304 0.605637 0.203148 0.0603584
305 0.605637 0.17142 0.0540274
306 0.60587 0.179454 0.0560767
307 0.60587 0.186164 0.0563274
308 0.60587 0.163159 0.0526592
309 0.60587 0.171306 0.0533813
310 0.60587 0.17964 0.0527251
311 0.60587 0.194283 0.0539759
312 0.60587 0.195001 0.0570647
313 0.60587 0.21205 0.0573943
314 0.60587 0.229474 0.0584309
315 0.60587 0.236578 0.0648127
316 0.60587 0.26761 0.0585177
317 0.60587 0.253276 0.054489
318 0.60587 0.206157 0.0557299
319 0.60587 0.195781 0.0543592
320 0.60587 0.191208 0.0545229
321 0.60587 0.197823 0.0543644
322 0.60587 0.191961 0.0551426
323 0.60587 0.194523 0.04833
324 0.60587 0.195737 0.0534039
325 0.60587 0.205783 0.0520781
326 0.60587 0.197283 0.0510583
327 0.60587 0.20057 0.0545034
328 0.60587 0.169581 0.0491583
329 0.60587 0.18918 0.0535618
330 0.60587 0.198749 0.0554984
331 0.60587 0.204578 0.0559519
332 0.60587 0.222499 0.0571565
333 0.60587 0.197987 0.056912
334 0.60587 0.185726 0.0516859
335 0.60587 0.195289 0.0552308
336 0.60587 0.195589 0.0512898
337 0.60587 0.198796 0.0499916
338 0.60587 0.207228 0.0529472
339 0.60587 0.223281 0.0527309
340 0.60587 0.183255 0.0512248
341 0.60587 0.195422 0.0539975
342 0.60587 0.206067 0.0510955
343 0.60587 0.196329 0.0512611
344 0.60587 0.179369 0.051896
345 0.60587 0.189845 0.0488944
346 0.60587 0.183759 0.048401
347 0.60587 0.187688 0.0523157
348 0.60587 0.193208 0.0526614
349 0.606131 0.20939 0.0580533
350 0.606131 0.216853 0.0554561
351 0.606131 0.212209 0.0560459
352 0.606131 0.218504 0.0553563
353 0.606131 0.238775 0.0581527
354 0.606131 0.217524 0.0564363
355 0.606131 0.231938 0.0524153
356 0.606131 0.216921 0.0512389
357 0.606131 0.201772 0.0539244
358 0.606131 0.191668 0.0569928
359 0.606131 0.195069 0.0543316
360 0.606131 0.19264 0.0518272
361 0.606131 0.159601 0.0496276
362 0.606131 0.151524 0.0523163
363 0.606131 0.171952 0.0498771
364 0.606131 0.194096 0.0547851
365 0.606131 0.171703 0.0523343
366 0.606131 0.155383 0.0508313
367 0.606131 0.179376 0.0536073
368 0.606131 0.173806 0.0508015
369 0.606131 0.182956 0.0517569
370 0.606131 0.190503 0.0567208
371 0.606131 0.180628 0.0560045
372 0.606131 0.153748 0.0493624
373 0.606131 0.174182 0.0526427
374 0.606131 0.176838 0.0516044
375 0.606131 0.154738 0.0518217
376 0.606131 0.187496 0.0566668
377 0.606131 0.194989 0.0532746
378 0.606131 0.221282 0.0544476
379 0.606131 0.213991 0.0516938
380 0.606131 0.21897 0.054641
381 0.606131 0.198777 0.0535108
382 0.606131 0.223539 0.0609077
383 0.606131 0.212694 0.055538
384 0.606131 0.174659 0.052504
385 0.606131 0.171875 0.0494237
386 0.60653 0.176305 0.0583093
387 0.60653 0.182237 0.0534609
388 0.60653 0.177203 0.0558658
389 0.60653 0.176899 0.0585986
390 0.60653 0.166818 0.0509407
391 0.60653 0.172182 0.0539508
392 0.60653 0.149341 0.0470516
393 0.60653 0.180233 0.0578791
394 0.60653 0.199894 0.0551559
395 0.60653 0.187014 0.0536881
396 0.60653 0.187009 0.0563025
397 0.60653 0.2045 0.0518361
398 0.60653 0.189935 0.0531671
399 0.60653 0.174263 0.053551
400 0.60653 0.186016 0.0544957
401 0.60653 0.192608 0.0541397
402 0.60653 0.192636 0.0584428
403 0.60653 0.205509 0.0559796
404 0.60653 0.209329 0.0550522
405 0.60653 0.210989 0.0545868
406 0.60653 0.23223 0.0547809
407 0.60653 0.207547 0.0530797
408 0.60653 0.216362 0.0541556
409 0.60653 0.214945 0.0530019
410 0.60653 0.214998 0.0482762
411 0.60653 0.232161 0.0533271
412 0.60653 0.199669 0.0490077
413 0.60653 0.200703 0.0494472
414 0.60653 0.19608 0.0552018
415 0.60653 0.164617 0.0503414
416 0.60653 0.172379 0.0555876
417 0.60653 0.192154 0.0605541
418 0.60653 0.177482 0.053912
419 0.60653 0.165809 0.0525485
420 0.60653 0.169376 0.0533414
421 0.60653 0.198123 0.059611
422 0.60653 0.176826 0.0590201
423 0.60653 0.19271 0.0572472
424 0.60653 0.175097 0.0555757
425 0.60653 0.181369 0.0576849
426 0.60653 0.180883 0.0561764
427 0.60653 0.178643 0.0544641
428 0.60653 0.16054 0.0542565
429 0.60653 0.199769 0.0576753
430 0.60653 0.193298 0.0570225
431 0.60653 0.220988 0.0556638
432 0.60653 0.223978 0.0566206
433 0.60653 0.209555 0.0537631
434 0.60653 0.21886 0.0572426
435 0.60653 0.195728 0.0570314
436 0.60653 0.200018 0.0532605
437 0.60653 0.194591 0.0497273
438 0.60653 0.203078 0.0509691
439 0.60653 0.201487 0.051885
440 0.60653 0.203076 0.0549453
441 0.60653 0.257937 0.056132
442 0.60653 0.279412 0.055463
443 0.60653 0.235402 0.0558254
444 0.60653 0.248937 0.0544356
445 0.60653 0.243428 0.0560106
446 0.60653 0.242047 0.0575444
447 0.60653 0.238916 0.0543429
448 0.60653 0.208888 0.0554095
449 0.60653 0.207169 0.0563414
450 0.60653 0.180753 0.0562654
451 0.60653 0.228538 0.0585178
452 0.60653 0.182621 0.0570811
453 0.60653 0.17777 0.0572119
454 0.60653 0.206075 0.0629773
455 0.60653 0.165363 0.0556959
456 0.60653 0.193229 0.0514502
457 0.60653 0.185532 0.0542707
458 0.60653 0.181627 0.0562728
459 0.60653 0.17842 0.0517148
460 0.60653 0.183253 0.0526707
461 0.60653 0.18246 0.0545618
462 0.60653 0.187321 0.0553133
463 0.60653 0.200559 0.0575621
464 0.60653 0.166802 0.0538228
465 0.60653 0.167636 0.0532159
466 0.60653 0.166484 0.0519348
467 0.60653 0.145736 0.0489499
468 0.60653 0.181361 0.051043
469 0.60653 0.212094 0.0560329
470 0.60653 0.195692 0.0533812
471 0.60653 0.197395 0.0516338
472 0.60653 0.211432 0.0575015
473 0.60653 0.1973 0.0556275
474 0.60653 0.194058 0.0550355
475 0.60653 0.220923 0.0557277
476 0.60653 0.227806 0.0593421
477 0.60653 0.21291 0.0639748
478 0.60653 0.222601 0.0665716
479 0.60653 0.220941 0.0614829
480 0.60653 0.208832 0.056577
481 0.60653 0.232587 0.0564089
482 0.60653 0.18684 0.0544676
483 0.60653 0.201984 0.0562879
484 0.60653 0.234275 0.0563999
485 0.60653 0.222418 0.0567965
486 0.60653 0.184599 0.0568879
487 0.60653 0.211412 0.057956
488 0.60653 0.195231 0.057146
489 0.60653 0.199236 0.0557197
490 0.60653 0.1863 0.0544521
491 0.60653 0.216135 0.0594145
492 0.60653 0.179541 0.0582309
493 0.60653 0.210357 0.0546546
494 0.60653 0.188302 0.0532637
495 0.60653 0.197349 0.0538883
496 0.60653 0.207026 0.0567879
497 0.60653 0.200648 0.0550486
498 0.60653 0.162671 0.0532707
499 0.60653 0.179155 0.0494009
500 0.60653 0.186672 0.0553219
501 0.60653 0.199535 0.0582858
502 0.60653 0.193956 0.0591303
503 0.60653 0.214572 0.0566444
504 0.60653 0.22323 0.0589435
505 0.60653 0.209661 0.0555935
506 0.60653 0.202432 0.0544022
507 0.60653 0.194669 0.0571973
508 0.60653 0.176273 0.0530264
509 0.60653 0.223444 0.063422
510 0.60653 0.20137 0.0553836
511 0.60653 0.215287 0.0572944
512 0.60653 0.199094 0.0584433
513 0.60653 0.212313 0.0569913
514 0.60653 0.196333 0.0535576
515 0.60653 0.175696 0.049974
516 0.60653 0.18894 0.0563318
517 0.60653 0.184768 0.0552612
518 0.60653 0.183159 0.0559439
519 0.60653 0.189429 0.0529009
520 0.60653 0.200345 0.057419
521 0.60653 0.205978 0.0547627
522 0.60653 0.212869 0.0556245
523 0.60653 0.170061 0.0499156
524 0.60653 0.161922 0.0489265
525 0.60653 0.163505 0.0538594
526 0.60653 0.1868 0.055427
527 0.60653 0.190149 0.0562717
528 0.60653 0.173643 0.0515873
529 0.60653 0.194223 0.0546185
530 0.60653 0.172337 0.0528404
531 0.60653 0.17299 0.0503789
532 0.60653 0.167609 0.0533829
533 0.60653 0.164067 0.0508142
534 0.60653 0.1742 0.050181
535 0.60653 0.174044 0.0495434
536 0.60653 0.185835 0.0526148
537 0.60653 0.204142 0.0559561
538 0.60653 0.218317 0.0481383
539 0.60653 0.210247 0.0535581
540 0.60653 0.217786 0.0535717
541 0.60653 0.223217 0.05346
542 0.60653 0.199345 0.0535863
543 0.60653 0.194703 0.0525279
544 0.60653 0.186893 0.0511209
545 0.60653 0.19445 0.0518159
546 0.60653 0.197424 0.0518962
547 0.60653 0.202205 0.0529399
548 0.60653 0.198671 0.0524559
549 0.60653 0.215036 0.0541052
550 0.60653 0.231189 0.0602244
551 0.60653 0.207639 0.0544962
552 0.60653 0.189713 0.0538242
553 0.60653 0.180452 0.0542476
554 0.60653 0.167314 0.050886
555 0.60653 0.161364 0.044721
556 0.60653 0.170214 0.0518787
557 0.60653 0.193058 0.0533808
558 0.60653 0.16795 0.050295
559 0.60653 0.180144 0.0545742
560 0.60653 0.191632 0.0537288
561 0.60653 0.163484 0.0498907
562 0.60653 0.188768 0.0544772
563 0.60653 0.205045 0.0527375
564 0.60653 0.195151 0.0571333
565 0.60653 0.17107 0.0506861
566 0.60653 0.191288 0.0588928
567 0.60653 0.191466 0.0544661
568 0.60653 0.171966 0.050467
569 0.60653 0.185396 0.0547999
570 0.60653 0.186028 0.055171
571 0.60653 0.200896 0.0599896
572 0.60653 0.181086 0.056518
573 0.60653 0.186949 0.0553841
574 0.60653 0.186297 0.0530534
575 0.60653 0.158954 0.0522817
576 0.60653 0.159505 0.0505362
577 0.60653 0.172761 0.0508635
578 0.60653 0.173235 0.0492512
579 0.60653 0.215494 0.0528901
580 0.60653 0.215367 0.0558803
581 0.60653 0.224331 0.0559702
582 0.60653 0.216513 0.0535306
583 0.60653 0.203933 0.0597306
584 0.60653 0.186114 0.0549102
585 0.60653 0.228422 0.0571622
586 0.60653 0.215406 0.0577372
587 0.60653 0.201163 0.0545695
588 0.60653 0.206473 0.0540204
589 0.60653 0.202172 0.0531799
590 0.60653 0.185197 0.0506983
591 0.60653 0.186303 0.0498136
592 0.60653 0.199869 0.054993
593 0.60653 0.206967 0.0542898
594 0.60653 0.202866 0.0552374
595 0.60653 0.176215 0.044817
596 0.60653 0.191285 0.0513383
597 0.60653 0.203486 0.0540892
598 0.60653 0.211549 0.0513464
599 0.60653 0.217027 0.05311
600 0.60653 0.190304 0.0516426
601 0.60653 0.20533 0.057732
602 0.60653 0.224091 0.059604
603 0.60653 0.211229 0.0571148
604 0.60653 0.246206 0.0558305
605 0.60653 0.234743 0.0533888
606 0.60653 0.204199 0.0492653
607 0.60653 0.21146 0.0537446
608 0.60653 0.202498 0.0556439
609 0.60653 0.198591 0.0558441
610 0.60653 0.217001 0.053324
611 0.60653 0.228336 0.055774
612 0.60653 0.219625 0.0553144
613 0.60653 0.194689 0.0535187
614 0.60717 0.220644 0.0532401
615 0.60717 0.235717 0.0550995
616 0.60717 0.208129 0.0556816
617 0.60717 0.192946 0.0546973
618 0.60717 0.206452 0.056972
619 0.60717 0.21294 0.0564131
620 0.60717 0.197516 0.055817
621 0.60717 0.199237 0.0552719
622 0.60717 0.183183 0.0554929
623 0.60717 0.195236 0.0594185
624 0.60717 0.190836 0.0578864
625 0.60717 0.18823 0.0513621
626 0.60717 0.151429 0.0510754
627 0.60717 0.175313 0.0500675
628 0.60717 0.178025 0.053129
629 0.60717 0.218945 0.0523752
630 0.60717 0.192619 0.052007
631 0.60717 0.202643 0.0578217
632 0.60717 0.201557 0.0590705
633 0.60717 0.19083 0.0540053
634 0.60717 0.196825 0.055831
635 0.60717 0.173078 0.0521956
636 0.60717 0.192251 0.0513863
637 0.60717 0.173271 0.0534127
638 0.60717 0.187063 0.0543286
639 0.60717 0.177105 0.0523425
640 0.60717 0.212487 0.0577338
641 0.60717 0.238395 0.0535305
642 0.60717 0.202367 0.0542344
643 0.60717 0.197938 0.0531819
644 0.60717 0.175051 0.0500865
645 0.60717 0.182211 0.0520162
646 0.60717 0.173359 0.0487723
647 0.60717 0.169039 0.0511738
648 0.60717 0.187976 0.051438
649 0.60717 0.208751 0.0520115
650 0.60717 0.200138 0.0515488
651 0.60717 0.196466 0.0544094
652 0.60717 0.196269 0.0537844
653 0.60717 0.207296 0.0517688
654 0.60717 0.19575 0.0495263
655 0.60717 0.199535 0.0489767
656 0.60717 0.203472 0.0502408
657 0.60717 0.201044 0.0562516
658 0.60717 0.192396 0.0553697
659 0.60717 0.207413 0.0548126
660 0.60717 0.197317 0.0548817
661 0.60717 0.179039 0.0556188
662 0.60717 0.18715 0.052613
663 0.60717 0.168599 0.0477123
664 0.60717 0.192743 0.0573079
665 0.60717 0.209378 0.0554238
666 0.60717 0.199876 0.0516347
667 0.60717 0.23004 0.0585373
668 0.60717 0.202552 0.05642
669 0.60717 0.182764 0.0535925
670 0.60717 0.182584 0.0528064
671 0.60717 0.198677 0.0535748
672 0.60717 0.208292 0.051067
673 0.60717 0.200385 0.0578137
674 0.60717 0.181977 0.0508061
675 0.60717 0.195932 0.0513351
676 0.60717 0.20138 0.0527211
677 0.60717 0.186535 0.0541547
678 0.60717 0.188435 0.05302
679 0.60717 0.184915 0.0541843
680 0.60717 0.205753 0.0543852
681 0.60717 0.2349 0.0570881
682 0.60717 0.197599 0.0536968
683 0.60717 0.216872 0.0546122
684 0.60717 0.218926 0.0533128
685 0.60717 0.217861 0.0505574
686 0.60717 0.262535 0.0537774
687 0.60717 0.250828 0.0557315
688 0.60717 0.233025 0.0550749
689 0.60717 0.235449 0.0566695
690 0.60717 0.232345 0.0544857
691 0.60717 0.18524 0.0557432
692 0.60717 0.208676 0.0571537
693 0.60717 0.193495 0.0557222
694 0.60717 0.191413 0.053679
695 0.60717 0.171088 0.0529722
696 0.60717 0.167343 0.0499049
697 0.60717 0.191296 0.0532996
698 0.60717 0.205594 0.0552745
699 0.60717 0.190756 0.0548815
700 0.60717 0.162809 0.0505785
701 0.60717 0.14219 0.0479748
702 0.60717 0.184443 0.0557049
703 0.60717 0.169317 0.0531581
704 0.60717 0.154945 0.0492018
705 0.60717 0.173674 0.0517591
706 0.60717 0.168178 0.0525681
707 0.60717 0.198 0.0555483
708 0.60717 0.192365 0.056391
709 0.60717 0.211054 0.0560328
710 0.60717 0.189614 0.0529106
711 0.60717 0.190119 0.056426
712 0.60717 0.196143 0.0581428
713 0.60717 0.201075 0.0573468
714 0.60717 0.208291 0.0567519
715 0.60717 0.188884 0.0527076
716 0.60717 0.166411 0.0483784
717 0.60717 0.205969 0.0559446
718 0.60717 0.200623 0.0531777
719 0.60717 0.203795 0.0596008
720 0.60717 0.200024 0.0541892
721 0.60717 0.194247 0.0542022
722 0.60717 0.183351 0.0516386
723 0.60717 0.195509 0.0537963
724 0.60717 0.183999 0.0521635
725 0.60717 0.20707 0.053441
726 0.60717 0.210203 0.055269
727 0.60717 0.213702 0.0570536
728 0.60717 0.266142 0.0575344
729 0.60717 0.212973 0.0593432
730 0.60717 0.233278 0.0597853
731 0.60717 0.2049 0.0570829
732 0.60717 0.174334 0.0528757
733 0.60717 0.202753 0.0566157
734 0.60717 0.199099 0.0566147
735 0.60717 0.214383 0.0577082
736 0.60717 0.200487 0.0539312
737 0.60717 0.205048 0.0563827
738 0.60717 0.19469 0.0555912
739 0.60717 0.20382 0.053013
740 0.60717 0.205858 0.0535776
741 0.60717 0.220642 0.0540366
742 0.60717 0.199398 0.0522048
743 0.60717 0.177767 0.0512932
744 0.60717 0.204587 0.0541667
745 0.60717 0.199643 0.0545713
746 0.60717 0.186065 0.0532654
747 0.60717 0.189331 0.0492773
748 0.60717 0.220241 0.0536628
749 0.60717 0.198993 0.0499173
750 0.60717 0.19346 0.0478428
751 0.60717 0.16132 0.0513144
752 0.60717 0.181578 0.0529948
753 0.60717 0.181014 0.0540731
754 0.60717 0.172489 0.0561557
755 0.60717 0.180759 0.05706
756 0.60717 0.188218 0.0538457
757 0.60717 0.177678 0.0518383
758 0.60717 0.173204 0.0496672
759 0.60717 0.191462 0.0548601
760 0.60717 0.199185 0.0530128
761 0.60717 0.186518 0.0527027
762 0.60717 0.219447 0.0533637
763 0.60717 0.211648 0.0545945
764 0.60717 0.215746 0.0536389
765 0.60717 0.204249 0.0506228
766 0.60717 0.202749 0.0503043
767 0.607836 0.177342 0.0530154
768 0.607836 0.195892 0.0555485
769 0.607836 0.187066 0.0594152
770 0.607836 0.176031 0.0559772
771 0.607836 0.214916 0.0549125
772 0.607836 0.195044 0.0538916
773 0.607836 0.18662 0.0524203
774 0.607836 0.191427 0.0533801
775 0.607836 0.199475 0.0534015
776 0.607836 0.183669 0.0521939
777 0.607836 0.201534 0.056499
778 0.607836 0.17064 0.0489852
779 0.607836 0.204558 0.0531368
780 0.607836 0.222266 0.0518028
781 0.607836 0.209181 0.0527225
782 0.608185 0.201916 0.0560938
783 0.608185 0.190413 0.0526364
784 0.608185 0.224302 0.0582625
785 0.608185 0.256557 0.0539378
786 0.608185 0.246845 0.0544918
787 0.608185 0.205718 0.0516064
788 0.608185 0.225557 0.054746
789 0.608185 0.218554 0.0505279
790 0.608185 0.179058 0.0506727
791 0.608185 0.192566 0.049206
792 0.608185 0.186914 0.0528866
793 0.608185 0.228036 0.0533835
794 0.608185 0.187879 0.0510393
795 0.608185 0.226394 0.053014
796 0.608185 0.209598 0.0564104
797 0.608185 0.199562 0.0583299
798 0.608185 0.201066 0.0531271
799 0.608185 0.210011 0.0556438
800 0.608185 0.205917 0.0578094
801 0.608185 0.230643 0.0581158
802 0.608185 0.226144 0.0537317
803 0.608185 0.228593 0.0567782
804 0.608185 0.243272 0.059448
805 0.608185 0.210933 0.0544463
806 0.610356 0.183852 0.0570208
807 0.610356 0.208502 0.0587398
808 0.610356 0.224283 0.0595991
809 0.610356 0.186811 0.0567499
810 0.610356 0.172398 0.0527054
811 0.610356 0.208953 0.0539667
812 0.610356 0.213592 0.0544492
813 0.610356 0.205428 0.0573214
814 0.610356 0.182367 0.0562566
815 0.610356 0.17707 0.053797
816 0.610356 0.196186 0.0621665
817 0.610356 0.214993 0.064701
818 0.610356 0.204738 0.0603233
819 0.610356 0.187641 0.0537373
820 0.610356 0.19821 0.0596389
821 0.610356 0.175035 0.0554216
822 0.610356 0.196293 0.060175
823 0.610356 0.21702 0.0553495
824 0.610356 0.229494 0.0543652
825 0.610356 0.255858 0.0533089
826 0.610356 0.230012 0.0557725
827 0.610356 0.248246 0.0567674
828 0.610356 0.194566 0.0533298
829 0.610356 0.229164 0.0570885
830 0.610356 0.242792 0.0624318
831 0.610356 0.227477 0.0597585
832 0.610356 0.220456 0.0536293
833 0.610356 0.223724 0.0528157
834 0.610356 0.211809 0.0512268
835 0.610356 0.263619 0.0556015
836 0.610356 0.26983 0.0571071
837 0.610356 0.260271 0.0569545
838 0.610356 0.26418 0.0550392
839 0.610356 0.244562 0.0535963
840 0.610356 0.254427 0.0556276
841 0.610356 0.263701 0.0558933
842 0.610356 0.258845 0.0595557
843 0.610356 0.259014 0.0547837
844 0.610356 0.222729 0.0537768
845 0.610356 0.228641 0.0529733
846 0.610356 0.220413 0.0546317
847 0.610356 0.220679 0.0545099
848 0.610356 0.249785 0.0601455
849 0.610356 0.242565 0.0566768
850 0.610356 0.207605 0.0512951
851 0.610356 0.18302 0.0497913
852 0.610356 0.209675 0.0546732
853 0.610356 0.219711 0.0540512
854 0.610356 0.243975 0.0564851
855 0.610356 0.233404 0.0555086
856 0.610356 0.228277 0.0512296
857 0.610356 0.224288 0.0561246
858 0.610356 0.218435 0.0544529
859 0.610356 0.253462 0.055502
860 0.610356 0.252787 0.0530621
861 0.610356 0.235656 0.0527631
862 0.610356 0.258933 0.0535027
863 0.610356 0.272327 0.0560873
864 0.610356 0.278398 0.0585455
865 0.610356 0.279721 0.0591979
866 0.610356 0.259885 0.055672
867 0.610356 0.249096 0.059451
868 0.610356 0.238406 0.0546396
869 0.610356 0.230148 0.0551162
870 0.610356 0.203312 0.0560239
871 0.610356 0.205563 0.0501403
872 0.610356 0.194401 0.0548705
873 0.610356 0.204145 0.0534217
874 0.610356 0.226314 0.0585499
875 0.610356 0.244244 0.0603383
876 0.610356 0.24085 0.0597254
877 0.610356 0.245991 0.0613392
878 0.610356 0.215775 0.0533441
879 0.610356 0.23863 0.0547666
880 0.610356 0.2538 0.0519825
881 0.610356 0.235727 0.0541661
882 0.610356 0.238332 0.0531437
883 0.610356 0.221421 0.0574944
884 0.610356 0.229049 0.0568761
885 0.610356 0.210968 0.0563969
886 0.610356 0.225287 0.0581746
887 0.610356 0.263192 0.0574822
888 0.610356 0.251572 0.0541533
889 0.610356 0.244754 0.0461359
890 0.610356 0.2599 0.049098
891 0.610356 0.220094 0.052006
892 0.610356 0.24035 0.0499157
893 0.610356 0.257035 0.0543786
894 0.610356 0.282843 0.0573996
895 0.610356 0.248429 0.0562019
896 0.610852 0.256912 0.059925
897 0.610852 0.240383 0.0551062
898 0.610852 0.260567 0.0581731
899 0.610852 0.264907 0.0532271
900 0.610852 0.232669 0.0522685
901 0.610852 0.245985 0.0592144
902 0.610852 0.248202 0.0592954
903 0.610852 0.246451 0.0587993
904 0.610852 0.214504 0.0605224
905 0.610852 0.23673 0.0588495
906 0.610852 0.206353 0.0578518
907 0.610852 0.194441 0.0576063
908 0.610852 0.243254 0.0649216
909 0.610852 0.222028 0.0615416
910 0.610852 0.205629 0.0579932
911 0.610852 0.197568 0.054275
912 0.61094 0.232768 0.0554167
913 0.61094 0.228144 0.0532067
914 0.61094 0.236235 0.0511785
915 0.61094 0.23091 0.0554358
916 0.61094 0.229208 0.0551938
917 0.61094 0.250766 0.0559208
918 0.61094 0.245876 0.0536089
919 0.61094 0.246209 0.0566954
920 0.61094 0.252249 0.0521177
921 0.61094 0.237102 0.054753
922 0.61094 0.243218 0.0539516
923 0.61094 0.276892 0.0488139
924 0.61094 0.283843 0.0531572
925 0.61094 0.264973 0.0567067
926 0.61094 0.262298 0.051049
927 0.61094 0.250974 0.0593887
928 0.61094 0.256406 0.0617966
929 0.61094 0.237946 0.0604631
930 0.61094 0.226084 0.0533251
931 0.61094 0.197383 0.0556288
932 0.61094 0.219333 0.0570132
933 0.61094 0.262866 0.0575806
934 0.61094 0.267842 0.0570598
935 0.61094 0.199736 0.0497098
936 0.61094 0.233932 0.0575349
937 0.61094 0.226831 0.0552434
938 0.61094 0.231956 0.055387
939 0.61094 0.231223 0.0534359
940 0.61094 0.241571 0.0545011
941 0.61094 0.22019 0.05434
942 0.61094 0.233393 0.0585078
943 0.61094 0.22027 0.0584038
944 0.61094 0.23199 0.0556256
945 0.61094 0.246442 0.0595212
946 0.61094 0.26201 0.0605991
947 0.61094 0.258906 0.0541274
948 0.61094 0.257783 0.0563416
949 0.61094 0.26275 0.0570401
950 0.61094 0.240566 0.0530034
951 0.61094 0.276102 0.0573234
952 0.61094 0.26116 0.0536956
953 0.61094 0.252265 0.05164
954 0.61094 0.230327 0.0526913
955 0.61094 0.231992 0.0547659
956 0.61094 0.212778 0.0564705
957 0.61094 0.237008 0.0580009
958 0.61094 0.215468 0.0567562
959 0.61094 0.206766 0.0548914
960 0.61094 0.219468 0.0575385
961 0.61094 0.217311 0.0586434
962 0.61094 0.20961 0.05689
963 0.61094 0.207609 0.0595971
964 0.61094 0.180471 0.05709
965 0.61094 0.192937 0.057579
966 0.61094 0.203046 0.0552796
967 0.61094 0.180615 0.0525269
968 0.61094 0.212757 0.0563563
969 0.61094 0.238594 0.0584302
970 0.61094 0.221593 0.0498744
971 0.61094 0.222205 0.0509935
972 0.61094 0.230572 0.0528107
973 0.61094 0.252329 0.0534012
974 0.61094 0.245064 0.0533333
975 0.61094 0.226734 0.053094
976 0.61094 0.236016 0.0584146
977 0.61094 0.227152 0.0535473
978 0.61094 0.251656 0.0538688
979 0.61094 0.223475 0.0536917
980 0.61094 0.280251 0.0574151
981 0.61094 0.285579 0.0566266
982 0.61094 0.269889 0.0529315
983 0.61094 0.218574 0.0546763
984 0.61094 0.254145 0.052809
985 0.61094 0.257977 0.0514728
986 0.61094 0.23195 0.0503818
987 0.61094 0.237818 0.0563535
988 0.61094 0.24529 0.0612395
989 0.61094 0.251238 0.0550979
990 0.61094 0.248733 0.0522126
991 0.61094 0.24712 0.0490291
992 0.61094 0.238623 0.0517876
993 0.61094 0.237062 0.0579308
994 0.61094 0.206694 0.0583915
995 0.61094 0.196453 0.0551043
996 0.61094 0.220505 0.0567492
997 0.61094 0.239824 0.0574272
998 0.61094 0.243605 0.0573634
999 0.61094 0.222587 0.0545675
1000 0.61094 0.236355 0.0578348
