0 0.125272 0.0489874 0.0037448
1 0.125273 0.059133 0.00390614
2 0.125273 0.0752388 0.00377333
3 0.125273 0.0831555 0.00346909
4 0.125273 0.0852155 0.00342122
5 0.125273 0.0803876 0.00360169
6 0.125273 0.0877492 0.00329877
7 0.125276 0.0943033 0.00289445
8 0.125276 0.102183 0.00233087
9 0.125276 0.101628 0.00239007
10 0.125276 0.106424 0.00200868
11 0.125276 0.102755 0.00230744
12 0.125277 0.109022 0.00175946
13 0.125277 0.10774 0.00188096
14 0.125277 0.107697 0.00189307
15 0.125277 0.108886 0.00178892
16 0.125277 0.11025 0.00164472
17 0.125277 0.108382 0.00178376
18 0.125277 0.111411 0.00154056
19 0.125278 0.114312 0.00121336
20 0.125278 0.111864 0.00144944
21 0.125278 0.113067 0.00133619
22 0.125278 0.112711 0.00141024
23 0.125278 0.11533 0.00111949
24 0.125278 0.120223 0.000588973
25 0.125278 0.111493 0.00152409
26 0.125278 0.114829 0.00114997
27 0.125278 0.116394 0.00102711
28 0.125278 0.118894 0.000751407
29 0.125278 0.117641 0.000892259
30 0.125278 0.112751 0.00139949
31 0.125278 0.116398 0.00102963
32 0.125278 0.108944 0.00177241
33 0.125278 0.110286 0.00163862
34 0.125278 0.116404 0.00102637
35 0.125278 0.114635 0.0011469
36 0.125278 0.113906 0.00129175
37 0.125278 0.121416 0.000456753
38 0.125278 0.120155 0.000606647
39 0.125278 0.121404 0.000458477
40 0.125278 0.122655 0.000309544
41 0.125278 0.125155 5.82294e-09
42 0.125278 0.123903 0.000156644
43 0.125278 0.121425 0.000452893
44 0.125278 0.122651 0.000309402
45 0.125278 0.122647 0.000310095
46 0.125278 0.123434 0.000176567
47 0.125278 0.123901 0.000156638
48 0.125278 0.123907 0.000155555
49 0.125278 0.123895 0.000156622
50 0.125278 0.122653 0.000310121
51 0.125278 0.121777 0.000381578
52 0.125278 0.122655 0.000310135
53 0.125278 0.123899 0.000156633
54 0.125278 0.12391 0.000156661
55 0.125278 0.123903 0.000156644
56 0.125278 0.123914 0.00015667
57 0.125278 0.125165 6.09122e-09
58 0.125278 0.123902 0.000156641
59 0.125278 0.122645 0.000310081
60 0.125278 0.125154 7.44262e-09
61 0.125278 0.125164 6.33558e-09
62 0.125278 0.125163 7.0393e-09
63 0.125278 0.125162 6.73829e-09
64 0.125278 0.12514 8.02e-09
65 0.125278 0.12391 0.000156661
66 0.125278 0.122659 0.000310156
67 0.125278 0.121406 0.000460472
68 0.125278 0.125151 7.26922e-09
69 0.125278 0.123905 0.00015665
70 0.125278 0.123911 0.000156664
71 0.125278 0.1239 0.000156636
72 0.125278 0.123893 0.00015662
73 0.125278 0.125153 7.18082e-09
74 0.125278 0.125146 8.62865e-09
75 0.125278 0.12516 7.26921e-09
76 0.125278 0.125152 8.2563e-09
77 0.125278 0.125159 7.53881e-09
78 0.125278 0.125148 7.39391e-09
79 0.125278 0.125151 7.26748e-09
80 0.125278 0.125164 7.28562e-09
81 0.125278 0.123921 0.000156687
82 0.125278 0.123913 0.000156669
83 0.125278 0.121386 0.000460321
84 0.125278 0.122649 0.000310105
85 0.125278 0.122659 0.000310156
86 0.125278 0.123906 0.000156652
87 0.125278 0.121393 0.000460372
88 0.125278 0.122644 0.000310077
89 0.125278 0.120144 0.00060752
90 0.125278 0.12013 0.000607382
91 0.125278 0.121399 0.000460421
92 0.125278 0.120144 0.00060752
93 0.125278 0.118884 0.000751383
94 0.125278 0.118904 0.000751632
95 0.125278 0.120158 0.00060766
96 0.125278 0.122659 0.000310151
97 0.125278 0.123897 0.00015663
98 0.125278 0.123892 0.000156617
99 0.125278 0.123856 0.000156709
100 0.125278 0.121396 0.000459833
101 0.125278 0.123909 0.00015666
102 0.125278 0.124037 0.000126321
103 0.125278 0.123897 0.000156628
104 0.125278 0.122662 0.000310171
105 0.125278 0.122641 0.000310063
106 0.125278 0.125154 6.38146e-09
107 0.125278 0.123893 0.000156617
108 0.125278 0.123899 0.000156634
109 0.125278 0.123894 0.000156621
110 0.125278 0.122654 0.00031013
111 0.125278 0.123897 0.00015663
112 0.125278 0.123913 0.000156667
113 0.125278 0.123904 0.000156646
114 0.125278 0.123907 0.000156654
115 0.125278 0.125148 8.70915e-09
116 0.125278 0.125162 7.45462e-09
117 0.125278 0.125156 7.53367e-09
118 0.125278 0.125144 6.66091e-09
119 0.125278 0.125147 6.84848e-09
120 0.125278 0.125156 7.094e-09
121 0.125278 0.123905 0.000156649
122 0.125278 0.125166 6.65021e-09
123 0.125278 0.125156 7.57749e-09
124 0.125278 0.123906 0.000156651
125 0.125278 0.123907 0.000156655
126 0.125278 0.122731 0.00029661
127 0.125278 0.122648 0.000309944
128 0.125278 0.1239 0.000156635
129 0.125278 0.125165 6.05849e-09
130 0.125278 0.125165 6.79341e-09
131 0.125278 0.125162 7.24354e-09
132 0.125278 0.125171 7.053e-09
133 0.125278 0.125142 7.07751e-09
134 0.125278 0.125167 6.61591e-09
135 0.125278 0.123911 0.000156665
136 0.125278 0.122667 0.000310195
137 0.125278 0.123923 0.000156694
138 0.125278 0.123909 0.000156657
139 0.125278 0.12391 0.000156662
140 0.125278 0.125163 7.31592e-09
141 0.125278 0.123906 0.000156652
142 0.125278 0.122657 0.000310142
143 0.125278 0.123912 0.000156667
144 0.125278 0.12265 0.000310109
145 0.125278 0.122672 0.000310221
146 0.125278 0.125156 7.64748e-09
147 0.125278 0.125168 7.86374e-09
148 0.125278 0.123897 0.000156632
149 0.125278 0.123903 0.000156644
150 0.125278 0.123889 0.000156611
151 0.125278 0.125155 9.04604e-09
152 0.125278 0.12516 6.95193e-09
153 0.125278 0.125166 6.76825e-09
154 0.125278 0.125161 6.52135e-09
155 0.125278 0.125159 6.76888e-09
156 0.125278 0.12516 7.3939e-09
157 0.125278 0.125173 6.24891e-09
158 0.125278 0.121415 0.000460539
159 0.125278 0.123915 0.000156676
160 0.125278 0.123918 0.000156681
161 0.125278 0.123917 0.000156681
162 0.125278 0.123907 0.000156655
163 0.125278 0.125165 7.62096e-09
164 0.125278 0.122704 0.000298248
165 0.125278 0.125145 7.63095e-09
166 0.125278 0.125151 8.02687e-09
167 0.125278 0.125158 7.76475e-09
168 0.125278 0.125162 8.4647e-09
169 0.125278 0.122664 0.000310178
170 0.125278 0.121408 0.000460484
171 0.125278 0.118914 0.000751764
172 0.125278 0.120162 0.0006077
173 0.125278 0.123897 0.000156628
174 0.125278 0.125155 8.77915e-09
175 0.125278 0.123922 0.00015669
176 0.125278 0.123915 0.000156673
177 0.125278 0.123917 0.000156679
178 0.125278 0.125156 8.0449e-09
179 0.125278 0.123911 0.000156664
180 0.125278 0.12389 0.000156613
181 0.125278 0.123908 0.000156657
182 0.125278 0.123899 0.000156633
183 0.125278 0.125164 6.0411e-09
184 0.125278 0.125166 7.24182e-09
185 0.125278 0.125157 7.44613e-09
186 0.125278 0.123928 0.000150667
187 0.125278 0.123925 0.000152282
188 0.125278 0.122778 0.000282077
189 0.125278 0.122404 0.000286701
190 0.125278 0.121433 0.000456334
191 0.125278 0.122685 0.000302447
192 0.125278 0.121486 0.000441422
193 0.125278 0.122658 0.000310149
194 0.125278 0.122664 0.000310179
195 0.125278 0.122658 0.000310147
196 0.125278 0.122657 0.000310146
197 0.125278 0.120153 0.000607612
198 0.125278 0.121409 0.000460493
199 0.125278 0.122658 0.000310147
200 0.125278 0.121411 0.000460507
201 0.125278 0.121406 0.000460468
202 0.125278 0.120158 0.000607666
203 0.125278 0.121413 0.000460526
204 0.125278 0.119165 0.000698405
205 0.125278 0.123908 0.000156655
206 0.125278 0.125151 7.57476e-09
207 0.125278 0.125153 6.83981e-09
208 0.125278 0.125158 6.61077e-09
209 0.125278 0.125153 7.04826e-09
210 0.125278 0.123908 0.000156656
211 0.125278 0.123902 0.000156641
212 0.125278 0.122662 0.000310169
213 0.125278 0.125162 7.35781e-09
214 0.125278 0.123918 0.000156681
215 0.125278 0.12517 6.91346e-09
216 0.125278 0.125163 6.36106e-09
217 0.125278 0.12516 8.10867e-09
218 0.125278 0.125164 7.91625e-09
219 0.125278 0.125151 8.96735e-09
220 0.125278 0.125156 7.46309e-09
221 0.125278 0.125166 8.63551e-09
222 0.125278 0.125161 7.78439e-09
223 0.125278 0.123904 0.000156647
224 0.125278 0.125172 7.52328e-09
225 0.125278 0.125155 7.65676e-09
226 0.125278 0.123911 0.000156663
227 0.125278 0.123902 0.000156642
228 0.125278 0.125165 7.11055e-09
229 0.125278 0.123909 0.000156659
230 0.125278 0.123923 0.000156695
231 0.125278 0.123918 0.00015668
232 0.125278 0.122673 0.000310226
233 0.125278 0.121409 0.000460492
234 0.125278 0.122673 0.000310226
235 0.125278 0.123908 0.000156656
236 0.125278 0.123905 0.000156649
237 0.125278 0.122655 0.000310134
238 0.125278 0.12266 0.00031016
239 0.125278 0.125144 8.04536e-09
240 0.125278 0.125156 6.48879e-09
241 0.125278 0.125154 7.25629e-09
242 0.125278 0.123914 0.000156673
243 0.125278 0.12516 6.48503e-09
244 0.125278 0.125146 6.42932e-09
245 0.125278 0.125148 6.67073e-09
246 0.125278 0.125159 7.37295e-09
247 0.125278 0.125151 6.75909e-09
248 0.125278 0.125145 8.08853e-09
249 0.125278 0.123985 0.000133745
250 0.125278 0.1239 0.000156635
251 0.125278 0.125164 5.86226e-09
252 0.125278 0.125154 6.70867e-09
253 0.125278 0.123907 0.000156654
254 0.125278 0.125155 6.70561e-09
255 0.125278 0.125159 6.50239e-09
256 0.125278 0.12517 6.74545e-09
257 0.125278 0.123921 0.000156606
258 0.125278 0.122688 0.00030249
259 0.125278 0.123914 0.000156618
260 0.125278 0.123918 0.000156681
261 0.125278 0.122658 0.000310147
262 0.125278 0.123915 0.000152445
263 0.125278 0.125172 6.56816e-09
264 0.125279 0.125166 5.77035e-09
265 0.125279 0.125158 6.5656e-09
266 0.125279 0.123899 0.000156634
267 0.125279 0.125155 7.01244e-09
268 0.125279 0.125164 6.42417e-09
269 0.125279 0.123906 0.00015665
270 0.125279 0.123915 0.000156674
271 0.125279 0.125153 7.28146e-09
272 0.125279 0.125164 7.12146e-09
273 0.125279 0.123911 0.000156664
274 0.125279 0.123909 0.000156659
275 0.125279 0.125143 7.8442e-09
276 0.125279 0.122664 0.000310176
277 0.125279 0.1239 0.000156636
278 0.125279 0.123918 0.00015668
279 0.125279 0.125158 7.64776e-09
280 0.125279 0.125154 6.54958e-09
281 0.125279 0.125164 6.00855e-09
282 0.125279 0.123918 0.00015668
283 0.125279 0.122655 0.000310131
284 0.125279 0.122669 0.000310202
285 0.125279 0.123909 0.000156658
286 0.125279 0.12516 6.8266e-09
287 0.125279 0.123912 0.000156593
288 0.125279 0.123909 0.000156659
289 0.125279 0.125171 6.6936e-09
290 0.125279 0.125165 7.2087e-09
291 0.125279 0.123908 0.000156656
292 0.125279 0.12391 0.00015666
293 0.125279 0.121407 0.000460476
294 0.125279 0.122704 0.000298988
295 0.125279 0.12392 0.000156686
296 0.125279 0.1214 0.000460423
297 0.125279 0.121414 0.000460532
298 0.125279 0.122654 0.000310131
299 0.125279 0.123918 0.00015668
300 0.125279 0.125162 6.72655e-09
301 0.125279 0.123913 0.000156668
302 0.125279 0.12141 0.000460503
303 0.125279 0.123915 0.000156675
304 0.125279 0.123925 0.000156699
305 0.125279 0.125166 6.36893e-09
306 0.125279 0.125164 6.24706e-09
307 0.125279 0.125153 7.60091e-09
308 0.125279 0.123901 0.000156638
309 0.125279 0.12265 0.000310106
310 0.125279 0.123908 0.000156655
311 0.125279 0.122649 0.000310105
312 0.125279 0.125149 6.65649e-09
313 0.125279 0.123906 0.00015665
314 0.125279 0.123903 0.000156643
315 0.125279 0.125148 6.7635e-09
316 0.125279 0.12515 6.90852e-09
317 0.125279 0.125168 6.01635e-09
318 0.125279 0.122741 0.000290053
319 0.125279 0.123918 0.000156682
320 0.125279 0.125166 6.11966e-09
321 0.125279 0.125174 6.23858e-09
322 0.125279 0.12517 6.40513e-09
323 0.125279 0.125163 6.26856e-09
324 0.125279 0.125168 7.48088e-09
325 0.125279 0.122683 0.000302415
326 0.125279 0.122737 0.000289334
327 0.125279 0.120506 0.000532328
328 0.125279 0.120181 0.00060165
329 0.125279 0.120473 0.000538601
330 0.125279 0.122714 0.000296356
331 0.125279 0.122668 0.000307167
332 0.125279 0.124008 0.000132176
333 0.125279 0.125156 6.16953e-09
334 0.125279 0.12515 8.00636e-09
335 0.125279 0.125152 8.1787e-09
336 0.125279 0.125168 7.38132e-09
337 0.125279 0.123911 0.000156664
338 0.125279 0.125153 7.40337e-09
339 0.125279 0.123901 0.00015664
340 0.125279 0.125166 7.94568e-09
341 0.125279 0.125156 7.97393e-09
342 0.125279 0.125163 6.92521e-09
343 0.125279 0.125156 7.69773e-09
344 0.125279 0.123894 0.000156621
345 0.125279 0.123909 0.000156658
346 0.125279 0.122656 0.000310127
347 0.125279 0.123919 0.000156673
348 0.125279 0.123938 0.000145275
349 0.125279 0.123993 0.000135552
350 0.125279 0.123908 0.000156656
351 0.125279 0.123909 0.000156658
352 0.125279 0.1239 0.000156636
353 0.125279 0.1239 0.000156636
354 0.125279 0.122655 0.000310132
355 0.125279 0.120143 0.000607518
356 0.125279 0.120154 0.000607628
357 0.125279 0.125155 7.49743e-09
358 0.125279 0.122642 0.000310067
359 0.125279 0.123044 0.000229274
360 0.125279 0.121494 0.000439825
361 0.125279 0.123947 0.000146558
362 0.125279 0.122687 0.000302487
363 0.125279 0.122664 0.000308185
364 0.125279 0.123911 0.000156664
365 0.125279 0.123925 0.000156698
366 0.125279 0.123913 0.00015667
367 0.125279 0.123911 0.000156665
368 0.125279 0.123908 0.000156657
369 0.125279 0.125159 7.10194e-09
370 0.125279 0.123897 0.000156628
371 0.125279 0.122656 0.000310137
372 0.125279 0.12141 0.000460498
373 0.125279 0.120154 0.000607628
374 0.125279 0.122669 0.000310206
375 0.125279 0.123904 0.000156646
376 0.125279 0.125158 6.88986e-09
377 0.125279 0.121403 0.000460446
378 0.125279 0.122653 0.000310123
379 0.125279 0.125155 6.42074e-09
380 0.125279 0.122668 0.000310197
381 0.125279 0.122591 0.000310185
382 0.125279 0.122663 0.000310172
383 0.125279 0.118912 0.000748127
384 0.125279 0.120383 0.000555967
385 0.125279 0.118901 0.00075144
386 0.125279 0.118929 0.000745769
387 0.125279 0.122667 0.000310193
388 0.125279 0.123903 0.000156642
389 0.125279 0.123923 0.000152743
390 0.125279 0.123909 0.000152503
391 0.125279 0.122707 0.000298186
392 0.125279 0.125164 7.16032e-09
393 0.125279 0.123915 0.000156039
394 0.125279 0.125154 7.59246e-09
395 0.125279 0.123923 0.000152488
396 0.125279 0.123912 0.000153775
397 0.125279 0.122652 0.000308608
398 0.125279 0.120354 0.000559242
399 0.125279 0.12264 0.00031006
400 0.125279 0.123893 0.000156617
401 0.125279 0.122658 0.00031015
402 0.125279 0.123912 0.000156665
403 0.125279 0.125149 8.5022e-09
404 0.125279 0.12265 0.000310109
405 0.125279 0.120163 0.000605857
406 0.125279 0.123896 0.000156625
407 0.125279 0.121924 0.000360416
408 0.125279 0.123911 0.000156663
409 0.125279 0.122664 0.000310177
410 0.125279 0.122667 0.000310192
411 0.125279 0.123917 0.000156679
412 0.125279 0.123907 0.000156652
413 0.125279 0.123902 0.000156642
414 0.125279 0.125166 5.89881e-09
415 0.125279 0.123911 0.000156073
416 0.125279 0.123916 0.000156087
417 0.125279 0.125159 7.58546e-09
418 0.125279 0.123909 0.000156659
419 0.125279 0.122891 0.000256015
420 0.125279 0.123906 0.000156652
421 0.125279 0.12391 0.000156661
422 0.125279 0.122665 0.000308644
423 0.125279 0.123909 0.000154857
424 0.125279 0.125145 6.58196e-09
425 0.125279 0.123919 0.000156683
426 0.125279 0.121412 0.000460245
427 0.125279 0.122651 0.000309416
428 0.125279 0.123903 0.000156645
429 0.125279 0.125164 7.0228e-09
430 0.125279 0.12265 0.000310111
431 0.125279 0.123898 0.000156632
432 0.125279 0.123902 0.000156642
433 0.125279 0.121396 0.000460397
434 0.125279 0.122662 0.000310172
435 0.125279 0.122653 0.000310126
436 0.125279 0.121403 0.000460445
437 0.125279 0.118895 0.000751528
438 0.125279 0.118908 0.000751693
439 0.125279 0.121398 0.000460409
440 0.125279 0.122651 0.000310112
441 0.125279 0.120157 0.000607655
442 0.125279 0.11891 0.000751716
443 0.125279 0.120161 0.000607691
444 0.125279 0.118909 0.000751705
445 0.125279 0.118893 0.000751505
446 0.125279 0.121404 0.000460456
447 0.125279 0.122656 0.000310138
448 0.125279 0.121395 0.000460385
449 0.125279 0.120169 0.000605566
450 0.125279 0.120992 0.000472385
451 0.125279 0.120165 0.000604261
452 0.125279 0.121388 0.000460336
453 0.125279 0.12014 0.000607482
454 0.125279 0.120146 0.000607548
455 0.125279 0.122654 0.000310127
456 0.125279 0.122654 0.000310129
457 0.125279 0.123922 0.000153952
458 0.125279 0.122662 0.00030948
459 0.125279 0.125157 7.45903e-09
460 0.125279 0.125168 7.77712e-09
461 0.125279 0.125158 7.59587e-09
462 0.125279 0.125167 7.59339e-09
463 0.125279 0.122658 0.000310149
464 0.125279 0.121392 0.000460361
465 0.125279 0.123901 0.000156641
466 0.125279 0.122656 0.000310141
467 0.125279 0.1239 0.000156637
468 0.125279 0.123906 0.000156652
469 0.125279 0.123903 0.000156644
470 0.125279 0.125164 7.61795e-09
471 0.125279 0.12516 7.66994e-09
472 0.125279 0.125166 7.02901e-09
473 0.125279 0.125162 7.24482e-09
474 0.125279 0.123906 0.00015665
475 0.125279 0.125146 7.37447e-09
476 0.125279 0.123903 0.000156643
477 0.125279 0.123898 0.000156632
478 0.125279 0.122668 0.000310198
479 0.125279 0.123907 0.000156653
480 0.125279 0.123919 0.000156684
481 0.125279 0.122674 0.000301698
482 0.125279 0.122887 0.000256018
483 0.125279 0.121442 0.000451524
484 0.125279 0.120289 0.000577496
485 0.125279 0.122888 0.000258813
486 0.125279 0.124374 6.24455e-05
487 0.125279 0.123912 0.000155964
488 0.125279 0.123455 0.000175711
489 0.125279 0.12267 0.000306571
490 0.125279 0.125161 7.54833e-09
491 0.125279 0.124229 8.78059e-05
492 0.125279 0.122731 0.000290243
493 0.125279 0.121506 0.000438069
494 0.125279 0.123915 0.000156675
495 0.125279 0.125164 7.22334e-09
496 0.125279 0.125171 5.90329e-09
497 0.125279 0.123914 0.00015667
498 0.125279 0.121407 0.000460475
499 0.125279 0.123902 0.000156641
500 0.125279 0.122642 0.000310068
501 0.125279 0.121406 0.000460474
502 0.125279 0.120163 0.000607711
503 0.125279 0.123903 0.000156643
504 0.125279 0.123913 0.000156667
505 0.125279 0.123908 0.000156657
506 0.125279 0.123903 0.000156645
507 0.125279 0.125151 7.92134e-09
508 0.125279 0.123939 0.000148972
509 0.125279 0.124001 0.000135368
510 0.125279 0.122763 0.000285696
511 0.125279 0.122803 0.000274764
512 0.125279 0.122655 0.000310135
513 0.125279 0.122663 0.000310176
514 0.125279 0.123916 0.000156676
515 0.125279 0.123947 0.000146714
516 0.125279 0.124051 0.000121623
517 0.125279 0.125152 7.71581e-09
518 0.125279 0.125153 6.83543e-09
519 0.125279 0.122651 0.000310115
520 0.125279 0.122675 0.000304077
521 0.125279 0.121406 0.000458422
522 0.125279 0.11891 0.000751718
523 0.125279 0.123909 0.00015666
524 0.125279 0.121415 0.000460541
525 0.125279 0.121412 0.000460512
526 0.125279 0.120163 0.000607712
527 0.125279 0.121401 0.000460435
528 0.125279 0.120159 0.000607673
529 0.125279 0.118909 0.000750418
530 0.125279 0.120217 0.000594114
531 0.125279 0.117661 0.00089145
532 0.125279 0.118916 0.000749548
533 0.125279 0.121401 0.00045846
534 0.125279 0.12281 0.000274798
535 0.125279 0.122641 0.000310067
536 0.125279 0.122667 0.000310194
537 0.125279 0.123921 0.000153264
538 0.125279 0.123915 0.000156675
539 0.125279 0.125175 7.42995e-09
540 0.125279 0.125149 8.32452e-09
541 0.125279 0.125172 7.43931e-09
542 0.125279 0.125159 7.31915e-09
543 0.125279 0.125158 8.04692e-09
544 0.125279 0.123919 0.000156684
545 0.125279 0.123908 0.000156657
546 0.125279 0.123908 0.000156656
547 0.125279 0.122653 0.000310126
548 0.125279 0.122648 0.000310102
549 0.125279 0.125157 8.49424e-09
550 0.125279 0.123906 0.000156651
551 0.125279 0.123914 0.000156672
552 0.125279 0.123923 0.000156693
553 0.125279 0.1239 0.000156637
554 0.125279 0.121396 0.000460393
555 0.125279 0.122658 0.000310146
556 0.125279 0.123912 0.000156665
557 0.125279 0.123922 0.000156692
558 0.125279 0.125163 8.18759e-09
559 0.125279 0.125167 6.8592e-09
560 0.125279 0.12515 7.46446e-09
561 0.125279 0.121494 0.000438439
562 0.125279 0.12017 0.00060421
563 0.125279 0.120162 0.000607707
564 0.125279 0.118904 0.000751643
565 0.125279 0.118908 0.00075169
566 0.125279 0.121416 0.000460542
567 0.125279 0.120159 0.000607679
568 0.125279 0.118906 0.00075166
569 0.125279 0.121408 0.000460484
570 0.125279 0.121404 0.000460271
571 0.125279 0.118912 0.000749632
572 0.125279 0.117661 0.000888541
573 0.125279 0.117659 0.000890156
574 0.125279 0.120157 0.000607659
575 0.125279 0.121406 0.000460471
576 0.125279 0.123911 0.000156665
577 0.125279 0.122662 0.000310171
578 0.125279 0.12391 0.000156662
579 0.125279 0.121406 0.000460472
580 0.125279 0.123912 0.000156667
581 0.125279 0.125169 7.9009e-09
582 0.125279 0.125168 6.97735e-09
583 0.125279 0.125162 7.4893e-09
584 0.125279 0.125153 8.12691e-09
585 0.125279 0.125153 6.39115e-09
586 0.125279 0.125155 7.27417e-09
587 0.125279 0.125166 6.00112e-09
588 0.125279 0.123939 0.000153359
589 0.125279 0.123925 0.000153323
590 0.125279 0.123976 0.000135634
591 0.125279 0.123913 0.000156669
592 0.125279 0.123913 0.000156668
593 0.125279 0.125166 7.30862e-09
594 0.125279 0.123901 0.000156638
595 0.125279 0.125149 7.50518e-09
596 0.125279 0.125156 7.24596e-09
597 0.125279 0.123913 0.000156669
598 0.125279 0.12141 0.000460502
599 0.125279 0.122649 0.000310104
600 0.125279 0.122667 0.000310191
601 0.125279 0.122658 0.000310147
602 0.125279 0.125154 8.05228e-09
603 0.125279 0.125175 6.29972e-09
604 0.125279 0.125163 7.44416e-09
605 0.125279 0.123906 0.000156651
606 0.125279 0.123889 0.00015661
607 0.125279 0.122661 0.000310163
608 0.125279 0.122651 0.000310113
609 0.125279 0.123906 0.00015665
610 0.125279 0.122653 0.000310123
611 0.125279 0.123951 0.000144408
612 0.125279 0.122664 0.000306085
613 0.125279 0.123914 0.000156671
614 0.125279 0.122665 0.000310183
615 0.125279 0.121404 0.000460453
616 0.125279 0.123907 0.000156654
617 0.125279 0.125158 8.49295e-09
618 0.125279 0.124906 6.48395e-06
619 0.125279 0.123911 0.000156663
620 0.125279 0.121427 0.000457475
621 0.125279 0.122658 0.000310148
622 0.125279 0.123915 0.000156673
623 0.125279 0.122659 0.000310155
624 0.125279 0.123909 0.000156658
625 0.125279 0.122641 0.000310062
626 0.125279 0.125159 8.03201e-09
627 0.125279 0.123905 0.000156649
628 0.125279 0.125155 6.91516e-09
629 0.125279 0.125145 7.06622e-09
630 0.125279 0.125149 6.70471e-09
631 0.125279 0.125158 7.02382e-09
632 0.125279 0.123911 0.000156662
633 0.125279 0.125162 6.41571e-09
634 0.125279 0.12516 6.07596e-09
635 0.125279 0.125157 6.98882e-09
636 0.125279 0.121398 0.000460409
637 0.125279 0.121397 0.000459552
638 0.125279 0.120153 0.000607616
639 0.125279 0.123902 0.000156641
640 0.125279 0.122648 0.000310072
641 0.125279 0.123941 0.000149825
642 0.125279 0.123918 0.00015668
643 0.125279 0.122673 0.000310223
644 0.125279 0.125167 5.74922e-09
645 0.125279 0.121547 0.000427487
646 0.125279 0.125167 6.98979e-09
647 0.125279 0.125162 6.39588e-09
648 0.125279 0.12517 6.6195e-09
649 0.125279 0.125179 6.36118e-09
650 0.125279 0.123921 0.000156689
651 0.125279 0.123911 0.000156665
652 0.125279 0.122709 0.000296195
653 0.125279 0.123932 0.000156716
654 0.125279 0.123907 0.000156656
655 0.125279 0.123916 0.000156677
656 0.125279 0.125167 7.88028e-09
657 0.125279 0.12517 6.92458e-09
658 0.125279 0.125161 7.7812e-09
659 0.125279 0.123892 0.000156617
660 0.125279 0.125163 7.31616e-09
661 0.125279 0.1239 0.000156636
662 0.125279 0.123917 0.00015668
663 0.125279 0.123902 0.000156641
664 0.125279 0.122664 0.000310177
665 0.125279 0.121415 0.000460536
666 0.125279 0.122673 0.000310222
667 0.125279 0.123902 0.00015664
668 0.125279 0.125158 7.95035e-09
669 0.125279 0.125162 7.86956e-09
670 0.125279 0.123922 0.000156692
671 0.125279 0.125165 7.42755e-09
672 0.125279 0.125168 7.15279e-09
673 0.125279 0.125173 6.49766e-09
674 0.125279 0.123918 0.000154453
675 0.125279 0.125155 8.03261e-09
676 0.125279 0.122649 0.000310106
677 0.125279 0.121385 0.000460314
678 0.125279 0.122651 0.000310114
679 0.125279 0.123902 0.000156641
680 0.125279 0.125157 8.75755e-09
681 0.125279 0.125171 6.77309e-09
682 0.125279 0.125162 7.96996e-09
683 0.125279 0.125156 7.58005e-09
684 0.125279 0.125154 7.5841e-09
685 0.125279 0.12516 6.86091e-09
686 0.125279 0.125148 7.39447e-09
687 0.125279 0.125151 7.87061e-09
688 0.125279 0.125159 7.57008e-09
689 0.125279 0.123914 0.000156672
690 0.125279 0.125161 8.26073e-09
691 0.125279 0.125154 7.56896e-09
692 0.125279 0.125158 8.31635e-09
693 0.125279 0.125159 7.15422e-09
694 0.125279 0.125156 7.11355e-09
695 0.125279 0.125164 6.68878e-09
696 0.125279 0.123896 0.000156628
697 0.125279 0.123897 0.000156631
698 0.125279 0.122946 0.000243282
699 0.125279 0.12391 0.000156662
700 0.125279 0.125148 6.55576e-09
701 0.125279 0.125156 7.35363e-09
702 0.125279 0.122665 0.000310184
703 0.125279 0.122659 0.000310152
704 0.125279 0.121399 0.000460244
705 0.125279 0.122669 0.000310206
706 0.125279 0.122824 0.000271287
707 0.125279 0.122655 0.000310134
708 0.125279 0.122664 0.000310178
709 0.125279 0.122657 0.000310143
710 0.125279 0.122667 0.000310192
711 0.125279 0.123907 0.000156654
712 0.125279 0.123904 0.000156646
713 0.125279 0.123899 0.000156634
714 0.125279 0.125154 7.14679e-09
715 0.125279 0.123441 0.000176599
716 0.125279 0.122664 0.000310178
717 0.125279 0.123903 0.000156643
718 0.125279 0.123902 0.000156641
719 0.125279 0.123913 0.000156285
720 0.125279 0.123901 0.000156639
721 0.125279 0.125159 7.56411e-09
722 0.125279 0.125151 8.12279e-09
723 0.125279 0.125158 7.3319e-09
724 0.125279 0.125165 6.74802e-09
725 0.125279 0.125162 6.91796e-09
726 0.125279 0.123906 0.000156625
727 0.125279 0.12267 0.000310209
728 0.125279 0.123919 0.000156683
729 0.125279 0.121421 0.000458785
730 0.125279 0.121461 0.000447069
731 0.125279 0.123977 0.000141238
732 0.125279 0.121538 0.000427781
733 0.125279 0.121389 0.000460114
734 0.125279 0.121411 0.000460378
735 0.125279 0.12264 0.000310056
736 0.125279 0.12391 0.00015666
737 0.125279 0.122651 0.000310112
738 0.125279 0.123909 0.000156659
739 0.125279 0.123907 0.000156653
740 0.125279 0.123903 0.000156643
741 0.125279 0.122652 0.00031012
742 0.125279 0.122645 0.000310083
743 0.125279 0.11766 0.000892591
744 0.125279 0.117643 0.000892331
745 0.125279 0.120162 0.000607703
746 0.125279 0.122658 0.000310148
747 0.125279 0.120152 0.000607602
748 0.125279 0.122644 0.00031008
749 0.125279 0.122655 0.000310136
750 0.125279 0.120221 0.000591158
751 0.125279 0.123901 0.000156639
752 0.125279 0.121407 0.000460477
753 0.125279 0.122654 0.000310131
754 0.125279 0.120154 0.000607625
755 0.125279 0.118898 0.000751556
756 0.125279 0.120144 0.000606529
757 0.125279 0.120163 0.000606721
758 0.125279 0.120155 0.000607637
759 0.125279 0.122644 0.000310077
760 0.125279 0.123912 0.000156666
761 0.125279 0.123903 0.000156645
762 0.125279 0.122652 0.000310117
763 0.125279 0.123908 0.000156657
764 0.125279 0.122655 0.000310132
765 0.125279 0.125158 6.06566e-09
766 0.125279 0.123911 0.000156663
767 0.125279 0.123908 0.000156655
768 0.125279 0.125153 6.51458e-09
769 0.125279 0.125144 7.60191e-09
770 0.125279 0.123911 0.000156664
771 0.125279 0.123907 0.000156654
772 0.125279 0.123909 0.000156659
773 0.125279 0.125154 7.13409e-09
774 0.125279 0.125149 6.44915e-09
775 0.125279 0.125155 7.0686e-09
776 0.125279 0.125156 7.05751e-09
777 0.125279 0.125154 8.22668e-09
778 0.125279 0.123894 0.000156622
779 0.125279 0.122662 0.000310167
780 0.125279 0.12016 0.000607681
781 0.125279 0.125166 6.84838e-09
782 0.125279 0.123923 0.000156695
783 0.125279 0.125149 7.70669e-09
784 0.125279 0.125162 6.98884e-09
785 0.125279 0.12516 7.44422e-09
786 0.125279 0.125166 6.80662e-09
787 0.125279 0.125159 7.9007e-09
788 0.125279 0.125164 7.24731e-09
789 0.125279 0.125143 7.87709e-09
790 0.125279 0.125157 8.75058e-09
791 0.125279 0.125159 7.58659e-09
792 0.125279 0.125167 7.14322e-09
793 0.125279 0.125166 7.23698e-09
794 0.125279 0.125167 8.52773e-09
795 0.125279 0.123909 0.000156316
796 0.125279 0.123914 0.000156324
797 0.125279 0.125171 6.44669e-09
798 0.125279 0.125159 8.64175e-09
799 0.125279 0.125152 7.5346e-09
800 0.125279 0.125155 6.35086e-09
801 0.125279 0.123921 0.00015669
802 0.125279 0.122655 0.000310134
803 0.125279 0.12266 0.000310157
804 0.125279 0.122656 0.000310138
805 0.125279 0.123914 0.00015667
806 0.125279 0.123916 0.000156675
807 0.125279 0.123915 0.000156674
808 0.125279 0.123913 0.00015667
809 0.125279 0.125164 7.38727e-09
810 0.125279 0.1239 0.000156637
811 0.125279 0.123914 0.000156671
812 0.125279 0.12391 0.00015666
813 0.125279 0.120174 0.000607828
814 0.125279 0.123914 0.000156672
815 0.125279 0.1239 0.000156637
816 0.125279 0.123918 0.000156683
817 0.125279 0.125151 7.62258e-09
818 0.125279 0.125156 7.34915e-09
819 0.125279 0.125167 6.59068e-09
820 0.125279 0.125156 7.18096e-09
821 0.125279 0.12516 8.52934e-09
822 0.125279 0.125153 7.49549e-09
823 0.125279 0.123912 0.000156667
824 0.125279 0.123904 0.000156645
825 0.125279 0.125166 7.27961e-09
826 0.125279 0.123911 0.000156663
827 0.125279 0.123916 0.000156676
828 0.125279 0.122665 0.000310185
829 0.125279 0.125176 7.32294e-09
830 0.125279 0.125174 7.38808e-09
831 0.125279 0.123914 0.000156672
832 0.125279 0.125175 7.51521e-09
833 0.125279 0.125163 7.37324e-09
834 0.125279 0.125167 7.5406e-09
835 0.125279 0.125155 7.72296e-09
836 0.125279 0.123894 0.000156621
837 0.125279 0.123912 0.000156665
838 0.125279 0.122647 0.000310092
839 0.125279 0.122654 0.000310131
840 0.125279 0.122649 0.000310103
841 0.125279 0.122651 0.000310114
842 0.125279 0.12391 0.000156662
843 0.125279 0.12516 6.38597e-09
844 0.125279 0.125166 6.83509e-09
845 0.125279 0.125152 8.27824e-09
846 0.125279 0.125157 6.07082e-09
847 0.125279 0.125172 6.86695e-09
848 0.125279 0.123909 0.000156191
849 0.125279 0.122659 0.000309685
850 0.125279 0.123919 0.000154391
851 0.125279 0.123917 0.000152027
852 0.125279 0.122695 0.000300327
853 0.125279 0.123914 0.000156672
854 0.125279 0.123992 0.000130824
855 0.125279 0.125152 8.87909e-09
856 0.125279 0.122663 0.000310177
857 0.125279 0.122652 0.000310119
858 0.125279 0.122647 0.000310094
859 0.125279 0.123912 0.000156666
860 0.125279 0.125174 5.98806e-09
861 0.125279 0.123911 0.000156663
862 0.125279 0.125172 5.96328e-09
863 0.125279 0.123908 0.000156657
864 0.125279 0.125156 6.92004e-09
865 0.125279 0.123909 0.00015666
866 0.125279 0.122653 0.000310125
867 0.125279 0.125155 7.73895e-09
868 0.125279 0.125154 8.51893e-09
869 0.125279 0.125165 7.10437e-09
870 0.125279 0.125163 6.81461e-09
871 0.125279 0.123921 0.00015669
872 0.125279 0.12141 0.000460503
873 0.125279 0.122663 0.000310174
874 0.125279 0.125172 7.48009e-09
875 0.125279 0.125178 6.80943e-09
876 0.125279 0.125162 7.98216e-09
877 0.125279 0.123897 0.000156629
878 0.125279 0.123903 0.000156643
879 0.125279 0.123917 0.000156678
880 0.125279 0.125168 7.19178e-09
881 0.125279 0.123969 0.000139534
882 0.125279 0.123904 0.000156646
883 0.125279 0.12516 7.53818e-09
884 0.125279 0.125159 8.4152e-09
885 0.125279 0.125159 7.09225e-09
886 0.125279 0.125152 7.88454e-09
887 0.125279 0.125139 6.33631e-09
888 0.125279 0.125162 6.62364e-09
889 0.125279 0.12391 0.000156662
890 0.125279 0.125154 6.28497e-09
891 0.125279 0.125158 6.78513e-09
892 0.125279 0.123915 0.000156674
893 0.125279 0.122659 0.000310154
894 0.125279 0.122654 0.000310129
895 0.125279 0.120181 0.000600763
896 0.125279 0.120187 0.000605496
897 0.125279 0.120178 0.000602903
898 0.125279 0.123913 0.000156668
899 0.125279 0.123909 0.000156659
900 0.125279 0.125154 8.04195e-09
901 0.125279 0.123914 0.000156672
902 0.125279 0.122667 0.000310194
903 0.125279 0.122666 0.00031019
904 0.125279 0.121416 0.000460526
905 0.125279 0.121402 0.000460425
906 0.125279 0.118907 0.000751675
907 0.125279 0.123905 0.000156649
908 0.125279 0.125164 7.31561e-09
909 0.125279 0.125159 7.21035e-09
910 0.125279 0.125154 7.7047e-09
911 0.125279 0.125141 7.17732e-09
912 0.125279 0.125161 6.20304e-09
913 0.125279 0.123908 0.000156658
914 0.125279 0.122646 0.000310087
915 0.125279 0.123911 0.000156666
916 0.125279 0.123908 0.000156655
917 0.125279 0.12516 6.64146e-09
918 0.125279 0.125154 8.31383e-09
919 0.125279 0.12392 0.000156686
920 0.125279 0.123894 0.000156621
921 0.125279 0.125146 7.76524e-09
922 0.125279 0.123916 0.000156677
923 0.125279 0.125161 6.9486e-09
924 0.125279 0.122667 0.000310195
925 0.125279 0.122644 0.000310077
926 0.125279 0.122666 0.000310187
927 0.125279 0.122661 0.000310164
928 0.125279 0.121425 0.000460613
929 0.125279 0.12266 0.000310159
930 0.125279 0.123916 0.000156676
931 0.125279 0.123913 0.000152603
932 0.125279 0.122656 0.000309886
933 0.125279 0.122659 0.000310149
934 0.125279 0.122661 0.000310161
935 0.125279 0.122347 0.000317563
936 0.125279 0.123909 0.000155495
937 0.125279 0.123899 0.000156635
938 0.125279 0.123916 0.000156676
939 0.125279 0.123901 0.000156639
940 0.125279 0.122675 0.000305505
941 0.125279 0.123902 0.00015587
942 0.125279 0.123969 0.000142747
943 0.125279 0.125151 7.75327e-09
944 0.125279 0.125158 9.13385e-09
945 0.125279 0.125184 6.39404e-09
946 0.125279 0.122662 0.000310172
947 0.125279 0.123903 0.000156645
948 0.125279 0.123903 0.000156644
949 0.125279 0.123921 0.000156688
950 0.125279 0.123917 0.000156678
951 0.125279 0.123906 0.00015665
952 0.125279 0.122952 0.000243678
953 0.125279 0.122742 0.000286516
954 0.125279 0.119086 0.000708115
955 0.125279 0.122672 0.000308129
956 0.125279 0.125165 7.29303e-09
957 0.125279 0.122648 0.000310098
958 0.125279 0.122656 0.000310142
959 0.125279 0.123912 0.000156666
960 0.125279 0.122648 0.000310099
961 0.125279 0.118897 0.000751551
962 0.125279 0.118916 0.000751791
963 0.125279 0.123923 0.000156695
964 0.125279 0.123909 0.000156659
965 0.125279 0.123901 0.000156638
966 0.125279 0.125161 6.85453e-09
967 0.125279 0.125158 7.1595e-09
968 0.125279 0.125155 7.82908e-09
969 0.125279 0.125157 7.54016e-09
970 0.125279 0.125156 7.33347e-09
971 0.125279 0.123896 0.000156627
972 0.125279 0.123898 0.000156632
973 0.125279 0.123904 0.000156645
974 0.125279 0.123901 0.000156638
975 0.125279 0.121413 0.000459918
976 0.125279 0.121416 0.000459082
977 0.125279 0.12264 0.000310059
978 0.125279 0.123901 0.000156639
979 0.125279 0.125165 6.68219e-09
980 0.125279 0.125154 7.71351e-09
981 0.125279 0.122657 0.000310145
982 0.125279 0.12392 0.000156685
983 0.125279 0.123925 0.000156699
984 0.125279 0.122664 0.000310176
985 0.125279 0.121413 0.000460523
986 0.125279 0.123906 0.000156607
987 0.125279 0.120148 0.000607527
988 0.125279 0.123914 0.000156672
989 0.125279 0.123909 0.00015666
990 0.125279 0.123928 0.000156705
991 0.125279 0.123897 0.00015663
992 0.125279 0.123907 0.000156654
993 0.125279 0.125158 6.3402e-09
994 0.125279 0.125169 6.00341e-09
995 0.125279 0.125164 7.31323e-09
996 0.125279 0.125148 7.07932e-09
997 0.125279 0.123912 0.000156664
998 0.125279 0.123905 0.000156648
999 0.125279 0.12266 0.00031016
1000 0.125279 0.122655 0.000310134
1000 0 0 0
