0 0.170323 0.0643764 0.00401421
1 0.170323 0.0646943 0.00408338
2 0.170323 0.069946 0.00406004
3 0.359711 0.0810044 0.00531403
4 0.359711 0.0843269 0.00546629
5 0.494211 0.0932658 0.00846743
6 0.494211 0.0953716 0.00954462
7 0.494211 0.104328 0.0112913
8 0.494211 0.112147 0.0135332
9 0.494211 0.130376 0.0146989
10 0.494211 0.125695 0.0162271
11 0.494211 0.133124 0.015636
12 0.500392 0.153087 0.0187058
12 0.541414 0.0918115 0.0285269
13 0.541414 0.099154 0.0322686
14 0.541414 0.112966 0.0367427
15 0.541414 0.09606 0.0322222
16 0.547993 0.113847 0.0387959
17 0.547993 0.113163 0.0369224
18 0.547993 0.113457 0.0397341
19 0.547993 0.100411 0.0357586
20 0.547993 0.102783 0.0359572
21 0.547993 0.127601 0.0400095
22 0.54939 0.129928 0.0423305
23 0.54939 0.127093 0.0379303
24 0.54939 0.125676 0.0400937
25 0.54939 0.139926 0.0414548
26 0.573678 0.136181 0.0434124
27 0.573678 0.134648 0.0434551
28 0.573678 0.13719 0.042678
29 0.573678 0.164719 0.0461082
30 0.573678 0.169698 0.0469875
31 0.583664 0.171157 0.0471923
32 0.583664 0.145621 0.0414516
33 0.583664 0.147479 0.0459295
34 0.583664 0.162731 0.0465892
35 0.583664 0.159236 0.0474873
36 0.583664 0.158431 0.0440864
37 0.583664 0.156946 0.0445707
38 0.583664 0.160679 0.0443798
39 0.583664 0.137353 0.0451209
40 0.583664 0.160139 0.0487118
41 0.587316 0.167056 0.0510995
42 0.587316 0.167085 0.0490575
43 0.587316 0.176806 0.0476964
44 0.587316 0.185622 0.0479496
45 0.587316 0.174093 0.0489096
46 0.587316 0.165647 0.044908
47 0.587316 0.176864 0.0469428
48 0.587316 0.167468 0.0466256
49 0.587316 0.189966 0.0450894
50 0.587316 0.200487 0.046245
51 0.587316 0.198396 0.0527281
52 0.587316 0.195758 0.050927
53 0.587316 0.176539 0.0524486
54 0.587316 0.1975 0.0551411
55 0.587316 0.195972 0.0546054
56 0.587316 0.18772 0.0466822
57 0.587316 0.193969 0.04992
58 0.587316 0.201429 0.04935
59 0.587316 0.191827 0.0476367
60 0.587316 0.210262 0.0490968
61 0.587316 0.190334 0.0463197
62 0.587316 0.218185 0.0496372
63 0.587316 0.210148 0.0450545
64 0.587316 0.199127 0.0450964
65 0.587316 0.203037 0.0479401
66 0.587316 0.224184 0.0474274
67 0.587316 0.210431 0.0484273
68 0.587316 0.190052 0.0497376
69 0.587316 0.215708 0.0525545
70 0.587316 0.199166 0.0537313
71 0.587316 0.183842 0.0477326
72 0.587316 0.195059 0.0463022
73 0.587316 0.184156 0.0449513
74 0.587316 0.202558 0.0476546
75 0.587316 0.19051 0.0476233
76 0.587316 0.19109 0.0472361
77 0.587316 0.169709 0.0471846
78 0.587316 0.193518 0.0516986
79 0.587316 0.178341 0.0462481
80 0.587316 0.195229 0.0487752
81 0.587316 0.179147 0.0471957
82 0.587316 0.20054 0.0481349
83 0.587316 0.212001 0.0476388
84 0.587316 0.200044 0.0421193
85 0.587316 0.197301 0.0477167
86 0.587316 0.211792 0.0502949
87 0.587316 0.201097 0.0505579
88 0.587316 0.203174 0.0518006
89 0.587316 0.181626 0.0482565
90 0.587316 0.158385 0.0423736
91 0.587316 0.220118 0.047505
92 0.587316 0.228714 0.0500197
93 0.587316 0.263286 0.052962
94 0.587316 0.229248 0.0501834
95 0.587316 0.233456 0.0470485
96 0.587316 0.225135 0.0473605
97 0.587316 0.199223 0.0470862
98 0.587316 0.203792 0.0460939
99 0.587316 0.185699 0.0469916
100 0.587316 0.187126 0.0478391
101 0.587316 0.19999 0.0491517
102 0.587316 0.209652 0.0515485
103 0.587316 0.217222 0.0487653
104 0.587316 0.198203 0.0543708
105 0.587316 0.171252 0.0502192
106 0.587316 0.187819 0.0515123
107 0.587316 0.185638 0.0484467
108 0.587316 0.202307 0.0492933
109 0.587316 0.180616 0.0496136
110 0.587316 0.190808 0.0526477
111 0.587316 0.199061 0.048147
112 0.587316 0.208766 0.0521031
113 0.587316 0.177689 0.0491321
114 0.587316 0.184716 0.0493848
115 0.587316 0.176645 0.0475765
116 0.587316 0.181322 0.0507912
117 0.587316 0.180428 0.0524214
118 0.587316 0.18986 0.0540066
119 0.587316 0.189604 0.0523645
120 0.587316 0.195035 0.0530532
121 0.587316 0.193174 0.0487692
122 0.587316 0.210219 0.0506537
123 0.587316 0.193887 0.0498315
124 0.587316 0.194391 0.0534157
125 0.587316 0.191788 0.0518206
126 0.587316 0.18488 0.0509015
127 0.587316 0.194634 0.0501039
128 0.587316 0.168924 0.0504804
129 0.587316 0.22445 0.055631
130 0.587316 0.212704 0.053586
131 0.587316 0.218096 0.0516639
132 0.587316 0.210825 0.054662
133 0.587316 0.183183 0.0451294
134 0.587316 0.211838 0.0506309
135 0.587316 0.22115 0.0492819
136 0.587316 0.201118 0.0480666
137 0.587316 0.225165 0.052917
138 0.587316 0.190119 0.0532584
139 0.587316 0.188272 0.0508137
140 0.595665 0.192869 0.050176
141 0.595665 0.196131 0.0511995
142 0.595665 0.161358 0.0479242
143 0.595665 0.158635 0.0474663
144 0.595665 0.19611 0.051505
145 0.595665 0.240473 0.052412
146 0.595665 0.194876 0.054951
147 0.595665 0.209068 0.0550877
148 0.595665 0.199907 0.0489196
149 0.595665 0.206632 0.0505663
150 0.595665 0.19059 0.0491114
151 0.595665 0.20278 0.0556479
152 0.595665 0.215206 0.0533867
153 0.595665 0.239083 0.0544981
154 0.595665 0.246347 0.0547269
155 0.595665 0.23904 0.0519635
156 0.595665 0.206192 0.0489264
157 0.595665 0.186424 0.0486301
158 0.595665 0.178446 0.0510959
159 0.595665 0.183889 0.0496487
160 0.595665 0.188735 0.0493056
161 0.595665 0.184963 0.0496473
162 0.595665 0.22304 0.0493826
163 0.595665 0.232666 0.0535024
164 0.595665 0.187673 0.0510619
165 0.595665 0.209623 0.0558919
166 0.595665 0.196747 0.0506124
167 0.595665 0.18293 0.0505887
168 0.595665 0.189226 0.0549242
169 0.595665 0.214061 0.0559192
170 0.595665 0.194024 0.0513912
171 0.595665 0.177618 0.0493748
172 0.595665 0.205843 0.0524058
173 0.595665 0.212199 0.0521383
174 0.595665 0.219253 0.057309
175 0.595665 0.217666 0.0563858
176 0.595665 0.226395 0.0533087
177 0.595665 0.242587 0.0572543
178 0.595665 0.230226 0.0527751
179 0.595665 0.202697 0.0519353
180 0.595665 0.245263 0.0588198
181 0.595665 0.222308 0.0556673
182 0.595665 0.209019 0.0502366
183 0.595665 0.199712 0.0512019
184 0.595665 0.197076 0.0503254
185 0.595665 0.219662 0.0509971
186 0.595665 0.226051 0.0557623
187 0.595665 0.210819 0.0533589
188 0.595665 0.186093 0.0510288
189 0.595665 0.195399 0.049161
190 0.595665 0.205705 0.0548236
191 0.595665 0.188237 0.0502806
192 0.595665 0.187689 0.0520749
193 0.595665 0.211592 0.0535339
194 0.595665 0.202379 0.0517003
195 0.595665 0.202915 0.0520794
196 0.595665 0.218215 0.0577393
197 0.595665 0.180738 0.0490255
198 0.595665 0.180631 0.0493974
199 0.595665 0.214899 0.0536677
200 0.595665 0.217235 0.0506887
201 0.595665 0.239954 0.0550927
202 0.595665 0.200979 0.0490233
203 0.595665 0.191697 0.0517283
204 0.595665 0.199142 0.0507285
205 0.595665 0.208184 0.0524208
206 0.595665 0.223827 0.0548076
207 0.595665 0.224849 0.0554401
208 0.597315 0.227644 0.0598599
209 0.597315 0.1812 0.0516347
210 0.597315 0.191805 0.0527415
211 0.597315 0.192376 0.0521861
212 0.597315 0.225237 0.0543423
213 0.597315 0.237807 0.0551531
214 0.597315 0.216522 0.0541234
215 0.597315 0.205845 0.0519186
216 0.597315 0.204387 0.0487604
217 0.597315 0.19818 0.0480591
218 0.599029 0.229819 0.055336
219 0.599029 0.218045 0.0511981
220 0.599029 0.231736 0.0567184
221 0.599029 0.243273 0.0537578
222 0.599029 0.201126 0.0515661
223 0.599029 0.204127 0.0444667
224 0.599029 0.200509 0.051919
225 0.599029 0.188623 0.0488359
226 0.599029 0.18532 0.0471684
227 0.599029 0.238202 0.057872
228 0.599029 0.204793 0.052969
229 0.599029 0.243807 0.0509571
230 0.599029 0.199237 0.0523194
231 0.599029 0.219065 0.0509492
232 0.599029 0.215125 0.0539254
233 0.599029 0.186096 0.0514462
234 0.599029 0.190977 0.0510535
235 0.599029 0.20833 0.0564875
236 0.599029 0.21885 0.0564981
237 0.602223 0.222295 0.0533478
238 0.602223 0.212022 0.051411
239 0.602223 0.207562 0.0529134
240 0.602223 0.172335 0.0467047
241 0.602223 0.177632 0.0505948
242 0.602223 0.221636 0.0539697
243 0.602223 0.225694 0.0487377
244 0.602223 0.232174 0.0490893
245 0.602223 0.22484 0.0506645
246 0.602223 0.230086 0.0592068
247 0.602223 0.187556 0.0507395
248 0.602223 0.202583 0.0521696
249 0.602223 0.222386 0.0531568
250 0.602223 0.24542 0.0522485
251 0.602223 0.232622 0.0512557
252 0.602223 0.220539 0.0507627
253 0.602223 0.218817 0.054792
254 0.602223 0.202087 0.0555495
255 0.602223 0.204867 0.0510527
256 0.602223 0.201042 0.0514802
257 0.602223 0.197758 0.0479496
258 0.602223 0.158246 0.0463051
259 0.602223 0.163263 0.0498135
260 0.602223 0.204068 0.0499942
261 0.602223 0.205643 0.0540169
262 0.602223 0.195939 0.0495189
263 0.602223 0.185075 0.049812
264 0.602223 0.17857 0.0495108
265 0.602223 0.191593 0.0520842
266 0.602223 0.212038 0.0565591
267 0.602223 0.199759 0.0533594
268 0.602223 0.170087 0.0488846
269 0.602223 0.198122 0.05252
270 0.602223 0.163985 0.0435069
271 0.602223 0.167938 0.047325
272 0.602223 0.181505 0.0481933
273 0.602223 0.183269 0.0447748
274 0.602223 0.187465 0.049088
275 0.602223 0.202365 0.0503359
276 0.602647 0.230313 0.0484636
277 0.602647 0.211392 0.0512873
278 0.602647 0.218798 0.0503217
279 0.602647 0.202638 0.0533887
280 0.602647 0.182538 0.051145
281 0.602647 0.190527 0.0537888
282 0.602647 0.205101 0.0485803
283 0.602647 0.207819 0.0552655
284 0.602647 0.20179 0.0486806
285 0.602647 0.222717 0.0535001
286 0.602647 0.196815 0.0513551
287 0.602647 0.162946 0.0505005
288 0.602647 0.173595 0.054117
289 0.602647 0.19148 0.05379
290 0.602647 0.207363 0.0551772
291 0.602647 0.200263 0.0545972
292 0.602647 0.193053 0.0502756
293 0.602647 0.184193 0.0481751
294 0.602647 0.167405 0.0484807
295 0.602647 0.175053 0.0499784
296 0.602647 0.175211 0.0541634
297 0.602647 0.186539 0.0515327
298 0.602647 0.199204 0.0564791
299 0.602647 0.203412 0.0512723
300 0.602647 0.205893 0.0524847
301 0.602647 0.216201 0.0519804
302 0.602647 0.188849 0.0485902
303 0.602647 0.172495 0.0495843
304 0.602647 0.189411 0.0512959
305 0.602647 0.185295 0.0497946
306 0.602647 0.178098 0.0532509
307 0.602647 0.19033 0.0549379
308 0.602647 0.161571 0.0504185
309 0.602647 0.175874 0.0497138
310 0.602647 0.219581 0.0549535
311 0.602647 0.192531 0.049089
312 0.602647 0.204358 0.0499066
313 0.602647 0.214564 0.0515441
314 0.602647 0.206241 0.0535684
315 0.602647 0.183532 0.0505532
316 0.602647 0.185582 0.0523766
317 0.602647 0.192814 0.0522499
318 0.602647 0.177636 0.0508408
319 0.602647 0.197037 0.0520481
320 0.602647 0.170558 0.0503782
321 0.602647 0.177965 0.0511259
322 0.602647 0.153005 0.0472699
323 0.602647 0.178639 0.0561149
324 0.602647 0.219254 0.0529216
325 0.602647 0.219358 0.0498376
326 0.602647 0.207179 0.05067
327 0.602647 0.20458 0.0517637
328 0.602647 0.233076 0.0527994
329 0.602647 0.209964 0.0476433
330 0.602647 0.216195 0.0494898
331 0.602647 0.189113 0.0517655
332 0.602647 0.196924 0.045229
333 0.602647 0.200779 0.0510552
334 0.602647 0.172477 0.0477366
335 0.602647 0.224137 0.0489403
336 0.602647 0.226137 0.0461417
337 0.602647 0.195046 0.0489787
338 0.602647 0.184274 0.0463522
339 0.602647 0.175128 0.0504948
340 0.602647 0.161241 0.0457443
341 0.602647 0.170092 0.0525512
342 0.602647 0.172985 0.0540689
343 0.602647 0.172904 0.0513172
344 0.602647 0.188595 0.0537119
345 0.602647 0.218194 0.0563246
346 0.602647 0.25107 0.0566801
347 0.602926 0.221561 0.0495676
348 0.602926 0.225242 0.0568134
349 0.602926 0.197478 0.0578581
350 0.602926 0.19949 0.0579494
351 0.602926 0.21065 0.0579802
352 0.602926 0.221084 0.0566676
353 0.602926 0.21754 0.0569235
354 0.602926 0.22502 0.0554012
355 0.602926 0.208125 0.0587805
356 0.602926 0.250196 0.0588887
357 0.602926 0.230821 0.0563933
358 0.602926 0.225598 0.0560707
359 0.602926 0.223145 0.0620565
360 0.602926 0.25655 0.0617948
361 0.602926 0.245509 0.0579706
362 0.602926 0.244998 0.0582359
363 0.602926 0.218303 0.0587534
364 0.602926 0.24846 0.0553416
365 0.602926 0.235989 0.0578005
366 0.602926 0.235051 0.0585828
367 0.602926 0.213751 0.0565316
368 0.602926 0.15817 0.0509974
369 0.602926 0.186266 0.0534927
370 0.602926 0.199297 0.0514766
371 0.602926 0.187335 0.048841
372 0.602926 0.200878 0.0573601
373 0.602926 0.204347 0.0543585
374 0.602926 0.216258 0.0574223
375 0.602926 0.178818 0.0562744
376 0.602926 0.189125 0.050414
377 0.602926 0.210149 0.0505537
378 0.602926 0.195194 0.0489174
379 0.602926 0.177831 0.0484238
380 0.602926 0.202714 0.0531988
381 0.602926 0.210231 0.0589523
382 0.602926 0.188864 0.051125
383 0.602926 0.199783 0.0507033
384 0.602926 0.205422 0.055394
385 0.602926 0.204577 0.0513497
386 0.602926 0.242622 0.0507779
387 0.602926 0.204015 0.0538902
388 0.602926 0.188379 0.0527522
389 0.602926 0.215586 0.0512917
390 0.602926 0.201601 0.0518254
391 0.602926 0.215538 0.0559174
392 0.602926 0.22653 0.0579186
393 0.602926 0.213355 0.0554
394 0.602926 0.216438 0.0570791
395 0.602926 0.203822 0.0580953
396 0.602926 0.182527 0.0541815
397 0.602926 0.179243 0.0545737
398 0.602926 0.15763 0.0522135
399 0.603394 0.182183 0.0547454
400 0.603394 0.189937 0.0530622
401 0.603394 0.227118 0.0509591
402 0.603394 0.224084 0.0542328
403 0.603394 0.230607 0.0578202
404 0.603394 0.236799 0.0564793
405 0.603394 0.262168 0.0529928
406 0.604944 0.233147 0.0580239
407 0.604944 0.214087 0.0517937
408 0.604944 0.235359 0.056376
409 0.604944 0.231099 0.0537347
410 0.604944 0.231113 0.051799
411 0.604944 0.207077 0.0537632
412 0.604944 0.225198 0.0586535
413 0.604944 0.227645 0.0591745
414 0.604944 0.245183 0.062044
415 0.604944 0.215357 0.0572717
416 0.604944 0.230025 0.0531754
417 0.604944 0.202146 0.0543013
418 0.604944 0.205033 0.0569516
419 0.604944 0.199757 0.055907
420 0.604944 0.180471 0.0521458
421 0.604944 0.196767 0.0528852
422 0.604944 0.18963 0.0519721
423 0.604944 0.234054 0.0553037
424 0.604944 0.238317 0.0589085
425 0.604944 0.231208 0.0603013
426 0.604944 0.232018 0.0581181
427 0.604944 0.244074 0.0580329
428 0.604944 0.260454 0.0552927
429 0.604944 0.233979 0.0529641
430 0.604944 0.24838 0.0535334
431 0.605071 0.238671 0.0561799
432 0.605071 0.211599 0.0587517
433 0.605071 0.207621 0.0607211
434 0.605071 0.203539 0.0581857
435 0.605071 0.227876 0.0617074
436 0.605071 0.235783 0.0610809
437 0.605071 0.241474 0.0586123
438 0.605071 0.26542 0.0603715
439 0.605071 0.248732 0.0578154
440 0.605071 0.237018 0.0578204
441 0.605071 0.226553 0.0616619
442 0.605071 0.22914 0.0583889
443 0.605071 0.245991 0.0577332
444 0.605071 0.245114 0.0591438
445 0.605071 0.24445 0.0589645
446 0.605071 0.246744 0.061416
447 0.605071 0.233455 0.057071
448 0.605071 0.239717 0.0614823
449 0.605071 0.206976 0.0558901
450 0.605071 0.209779 0.0580582
451 0.605071 0.205268 0.0553128
452 0.605071 0.189885 0.0595408
453 0.605071 0.180445 0.0552925
454 0.605071 0.185089 0.0559348
455 0.605071 0.197762 0.0550371
456 0.605071 0.168431 0.0537616
457 0.605071 0.167655 0.0535201
458 0.605071 0.180667 0.054617
459 0.605071 0.207015 0.0572262
460 0.605071 0.227969 0.0528168
461 0.605071 0.212202 0.0497757
462 0.605071 0.219224 0.0576371
463 0.605071 0.234494 0.058857
464 0.605071 0.231043 0.0587943
465 0.605071 0.190369 0.0558337
466 0.605071 0.187794 0.0579298
467 0.605071 0.227915 0.0525126
468 0.605071 0.192956 0.054274
469 0.605071 0.181947 0.0550862
470 0.605071 0.164174 0.0557218
471 0.605071 0.200404 0.0586775
472 0.605071 0.180359 0.0570798
473 0.605071 0.160513 0.0556044
474 0.605071 0.171234 0.0525831
475 0.605071 0.194126 0.0587705
476 0.605071 0.206419 0.0552663
477 0.605071 0.20122 0.051891
478 0.605071 0.198582 0.0567143
479 0.605071 0.167107 0.0561705
480 0.605071 0.212239 0.05995
481 0.605071 0.22362 0.0596259
482 0.605071 0.180723 0.0560857
483 0.605071 0.200205 0.052936
484 0.605071 0.173482 0.0516969
485 0.605071 0.181969 0.0567936
486 0.605071 0.192432 0.0591655
487 0.605071 0.2034 0.0601329
488 0.605071 0.198686 0.0566823
489 0.605071 0.222031 0.0558678
490 0.605071 0.189684 0.0545473
491 0.605071 0.179001 0.0532005
492 0.605071 0.208852 0.0589318
493 0.605071 0.241495 0.0620602
494 0.605071 0.223723 0.0554794
495 0.605071 0.205015 0.0562418
496 0.605071 0.198735 0.05692
497 0.605071 0.201097 0.0608995
498 0.605071 0.217654 0.0633355
499 0.605071 0.188522 0.0578853
500 0.605071 0.189367 0.0545643
501 0.605071 0.192304 0.0585157
502 0.605071 0.18625 0.0577522
503 0.605071 0.188802 0.0593172
504 0.605071 0.211636 0.0629039
505 0.605071 0.205868 0.0603214
506 0.605071 0.206961 0.0627296
507 0.605071 0.194542 0.0600989
508 0.605071 0.202684 0.0632689
509 0.605071 0.202376 0.0575219
510 0.605071 0.214332 0.0546026
511 0.605071 0.24649 0.0581582
512 0.605071 0.234291 0.0576624
513 0.605071 0.207357 0.0573899
514 0.605071 0.222348 0.0578695
515 0.605071 0.232048 0.0557504
516 0.605071 0.248382 0.0600948
517 0.605071 0.22595 0.0576912
518 0.605071 0.208604 0.0581377
519 0.605071 0.235652 0.0600502
520 0.605071 0.208711 0.0576959
521 0.605071 0.209308 0.0620264
522 0.605071 0.186129 0.0584061
523 0.605071 0.206395 0.0584506
524 0.605071 0.226878 0.0587607
525 0.605071 0.238684 0.0593491
526 0.605071 0.217706 0.060812
527 0.605071 0.205431 0.0588366
528 0.605071 0.212128 0.0564955
529 0.605071 0.215015 0.0577487
530 0.605071 0.215467 0.0626001
531 0.605071 0.217854 0.0612265
532 0.605071 0.222917 0.0590277
533 0.605071 0.210375 0.0609314
534 0.605071 0.189012 0.0556202
535 0.605071 0.214901 0.0567579
536 0.605071 0.199799 0.0534628
537 0.605071 0.223787 0.0542399
538 0.605071 0.233591 0.0545755
539 0.605071 0.219232 0.0535451
540 0.605071 0.197801 0.0524561
541 0.605071 0.233008 0.0561349
542 0.605071 0.228899 0.0593135
543 0.605071 0.210544 0.0551172
544 0.605071 0.200235 0.0537587
545 0.605071 0.201722 0.0531676
546 0.605071 0.211715 0.0592768
547 0.605071 0.240919 0.0556173
548 0.605071 0.203684 0.0514101
549 0.605071 0.222857 0.0526749
550 0.605071 0.192663 0.051802
551 0.605071 0.194927 0.0520516
552 0.605071 0.195466 0.0501217
553 0.605071 0.228424 0.0538608
554 0.605249 0.201016 0.0529468
555 0.605249 0.198277 0.0547017
556 0.605249 0.225849 0.0543321
557 0.605249 0.234549 0.0511745
558 0.605369 0.207935 0.0514385
559 0.605369 0.226218 0.0537085
560 0.605369 0.179198 0.051295
561 0.605369 0.200772 0.0541877
562 0.605369 0.214731 0.0578378
563 0.605369 0.246122 0.0568649
564 0.605369 0.219761 0.0537221
565 0.605369 0.185254 0.0541638
566 0.605369 0.190119 0.0556539
567 0.605369 0.186158 0.0524674
568 0.605369 0.191787 0.052734
569 0.605369 0.217582 0.0550563
570 0.605369 0.205311 0.0529549
571 0.605369 0.22133 0.0524703
572 0.605369 0.257004 0.0565901
573 0.605369 0.233284 0.0533324
574 0.605369 0.244805 0.0525092
575 0.605369 0.218162 0.0534956
576 0.605369 0.198637 0.0575754
577 0.605369 0.186827 0.057573
578 0.605369 0.206603 0.0584767
579 0.605369 0.182861 0.0507861
580 0.605369 0.210247 0.0558767
581 0.605369 0.191147 0.0517061
582 0.605369 0.200357 0.0556699
583 0.605369 0.19684 0.0518711
584 0.605369 0.212758 0.0547329
585 0.605369 0.189368 0.0552594
586 0.605369 0.18999 0.0548241
587 0.605369 0.181792 0.0544693
588 0.605369 0.196913 0.0590226
589 0.605369 0.202461 0.0578848
590 0.605369 0.177364 0.0551729
591 0.605369 0.188456 0.055996
592 0.605369 0.187598 0.0568528
593 0.605369 0.220453 0.0571542
594 0.605369 0.235853 0.058435
595 0.605369 0.234465 0.0620028
596 0.605369 0.221492 0.0574395
597 0.605369 0.229767 0.0570641
598 0.605369 0.261128 0.0581873
599 0.605369 0.25303 0.0609774
600 0.605369 0.239251 0.0544787
601 0.605369 0.239942 0.0561664
602 0.605369 0.217213 0.0551321
603 0.605369 0.207084 0.0571288
604 0.605369 0.208381 0.0530552
605 0.605369 0.208122 0.0574121
606 0.605369 0.200915 0.0547893
607 0.605369 0.199357 0.0543768
608 0.605369 0.21404 0.0559468
609 0.605369 0.22689 0.05854
610 0.605369 0.207685 0.0568202
611 0.605369 0.179909 0.0516336
612 0.605369 0.182947 0.0559989
613 0.605369 0.173454 0.0561914
614 0.605369 0.187897 0.0571901
615 0.605369 0.192471 0.0554366
616 0.605369 0.206138 0.0531951
617 0.605369 0.193065 0.053451
618 0.605369 0.228389 0.058841
619 0.605369 0.23239 0.0556094
620 0.605369 0.190057 0.057748
621 0.605369 0.192212 0.0566223
622 0.605369 0.189045 0.0568568
623 0.605369 0.225618 0.0578598
624 0.605369 0.189751 0.0549158
625 0.605369 0.17062 0.0515634
626 0.605369 0.200385 0.0551126
627 0.605369 0.191875 0.0589625
628 0.605369 0.187361 0.0594375
629 0.605369 0.175669 0.0532613
630 0.605369 0.181308 0.0551832
631 0.605369 0.192399 0.0598461
632 0.605369 0.208855 0.0561518
633 0.605369 0.201507 0.0546902
634 0.605369 0.214606 0.0630019
635 0.605369 0.188264 0.0538203
636 0.605369 0.206171 0.0549724
637 0.605369 0.21453 0.0555226
638 0.605369 0.227512 0.058424
639 0.605369 0.21146 0.0585768
640 0.605369 0.227843 0.0572494
641 0.605369 0.24257 0.0560311
642 0.605369 0.225603 0.0558652
643 0.605369 0.261372 0.0550463
644 0.605369 0.269194 0.054332
645 0.605369 0.253606 0.0543094
646 0.605369 0.243948 0.0554873
647 0.605369 0.252772 0.0569918
648 0.605369 0.230372 0.0580151
649 0.605369 0.228861 0.0581946
650 0.605369 0.255856 0.0627232
651 0.605369 0.259547 0.0581785
652 0.605369 0.226741 0.0535433
653 0.605369 0.230591 0.0529707
654 0.605369 0.243075 0.0542627
655 0.605369 0.22987 0.0570685
656 0.605369 0.267511 0.0588225
657 0.605369 0.244976 0.0574097
658 0.605369 0.226953 0.0604141
659 0.605369 0.21338 0.0581393
660 0.605369 0.209429 0.0578016
661 0.605369 0.209806 0.0550405
662 0.605369 0.229864 0.0584016
663 0.605369 0.223293 0.0569655
664 0.605369 0.194639 0.0552459
665 0.605369 0.190275 0.0548309
666 0.605369 0.208771 0.0555525
667 0.605369 0.192469 0.0569301
668 0.605369 0.221418 0.0627196
669 0.605369 0.181665 0.0555655
670 0.605369 0.183411 0.0563579
671 0.605369 0.197869 0.0566212
672 0.605369 0.22158 0.0598204
673 0.605369 0.208076 0.0594437
674 0.605369 0.178591 0.0563612
675 0.605369 0.189816 0.0552414
676 0.605369 0.195554 0.0553623
677 0.605369 0.162266 0.0541976
678 0.605369 0.190177 0.0596724
679 0.605369 0.216124 0.0628635
680 0.605369 0.193627 0.0573102
681 0.605369 0.219572 0.0584159
682 0.605369 0.187102 0.0559278
683 0.605369 0.219577 0.0615338
684 0.605369 0.217074 0.0622725
685 0.605369 0.224226 0.064399
686 0.605369 0.240776 0.0624068
687 0.605369 0.20071 0.0583661
688 0.605369 0.226158 0.0609997
689 0.605369 0.232687 0.0536841
690 0.605369 0.227224 0.0556108
691 0.605369 0.261208 0.0583203
692 0.605369 0.232471 0.0556439
693 0.605369 0.250369 0.0595934
694 0.605369 0.217836 0.0600383
695 0.605369 0.214891 0.0594
696 0.605369 0.214379 0.0582309
697 0.605369 0.191895 0.0561556
698 0.605369 0.199603 0.059445
699 0.605369 0.197006 0.0575196
700 0.605369 0.176726 0.0545691
701 0.605369 0.210714 0.0594409
702 0.605369 0.217021 0.0611771
703 0.605369 0.191767 0.0557018
704 0.605369 0.216373 0.0537754
705 0.605369 0.198909 0.0612806
706 0.605369 0.188477 0.0555755
707 0.605369 0.181451 0.0533204
708 0.605369 0.18288 0.0552458
709 0.605369 0.181496 0.0560517
710 0.605369 0.179547 0.0581864
711 0.605369 0.168319 0.0550849
712 0.605369 0.238744 0.0623188
713 0.605369 0.224666 0.0616054
714 0.605369 0.217479 0.0576176
715 0.605369 0.224259 0.0570731
716 0.605369 0.214599 0.0544092
717 0.605369 0.217985 0.0577864
718 0.605369 0.234444 0.052869
719 0.605369 0.215696 0.0579709
720 0.605369 0.214795 0.0555482
721 0.605369 0.217803 0.0547078
722 0.605369 0.236493 0.0592912
723 0.605369 0.239282 0.0585228
724 0.605369 0.251383 0.0558476
725 0.605369 0.268029 0.0563294
726 0.605369 0.230772 0.0546046
727 0.605369 0.272172 0.0565804
728 0.605369 0.260625 0.055594
729 0.605369 0.243472 0.0598922
730 0.605369 0.221451 0.0581218
731 0.605369 0.208108 0.0576527
732 0.605369 0.204872 0.0568774
733 0.605369 0.226032 0.0582792
734 0.605369 0.208784 0.0575257
735 0.605369 0.229186 0.0583462
736 0.605369 0.213541 0.0580725
737 0.605369 0.194143 0.057147
738 0.605369 0.184112 0.0537224
739 0.605369 0.225512 0.0582908
740 0.605369 0.243175 0.0601355
741 0.605369 0.232382 0.0573721
742 0.605369 0.228279 0.0584806
743 0.605369 0.229883 0.0587078
744 0.605369 0.230436 0.0518107
745 0.605369 0.243347 0.0554724
746 0.605369 0.248766 0.0563984
747 0.605369 0.224191 0.0556438
748 0.605369 0.228257 0.0658822
749 0.605369 0.231147 0.065268
750 0.605369 0.234247 0.0593287
751 0.605369 0.222209 0.055655
752 0.605369 0.21788 0.0552465
753 0.605369 0.208298 0.0530164
754 0.605369 0.214616 0.0557535
755 0.605369 0.201683 0.0584896
756 0.605369 0.19006 0.0557198
757 0.605369 0.207109 0.055951
758 0.605369 0.186228 0.0528424
759 0.605369 0.19041 0.0555761
760 0.605369 0.196557 0.0546497
761 0.605369 0.201912 0.0533982
762 0.605369 0.218845 0.0561644
763 0.605369 0.201918 0.0543509
764 0.605369 0.206975 0.0570303
765 0.605369 0.218651 0.0527697
766 0.605369 0.198226 0.0516557
767 0.605369 0.227121 0.0560909
768 0.605369 0.198848 0.0528772
769 0.605369 0.220482 0.0560476
770 0.605369 0.228219 0.0568583
771 0.605369 0.215691 0.0550299
772 0.605369 0.214761 0.0565779
773 0.605369 0.172447 0.0521322
774 0.605369 0.182058 0.0535621
775 0.605369 0.221682 0.0534696
776 0.605369 0.215739 0.0559098
777 0.605369 0.192995 0.0562051
778 0.605369 0.224293 0.0547085
779 0.605369 0.218752 0.0511152
780 0.605369 0.20541 0.052309
781 0.605369 0.22844 0.0611009
782 0.605369 0.241518 0.0590641
783 0.605369 0.2507 0.0539512
784 0.605369 0.236165 0.0549948
785 0.605369 0.260829 0.0546072
786 0.605369 0.232322 0.0563905
787 0.605369 0.265515 0.0576887
788 0.605369 0.266677 0.0563232
789 0.605369 0.258114 0.0532185
790 0.605369 0.242927 0.0550973
791 0.605369 0.259148 0.0558341
792 0.605369 0.230198 0.0516593
793 0.605369 0.18483 0.0516622
794 0.605369 0.237621 0.0552917
795 0.605369 0.23256 0.0612612
796 0.605369 0.2165 0.0571017
797 0.605369 0.204989 0.0509002
798 0.605369 0.201436 0.0547174
799 0.605369 0.24625 0.0544661
800 0.605369 0.218307 0.0578127
801 0.605369 0.215816 0.0520995
802 0.605369 0.205206 0.0506739
803 0.605369 0.222223 0.0523086
804 0.605369 0.248305 0.0540148
805 0.605369 0.226351 0.0578862
806 0.605369 0.204797 0.0577469
807 0.605369 0.209457 0.058329
808 0.605369 0.232072 0.0572442
809 0.605369 0.251719 0.0548047
810 0.605369 0.212098 0.0572633
811 0.605369 0.217019 0.0641898
812 0.605369 0.242314 0.0618736
813 0.605369 0.251081 0.0585244
814 0.605369 0.196513 0.0553352
815 0.605369 0.18846 0.0558273
816 0.605369 0.234682 0.0529588
817 0.605369 0.208023 0.0560592
818 0.605369 0.2041 0.0551995
819 0.605369 0.204125 0.0564902
820 0.605369 0.189116 0.052549
821 0.605369 0.180004 0.0545411
822 0.605369 0.185498 0.0582594
823 0.605369 0.177462 0.0567793
824 0.605369 0.205002 0.0605157
825 0.605369 0.232198 0.0623375
826 0.605369 0.228162 0.0624951
827 0.605369 0.221975 0.0608778
828 0.605369 0.253731 0.0585466
829 0.605369 0.240779 0.0585362
830 0.605369 0.245914 0.0607843
831 0.605369 0.246875 0.0592366
832 0.605369 0.193396 0.0551831
833 0.605369 0.207571 0.0568925
834 0.605369 0.23344 0.0617684
835 0.605369 0.235304 0.0588869
836 0.605369 0.215741 0.0566539
837 0.605369 0.193882 0.0565652
838 0.605369 0.187006 0.0597635
839 0.605369 0.190894 0.0540088
840 0.605369 0.244266 0.0642422
841 0.605369 0.214171 0.0599861
842 0.605369 0.2125 0.0567545
843 0.605369 0.194876 0.057552
844 0.605369 0.183937 0.051324
845 0.605369 0.184245 0.0488468
846 0.605369 0.196901 0.0524061
847 0.605369 0.209517 0.0582197
848 0.605369 0.20919 0.0565603
849 0.605369 0.203041 0.0568385
850 0.605369 0.209158 0.0606764
851 0.605369 0.188504 0.0527633
852 0.605369 0.174376 0.0497357
853 0.605369 0.193878 0.0533004
854 0.605369 0.184249 0.0542409
855 0.605369 0.198349 0.0533835
856 0.605369 0.194817 0.0528598
857 0.605369 0.219341 0.0522238
858 0.605369 0.203419 0.056252
859 0.605369 0.194877 0.0562626
860 0.605369 0.162606 0.0470966
861 0.605369 0.171686 0.0509689
862 0.605369 0.190751 0.0572146
863 0.605369 0.199727 0.0573424
864 0.605369 0.212377 0.0588387
865 0.605369 0.182964 0.0556837
866 0.605369 0.173713 0.0579512
867 0.605369 0.168889 0.0501249
868 0.605369 0.193353 0.0576596
869 0.605369 0.212959 0.0542532
870 0.605369 0.201907 0.0556874
871 0.605369 0.214691 0.0592739
872 0.605369 0.203922 0.0551524
873 0.605369 0.211815 0.0570155
874 0.605369 0.204421 0.0595384
875 0.605369 0.216958 0.0591387
876 0.605369 0.22319 0.0599917
877 0.605369 0.18603 0.0543056
878 0.605369 0.230381 0.0615192
879 0.605369 0.21296 0.0573767
880 0.605369 0.22333 0.0570875
881 0.605369 0.221662 0.0561281
882 0.605369 0.201771 0.0525554
883 0.605369 0.234781 0.0576942
884 0.605369 0.236279 0.0530305
885 0.605369 0.226338 0.0541812
886 0.605369 0.228247 0.053603
887 0.605369 0.227909 0.0533189
888 0.605369 0.236824 0.0531432
889 0.605369 0.203927 0.0566255
890 0.605369 0.225307 0.0593459
891 0.605369 0.218117 0.0527707
892 0.605369 0.226465 0.0528309
893 0.605369 0.219849 0.0594883
894 0.605369 0.229018 0.0553891
895 0.605369 0.22031 0.0558447
896 0.605369 0.237202 0.0558278
897 0.605369 0.209497 0.053743
898 0.605369 0.235604 0.0564222
899 0.605369 0.226229 0.0534671
900 0.605369 0.229946 0.0547715
901 0.605369 0.225362 0.0554685
902 0.605369 0.202152 0.0543535
903 0.605369 0.182119 0.0524034
904 0.605369 0.224771 0.0555623
905 0.605369 0.22984 0.0545854
906 0.605369 0.215494 0.0580749
907 0.605369 0.2079 0.0596876
908 0.605369 0.19157 0.0556656
909 0.605369 0.180618 0.055395
910 0.605369 0.180932 0.0559887
911 0.605369 0.176324 0.0543709
912 0.605369 0.22228 0.0632842
913 0.605369 0.207905 0.0592734
914 0.605369 0.189597 0.05586
915 0.605369 0.224977 0.0610643
916 0.605369 0.196328 0.0560072
917 0.605369 0.186571 0.0521704
918 0.605369 0.187395 0.055262
919 0.605369 0.187556 0.0560011
920 0.605369 0.21475 0.0585016
921 0.605369 0.209717 0.0563993
922 0.605369 0.233412 0.061551
923 0.605369 0.195562 0.0539845
924 0.605369 0.202705 0.055259
925 0.605369 0.205056 0.0525087
926 0.605369 0.211755 0.0592666
927 0.605369 0.22081 0.0570123
928 0.605369 0.239792 0.0556212
929 0.605369 0.209871 0.0541173
930 0.605369 0.200072 0.0537197
931 0.605369 0.256538 0.0584223
932 0.605369 0.268858 0.0555137
933 0.605369 0.246764 0.0563284
934 0.605369 0.227031 0.0540128
935 0.605369 0.211398 0.0559932
936 0.605369 0.200743 0.05214
937 0.605369 0.199555 0.0602871
938 0.605369 0.215862 0.0574029
939 0.605369 0.220523 0.0567911
940 0.605369 0.220515 0.0578871
941 0.605369 0.194767 0.0563195
942 0.605369 0.197504 0.055368
943 0.605369 0.208386 0.0598867
944 0.605369 0.192067 0.0549994
945 0.605369 0.210116 0.05453
946 0.605369 0.223526 0.0539941
947 0.605369 0.218194 0.0554347
948 0.605369 0.231219 0.0583734
949 0.605369 0.22531 0.0516887
950 0.605369 0.222441 0.0559401
951 0.605369 0.233823 0.0577269
952 0.605369 0.235669 0.0605807
953 0.605369 0.247007 0.0546144
954 0.605369 0.230987 0.0559268
955 0.605369 0.20814 0.0546936
956 0.605369 0.201792 0.0539575
957 0.605369 0.184646 0.052953
958 0.605369 0.200194 0.0563703
959 0.605369 0.22633 0.0556361
960 0.605369 0.238194 0.051198
961 0.605369 0.249697 0.0549194
962 0.605369 0.247782 0.0575833
963 0.605369 0.28112 0.0579709
964 0.605369 0.257266 0.0552948
965 0.605369 0.240901 0.0566703
966 0.605369 0.249921 0.0571272
967 0.605369 0.236995 0.0566602
968 0.605369 0.259648 0.052963
969 0.605369 0.232586 0.0591886
970 0.605369 0.235265 0.0612759
971 0.605369 0.242597 0.0603908
972 0.605369 0.218032 0.0627603
973 0.605369 0.213979 0.0557509
974 0.605369 0.206126 0.0536657
975 0.605369 0.221695 0.0571306
976 0.605369 0.269189 0.0562266
977 0.605369 0.234764 0.0571524
978 0.605369 0.256696 0.0573676
979 0.605369 0.249009 0.0550551
980 0.605369 0.226074 0.0559125
981 0.605369 0.199141 0.0558048
982 0.605369 0.206037 0.056154
983 0.605369 0.189909 0.0584498
984 0.605369 0.195924 0.0567668
985 0.605369 0.227789 0.0612152
986 0.605369 0.183035 0.0556386
987 0.605369 0.200119 0.0581488
988 0.605369 0.204596 0.0585137
989 0.605369 0.210648 0.0592273
990 0.605369 0.199148 0.0579438
991 0.605369 0.213374 0.0569262
992 0.605369 0.192565 0.0566824
993 0.605369 0.219473 0.0561272
994 0.605369 0.199792 0.0487012
995 0.605369 0.23655 0.0567167
996 0.605369 0.226216 0.0542983
997 0.605369 0.221015 0.05187
998 0.605369 0.220082 0.0574359
999 0.605369 0.191888 0.0576769
1000 0.605369 0.227945 0.0580873
