0 0.125262 0.0578254 0.00390062
1 0.125262 0.0727478 0.0038302
2 0.12527 0.0853616 0.00340221
3 0.12527 0.0901321 0.00318379
4 0.155257 0.0942222 0.00298357
5 0.155257 0.0905837 0.00318719
6 0.155257 0.0944291 0.00294555
7 0.155257 0.0967632 0.00280913
8 0.155257 0.0992675 0.00263469
9 0.155257 0.10297 0.00235113
10 0.155257 0.100791 0.00251099
11 0.375583 0.0975736 0.00368127
12 0.375583 0.101009 0.00352403
13 0.375583 0.10562 0.00319014
14 0.375583 0.112245 0.00389201
15 0.458232 0.114327 0.00573623
16 0.458232 0.112363 0.0068559
17 0.524823 0.122444 0.0086326
17 0.514255 0.0367151 0.0102368
18 0.514255 0.0448237 0.012421
19 0.514255 0.0521868 0.0146889
20 0.514255 0.0670437 0.020205
21 0.514255 0.0553602 0.0180538
22 0.514255 0.0525663 0.0180109
23 0.547299 0.0604633 0.0206485
24 0.547299 0.0738951 0.0251014
25 0.547299 0.0880226 0.0298835
26 0.547299 0.0724886 0.0280475
27 0.547299 0.0692444 0.0266529
28 0.547299 0.0946948 0.0333688
29 0.547299 0.0877882 0.0308742
30 0.547299 0.0779672 0.0296934
31 0.547299 0.0809796 0.0307614
32 0.569035 0.0803301 0.0318357
33 0.569035 0.0707029 0.0287544
34 0.569035 0.0921219 0.0337555
35 0.569035 0.097984 0.0352688
36 0.571096 0.0863197 0.0330187
37 0.571096 0.0896881 0.0357812
38 0.578914 0.10014 0.0384259
39 0.578914 0.103313 0.0364489
40 0.586883 0.0963874 0.0357581
41 0.586883 0.116466 0.0391377
42 0.586883 0.135998 0.0418726
43 0.586883 0.14713 0.0459876
44 0.586883 0.12892 0.0426801
45 0.586883 0.123075 0.0403649
46 0.586883 0.129244 0.0393231
47 0.586883 0.109108 0.0364541
48 0.586883 0.0954963 0.0382275
49 0.586883 0.119071 0.038805
50 0.586883 0.115288 0.037524
51 0.586883 0.136241 0.0449375
52 0.586883 0.114324 0.0385704
53 0.586883 0.10465 0.0381201
54 0.586883 0.127044 0.0429399
55 0.586883 0.124756 0.040256
56 0.586883 0.119985 0.0404229
57 0.586883 0.123441 0.0395436
58 0.586883 0.112148 0.0364815
59 0.586883 0.127207 0.0392619
60 0.586883 0.128579 0.0398448
61 0.592999 0.133753 0.0428212
62 0.592999 0.142309 0.0427527
63 0.592999 0.120896 0.0381873
64 0.592999 0.150234 0.0440885
65 0.592999 0.149852 0.0438813
66 0.592999 0.145412 0.046098
67 0.592999 0.144206 0.0449672
68 0.592999 0.165904 0.047208
69 0.592999 0.154282 0.0467206
70 0.592999 0.141309 0.0433697
71 0.592999 0.183263 0.0484145
72 0.592999 0.161154 0.0492691
73 0.592999 0.141283 0.0469564
74 0.592999 0.123576 0.0415114
75 0.592999 0.134833 0.0502466
76 0.592999 0.151876 0.0475385
77 0.592999 0.139171 0.0498359
78 0.592999 0.122056 0.0454899
79 0.592999 0.118556 0.044114
80 0.592999 0.129981 0.042632
81 0.592999 0.13531 0.0475081
82 0.592999 0.119781 0.0440196
83 0.592999 0.137142 0.0481451
84 0.592999 0.160694 0.0511691
85 0.592999 0.139142 0.0487786
86 0.592999 0.176488 0.0515152
87 0.592999 0.147705 0.0433657
88 0.592999 0.181528 0.047717
89 0.594712 0.183647 0.0459701
90 0.594712 0.178319 0.0493765
91 0.594712 0.162109 0.0455444
92 0.594712 0.146054 0.0408911
93 0.594712 0.143265 0.0454111
94 0.594712 0.137621 0.044474
95 0.594712 0.138953 0.0453488
96 0.599538 0.145931 0.0487984
97 0.599538 0.186094 0.0493407
98 0.599538 0.159473 0.0477871
99 0.599538 0.132007 0.0450215
100 0.599538 0.126801 0.0433522
101 0.599538 0.152804 0.0505707
102 0.600041 0.163834 0.0521998
103 0.600041 0.139135 0.0455667
104 0.600041 0.144409 0.0490888
105 0.600041 0.166845 0.054503
106 0.600041 0.170964 0.0531061
107 0.600041 0.163813 0.0497468
108 0.600041 0.176847 0.0487764
109 0.600041 0.207384 0.0519885
110 0.600041 0.214445 0.0529465
111 0.600041 0.166965 0.0466632
112 0.600041 0.196065 0.0505284
113 0.600041 0.193351 0.0493063
114 0.600041 0.182523 0.0477038
115 0.600041 0.21667 0.0509617
116 0.600991 0.239836 0.0549189
117 0.600991 0.197679 0.0515935
118 0.600991 0.224636 0.0551252
119 0.601146 0.185646 0.0496509
120 0.601146 0.184966 0.0492658
121 0.604765 0.153465 0.0499351
122 0.604765 0.148228 0.0458338
123 0.604765 0.158323 0.0458746
124 0.604765 0.172072 0.0488348
125 0.604765 0.173216 0.0538458
126 0.604765 0.153373 0.0501689
127 0.604765 0.123395 0.0431837
128 0.604765 0.141488 0.0488956
129 0.604765 0.162357 0.0492646
130 0.605699 0.160765 0.0501595
131 0.605699 0.181364 0.0535248
132 0.605699 0.129843 0.0478593
133 0.605699 0.157995 0.0528816
134 0.605699 0.157493 0.0518028
135 0.605699 0.183436 0.0557246
136 0.605699 0.173424 0.0497182
137 0.605699 0.144197 0.0450966
138 0.605699 0.161449 0.0460125
139 0.605699 0.182531 0.0487913
140 0.605699 0.202492 0.0490364
141 0.605699 0.204865 0.0538957
142 0.605699 0.228748 0.0548191
143 0.605699 0.20673 0.053218
144 0.605699 0.180426 0.0516976
145 0.605699 0.210738 0.0571438
146 0.605699 0.170646 0.0469465
147 0.605699 0.175428 0.0501179
148 0.605699 0.169787 0.0479924
149 0.605699 0.167958 0.0468829
150 0.605699 0.175068 0.0519876
151 0.605699 0.166785 0.0525061
152 0.605699 0.185054 0.0534351
153 0.605699 0.173939 0.0498122
154 0.605699 0.200727 0.0570354
155 0.605699 0.177418 0.0506137
156 0.605699 0.167143 0.0467454
157 0.605699 0.173218 0.044766
158 0.605699 0.212916 0.0476378
159 0.605699 0.174086 0.0457949
160 0.605699 0.148157 0.042497
161 0.605699 0.15509 0.051414
162 0.605699 0.157666 0.0496461
163 0.605699 0.160497 0.0512878
164 0.605699 0.148802 0.0451693
165 0.605699 0.185697 0.0523971
166 0.605699 0.192415 0.0527431
167 0.605699 0.164536 0.0477958
168 0.605699 0.171998 0.0508097
169 0.605699 0.194414 0.0548501
170 0.605699 0.196185 0.0546249
171 0.605699 0.189285 0.0530348
172 0.605699 0.188519 0.0467458
173 0.605699 0.181587 0.0509626
174 0.605699 0.185026 0.0538082
175 0.605699 0.174347 0.050849
176 0.605699 0.202072 0.0543456
177 0.605699 0.166278 0.0516909
178 0.605699 0.176807 0.0538098
179 0.605699 0.150461 0.0517285
180 0.605699 0.183372 0.0545983
181 0.605699 0.172241 0.055334
182 0.605699 0.157805 0.0504559
183 0.605699 0.172343 0.0505725
184 0.605699 0.160291 0.0487666
185 0.605699 0.169 0.0508306
186 0.605699 0.162664 0.0529367
187 0.605699 0.15556 0.0468424
188 0.605699 0.147326 0.0506741
189 0.605699 0.146358 0.0480675
190 0.605699 0.16351 0.0436618
191 0.605699 0.150746 0.0444342
192 0.605699 0.156112 0.0487222
193 0.605699 0.149054 0.0488046
194 0.605699 0.127553 0.0439341
195 0.605699 0.146594 0.0473975
196 0.605699 0.133901 0.0464069
197 0.605699 0.135029 0.0482092
198 0.605699 0.164718 0.0557072
199 0.605699 0.181282 0.0535529
200 0.605699 0.167022 0.0498603
201 0.605699 0.180739 0.054357
202 0.605699 0.168911 0.0535538
203 0.605699 0.159189 0.0504923
204 0.605699 0.184592 0.0531584
205 0.605699 0.167225 0.0503276
206 0.605699 0.150344 0.0503637
207 0.605699 0.171309 0.0583973
208 0.605699 0.171404 0.0539247
209 0.605699 0.161614 0.0514152
210 0.605699 0.165651 0.0514284
211 0.605699 0.166619 0.0524694
212 0.605699 0.145008 0.0486029
213 0.605699 0.173393 0.053136
214 0.605699 0.163056 0.0540527
215 0.605699 0.149888 0.0493181
216 0.605699 0.133781 0.0452622
217 0.605699 0.148504 0.0502344
218 0.605699 0.147502 0.0492515
219 0.605699 0.1433 0.0489157
220 0.605699 0.164413 0.055542
221 0.605699 0.163913 0.0544622
222 0.605699 0.142503 0.0508308
223 0.605699 0.132413 0.0458044
224 0.605699 0.148532 0.0479271
225 0.605699 0.175755 0.0509866
226 0.605699 0.166948 0.0496862
227 0.605699 0.184008 0.0512443
228 0.605699 0.175837 0.0507094
229 0.605699 0.198455 0.057185
230 0.605699 0.196697 0.0561078
231 0.605699 0.207439 0.0547818
232 0.605699 0.224719 0.0561262
233 0.605699 0.227816 0.0553749
234 0.605699 0.219334 0.0545333
235 0.605699 0.187379 0.0492411
236 0.605699 0.154348 0.044647
237 0.605699 0.170639 0.0475772
238 0.605699 0.168181 0.0503778
239 0.605699 0.175809 0.0554457
240 0.605699 0.174407 0.0507183
241 0.605699 0.174754 0.0508981
242 0.605699 0.174143 0.0517562
243 0.605699 0.177661 0.0525734
244 0.605699 0.177443 0.0524032
245 0.605699 0.207448 0.0564654
246 0.605778 0.198456 0.0527594
247 0.605778 0.16388 0.0520276
248 0.605778 0.199026 0.0581044
249 0.605778 0.176557 0.0507088
250 0.605778 0.164442 0.049633
251 0.605778 0.168088 0.0491004
252 0.605778 0.201253 0.0568415
253 0.605778 0.168996 0.0523329
254 0.605778 0.186696 0.0494647
255 0.605778 0.160089 0.0468177
256 0.605778 0.190396 0.0532234
257 0.605778 0.203781 0.0522463
258 0.605778 0.19446 0.0528051
259 0.605778 0.197441 0.0517028
260 0.605778 0.17465 0.0476003
261 0.605778 0.181251 0.0511577
262 0.605778 0.170396 0.0530954
263 0.605778 0.158527 0.0464086
264 0.605778 0.177191 0.0535137
265 0.605778 0.16316 0.0528541
266 0.605778 0.131599 0.0450407
267 0.605778 0.174325 0.0521678
268 0.605778 0.164403 0.0496233
269 0.605778 0.163246 0.0465752
270 0.605778 0.160099 0.0493082
271 0.605778 0.150852 0.0475104
272 0.605778 0.176858 0.0545471
273 0.605778 0.174391 0.0527813
274 0.605778 0.162774 0.0531514
275 0.605778 0.164869 0.048721
276 0.605778 0.169061 0.0509759
277 0.605778 0.158519 0.0489686
278 0.605778 0.168056 0.051156
279 0.605778 0.172248 0.0488671
280 0.605778 0.166519 0.0518996
281 0.605778 0.161003 0.0523649
282 0.605778 0.162721 0.0527281
283 0.605778 0.161636 0.0480961
284 0.605778 0.155094 0.0480907
285 0.605778 0.144278 0.0468477
286 0.605778 0.161717 0.0523742
287 0.605778 0.17806 0.0554116
288 0.605778 0.182271 0.0527486
289 0.605778 0.201083 0.0518459
290 0.605778 0.195837 0.0560419
291 0.605778 0.169104 0.0552093
292 0.605778 0.152981 0.052081
293 0.605778 0.17153 0.0596561
294 0.605778 0.179821 0.0549546
295 0.605778 0.177483 0.051253
296 0.605778 0.165808 0.0492528
297 0.605778 0.168081 0.0477431
298 0.605778 0.165337 0.050027
299 0.605778 0.172879 0.0480946
300 0.605778 0.199534 0.052684
301 0.605778 0.217288 0.0539209
302 0.605778 0.217259 0.0515959
303 0.605778 0.198535 0.0534183
304 0.605778 0.203508 0.0547156
305 0.605778 0.170811 0.0474376
306 0.605778 0.187933 0.0505369
307 0.605778 0.177305 0.0516683
308 0.605778 0.190915 0.0528628
309 0.605778 0.188059 0.0474294
310 0.605778 0.200198 0.0453146
311 0.605778 0.185455 0.0515464
312 0.605778 0.193743 0.0510291
313 0.605778 0.171668 0.045976
314 0.605778 0.186162 0.0509923
315 0.605778 0.190848 0.0503823
316 0.605778 0.200042 0.0490273
317 0.605778 0.142704 0.0471808
318 0.605778 0.121543 0.042922
319 0.605778 0.164184 0.0463497
320 0.605778 0.160499 0.0450258
321 0.605778 0.148139 0.0484256
322 0.605778 0.137095 0.0483195
323 0.605778 0.14171 0.0458335
324 0.605778 0.154491 0.0476964
325 0.605778 0.175748 0.0542966
326 0.605778 0.158777 0.0474364
327 0.605778 0.144587 0.045544
328 0.605778 0.171561 0.0507319
329 0.605778 0.171407 0.0524563
330 0.60582 0.171353 0.0526606
331 0.60582 0.145476 0.0520293
332 0.60582 0.17425 0.0537953
333 0.60582 0.176939 0.0519369
334 0.60582 0.204404 0.0530926
335 0.60582 0.18048 0.0463021
336 0.60582 0.191664 0.0466973
337 0.60582 0.181403 0.0475786
338 0.60582 0.170193 0.0461291
339 0.60582 0.178922 0.051128
340 0.60582 0.180189 0.0506042
341 0.60582 0.165857 0.0456782
342 0.60582 0.165516 0.0464
343 0.60582 0.179407 0.0494292
344 0.60582 0.186669 0.0543642
345 0.60582 0.185787 0.0566903
346 0.60582 0.165821 0.0478208
347 0.60582 0.148371 0.0467154
348 0.60582 0.151086 0.0491072
349 0.60582 0.158444 0.0505806
350 0.60582 0.14128 0.0453709
351 0.60582 0.181858 0.0562725
352 0.60582 0.157543 0.0494259
353 0.60582 0.156396 0.0483127
354 0.60582 0.166344 0.0475685
355 0.60582 0.177136 0.0492489
356 0.60582 0.164677 0.0474953
357 0.60582 0.195896 0.0516726
358 0.60582 0.169813 0.0485754
359 0.60582 0.199761 0.0517781
360 0.60582 0.190902 0.0512059
361 0.60582 0.151745 0.0458615
362 0.60582 0.159044 0.0480175
363 0.60582 0.182993 0.0533588
364 0.60582 0.186121 0.0491035
365 0.60582 0.179817 0.0511364
366 0.60582 0.183337 0.0508707
367 0.60582 0.192491 0.0528255
368 0.60582 0.170081 0.0509949
369 0.60582 0.16654 0.0468486
370 0.60582 0.177988 0.0491909
371 0.60582 0.166749 0.0475556
372 0.60582 0.148851 0.048262
373 0.60582 0.172305 0.0497413
374 0.60582 0.16627 0.0504737
375 0.60582 0.154379 0.0473671
376 0.60582 0.144749 0.049633
377 0.60582 0.137501 0.0441817
378 0.60582 0.134725 0.0469574
379 0.60582 0.16613 0.0501328
380 0.60582 0.183338 0.0520365
381 0.60582 0.18198 0.0523271
382 0.60582 0.184057 0.0513105
383 0.60582 0.204647 0.0517662
384 0.60582 0.16684 0.0504849
385 0.60582 0.170731 0.0476672
386 0.60582 0.174271 0.0517739
387 0.60582 0.16314 0.0449124
388 0.60582 0.153356 0.0479891
389 0.60582 0.179172 0.0546002
390 0.60582 0.171974 0.0520316
391 0.60582 0.177911 0.0494448
392 0.60582 0.183576 0.054391
393 0.60582 0.160977 0.0488314
394 0.60582 0.152141 0.0473931
395 0.60582 0.169492 0.0541897
396 0.60582 0.143722 0.0499283
397 0.60582 0.121267 0.0449616
398 0.60582 0.150428 0.0469614
399 0.60582 0.203712 0.0553936
400 0.60582 0.194088 0.0528874
401 0.60582 0.19559 0.0556834
402 0.60582 0.185927 0.0514024
403 0.605899 0.189985 0.0532082
404 0.605899 0.193122 0.0506671
405 0.605899 0.186478 0.0502982
406 0.605899 0.20153 0.0516732
407 0.605899 0.175233 0.0443503
408 0.605899 0.208084 0.0518329
409 0.605899 0.189434 0.0526478
410 0.605899 0.180978 0.0526277
411 0.605899 0.174851 0.0530695
412 0.605899 0.151929 0.0501243
413 0.605899 0.137368 0.0465027
414 0.605899 0.155762 0.0499555
415 0.605899 0.139932 0.0494907
416 0.605899 0.158441 0.0547808
417 0.605899 0.174992 0.0549289
418 0.605899 0.16884 0.0505691
419 0.605899 0.183233 0.0543424
420 0.605899 0.189495 0.0527442
421 0.605899 0.181776 0.0561772
422 0.605899 0.17213 0.0563283
423 0.605899 0.153527 0.0483936
424 0.605899 0.150049 0.0490053
425 0.605899 0.164474 0.0531163
426 0.605899 0.181069 0.0556517
427 0.605899 0.154611 0.0498141
428 0.605899 0.168462 0.0539915
429 0.605899 0.172666 0.0537579
430 0.605899 0.151044 0.0527893
431 0.605899 0.148617 0.0468723
432 0.605899 0.156278 0.049499
433 0.605899 0.166686 0.0499831
434 0.605899 0.151026 0.0474352
435 0.605899 0.147626 0.0456535
436 0.605899 0.1556 0.0505008
437 0.605899 0.130849 0.0435205
438 0.605899 0.139158 0.0467266
439 0.605899 0.145692 0.0475989
440 0.605899 0.165187 0.0509968
441 0.605899 0.153897 0.0520342
442 0.605899 0.151841 0.0512077
443 0.605899 0.170504 0.0487732
444 0.605899 0.163177 0.0469937
445 0.605899 0.149521 0.0456821
446 0.605899 0.144335 0.04603
447 0.605899 0.134193 0.048001
448 0.605899 0.15166 0.0510839
449 0.605899 0.151215 0.049623
450 0.605899 0.179582 0.0527789
451 0.605899 0.177886 0.0575326
452 0.605899 0.154533 0.0496145
453 0.605899 0.169756 0.0525911
454 0.605899 0.151718 0.0471143
455 0.605899 0.167356 0.050634
456 0.605899 0.159062 0.0495409
457 0.605899 0.170872 0.051867
458 0.605899 0.142692 0.0486292
459 0.605899 0.189899 0.0546083
460 0.605899 0.15968 0.0544388
461 0.605899 0.171775 0.0516952
462 0.605899 0.153776 0.0480564
463 0.605899 0.137829 0.044591
464 0.605899 0.166015 0.0556407
465 0.605899 0.169719 0.0524612
466 0.605899 0.164458 0.0548876
467 0.605899 0.151229 0.0502586
468 0.605899 0.169238 0.0503063
469 0.605899 0.162566 0.0485907
470 0.605899 0.148756 0.0496163
471 0.605899 0.150523 0.0509158
472 0.605899 0.138574 0.0475125
473 0.605899 0.159279 0.0488237
474 0.605899 0.139204 0.0504632
475 0.605899 0.140655 0.0504514
476 0.605899 0.138644 0.049213
477 0.605899 0.166997 0.0509869
478 0.605899 0.165308 0.0508332
479 0.605899 0.182373 0.0516788
480 0.605899 0.170557 0.0496308
481 0.605899 0.171658 0.0491577
482 0.605899 0.148058 0.0420476
483 0.605899 0.166511 0.0515659
484 0.605899 0.169579 0.0515101
485 0.605899 0.144328 0.0440501
486 0.605899 0.143934 0.0455352
487 0.605899 0.158304 0.0470486
488 0.605899 0.173199 0.0533695
489 0.605899 0.1744 0.0534735
490 0.605899 0.189446 0.0574487
491 0.605899 0.180844 0.0514136
492 0.605899 0.169152 0.0529528
493 0.605899 0.193635 0.0571478
494 0.605899 0.186779 0.0528339
495 0.605899 0.190287 0.0546541
496 0.605899 0.186951 0.0527979
497 0.605899 0.175872 0.0543161
498 0.605899 0.156119 0.0528365
499 0.605899 0.168693 0.0534933
500 0.605899 0.144979 0.0513374
501 0.605899 0.172648 0.0548654
502 0.605899 0.155335 0.0499769
503 0.605899 0.166596 0.0508992
504 0.605899 0.183633 0.0485104
505 0.605899 0.201691 0.0569137
506 0.605899 0.196385 0.0575865
507 0.605899 0.194211 0.0587433
508 0.605899 0.15592 0.0517749
509 0.605899 0.155323 0.0474969
510 0.605899 0.18462 0.0493961
511 0.605899 0.198763 0.0563186
512 0.605899 0.196867 0.0549601
513 0.605899 0.192761 0.0482017
514 0.605899 0.1898 0.0539556
515 0.605899 0.192993 0.053649
516 0.605899 0.208006 0.0546327
517 0.605899 0.162842 0.0521943
518 0.605899 0.177474 0.0562083
519 0.605899 0.21477 0.0585323
520 0.605899 0.186793 0.0548751
521 0.605899 0.169081 0.0509016
522 0.605899 0.174438 0.0477397
523 0.605899 0.17464 0.0463527
524 0.605899 0.169322 0.0496305
525 0.605899 0.169002 0.0502816
526 0.605899 0.168934 0.0501064
527 0.605899 0.18455 0.0519856
528 0.605899 0.148737 0.0489466
529 0.605899 0.158957 0.0517674
530 0.605899 0.14948 0.0481185
531 0.605899 0.164039 0.052612
532 0.605899 0.156868 0.050335
533 0.605899 0.168996 0.0540117
534 0.605899 0.165167 0.054045
535 0.605899 0.185898 0.0585143
536 0.605899 0.166443 0.0516198
537 0.605899 0.169417 0.0525345
538 0.605899 0.185546 0.0561416
539 0.605899 0.194264 0.0535911
540 0.605899 0.199876 0.0547642
541 0.605899 0.187247 0.0544187
542 0.605899 0.179576 0.0533131
543 0.605899 0.17295 0.0520988
544 0.605899 0.171824 0.051966
545 0.605899 0.168371 0.0508521
546 0.605899 0.166141 0.0506634
547 0.605899 0.181659 0.0535363
548 0.605899 0.154549 0.0556129
549 0.605899 0.149344 0.052132
550 0.605899 0.146758 0.0465976
551 0.605899 0.157159 0.0502789
552 0.605899 0.167612 0.0484428
553 0.605899 0.166323 0.04116
554 0.605899 0.156827 0.0446519
555 0.605899 0.189256 0.0478606
556 0.605899 0.169414 0.0516973
557 0.605899 0.169785 0.0485687
558 0.605899 0.175738 0.0515927
559 0.605899 0.166906 0.0503354
560 0.605899 0.162896 0.0513603
561 0.605899 0.170257 0.0518972
562 0.605899 0.155952 0.0486937
563 0.605899 0.155296 0.0482684
564 0.605899 0.140371 0.0472028
565 0.605899 0.135098 0.0460624
566 0.605899 0.1509 0.0492367
567 0.605899 0.16561 0.0527355
568 0.605899 0.160231 0.0529096
569 0.605899 0.137472 0.0475468
570 0.605899 0.174346 0.0539875
571 0.605899 0.18945 0.051822
572 0.605899 0.179069 0.0503742
573 0.605899 0.181136 0.0506131
574 0.605899 0.156978 0.048005
575 0.605899 0.186003 0.0471896
576 0.605899 0.185088 0.0465189
577 0.605899 0.162227 0.0510628
578 0.605899 0.160259 0.0494907
579 0.605899 0.173304 0.0506408
580 0.605899 0.158548 0.0482805
581 0.605899 0.142225 0.0471816
582 0.605899 0.166242 0.0556013
583 0.605899 0.14617 0.0491434
584 0.605899 0.153249 0.05012
585 0.605899 0.151505 0.0513833
586 0.605899 0.143368 0.0506077
587 0.605899 0.148268 0.0485523
588 0.605899 0.166043 0.0476914
589 0.605899 0.133666 0.0460337
590 0.605899 0.155741 0.0476341
591 0.605899 0.182031 0.0491582
592 0.605899 0.158246 0.0469587
593 0.605899 0.179867 0.0493278
594 0.605899 0.189792 0.0493438
595 0.605899 0.172391 0.0522138
596 0.605899 0.167961 0.0519506
597 0.605899 0.156518 0.0474339
598 0.605899 0.182517 0.0491679
599 0.605899 0.160603 0.0500013
600 0.605899 0.191075 0.0512107
601 0.605899 0.17628 0.0517721
602 0.605899 0.184091 0.0548426
603 0.605899 0.179534 0.0517225
604 0.605899 0.175443 0.0533393
605 0.605899 0.161391 0.0509889
606 0.605899 0.156967 0.0499402
607 0.605899 0.180278 0.0582935
608 0.605899 0.187936 0.0549775
609 0.605899 0.17753 0.0576307
610 0.605899 0.191116 0.0549135
611 0.605899 0.172241 0.0507124
612 0.605899 0.171677 0.0518652
613 0.605899 0.161514 0.0471074
614 0.605899 0.13612 0.0458874
615 0.605899 0.154565 0.0483089
616 0.605899 0.165897 0.0500317
617 0.605899 0.176792 0.0509093
618 0.605899 0.173316 0.0468279
619 0.605899 0.155305 0.0485284
620 0.605899 0.175263 0.0507288
621 0.605899 0.178207 0.0499049
622 0.605899 0.191853 0.0541552
623 0.605899 0.181949 0.0546588
624 0.605899 0.165391 0.0498901
625 0.605899 0.150302 0.0491641
626 0.605899 0.133505 0.0432224
627 0.605899 0.154964 0.0446267
628 0.605899 0.171051 0.0510263
629 0.605899 0.16127 0.0481657
630 0.605899 0.182799 0.0545123
631 0.605899 0.193488 0.0546749
632 0.605899 0.17649 0.0529931
633 0.605899 0.180238 0.0507718
634 0.605899 0.173985 0.0565116
635 0.605899 0.179533 0.0532016
636 0.605899 0.191274 0.0510349
637 0.605899 0.185607 0.0514828
638 0.605899 0.205896 0.0486168
639 0.605899 0.198368 0.0495434
640 0.605899 0.193536 0.0500202
641 0.605899 0.171914 0.0497323
642 0.605899 0.168416 0.0505761
643 0.605899 0.1654 0.044468
644 0.605899 0.156271 0.0435818
645 0.605899 0.163069 0.0461873
646 0.605899 0.201144 0.0538907
647 0.605899 0.180506 0.0518371
648 0.605899 0.200158 0.0493182
649 0.605899 0.212121 0.0498577
650 0.605899 0.195517 0.0508897
651 0.605899 0.175821 0.0485407
652 0.605899 0.190493 0.049316
653 0.605899 0.179268 0.050435
654 0.605899 0.16089 0.0461894
655 0.605899 0.136642 0.0428467
656 0.605899 0.148232 0.0463708
657 0.605899 0.164415 0.0450025
658 0.605899 0.151407 0.0444571
659 0.605899 0.166866 0.048983
660 0.605899 0.172835 0.049828
661 0.605899 0.168967 0.0472705
662 0.605899 0.174796 0.0478736
663 0.605899 0.15087 0.0469788
664 0.605899 0.153635 0.0467181
665 0.605899 0.1811 0.0503678
666 0.605899 0.154323 0.0441611
667 0.605899 0.188473 0.0485126
668 0.605899 0.207931 0.0526315
669 0.605899 0.216868 0.0558576
670 0.605899 0.197856 0.0521949
671 0.605899 0.201693 0.0497715
672 0.605899 0.185351 0.0490044
673 0.605899 0.194682 0.0503026
674 0.605899 0.190242 0.0534642
675 0.605899 0.170085 0.0524115
676 0.605899 0.162466 0.0508313
677 0.605899 0.163251 0.0507383
678 0.605899 0.192759 0.0495575
679 0.605899 0.17276 0.050193
680 0.605899 0.20308 0.0562789
681 0.605899 0.15537 0.0510205
682 0.605899 0.150342 0.0501097
683 0.605899 0.174684 0.0523553
684 0.605899 0.159 0.0526582
685 0.605899 0.17101 0.0511576
686 0.605899 0.150926 0.050476
687 0.605899 0.150985 0.0483752
688 0.605899 0.151551 0.0485959
689 0.605899 0.155566 0.0520375
690 0.605899 0.162492 0.0509729
691 0.605899 0.171199 0.0536269
692 0.605899 0.170751 0.0511036
693 0.605899 0.1867 0.0521705
694 0.605899 0.171584 0.0462448
695 0.605899 0.159596 0.0514492
696 0.605899 0.176445 0.0529137
697 0.605899 0.153397 0.049796
698 0.605899 0.139537 0.0487269
699 0.605899 0.154066 0.0481429
700 0.605899 0.188443 0.0567187
701 0.605899 0.183707 0.0555108
702 0.605899 0.182961 0.0526529
703 0.605899 0.184684 0.0519567
704 0.605899 0.171402 0.0534308
705 0.605899 0.18664 0.0546106
706 0.605899 0.219088 0.0511166
707 0.605899 0.182622 0.0553803
708 0.605899 0.173662 0.0525616
709 0.605899 0.156372 0.0489687
710 0.605899 0.170379 0.0499192
711 0.605899 0.173548 0.0509908
712 0.605899 0.158053 0.0491488
713 0.605899 0.189173 0.054569
714 0.606038 0.191516 0.0595605
715 0.606038 0.161905 0.0525199
716 0.606038 0.162888 0.0491724
717 0.606038 0.148919 0.0447673
718 0.606038 0.16705 0.048781
719 0.606038 0.172982 0.052464
720 0.606038 0.165898 0.0540051
721 0.606038 0.161315 0.0488707
722 0.606038 0.171113 0.0495599
723 0.606038 0.195108 0.0530727
724 0.606038 0.183931 0.0583586
725 0.606038 0.195628 0.0568129
726 0.606038 0.205817 0.0551935
727 0.606038 0.219189 0.0546747
728 0.606038 0.211309 0.0558319
729 0.606038 0.163709 0.0484009
730 0.606038 0.18064 0.0549898
731 0.606038 0.173584 0.0521721
732 0.606038 0.171811 0.0516769
733 0.606038 0.20143 0.0516293
734 0.606038 0.176713 0.0480252
735 0.606038 0.173653 0.0506063
736 0.606038 0.172878 0.0503078
737 0.606038 0.177208 0.0511604
738 0.606038 0.170986 0.0531629
739 0.606038 0.165091 0.0527551
740 0.606038 0.170911 0.0507387
741 0.606038 0.160506 0.0462616
742 0.606038 0.188386 0.0544049
743 0.606038 0.181715 0.0499624
744 0.606038 0.16005 0.0523469
745 0.606038 0.140833 0.0493493
746 0.606038 0.140788 0.0506377
747 0.606038 0.143893 0.0499165
748 0.606038 0.164171 0.0532836
749 0.606038 0.185187 0.0561244
750 0.606038 0.161505 0.0502958
751 0.606038 0.19873 0.0548229
752 0.606038 0.193296 0.0492886
753 0.606038 0.168849 0.0479173
754 0.606038 0.173886 0.047862
755 0.606038 0.168685 0.047288
756 0.606038 0.172633 0.0477658
757 0.606038 0.194791 0.0508121
758 0.606038 0.177127 0.0489337
759 0.606038 0.166882 0.0502863
760 0.606038 0.198546 0.0520923
761 0.606038 0.214854 0.0540839
762 0.606038 0.199456 0.0549113
763 0.606038 0.179672 0.0510301
764 0.606115 0.195042 0.0539741
765 0.606115 0.18644 0.0531612
766 0.606115 0.181114 0.0541193
767 0.606115 0.189133 0.0562884
768 0.606115 0.190099 0.0584712
769 0.606115 0.177417 0.0591426
770 0.606115 0.174941 0.0553778
771 0.606115 0.169515 0.0528896
772 0.606115 0.162998 0.0528681
773 0.606115 0.182686 0.0528379
774 0.606115 0.170991 0.0503786
775 0.606115 0.160201 0.0487409
776 0.606115 0.161502 0.0512035
777 0.606115 0.170969 0.0549999
778 0.606115 0.178267 0.0543479
779 0.606115 0.140765 0.045306
780 0.606115 0.163195 0.0543311
781 0.606115 0.156727 0.0495917
782 0.606115 0.158257 0.0467127
783 0.606115 0.150502 0.0479397
784 0.606115 0.160852 0.0504889
785 0.606115 0.165637 0.0518834
786 0.606115 0.195817 0.0549838
787 0.606115 0.216979 0.0525052
788 0.606115 0.201056 0.0551841
789 0.606115 0.180479 0.0520534
790 0.606115 0.181276 0.0489387
791 0.606115 0.176818 0.0494977
792 0.606115 0.173928 0.0495025
793 0.606115 0.150616 0.0449596
794 0.606115 0.182123 0.0529638
795 0.606115 0.201139 0.0533484
796 0.606115 0.158022 0.0460065
797 0.606115 0.183628 0.0527467
798 0.606115 0.193326 0.0473606
799 0.606115 0.181252 0.0551062
800 0.606115 0.165997 0.0528708
801 0.606115 0.169647 0.0513155
802 0.606115 0.178182 0.0512986
803 0.606115 0.170085 0.0497103
804 0.606115 0.168633 0.0466533
805 0.606115 0.173207 0.0492384
806 0.606115 0.212163 0.052986
807 0.606115 0.183075 0.0504292
808 0.606115 0.20744 0.049062
809 0.606115 0.210354 0.0479242
810 0.606115 0.180266 0.0516512
811 0.606115 0.170929 0.0528608
812 0.60615 0.183897 0.0546153
813 0.606259 0.192043 0.0532564
814 0.606259 0.212047 0.0578911
815 0.606259 0.2064 0.0556751
816 0.606259 0.209193 0.0547913
817 0.606259 0.19625 0.0591092
818 0.606259 0.212447 0.0582207
819 0.606259 0.193079 0.0519856
820 0.606259 0.159296 0.0517459
821 0.606259 0.162447 0.0527562
822 0.606259 0.139784 0.049285
823 0.606259 0.162727 0.0523403
824 0.606259 0.149955 0.0520985
825 0.606259 0.163802 0.0518245
826 0.606259 0.16948 0.0522464
827 0.606259 0.172186 0.0499334
828 0.606259 0.147551 0.0471189
829 0.606259 0.160634 0.0477391
830 0.606259 0.162349 0.0481307
831 0.606259 0.165264 0.051415
832 0.606259 0.166554 0.0503497
833 0.606259 0.171905 0.0521568
834 0.606259 0.18068 0.0511916
835 0.606259 0.195627 0.0532345
836 0.606259 0.180045 0.0511813
837 0.606259 0.191737 0.0516395
838 0.606259 0.191036 0.0514273
839 0.606259 0.153085 0.046201
840 0.606259 0.157228 0.0483008
841 0.606259 0.154607 0.0510236
842 0.606259 0.156176 0.0482767
843 0.606259 0.166527 0.0532656
844 0.606259 0.166799 0.0488702
845 0.606259 0.171974 0.050226
846 0.606259 0.189682 0.0522155
847 0.606259 0.166105 0.046191
848 0.606259 0.162485 0.0458589
849 0.606259 0.195715 0.0507504
850 0.606259 0.170076 0.0460712
851 0.606259 0.204946 0.0532566
852 0.606259 0.150816 0.0487658
853 0.606259 0.191253 0.0542974
854 0.606259 0.215472 0.0556464
855 0.606259 0.174625 0.0492129
856 0.606259 0.191563 0.05242
857 0.606259 0.19521 0.0513362
858 0.606259 0.180127 0.050797
859 0.606259 0.160336 0.0483348
860 0.606259 0.16448 0.0519404
861 0.606259 0.194591 0.0566111
862 0.606259 0.228895 0.0581973
863 0.606259 0.213837 0.056532
864 0.606259 0.191143 0.0538147
865 0.606259 0.170217 0.0457462
866 0.606259 0.17091 0.0494561
867 0.606259 0.173628 0.0521242
868 0.606259 0.162064 0.0489823
869 0.606259 0.14553 0.0466628
870 0.606259 0.193084 0.0526107
871 0.606259 0.18492 0.0496444
872 0.606259 0.173634 0.0514839
873 0.606259 0.176054 0.0493883
874 0.606259 0.151142 0.0520339
875 0.606259 0.177677 0.0490952
876 0.606259 0.190539 0.050843
877 0.606259 0.1584 0.0446873
878 0.606259 0.19662 0.0496267
879 0.606259 0.181144 0.0495708
880 0.606259 0.175894 0.0505176
881 0.606259 0.166832 0.0512824
882 0.606259 0.142999 0.0455613
883 0.606259 0.132266 0.0473229
884 0.606259 0.143297 0.0476813
885 0.606259 0.159224 0.0517949
886 0.606259 0.14294 0.0462644
887 0.606259 0.140497 0.0457028
888 0.606259 0.149931 0.0483308
889 0.606259 0.161886 0.0505749
890 0.606259 0.149672 0.0486009
891 0.606259 0.183713 0.0547651
892 0.606259 0.196833 0.0550613
893 0.606259 0.156243 0.0512182
894 0.606259 0.14507 0.0476
895 0.606259 0.161248 0.0518734
896 0.606259 0.170135 0.054383
897 0.606259 0.17125 0.0505656
898 0.606259 0.184157 0.0515253
899 0.606259 0.181364 0.0551063
900 0.606259 0.156499 0.0488826
901 0.606259 0.153925 0.0488349
902 0.606259 0.174007 0.0541316
903 0.606259 0.141726 0.0460306
904 0.606259 0.16769 0.0516203
905 0.606259 0.172964 0.0535502
906 0.606259 0.157825 0.0499438
907 0.606259 0.169288 0.0496353
908 0.606259 0.174301 0.0533594
909 0.606259 0.18687 0.0502217
910 0.606259 0.178201 0.0523543
911 0.606259 0.17155 0.0544593
912 0.606259 0.185003 0.0532164
913 0.606259 0.181286 0.052957
914 0.606259 0.188356 0.0570773
915 0.606259 0.156936 0.0507147
916 0.606259 0.16135 0.0519422
917 0.606259 0.16264 0.0506651
918 0.606259 0.165278 0.0507442
919 0.606259 0.163555 0.0505015
920 0.606259 0.174914 0.0491369
921 0.606259 0.202318 0.0555088
922 0.606259 0.158968 0.0532509
923 0.606259 0.179137 0.0511654
924 0.606259 0.168756 0.0534958
925 0.606259 0.145226 0.047383
926 0.606259 0.167269 0.0505306
927 0.606259 0.141604 0.0476107
928 0.606259 0.158911 0.0493551
929 0.606259 0.14549 0.0501096
930 0.606259 0.149505 0.0527502
931 0.606259 0.151295 0.0520075
932 0.606259 0.142491 0.0472963
933 0.606259 0.159877 0.0513008
934 0.606259 0.167265 0.0532047
935 0.606259 0.156842 0.0515964
936 0.606259 0.136688 0.0466744
937 0.606259 0.145282 0.0493977
938 0.606259 0.147683 0.0489343
939 0.606259 0.168972 0.0490258
940 0.606259 0.148487 0.0465524
941 0.606259 0.160882 0.0454055
942 0.606259 0.160792 0.047428
943 0.606259 0.211065 0.0557792
944 0.606259 0.169831 0.0517966
945 0.606259 0.187721 0.0510334
946 0.606259 0.152272 0.0468748
947 0.606259 0.163804 0.0502192
948 0.606259 0.164805 0.0495993
949 0.606259 0.176848 0.0508992
950 0.606259 0.172623 0.0461974
951 0.606259 0.177964 0.0472355
952 0.606259 0.180572 0.0487189
953 0.606259 0.191112 0.0520626
954 0.606259 0.182295 0.0527846
955 0.606259 0.20785 0.053346
956 0.606259 0.188488 0.0536789
957 0.606259 0.180634 0.0525898
958 0.606259 0.160828 0.0513579
959 0.606259 0.171164 0.0503269
960 0.606259 0.160703 0.0481722
961 0.606259 0.170111 0.0504415
962 0.606259 0.17253 0.0526605
963 0.606259 0.192488 0.0537742
964 0.606259 0.193004 0.050665
965 0.606259 0.218351 0.0538763
966 0.606259 0.193534 0.0527481
967 0.606259 0.156333 0.0443327
968 0.606259 0.149804 0.0472384
969 0.606259 0.158911 0.0507706
970 0.606259 0.172398 0.0488742
971 0.606259 0.145593 0.0436394
972 0.606259 0.147797 0.0488544
973 0.606259 0.166487 0.0492165
974 0.606259 0.168945 0.0499101
975 0.606259 0.13572 0.0451538
976 0.606259 0.145695 0.0479324
977 0.606259 0.167069 0.0516676
978 0.606259 0.154396 0.0489016
979 0.606259 0.155739 0.0513515
980 0.606259 0.170006 0.0497749
981 0.606259 0.14034 0.044
982 0.606259 0.129687 0.044279
983 0.606259 0.143182 0.049965
984 0.606259 0.172316 0.0550237
985 0.606259 0.170809 0.0499234
986 0.606259 0.198327 0.0560889
987 0.606259 0.150802 0.047801
988 0.606259 0.152643 0.0492616
989 0.606259 0.167868 0.0524223
990 0.606259 0.17405 0.0526849
991 0.606259 0.181658 0.0549552
992 0.606259 0.15844 0.0489344
993 0.606259 0.169182 0.0512466
994 0.606259 0.154335 0.0515146
995 0.606259 0.149872 0.0473277
996 0.606259 0.170171 0.0501529
997 0.606259 0.155683 0.0501345
998 0.606259 0.173019 0.0505649
999 0.606259 0.179569 0.0508751
1000 0.606259 0.166468 0.0519567
