0 0.125264 0.0664703 0.00391982
1 0.125264 0.0806686 0.00356846
2 0.125273 0.0865517 0.003352
3 0.306487 0.0946063 0.00346108
4 0.306487 0.10707 0.00250112
5 0.480862 0.111849 0.00409665
6 0.480862 0.117973 0.00376836
7 0.480862 0.11558 0.0043566
8 0.491477 0.118258 0.00587752
9 0.491477 0.114167 0.00709476
10 0.491477 0.115659 0.00966743
11 0.491477 0.130961 0.0173233
12 0.496868 0.15294 0.02611
13 0.545167 0.142008 0.0265649
13 0.552524 0.0947329 0.0339205
14 0.552524 0.0985991 0.0367901
15 0.552524 0.0960349 0.0365313
16 0.573793 0.124617 0.0449584
17 0.573793 0.134509 0.0494493
18 0.573793 0.124995 0.0459712
19 0.581998 0.132292 0.048572
20 0.581998 0.128307 0.0471019
21 0.581998 0.156674 0.0489129
22 0.581998 0.168164 0.0509791
23 0.581998 0.145633 0.0485107
24 0.581998 0.165471 0.0523509
25 0.581998 0.160354 0.0512446
26 0.581998 0.17092 0.0516223
27 0.581998 0.164758 0.0499024
28 0.581998 0.188944 0.0542292
29 0.581998 0.190063 0.0508868
30 0.583781 0.189385 0.0529546
31 0.584456 0.194404 0.0489557
32 0.584456 0.209771 0.0518173
33 0.584456 0.192328 0.0489904
34 0.589182 0.203704 0.0578077
35 0.593031 0.215996 0.0577021
36 0.593031 0.209879 0.0535123
37 0.593031 0.210842 0.0530163
38 0.593031 0.217801 0.0495998
39 0.593031 0.196037 0.0471485
40 0.593031 0.187398 0.0500325
41 0.593031 0.174071 0.0477281
42 0.593031 0.192353 0.0514408
43 0.593031 0.224504 0.0561777
44 0.593031 0.25334 0.0524606
45 0.593031 0.230041 0.0515949
46 0.593031 0.202989 0.0521891
47 0.593031 0.186067 0.0514564
48 0.593031 0.186692 0.0498286
49 0.593031 0.210425 0.0567896
50 0.593031 0.218349 0.055326
51 0.593031 0.199324 0.0509019
52 0.593031 0.188638 0.0483461
53 0.593031 0.197324 0.0535331
54 0.593031 0.231541 0.0583676
55 0.593031 0.199314 0.0545424
56 0.593031 0.211964 0.0505156
57 0.593031 0.214571 0.054394
58 0.593031 0.1915 0.0552877
59 0.593031 0.212444 0.0583323
60 0.593031 0.219227 0.0543707
61 0.593031 0.223709 0.0504992
62 0.593031 0.206717 0.0533251
63 0.593031 0.189542 0.0508609
64 0.593031 0.195007 0.0524883
65 0.593716 0.191069 0.0521855
66 0.593716 0.22699 0.0571867
67 0.593716 0.226885 0.0553971
68 0.593716 0.210071 0.057623
69 0.593716 0.213682 0.0520176
70 0.593716 0.1891 0.0537474
71 0.593716 0.204686 0.055599
72 0.593716 0.208886 0.0515229
73 0.593716 0.184893 0.0455534
74 0.593716 0.181284 0.0484086
75 0.593716 0.187467 0.0481852
76 0.593716 0.200291 0.0499422
77 0.593716 0.193199 0.0495351
78 0.593716 0.169753 0.0505212
79 0.593716 0.176429 0.0509522
80 0.593716 0.167602 0.0472746
81 0.593716 0.164551 0.0497795
82 0.593716 0.141756 0.044235
83 0.593716 0.187942 0.0504195
84 0.593716 0.194838 0.0530763
85 0.593716 0.197218 0.0569021
86 0.593716 0.210524 0.0574179
87 0.593716 0.190374 0.0527961
88 0.593716 0.180824 0.0515229
89 0.593716 0.191724 0.0529357
90 0.593716 0.183308 0.0516502
91 0.593716 0.184359 0.0536625
92 0.593716 0.189671 0.0512364
93 0.593716 0.211246 0.0571793
94 0.593716 0.235052 0.053528
95 0.593716 0.212824 0.0524649
96 0.593716 0.185786 0.0548306
97 0.593716 0.197302 0.0566421
98 0.593716 0.206301 0.0537524
99 0.593716 0.216097 0.0544091
100 0.594317 0.230396 0.0541418
101 0.594317 0.215922 0.0529741
102 0.594317 0.208828 0.0519235
103 0.594317 0.222441 0.0544054
104 0.594317 0.190861 0.0528299
105 0.594317 0.21898 0.0508946
106 0.594317 0.213614 0.0506541
107 0.594317 0.22439 0.0522764
108 0.594317 0.217257 0.0488105
109 0.594317 0.22548 0.0534755
110 0.594317 0.235789 0.0520949
111 0.594317 0.194761 0.0534016
112 0.594317 0.174499 0.0519476
113 0.594317 0.188568 0.0540673
114 0.594317 0.194127 0.05593
115 0.594317 0.205452 0.0537578
116 0.594317 0.206759 0.0560935
117 0.594317 0.195033 0.0512725
118 0.594317 0.204973 0.0569731
119 0.594317 0.190885 0.0572254
120 0.595889 0.183336 0.0564302
121 0.595889 0.187713 0.0526443
122 0.595889 0.20212 0.053024
123 0.595889 0.198798 0.0539733
124 0.595889 0.168726 0.0483088
125 0.595889 0.182549 0.0504466
126 0.595889 0.209124 0.0575949
127 0.595889 0.196625 0.051969
128 0.595889 0.180197 0.0547384
129 0.595889 0.195781 0.0533787
130 0.595889 0.186004 0.0526111
131 0.595889 0.183302 0.0531597
132 0.595889 0.177178 0.0500182
133 0.595889 0.155282 0.0434383
134 0.595889 0.184904 0.0553332
135 0.595889 0.189116 0.0525229
136 0.595889 0.18809 0.0540922
137 0.595889 0.164092 0.0485198
138 0.595889 0.177071 0.0534958
139 0.595889 0.184271 0.0542911
140 0.595889 0.167237 0.0554113
141 0.595889 0.169599 0.0523301
142 0.595889 0.190961 0.0520938
143 0.595889 0.221123 0.0527705
144 0.595889 0.194699 0.0539202
145 0.595889 0.202697 0.0506831
146 0.597003 0.234212 0.0564585
147 0.597003 0.240928 0.0579612
148 0.597003 0.220283 0.0528778
149 0.597003 0.204102 0.0542454
150 0.597003 0.198699 0.0561994
151 0.597003 0.211481 0.0549136
152 0.597003 0.200549 0.0512696
153 0.597003 0.196965 0.0535576
154 0.597003 0.203711 0.0549267
155 0.597003 0.192521 0.0546324
156 0.597003 0.197547 0.0554766
157 0.597003 0.17619 0.0564795
158 0.597003 0.197166 0.0560932
159 0.597003 0.186125 0.0544949
160 0.597003 0.176121 0.0520804
161 0.597638 0.173006 0.0514769
162 0.597638 0.204358 0.0595106
163 0.597638 0.210024 0.0594022
164 0.597638 0.168522 0.0577285
165 0.597638 0.173485 0.0537789
166 0.597638 0.160191 0.0536392
167 0.597638 0.198754 0.0549998
168 0.597638 0.184502 0.0526942
169 0.597638 0.205993 0.0517315
170 0.597638 0.209226 0.0540561
171 0.597638 0.210519 0.0510352
172 0.597638 0.221476 0.0582186
173 0.597638 0.230751 0.0540042
174 0.597638 0.199033 0.0526131
175 0.597638 0.209349 0.0532307
176 0.597638 0.230406 0.056645
177 0.597638 0.220638 0.0598732
178 0.597638 0.234767 0.0579788
179 0.597638 0.212076 0.0604498
180 0.597638 0.205192 0.0557935
181 0.597638 0.211989 0.0491353
182 0.597638 0.227843 0.0524148
183 0.597638 0.202992 0.0517867
184 0.597638 0.202252 0.0512532
185 0.597638 0.229857 0.0580471
186 0.597638 0.202904 0.0572474
187 0.597638 0.19383 0.0573279
188 0.597638 0.184478 0.0516101
189 0.597638 0.198526 0.0583338
190 0.597638 0.207459 0.0518448
191 0.597638 0.202499 0.0504982
192 0.597638 0.201426 0.0515218
193 0.597638 0.202701 0.0513068
194 0.597638 0.195536 0.0516411
195 0.597638 0.229268 0.056891
196 0.597638 0.221887 0.0590074
197 0.597638 0.197041 0.0552992
198 0.597638 0.198237 0.0565965
199 0.597638 0.196506 0.0551467
200 0.598128 0.228265 0.0545031
201 0.598128 0.201751 0.0564101
202 0.598128 0.199682 0.0571987
203 0.598128 0.228512 0.0574287
204 0.598128 0.209036 0.0568672
205 0.598128 0.228798 0.0545079
206 0.598128 0.227141 0.0555491
207 0.598128 0.216919 0.0553738
208 0.598128 0.21491 0.0549662
209 0.598128 0.207563 0.053904
210 0.598128 0.230943 0.0550592
211 0.598128 0.181132 0.055143
212 0.598128 0.19177 0.0516164
213 0.598128 0.221614 0.0533492
214 0.598128 0.251298 0.0576799
215 0.598128 0.258948 0.0580761
216 0.598128 0.241062 0.0581051
217 0.598128 0.24543 0.0561271
218 0.598128 0.228716 0.0546871
219 0.598128 0.234863 0.0551646
220 0.598128 0.245082 0.0522554
221 0.598128 0.249031 0.0517146
222 0.598128 0.209603 0.0543787
223 0.598128 0.230953 0.0570111
224 0.598128 0.237903 0.0563466
225 0.598128 0.219465 0.053271
226 0.598128 0.223146 0.0569555
227 0.598128 0.213556 0.0538791
228 0.598128 0.242702 0.0564378
229 0.598128 0.222489 0.0567084
230 0.598128 0.234858 0.0591677
231 0.598128 0.211804 0.0572972
232 0.598128 0.193767 0.0555419
233 0.598128 0.223028 0.0575079
234 0.598247 0.23582 0.0599631
235 0.598247 0.222767 0.0550375
236 0.598247 0.224194 0.0585241
237 0.598247 0.221894 0.0537571
238 0.598247 0.207128 0.0575322
239 0.598247 0.211722 0.0584469
240 0.598247 0.189762 0.0551679
241 0.598247 0.198111 0.0585089
242 0.598247 0.220196 0.055472
243 0.598247 0.240727 0.0593679
244 0.598247 0.197035 0.0579376
245 0.598247 0.176665 0.0560719
246 0.598247 0.16899 0.050031
247 0.598247 0.209745 0.0554694
248 0.598247 0.194605 0.0516138
249 0.598247 0.192547 0.0534188
250 0.598247 0.197154 0.0556333
251 0.598247 0.184325 0.0520366
252 0.598433 0.19874 0.054088
253 0.598433 0.20142 0.0563515
254 0.598433 0.217155 0.0589695
255 0.598433 0.228594 0.0549381
256 0.598433 0.216519 0.0553014
257 0.598433 0.223571 0.0593566
258 0.598433 0.241145 0.0541591
259 0.598433 0.23112 0.0580192
260 0.598433 0.237576 0.0558765
261 0.598433 0.246467 0.0528325
262 0.598433 0.225995 0.0525
263 0.598433 0.233351 0.0537447
264 0.598433 0.232582 0.0570129
265 0.598433 0.250649 0.0563762
266 0.598433 0.242972 0.0510489
267 0.598433 0.194491 0.0502194
268 0.598433 0.226751 0.0535029
269 0.598433 0.210683 0.0567041
270 0.598433 0.195783 0.0551589
271 0.59859 0.225505 0.0558229
272 0.59859 0.209875 0.0553859
273 0.59859 0.207867 0.0556119
274 0.59859 0.198415 0.0575123
275 0.59859 0.203613 0.0554563
276 0.59859 0.207233 0.0504095
277 0.59859 0.216767 0.0529868
278 0.59859 0.216334 0.0550307
279 0.59859 0.227572 0.0541828
280 0.59859 0.238702 0.0536154
281 0.59859 0.227994 0.0532415
282 0.59859 0.242491 0.0523991
283 0.59859 0.265526 0.0578248
284 0.59859 0.239253 0.0591274
285 0.59859 0.245643 0.0558039
286 0.59859 0.223301 0.054986
287 0.59859 0.214469 0.0563215
288 0.59859 0.215645 0.0548527
289 0.59859 0.204653 0.0495572
290 0.59859 0.220213 0.0557376
291 0.59859 0.235731 0.0513089
292 0.59859 0.21164 0.0542041
293 0.59859 0.240341 0.0532197
294 0.59859 0.225826 0.0506
295 0.59859 0.239882 0.0522194
296 0.59859 0.262193 0.0507933
297 0.59859 0.235536 0.0538189
298 0.59859 0.23639 0.0527722
299 0.59859 0.218005 0.0526194
300 0.59859 0.233882 0.0541862
301 0.59859 0.215886 0.0497964
302 0.59859 0.199287 0.0547971
303 0.59859 0.221856 0.0560481
304 0.59859 0.220415 0.0593209
305 0.59859 0.19893 0.051783
306 0.59859 0.210224 0.056068
307 0.59859 0.219138 0.0568329
308 0.59859 0.206146 0.0577075
309 0.59859 0.205882 0.0557623
310 0.59859 0.205216 0.0536239
311 0.59859 0.213678 0.0537681
312 0.59859 0.205413 0.0539333
313 0.59859 0.199804 0.0555243
314 0.59859 0.179389 0.0522668
315 0.59859 0.206921 0.0494987
316 0.59859 0.189157 0.0504005
317 0.59859 0.18692 0.0502056
318 0.59859 0.209846 0.0554486
319 0.59859 0.210511 0.0493323
320 0.59859 0.212712 0.0543989
321 0.59859 0.216702 0.0541155
322 0.59859 0.198568 0.0492194
323 0.59859 0.185801 0.0537432
324 0.59859 0.234923 0.0521335
325 0.59859 0.208905 0.0551585
326 0.59859 0.179761 0.0553297
327 0.59859 0.190363 0.0548377
328 0.59859 0.179589 0.0510296
329 0.59859 0.208231 0.0565127
330 0.59859 0.228574 0.0571682
331 0.59859 0.223826 0.0600981
332 0.59859 0.186941 0.0521833
333 0.59859 0.194064 0.0520668
334 0.59859 0.19696 0.0499932
335 0.59859 0.182026 0.0516961
336 0.59859 0.188426 0.0505943
337 0.59859 0.177929 0.050466
338 0.59859 0.200749 0.051307
339 0.59859 0.244291 0.0531112
340 0.59859 0.215124 0.0603055
341 0.59859 0.211175 0.0561973
342 0.59859 0.200327 0.0538634
343 0.59859 0.189733 0.0583818
344 0.59859 0.182129 0.0545845
345 0.59859 0.224782 0.06188
346 0.59859 0.201337 0.0541356
347 0.59859 0.185417 0.0556365
348 0.59859 0.203444 0.0544583
349 0.59859 0.234053 0.0544671
350 0.59859 0.221529 0.0535883
351 0.59859 0.224294 0.0490711
352 0.59859 0.248235 0.0508387
353 0.59859 0.24066 0.0531575
354 0.59859 0.226427 0.0484472
355 0.59859 0.207819 0.0510492
356 0.59859 0.209063 0.0548765
357 0.59859 0.212875 0.0526739
358 0.59859 0.189679 0.0524721
359 0.59859 0.213618 0.0587625
360 0.59859 0.239108 0.0539299
361 0.59859 0.240114 0.0565014
362 0.59859 0.239669 0.0543043
363 0.59859 0.222877 0.0564145
364 0.59859 0.24112 0.0601492
365 0.59859 0.226015 0.0563673
366 0.59859 0.174442 0.05593
367 0.59859 0.255596 0.0558433
368 0.59859 0.230851 0.0572974
369 0.59859 0.236932 0.0575197
370 0.59859 0.223531 0.0534807
371 0.59859 0.249581 0.0493821
372 0.59859 0.239454 0.0556629
373 0.59859 0.228305 0.0594207
374 0.59859 0.218207 0.0582491
375 0.59859 0.207205 0.0570645
376 0.59859 0.250134 0.0571681
377 0.59859 0.250835 0.0552733
378 0.59859 0.220697 0.0522158
379 0.59859 0.200094 0.0527034
380 0.59859 0.218904 0.053169
381 0.59859 0.21891 0.0565472
382 0.59859 0.219869 0.0561723
383 0.59859 0.220183 0.0552796
384 0.59859 0.212322 0.05581
385 0.59859 0.237411 0.0578065
386 0.59859 0.208743 0.0547118
387 0.59859 0.216783 0.053005
388 0.59859 0.205679 0.0499579
389 0.59859 0.224869 0.0546564
390 0.59859 0.193209 0.0515408
391 0.59859 0.186653 0.0521135
392 0.59859 0.169235 0.0526974
393 0.59859 0.187361 0.0526975
394 0.59859 0.191473 0.053587
395 0.59859 0.212351 0.0563469
396 0.59859 0.231461 0.0578382
397 0.59859 0.192817 0.0558813
398 0.59859 0.164376 0.051592
399 0.59859 0.172561 0.0551977
400 0.59859 0.193766 0.0515591
401 0.59859 0.205691 0.0543674
402 0.59859 0.205428 0.0510115
403 0.59859 0.188734 0.0555025
404 0.59859 0.199696 0.0561033
405 0.59859 0.176516 0.0509024
406 0.598594 0.219029 0.05578
407 0.598594 0.17413 0.0511959
408 0.598594 0.192346 0.0511823
409 0.598594 0.187238 0.0522154
410 0.598594 0.183492 0.054047
411 0.598594 0.200161 0.0534588
412 0.598594 0.172884 0.0493505
413 0.598594 0.16859 0.0509946
414 0.598594 0.180105 0.0575291
415 0.598594 0.19082 0.0553493
416 0.598594 0.173283 0.0516224
417 0.598594 0.178516 0.0524581
418 0.598594 0.183334 0.0580114
419 0.598594 0.17307 0.0539084
420 0.598594 0.176782 0.054114
421 0.598798 0.190822 0.058197
422 0.598798 0.189376 0.0522299
423 0.598798 0.185954 0.052564
424 0.598798 0.209873 0.0515643
425 0.598798 0.22772 0.0524751
426 0.598798 0.222175 0.0545291
427 0.598798 0.232598 0.0546781
428 0.598798 0.206451 0.0490519
429 0.598798 0.193543 0.0528542
430 0.598798 0.199855 0.0542275
431 0.598798 0.196808 0.0531445
432 0.598798 0.186292 0.0499652
433 0.598798 0.188801 0.0550823
434 0.598798 0.177003 0.0544062
435 0.598798 0.197655 0.0567182
436 0.598798 0.243885 0.0562092
437 0.598798 0.258406 0.0560658
438 0.598798 0.220054 0.0559093
439 0.598798 0.20766 0.0551518
440 0.598798 0.18812 0.049596
441 0.598798 0.195067 0.0492891
442 0.598798 0.189869 0.0568938
443 0.598798 0.167621 0.0519112
444 0.598798 0.190211 0.0541144
445 0.598798 0.194575 0.0571055
446 0.598798 0.173816 0.0506912
447 0.598798 0.189363 0.0554741
448 0.598798 0.188437 0.0526676
449 0.598798 0.19295 0.0558472
450 0.598798 0.189741 0.0570017
451 0.598798 0.206892 0.0585894
452 0.598798 0.216499 0.0562705
453 0.598798 0.222526 0.054184
454 0.598798 0.206469 0.0554421
455 0.598798 0.185286 0.0551982
456 0.598798 0.168328 0.0535876
457 0.598798 0.174971 0.0538155
458 0.598798 0.183816 0.0554074
459 0.598798 0.209038 0.0596171
460 0.598798 0.212855 0.058857
461 0.598798 0.195499 0.0583088
462 0.598798 0.188888 0.0556913
463 0.598798 0.203895 0.0585455
464 0.598798 0.167858 0.0551751
465 0.598798 0.20852 0.0548514
466 0.598798 0.216132 0.0566178
467 0.598798 0.188299 0.0525405
468 0.598798 0.202415 0.0570199
469 0.598798 0.208306 0.0563824
470 0.598798 0.147062 0.0493403
471 0.598798 0.182688 0.053961
472 0.598798 0.161788 0.0503274
473 0.598798 0.186588 0.053928
474 0.598798 0.189432 0.0586144
475 0.598798 0.227255 0.0585466
476 0.598798 0.235685 0.0564877
477 0.598798 0.204094 0.0537177
478 0.598798 0.227867 0.0540478
479 0.598798 0.243012 0.0597311
480 0.598798 0.234594 0.0529392
481 0.598798 0.224911 0.0541791
482 0.598798 0.20397 0.0528288
483 0.598798 0.213819 0.0551027
484 0.598798 0.240849 0.0520355
485 0.598798 0.232109 0.0534504
486 0.598798 0.246957 0.0568152
487 0.598798 0.202657 0.0540587
488 0.598798 0.196441 0.0549479
489 0.598798 0.189549 0.0546066
490 0.598798 0.231647 0.0545312
491 0.598798 0.232232 0.0560793
492 0.598798 0.21769 0.0565121
493 0.598798 0.21988 0.0501967
494 0.598798 0.208027 0.0531744
495 0.598798 0.215314 0.055419
496 0.598798 0.231069 0.0577815
497 0.598798 0.220534 0.0580425
498 0.598798 0.20258 0.0520219
499 0.598798 0.196748 0.0556273
500 0.598798 0.184353 0.0548481
501 0.598798 0.213602 0.0567834
502 0.598798 0.195079 0.0528741
503 0.598798 0.165671 0.0494874
504 0.598798 0.185224 0.0560149
505 0.598798 0.208454 0.0558546
506 0.598798 0.219265 0.0593985
507 0.598798 0.213705 0.0580693
508 0.598798 0.21459 0.0605753
509 0.598798 0.198107 0.0526934
510 0.598798 0.202657 0.0565814
511 0.598798 0.195007 0.0532067
512 0.598798 0.19209 0.0533699
513 0.598798 0.206736 0.0526712
514 0.598798 0.196539 0.0546013
515 0.598798 0.197978 0.0538801
516 0.598798 0.201954 0.0546051
517 0.598798 0.174567 0.0547663
518 0.598798 0.168657 0.0550355
519 0.598798 0.192955 0.0564268
520 0.598798 0.177658 0.0514841
521 0.598798 0.178508 0.0554082
522 0.598798 0.190465 0.0577673
523 0.598798 0.177427 0.0574216
524 0.598798 0.208081 0.0592968
525 0.598798 0.213727 0.0565844
526 0.598798 0.213219 0.058309
527 0.598798 0.204888 0.0587068
528 0.598798 0.199028 0.0584677
529 0.598798 0.164823 0.0533247
530 0.598798 0.179063 0.0522414
531 0.598798 0.151597 0.0449617
532 0.598798 0.17397 0.0470401
533 0.598798 0.181812 0.0493081
534 0.598798 0.202485 0.0538521
535 0.598798 0.227305 0.0578261
536 0.598798 0.211368 0.0489767
537 0.598798 0.189296 0.0496071
538 0.598798 0.199035 0.051133
539 0.598798 0.22725 0.0578827
540 0.598798 0.226445 0.0521414
541 0.598798 0.216462 0.0519827
542 0.598798 0.22709 0.0556947
543 0.598798 0.212802 0.0531467
544 0.598798 0.220863 0.0567
545 0.598798 0.210214 0.0567014
546 0.598798 0.193319 0.0550966
547 0.598798 0.203191 0.0582229
548 0.598798 0.197224 0.0509357
549 0.598798 0.188707 0.0552549
550 0.598798 0.189022 0.053673
551 0.598798 0.21327 0.0524904
552 0.598798 0.210154 0.0537021
553 0.598798 0.231321 0.058085
554 0.598798 0.203662 0.0574341
555 0.598798 0.222864 0.0602886
556 0.598798 0.224444 0.0578426
557 0.598798 0.2537 0.059838
558 0.598798 0.27009 0.0575238
559 0.598798 0.249303 0.0598639
560 0.598798 0.23522 0.0557097
561 0.598798 0.224548 0.0542249
562 0.598798 0.223626 0.0543686
563 0.598798 0.231396 0.0564656
564 0.598798 0.234201 0.0560161
565 0.598798 0.234353 0.0559183
566 0.598798 0.225944 0.0503341
567 0.598798 0.200929 0.0493087
568 0.598798 0.204664 0.0535365
569 0.598798 0.223136 0.0586498
570 0.598798 0.229692 0.0563425
571 0.598798 0.223636 0.0577537
572 0.598798 0.204808 0.0558406
573 0.598798 0.219341 0.0538086
574 0.598798 0.188345 0.0570045
575 0.598798 0.184204 0.0503474
576 0.598798 0.215844 0.0559601
577 0.598798 0.223021 0.0540521
578 0.598798 0.225625 0.0532498
579 0.598798 0.197179 0.0535778
580 0.598798 0.218012 0.0548718
581 0.598798 0.17739 0.0487129
582 0.598798 0.218963 0.0530454
583 0.598798 0.202021 0.0558135
584 0.598798 0.187796 0.0541992
585 0.598798 0.240028 0.0609106
586 0.598798 0.199284 0.0553231
587 0.598798 0.166955 0.0544376
588 0.598798 0.192966 0.0576823
589 0.598798 0.184361 0.055814
590 0.598798 0.215182 0.0608092
591 0.598798 0.23042 0.0575707
592 0.598798 0.223909 0.0549511
593 0.598798 0.216526 0.0537067
594 0.598798 0.218474 0.0542875
595 0.598798 0.23333 0.050079
596 0.598798 0.240827 0.0529984
597 0.598798 0.217767 0.0502514
598 0.598798 0.241795 0.053425
599 0.598798 0.207459 0.0553817
600 0.598798 0.210171 0.0527471
601 0.598798 0.183012 0.0550681
602 0.598798 0.183489 0.0521265
603 0.598798 0.195177 0.0529964
604 0.598798 0.224039 0.0550256
605 0.598798 0.215478 0.0493301
606 0.598798 0.191982 0.0468188
607 0.598798 0.206295 0.0490595
608 0.598798 0.180554 0.0488899
609 0.598798 0.187918 0.0538178
610 0.598798 0.189117 0.0554206
611 0.598798 0.173923 0.0544672
612 0.598798 0.17898 0.0565122
613 0.598798 0.189911 0.0525126
614 0.598798 0.197242 0.0546433
615 0.598798 0.201764 0.0576566
616 0.598798 0.193337 0.0556019
617 0.598798 0.178666 0.056782
618 0.598798 0.188973 0.0512924
619 0.598798 0.245178 0.0529691
620 0.598798 0.208531 0.0533859
621 0.598798 0.206038 0.0573544
622 0.598798 0.191285 0.0542512
623 0.598798 0.204617 0.0545529
624 0.598798 0.203954 0.0547555
625 0.598798 0.214177 0.0571616
626 0.598798 0.204826 0.0511634
627 0.598798 0.195798 0.0547386
628 0.598798 0.172642 0.0539806
629 0.598798 0.181703 0.0512306
630 0.598798 0.180233 0.0504992
631 0.598798 0.197128 0.0518036
632 0.598798 0.201294 0.0514969
633 0.598798 0.189703 0.0511596
634 0.598798 0.192499 0.0498132
635 0.598798 0.212655 0.056261
636 0.598798 0.21642 0.0534526
637 0.598798 0.210373 0.056035
638 0.598798 0.22741 0.0563169
639 0.598798 0.205818 0.0524129
640 0.598798 0.204623 0.0549788
641 0.598798 0.232884 0.0584985
642 0.598798 0.228926 0.0565601
643 0.598798 0.252667 0.0564367
644 0.598798 0.233604 0.0526728
645 0.598798 0.219416 0.0547378
646 0.598798 0.220909 0.0558263
647 0.598798 0.199046 0.0523553
648 0.598798 0.190785 0.0566896
649 0.598798 0.191644 0.056041
650 0.598798 0.21966 0.0582123
651 0.598798 0.226643 0.0549617
652 0.598798 0.200525 0.0506439
653 0.598798 0.16797 0.0504245
654 0.598798 0.189054 0.0503435
655 0.598798 0.16465 0.0505156
656 0.598798 0.169087 0.0537936
657 0.598798 0.200737 0.0519617
658 0.598798 0.176154 0.0475811
659 0.598798 0.20134 0.0522679
660 0.598798 0.159023 0.0475891
661 0.598798 0.175588 0.0486667
662 0.598798 0.187619 0.0507358
663 0.601111 0.208231 0.0578445
664 0.601111 0.210955 0.0533456
665 0.601111 0.18722 0.0510405
666 0.601111 0.1775 0.0463532
667 0.601111 0.161545 0.0461572
668 0.601111 0.20041 0.0516704
669 0.601111 0.214914 0.0566765
670 0.601111 0.207343 0.0537369
671 0.601111 0.211277 0.0532002
672 0.601111 0.195909 0.0525498
673 0.601111 0.252526 0.0551998
674 0.601111 0.245926 0.0556222
675 0.601111 0.221641 0.0571919
676 0.601111 0.228606 0.0553052
677 0.601111 0.22072 0.0558427
678 0.601111 0.212263 0.0548016
679 0.601111 0.21168 0.0515929
680 0.601111 0.207964 0.0516003
681 0.601111 0.200146 0.0506187
682 0.601111 0.202508 0.0555576
683 0.601111 0.191855 0.05153
684 0.601111 0.196155 0.050945
685 0.601111 0.218342 0.0559537
686 0.601111 0.194918 0.0531191
687 0.601111 0.160999 0.0513407
688 0.601111 0.220089 0.0589874
689 0.601111 0.239352 0.056276
690 0.601111 0.239632 0.0584574
691 0.601111 0.195815 0.0538915
692 0.601111 0.23162 0.0538923
693 0.601111 0.210431 0.0491347
694 0.601111 0.195473 0.0555992
695 0.601111 0.173067 0.0465699
696 0.601111 0.225372 0.0558806
697 0.601111 0.178077 0.0479348
698 0.601111 0.208678 0.0532359
699 0.601111 0.195826 0.0525732
700 0.601111 0.207384 0.0498934
701 0.601111 0.230475 0.0493984
702 0.601111 0.211212 0.0520397
703 0.601111 0.196432 0.0490511
704 0.601111 0.20539 0.0518554
705 0.601111 0.194799 0.0546896
706 0.601111 0.169483 0.0499682
707 0.601111 0.181119 0.047363
708 0.601111 0.192749 0.0519582
709 0.601111 0.18627 0.0490401
710 0.601111 0.186154 0.0541038
711 0.601111 0.188283 0.0488754
712 0.601111 0.182652 0.0535015
713 0.601111 0.198485 0.0561527
714 0.601111 0.164872 0.0502586
715 0.601111 0.170548 0.0503012
716 0.601111 0.200957 0.0562824
717 0.601111 0.204556 0.055114
718 0.601111 0.1857 0.0510707
719 0.601111 0.176532 0.0503713
720 0.601111 0.172044 0.0522335
721 0.601111 0.180196 0.0518671
722 0.601111 0.177029 0.0547799
723 0.601111 0.176788 0.0553793
724 0.601111 0.193866 0.0597423
725 0.601111 0.193693 0.0560176
726 0.601111 0.206874 0.0600588
727 0.601111 0.198568 0.0510601
728 0.601111 0.213248 0.0574194
729 0.601111 0.159912 0.0529343
730 0.601111 0.193641 0.0579418
731 0.601111 0.177048 0.0516846
732 0.601111 0.177563 0.0525271
733 0.601111 0.196026 0.0542128
734 0.601111 0.200141 0.0514531
735 0.601778 0.178505 0.0497582
736 0.601778 0.199663 0.0548441
737 0.601778 0.20962 0.0510049
738 0.601778 0.205209 0.0500079
739 0.601778 0.205288 0.0508025
740 0.601778 0.210434 0.0510194
741 0.601778 0.173106 0.0557635
742 0.601778 0.185859 0.0583967
743 0.601778 0.225953 0.0519803
744 0.601778 0.213918 0.0507198
745 0.601778 0.185398 0.0508659
746 0.601778 0.193751 0.049365
747 0.601778 0.199881 0.0567784
748 0.601778 0.204198 0.0511401
749 0.601778 0.215493 0.0541029
750 0.601778 0.203217 0.0550544
751 0.601778 0.202772 0.0550269
752 0.601778 0.232046 0.057357
753 0.601778 0.196175 0.0506017
754 0.601778 0.177699 0.0513567
755 0.601778 0.157481 0.0446087
756 0.601778 0.199957 0.051824
757 0.601778 0.191528 0.0514336
758 0.601778 0.186976 0.0462304
759 0.601778 0.184109 0.0509917
760 0.601778 0.195691 0.0566061
761 0.601778 0.18351 0.0478172
762 0.601778 0.173717 0.0478105
763 0.601778 0.167254 0.046891
764 0.601778 0.178862 0.0445131
765 0.602747 0.177643 0.0442919
766 0.602747 0.191089 0.0440406
767 0.602747 0.172606 0.0433321
768 0.602747 0.187118 0.0409806
769 0.602747 0.171155 0.0461113
770 0.602747 0.177826 0.0501295
771 0.602747 0.205347 0.0512155
772 0.602747 0.20996 0.0498013
773 0.602747 0.19442 0.0488437
774 0.602747 0.192481 0.0483565
775 0.602747 0.199643 0.0468109
776 0.602747 0.209326 0.0508166
777 0.602747 0.19254 0.0555668
778 0.602747 0.155704 0.0481007
779 0.602747 0.151598 0.0473388
780 0.602747 0.164487 0.0492707
781 0.602747 0.184493 0.0530592
782 0.602747 0.18589 0.0510504
783 0.602747 0.155306 0.0469563
784 0.602747 0.173429 0.0516422
785 0.602747 0.166052 0.0517845
786 0.602747 0.148783 0.0494664
787 0.602747 0.199306 0.0518502
788 0.602747 0.173546 0.0475506
789 0.602747 0.147559 0.0480215
790 0.602747 0.137027 0.0490391
791 0.602747 0.146492 0.048491
792 0.602747 0.148403 0.0472346
793 0.602747 0.148928 0.0477818
794 0.602747 0.156108 0.0431239
795 0.602747 0.168744 0.0516234
796 0.602747 0.167267 0.0536906
797 0.602747 0.148834 0.0472523
798 0.602747 0.157492 0.0499862
799 0.602747 0.167443 0.0492889
800 0.602747 0.175625 0.0493935
801 0.602747 0.174108 0.0473993
802 0.602747 0.151677 0.0444292
803 0.602747 0.157489 0.0443465
804 0.602747 0.174391 0.0544632
805 0.602747 0.168012 0.0483466
806 0.602747 0.17615 0.0496125
807 0.602747 0.177223 0.050242
808 0.602747 0.178896 0.0487767
809 0.602747 0.155796 0.0490491
810 0.602747 0.166745 0.0477938
811 0.602747 0.176041 0.0468042
812 0.602747 0.203508 0.0516403
813 0.60311 0.205511 0.0518947
814 0.60311 0.208719 0.0472805
815 0.60311 0.206491 0.0551724
816 0.60311 0.188058 0.0550386
817 0.60311 0.170766 0.0487014
818 0.60311 0.178414 0.0532879
819 0.60311 0.183265 0.0554126
820 0.60311 0.179079 0.0564322
821 0.60311 0.18042 0.0526355
822 0.60311 0.178998 0.053526
823 0.60311 0.164109 0.0483645
824 0.60311 0.190428 0.0523462
825 0.60311 0.191432 0.0472696
826 0.60311 0.173407 0.0509158
827 0.603964 0.191773 0.0511112
828 0.603964 0.183107 0.0511461
829 0.603964 0.164756 0.0483626
830 0.603964 0.164677 0.053624
831 0.603964 0.157013 0.0503055
832 0.603964 0.150922 0.047489
833 0.603964 0.146919 0.0457372
834 0.603964 0.159675 0.0475355
835 0.603964 0.158214 0.0458725
836 0.603964 0.145608 0.0451054
837 0.603964 0.178137 0.05305
838 0.603964 0.160272 0.0469557
839 0.603964 0.174348 0.0488919
840 0.603964 0.200537 0.0525512
841 0.603964 0.166381 0.0512975
842 0.603964 0.19589 0.0504968
843 0.604253 0.184227 0.0518294
844 0.604253 0.168579 0.0472714
845 0.604253 0.211031 0.0522583
846 0.604253 0.184578 0.0500055
847 0.604253 0.164731 0.0507545
848 0.604253 0.161136 0.0511842
849 0.605329 0.176314 0.0520199
850 0.605329 0.181381 0.0511271
851 0.605329 0.163517 0.0523541
852 0.605329 0.181159 0.0530342
853 0.605329 0.178728 0.0548726
854 0.605329 0.185263 0.0513984
855 0.605329 0.183596 0.0514212
856 0.605329 0.169389 0.0525558
857 0.605329 0.170271 0.0526593
858 0.605329 0.154327 0.0497748
859 0.605329 0.180562 0.0489173
860 0.605329 0.189189 0.0526942
861 0.605329 0.180868 0.0539122
862 0.605329 0.176414 0.0546455
863 0.605329 0.153621 0.047572
864 0.605329 0.161864 0.0512205
865 0.605329 0.166594 0.0544046
866 0.605329 0.156644 0.0502282
867 0.605329 0.168605 0.0502872
868 0.605329 0.162612 0.0514788
869 0.605371 0.184345 0.0563934
870 0.605371 0.169358 0.0497794
871 0.605371 0.182538 0.0520689
872 0.605371 0.184532 0.0500631
873 0.605375 0.200789 0.0548586
874 0.605375 0.182885 0.0507062
875 0.605375 0.167061 0.0485025
876 0.605375 0.172051 0.0535719
877 0.605375 0.157282 0.0481172
878 0.605695 0.160579 0.0499486
879 0.605695 0.16669 0.0516886
880 0.605695 0.174171 0.0546924
881 0.605695 0.173354 0.050864
882 0.605695 0.175425 0.0485009
883 0.605695 0.158839 0.0473946
884 0.605695 0.174953 0.054745
885 0.605695 0.168625 0.0570825
886 0.605695 0.162603 0.0519231
887 0.606297 0.178168 0.0525946
888 0.606297 0.174461 0.0522957
889 0.606297 0.175122 0.0527144
890 0.606297 0.194087 0.0505341
891 0.606297 0.235424 0.0538514
892 0.606297 0.213468 0.0561104
893 0.606297 0.22698 0.0476354
894 0.606297 0.195345 0.0519319
895 0.606297 0.198221 0.0511239
896 0.606297 0.177502 0.0531268
897 0.606297 0.17175 0.0524031
898 0.606297 0.165542 0.0534747
899 0.606297 0.187466 0.056147
900 0.606297 0.167577 0.0532019
901 0.606297 0.203439 0.0522776
902 0.606297 0.195164 0.0505387
903 0.606297 0.182763 0.0504717
904 0.606297 0.173838 0.0505108
905 0.606297 0.173594 0.0483596
906 0.606297 0.152134 0.0438014
907 0.606297 0.143404 0.0470691
908 0.606297 0.163664 0.0495316
909 0.606297 0.190847 0.0548095
910 0.606297 0.15225 0.0467231
911 0.606297 0.156484 0.0469905
912 0.606297 0.145971 0.0437957
913 0.606297 0.151579 0.0478185
914 0.606297 0.150818 0.0489553
915 0.606297 0.165446 0.0475858
916 0.606297 0.181022 0.0508163
917 0.606297 0.187728 0.0527498
918 0.606297 0.155952 0.045811
919 0.606297 0.168081 0.0518159
920 0.606297 0.176322 0.0489406
921 0.606297 0.182168 0.0501086
922 0.606297 0.186941 0.0501096
923 0.606297 0.188101 0.0480338
924 0.606297 0.194736 0.0527423
925 0.606297 0.19684 0.0481184
926 0.606297 0.188194 0.0519465
927 0.606297 0.205984 0.0475199
928 0.606297 0.206004 0.0529817
929 0.606297 0.218404 0.0503927
930 0.606297 0.209701 0.059431
931 0.606297 0.179277 0.0535634
932 0.606297 0.183392 0.0508779
933 0.606297 0.193934 0.0463707
934 0.606297 0.167845 0.0468584
935 0.606297 0.174739 0.0472101
936 0.606297 0.156471 0.0478619
937 0.606297 0.171045 0.0468151
938 0.606297 0.196563 0.0525933
939 0.606297 0.162261 0.046491
940 0.606297 0.174573 0.0508916
941 0.606365 0.203409 0.0529907
942 0.606365 0.184722 0.050844
943 0.606365 0.176793 0.0514781
944 0.606365 0.202111 0.0529477
945 0.606365 0.206705 0.0498803
946 0.606365 0.198721 0.050308
947 0.606365 0.226977 0.0528553
948 0.606365 0.190083 0.0532356
949 0.606365 0.215582 0.0551809
950 0.606365 0.203443 0.0520924
951 0.606365 0.186523 0.0518256
952 0.606365 0.197901 0.0514572
953 0.606365 0.217752 0.0551259
954 0.606365 0.20496 0.0522213
955 0.606365 0.200525 0.0497885
956 0.606365 0.181769 0.0440817
957 0.606365 0.189119 0.0470294
958 0.606365 0.172892 0.0474056
959 0.606365 0.18032 0.0492365
960 0.606365 0.19084 0.051658
961 0.606365 0.20558 0.0530498
962 0.606365 0.207035 0.05122
963 0.606365 0.191326 0.0491721
964 0.606365 0.198318 0.0521908
965 0.606365 0.197326 0.0498338
966 0.606365 0.208995 0.0546287
967 0.606365 0.198505 0.049673
968 0.606365 0.193645 0.0499772
969 0.606365 0.162397 0.0440587
970 0.606365 0.170811 0.050319
971 0.606365 0.198933 0.0514565
972 0.606365 0.214762 0.0498163
973 0.606365 0.194285 0.0464101
974 0.606365 0.193729 0.0489474
975 0.606365 0.173606 0.0498295
976 0.606365 0.207101 0.0548974
977 0.606365 0.204965 0.0559267
978 0.606365 0.187846 0.0546157
979 0.606365 0.208717 0.0581938
980 0.606365 0.193746 0.0531011
981 0.606365 0.154585 0.048386
982 0.606365 0.167085 0.0490454
983 0.606365 0.184673 0.048803
984 0.606365 0.195105 0.0531938
985 0.606365 0.17122 0.0509622
986 0.606365 0.184108 0.0475902
987 0.606365 0.206399 0.0522006
988 0.606365 0.194795 0.0527366
989 0.606365 0.173833 0.0493908
990 0.606365 0.176802 0.0509831
991 0.606365 0.185183 0.0518641
992 0.606365 0.204319 0.0540246
993 0.606365 0.18698 0.0486316
994 0.606365 0.207236 0.0505555
995 0.606365 0.212994 0.0523617
996 0.606365 0.188679 0.0500049
997 0.606365 0.178226 0.0538631
998 0.606365 0.18321 0.0503745
999 0.606365 0.173594 0.0495328
1000 0.606365 0.151018 0.0465255
