0 0.125274 0.0670028 0.00389279
1 0.262098 0.0779829 0.00404717
2 0.262098 0.0830575 0.00419096
3 0.262098 0.0825526 0.00457164
4 0.366661 0.087609 0.00528589
5 0.366661 0.0965616 0.006522
6 0.366661 0.102477 0.00650094
7 0.366661 0.115786 0.00650049
8 0.366661 0.122524 0.00710268
9 0.366661 0.123389 0.00746236
10 0.366661 0.130726 0.00866689
11 0.436798 0.125312 0.00989166
12 0.436798 0.126594 0.00974774
13 0.521037 0.136194 0.0110071
13 0.52376 0.0522519 0.0140258
14 0.535587 0.0632024 0.0182116
15 0.535587 0.0733885 0.0218539
16 0.535587 0.0937169 0.0303745
17 0.535587 0.0910025 0.0288448
18 0.535587 0.0880745 0.0291671
19 0.535587 0.0874502 0.029477
20 0.535587 0.0983718 0.0335446
21 0.552709 0.117058 0.0394992
22 0.552709 0.123839 0.0393592
23 0.583832 0.132074 0.0437343
24 0.583832 0.132134 0.0403019
25 0.583832 0.137979 0.0415424
26 0.583832 0.137417 0.044511
27 0.583832 0.107489 0.0383531
28 0.583832 0.133774 0.0424193
29 0.583832 0.134619 0.0437121
30 0.583832 0.108449 0.0364159
31 0.583832 0.118582 0.0380664
32 0.583832 0.103522 0.0365477
33 0.583832 0.12592 0.0409944
34 0.583832 0.110407 0.0387492
35 0.583832 0.112686 0.0382084
36 0.583832 0.133898 0.0418574
37 0.583832 0.149258 0.0465882
38 0.583832 0.142664 0.0473068
39 0.583832 0.145276 0.0418829
40 0.583832 0.142789 0.0407149
41 0.587664 0.155301 0.046797
42 0.587664 0.150802 0.050547
43 0.587664 0.151824 0.0475963
44 0.587664 0.14896 0.0471632
45 0.589411 0.136252 0.0458563
46 0.589411 0.182635 0.0547862
47 0.590551 0.140117 0.0454247
48 0.590551 0.137692 0.0449014
49 0.590551 0.155764 0.0482109
50 0.590551 0.178714 0.0561379
51 0.590551 0.21149 0.0572076
52 0.592747 0.192977 0.0556352
53 0.592747 0.164359 0.0443276
54 0.592747 0.159423 0.0453337
55 0.592747 0.139736 0.0465604
56 0.592904 0.152668 0.0475954
57 0.601033 0.180658 0.0518407
58 0.612672 0.198616 0.0558066
59 0.612672 0.204395 0.0522081
60 0.612672 0.170568 0.0497618
61 0.612672 0.187862 0.0529273
62 0.612672 0.173029 0.0520825
63 0.612672 0.172011 0.0521244
64 0.612672 0.168158 0.0524583
65 0.612672 0.151489 0.0504411
66 0.612672 0.172423 0.0520231
67 0.612672 0.181666 0.0524062
68 0.612672 0.17466 0.0532657
69 0.612672 0.152097 0.050223
70 0.612672 0.150722 0.0471577
71 0.612672 0.14926 0.0473656
72 0.612672 0.140129 0.0488591
73 0.612672 0.156011 0.0479407
74 0.612672 0.162006 0.051404
75 0.612672 0.164823 0.0475749
76 0.612672 0.183098 0.0464029
77 0.612672 0.181056 0.0490177
78 0.612672 0.19078 0.0473062
79 0.612672 0.205776 0.0518776
80 0.612672 0.197203 0.0533566
81 0.612672 0.154162 0.0453132
82 0.612672 0.169748 0.047236
83 0.612672 0.177084 0.0495119
84 0.612672 0.162717 0.0512663
85 0.612672 0.136 0.0459062
86 0.612672 0.131513 0.0407391
87 0.612672 0.145399 0.0457345
88 0.612672 0.152591 0.0469635
89 0.612672 0.143529 0.0463088
90 0.612672 0.156803 0.0513005
91 0.612672 0.152419 0.0508533
92 0.612672 0.136177 0.0447558
93 0.612672 0.150217 0.0461921
94 0.612672 0.149091 0.046876
95 0.612672 0.168539 0.0534139
96 0.612672 0.160891 0.050612
97 0.612672 0.179999 0.0524407
98 0.612672 0.152902 0.0495674
99 0.612672 0.160975 0.0498761
100 0.612672 0.180065 0.0517067
101 0.612672 0.149991 0.0451587
102 0.612672 0.186177 0.0506659
103 0.612672 0.148168 0.0468805
104 0.612672 0.17375 0.0489418
105 0.612672 0.167757 0.0481538
106 0.612672 0.171879 0.0532849
107 0.612672 0.159692 0.0507792
108 0.612672 0.157146 0.051651
109 0.612672 0.140772 0.0451368
110 0.612672 0.156264 0.0465165
111 0.612672 0.185857 0.0491791
112 0.612672 0.161259 0.0455229
113 0.612672 0.153299 0.0473063
114 0.612672 0.145387 0.0482773
115 0.612672 0.136714 0.0496138
116 0.612672 0.147995 0.0497578
117 0.612672 0.120714 0.044473
118 0.612672 0.149299 0.0531
119 0.612672 0.165892 0.0538871
120 0.612672 0.176176 0.0551664
121 0.612672 0.156107 0.049273
122 0.612672 0.173795 0.0539365
123 0.612672 0.168301 0.0517651
124 0.612672 0.142406 0.0470071
125 0.612672 0.160898 0.0548476
126 0.612672 0.15519 0.0483214
127 0.612672 0.159852 0.0528446
128 0.612672 0.165408 0.0516326
129 0.612672 0.181646 0.0528375
130 0.612672 0.149598 0.0472942
131 0.612672 0.146157 0.0442784
132 0.612672 0.173551 0.0543181
133 0.612672 0.14955 0.0457292
134 0.612672 0.184159 0.0502186
135 0.612672 0.18334 0.048286
136 0.612672 0.166758 0.0515315
137 0.612672 0.164936 0.0493454
138 0.612672 0.152364 0.0478392
139 0.612672 0.162949 0.0481822
140 0.612672 0.173759 0.0484019
141 0.612672 0.176514 0.0490781
142 0.612672 0.174477 0.0516206
143 0.612672 0.186705 0.0536977
144 0.612672 0.181771 0.0569936
145 0.612672 0.160648 0.0516122
146 0.612672 0.154249 0.0469478
147 0.612672 0.160924 0.0473886
148 0.612672 0.154766 0.0456853
149 0.612672 0.178964 0.0551387
150 0.612672 0.174848 0.0499942
151 0.612672 0.153482 0.0506202
152 0.612672 0.135346 0.0436632
153 0.612672 0.156931 0.0467075
154 0.612672 0.145177 0.0441251
155 0.612672 0.171483 0.0498306
156 0.612672 0.165338 0.0513943
157 0.612672 0.161325 0.048524
158 0.612672 0.185613 0.0541199
159 0.612672 0.201351 0.0602574
160 0.612672 0.163731 0.0505436
161 0.612672 0.161767 0.0508853
162 0.612672 0.148957 0.0460468
163 0.612672 0.170996 0.0519855
164 0.612672 0.181135 0.0510762
165 0.612672 0.168133 0.0468732
166 0.612672 0.178507 0.0517168
167 0.612672 0.156762 0.0484111
168 0.612672 0.173396 0.0498758
169 0.612672 0.153331 0.0476403
170 0.612672 0.168317 0.0460835
171 0.612672 0.150043 0.0495873
172 0.612672 0.152649 0.0493999
173 0.612672 0.152651 0.0478992
174 0.612672 0.16301 0.0518979
175 0.612672 0.174693 0.0573271
176 0.612672 0.190701 0.057126
177 0.612672 0.178149 0.0515787
178 0.612672 0.158718 0.0444529
179 0.612672 0.168065 0.051182
180 0.612672 0.166151 0.051623
181 0.612672 0.155417 0.048962
182 0.612672 0.166676 0.0489426
183 0.612672 0.145894 0.0475545
184 0.612672 0.140477 0.0479
185 0.612672 0.182936 0.0551092
186 0.612672 0.154122 0.0492802
187 0.612672 0.168965 0.0527054
188 0.612672 0.161049 0.0541859
189 0.612672 0.116979 0.0418388
190 0.612672 0.107796 0.0431708
191 0.612672 0.140065 0.046659
192 0.612672 0.142665 0.0470384
193 0.612672 0.124 0.0454424
194 0.612672 0.12932 0.0488969
195 0.612672 0.127854 0.0451844
196 0.612672 0.138198 0.0462584
197 0.612672 0.139087 0.0486742
198 0.612672 0.15585 0.0531563
199 0.612672 0.161235 0.0522696
200 0.612672 0.133362 0.0452079
201 0.612672 0.135442 0.0474952
202 0.612672 0.143174 0.0471304
203 0.612672 0.130696 0.0449095
204 0.612672 0.160831 0.0540337
205 0.612672 0.136823 0.0468755
206 0.612672 0.134475 0.0434817
207 0.612672 0.151276 0.0498249
208 0.612672 0.161791 0.0471474
209 0.612672 0.179918 0.0546862
210 0.612672 0.14744 0.052862
211 0.613219 0.172158 0.0545684
212 0.613219 0.157718 0.0495006
213 0.613219 0.150176 0.0492307
214 0.613219 0.155095 0.0486409
215 0.613219 0.143203 0.0475145
216 0.613219 0.140866 0.0488272
217 0.613219 0.143658 0.0505243
218 0.613219 0.148141 0.0510818
219 0.613219 0.151871 0.0496007
220 0.613219 0.200929 0.0573111
221 0.613219 0.201737 0.0563991
222 0.613219 0.173192 0.0521593
223 0.613421 0.158204 0.0554407
224 0.613421 0.157945 0.0528991
225 0.613421 0.153037 0.0498335
226 0.613421 0.157087 0.0532091
227 0.613421 0.167417 0.0565375
228 0.613421 0.158987 0.0574091
229 0.613421 0.143402 0.0478608
230 0.61402 0.148736 0.050293
231 0.61402 0.143786 0.0484875
232 0.61402 0.140633 0.0501994
233 0.61402 0.116623 0.044174
234 0.61402 0.130723 0.0469781
235 0.61402 0.140252 0.0504757
236 0.61402 0.117609 0.0458435
237 0.61402 0.155495 0.0536523
238 0.61402 0.15656 0.0510027
239 0.61402 0.138701 0.0467252
240 0.61402 0.141341 0.0440741
241 0.61402 0.142732 0.0440457
242 0.61402 0.13487 0.0510025
243 0.61402 0.137372 0.0516244
244 0.61402 0.153776 0.0512813
245 0.61402 0.169855 0.0555982
246 0.61402 0.182044 0.0549298
247 0.61402 0.171853 0.0540309
248 0.61402 0.176133 0.0493483
249 0.61402 0.178774 0.0523393
250 0.61402 0.165812 0.0536794
251 0.61402 0.196919 0.0550665
252 0.61402 0.164658 0.0520415
253 0.61402 0.159439 0.0516271
254 0.61402 0.148321 0.0486393
255 0.61402 0.153212 0.0514234
256 0.61402 0.168934 0.0513498
257 0.61402 0.18951 0.0544786
258 0.61402 0.161023 0.0555746
259 0.61402 0.173777 0.0554588
260 0.61402 0.168427 0.054142
261 0.61402 0.185437 0.0590032
262 0.61402 0.167411 0.0531319
263 0.61402 0.160565 0.0537594
264 0.61402 0.160553 0.0529816
265 0.61402 0.144479 0.0467638
266 0.61402 0.136992 0.04854
267 0.61402 0.193294 0.0531873
268 0.61402 0.161859 0.0490192
269 0.614091 0.18291 0.0567065
270 0.615046 0.171216 0.0535768
271 0.615046 0.174778 0.0540806
272 0.615046 0.143797 0.052242
273 0.615046 0.159289 0.0576746
274 0.615046 0.13554 0.0496861
275 0.615046 0.156937 0.0513109
276 0.615046 0.165711 0.050506
277 0.615046 0.174366 0.051005
278 0.615046 0.206432 0.0597176
279 0.615046 0.169533 0.0559755
280 0.615046 0.157703 0.0526977
281 0.615046 0.147514 0.051132
282 0.615046 0.156667 0.0532034
283 0.615046 0.150035 0.0538646
284 0.615046 0.164728 0.0535783
285 0.615046 0.16006 0.0531097
286 0.615046 0.144659 0.0494961
287 0.615046 0.12419 0.0450122
288 0.615046 0.141483 0.0485756
289 0.615046 0.14928 0.0496882
290 0.615046 0.164799 0.0559154
291 0.615046 0.183487 0.0588161
292 0.615046 0.150642 0.0526772
293 0.615046 0.149819 0.0503922
294 0.615046 0.126793 0.049594
295 0.615046 0.13263 0.0474657
296 0.615046 0.155983 0.0518254
297 0.615046 0.177112 0.057466
298 0.615046 0.167225 0.0519927
299 0.615046 0.140544 0.0476775
300 0.615046 0.146944 0.0554003
301 0.615046 0.152177 0.0523163
302 0.615046 0.183967 0.0502006
303 0.615046 0.168273 0.0492088
304 0.615046 0.165985 0.0515195
305 0.615046 0.151553 0.0477941
306 0.615046 0.17 0.0528941
307 0.615046 0.194138 0.0531349
308 0.615046 0.190908 0.0525164
309 0.615046 0.21097 0.0506193
310 0.615046 0.178262 0.0507395
311 0.615046 0.170827 0.0518139
312 0.615046 0.170211 0.0546357
313 0.615046 0.169049 0.0583153
314 0.615046 0.178686 0.0582826
315 0.615046 0.16502 0.0551643
316 0.615046 0.16228 0.0504282
317 0.615046 0.17985 0.0590164
318 0.615046 0.159866 0.0553912
319 0.615046 0.144643 0.0554618
320 0.615046 0.1528 0.054206
321 0.615046 0.138003 0.0475473
322 0.615046 0.178263 0.0561646
323 0.615046 0.162714 0.0545712
324 0.615046 0.180393 0.0592236
325 0.615046 0.184201 0.0603116
326 0.615046 0.197891 0.0594454
327 0.615046 0.180816 0.0550667
328 0.615046 0.181568 0.0542037
329 0.615046 0.178211 0.0530765
330 0.615046 0.1678 0.0510312
331 0.615046 0.169193 0.0528271
332 0.615046 0.135065 0.0462506
333 0.615046 0.136072 0.0444092
334 0.615046 0.13574 0.0494981
335 0.615046 0.159554 0.0505726
336 0.615046 0.190445 0.0599494
337 0.615046 0.14798 0.0455808
338 0.615046 0.163083 0.0502413
339 0.615046 0.148207 0.0486592
340 0.615046 0.148089 0.0483938
341 0.615046 0.15435 0.0541624
342 0.615046 0.168044 0.0473767
343 0.615046 0.181827 0.0543145
344 0.615046 0.207286 0.0549987
345 0.615046 0.177241 0.0537651
346 0.615046 0.173529 0.0516656
347 0.615046 0.175742 0.0500376
348 0.615046 0.174748 0.0515143
349 0.615046 0.141679 0.0519858
350 0.615046 0.169919 0.0552591
351 0.615046 0.163022 0.0539458
352 0.615046 0.184217 0.0581281
353 0.615046 0.184847 0.0560544
354 0.615046 0.195405 0.0556313
355 0.615046 0.180701 0.0521499
356 0.615046 0.153843 0.0524766
357 0.615046 0.155467 0.053302
358 0.615046 0.163514 0.0549697
359 0.615046 0.153665 0.0529847
360 0.615046 0.152572 0.0497954
361 0.615046 0.162514 0.0510648
362 0.615046 0.158304 0.0477696
363 0.615046 0.162503 0.0532492
364 0.615046 0.175728 0.0519588
365 0.615046 0.149886 0.0506903
366 0.615046 0.186322 0.0560296
367 0.615046 0.16661 0.0514909
368 0.615046 0.17773 0.0526233
369 0.615046 0.150884 0.0514377
370 0.615046 0.146507 0.0524878
371 0.615046 0.117977 0.0455495
372 0.615046 0.147693 0.0508513
373 0.615046 0.128567 0.0491817
374 0.615046 0.127862 0.0467374
375 0.615046 0.128166 0.0453857
376 0.615046 0.142147 0.0501979
377 0.615046 0.143595 0.0473334
378 0.615046 0.155145 0.0487215
379 0.615046 0.164422 0.0518895
380 0.615046 0.144258 0.0537081
381 0.615046 0.13063 0.0477952
382 0.615046 0.152695 0.0499137
383 0.615046 0.142818 0.050754
384 0.615046 0.144569 0.0498514
385 0.615046 0.156198 0.0519207
386 0.615046 0.145171 0.0521302
387 0.615046 0.149819 0.0495727
388 0.615046 0.164609 0.0504014
389 0.615046 0.182337 0.0545902
390 0.615046 0.144726 0.0489747
391 0.615046 0.140842 0.0478562
392 0.615046 0.13373 0.0473512
393 0.615046 0.158164 0.0528036
394 0.615046 0.13821 0.0455527
395 0.615046 0.153396 0.0459782
396 0.615046 0.155819 0.0499352
397 0.615046 0.140181 0.0481739
398 0.615046 0.138892 0.0475893
399 0.615046 0.149503 0.0498852
400 0.615046 0.15763 0.0490871
401 0.615046 0.141885 0.0458774
402 0.615046 0.155389 0.0485878
403 0.615046 0.148644 0.0496749
404 0.615046 0.143823 0.0471088
405 0.615046 0.137433 0.0447056
406 0.615046 0.163509 0.0533242
407 0.615046 0.147859 0.0497428
408 0.615046 0.155671 0.0513296
409 0.615046 0.172974 0.0555253
410 0.615046 0.181654 0.0551314
411 0.615046 0.173694 0.0497645
412 0.615046 0.168483 0.0511272
413 0.615046 0.155212 0.0523064
414 0.615046 0.172883 0.0527199
415 0.615046 0.158861 0.0496556
416 0.615046 0.166993 0.0494085
417 0.615046 0.16769 0.0499826
418 0.615046 0.157943 0.0454167
419 0.615046 0.137798 0.0474155
420 0.615046 0.139986 0.0470305
421 0.615046 0.146998 0.0483689
422 0.615046 0.139409 0.0477311
423 0.615046 0.135131 0.048479
424 0.615046 0.136608 0.0508027
425 0.615046 0.16007 0.0528751
426 0.615046 0.153471 0.0511062
427 0.615046 0.13601 0.0460239
428 0.615046 0.132388 0.043786
429 0.615046 0.153029 0.0511121
430 0.615046 0.168348 0.0530087
431 0.615046 0.128202 0.0451246
432 0.615046 0.155216 0.0527564
433 0.615046 0.157208 0.0500252
434 0.615046 0.135883 0.0477949
435 0.615046 0.139275 0.0489301
436 0.615046 0.136129 0.0457187
437 0.615046 0.161207 0.0494109
438 0.615046 0.161652 0.056137
439 0.615046 0.154503 0.0529937
440 0.615046 0.1905 0.0552552
441 0.615046 0.18198 0.0544522
442 0.615046 0.176257 0.0493257
443 0.615046 0.156247 0.0458532
444 0.615046 0.16458 0.045226
445 0.615046 0.157645 0.0507766
446 0.615046 0.158177 0.0516905
447 0.615046 0.160018 0.0533288
448 0.615046 0.137176 0.0463024
449 0.615046 0.1458 0.0494218
450 0.615046 0.159069 0.0490053
451 0.615046 0.170922 0.0531239
452 0.615046 0.171707 0.0514247
453 0.615046 0.159457 0.0518505
454 0.615046 0.143759 0.04761
455 0.615046 0.154545 0.0517859
456 0.615046 0.141362 0.0488973
457 0.615046 0.160087 0.051637
458 0.615046 0.16415 0.0531877
459 0.615046 0.157055 0.0535186
460 0.615046 0.164531 0.053398
461 0.615046 0.164028 0.055005
462 0.615046 0.156684 0.0515798
463 0.615046 0.163529 0.0497012
464 0.615046 0.156993 0.0539598
465 0.615046 0.169859 0.0541006
466 0.615046 0.141787 0.0472718
467 0.615046 0.158957 0.0486624
468 0.615046 0.169643 0.0531895
469 0.615046 0.160634 0.0498191
470 0.615046 0.126731 0.0426485
471 0.615046 0.165621 0.0490999
472 0.615046 0.133753 0.0444211
473 0.615046 0.14357 0.0463923
474 0.615046 0.136939 0.0450426
475 0.615227 0.150238 0.0514533
476 0.615227 0.121161 0.0442622
477 0.615227 0.159883 0.0548241
478 0.615227 0.15059 0.0484447
479 0.615227 0.163094 0.0477371
480 0.615227 0.186757 0.0529524
481 0.615227 0.151718 0.0509699
482 0.615227 0.15451 0.0533095
483 0.615227 0.16716 0.0591042
484 0.615227 0.198126 0.059685
485 0.615227 0.178175 0.0531685
486 0.615227 0.134088 0.0477631
487 0.615227 0.153741 0.052451
488 0.615227 0.145342 0.0514206
489 0.615227 0.173967 0.0533473
490 0.615227 0.170067 0.0531108
491 0.615227 0.155996 0.052754
492 0.615227 0.146673 0.0514473
493 0.615227 0.114012 0.0440575
494 0.615227 0.131269 0.0482673
495 0.615227 0.136589 0.0494128
496 0.615227 0.125367 0.0465434
497 0.615227 0.13472 0.0493453
498 0.615227 0.135523 0.0477927
499 0.615227 0.141671 0.0494063
500 0.615227 0.123109 0.0453354
501 0.615227 0.152376 0.049037
502 0.615227 0.185046 0.0605317
503 0.615227 0.178084 0.0563749
504 0.615227 0.15932 0.0518002
505 0.615227 0.146554 0.0448398
506 0.615227 0.126163 0.0475491
507 0.615227 0.136055 0.0465973
508 0.615227 0.158407 0.0533061
509 0.615227 0.154801 0.051967
510 0.615227 0.160287 0.0542436
511 0.615227 0.165934 0.0517447
512 0.615227 0.153698 0.0501196
513 0.615227 0.163576 0.0514447
514 0.615227 0.16296 0.0539228
515 0.615227 0.1596 0.053222
516 0.615227 0.142428 0.0475296
517 0.615227 0.127198 0.0441705
518 0.615227 0.142712 0.0477015
519 0.615227 0.136413 0.0480738
520 0.615227 0.163461 0.0569243
521 0.615227 0.184875 0.0563822
522 0.615227 0.157366 0.0519546
523 0.615227 0.173242 0.0561446
524 0.615227 0.141226 0.0509139
525 0.615227 0.152648 0.0529766
526 0.615227 0.168622 0.0526185
527 0.615227 0.159124 0.0520354
528 0.615227 0.148194 0.0441359
529 0.615227 0.181292 0.0465929
530 0.615227 0.195932 0.0540924
531 0.615227 0.23234 0.0604896
532 0.615227 0.191153 0.0572692
533 0.615227 0.159282 0.0480309
534 0.615227 0.169351 0.0516784
535 0.615227 0.170028 0.0491712
536 0.615227 0.170363 0.0494124
537 0.615227 0.164625 0.0474022
538 0.615227 0.160754 0.0483999
539 0.615227 0.191946 0.0522657
540 0.615227 0.198737 0.0522644
541 0.615227 0.198596 0.0551597
542 0.615227 0.189259 0.0535883
543 0.615227 0.193296 0.0572437
544 0.615227 0.184589 0.0565175
545 0.615227 0.148216 0.0490102
546 0.615227 0.168206 0.0496613
547 0.615227 0.179732 0.054811
548 0.615227 0.174633 0.0518068
549 0.615227 0.131164 0.048598
550 0.615227 0.141826 0.0474133
551 0.615227 0.155449 0.0454107
552 0.615227 0.173559 0.0496389
553 0.615227 0.178464 0.0514025
554 0.615227 0.169174 0.0474014
555 0.615227 0.162517 0.0460071
556 0.615227 0.149831 0.0469431
557 0.615227 0.168143 0.0528847
558 0.615227 0.178886 0.0539594
559 0.615227 0.173137 0.052935
560 0.615227 0.162602 0.0540238
561 0.615227 0.160088 0.0519643
562 0.615227 0.178183 0.0562922
563 0.615227 0.190994 0.0526587
564 0.615227 0.192206 0.0511529
565 0.615227 0.16523 0.0534305
566 0.615227 0.165616 0.0539996
567 0.615227 0.157288 0.0516678
568 0.615227 0.152858 0.053599
569 0.615227 0.151298 0.0543117
570 0.615227 0.155798 0.0544592
571 0.615227 0.142658 0.0467138
572 0.615227 0.141542 0.049517
573 0.615227 0.142255 0.0502917
574 0.615227 0.160148 0.0526882
575 0.615227 0.150283 0.0513294
576 0.615227 0.164917 0.0538649
577 0.615227 0.16213 0.0470317
578 0.615227 0.178852 0.0492171
579 0.615227 0.158642 0.0460385
580 0.615227 0.15103 0.04763
581 0.615227 0.146607 0.0465201
582 0.615227 0.145162 0.0468607
583 0.615227 0.151089 0.0513871
584 0.615227 0.152726 0.0491456
585 0.615227 0.172234 0.0515881
586 0.615227 0.15196 0.0495026
587 0.615227 0.148295 0.0473708
588 0.615227 0.153594 0.0516889
589 0.615227 0.145715 0.047998
590 0.615227 0.135063 0.0440277
591 0.615227 0.176424 0.0499017
592 0.615227 0.15995 0.0511435
593 0.615227 0.160037 0.0535155
594 0.615227 0.189082 0.0572753
595 0.615227 0.143892 0.0480872
596 0.615227 0.147374 0.0496029
597 0.615227 0.157243 0.0478064
598 0.615227 0.17794 0.0500201
599 0.615227 0.15577 0.0466998
600 0.615227 0.172626 0.0497003
601 0.615227 0.168163 0.0521074
602 0.615227 0.167541 0.0488038
603 0.615227 0.145977 0.0477726
604 0.615227 0.135468 0.0418258
605 0.615227 0.144188 0.0442674
606 0.615227 0.155956 0.05022
607 0.615227 0.193077 0.0565169
608 0.615227 0.162431 0.0501749
609 0.615227 0.171217 0.0561469
610 0.615227 0.159327 0.0479519
611 0.615227 0.156323 0.0475904
612 0.615227 0.184888 0.0527572
613 0.615227 0.174106 0.0517906
614 0.615227 0.177112 0.0506769
615 0.615227 0.170616 0.0528371
616 0.615227 0.157034 0.0495489
617 0.615227 0.137648 0.0436661
618 0.615227 0.153292 0.0501206
619 0.615227 0.152777 0.0510036
620 0.615227 0.164407 0.0542793
621 0.615227 0.147337 0.0524442
622 0.615227 0.151326 0.0497153
623 0.615227 0.146603 0.0510732
624 0.615227 0.121228 0.0476807
625 0.615227 0.154135 0.0502803
626 0.615227 0.171885 0.0518249
627 0.615227 0.172327 0.0520123
628 0.615227 0.169407 0.0493047
629 0.615227 0.149864 0.0503557
630 0.615227 0.133806 0.0458051
631 0.615227 0.135878 0.0454529
632 0.615227 0.165368 0.0516736
633 0.615227 0.140287 0.0497149
634 0.615227 0.160591 0.0523775
635 0.615227 0.15216 0.0528868
636 0.615227 0.170815 0.0563624
637 0.615227 0.158199 0.052708
638 0.615227 0.16617 0.0513178
639 0.615227 0.140245 0.0481183
640 0.615227 0.159552 0.0508092
641 0.615227 0.164764 0.0526441
642 0.615227 0.142339 0.0495098
643 0.615227 0.180918 0.0558752
644 0.615227 0.159045 0.0517955
645 0.615227 0.154456 0.0541413
646 0.615227 0.126152 0.0433648
647 0.615227 0.127564 0.0485799
648 0.615227 0.138241 0.0483772
649 0.615227 0.150828 0.0542147
650 0.615227 0.127625 0.0475004
651 0.615227 0.143996 0.0528064
652 0.615227 0.142833 0.0500106
653 0.615227 0.160453 0.0539491
654 0.615264 0.172888 0.0571407
655 0.615264 0.189377 0.0571585
656 0.615264 0.182806 0.0546364
657 0.615264 0.16963 0.0530908
658 0.615264 0.205581 0.0528796
659 0.615264 0.189889 0.0555666
660 0.615264 0.186344 0.0556631
661 0.615351 0.162641 0.0547037
662 0.615351 0.170228 0.0505607
663 0.615351 0.194464 0.057749
664 0.615351 0.167646 0.0528833
665 0.615351 0.150577 0.0521581
666 0.615351 0.15048 0.0478654
667 0.615351 0.176264 0.0511352
668 0.615351 0.16849 0.0513308
669 0.615351 0.154171 0.0496692
670 0.615351 0.152193 0.0480016
671 0.615351 0.173946 0.0558876
672 0.615351 0.173035 0.0516877
673 0.615351 0.17565 0.0530998
674 0.615351 0.166581 0.052187
675 0.615351 0.166652 0.0516344
676 0.615351 0.181164 0.0529989
677 0.615351 0.146276 0.0485451
678 0.615351 0.161941 0.0536825
679 0.615351 0.154645 0.0524561
680 0.615351 0.166006 0.0534159
681 0.615351 0.153981 0.0511943
682 0.615351 0.169134 0.0512102
683 0.615351 0.187184 0.0502794
684 0.615351 0.172059 0.0507395
685 0.615351 0.173942 0.0506744
686 0.615351 0.163424 0.0490433
687 0.615351 0.164668 0.0477081
688 0.615351 0.161662 0.0505663
689 0.615351 0.155316 0.0507659
690 0.615351 0.153348 0.0497369
691 0.615351 0.148315 0.0481379
692 0.615351 0.150388 0.0533869
693 0.615351 0.169523 0.0550165
694 0.615351 0.178435 0.0548058
695 0.615351 0.1913 0.053023
696 0.615351 0.165267 0.0519995
697 0.615351 0.162614 0.056201
698 0.615351 0.105437 0.0431496
699 0.615351 0.175654 0.061348
700 0.615351 0.148613 0.0527523
701 0.615351 0.162863 0.0575313
702 0.615351 0.150324 0.0560713
703 0.615351 0.152469 0.0562598
704 0.615351 0.153454 0.0525744
705 0.615351 0.164409 0.0490514
706 0.615351 0.143097 0.0495493
707 0.615351 0.137219 0.0522895
708 0.615351 0.125535 0.0475663
709 0.615351 0.168959 0.0581824
710 0.615351 0.168607 0.0565344
711 0.615351 0.167189 0.05324
712 0.615351 0.172456 0.0551886
713 0.615351 0.169332 0.0539294
714 0.615351 0.189448 0.0524401
715 0.615351 0.181421 0.0564681
716 0.615351 0.185208 0.053979
717 0.615351 0.194857 0.0578794
718 0.615351 0.168726 0.052389
719 0.615351 0.178404 0.0532167
720 0.615351 0.185568 0.0551858
721 0.615351 0.173968 0.0523166
722 0.615351 0.146017 0.0465359
723 0.615351 0.183416 0.0520544
724 0.615351 0.198273 0.0503251
725 0.615351 0.18085 0.0530807
726 0.615351 0.161338 0.0525648
727 0.615351 0.159548 0.0553814
728 0.615351 0.160326 0.0542412
729 0.615351 0.165837 0.0544378
730 0.615351 0.160422 0.0469912
731 0.615351 0.153793 0.0511386
732 0.615351 0.168735 0.0527011
733 0.615351 0.156484 0.0536006
734 0.615351 0.166895 0.0564395
735 0.615351 0.170115 0.0538502
736 0.615351 0.168439 0.0536928
737 0.615351 0.170909 0.0485645
738 0.615351 0.160306 0.0480048
739 0.615351 0.163506 0.0499859
740 0.615351 0.199089 0.0555964
741 0.615351 0.181125 0.051849
742 0.615351 0.168702 0.0488094
743 0.615351 0.171361 0.0485525
744 0.615351 0.182317 0.0512086
745 0.615351 0.181957 0.0524978
746 0.615351 0.162364 0.0531228
747 0.615351 0.1784 0.0555646
748 0.615351 0.183387 0.0495269
749 0.615351 0.168 0.0513291
750 0.615351 0.160412 0.0489881
751 0.615351 0.172121 0.0548973
752 0.615351 0.178903 0.0529199
753 0.615351 0.188285 0.0592493
754 0.615351 0.182858 0.0543618
755 0.615351 0.177347 0.053953
756 0.615351 0.151251 0.0469349
757 0.615351 0.13807 0.0508259
758 0.615351 0.146494 0.0512465
759 0.615351 0.191636 0.0549233
760 0.615351 0.19877 0.0553303
761 0.615351 0.18813 0.0538126
762 0.615351 0.171635 0.0512363
763 0.615351 0.163518 0.0518185
764 0.615351 0.204584 0.0572229
765 0.615351 0.160717 0.0503639
766 0.615351 0.189939 0.0518364
767 0.615351 0.159334 0.047645
768 0.615351 0.178445 0.051326
769 0.615351 0.196495 0.0562423
770 0.615351 0.188319 0.0533832
771 0.615351 0.18618 0.0526989
772 0.615351 0.178394 0.0502162
773 0.615351 0.146446 0.0472274
774 0.615351 0.140488 0.0438045
775 0.615351 0.173622 0.0555457
776 0.615351 0.166047 0.0530706
777 0.615351 0.155923 0.0501567
778 0.615351 0.173295 0.0540252
779 0.615351 0.200747 0.0549833
780 0.615351 0.208203 0.0576837
781 0.615351 0.163599 0.052256
782 0.615351 0.186128 0.0540517
783 0.615351 0.168622 0.0474521
784 0.615351 0.172569 0.0500151
785 0.615351 0.178304 0.0536861
786 0.615351 0.159869 0.0504142
787 0.615351 0.153117 0.046371
788 0.615351 0.177589 0.0534777
789 0.615351 0.168184 0.0526122
790 0.615351 0.152039 0.0490444
791 0.615351 0.179637 0.0499905
792 0.615351 0.158952 0.0464448
793 0.615351 0.145247 0.045839
794 0.615351 0.147697 0.0474701
795 0.615351 0.156129 0.0480256
796 0.615351 0.14488 0.0505455
797 0.615351 0.143682 0.0526246
798 0.615351 0.146969 0.0507706
799 0.615351 0.166836 0.055944
800 0.615351 0.152317 0.0529819
801 0.615351 0.130428 0.04604
802 0.615351 0.141839 0.0477168
803 0.615351 0.135016 0.0497373
804 0.615351 0.144376 0.0508195
805 0.615351 0.168664 0.0553823
806 0.615351 0.172768 0.0513121
807 0.615351 0.180044 0.0576249
808 0.615351 0.159055 0.0555302
809 0.615351 0.148597 0.0490761
810 0.615351 0.167216 0.0517697
811 0.615351 0.170588 0.0577991
812 0.615351 0.15296 0.0500104
813 0.615351 0.154143 0.0487154
814 0.615351 0.158896 0.047694
815 0.615351 0.145724 0.0494958
816 0.615351 0.114966 0.0432452
817 0.615351 0.138894 0.0526494
818 0.615351 0.148788 0.0510448
819 0.615351 0.143082 0.0496781
820 0.615351 0.151637 0.0511238
821 0.615351 0.146416 0.0502871
822 0.615351 0.131361 0.0472687
823 0.615351 0.137332 0.0488083
824 0.615351 0.134052 0.0480788
825 0.615351 0.158483 0.0521011
826 0.615351 0.189662 0.0591193
827 0.615351 0.153668 0.052115
828 0.615351 0.144116 0.0474415
829 0.615351 0.173974 0.0545181
830 0.615351 0.184837 0.0557233
831 0.615351 0.176537 0.0558593
832 0.615351 0.183002 0.0581557
833 0.615351 0.13855 0.0483577
834 0.615351 0.150403 0.0519633
835 0.615351 0.135399 0.0507339
836 0.615351 0.17857 0.0552196
837 0.615351 0.164222 0.0545282
838 0.615351 0.153136 0.0537286
839 0.615351 0.1586 0.0537766
840 0.615351 0.184737 0.0576074
841 0.615351 0.179578 0.0536971
842 0.615351 0.195496 0.0583412
843 0.615351 0.171426 0.0516097
844 0.615351 0.175566 0.0552283
845 0.615351 0.183398 0.0557224
846 0.615351 0.161525 0.0525516
847 0.615351 0.17945 0.0551794
848 0.615351 0.17781 0.0553324
849 0.615351 0.170205 0.0521948
850 0.615351 0.132118 0.0482207
851 0.615351 0.13832 0.0514268
852 0.615351 0.134123 0.0486316
853 0.615351 0.160321 0.0583772
854 0.615351 0.167627 0.0572808
855 0.615351 0.148364 0.0500768
856 0.615351 0.176199 0.0531892
857 0.615351 0.164954 0.0574595
858 0.615351 0.180264 0.0553093
859 0.615351 0.185715 0.0562703
860 0.615351 0.164719 0.055971
861 0.615351 0.150224 0.0529328
862 0.615351 0.153624 0.0515994
863 0.615351 0.158541 0.0476684
864 0.615351 0.138651 0.0472787
865 0.615351 0.154744 0.0502963
866 0.615351 0.136444 0.0521196
867 0.615351 0.150657 0.0504528
868 0.615351 0.168753 0.0529644
869 0.615351 0.138864 0.0456538
870 0.615351 0.153992 0.0513334
871 0.615351 0.169524 0.0556145
872 0.615351 0.164017 0.0565696
873 0.615351 0.139197 0.0483452
874 0.615351 0.12625 0.0476623
875 0.615351 0.116798 0.0430044
876 0.615351 0.131549 0.0518983
877 0.615351 0.157392 0.0541156
878 0.615351 0.165241 0.0548872
879 0.615351 0.156082 0.049079
880 0.615351 0.164533 0.0503627
881 0.615351 0.168389 0.0514198
882 0.615351 0.17399 0.057155
883 0.615351 0.202801 0.0560111
884 0.615351 0.19075 0.0580684
885 0.615351 0.163186 0.0495249
886 0.615351 0.166661 0.0487003
887 0.615351 0.200049 0.0514054
888 0.615351 0.204661 0.0584161
889 0.615351 0.156213 0.0481462
890 0.615351 0.14409 0.0441871
891 0.615351 0.164649 0.0497259
892 0.615351 0.154872 0.0459005
893 0.615351 0.145422 0.0466866
894 0.615351 0.152691 0.0476018
895 0.615351 0.158537 0.0498096
896 0.615351 0.138349 0.0451252
897 0.615351 0.156811 0.0454415
898 0.615351 0.147706 0.0468343
899 0.615351 0.160032 0.0462939
900 0.615351 0.180317 0.0493636
901 0.615351 0.162684 0.0445274
902 0.615351 0.164503 0.0481222
903 0.615351 0.184779 0.0502872
904 0.615351 0.144094 0.0474783
905 0.615351 0.145638 0.0477704
906 0.615351 0.131009 0.0453709
907 0.615351 0.166657 0.0530247
908 0.615351 0.148163 0.0496614
909 0.615351 0.15725 0.0510352
910 0.615351 0.149762 0.0496231
911 0.615351 0.188024 0.0536076
912 0.615351 0.16714 0.0539852
913 0.615351 0.162266 0.0507682
914 0.615351 0.141401 0.0464552
915 0.615351 0.142146 0.0458272
916 0.615351 0.156965 0.0508551
917 0.615351 0.158593 0.0525942
918 0.615351 0.166583 0.0524748
919 0.615351 0.17819 0.0523747
920 0.615351 0.171241 0.0520757
921 0.615351 0.170505 0.0506073
922 0.615351 0.155792 0.0478044
923 0.615351 0.166035 0.05016
924 0.615351 0.169478 0.050817
925 0.615351 0.187141 0.0535632
926 0.615351 0.178314 0.0538912
927 0.615351 0.163188 0.0520385
928 0.615351 0.179274 0.053492
929 0.615351 0.176022 0.0538262
930 0.615351 0.173428 0.0551847
931 0.615351 0.160532 0.0467759
932 0.615351 0.156717 0.0508923
933 0.615351 0.180751 0.0550133
934 0.615351 0.162008 0.0553176
935 0.615351 0.152497 0.049032
936 0.615351 0.152688 0.0518206
937 0.615351 0.15132 0.0512579
938 0.615351 0.154636 0.0495128
939 0.615351 0.153101 0.0497301
940 0.615351 0.186863 0.0534249
941 0.615351 0.182171 0.0515295
942 0.615351 0.167105 0.0480866
943 0.615351 0.175214 0.0512584
944 0.615351 0.20038 0.0598352
945 0.615351 0.211292 0.0581549
946 0.615351 0.171435 0.0529374
947 0.615351 0.152022 0.048482
948 0.615351 0.195732 0.0519204
949 0.615351 0.16247 0.0497213
950 0.615351 0.16528 0.0532078
951 0.615351 0.170511 0.0573124
952 0.615351 0.154639 0.0537096
953 0.615351 0.151329 0.0484083
954 0.615351 0.144833 0.048266
955 0.615351 0.151284 0.0520405
956 0.615351 0.164239 0.050903
957 0.615351 0.165478 0.05068
958 0.615351 0.156705 0.0499869
959 0.615351 0.140257 0.0472584
960 0.615351 0.166269 0.0527712
961 0.615351 0.155893 0.047215
962 0.615351 0.143081 0.052578
963 0.615351 0.145515 0.0498314
964 0.615351 0.141841 0.0512829
965 0.615351 0.148379 0.0493354
966 0.615351 0.130504 0.0483897
967 0.615351 0.153086 0.0504286
968 0.615351 0.129522 0.0408231
969 0.615351 0.149666 0.0496062
970 0.615351 0.169122 0.050457
971 0.615351 0.159755 0.0483446
972 0.615351 0.176269 0.0499355
973 0.615351 0.174914 0.0506066
974 0.615351 0.165008 0.0491788
975 0.615351 0.186905 0.0549721
976 0.615351 0.15726 0.0444746
977 0.615351 0.171471 0.0521821
978 0.615351 0.169725 0.0526512
979 0.615351 0.168681 0.0549583
980 0.615351 0.148085 0.0506597
981 0.615351 0.145935 0.0458146
982 0.615351 0.159747 0.0499152
983 0.615351 0.177785 0.0533784
984 0.615351 0.155642 0.0537206
985 0.615351 0.174459 0.0541466
986 0.615351 0.187053 0.0570429
987 0.615351 0.179715 0.0573666
988 0.615351 0.175596 0.053645
989 0.615351 0.170709 0.0506613
990 0.615351 0.176937 0.0546543
991 0.615351 0.156715 0.0488843
992 0.615351 0.14931 0.0484033
993 0.615351 0.17094 0.0512516
994 0.615351 0.157483 0.0528007
995 0.615351 0.175263 0.0552589
996 0.615351 0.147823 0.0534837
997 0.615351 0.14093 0.0503524
998 0.615351 0.121176 0.0495665
999 0.615351 0.124916 0.0453229
1000 0.615351 0.135598 0.0520354
