0 0.125266 0.0777296 0.00370432
1 0.125271 0.0762731 0.00374866
2 0.125271 0.0789678 0.00366848
3 0.125271 0.0782068 0.00365331
4 0.125278 0.0829805 0.00349054
5 0.125278 0.0889067 0.00319175
6 0.125278 0.095895 0.00272747
7 0.125278 0.0990446 0.00259224
8 0.125278 0.0959517 0.00274595
9 0.125278 0.0939791 0.0029438
10 0.125278 0.0990388 0.00258947
11 0.125278 0.0965318 0.00277066
12 0.125278 0.101657 0.00237857
13 0.125278 0.107718 0.00188686
14 0.125278 0.110151 0.00166349
15 0.125278 0.105194 0.00211149
16 0.125278 0.107327 0.00186387
17 0.125278 0.107624 0.00190444
18 0.125278 0.108887 0.00178858
19 0.125278 0.110138 0.00167004
20 0.125278 0.110144 0.0016679
21 0.125278 0.115144 0.00116454
22 0.125278 0.116389 0.00102993
23 0.125278 0.120141 0.000607487
24 0.125278 0.117713 0.000877113
25 0.125278 0.116249 0.000992465
26 0.125278 0.114003 0.00127142
27 0.125278 0.119206 0.000687188
28 0.125278 0.117648 0.00088976
29 0.125278 0.117699 0.000880755
30 0.125278 0.117764 0.000863211
31 0.125278 0.116531 0.000995648
32 0.125278 0.118905 0.000749466
33 0.125278 0.121421 0.000452482
34 0.125278 0.121438 0.000452225
35 0.125278 0.121401 0.000460435
36 0.125278 0.118967 0.000732495
37 0.125278 0.116414 0.00102444
38 0.125278 0.118956 0.000737293
39 0.125278 0.120275 0.000578358
40 0.125278 0.120233 0.00058729
41 0.125278 0.122887 0.000257775
42 0.125278 0.123541 0.000169262
43 0.125278 0.120233 0.000587315
44 0.125278 0.1239 0.00015547
45 0.392715 0.126465 0.000880821
46 0.392715 0.125334 0.00103953
47 0.392715 0.12407 0.00119659
48 0.392715 0.12537 0.00102888
49 0.409182 0.128207 0.00183198
50 0.409182 0.130668 0.00150729
51 0.469054 0.13167 0.00299416
52 0.469054 0.130378 0.00317976
53 0.469054 0.137403 0.00576076
54 0.477903 0.143399 0.00812122
55 0.477903 0.15254 0.0100662
56 0.499794 0.170693 0.0154241
57 0.515914 0.166003 0.0167565
57 0.519894 0.0788638 0.0254063
58 0.519894 0.0647456 0.0218783
59 0.519894 0.0575844 0.0206938
60 0.519894 0.0775438 0.0264938
61 0.519894 0.0699858 0.0249437
62 0.519894 0.0721734 0.0248237
63 0.519894 0.0931711 0.0292061
64 0.525027 0.0779949 0.0279174
65 0.525027 0.103403 0.0328394
66 0.553716 0.0993541 0.036167
67 0.553716 0.0944121 0.0335227
68 0.553716 0.110059 0.0363426
69 0.553716 0.107543 0.033912
70 0.553716 0.0986474 0.0346548
71 0.553716 0.103844 0.0361029
72 0.553716 0.107979 0.0369852
73 0.553716 0.0879942 0.0330346
74 0.553716 0.101282 0.0364349
75 0.553716 0.114649 0.0422263
76 0.553716 0.133692 0.0434613
77 0.553716 0.0963714 0.0353732
78 0.553716 0.139219 0.0431674
79 0.553716 0.11471 0.0390974
80 0.553716 0.13765 0.0439597
81 0.553716 0.112817 0.0366706
82 0.553716 0.0831847 0.0325567
83 0.553716 0.10324 0.0379768
84 0.553716 0.109168 0.0372207
85 0.553716 0.10251 0.0379323
86 0.553716 0.112228 0.0408724
87 0.553716 0.127169 0.0426226
88 0.553716 0.122435 0.041269
89 0.553716 0.127307 0.0381734
90 0.553716 0.118746 0.0396108
91 0.553716 0.128895 0.0385849
92 0.553716 0.116162 0.0409094
93 0.553716 0.0985013 0.0346045
94 0.553716 0.0977318 0.0369782
95 0.553716 0.0973211 0.0372703
96 0.553716 0.124366 0.0409375
97 0.558383 0.121337 0.04004
98 0.558383 0.136494 0.041828
99 0.558383 0.130186 0.0409007
100 0.558383 0.112055 0.0387532
101 0.558383 0.119085 0.0389141
102 0.558383 0.148331 0.0463718
103 0.558383 0.117647 0.0431915
104 0.558383 0.144495 0.0436355
105 0.558383 0.140812 0.0460759
106 0.558383 0.112747 0.0385051
107 0.558383 0.140762 0.0391803
108 0.558383 0.150061 0.043659
109 0.558383 0.137816 0.0416235
110 0.558383 0.11133 0.0392285
111 0.558383 0.120728 0.0386529
112 0.558383 0.145483 0.0428656
113 0.558383 0.136617 0.0445012
114 0.558383 0.120197 0.0412919
115 0.558383 0.129573 0.0391028
116 0.558383 0.111262 0.0397087
117 0.558383 0.129981 0.0427043
118 0.558383 0.14097 0.0422281
119 0.558383 0.120262 0.0393892
120 0.558383 0.115907 0.0388511
121 0.558383 0.128027 0.0459637
122 0.558383 0.139808 0.0435207
123 0.558383 0.137934 0.0446562
124 0.558383 0.105175 0.0353436
125 0.558383 0.110144 0.0377095
126 0.558383 0.107024 0.038272
127 0.558383 0.116788 0.0385626
128 0.558383 0.120776 0.0412022
129 0.558383 0.121546 0.0409617
130 0.558383 0.127088 0.0429258
131 0.558383 0.155319 0.0475493
132 0.558383 0.131997 0.0389115
133 0.558383 0.130796 0.0436232
134 0.558383 0.133564 0.0446034
135 0.558383 0.135389 0.0414973
136 0.558383 0.117158 0.0396817
137 0.558383 0.116852 0.0346382
138 0.558383 0.116256 0.0373837
139 0.558383 0.133648 0.0392065
140 0.558383 0.091374 0.0329278
141 0.558383 0.108977 0.0368926
142 0.558383 0.106948 0.0367996
143 0.558383 0.0933934 0.0338151
144 0.558383 0.117572 0.0379183
145 0.558383 0.126464 0.0412003
146 0.558383 0.100707 0.0342866
147 0.558383 0.132451 0.0402233
148 0.558383 0.133951 0.0416134
149 0.558383 0.144691 0.0431689
150 0.558383 0.152646 0.0445922
151 0.558383 0.122032 0.0400376
152 0.558383 0.128138 0.039379
153 0.558383 0.135473 0.0417954
154 0.558383 0.141994 0.0458386
155 0.558383 0.127352 0.0414387
156 0.558383 0.132971 0.0432485
157 0.558383 0.13931 0.0443759
158 0.558383 0.153161 0.047859
159 0.576869 0.136886 0.0442692
160 0.576869 0.134405 0.0432086
161 0.576869 0.139456 0.0442794
162 0.576869 0.133076 0.0443642
163 0.576869 0.146837 0.0428086
164 0.576869 0.122678 0.0391936
165 0.576869 0.115149 0.0365885
166 0.576869 0.114946 0.0375005
167 0.576869 0.136079 0.043038
168 0.576869 0.146361 0.0449896
169 0.576869 0.13983 0.0438619
170 0.576869 0.141466 0.0446386
171 0.576869 0.125319 0.0438283
172 0.576869 0.114359 0.0357977
173 0.576869 0.132917 0.0417301
174 0.576869 0.147101 0.045778
175 0.576869 0.115969 0.0408855
176 0.576869 0.120073 0.0404122
177 0.576869 0.14614 0.0419626
178 0.576869 0.15198 0.043657
179 0.578837 0.136634 0.0416762
180 0.578837 0.120867 0.0379425
181 0.578837 0.163733 0.0472431
182 0.578837 0.126947 0.0381799
183 0.578837 0.130981 0.0436703
184 0.578837 0.132154 0.0416272
185 0.578837 0.151651 0.0467147
186 0.578837 0.160723 0.0455672
187 0.578837 0.124766 0.0393156
188 0.578837 0.137934 0.044835
189 0.578837 0.139268 0.0443419
190 0.578837 0.159307 0.0477177
191 0.578837 0.141867 0.0457378
192 0.578837 0.129764 0.0420611
193 0.578837 0.125701 0.0435498
194 0.578837 0.160238 0.0481917
195 0.578837 0.117847 0.0393664
196 0.578837 0.129293 0.0420008
197 0.578837 0.138041 0.0448049
198 0.578837 0.129099 0.0451436
199 0.578837 0.16269 0.0456626
200 0.578837 0.150874 0.0465892
201 0.578837 0.16841 0.0487555
202 0.580728 0.170564 0.0458021
203 0.580728 0.176314 0.0460753
204 0.580728 0.17691 0.047651
205 0.580728 0.198764 0.0501823
206 0.580728 0.178304 0.0508953
207 0.580728 0.171085 0.0448393
208 0.580728 0.159469 0.046227
209 0.582897 0.149931 0.0465477
210 0.582897 0.138071 0.048415
211 0.582897 0.171615 0.0537518
212 0.582897 0.170473 0.0458534
213 0.582897 0.171346 0.0464455
214 0.582897 0.176139 0.049043
215 0.582897 0.143138 0.0435743
216 0.582897 0.152388 0.048168
217 0.582897 0.153526 0.0455765
218 0.582897 0.164366 0.0492031
219 0.582897 0.190053 0.0516124
220 0.582897 0.187075 0.0496472
221 0.582897 0.156009 0.0446387
222 0.582897 0.144035 0.0463535
223 0.582897 0.145271 0.04472
224 0.582897 0.165066 0.0445678
225 0.582897 0.16929 0.0448613
226 0.582897 0.165567 0.0453042
227 0.582897 0.179375 0.0445076
228 0.582897 0.15747 0.0416091
229 0.582897 0.158512 0.0462508
230 0.582897 0.128719 0.0418547
231 0.582897 0.120834 0.0401131
232 0.582897 0.134751 0.0425755
233 0.582897 0.165215 0.0446189
234 0.582897 0.161287 0.0496282
235 0.582897 0.156676 0.0451477
236 0.582897 0.150466 0.0442509
237 0.582897 0.136159 0.0392845
238 0.582897 0.154302 0.0479213
239 0.582897 0.131249 0.0452776
240 0.583503 0.132173 0.0479767
241 0.583503 0.137845 0.0481567
242 0.583503 0.148017 0.0443406
243 0.583503 0.140649 0.047332
244 0.583503 0.139981 0.0451681
245 0.583503 0.143718 0.0478138
246 0.583503 0.149251 0.0500613
247 0.583503 0.125028 0.0457553
248 0.583503 0.131483 0.0459196
249 0.583503 0.153294 0.0536066
250 0.583503 0.13556 0.0472479
251 0.583503 0.11031 0.0418271
252 0.583503 0.118535 0.0388855
253 0.583503 0.147899 0.0464012
254 0.583503 0.158804 0.0482532
255 0.583503 0.132445 0.0445636
256 0.583503 0.135714 0.0434919
257 0.583503 0.13453 0.0436478
258 0.583503 0.141285 0.043717
259 0.583503 0.150078 0.044545
260 0.583503 0.148046 0.0439924
261 0.583503 0.164361 0.0474099
262 0.583503 0.159539 0.0489726
263 0.583503 0.169808 0.0511597
264 0.583503 0.13049 0.0433249
265 0.583503 0.126949 0.0451583
266 0.583985 0.144665 0.0436812
267 0.583985 0.167256 0.050372
268 0.583985 0.180122 0.0552048
269 0.583985 0.134249 0.0486917
270 0.583985 0.132755 0.0464291
271 0.583985 0.134831 0.0431671
272 0.583985 0.141639 0.0455128
273 0.583985 0.151764 0.0496011
274 0.583985 0.141336 0.0469219
275 0.583985 0.144525 0.0462653
276 0.583985 0.146061 0.0450762
277 0.583985 0.13479 0.044773
278 0.583985 0.148518 0.050822
279 0.583985 0.137823 0.0444559
280 0.583985 0.163873 0.0517767
281 0.583985 0.161127 0.0521476
282 0.583985 0.153439 0.0495241
283 0.583985 0.151569 0.0484397
284 0.583985 0.180383 0.0510959
285 0.583985 0.15027 0.047801
286 0.583985 0.123786 0.0426949
287 0.583985 0.127161 0.0451289
288 0.583985 0.126637 0.0437222
289 0.583985 0.137143 0.0465191
290 0.583985 0.134966 0.0458399
291 0.583985 0.138477 0.0447146
292 0.583985 0.124257 0.0399617
293 0.583985 0.141073 0.0459068
294 0.584117 0.166058 0.0538419
295 0.584117 0.158885 0.0539105
296 0.584117 0.163013 0.048331
297 0.584117 0.152498 0.0478087
298 0.584117 0.174579 0.0497943
299 0.584117 0.158904 0.0485805
300 0.584117 0.149815 0.0471726
301 0.584117 0.146998 0.0469384
302 0.584117 0.152227 0.0489545
303 0.584117 0.15315 0.0474157
304 0.584117 0.148483 0.045441
305 0.584117 0.137287 0.0452771
306 0.584117 0.159644 0.0492383
307 0.584117 0.144634 0.0480409
308 0.584636 0.150358 0.0466514
309 0.584636 0.146451 0.047533
310 0.584636 0.138705 0.046106
311 0.584636 0.133396 0.0469076
312 0.584636 0.168404 0.0491698
313 0.584636 0.141203 0.0455542
314 0.584636 0.127709 0.0480753
315 0.584636 0.14632 0.0501022
316 0.584636 0.160815 0.0518983
317 0.584636 0.168712 0.0493302
318 0.584636 0.183722 0.0496806
319 0.584636 0.154538 0.0482067
320 0.584636 0.157946 0.045794
321 0.584636 0.170029 0.0490578
322 0.584636 0.133917 0.0469201
323 0.584636 0.170723 0.0500456
324 0.584636 0.161418 0.0463864
325 0.584636 0.155501 0.0448076
326 0.584636 0.165159 0.0513843
327 0.584636 0.131642 0.0451175
328 0.584636 0.135338 0.0466067
329 0.584636 0.14715 0.0448821
330 0.584636 0.151696 0.048119
331 0.584636 0.135838 0.0436745
332 0.586501 0.118804 0.0407877
333 0.586501 0.130658 0.0427875
334 0.586501 0.129351 0.0443613
335 0.586501 0.130804 0.042541
336 0.586501 0.128894 0.0432021
337 0.586501 0.147742 0.0482606
338 0.586501 0.156429 0.0474729
339 0.586501 0.119521 0.0392147
340 0.586501 0.129925 0.043567
341 0.586501 0.130116 0.0430105
342 0.586501 0.159821 0.0488697
343 0.586501 0.145923 0.048954
344 0.586501 0.145263 0.0452801
345 0.586501 0.152249 0.0470707
346 0.586501 0.154459 0.0455846
347 0.586501 0.131214 0.0385436
348 0.586501 0.136241 0.0427182
349 0.586501 0.14676 0.0465794
350 0.586501 0.150227 0.0489283
351 0.586501 0.115917 0.045112
352 0.586501 0.13361 0.0479295
353 0.586501 0.130203 0.0414627
354 0.586501 0.165189 0.0514964
355 0.586501 0.119707 0.0426911
356 0.586501 0.134186 0.0458589
357 0.586501 0.117653 0.0440983
358 0.586501 0.145754 0.0502591
359 0.586501 0.136314 0.0490951
360 0.586501 0.131652 0.0434789
361 0.586501 0.135934 0.0451101
362 0.586501 0.131342 0.0463936
363 0.586501 0.122601 0.0463166
364 0.586501 0.140374 0.0480277
365 0.586501 0.145581 0.0483562
366 0.586501 0.17783 0.0532436
367 0.586501 0.154365 0.0458236
368 0.586881 0.135097 0.0444854
369 0.586881 0.157193 0.0472342
370 0.587197 0.159403 0.0450472
371 0.587197 0.160322 0.0480816
372 0.587197 0.183364 0.0507244
373 0.587197 0.121175 0.0404279
374 0.587197 0.124983 0.0443569
375 0.587197 0.125777 0.0426087
376 0.587197 0.139379 0.0466436
377 0.587197 0.130009 0.0452136
378 0.587197 0.1452 0.049063
379 0.587382 0.147025 0.0502036
380 0.587382 0.148763 0.0423144
381 0.587382 0.184743 0.0507158
382 0.587382 0.209349 0.0477624
383 0.587382 0.185985 0.0504466
384 0.587382 0.179919 0.0455775
385 0.587382 0.150103 0.0449712
386 0.587382 0.151843 0.0493393
387 0.587382 0.139564 0.0481867
388 0.587382 0.156124 0.0503651
389 0.587382 0.164281 0.050627
390 0.587382 0.167198 0.0491633
391 0.587382 0.137972 0.0429972
392 0.587382 0.138625 0.0480755
393 0.587382 0.177127 0.0517886
394 0.587382 0.150755 0.0486932
395 0.589627 0.145487 0.0485322
396 0.589627 0.158552 0.0490394
397 0.589627 0.149781 0.045334
398 0.589627 0.12705 0.0463963
399 0.589627 0.126292 0.0414154
400 0.589627 0.140582 0.0444436
401 0.589627 0.121001 0.0433333
402 0.589627 0.12189 0.0406352
403 0.589627 0.130484 0.0437396
404 0.589627 0.146409 0.0487027
405 0.589627 0.155465 0.0529303
406 0.589627 0.156176 0.0485106
407 0.589627 0.155839 0.0482349
408 0.589627 0.148148 0.045639
409 0.589627 0.137718 0.0451551
410 0.589627 0.122647 0.0430271
411 0.589627 0.130247 0.0450568
412 0.589627 0.138676 0.0467828
413 0.589627 0.138614 0.043346
414 0.589627 0.136001 0.0456169
415 0.589627 0.136612 0.042446
416 0.589627 0.135483 0.0437009
417 0.589627 0.135573 0.0452915
418 0.589627 0.132068 0.0437765
419 0.589627 0.149995 0.050073
420 0.589627 0.130397 0.041987
421 0.589627 0.120863 0.0390127
422 0.589627 0.142368 0.0475144
423 0.589627 0.134079 0.0448004
424 0.589627 0.139211 0.0459832
425 0.589627 0.147188 0.0494778
426 0.589627 0.131555 0.0414947
427 0.589627 0.129382 0.0411461
428 0.589627 0.164009 0.0451834
429 0.589627 0.16159 0.0474147
430 0.589627 0.157135 0.047777
431 0.589627 0.149735 0.0503399
432 0.589627 0.147976 0.0505111
433 0.589627 0.146337 0.0481129
434 0.589627 0.160489 0.0497234
435 0.589627 0.149584 0.0494181
436 0.589627 0.14309 0.0466625
437 0.589627 0.156799 0.0469688
438 0.589627 0.136095 0.0434321
439 0.589627 0.153208 0.0502605
440 0.589627 0.136043 0.0424669
441 0.589627 0.135498 0.0441903
442 0.589627 0.143588 0.0496667
443 0.589627 0.126593 0.0437984
444 0.589627 0.139192 0.0428194
445 0.589627 0.145095 0.0464745
446 0.589627 0.131218 0.0440802
447 0.589627 0.137032 0.0436946
448 0.589627 0.138015 0.0426064
449 0.589627 0.144017 0.0454778
450 0.589627 0.119556 0.0433814
451 0.589627 0.142247 0.0509126
452 0.589627 0.132645 0.0444389
453 0.589627 0.139805 0.0461242
454 0.589627 0.151488 0.0483053
455 0.589627 0.1211 0.0401437
456 0.589627 0.162004 0.0501323
457 0.589627 0.146098 0.0430135
458 0.589627 0.164435 0.0473755
459 0.590661 0.184424 0.0552029
460 0.590661 0.149503 0.0478731
461 0.590661 0.164305 0.0544476
462 0.592206 0.186858 0.0573225
463 0.592206 0.15869 0.0530131
464 0.592206 0.135406 0.0478856
465 0.596647 0.162602 0.0503279
466 0.596647 0.147765 0.0454065
467 0.596647 0.134915 0.0450674
468 0.596647 0.136546 0.0441126
469 0.596647 0.151217 0.0459229
470 0.596647 0.162683 0.0435228
471 0.596647 0.140857 0.0449298
472 0.596647 0.124559 0.0435469
473 0.596647 0.126977 0.0428816
474 0.596647 0.135035 0.0453431
475 0.596647 0.131867 0.0472685
476 0.596647 0.161127 0.0511346
477 0.596647 0.15232 0.0481612
478 0.596647 0.153544 0.0423702
479 0.596647 0.130595 0.0424158
480 0.596647 0.137467 0.044709
481 0.596647 0.149197 0.0489231
482 0.596647 0.146877 0.04606
483 0.596647 0.160713 0.0510359
484 0.596647 0.147897 0.043838
485 0.596647 0.145888 0.045514
486 0.596647 0.145 0.047154
487 0.596647 0.159994 0.047833
488 0.596647 0.154267 0.0456607
489 0.596647 0.141623 0.0411685
490 0.596647 0.139076 0.0439224
491 0.596647 0.149724 0.0501199
492 0.596647 0.147034 0.0465871
493 0.596647 0.137972 0.0458828
494 0.596647 0.137338 0.0494435
495 0.596647 0.133348 0.0472748
496 0.596647 0.143137 0.0461945
497 0.596647 0.162136 0.0469336
498 0.596647 0.121899 0.0441383
499 0.596651 0.133317 0.0456794
500 0.59677 0.146387 0.0515858
501 0.59677 0.147336 0.0493534
502 0.59677 0.142073 0.0442598
503 0.59677 0.126552 0.0448459
504 0.59677 0.13502 0.0424723
505 0.59677 0.126025 0.0385209
506 0.59677 0.136561 0.0452104
507 0.59677 0.130122 0.0428084
508 0.59677 0.147771 0.0471387
509 0.604228 0.166866 0.0515336
510 0.604228 0.130937 0.0452095
511 0.604228 0.143698 0.0465788
512 0.604228 0.132351 0.0453392
513 0.604228 0.134635 0.0500755
514 0.604228 0.136531 0.0453955
515 0.604228 0.132345 0.0431902
516 0.604228 0.142502 0.0497448
517 0.604228 0.146077 0.051194
518 0.604228 0.137405 0.0486877
519 0.604228 0.144336 0.0470901
520 0.604228 0.144764 0.0466241
521 0.604228 0.152082 0.0469665
522 0.604228 0.133315 0.0437897
523 0.604228 0.131995 0.0444816
524 0.604228 0.126386 0.0448121
525 0.604228 0.15395 0.0492002
526 0.604228 0.147078 0.0523857
527 0.604228 0.138721 0.044314
528 0.604228 0.129935 0.04273
529 0.604228 0.116745 0.0426459
530 0.604228 0.152242 0.0465416
531 0.604228 0.136306 0.0444993
532 0.604228 0.140005 0.045524
533 0.604228 0.132054 0.0472704
534 0.604228 0.129618 0.0472352
535 0.604228 0.130712 0.0460237
536 0.604228 0.130173 0.0426569
537 0.604228 0.139557 0.0451119
538 0.604228 0.136398 0.0429982
539 0.604228 0.132107 0.0423359
540 0.604228 0.141616 0.0460931
541 0.604228 0.177057 0.047068
542 0.604228 0.170141 0.0473446
543 0.604228 0.174098 0.0477962
544 0.604228 0.155227 0.0448205
545 0.604228 0.146945 0.0438157
546 0.604228 0.146964 0.0473169
547 0.604228 0.136139 0.0423298
548 0.604228 0.146147 0.0443355
549 0.604228 0.160795 0.0475012
550 0.604228 0.15054 0.047726
551 0.604228 0.128539 0.0425173
552 0.604228 0.148752 0.045705
553 0.604228 0.165878 0.0467546
554 0.604228 0.161093 0.0456253
555 0.604228 0.141347 0.0451157
556 0.604228 0.141978 0.0435511
557 0.604228 0.128933 0.0433382
558 0.604228 0.138942 0.044571
559 0.604228 0.153411 0.0475954
560 0.604228 0.157634 0.049258
561 0.604228 0.151005 0.0485587
562 0.604228 0.153194 0.0494556
563 0.604228 0.118303 0.0415268
564 0.604228 0.13123 0.0443586
565 0.604228 0.105049 0.0407411
566 0.604228 0.110395 0.0435609
567 0.604228 0.0975538 0.0403842
568 0.604228 0.139704 0.051159
569 0.604228 0.111481 0.0390465
570 0.604228 0.119971 0.0421259
571 0.604228 0.109222 0.0393605
572 0.604228 0.118705 0.0419071
573 0.604228 0.115978 0.0421818
574 0.604228 0.1246 0.0435808
575 0.604228 0.133416 0.0482317
576 0.604228 0.145775 0.0479291
577 0.604228 0.137786 0.0433336
578 0.604228 0.123091 0.0406781
579 0.604228 0.124527 0.0422483
580 0.604228 0.116886 0.0407812
581 0.604228 0.131208 0.0456649
582 0.604228 0.150327 0.0456853
583 0.604228 0.130774 0.0472539
584 0.604228 0.139453 0.0513182
585 0.604228 0.133672 0.0496122
586 0.604228 0.161944 0.0478054
587 0.604228 0.134928 0.0435202
588 0.604228 0.139196 0.047531
589 0.604228 0.152572 0.0488934
590 0.604228 0.13875 0.0486879
591 0.604228 0.141887 0.0460383
592 0.604228 0.135748 0.0440378
593 0.604228 0.121567 0.0447048
594 0.604228 0.117523 0.0422802
595 0.604228 0.128468 0.0462352
596 0.604228 0.129053 0.0423164
597 0.604228 0.0948237 0.0360746
598 0.604228 0.136083 0.0476157
599 0.604228 0.12947 0.0474942
600 0.604228 0.140398 0.0473
601 0.604228 0.134106 0.0523854
602 0.604228 0.125118 0.044278
603 0.604228 0.128701 0.0439096
604 0.604228 0.104527 0.0405533
605 0.604228 0.141939 0.0474295
606 0.604228 0.133166 0.0422156
607 0.604228 0.146348 0.0454651
608 0.604228 0.146045 0.0425394
609 0.604228 0.14888 0.045963
610 0.604228 0.155785 0.0476779
611 0.604228 0.136499 0.0471519
612 0.605477 0.130213 0.04855
613 0.605477 0.12437 0.0415802
614 0.605477 0.133827 0.0471934
615 0.605477 0.125539 0.0434079
616 0.605477 0.132977 0.0453866
617 0.605477 0.121144 0.0436284
618 0.605477 0.131354 0.0459113
619 0.605477 0.130797 0.0444327
620 0.605477 0.141259 0.0443558
621 0.605477 0.142061 0.0461903
622 0.605477 0.127414 0.0472458
623 0.605477 0.114185 0.0407514
624 0.605477 0.127367 0.0451172
625 0.605477 0.129898 0.0445824
626 0.605477 0.171725 0.0498926
627 0.605477 0.146993 0.047226
628 0.605477 0.125237 0.0456385
629 0.605477 0.145552 0.0474826
630 0.605477 0.108467 0.0386147
631 0.605477 0.139927 0.0484174
632 0.605477 0.117298 0.0410537
633 0.605477 0.114788 0.0405323
634 0.605477 0.129551 0.0470999
635 0.605477 0.129406 0.0460926
636 0.605477 0.126183 0.0440283
637 0.605477 0.112395 0.0403207
638 0.605477 0.130463 0.0441161
639 0.605477 0.121294 0.0417937
640 0.605477 0.117115 0.0376471
641 0.605477 0.121578 0.0417931
642 0.605477 0.138059 0.0430994
643 0.605477 0.150397 0.0431803
644 0.610106 0.136406 0.0457598
645 0.610106 0.134559 0.0482024
646 0.610106 0.123591 0.0447661
647 0.610106 0.119741 0.0455983
648 0.610106 0.118755 0.0399643
649 0.610106 0.135914 0.043225
650 0.610106 0.123947 0.0405506
651 0.610106 0.129634 0.0413438
652 0.610106 0.105953 0.0407827
653 0.610106 0.128493 0.0446463
654 0.610106 0.142446 0.0481779
655 0.610106 0.123132 0.0444243
656 0.610106 0.132661 0.0452793
657 0.610106 0.0984315 0.0407593
658 0.610106 0.101411 0.0398345
659 0.610106 0.104693 0.0432484
660 0.610106 0.0936388 0.0387524
661 0.610106 0.10898 0.0404964
662 0.610106 0.102838 0.0392554
663 0.610106 0.12359 0.043807
664 0.610106 0.0956095 0.0382903
665 0.610106 0.104163 0.0434032
666 0.610106 0.143322 0.0541972
667 0.610106 0.114642 0.0429299
668 0.610106 0.129888 0.0477344
669 0.610106 0.103678 0.038931
670 0.610106 0.112459 0.0442921
671 0.610106 0.121843 0.044354
672 0.610106 0.1204 0.0448901
673 0.610106 0.146604 0.0472505
674 0.610106 0.112674 0.0405166
675 0.610106 0.115355 0.0445069
676 0.610106 0.123618 0.0460543
677 0.610106 0.0962813 0.0392518
678 0.610106 0.0991594 0.0351448
679 0.610106 0.103004 0.0409586
680 0.610106 0.104002 0.0427703
681 0.610106 0.0876639 0.0386662
682 0.610106 0.112781 0.045015
683 0.610106 0.102947 0.041179
684 0.610106 0.118534 0.0452699
685 0.610106 0.116033 0.0439697
686 0.610106 0.0942238 0.0386353
687 0.610106 0.0904996 0.0373614
688 0.610803 0.0898546 0.0390171
689 0.610803 0.115541 0.0476212
690 0.610803 0.112086 0.0440883
691 0.610803 0.0895108 0.0390064
692 0.610803 0.0840356 0.0374338
693 0.610803 0.0895535 0.0432214
694 0.610803 0.0939525 0.0416566
695 0.610803 0.0905169 0.0377678
696 0.610803 0.0935714 0.0389414
697 0.610803 0.0959609 0.0411751
698 0.610803 0.0993103 0.0435444
699 0.610803 0.113746 0.0445955
700 0.610803 0.0917277 0.0391465
701 0.610803 0.103367 0.0410189
702 0.610803 0.120845 0.0440695
703 0.610803 0.109271 0.0456051
704 0.610803 0.117879 0.0428918
705 0.610803 0.116994 0.0446932
706 0.610803 0.11016 0.0427451
707 0.610914 0.115296 0.0425821
708 0.610914 0.0897483 0.0368348
709 0.610914 0.0933542 0.0396239
710 0.610914 0.107593 0.0429564
711 0.610914 0.124897 0.0464267
712 0.610914 0.127569 0.0464809
713 0.610914 0.132512 0.0526046
714 0.610914 0.106491 0.0450551
715 0.610914 0.103181 0.0411993
716 0.610914 0.116586 0.0456425
717 0.610914 0.11509 0.0432455
718 0.610914 0.10365 0.0441182
719 0.610914 0.108357 0.0439382
720 0.610914 0.11867 0.0458669
721 0.610914 0.10557 0.046068
722 0.610914 0.10898 0.045734
723 0.610914 0.118079 0.0457295
724 0.610914 0.0986054 0.0409529
725 0.610914 0.0915426 0.0364802
726 0.610914 0.0969621 0.0406202
727 0.610914 0.103603 0.0391493
728 0.610914 0.106594 0.0410228
729 0.610914 0.122162 0.0413615
730 0.610914 0.0954879 0.0386189
731 0.610914 0.0980048 0.0407858
732 0.610914 0.0942213 0.0391749
733 0.611263 0.0985723 0.0424058
734 0.611263 0.102962 0.0416081
735 0.611263 0.129801 0.0491337
736 0.611263 0.100471 0.0384173
737 0.611263 0.101773 0.0391575
738 0.611263 0.121493 0.0464982
739 0.611263 0.121687 0.0429872
740 0.611263 0.130652 0.0457909
741 0.611263 0.129253 0.05008
742 0.611263 0.12023 0.0490532
743 0.611263 0.113082 0.0418729
744 0.611263 0.0888253 0.0363264
745 0.611263 0.101223 0.0398331
746 0.611263 0.104878 0.043511
747 0.611263 0.0898655 0.0410457
748 0.611263 0.0975244 0.0420353
749 0.611263 0.123548 0.0503733
750 0.611263 0.0967848 0.0407061
751 0.611263 0.11296 0.0444555
752 0.611263 0.105795 0.0419563
753 0.611263 0.101378 0.0414481
754 0.611263 0.0985871 0.0420813
755 0.611263 0.0871288 0.0364564
756 0.612174 0.109033 0.0438055
757 0.612174 0.115695 0.0456877
758 0.612174 0.11801 0.0474992
759 0.612174 0.101655 0.0407863
760 0.612174 0.122775 0.0458909
761 0.612174 0.107264 0.0425544
762 0.612174 0.10653 0.0420862
763 0.612174 0.0927854 0.0380938
764 0.612174 0.101547 0.0396534
765 0.612174 0.0982928 0.0444494
766 0.612174 0.0945237 0.0418734
767 0.612174 0.107975 0.0452115
768 0.612174 0.110791 0.0453892
769 0.612174 0.115395 0.0451142
770 0.612174 0.101234 0.0389417
771 0.612174 0.114975 0.0461669
772 0.612174 0.101528 0.0425283
773 0.612174 0.106036 0.0428642
774 0.612174 0.107661 0.0397453
775 0.612174 0.101398 0.0415837
776 0.612174 0.108103 0.0408546
777 0.612174 0.110689 0.0422611
778 0.612174 0.0852688 0.0389128
779 0.612174 0.0878875 0.0391326
780 0.612174 0.0924831 0.0386614
781 0.612174 0.106622 0.0460915
782 0.612174 0.0983483 0.0399932
783 0.612174 0.099119 0.0421867
784 0.612174 0.0915529 0.0385578
785 0.612174 0.101688 0.0403051
786 0.612174 0.101741 0.0424216
787 0.612174 0.107572 0.0448242
788 0.612174 0.106973 0.0425234
789 0.612174 0.107845 0.0442155
790 0.612174 0.138052 0.0460041
791 0.612174 0.119638 0.0432554
792 0.612174 0.11953 0.0468416
793 0.612174 0.120843 0.0436793
794 0.612174 0.0907221 0.0385445
795 0.612174 0.09926 0.040315
796 0.612174 0.108686 0.0426694
797 0.612174 0.114529 0.0437144
798 0.612174 0.129358 0.0491338
799 0.612174 0.115728 0.0472721
800 0.612174 0.112849 0.0446592
801 0.612174 0.110584 0.044529
802 0.612174 0.132264 0.0491676
803 0.612174 0.13189 0.0467222
804 0.612174 0.114667 0.0445826
805 0.612174 0.102147 0.040741
806 0.612174 0.126911 0.0479189
807 0.612174 0.119694 0.0470878
808 0.612174 0.107787 0.0458726
809 0.612174 0.108394 0.0434291
810 0.612174 0.121595 0.0448894
811 0.612174 0.117236 0.046123
812 0.612174 0.113458 0.0456208
813 0.612174 0.113253 0.0488461
814 0.612174 0.100888 0.0426236
815 0.612174 0.102068 0.0415189
816 0.612174 0.0953515 0.0385589
817 0.612174 0.103036 0.0429223
818 0.612174 0.107504 0.0437753
819 0.612174 0.103267 0.0416653
820 0.612174 0.107957 0.0421738
821 0.612174 0.121307 0.047167
822 0.612174 0.107153 0.0462083
823 0.612174 0.0886578 0.0395301
824 0.612174 0.0971542 0.0415676
825 0.612174 0.0921289 0.0401413
826 0.612174 0.0873817 0.0377838
827 0.612174 0.112264 0.0426516
828 0.612174 0.111045 0.0425886
829 0.612174 0.105551 0.0383466
830 0.612174 0.118425 0.0425334
831 0.612174 0.102355 0.0383103
832 0.612174 0.104813 0.0436422
833 0.612174 0.0963127 0.0400563
834 0.612174 0.112341 0.0431407
835 0.612174 0.135743 0.0484525
836 0.612174 0.0934974 0.0379287
837 0.612174 0.0979951 0.0410815
838 0.612174 0.103671 0.0459532
839 0.612174 0.0890739 0.0397682
840 0.612174 0.102867 0.0417387
841 0.612174 0.121185 0.0461632
842 0.612174 0.120916 0.046977
843 0.612174 0.0925755 0.0383886
844 0.612174 0.100417 0.0406229
845 0.612174 0.100675 0.0409055
846 0.612174 0.110935 0.0431226
847 0.612174 0.101319 0.0400336
848 0.612174 0.114437 0.0418888
849 0.612174 0.115668 0.0450218
850 0.612174 0.0933018 0.0392223
851 0.612174 0.103974 0.0432238
852 0.612174 0.111831 0.045161
853 0.612174 0.101828 0.0429774
854 0.612174 0.0990266 0.0425784
855 0.612174 0.0984665 0.0444275
856 0.612174 0.0953989 0.0428679
857 0.612174 0.0925282 0.0381387
858 0.612174 0.0843573 0.038967
859 0.612174 0.100854 0.0393297
860 0.612174 0.0983225 0.0409685
861 0.612174 0.113088 0.0433767
862 0.612174 0.122934 0.0485688
863 0.612174 0.0947567 0.0412892
864 0.612174 0.104379 0.0410734
865 0.612174 0.102603 0.0398122
866 0.612174 0.117945 0.0474286
867 0.612174 0.114755 0.0466144
868 0.612174 0.093128 0.036567
869 0.612174 0.10376 0.040958
870 0.612174 0.118934 0.0446601
871 0.612174 0.0889812 0.0388261
872 0.612174 0.0948195 0.0375979
873 0.612174 0.0840422 0.0359811
874 0.612174 0.0878352 0.0381713
875 0.612174 0.103375 0.0439966
876 0.612174 0.110959 0.0441284
877 0.612174 0.101222 0.0413481
878 0.612174 0.119146 0.0450444
879 0.612174 0.0935782 0.0387555
880 0.612174 0.11808 0.0467942
881 0.612174 0.109602 0.0426415
882 0.612174 0.110323 0.0418984
883 0.612174 0.119399 0.0465992
884 0.612174 0.117626 0.0449675
885 0.612174 0.112006 0.0459252
886 0.612174 0.119128 0.0450371
887 0.612174 0.118762 0.046203
888 0.612174 0.117059 0.0448556
889 0.612174 0.0948676 0.0400835
890 0.612174 0.0955699 0.0385841
891 0.612174 0.110248 0.040182
892 0.612174 0.116464 0.0441557
893 0.612174 0.113508 0.0455495
894 0.612174 0.100658 0.0402409
895 0.612174 0.0929558 0.0384293
896 0.612174 0.108196 0.0442051
897 0.612174 0.0905633 0.0392586
898 0.612174 0.117264 0.0486355
899 0.612174 0.104656 0.0401133
900 0.612174 0.10723 0.0414281
901 0.612174 0.0902216 0.0369748
902 0.612174 0.0916756 0.0390882
903 0.612174 0.0867156 0.0380605
904 0.612174 0.093473 0.0388279
905 0.612174 0.0909451 0.0376384
906 0.612174 0.125515 0.0470072
907 0.612174 0.108966 0.0437092
908 0.612174 0.10301 0.0385207
909 0.612174 0.0955167 0.0371517
910 0.612174 0.0897277 0.0371244
911 0.612174 0.118076 0.0444381
912 0.612174 0.107071 0.0432912
913 0.612174 0.119925 0.0485571
914 0.612174 0.113052 0.0432666
915 0.612174 0.127897 0.0469604
916 0.612174 0.11899 0.0433041
917 0.612174 0.101672 0.0400086
918 0.612174 0.100487 0.0404673
919 0.612174 0.102931 0.0415141
920 0.612174 0.111449 0.0419232
921 0.612174 0.110692 0.0433752
922 0.612174 0.119313 0.0469157
923 0.612174 0.0968035 0.0372081
924 0.612174 0.0904614 0.0385178
925 0.612174 0.110499 0.0453534
926 0.612174 0.0898895 0.0407858
927 0.612174 0.113038 0.0500776
928 0.612174 0.108574 0.0466206
929 0.612174 0.116236 0.0487725
930 0.612174 0.10961 0.0443708
931 0.612174 0.107609 0.041612
932 0.612174 0.0932763 0.0388437
933 0.612174 0.105119 0.0421552
934 0.612174 0.0950351 0.0403299
935 0.612174 0.112322 0.0449388
936 0.612174 0.106067 0.0416996
937 0.612174 0.0994098 0.0417131
938 0.612174 0.0925427 0.0381681
939 0.612174 0.0925217 0.038736
940 0.612174 0.0869533 0.0369736
941 0.612174 0.082342 0.0357822
942 0.612174 0.0940407 0.0393299
943 0.612174 0.096915 0.0408512
944 0.612174 0.0901663 0.0397819
945 0.612174 0.0763549 0.0370232
946 0.612174 0.0784973 0.0353424
947 0.612174 0.0910565 0.0406841
948 0.612174 0.0921552 0.0369014
949 0.612174 0.0970077 0.0382954
950 0.612174 0.102609 0.0400383
951 0.612174 0.108893 0.0427706
952 0.612174 0.0925924 0.0372958
953 0.612174 0.10242 0.0410079
954 0.612174 0.115255 0.0449371
955 0.612174 0.111153 0.0438763
956 0.612174 0.107822 0.0410373
957 0.612174 0.100035 0.0407288
958 0.612174 0.119362 0.0457105
959 0.612174 0.119411 0.0462623
960 0.612174 0.0888103 0.0374561
961 0.612174 0.124494 0.0463705
962 0.612174 0.099513 0.0412346
963 0.612174 0.122003 0.04493
964 0.612174 0.130403 0.0465078
965 0.612174 0.114132 0.0434085
966 0.612174 0.110667 0.0456167
967 0.612174 0.113082 0.0413202
968 0.612174 0.110109 0.0413434
969 0.612174 0.124762 0.0475971
970 0.612174 0.0888873 0.0383369
971 0.612174 0.089515 0.039509
972 0.612174 0.0915455 0.0391306
973 0.612174 0.0920521 0.0364963
974 0.612174 0.100817 0.0415266
975 0.612174 0.109324 0.0438873
976 0.612174 0.106407 0.0415904
977 0.612174 0.112208 0.0396213
978 0.612174 0.118098 0.0450834
979 0.612174 0.113485 0.0461605
980 0.612174 0.115074 0.0445459
981 0.612174 0.105971 0.0383208
982 0.612174 0.115676 0.040879
983 0.612174 0.119939 0.0416869
984 0.612174 0.102853 0.0406069
985 0.612174 0.11138 0.0404569
986 0.612174 0.115323 0.0432642
987 0.612174 0.117153 0.0463784
988 0.612174 0.107674 0.043002
989 0.612174 0.0892801 0.0391056
990 0.612174 0.0896992 0.0394693
991 0.612174 0.097894 0.0404066
992 0.612174 0.0965099 0.0414635
993 0.612174 0.0913525 0.040084
994 0.612174 0.114405 0.0464605
995 0.612174 0.116211 0.045959
996 0.612174 0.098139 0.0409451
997 0.612174 0.100764 0.0406526
998 0.612174 0.109619 0.0437977
999 0.612174 0.102958 0.0422316
1000 0.612174 0.110467 0.0459057
