0 0.125251 0.0677781 0.0039026
1 0.131461 0.0852916 0.00342519
2 0.131461 0.087973 0.00328294
3 0.131461 0.0892189 0.00321511
4 0.131461 0.0933706 0.00295398
5 0.131461 0.0940062 0.00289082
6 0.131461 0.0976927 0.00271458
7 0.37903 0.104158 0.00316573
8 0.37903 0.103276 0.00320018
9 0.37903 0.107006 0.00288408
10 0.37903 0.112381 0.00284531
11 0.37903 0.11079 0.00303857
12 0.37903 0.114496 0.00266662
13 0.37903 0.11436 0.0026979
14 0.37903 0.119904 0.00218412
15 0.37903 0.121892 0.00248877
16 0.37903 0.121251 0.00255566
17 0.37903 0.112853 0.00350076
18 0.379217 0.112857 0.00470801
19 0.379217 0.115996 0.00500169
20 0.43878 0.120603 0.00722528
21 0.44335 0.126761 0.00860238
22 0.44335 0.128193 0.0109931
23 0.44773 0.138898 0.0125329
24 0.44773 0.134453 0.0153704
25 0.44773 0.141903 0.0151562
26 0.477163 0.146745 0.0171554
27 0.477163 0.143867 0.0185041
28 0.477163 0.148408 0.0182508
29 0.477163 0.148989 0.0187503
30 0.477163 0.134517 0.0183888
31 0.477163 0.126582 0.0180213
32 0.477163 0.138647 0.0181641
33 0.477163 0.139584 0.018622
34 0.50056 0.148686 0.0216361
34 0.496113 0.081903 0.0269923
35 0.496113 0.0751927 0.0255097
36 0.54142 0.0656289 0.0240928
37 0.54142 0.0708117 0.0260779
38 0.54142 0.0767047 0.0272429
39 0.54142 0.086534 0.0293415
40 0.54142 0.0825406 0.0279591
41 0.546931 0.0858416 0.0295555
42 0.546931 0.0719575 0.0264102
43 0.546931 0.0755206 0.0286905
44 0.546931 0.088625 0.0314427
45 0.547158 0.0916158 0.0320929
46 0.547158 0.0745761 0.0312358
47 0.547158 0.0914056 0.0354497
48 0.547158 0.104637 0.0391342
49 0.547158 0.0997788 0.0374792
50 0.548385 0.101826 0.0370043
51 0.548385 0.107191 0.0400787
52 0.548385 0.0946423 0.0393996
53 0.548385 0.100742 0.0370582
54 0.548385 0.114345 0.0402411
55 0.548421 0.119834 0.0421826
56 0.548421 0.108361 0.0378107
57 0.54858 0.103394 0.0388284
58 0.54858 0.0903605 0.0376338
59 0.54858 0.0968414 0.036855
60 0.54858 0.0994066 0.0389335
61 0.54858 0.0902394 0.0363055
62 0.54858 0.119405 0.0420868
63 0.54858 0.102898 0.0380176
64 0.558954 0.101338 0.0394912
65 0.558954 0.101186 0.0377425
66 0.558954 0.103415 0.0393564
67 0.558954 0.0894157 0.0352658
68 0.558954 0.103542 0.0392646
69 0.558954 0.0783607 0.0340262
70 0.564442 0.100038 0.0394253
71 0.564442 0.0811634 0.0328996
72 0.564442 0.0966068 0.0374656
73 0.564442 0.106009 0.0400362
74 0.564442 0.0990039 0.0392952
75 0.564442 0.0890061 0.0352031
76 0.564442 0.0931722 0.0364033
77 0.569307 0.122628 0.0428893
78 0.569307 0.119361 0.041476
79 0.569307 0.123686 0.0408813
80 0.586727 0.107867 0.038266
81 0.586727 0.106982 0.0408949
82 0.586819 0.121792 0.0424365
83 0.586819 0.118697 0.0425419
84 0.586819 0.114589 0.0436972
85 0.586819 0.0983758 0.0389916
86 0.586819 0.109072 0.03919
87 0.586819 0.110553 0.0420119
88 0.586819 0.128393 0.0420272
89 0.586819 0.115013 0.0405414
90 0.586819 0.110049 0.0396516
91 0.586819 0.127014 0.0417768
92 0.586819 0.146488 0.041868
93 0.586819 0.134162 0.0399278
94 0.586819 0.124074 0.0417139
95 0.586819 0.105522 0.0363336
96 0.586819 0.13498 0.0449238
97 0.586819 0.125405 0.038904
98 0.586819 0.134902 0.0436533
99 0.586819 0.144493 0.0463582
100 0.586819 0.137269 0.0440684
101 0.586819 0.12344 0.0420817
102 0.586819 0.137107 0.0423991
103 0.586819 0.151026 0.0467512
104 0.586819 0.151869 0.0432116
105 0.593248 0.144634 0.0471183
106 0.593248 0.128541 0.0425667
107 0.593248 0.144364 0.0460463
108 0.593248 0.140244 0.045893
109 0.593248 0.16132 0.0481203
110 0.593248 0.154937 0.047684
111 0.593248 0.156357 0.0471178
112 0.593248 0.140291 0.0407024
113 0.593248 0.143728 0.0442389
114 0.593248 0.155699 0.0485337
115 0.593248 0.139896 0.0439645
116 0.593248 0.128733 0.0403316
117 0.593248 0.161166 0.0518735
118 0.593248 0.15415 0.0499124
119 0.593248 0.129003 0.0479867
120 0.593248 0.116862 0.0430479
121 0.593248 0.129775 0.0422263
122 0.593248 0.134129 0.0463233
123 0.593248 0.13788 0.0435983
124 0.593248 0.137194 0.0471039
125 0.593248 0.130407 0.0450333
126 0.593248 0.148336 0.0460195
127 0.593248 0.140883 0.0449105
128 0.593248 0.154086 0.0471996
129 0.593248 0.133683 0.0436949
130 0.593248 0.147497 0.0458028
131 0.593248 0.180454 0.0511815
132 0.593248 0.17144 0.0518288
133 0.593248 0.167977 0.0486811
134 0.593248 0.145699 0.0434774
135 0.593248 0.17164 0.0498704
136 0.593248 0.163047 0.0486982
137 0.593248 0.158607 0.0481347
138 0.593248 0.154709 0.0468641
139 0.593248 0.155955 0.0487654
140 0.593248 0.159504 0.0517597
141 0.593248 0.160669 0.051296
142 0.593248 0.135106 0.0455445
143 0.593248 0.167751 0.0515748
144 0.593248 0.15384 0.0472457
145 0.593248 0.189617 0.0528447
146 0.593248 0.151302 0.0430081
147 0.593248 0.156866 0.0465651
148 0.593248 0.142887 0.0479583
149 0.593248 0.13791 0.0448125
150 0.593248 0.133846 0.042648
151 0.593248 0.162179 0.0501288
152 0.593248 0.136828 0.0460673
153 0.593248 0.138403 0.0463137
154 0.593248 0.132986 0.0445418
155 0.593248 0.1351 0.0443506
156 0.593434 0.143713 0.0458374
157 0.593434 0.161074 0.0498543
158 0.593434 0.144048 0.0463613
159 0.593434 0.144219 0.0481396
160 0.593434 0.149125 0.0486319
161 0.593434 0.146466 0.0440431
162 0.593434 0.152824 0.0472425
163 0.593434 0.150651 0.0468498
164 0.593434 0.15311 0.0470105
165 0.593858 0.144088 0.0500344
166 0.593858 0.144719 0.0488808
167 0.593858 0.149982 0.0482099
168 0.593858 0.157564 0.0481561
169 0.593858 0.154665 0.0463784
170 0.593858 0.15396 0.048257
171 0.593858 0.161379 0.0495153
172 0.593858 0.161725 0.0491375
173 0.593858 0.152529 0.0457709
174 0.597163 0.15734 0.0461315
175 0.597163 0.122477 0.043713
176 0.597163 0.143196 0.04566
177 0.597163 0.154302 0.0494647
178 0.597163 0.156052 0.0457997
179 0.597163 0.157506 0.0481028
180 0.597163 0.166767 0.0516486
181 0.597163 0.145534 0.0450578
182 0.597163 0.140199 0.0442891
183 0.597163 0.159611 0.0460816
184 0.597163 0.158049 0.043827
185 0.597163 0.167792 0.0492587
186 0.597163 0.171096 0.0524803
187 0.597163 0.16341 0.0510178
188 0.597163 0.15426 0.0447929
189 0.597163 0.172181 0.0489053
190 0.597163 0.178461 0.0478495
191 0.597163 0.170852 0.0459505
192 0.597163 0.19174 0.0475033
193 0.597163 0.177017 0.0486197
194 0.597163 0.164435 0.0486764
195 0.597163 0.167892 0.0480179
196 0.597163 0.170192 0.0512388
197 0.597163 0.143925 0.0450606
198 0.597163 0.140245 0.0483586
199 0.597163 0.122426 0.040184
200 0.597163 0.142358 0.048383
201 0.597163 0.143783 0.0467592
202 0.59754 0.145407 0.0486574
203 0.59754 0.133256 0.0465256
204 0.59754 0.143385 0.0495289
205 0.59754 0.166001 0.0491051
206 0.59754 0.156329 0.0468849
207 0.59754 0.139891 0.0453501
208 0.59754 0.145725 0.0425689
209 0.600683 0.166513 0.047239
210 0.600683 0.159118 0.0476928
211 0.600683 0.169625 0.0492782
212 0.600683 0.159288 0.0481098
213 0.600683 0.142826 0.0429439
214 0.600683 0.14617 0.0474805
215 0.600683 0.154376 0.0480432
216 0.600683 0.121184 0.0423555
217 0.600683 0.143813 0.0507544
218 0.600683 0.153465 0.0491332
219 0.600683 0.15372 0.0507602
220 0.600683 0.146208 0.0473082
221 0.600683 0.134589 0.0455087
222 0.600683 0.163348 0.0493765
223 0.600683 0.147786 0.0448155
224 0.600683 0.120797 0.0437764
225 0.600683 0.142384 0.0482796
226 0.600683 0.16297 0.0497746
227 0.600683 0.159521 0.0482637
228 0.600683 0.145587 0.0442038
229 0.600683 0.163937 0.0508012
230 0.600683 0.14922 0.0529592
231 0.600683 0.142434 0.0506863
232 0.600683 0.123693 0.0459459
233 0.600683 0.123057 0.0467728
234 0.600683 0.150014 0.0487907
235 0.600683 0.136414 0.048247
236 0.60129 0.136306 0.0464696
237 0.60129 0.163256 0.0542935
238 0.60129 0.143304 0.0453077
239 0.60129 0.155677 0.0493276
240 0.60129 0.154363 0.0510315
241 0.60129 0.130317 0.0465558
242 0.60129 0.155085 0.0474976
243 0.60129 0.141955 0.0442169
244 0.60129 0.147811 0.0500501
245 0.60129 0.128815 0.0457671
246 0.60129 0.156117 0.0489913
247 0.60129 0.170401 0.0502485
248 0.60129 0.195868 0.0531083
249 0.60129 0.168194 0.0495049
250 0.60129 0.146455 0.0486724
251 0.60129 0.160542 0.0503596
252 0.60129 0.150249 0.0513899
253 0.60129 0.150808 0.045313
254 0.60129 0.153396 0.0473181
255 0.60129 0.173277 0.0502707
256 0.60129 0.15216 0.0478661
257 0.60129 0.156132 0.0503736
258 0.60129 0.143785 0.0489304
259 0.60129 0.141689 0.0466338
260 0.60129 0.164715 0.0513182
261 0.60129 0.16241 0.0523097
262 0.60129 0.15719 0.0465565
263 0.60129 0.168926 0.0507237
264 0.60129 0.185758 0.0499554
265 0.60129 0.146251 0.0475251
266 0.60129 0.166346 0.0537254
267 0.60129 0.151912 0.050438
268 0.60129 0.174744 0.0515815
269 0.60129 0.164867 0.0527077
270 0.60129 0.162324 0.0499791
271 0.60129 0.164911 0.0517463
272 0.60129 0.143757 0.0465159
273 0.60129 0.152694 0.0495644
274 0.60129 0.161218 0.0513699
275 0.60129 0.16339 0.052932
276 0.60129 0.186031 0.0540377
277 0.60129 0.221516 0.0572508
278 0.602232 0.195692 0.0510639
279 0.602232 0.180642 0.0514056
280 0.602232 0.153144 0.0487692
281 0.602232 0.162568 0.0504167
282 0.602232 0.164874 0.0507227
283 0.602232 0.162719 0.0485562
284 0.602642 0.162687 0.0513537
285 0.602642 0.188297 0.0523205
286 0.602642 0.183393 0.0499282
287 0.602642 0.180868 0.0459502
288 0.602642 0.204117 0.0512515
289 0.602642 0.202564 0.0510801
290 0.602642 0.211654 0.0564695
291 0.602642 0.166102 0.0477553
292 0.602642 0.173918 0.047586
293 0.602642 0.144864 0.0420158
294 0.602642 0.158536 0.0497024
295 0.602642 0.1632 0.0486815
296 0.602642 0.161151 0.0469098
297 0.603769 0.157259 0.0532223
298 0.603769 0.149839 0.0445402
299 0.603769 0.164033 0.0531217
300 0.603769 0.183024 0.0537884
301 0.603769 0.192163 0.0538016
302 0.603769 0.182215 0.0517281
303 0.603769 0.189285 0.055374
304 0.603769 0.156631 0.0525167
305 0.603769 0.166686 0.0482022
306 0.603769 0.153212 0.048571
307 0.603769 0.157334 0.0509358
308 0.603769 0.1837 0.0555611
309 0.603769 0.170953 0.0518229
310 0.603769 0.15248 0.0511495
311 0.603769 0.142352 0.0462322
312 0.603769 0.148549 0.0440603
313 0.603769 0.152591 0.045108
314 0.603769 0.177585 0.0476094
315 0.603769 0.179271 0.049448
316 0.603769 0.178399 0.0494713
317 0.603769 0.178576 0.0491496
318 0.603769 0.173221 0.0510201
319 0.603769 0.172472 0.0508844
320 0.603769 0.15472 0.0511332
321 0.603769 0.139493 0.0503135
322 0.603769 0.150669 0.0507407
323 0.603769 0.1639 0.0538558
324 0.603769 0.180777 0.0530331
325 0.603769 0.163598 0.0489742
326 0.603769 0.163416 0.051593
327 0.603769 0.165993 0.0537006
328 0.603769 0.159021 0.0466781
329 0.603769 0.154189 0.0463625
330 0.603769 0.17451 0.0520604
331 0.603769 0.179205 0.053525
332 0.603769 0.188411 0.0525018
333 0.603769 0.168098 0.0497282
334 0.603769 0.178375 0.0488256
335 0.603769 0.167689 0.0493204
336 0.603769 0.1955 0.0521245
337 0.603769 0.157752 0.0501025
338 0.603769 0.168374 0.0554519
339 0.603769 0.16108 0.049777
340 0.603769 0.148401 0.0517255
341 0.603769 0.119236 0.0466202
342 0.603769 0.126725 0.0453888
343 0.603769 0.130985 0.0462477
344 0.603769 0.154817 0.0478595
345 0.603769 0.172231 0.0479226
346 0.603769 0.163255 0.050953
347 0.603769 0.171091 0.0510022
348 0.603769 0.165636 0.0509837
349 0.603769 0.150864 0.0501784
350 0.603769 0.139464 0.0468028
351 0.603769 0.119803 0.0432808
352 0.603769 0.14205 0.0487343
353 0.603769 0.138625 0.0493338
354 0.603769 0.135556 0.0482952
355 0.603769 0.140977 0.0484069
356 0.603769 0.13261 0.0470795
357 0.603769 0.120343 0.0436638
358 0.603769 0.15847 0.0538852
359 0.603769 0.16177 0.0547497
360 0.603769 0.163298 0.0521539
361 0.603769 0.158188 0.0494817
362 0.603769 0.168435 0.0538639
363 0.603769 0.16342 0.0516529
364 0.603769 0.190056 0.0519377
365 0.603769 0.176379 0.0474317
366 0.603769 0.186884 0.0505481
367 0.603769 0.202511 0.0537789
368 0.603769 0.16511 0.0473302
369 0.603769 0.187749 0.0508755
370 0.603769 0.18203 0.049499
371 0.603769 0.142996 0.042767
372 0.603769 0.166153 0.0508509
373 0.603769 0.172482 0.051162
374 0.603769 0.162673 0.0488827
375 0.603769 0.171499 0.0497566
376 0.603769 0.199161 0.0530209
377 0.603769 0.201625 0.0524825
378 0.603769 0.188451 0.0529918
379 0.603769 0.194553 0.0527113
380 0.603769 0.188177 0.0511033
381 0.603769 0.172038 0.0510241
382 0.603769 0.141523 0.046703
383 0.603769 0.184114 0.0529131
384 0.603769 0.18886 0.0560963
385 0.603769 0.183799 0.0544342
386 0.603769 0.171906 0.0496117
387 0.603769 0.166423 0.0497266
388 0.603769 0.173281 0.0491267
389 0.603769 0.149453 0.0469363
390 0.603769 0.151885 0.0531131
391 0.603769 0.125989 0.0449172
392 0.603769 0.148553 0.0504202
393 0.603769 0.126674 0.0442423
394 0.603769 0.127941 0.0412043
395 0.603769 0.136464 0.0459803
396 0.603769 0.165627 0.0475631
397 0.603769 0.167409 0.0492897
398 0.603769 0.162576 0.0506176
399 0.603769 0.147231 0.0469099
400 0.603769 0.130007 0.0437183
401 0.603769 0.139031 0.0440614
402 0.603769 0.158297 0.0442337
403 0.603769 0.189942 0.0532565
404 0.603769 0.159738 0.0477369
405 0.603769 0.151003 0.0468714
406 0.603769 0.163166 0.0467427
407 0.603769 0.141478 0.0443632
408 0.603769 0.157423 0.0454678
409 0.603769 0.130438 0.0461312
410 0.603769 0.145745 0.0487182
411 0.603769 0.145276 0.0466874
412 0.603769 0.125433 0.0437583
413 0.603769 0.127262 0.0462977
414 0.603769 0.133252 0.0469329
415 0.603769 0.146979 0.0480843
416 0.603769 0.132094 0.0444096
417 0.603769 0.156397 0.0455236
418 0.603769 0.159601 0.0468027
419 0.603769 0.157974 0.0534902
420 0.603769 0.148713 0.0515388
421 0.603769 0.128834 0.0472409
422 0.603769 0.147411 0.0491542
423 0.603769 0.152965 0.0478984
424 0.603769 0.174126 0.0527957
425 0.603769 0.1863 0.0541787
426 0.603769 0.191193 0.0560668
427 0.603769 0.152857 0.0456657
428 0.603769 0.153395 0.0493331
429 0.603769 0.190047 0.0540307
430 0.603769 0.160424 0.0473936
431 0.603769 0.140759 0.0467007
432 0.603769 0.152587 0.0471329
433 0.603769 0.157222 0.046422
434 0.603769 0.206814 0.0498261
435 0.603769 0.169563 0.0532028
436 0.603769 0.169467 0.0457701
437 0.603769 0.159725 0.0488638
438 0.603769 0.160168 0.0483944
439 0.603769 0.152095 0.0448924
440 0.603769 0.194107 0.0501106
441 0.603769 0.198047 0.0504199
442 0.603769 0.183258 0.0493855
443 0.603769 0.190078 0.0467029
444 0.603769 0.172071 0.0439012
445 0.603769 0.177142 0.044043
446 0.603769 0.181493 0.0466204
447 0.603769 0.175769 0.0498378
448 0.603769 0.198516 0.0543965
449 0.603769 0.190094 0.0545673
450 0.603769 0.199894 0.0531779
451 0.603769 0.19165 0.0492796
452 0.603769 0.18718 0.0519664
453 0.603769 0.178525 0.0500636
454 0.603769 0.160986 0.0477251
455 0.603769 0.120856 0.0418909
456 0.603769 0.173706 0.0542118
457 0.603769 0.166256 0.0495525
458 0.603769 0.149996 0.0445461
459 0.603769 0.168096 0.0487596
460 0.603769 0.141355 0.0466558
461 0.603769 0.166813 0.052243
462 0.603769 0.143355 0.0517556
463 0.603769 0.144723 0.0485279
464 0.603769 0.15992 0.0497439
465 0.603769 0.135217 0.0445402
466 0.603769 0.154952 0.0519436
467 0.603769 0.139766 0.0449052
468 0.603769 0.154383 0.0488276
469 0.603769 0.141947 0.0454089
470 0.603769 0.137671 0.0482732
471 0.603769 0.141371 0.0460875
472 0.603769 0.150836 0.050125
473 0.603769 0.158635 0.0480139
474 0.603769 0.163676 0.0487524
475 0.603769 0.154704 0.0474057
476 0.603769 0.160512 0.0502321
477 0.603769 0.19424 0.0561903
478 0.603769 0.173739 0.0474022
479 0.603769 0.18167 0.0529918
480 0.603769 0.14213 0.0484844
481 0.603769 0.167343 0.0500968
482 0.603769 0.170041 0.0475609
483 0.603769 0.192929 0.0521381
484 0.603769 0.152908 0.0468761
485 0.603769 0.180808 0.054822
486 0.603769 0.174727 0.0469514
487 0.603769 0.175238 0.0490592
488 0.603769 0.20149 0.0548496
489 0.603769 0.168393 0.0489443
490 0.603769 0.183816 0.0493661
491 0.603769 0.184354 0.0515203
492 0.603769 0.208473 0.0597793
493 0.603769 0.198642 0.055133
494 0.603769 0.210845 0.054926
495 0.603769 0.187814 0.0542677
496 0.603769 0.20013 0.0534503
497 0.603769 0.180233 0.0539115
498 0.603769 0.16245 0.0506966
499 0.603769 0.166106 0.0509444
500 0.603769 0.177352 0.0516483
501 0.603769 0.169728 0.0526716
502 0.603769 0.183285 0.0532027
503 0.603769 0.15977 0.0492505
504 0.603769 0.144784 0.0445029
505 0.603769 0.168997 0.0480429
506 0.603769 0.176599 0.0483302
507 0.603769 0.161103 0.0452053
508 0.603769 0.187452 0.0527409
509 0.603769 0.206272 0.0529655
510 0.603769 0.168865 0.0522144
511 0.603769 0.149909 0.0462059
512 0.603769 0.133472 0.0427448
513 0.603769 0.126199 0.0431094
514 0.603769 0.136395 0.047672
515 0.603769 0.154419 0.0468099
516 0.603769 0.181861 0.0529997
517 0.603769 0.181476 0.0515655
518 0.603769 0.169921 0.0505444
519 0.603769 0.175692 0.0494119
520 0.603769 0.16521 0.0471
521 0.603769 0.179975 0.0474002
522 0.603769 0.198585 0.0544405
523 0.603769 0.180084 0.0476825
524 0.603769 0.165608 0.046264
525 0.603769 0.173503 0.0519009
526 0.603769 0.159729 0.0481526
527 0.603769 0.149156 0.049953
528 0.603769 0.179248 0.0530175
529 0.603769 0.157451 0.052174
530 0.603769 0.147927 0.0471069
531 0.603769 0.175264 0.0524881
532 0.603769 0.158279 0.051342
533 0.603769 0.13888 0.0452014
534 0.603769 0.161859 0.0503365
535 0.603769 0.158943 0.0498279
536 0.603769 0.143486 0.0478515
537 0.603769 0.155834 0.0473076
538 0.603769 0.175818 0.048359
539 0.603769 0.159287 0.0470955
540 0.603769 0.173265 0.0503988
541 0.603769 0.167894 0.0509952
542 0.603769 0.155551 0.0457556
543 0.603769 0.160336 0.0496507
544 0.603769 0.166696 0.0498297
545 0.603769 0.160963 0.0488174
546 0.603769 0.174665 0.053597
547 0.603769 0.154769 0.0477194
548 0.603769 0.170808 0.0503551
549 0.603769 0.166863 0.0486849
550 0.603769 0.172472 0.0499289
551 0.603769 0.166756 0.0524666
552 0.603769 0.155574 0.0486894
553 0.603769 0.170513 0.0520178
554 0.603769 0.155501 0.0482513
555 0.603769 0.149957 0.048352
556 0.603769 0.146531 0.0462958
557 0.603769 0.151484 0.0449338
558 0.603769 0.147656 0.0470277
559 0.603769 0.158822 0.047155
560 0.603769 0.16616 0.0481842
561 0.603769 0.171704 0.0536536
562 0.603769 0.18013 0.0509531
563 0.603769 0.162108 0.0479433
564 0.603769 0.152248 0.0454807
565 0.603769 0.162168 0.04826
566 0.603769 0.142518 0.044412
567 0.603769 0.14744 0.0456381
568 0.603769 0.148454 0.048374
569 0.603769 0.151946 0.0493923
570 0.603769 0.140437 0.0475441
571 0.603769 0.160712 0.0489002
572 0.603769 0.168203 0.0519493
573 0.603769 0.14921 0.0533413
574 0.603769 0.136655 0.0455655
575 0.603769 0.142676 0.0464467
576 0.603769 0.154277 0.0480052
577 0.603769 0.171539 0.0579541
578 0.603769 0.164733 0.0541556
579 0.603769 0.151589 0.0485587
580 0.603769 0.154863 0.0462905
581 0.603769 0.184611 0.0481259
582 0.603769 0.200109 0.0494264
583 0.603769 0.167803 0.049455
584 0.603769 0.157721 0.0491766
585 0.603769 0.171781 0.0489383
586 0.603769 0.174733 0.0489949
587 0.603769 0.161047 0.0486633
588 0.603769 0.163943 0.0497198
589 0.603769 0.174287 0.0482251
590 0.603769 0.174687 0.0494352
591 0.603769 0.167892 0.0496529
592 0.603769 0.169419 0.0489874
593 0.603769 0.159443 0.0489217
594 0.603769 0.169892 0.0511368
595 0.603769 0.152103 0.0476164
596 0.603769 0.157446 0.0481607
597 0.603769 0.16019 0.050071
598 0.603769 0.134022 0.0464969
599 0.603769 0.144562 0.0470495
600 0.603769 0.132692 0.0448607
601 0.603769 0.168356 0.0523334
602 0.603769 0.184969 0.0513795
603 0.603769 0.186185 0.0491499
604 0.603769 0.177138 0.0474421
605 0.603769 0.17506 0.0530709
606 0.603769 0.160832 0.0483657
607 0.603769 0.213868 0.0530836
608 0.603769 0.186096 0.0444993
609 0.603769 0.175064 0.0484635
610 0.603769 0.153156 0.0460793
611 0.603769 0.158886 0.0476571
612 0.603769 0.143049 0.0484736
613 0.603769 0.15437 0.0478098
614 0.603769 0.155569 0.0527843
615 0.603769 0.152029 0.0480508
616 0.603769 0.1595 0.0461703
617 0.603769 0.160193 0.0505287
618 0.603769 0.182537 0.0516091
619 0.603769 0.149299 0.0464007
620 0.603769 0.156303 0.0494839
621 0.603769 0.168334 0.0486689
622 0.603769 0.161941 0.0503263
623 0.603769 0.16968 0.0504078
624 0.603769 0.156175 0.0486968
625 0.603769 0.179792 0.0534647
626 0.603769 0.171721 0.0539475
627 0.603769 0.149163 0.0494247
628 0.603769 0.151012 0.0526215
629 0.603769 0.145784 0.0495908
630 0.603769 0.156463 0.0523533
631 0.603769 0.156989 0.0510793
632 0.603769 0.157012 0.0445233
633 0.603769 0.171674 0.047969
634 0.603769 0.195219 0.0553902
635 0.603769 0.173418 0.0521584
636 0.603769 0.192599 0.0514594
637 0.603769 0.166371 0.0450016
638 0.603769 0.161211 0.0491432
639 0.603769 0.149472 0.0422937
640 0.603769 0.155581 0.0452045
641 0.603769 0.190688 0.0517835
642 0.603769 0.204065 0.0531379
643 0.603769 0.180373 0.0541818
644 0.603769 0.189473 0.0527396
645 0.603769 0.169718 0.0546729
646 0.603769 0.184152 0.0533261
647 0.603769 0.180008 0.0493642
648 0.603769 0.167757 0.0432691
649 0.603769 0.169518 0.0477979
650 0.603769 0.153731 0.0437572
651 0.603769 0.182833 0.0461781
652 0.603769 0.182188 0.0503115
653 0.603769 0.181174 0.0498272
654 0.603769 0.176459 0.0502891
655 0.603769 0.154168 0.0435878
656 0.603769 0.156058 0.046576
657 0.603769 0.178397 0.048939
658 0.603769 0.160154 0.0496716
659 0.603769 0.155918 0.0457641
660 0.603769 0.164685 0.0469644
661 0.603769 0.165261 0.0474218
662 0.603769 0.144679 0.0453104
663 0.603769 0.193697 0.0572776
664 0.603769 0.191422 0.0527487
665 0.603769 0.200441 0.0542967
666 0.603769 0.17067 0.0451312
667 0.603769 0.181166 0.0473338
668 0.603769 0.165657 0.0518244
669 0.603769 0.174209 0.0477607
670 0.603769 0.16901 0.0473278
671 0.603769 0.179727 0.0551935
672 0.603769 0.173696 0.0520912
673 0.603769 0.185202 0.0511032
674 0.603769 0.176728 0.0531398
675 0.603769 0.179439 0.0518186
676 0.603769 0.163305 0.0471521
677 0.603769 0.151318 0.046379
678 0.603769 0.161221 0.0482919
679 0.603769 0.149696 0.0445913
680 0.603769 0.164425 0.051313
681 0.603769 0.15266 0.0494082
682 0.603769 0.164114 0.0487349
683 0.603769 0.17451 0.0515049
684 0.603769 0.170386 0.0503801
685 0.603769 0.194696 0.0547788
686 0.603769 0.150344 0.0422516
687 0.603769 0.155185 0.0418165
688 0.603769 0.15146 0.0458938
689 0.603769 0.153907 0.0501789
690 0.603769 0.164917 0.0567959
691 0.603769 0.164642 0.0551706
692 0.603769 0.164994 0.0501333
693 0.603769 0.174393 0.0518285
694 0.603769 0.200786 0.0501324
695 0.603769 0.170422 0.047436
696 0.603769 0.171597 0.0468476
697 0.603769 0.207813 0.0573222
698 0.603769 0.198425 0.0534136
699 0.603769 0.179164 0.0511609
700 0.603769 0.180381 0.0497095
701 0.603769 0.177621 0.050186
702 0.603769 0.179431 0.048805
703 0.603769 0.169166 0.0475071
704 0.603769 0.178971 0.0497387
705 0.603769 0.17637 0.0489231
706 0.603769 0.192933 0.0507237
707 0.603769 0.188126 0.0499448
708 0.603769 0.201709 0.0504418
709 0.603769 0.20312 0.0505217
710 0.603769 0.176039 0.0514186
711 0.603769 0.175473 0.0485481
712 0.603769 0.18089 0.0483517
713 0.603769 0.205646 0.0555293
714 0.603769 0.182399 0.0490099
715 0.603769 0.191996 0.049687
716 0.603769 0.181083 0.0503904
717 0.603769 0.19279 0.051718
718 0.603769 0.168404 0.0454041
719 0.603769 0.154019 0.0483157
720 0.603769 0.158333 0.0482295
721 0.603769 0.164477 0.0535181
722 0.603769 0.165387 0.0464001
723 0.603769 0.191616 0.0490322
724 0.603769 0.19194 0.0511658
725 0.603769 0.190502 0.0517654
726 0.603769 0.187279 0.0497093
727 0.603769 0.188879 0.0555778
728 0.603769 0.212613 0.0574527
729 0.603769 0.153899 0.0446059
730 0.603769 0.180322 0.0487937
731 0.603769 0.160612 0.0479616
732 0.603769 0.159451 0.049795
733 0.603769 0.155083 0.0497218
734 0.603769 0.16497 0.0499895
735 0.603769 0.148996 0.0478986
736 0.603769 0.180636 0.0504167
737 0.603769 0.151487 0.0473793
738 0.603769 0.131673 0.0455487
739 0.603769 0.145981 0.0504341
740 0.603769 0.14927 0.0501296
741 0.603769 0.144772 0.0494154
742 0.603769 0.15316 0.0489976
743 0.603769 0.143536 0.046984
744 0.603769 0.158513 0.050435
745 0.603769 0.163911 0.0552697
746 0.603769 0.159204 0.0485844
747 0.603769 0.177853 0.0514168
748 0.603769 0.136302 0.0449901
749 0.603769 0.141527 0.0449782
750 0.603769 0.171312 0.0504503
751 0.603769 0.178079 0.0443829
752 0.603769 0.171043 0.0419756
753 0.603769 0.154403 0.0437546
754 0.603769 0.160841 0.0489772
755 0.603769 0.162304 0.0480125
756 0.603769 0.152583 0.0506108
757 0.603769 0.157221 0.0471093
758 0.603769 0.149489 0.044473
759 0.603769 0.160394 0.0443501
760 0.603769 0.154382 0.0441434
761 0.603769 0.140499 0.0454207
762 0.603769 0.141733 0.0501481
763 0.603769 0.146208 0.0479198
764 0.603769 0.1797 0.0543629
765 0.603769 0.156699 0.0536957
766 0.603769 0.151785 0.0492282
767 0.603769 0.16555 0.0525043
768 0.603769 0.157626 0.0481449
769 0.603769 0.14186 0.0436474
770 0.603769 0.171899 0.0522702
771 0.603769 0.137307 0.0448992
772 0.603769 0.13526 0.0455048
773 0.603769 0.158321 0.0492615
774 0.603769 0.149404 0.0457037
775 0.603769 0.190142 0.0560527
776 0.603769 0.182287 0.0511891
777 0.603769 0.158722 0.0457239
778 0.603769 0.159753 0.046582
779 0.603769 0.156757 0.0450997
780 0.603769 0.165949 0.0518423
781 0.603769 0.17983 0.0559534
782 0.603769 0.140058 0.0473363
783 0.603769 0.146015 0.0488775
784 0.603769 0.165509 0.0515176
785 0.603769 0.163143 0.0486156
786 0.603769 0.177911 0.0484584
787 0.603769 0.171502 0.045326
788 0.603769 0.177131 0.0481899
789 0.603769 0.161139 0.0464334
790 0.603769 0.168118 0.0469589
791 0.603769 0.135452 0.0449497
792 0.603769 0.161387 0.0502512
793 0.603769 0.179822 0.051021
794 0.603769 0.168517 0.0480449
795 0.603769 0.164813 0.0469731
796 0.603769 0.192248 0.051605
797 0.603769 0.158411 0.045569
798 0.603769 0.150999 0.0497103
799 0.603769 0.173438 0.0495826
800 0.603769 0.1821 0.0494638
801 0.603769 0.187066 0.0506339
802 0.603769 0.187212 0.0498444
803 0.603769 0.1598 0.0461843
804 0.603769 0.163357 0.0465982
805 0.603769 0.173286 0.050352
806 0.603769 0.167708 0.0496403
807 0.603769 0.175488 0.0533843
808 0.603769 0.15658 0.0477013
809 0.603769 0.168283 0.0511304
810 0.603769 0.161529 0.0462899
811 0.603769 0.178027 0.0495001
812 0.603769 0.177846 0.0498179
813 0.603769 0.16143 0.0484279
814 0.603769 0.181383 0.0513243
815 0.603769 0.178816 0.0509106
816 0.603769 0.155465 0.0477951
817 0.603769 0.158 0.0476378
818 0.603769 0.167354 0.0500354
819 0.603769 0.152681 0.0475442
820 0.603769 0.161374 0.0482114
821 0.603769 0.179624 0.0505593
822 0.603769 0.138944 0.0456449
823 0.603769 0.136678 0.0449066
824 0.603769 0.147216 0.0470948
825 0.603769 0.177146 0.0495708
826 0.603769 0.167451 0.0496608
827 0.603769 0.177161 0.0494495
828 0.603769 0.18617 0.0524246
829 0.603769 0.18156 0.0431694
830 0.603769 0.183095 0.0490892
831 0.603769 0.193468 0.0512425
832 0.603769 0.187869 0.0486892
833 0.603769 0.153196 0.045117
834 0.603769 0.165778 0.0466053
835 0.603769 0.190023 0.0497546
836 0.603769 0.193227 0.0510979
837 0.603769 0.191324 0.0515716
838 0.603769 0.175066 0.0477608
839 0.603769 0.185717 0.0483331
840 0.603769 0.170233 0.046047
841 0.603769 0.198042 0.0501284
842 0.603769 0.203554 0.0528109
843 0.603769 0.1639 0.0472793
844 0.603769 0.171071 0.0447221
845 0.603769 0.159323 0.0449457
846 0.603769 0.184622 0.0494806
847 0.603769 0.17923 0.0475647
848 0.603769 0.191459 0.0511406
849 0.603769 0.184615 0.0501549
850 0.603769 0.174253 0.0479959
851 0.603769 0.166247 0.0467066
852 0.603769 0.144886 0.0489092
853 0.603769 0.157332 0.0516405
854 0.603769 0.164715 0.0501859
855 0.603769 0.165322 0.0490244
856 0.603769 0.174405 0.0531972
857 0.603769 0.1519 0.0490854
858 0.603769 0.156916 0.0467202
859 0.603769 0.165047 0.0503906
860 0.603769 0.148334 0.0530491
861 0.603769 0.166998 0.0542633
862 0.603769 0.193411 0.0555913
863 0.603769 0.19326 0.049799
864 0.603769 0.142935 0.0449992
865 0.603769 0.157519 0.050498
866 0.603769 0.165095 0.048746
867 0.603769 0.158437 0.0481906
868 0.603769 0.162323 0.0469942
869 0.603769 0.182036 0.0502407
870 0.603769 0.153259 0.0498047
871 0.603769 0.172932 0.0531588
872 0.603769 0.160246 0.0477327
873 0.603769 0.157023 0.0517884
874 0.603769 0.1549 0.0489331
875 0.603769 0.185257 0.0511772
876 0.603769 0.184821 0.0507687
877 0.603769 0.177031 0.0473624
878 0.603769 0.163519 0.0461032
879 0.603769 0.178698 0.0481847
880 0.603769 0.151764 0.0459344
881 0.603769 0.169485 0.0517638
882 0.603769 0.160983 0.0480803
883 0.603769 0.182632 0.0500025
884 0.603769 0.184396 0.0498972
885 0.603769 0.187894 0.0467666
886 0.603769 0.1604 0.0462623
887 0.603769 0.162645 0.0489102
888 0.603769 0.161043 0.0482146
889 0.603769 0.161748 0.0476626
890 0.603769 0.193888 0.0521598
891 0.603769 0.168834 0.0474943
892 0.603769 0.143553 0.0444031
893 0.607926 0.183126 0.0551668
894 0.607926 0.158532 0.0478227
895 0.607926 0.135421 0.0477589
896 0.607926 0.14844 0.0449904
897 0.607926 0.137373 0.0474536
898 0.607926 0.153295 0.0473841
899 0.607926 0.155532 0.0515104
900 0.607926 0.150912 0.0506221
901 0.607926 0.156883 0.0527371
902 0.607926 0.153045 0.0495226
903 0.607926 0.182477 0.0539712
904 0.607926 0.198036 0.0470325
905 0.607926 0.197074 0.0548506
906 0.607926 0.173973 0.0512813
907 0.607926 0.146826 0.0469847
908 0.607926 0.149642 0.0495942
909 0.607926 0.164011 0.0536082
910 0.607926 0.156792 0.0477862
911 0.607926 0.16558 0.0463385
912 0.607926 0.172487 0.04885
913 0.607926 0.165145 0.0496482
914 0.607926 0.158308 0.0501864
915 0.607926 0.165554 0.0489378
916 0.607926 0.153412 0.0472945
917 0.607926 0.147099 0.0460885
918 0.607926 0.144295 0.0469905
919 0.607926 0.144806 0.0488426
920 0.607926 0.156757 0.0493565
921 0.607926 0.143724 0.0476688
922 0.607926 0.119821 0.0467982
923 0.607926 0.143902 0.0527148
924 0.607926 0.167569 0.0498926
925 0.607926 0.148746 0.0495333
926 0.607926 0.151174 0.0491807
927 0.607926 0.111565 0.042073
928 0.607926 0.143899 0.0501193
929 0.607926 0.14232 0.044368
930 0.607926 0.149051 0.0513122
931 0.607926 0.137541 0.046592
932 0.607926 0.137243 0.0448088
933 0.607926 0.153961 0.0489338
934 0.607926 0.152838 0.0495151
935 0.607926 0.140895 0.0460224
936 0.607926 0.153412 0.0512508
937 0.607926 0.144603 0.0502339
938 0.607926 0.15843 0.0512345
939 0.607926 0.155552 0.0496781
940 0.607926 0.152044 0.0486928
941 0.607926 0.149291 0.0503257
942 0.607926 0.131105 0.0456223
943 0.607926 0.160633 0.0484674
944 0.607926 0.150849 0.0485852
945 0.607926 0.184248 0.0548426
946 0.607926 0.193071 0.05103
947 0.607926 0.195606 0.0522422
948 0.607926 0.181106 0.0510181
949 0.607926 0.177636 0.0529575
950 0.607926 0.173008 0.0552805
951 0.607926 0.15757 0.048193
952 0.607926 0.15648 0.0499933
953 0.607926 0.195017 0.0565527
954 0.607926 0.180539 0.0503509
955 0.607926 0.160882 0.0486941
956 0.607926 0.152243 0.0473612
957 0.607926 0.157767 0.0512972
958 0.607926 0.160461 0.0453839
959 0.607926 0.15792 0.0467036
960 0.607926 0.164582 0.0461031
961 0.607926 0.191417 0.0491134
962 0.607926 0.176076 0.0505372
963 0.607926 0.157621 0.043719
964 0.607926 0.183229 0.0494281
965 0.607926 0.18932 0.0560423
966 0.607926 0.212788 0.0544499
967 0.607926 0.202791 0.0529924
968 0.607926 0.18746 0.0531034
969 0.607926 0.170681 0.049657
970 0.607926 0.178944 0.0511463
971 0.607926 0.155004 0.0500165
972 0.607926 0.131239 0.0421999
973 0.607926 0.166837 0.0524467
974 0.607926 0.167586 0.0521155
975 0.607926 0.170041 0.0521092
976 0.607926 0.168216 0.0516259
977 0.607926 0.162751 0.0467498
978 0.607926 0.147782 0.0444667
979 0.607926 0.16469 0.0489821
980 0.607926 0.156426 0.0470122
981 0.607926 0.154589 0.0473626
982 0.607926 0.195854 0.0524383
983 0.607926 0.156935 0.0463866
984 0.607926 0.164614 0.0514454
985 0.607926 0.192058 0.053964
986 0.607926 0.180982 0.0478474
987 0.607926 0.155876 0.0503925
988 0.607926 0.156833 0.0460387
989 0.607926 0.179398 0.0476825
990 0.607926 0.164521 0.0463668
991 0.607926 0.147922 0.0443535
992 0.607926 0.155281 0.0453739
993 0.607926 0.155336 0.0505159
994 0.607926 0.150671 0.0492555
995 0.607926 0.153879 0.0470277
996 0.607926 0.176169 0.0509507
997 0.607926 0.191427 0.0541136
998 0.607926 0.168967 0.0495019
999 0.607926 0.157957 0.0499554
1000 0.607926 0.180896 0.0529525
