0 0.125257 0.0725876 0.00385109
1 0.125352 0.0784602 0.00363585
2 0.126755 0.0902593 0.00316794
3 0.126755 0.090466 0.0031311
4 0.126755 0.0864163 0.00337716
5 0.126755 0.0889814 0.0032389
6 0.206054 0.0935136 0.00315174
7 0.206054 0.0925751 0.0031732
8 0.485634 0.0995255 0.00443864
9 0.485634 0.0967106 0.00464635
10 0.485634 0.107836 0.00376745
11 0.485634 0.103293 0.00446815
12 0.520161 0.106203 0.00673167
12 0.490159 0.0148831 0.00522168
13 0.490159 0.0213222 0.00679425
14 0.490159 0.0297627 0.0080186
15 0.490159 0.0525888 0.0134789
16 0.490159 0.0570513 0.0164885
17 0.490159 0.0706915 0.019815
18 0.490159 0.0655513 0.02018
19 0.490159 0.0821629 0.026336
20 0.490159 0.0705762 0.0231142
21 0.536994 0.0971347 0.0295807
22 0.536994 0.0964809 0.0286367
23 0.536994 0.109007 0.0332039
24 0.536994 0.10507 0.0323497
25 0.536994 0.115486 0.0332
26 0.536994 0.154777 0.0425803
27 0.548497 0.157664 0.0422885
28 0.548497 0.140028 0.0377481
29 0.548497 0.140504 0.04014
30 0.548497 0.140448 0.0430691
31 0.548497 0.126693 0.0390761
32 0.548497 0.113862 0.0362636
33 0.548497 0.135277 0.0387887
34 0.548497 0.138769 0.0417457
35 0.554686 0.134753 0.03927
36 0.554686 0.147196 0.0399549
37 0.554686 0.147192 0.0405548
38 0.566958 0.16745 0.042653
39 0.572893 0.170098 0.0447671
40 0.572893 0.157595 0.042814
41 0.573562 0.187923 0.0445378
42 0.573562 0.177822 0.0409613
43 0.573562 0.183023 0.0444635
44 0.573562 0.176417 0.0445615
45 0.573562 0.193975 0.0484279
46 0.573562 0.178183 0.0413591
47 0.573562 0.203454 0.045321
48 0.573562 0.196734 0.0479462
49 0.573562 0.178088 0.0431767
50 0.573562 0.191503 0.0403518
51 0.576395 0.215416 0.0416917
52 0.576395 0.190219 0.0435584
53 0.576395 0.196142 0.0468726
54 0.576395 0.177446 0.0425199
55 0.576395 0.19122 0.0430006
56 0.576395 0.186963 0.043524
57 0.58101 0.203798 0.0475427
58 0.58101 0.168013 0.0463296
59 0.591381 0.177452 0.0471978
60 0.591381 0.156338 0.0461794
61 0.591381 0.156654 0.0443351
62 0.591381 0.164804 0.047511
63 0.591381 0.173085 0.048674
64 0.591381 0.174392 0.0529306
65 0.591381 0.201451 0.0532449
66 0.591381 0.20912 0.054264
67 0.591381 0.211033 0.052864
68 0.591381 0.177232 0.0491519
69 0.591381 0.197984 0.0548283
70 0.591381 0.192301 0.0524407
71 0.591381 0.181643 0.0503628
72 0.591381 0.205348 0.0525912
73 0.591381 0.181739 0.0517092
74 0.591381 0.206484 0.055613
75 0.591381 0.191662 0.0568857
76 0.591381 0.172398 0.0503484
77 0.591381 0.185829 0.0494907
78 0.591381 0.211504 0.0507732
79 0.591381 0.225468 0.0588065
80 0.591887 0.210057 0.0563999
81 0.591887 0.195765 0.0533019
82 0.591887 0.19362 0.0541536
83 0.592333 0.231947 0.0564569
84 0.592333 0.215472 0.0556838
85 0.592333 0.181495 0.0513336
86 0.59445 0.194233 0.0522197
87 0.59445 0.212197 0.0528361
88 0.59445 0.233884 0.0539621
89 0.59445 0.236655 0.0483194
90 0.59445 0.223401 0.0496962
91 0.59445 0.221514 0.051488
92 0.59445 0.232383 0.0536958
93 0.59445 0.202584 0.0513407
94 0.59445 0.208256 0.052611
95 0.59445 0.224428 0.0530313
96 0.59445 0.235316 0.0518414
97 0.59445 0.230506 0.0519821
98 0.59445 0.228526 0.0507322
99 0.59445 0.225797 0.0470972
100 0.59445 0.237829 0.0523733
101 0.59445 0.229077 0.0524867
102 0.59445 0.214662 0.0509122
103 0.59445 0.221679 0.0499407
104 0.59445 0.237055 0.0493196
105 0.59445 0.203958 0.0531043
106 0.59445 0.187908 0.0503634
107 0.59445 0.176754 0.0513043
108 0.59445 0.172164 0.0527664
109 0.59445 0.194121 0.0511842
110 0.59445 0.189707 0.0514249
111 0.59445 0.188994 0.0517813
112 0.59445 0.201008 0.0473934
113 0.59445 0.202993 0.0489981
114 0.59445 0.187229 0.0500142
115 0.59445 0.210817 0.0538081
116 0.59445 0.246093 0.0529304
117 0.59445 0.243223 0.0553253
118 0.59445 0.252459 0.0509042
119 0.59445 0.263911 0.0518247
120 0.594945 0.241422 0.052838
121 0.594945 0.233857 0.0557478
122 0.594945 0.210838 0.0521628
123 0.594972 0.17907 0.0498963
124 0.594972 0.166503 0.0497801
125 0.594972 0.188614 0.0553556
126 0.594972 0.21283 0.0566973
127 0.594972 0.232227 0.0534068
128 0.594972 0.221598 0.0513914
129 0.595938 0.226404 0.0495774
130 0.595938 0.205421 0.0478492
131 0.597725 0.196725 0.0556438
132 0.597725 0.227777 0.0554976
133 0.597725 0.195543 0.0511648
134 0.597725 0.222934 0.0554117
135 0.597725 0.224464 0.0544801
136 0.597725 0.18805 0.0505438
137 0.597725 0.185681 0.0498055
138 0.597725 0.19575 0.0511153
139 0.597725 0.190137 0.0521374
140 0.597725 0.185497 0.0550393
141 0.597725 0.211173 0.0520303
142 0.597725 0.209997 0.0544544
143 0.597725 0.203588 0.055083
144 0.597725 0.194485 0.0546666
145 0.597725 0.197078 0.0547605
146 0.597725 0.219545 0.0533683
147 0.597725 0.219732 0.0529056
148 0.597725 0.213552 0.0491301
149 0.597725 0.186641 0.0498511
150 0.597725 0.21981 0.0553105
151 0.597725 0.216157 0.0572922
152 0.597725 0.212021 0.0518214
153 0.597725 0.226543 0.0478144
154 0.597725 0.217657 0.0497035
155 0.597725 0.217805 0.054605
156 0.597725 0.213505 0.0507714
157 0.597725 0.190444 0.0500547
158 0.597725 0.1963 0.0564626
159 0.597725 0.188309 0.0563075
160 0.597725 0.168095 0.0500825
161 0.597725 0.189794 0.0559412
162 0.597725 0.175528 0.0483803
163 0.597725 0.19573 0.0557258
164 0.597725 0.206801 0.0577588
165 0.597725 0.200556 0.0491144
166 0.597725 0.210416 0.0552597
167 0.597725 0.198644 0.0521798
168 0.597725 0.202108 0.0505776
169 0.597725 0.183101 0.0521782
170 0.597725 0.169962 0.052285
171 0.597725 0.158474 0.0475178
172 0.597725 0.150331 0.0514531
173 0.597725 0.161708 0.0541794
174 0.597725 0.148026 0.0488118
175 0.597725 0.158253 0.0485088
176 0.597725 0.17429 0.0552891
177 0.597725 0.181429 0.0507036
178 0.597725 0.200387 0.053451
179 0.597725 0.208939 0.057355
180 0.597725 0.21862 0.0582899
181 0.597725 0.196265 0.0541685
182 0.597725 0.201425 0.0552598
183 0.597725 0.206587 0.0541176
184 0.597725 0.219938 0.0613362
185 0.597725 0.212784 0.0548734
186 0.597725 0.196594 0.0551678
187 0.597725 0.165183 0.0503113
188 0.597725 0.207682 0.0527893
189 0.597725 0.224128 0.0553413
190 0.597725 0.216173 0.0541218
191 0.597725 0.198126 0.0528458
192 0.597725 0.195419 0.0563387
193 0.597725 0.187403 0.0555635
194 0.597725 0.194389 0.0595638
195 0.597725 0.201085 0.0593592
196 0.597725 0.1796 0.0523495
197 0.597725 0.196829 0.0535773
198 0.597725 0.206449 0.0508547
199 0.597725 0.212675 0.0546652
200 0.597725 0.19726 0.0554526
201 0.597725 0.170426 0.0523169
202 0.597725 0.146267 0.0464747
203 0.597725 0.177394 0.0501807
204 0.597725 0.223059 0.0529478
205 0.597725 0.213653 0.0564969
206 0.597725 0.198455 0.0538773
207 0.597725 0.167929 0.0476313
208 0.597725 0.189021 0.0539913
209 0.597725 0.182259 0.0554402
210 0.597725 0.219366 0.057833
211 0.597725 0.211442 0.0565901
212 0.597725 0.189117 0.0506932
213 0.597725 0.214053 0.053446
214 0.597725 0.199449 0.0523393
215 0.597725 0.180779 0.0532909
216 0.597725 0.174099 0.0560237
217 0.597725 0.205192 0.0545974
218 0.597725 0.190572 0.0579005
219 0.597725 0.18942 0.0531557
220 0.597725 0.205292 0.0508735
221 0.597725 0.203383 0.056041
222 0.597725 0.19529 0.0541194
223 0.597725 0.204256 0.060665
224 0.597725 0.19964 0.0528272
225 0.597725 0.213039 0.0536067
226 0.597725 0.222326 0.0524135
227 0.597725 0.223458 0.0586818
228 0.597725 0.203102 0.0563999
229 0.597725 0.17532 0.0560278
230 0.597725 0.195846 0.0567035
231 0.597725 0.210434 0.0510924
232 0.597725 0.208869 0.0554997
233 0.597725 0.21341 0.0552535
234 0.597725 0.233657 0.0575189
235 0.597725 0.254598 0.0577299
236 0.597725 0.236947 0.0521347
237 0.597725 0.219396 0.0518684
238 0.597773 0.189836 0.0489007
239 0.598227 0.173898 0.049069
240 0.598227 0.169187 0.0512845
241 0.598227 0.173628 0.0501705
242 0.598227 0.179177 0.0518993
243 0.598227 0.1667 0.0505805
244 0.598227 0.178415 0.0494043
245 0.598227 0.200734 0.0551237
246 0.598227 0.205152 0.0544841
247 0.598227 0.177329 0.0517646
248 0.598227 0.150091 0.0517592
249 0.598227 0.168096 0.0536857
250 0.598227 0.167076 0.0504085
251 0.598227 0.140225 0.0453825
252 0.598227 0.171872 0.0505949
253 0.598227 0.191155 0.0523488
254 0.598227 0.182661 0.0493983
255 0.598227 0.17261 0.0501171
256 0.598227 0.187862 0.0494551
257 0.598227 0.217157 0.0536948
258 0.598227 0.195433 0.0486361
259 0.598227 0.192593 0.0505089
260 0.598227 0.204637 0.0499275
261 0.598227 0.205839 0.0538779
262 0.598227 0.236826 0.0510521
263 0.598227 0.239226 0.0494315
264 0.598227 0.234619 0.0537879
265 0.598227 0.244565 0.0531218
266 0.598227 0.253379 0.0537567
267 0.598227 0.247169 0.0507011
268 0.598227 0.246459 0.0513941
269 0.598227 0.246858 0.0471453
270 0.598227 0.229688 0.0514234
271 0.598227 0.215557 0.0508416
272 0.598227 0.221806 0.053753
273 0.598227 0.220671 0.0537455
274 0.598227 0.212189 0.050696
275 0.598227 0.199283 0.0482526
276 0.598227 0.218594 0.0509129
277 0.598227 0.252839 0.0502312
278 0.598227 0.218192 0.0477756
279 0.598227 0.211715 0.048016
280 0.598227 0.223385 0.0484996
281 0.598227 0.199353 0.0571115
282 0.598227 0.210717 0.0543487
283 0.598227 0.210465 0.0526012
284 0.598227 0.180962 0.050358
285 0.598227 0.209482 0.0575508
286 0.598227 0.179951 0.052421
287 0.598227 0.215278 0.0532128
288 0.598227 0.216975 0.0565281
289 0.598227 0.216715 0.0537052
290 0.598227 0.204516 0.0563581
291 0.598227 0.20963 0.0572792
292 0.598227 0.223388 0.0554443
293 0.598227 0.219801 0.052264
294 0.598227 0.231019 0.0528081
295 0.598227 0.204247 0.0520551
296 0.598227 0.18738 0.0470928
297 0.598227 0.195234 0.0521487
298 0.598227 0.178505 0.0540956
299 0.598227 0.173335 0.0493271
300 0.598227 0.200691 0.0533261
301 0.598227 0.204317 0.0538255
302 0.598227 0.193612 0.0510766
303 0.598227 0.210148 0.051627
304 0.598227 0.212454 0.0543497
305 0.598227 0.218911 0.0541137
306 0.598227 0.192141 0.052565
307 0.598227 0.211776 0.0498954
308 0.598227 0.19747 0.0470444
309 0.598227 0.192377 0.0497771
310 0.598227 0.207798 0.0517557
311 0.598227 0.206918 0.052805
312 0.598227 0.197139 0.0494815
313 0.598227 0.20831 0.0518595
314 0.598227 0.216316 0.0477848
315 0.598227 0.193837 0.0507902
316 0.598227 0.162569 0.0495062
317 0.598227 0.182733 0.0493633
318 0.598227 0.186758 0.0526852
319 0.598227 0.186594 0.0492964
320 0.598227 0.238979 0.0549936
321 0.598227 0.203227 0.0489387
322 0.598227 0.223685 0.0496635
323 0.598227 0.240484 0.0484728
324 0.598227 0.236009 0.0509323
325 0.598227 0.198451 0.0477002
326 0.599064 0.18698 0.0521909
327 0.599064 0.176652 0.0510051
328 0.599064 0.181224 0.0504097
329 0.599064 0.166015 0.0513295
330 0.599064 0.180693 0.05547
331 0.599064 0.167319 0.0509353
332 0.599064 0.155577 0.0493673
333 0.599064 0.158266 0.0492992
334 0.599064 0.196214 0.0548231
335 0.599064 0.200331 0.0533644
336 0.599064 0.204227 0.0499101
337 0.602117 0.202851 0.0546624
338 0.602117 0.205143 0.0536878
339 0.602117 0.229472 0.0552521
340 0.602117 0.218323 0.0548611
341 0.602117 0.201663 0.051182
342 0.602117 0.196891 0.0536226
343 0.602117 0.222592 0.0588052
344 0.602117 0.214341 0.0562048
345 0.602117 0.234715 0.0539331
346 0.602117 0.23924 0.0518736
347 0.602117 0.248638 0.0516439
348 0.602117 0.229459 0.0536684
349 0.602117 0.214808 0.0554359
350 0.602117 0.200049 0.0535396
351 0.602117 0.229106 0.0607656
352 0.602117 0.210458 0.0547296
353 0.602117 0.186881 0.0539401
354 0.602117 0.203122 0.053741
355 0.602117 0.223101 0.0537703
356 0.602117 0.191644 0.0528093
357 0.602117 0.182694 0.0512133
358 0.602117 0.166004 0.0525589
359 0.602117 0.172141 0.0540215
360 0.60442 0.152597 0.0499482
361 0.60442 0.182908 0.0525556
362 0.60442 0.218957 0.0533457
363 0.60442 0.215357 0.054088
364 0.60442 0.230229 0.0534235
365 0.605225 0.229009 0.0533026
366 0.605225 0.216701 0.0521978
367 0.605225 0.225379 0.0535597
368 0.605225 0.221351 0.0570975
369 0.605225 0.217926 0.0556341
370 0.605225 0.232037 0.0568813
371 0.605225 0.20132 0.051683
372 0.605225 0.222003 0.0524929
373 0.605225 0.220585 0.0527605
374 0.605225 0.226674 0.0544092
375 0.605225 0.215978 0.0536702
376 0.605225 0.196759 0.0499135
377 0.605225 0.188909 0.04765
378 0.605225 0.198461 0.0529508
379 0.605225 0.184425 0.0526437
380 0.605225 0.160704 0.0531152
381 0.605225 0.206044 0.0580612
382 0.605225 0.203457 0.0564143
383 0.605225 0.196991 0.056475
384 0.605225 0.210148 0.059236
385 0.605225 0.20107 0.0582157
386 0.605949 0.217593 0.0588463
387 0.605949 0.20511 0.0546711
388 0.605949 0.219472 0.0551055
389 0.605949 0.206768 0.0542698
390 0.605949 0.206355 0.0578547
391 0.605949 0.189549 0.0574627
392 0.605949 0.211094 0.0534159
393 0.605949 0.201372 0.0570091
394 0.605949 0.180695 0.0562883
395 0.605949 0.191777 0.0570326
396 0.605949 0.200447 0.0561122
397 0.605949 0.174072 0.0505877
398 0.605949 0.169128 0.0531364
399 0.605949 0.198967 0.0581041
400 0.605949 0.184249 0.0518414
401 0.605949 0.179453 0.0476866
402 0.605949 0.160959 0.0510943
403 0.605949 0.186984 0.0604259
404 0.605949 0.206116 0.0586458
405 0.605949 0.200708 0.0525897
406 0.605949 0.211165 0.0560698
407 0.605949 0.225722 0.0575723
408 0.605949 0.224827 0.0563815
409 0.605949 0.194547 0.0572897
410 0.605949 0.206959 0.0598727
411 0.605949 0.210429 0.0587301
412 0.605949 0.239362 0.0574436
413 0.605949 0.242188 0.0544263
414 0.605949 0.24832 0.0614748
415 0.605949 0.222277 0.0573101
416 0.605949 0.251887 0.0590261
417 0.605949 0.250727 0.0571141
418 0.605949 0.241439 0.0532725
419 0.605949 0.214798 0.0539791
420 0.605949 0.219787 0.050422
421 0.605949 0.213447 0.0526245
422 0.605949 0.233351 0.0505718
423 0.605949 0.203868 0.0506267
424 0.605949 0.214405 0.0544976
425 0.605949 0.201861 0.0510585
426 0.605949 0.206704 0.0563579
427 0.605949 0.209246 0.0571716
428 0.605949 0.220395 0.0575928
429 0.605949 0.207925 0.0567571
430 0.605949 0.196096 0.0525429
431 0.605949 0.205121 0.0533618
432 0.605949 0.187735 0.0539969
433 0.605949 0.184924 0.0520332
434 0.605949 0.20302 0.0525604
435 0.605949 0.219077 0.0512322
436 0.605949 0.204571 0.0557818
437 0.605949 0.190899 0.0542942
438 0.605949 0.179621 0.0523061
439 0.605949 0.166611 0.0519797
440 0.606551 0.173899 0.0588265
441 0.606551 0.159443 0.055092
442 0.606551 0.172881 0.0583953
443 0.606551 0.212461 0.0599484
444 0.606551 0.189362 0.0532318
445 0.606551 0.190113 0.0551847
446 0.606551 0.203573 0.0546842
447 0.606551 0.202831 0.0549033
448 0.606551 0.178752 0.0524307
449 0.606551 0.154414 0.0445808
450 0.606551 0.172503 0.0504241
451 0.606551 0.164258 0.0506314
452 0.606551 0.159259 0.0514683
453 0.606551 0.193069 0.0554953
454 0.606551 0.19598 0.0528865
455 0.606551 0.194691 0.0543554
456 0.606551 0.174673 0.0526214
457 0.606551 0.178845 0.0553042
458 0.606551 0.205759 0.0620359
459 0.606551 0.188728 0.053609
460 0.606551 0.212511 0.0556195
461 0.606551 0.238263 0.0588633
462 0.606551 0.221067 0.0501838
463 0.606551 0.222533 0.053789
464 0.606551 0.227183 0.0497924
465 0.606551 0.215085 0.0512233
466 0.606551 0.196497 0.0529345
467 0.606551 0.195105 0.05611
468 0.606551 0.174333 0.0534752
469 0.606551 0.18323 0.0535001
470 0.606551 0.187239 0.0545985
471 0.606551 0.156649 0.04823
472 0.606551 0.185334 0.0559321
473 0.606551 0.178933 0.0555994
474 0.606551 0.174572 0.0516223
475 0.606551 0.180811 0.0481887
476 0.606551 0.179767 0.053495
477 0.606551 0.202441 0.0577997
478 0.606551 0.201458 0.0516472
479 0.606551 0.182045 0.0511026
480 0.606551 0.191314 0.0534344
481 0.606551 0.184397 0.0542933
482 0.606551 0.201208 0.055491
483 0.606551 0.198312 0.0512538
484 0.606551 0.226866 0.055052
485 0.606551 0.229882 0.0600122
486 0.606551 0.213123 0.056291
487 0.606551 0.200344 0.0528506
488 0.606551 0.206238 0.0556053
489 0.606551 0.215342 0.0571629
490 0.606551 0.193192 0.0528155
491 0.606551 0.207655 0.0529821
492 0.606551 0.202043 0.0570295
493 0.606551 0.221806 0.0575589
494 0.606551 0.20961 0.0605523
495 0.606551 0.215665 0.0623856
496 0.606551 0.229215 0.0554583
497 0.606551 0.191846 0.0531084
498 0.606551 0.191963 0.0511842
499 0.606551 0.206248 0.0559215
500 0.606551 0.204951 0.0588807
501 0.606551 0.232997 0.0578117
502 0.606551 0.228817 0.0573793
503 0.606551 0.200949 0.0522647
504 0.606551 0.207014 0.0542905
505 0.606551 0.195886 0.0583777
506 0.606551 0.190803 0.0535195
507 0.606551 0.18602 0.0542843
508 0.606551 0.201763 0.0589101
509 0.60714 0.197994 0.05541
510 0.60714 0.222994 0.0561058
511 0.60714 0.225108 0.0607631
512 0.60714 0.21136 0.0539206
513 0.60714 0.215327 0.057087
514 0.60714 0.222947 0.0568825
515 0.60714 0.228183 0.0542549
516 0.60714 0.21822 0.0523327
517 0.60714 0.235223 0.0538244
518 0.60714 0.249655 0.0560167
519 0.60714 0.244845 0.0493868
520 0.60714 0.236823 0.0542722
521 0.60714 0.238292 0.0542596
522 0.60714 0.218773 0.0542028
523 0.60714 0.215339 0.0511774
524 0.60714 0.210335 0.0504929
525 0.60714 0.221688 0.0506022
526 0.60714 0.206338 0.0490733
527 0.60714 0.198505 0.0516755
528 0.60714 0.197319 0.0527925
529 0.60714 0.189412 0.0467638
530 0.60714 0.184643 0.0520371
531 0.60714 0.200182 0.0553029
532 0.60714 0.175836 0.055412
533 0.60714 0.153946 0.0486674
534 0.60714 0.157374 0.0505015
535 0.60714 0.153462 0.048614
536 0.60714 0.172127 0.0511592
537 0.60714 0.189686 0.0535536
538 0.60714 0.181436 0.0534227
539 0.60714 0.181843 0.0498907
540 0.60714 0.201961 0.0536025
541 0.60714 0.181888 0.0533213
542 0.607804 0.192268 0.0537495
543 0.607804 0.184838 0.0497021
544 0.607804 0.201592 0.0540903
545 0.607804 0.185501 0.0513618
546 0.607804 0.175113 0.0499106
547 0.607804 0.171333 0.0518702
548 0.607804 0.183388 0.0535117
549 0.607804 0.191179 0.0537591
550 0.607804 0.173694 0.0534391
551 0.607804 0.192081 0.0539794
552 0.607804 0.161151 0.0503336
553 0.607804 0.177901 0.053552
554 0.607804 0.175751 0.0618699
555 0.607804 0.189138 0.0574295
556 0.607804 0.195947 0.0589142
557 0.607804 0.169447 0.0511037
558 0.607804 0.204999 0.0579213
559 0.607804 0.214082 0.0530826
560 0.607804 0.225304 0.0569257
561 0.607804 0.221209 0.0528806
562 0.607804 0.221984 0.0523852
563 0.607804 0.226763 0.0568852
564 0.607804 0.223267 0.055579
565 0.607804 0.213095 0.0526457
566 0.607804 0.182549 0.0496965
567 0.607804 0.214569 0.0530413
568 0.607804 0.217273 0.0538814
569 0.607804 0.186574 0.0517422
570 0.607804 0.185007 0.0530629
571 0.607804 0.183903 0.0535251
572 0.607804 0.181143 0.0538926
573 0.607804 0.185622 0.0554241
574 0.607804 0.169068 0.05237
575 0.607804 0.185241 0.0532572
576 0.607804 0.200748 0.0558701
577 0.607804 0.222361 0.0575257
578 0.607804 0.165839 0.0488132
579 0.607804 0.192698 0.0589562
580 0.607804 0.202488 0.0548731
581 0.607804 0.197116 0.0529873
582 0.607804 0.230893 0.0568345
583 0.607804 0.229069 0.0568917
584 0.607804 0.186858 0.0554636
585 0.607804 0.192275 0.0552674
586 0.607804 0.178226 0.0480243
587 0.607804 0.192305 0.0539022
588 0.607804 0.199168 0.0568233
589 0.607804 0.196768 0.0583193
590 0.607804 0.204179 0.0551402
591 0.607804 0.187238 0.0562073
592 0.607804 0.218097 0.0577765
593 0.607804 0.20605 0.0584376
594 0.607804 0.200787 0.0556718
595 0.607804 0.188627 0.0527322
596 0.607804 0.17774 0.0482606
597 0.607804 0.172847 0.0497746
598 0.607804 0.200439 0.0491519
599 0.607804 0.187998 0.0500991
600 0.607804 0.181076 0.052645
601 0.607804 0.203748 0.0538234
602 0.607804 0.217738 0.0563636
603 0.607804 0.215155 0.0528704
604 0.607804 0.227552 0.053595
605 0.607804 0.215982 0.0550265
606 0.607804 0.228231 0.0566713
607 0.608033 0.216066 0.0560381
608 0.608033 0.200318 0.0564906
609 0.608033 0.225319 0.0525598
610 0.608033 0.202385 0.0471845
611 0.608033 0.207045 0.0564718
612 0.608033 0.180332 0.0499991
613 0.608033 0.200598 0.0496508
614 0.608033 0.233632 0.0582367
615 0.608033 0.216945 0.0530584
616 0.608033 0.228221 0.0572728
617 0.608033 0.221336 0.0581852
618 0.608033 0.20434 0.0589024
619 0.608033 0.226859 0.0589907
620 0.608033 0.211817 0.0546996
621 0.608033 0.208239 0.0574868
622 0.608033 0.210952 0.0552057
623 0.608033 0.189879 0.0563651
624 0.608033 0.172123 0.0489425
625 0.608033 0.197237 0.0523067
626 0.608033 0.178134 0.0474095
627 0.608033 0.220876 0.055033
628 0.608033 0.197983 0.0532342
629 0.608033 0.217121 0.0550738
630 0.608033 0.180129 0.0485961
631 0.608033 0.20383 0.05289
632 0.608033 0.197614 0.0534682
633 0.608033 0.230931 0.0503276
634 0.608033 0.205221 0.0493275
635 0.608033 0.175045 0.0504544
636 0.608033 0.194243 0.0510464
637 0.608033 0.215086 0.0593009
638 0.608033 0.172575 0.052265
639 0.608033 0.193454 0.0576964
640 0.60865 0.203183 0.0583166
641 0.60865 0.185939 0.052678
642 0.60865 0.202131 0.0559779
643 0.60865 0.205025 0.0607182
644 0.60865 0.202617 0.0562686
645 0.60865 0.216759 0.05754
646 0.60865 0.205095 0.0565986
647 0.60865 0.190375 0.0550967
648 0.60865 0.190761 0.0574002
649 0.60865 0.203792 0.055093
650 0.60865 0.186212 0.0537292
651 0.60865 0.166186 0.0523596
652 0.60865 0.179693 0.0519709
653 0.60865 0.199467 0.0567247
654 0.60865 0.206052 0.053185
655 0.60865 0.216839 0.052433
656 0.60865 0.236309 0.0531894
657 0.60865 0.212015 0.0528165
658 0.60865 0.257951 0.0558696
659 0.60865 0.253859 0.0559604
660 0.60865 0.242561 0.0556958
661 0.60865 0.223951 0.0595606
662 0.60865 0.227365 0.0545389
663 0.60865 0.222626 0.0520468
664 0.60865 0.21547 0.0576635
665 0.60865 0.229986 0.0577933
666 0.60865 0.202459 0.0511642
667 0.60865 0.223474 0.0573933
668 0.60865 0.252535 0.0542518
669 0.60865 0.216155 0.0547377
670 0.60865 0.223411 0.0539362
671 0.60865 0.225837 0.0601466
672 0.60865 0.214933 0.0559614
673 0.60865 0.238771 0.0579354
674 0.60865 0.221648 0.057426
675 0.60865 0.185038 0.051938
676 0.60865 0.2039 0.0547197
677 0.60865 0.223327 0.0551293
678 0.60865 0.200827 0.0544375
679 0.60865 0.209307 0.0562883
680 0.608722 0.20181 0.0595449
681 0.608722 0.169805 0.0509298
682 0.608722 0.209867 0.0571855
683 0.608722 0.226742 0.0580284
684 0.608722 0.204237 0.0542155
685 0.608722 0.210901 0.0552417
686 0.608722 0.22354 0.0526738
687 0.608722 0.222558 0.0565225
688 0.608722 0.199336 0.0561607
689 0.608722 0.169775 0.0475998
690 0.608722 0.198431 0.0542799
691 0.608722 0.178597 0.0553458
692 0.608722 0.19693 0.0554544
693 0.608722 0.206319 0.0550206
694 0.608722 0.181278 0.0586793
695 0.608722 0.169913 0.0557476
696 0.608722 0.181968 0.0536611
697 0.608722 0.212369 0.0574704
698 0.608722 0.183694 0.050044
699 0.608722 0.197576 0.056302
700 0.608722 0.161833 0.0517836
701 0.608722 0.175207 0.0527447
702 0.608722 0.191108 0.0568678
703 0.608722 0.193336 0.0528326
704 0.608722 0.191228 0.0537915
705 0.608722 0.188097 0.0541461
706 0.608722 0.208676 0.0566961
707 0.608722 0.19002 0.0536018
708 0.608722 0.231866 0.0582165
709 0.608722 0.195249 0.057429
710 0.608722 0.194351 0.057521
711 0.608722 0.174966 0.0536917
712 0.608722 0.199506 0.0544752
713 0.608722 0.20434 0.0579401
714 0.608722 0.205331 0.059118
715 0.608722 0.22088 0.0564437
716 0.608722 0.256735 0.0583615
717 0.608722 0.236928 0.0536711
718 0.608722 0.230974 0.0491917
719 0.608722 0.224163 0.0490812
720 0.608722 0.207966 0.0560022
721 0.608722 0.214029 0.0572325
722 0.608722 0.220102 0.0557106
723 0.608722 0.175664 0.0507294
724 0.608722 0.185594 0.0561665
725 0.608722 0.16732 0.0511395
726 0.608722 0.195062 0.0567752
727 0.608722 0.206208 0.05781
728 0.608722 0.227388 0.0581304
729 0.608722 0.228603 0.055492
730 0.608722 0.184594 0.0520923
731 0.608722 0.187861 0.0498513
732 0.608722 0.183259 0.0519244
733 0.608722 0.201077 0.0532342
734 0.608722 0.17552 0.0517668
735 0.608722 0.219982 0.0551267
736 0.608722 0.21786 0.0561359
737 0.608722 0.235126 0.0606845
738 0.608722 0.217049 0.0535276
739 0.608722 0.228505 0.0558837
740 0.608722 0.188049 0.0529674
741 0.608722 0.206015 0.0543031
742 0.608722 0.234795 0.0555078
743 0.608722 0.22564 0.0588837
744 0.608722 0.197356 0.0551968
745 0.608722 0.216834 0.0580126
746 0.608722 0.20984 0.0560214
747 0.608722 0.187226 0.056398
748 0.608722 0.227789 0.0618142
749 0.608722 0.157731 0.0532458
750 0.608776 0.180235 0.0598311
751 0.608776 0.187208 0.0591815
752 0.608776 0.167505 0.0521293
753 0.608776 0.193914 0.0565048
754 0.608776 0.184894 0.0522375
755 0.608776 0.190918 0.0538242
756 0.608776 0.186768 0.055314
757 0.608776 0.207759 0.0593772
758 0.608776 0.201635 0.0575526
759 0.608776 0.202305 0.0587493
760 0.608776 0.208577 0.0598714
761 0.608776 0.199976 0.0575912
762 0.608776 0.205678 0.0579434
763 0.608776 0.204053 0.0597039
764 0.608776 0.204522 0.0566151
765 0.608776 0.194464 0.0576504
766 0.608776 0.196008 0.0547797
767 0.608776 0.205174 0.0586986
768 0.608776 0.195556 0.0560272
769 0.608776 0.209443 0.0543134
770 0.608776 0.195244 0.0468668
771 0.608776 0.193773 0.054143
772 0.608776 0.211418 0.0538077
773 0.608776 0.211129 0.0522923
774 0.608776 0.226593 0.0546811
775 0.608776 0.194798 0.0457642
776 0.608776 0.182651 0.050543
777 0.608776 0.184547 0.0508484
778 0.608776 0.181687 0.047874
779 0.608776 0.187974 0.0459253
780 0.608776 0.198633 0.0485097
781 0.608776 0.193223 0.0509923
782 0.608776 0.222553 0.0538311
783 0.609712 0.215754 0.0575587
784 0.609712 0.219061 0.0558914
785 0.609712 0.191422 0.0552802
786 0.609712 0.172987 0.0486538
787 0.609712 0.194152 0.0538285
788 0.609712 0.208322 0.0525843
789 0.609712 0.209969 0.0570073
790 0.609712 0.197156 0.0541329
791 0.609712 0.171337 0.0468564
792 0.609712 0.192252 0.0516165
793 0.609712 0.164151 0.0504112
794 0.609712 0.185206 0.0523553
795 0.609712 0.165887 0.0551407
796 0.609712 0.171569 0.0486382
797 0.609712 0.171509 0.0499843
798 0.609712 0.17541 0.0539666
799 0.609712 0.189235 0.053745
800 0.609712 0.184955 0.0542679
801 0.609712 0.190567 0.0526196
802 0.609712 0.199533 0.0546395
803 0.609712 0.21317 0.0549876
804 0.609712 0.205285 0.0551868
805 0.609712 0.180793 0.054181
806 0.609712 0.173479 0.0544715
807 0.609712 0.163104 0.0517966
808 0.609712 0.161311 0.0534212
809 0.609712 0.163065 0.050002
810 0.609712 0.197959 0.0567718
811 0.609712 0.184849 0.0525928
812 0.609712 0.203078 0.0538413
813 0.609712 0.224955 0.0522076
814 0.609712 0.239891 0.0530949
815 0.609712 0.227089 0.0551541
816 0.609712 0.22443 0.0547238
817 0.609712 0.223278 0.0588191
818 0.609712 0.213631 0.055428
819 0.609712 0.225389 0.0580628
820 0.609712 0.229999 0.0557617
821 0.609712 0.216765 0.0528118
822 0.609712 0.20907 0.0556495
823 0.609712 0.227997 0.0546947
824 0.609712 0.211142 0.0562411
825 0.609712 0.199115 0.0514637
826 0.609712 0.207237 0.0542626
827 0.609712 0.226487 0.0575649
828 0.609712 0.223976 0.0544434
829 0.609712 0.186703 0.0529073
830 0.609712 0.204298 0.0561068
831 0.609712 0.216338 0.0522825
832 0.609712 0.190564 0.0530611
833 0.609712 0.160469 0.0459151
834 0.609712 0.182891 0.0467533
835 0.609712 0.179862 0.0485261
836 0.609712 0.179848 0.0505019
837 0.609712 0.185627 0.0543994
838 0.609712 0.166354 0.0505715
839 0.609712 0.167312 0.0460134
840 0.609712 0.158711 0.0506267
841 0.609712 0.189747 0.0541768
842 0.609712 0.188723 0.0504902
843 0.609712 0.213312 0.0627846
844 0.609712 0.180457 0.0599898
845 0.609712 0.218118 0.0622489
846 0.609712 0.199767 0.0558912
847 0.609712 0.174891 0.0542412
848 0.609712 0.192274 0.053659
849 0.609712 0.161161 0.0470902
850 0.609712 0.181353 0.0528453
851 0.609712 0.201902 0.0564298
852 0.609712 0.166259 0.0488688
853 0.609712 0.179089 0.0566879
854 0.609712 0.170883 0.0536709
855 0.609712 0.192042 0.0512274
856 0.609712 0.185977 0.0480633
857 0.609712 0.196799 0.0529205
858 0.609712 0.213193 0.0516894
859 0.609712 0.182342 0.0487118
860 0.609712 0.202915 0.0502239
861 0.609712 0.199057 0.0522902
862 0.609712 0.188035 0.0494418
863 0.609712 0.206797 0.0503742
864 0.609712 0.23023 0.0533186
865 0.609712 0.190897 0.0514779
866 0.609712 0.209236 0.0509988
867 0.609712 0.210087 0.0482118
868 0.609712 0.212755 0.0552997
869 0.609712 0.205224 0.0516564
870 0.609712 0.229777 0.0571345
871 0.609712 0.197618 0.0510887
872 0.609712 0.201285 0.0525986
873 0.609712 0.197018 0.0533072
874 0.609712 0.192171 0.0534079
875 0.609712 0.194506 0.0498039
876 0.609712 0.180845 0.0522849
877 0.609712 0.172544 0.0514529
878 0.609712 0.158428 0.0488878
879 0.609712 0.200447 0.0517258
880 0.609712 0.202321 0.0548739
881 0.609712 0.219206 0.052467
882 0.609712 0.196973 0.0534123
883 0.609712 0.187233 0.0526894
884 0.609712 0.226666 0.0541084
885 0.609712 0.221383 0.0551147
886 0.609712 0.220638 0.0525616
887 0.609712 0.209404 0.0561402
888 0.609712 0.179328 0.0504922
889 0.609712 0.199083 0.0520727
890 0.609712 0.181034 0.052626
891 0.609712 0.198097 0.0522998
892 0.609712 0.175715 0.0534569
893 0.609712 0.193428 0.054112
894 0.609712 0.186927 0.0517667
895 0.609712 0.196773 0.0509183
896 0.609712 0.187201 0.0450602
897 0.609712 0.209424 0.0536596
898 0.609712 0.19571 0.0554658
899 0.609712 0.202009 0.0565331
900 0.609712 0.192087 0.0538952
901 0.609712 0.210837 0.0595403
902 0.609712 0.195113 0.0543334
903 0.609712 0.22358 0.0550496
904 0.609712 0.19652 0.0564147
905 0.609712 0.197821 0.0589549
906 0.609712 0.197167 0.0540719
907 0.609712 0.181102 0.0526036
908 0.609712 0.212964 0.0569473
909 0.609712 0.18668 0.0533314
910 0.609712 0.156473 0.05103
911 0.609712 0.195724 0.0556196
912 0.609712 0.181576 0.0556051
913 0.609712 0.157711 0.0533494
914 0.609712 0.174924 0.0504471
915 0.609712 0.187643 0.0529043
916 0.609712 0.201003 0.0494536
917 0.609712 0.194413 0.0489485
918 0.609712 0.198913 0.0513663
919 0.609712 0.211222 0.0533113
920 0.609712 0.194851 0.0515123
921 0.609712 0.195161 0.0548802
922 0.609712 0.171278 0.0550522
923 0.609712 0.166446 0.0507091
924 0.609712 0.172402 0.0556432
925 0.609712 0.174194 0.0559119
926 0.609712 0.153417 0.0514007
927 0.609712 0.170708 0.0532136
928 0.609712 0.164556 0.0509733
929 0.609712 0.164544 0.0451365
930 0.609712 0.172343 0.0497382
931 0.609712 0.159736 0.0464844
932 0.609712 0.185682 0.0530994
933 0.609712 0.168894 0.0490464
934 0.609712 0.167413 0.0522287
935 0.609712 0.206177 0.055319
936 0.609712 0.187575 0.0562429
937 0.609712 0.198163 0.0543872
938 0.609712 0.210084 0.0586478
939 0.609712 0.196751 0.0519577
940 0.609712 0.185 0.054449
941 0.609712 0.179078 0.0532229
942 0.609712 0.14682 0.0513784
943 0.609712 0.158598 0.0508754
944 0.609712 0.152507 0.0490954
945 0.609712 0.186613 0.0518243
946 0.609712 0.193434 0.0560769
947 0.609712 0.166492 0.0524732
948 0.609712 0.170532 0.0542188
949 0.609712 0.185827 0.0583185
950 0.609712 0.172903 0.0534578
951 0.609712 0.151328 0.0500811
952 0.609712 0.187552 0.0532211
953 0.609712 0.197005 0.0569845
954 0.609712 0.190463 0.0546071
955 0.609712 0.189132 0.0580225
956 0.609712 0.17754 0.0530949
957 0.609712 0.21251 0.0561616
958 0.609712 0.20514 0.0536602
959 0.609712 0.163786 0.0488493
960 0.609712 0.186161 0.0530497
961 0.609712 0.197223 0.0551614
962 0.609712 0.173402 0.0519197
963 0.609712 0.201688 0.0570059
964 0.609712 0.187266 0.0599336
965 0.609712 0.174398 0.0525085
966 0.609712 0.182994 0.0557523
967 0.609712 0.196373 0.0534135
968 0.609712 0.178847 0.0513595
969 0.609712 0.206117 0.0543399
970 0.609712 0.170043 0.0493538
971 0.609712 0.199383 0.05516
972 0.609712 0.197313 0.058785
973 0.609712 0.20284 0.0568987
974 0.609712 0.200852 0.0565535
975 0.609712 0.216238 0.0525168
976 0.609712 0.187429 0.0521002
977 0.609712 0.202553 0.0539007
978 0.609712 0.197653 0.055811
979 0.609712 0.229635 0.0579473
980 0.609712 0.179321 0.0536035
981 0.609712 0.194365 0.0541923
982 0.609712 0.22702 0.0584602
983 0.609712 0.179586 0.0535044
984 0.609712 0.174153 0.0535971
985 0.609712 0.203812 0.055956
986 0.609712 0.190059 0.056846
987 0.609712 0.185954 0.058364
988 0.609712 0.16542 0.0536503
989 0.609712 0.185518 0.0507918
990 0.609712 0.184527 0.0529454
991 0.609712 0.197649 0.0543772
992 0.609712 0.225061 0.0513583
993 0.609712 0.260021 0.052238
994 0.609712 0.246626 0.0575548
995 0.609712 0.237982 0.049638
996 0.609712 0.247838 0.0490682
997 0.609712 0.230105 0.0472531
998 0.609712 0.23628 0.0525379
999 0.609712 0.229297 0.0512591
1000 0.609712 0.247735 0.0526643
