0 0.125263 0.0690938 0.00387898
1 0.125272 0.0789536 0.00366911
2 0.125272 0.0864782 0.00336096
3 0.125277 0.0803617 0.00360471
4 0.125277 0.0877894 0.00329008
5 0.125277 0.0989554 0.00260636
6 0.125277 0.0941701 0.00291456
7 0.20996 0.0947849 0.00307887
8 0.233369 0.102143 0.00279731
9 0.248322 0.107383 0.00266625
10 0.504426 0.111579 0.0041709
10 0.464577 0.0105803 0.00297536
11 0.491675 0.015929 0.00529284
12 0.491675 0.0243765 0.00738844
13 0.491675 0.0318605 0.00921288
14 0.499726 0.0418959 0.0130246
15 0.499726 0.0451846 0.0152509
16 0.499726 0.0654956 0.0228728
17 0.499726 0.05549 0.0206403
18 0.541712 0.0594802 0.0228501
19 0.541712 0.0566189 0.0219107
20 0.541712 0.0636311 0.0243354
21 0.541712 0.0684511 0.0264103
22 0.541712 0.0835651 0.0279876
23 0.549935 0.091579 0.0288466
24 0.549935 0.0827695 0.0263208
25 0.553659 0.0853088 0.0281726
26 0.553659 0.0908235 0.0320647
27 0.553659 0.0768987 0.0282796
28 0.553659 0.0906707 0.0320723
29 0.553659 0.0715952 0.0276417
30 0.553659 0.0841034 0.0292405
31 0.553659 0.0742345 0.0279303
32 0.553659 0.0840793 0.0307809
33 0.553659 0.074828 0.027409
34 0.553659 0.0774759 0.0275422
35 0.553659 0.0863042 0.0295535
36 0.553659 0.094593 0.0318942
37 0.553659 0.0853415 0.0309266
38 0.553659 0.103957 0.0373791
39 0.553659 0.0804211 0.0286422
40 0.553659 0.079572 0.0272982
41 0.553659 0.0849116 0.0277748
42 0.553659 0.0895539 0.0301849
43 0.56504 0.107263 0.0318489
44 0.56504 0.103193 0.0345432
45 0.56504 0.120902 0.0355974
46 0.56504 0.102385 0.0305326
47 0.56504 0.0999248 0.0298891
48 0.56504 0.10028 0.0322721
49 0.56504 0.090526 0.0308928
50 0.56504 0.098254 0.0315696
51 0.56504 0.102333 0.0336103
52 0.56504 0.0876553 0.0319021
53 0.56504 0.101981 0.0354591
54 0.56504 0.0933744 0.0346832
55 0.56504 0.0908914 0.0314844
56 0.56504 0.102579 0.0341744
57 0.56504 0.106172 0.0377565
58 0.56504 0.101955 0.0355442
59 0.56504 0.09548 0.0341405
60 0.56504 0.108147 0.0382082
61 0.56504 0.0977393 0.033615
62 0.56504 0.103018 0.0363344
63 0.56504 0.085719 0.0329869
64 0.572372 0.0958272 0.0360807
65 0.572372 0.101596 0.0377107
66 0.572372 0.10215 0.0347066
67 0.572372 0.0987508 0.033406
68 0.572372 0.108473 0.0357285
69 0.572372 0.101889 0.0321117
70 0.572372 0.108518 0.0355735
71 0.572372 0.10703 0.0350021
72 0.572372 0.101194 0.0351173
73 0.572372 0.0969296 0.034648
74 0.572372 0.0927779 0.0335967
75 0.572372 0.11949 0.0383033
76 0.572372 0.100159 0.0349018
77 0.572372 0.0928864 0.0316008
78 0.572372 0.0798714 0.0309191
79 0.572372 0.108181 0.0384374
80 0.572372 0.0910039 0.0357167
81 0.572372 0.10739 0.0393388
82 0.572372 0.116601 0.0384875
83 0.572372 0.0980471 0.0376595
84 0.572372 0.129056 0.0416538
85 0.572372 0.101437 0.0341508
86 0.572372 0.107929 0.0380129
87 0.572372 0.101017 0.0353239
88 0.576585 0.102389 0.038939
89 0.576585 0.106678 0.0377374
90 0.576585 0.093691 0.0357306
91 0.576995 0.110001 0.0406359
92 0.576995 0.102989 0.0392374
93 0.576995 0.104663 0.0392892
94 0.576995 0.0846889 0.0346024
95 0.576995 0.0920772 0.0378246
96 0.576995 0.089718 0.0351323
97 0.576995 0.0906763 0.0344986
98 0.576995 0.0954073 0.0365452
99 0.576995 0.0865544 0.0318296
100 0.576995 0.111227 0.0379914
101 0.576995 0.108821 0.0364715
102 0.576995 0.122357 0.0403813
103 0.576995 0.104341 0.0329887
104 0.578531 0.128527 0.0418127
105 0.578531 0.111269 0.0389579
106 0.578531 0.115683 0.0398962
107 0.578531 0.112924 0.0393549
108 0.578531 0.0875516 0.0334637
109 0.578531 0.104481 0.0363565
110 0.578531 0.097221 0.03708
111 0.578531 0.109667 0.0343424
112 0.578531 0.104928 0.0385257
113 0.578531 0.111721 0.0370281
114 0.578531 0.104929 0.0374524
115 0.578531 0.110174 0.0386058
116 0.578531 0.106791 0.0425444
117 0.578531 0.10293 0.0350186
118 0.578531 0.115085 0.0411246
119 0.578531 0.118986 0.0410705
120 0.578531 0.108082 0.0378253
121 0.578531 0.124811 0.0417093
122 0.578531 0.103245 0.0383696
123 0.578531 0.089289 0.0354373
124 0.578531 0.0974892 0.0347218
125 0.578531 0.0925584 0.0340666
126 0.578531 0.0980951 0.0356108
127 0.578531 0.119479 0.0398052
128 0.578531 0.110469 0.0375863
129 0.578531 0.115081 0.0400706
130 0.578531 0.104426 0.0339639
131 0.578531 0.121753 0.0372005
132 0.578531 0.124072 0.0386909
133 0.578531 0.130557 0.0404669
134 0.578531 0.106717 0.0367467
135 0.578531 0.116667 0.0367274
136 0.578531 0.120572 0.0389244
137 0.578531 0.131505 0.0460042
138 0.578531 0.127298 0.0445374
139 0.578531 0.108261 0.0399052
140 0.578531 0.105731 0.0380037
141 0.578531 0.103514 0.0354705
142 0.578531 0.0988489 0.0375816
143 0.578531 0.100807 0.0388525
144 0.578531 0.0998638 0.0357078
145 0.578531 0.105843 0.0382507
146 0.578531 0.0918109 0.0343835
147 0.578531 0.0997328 0.0368016
148 0.578531 0.09308 0.0346649
149 0.578531 0.0963109 0.0369226
150 0.578531 0.091464 0.0334143
151 0.578531 0.0933685 0.0341848
152 0.578531 0.085435 0.0351759
153 0.578531 0.090998 0.0356841
154 0.578531 0.10561 0.0390258
155 0.578531 0.113007 0.0379921
156 0.578531 0.118206 0.0371383
157 0.578531 0.106623 0.0376502
158 0.578531 0.0913441 0.0350692
159 0.578531 0.0985697 0.0379388
160 0.578531 0.115041 0.0411394
161 0.578531 0.122625 0.0408033
162 0.578531 0.110888 0.0397803
163 0.578531 0.0915882 0.0350779
164 0.578531 0.115497 0.0405689
165 0.578531 0.0982221 0.0381094
166 0.578531 0.116829 0.0432087
167 0.578531 0.108894 0.0343068
168 0.578531 0.102456 0.0356386
169 0.578531 0.106982 0.0363489
170 0.578531 0.125516 0.0413286
171 0.578531 0.115643 0.0382296
172 0.578531 0.105173 0.0375621
173 0.578531 0.101131 0.0385057
174 0.578531 0.106098 0.0425619
175 0.578531 0.121903 0.0425338
176 0.578531 0.124626 0.0396654
177 0.578531 0.125885 0.042466
178 0.578531 0.124815 0.0444726
179 0.578531 0.112961 0.0388837
180 0.578531 0.0953275 0.0364043
181 0.578531 0.116435 0.0428491
182 0.578531 0.0878162 0.0337365
183 0.578531 0.104988 0.0374627
184 0.578531 0.111275 0.0416047
185 0.578531 0.110799 0.0414477
186 0.578531 0.0900844 0.0333385
187 0.578531 0.10121 0.0350009
188 0.578531 0.123086 0.0402677
189 0.578531 0.118308 0.0360987
190 0.578531 0.110974 0.037905
191 0.578531 0.115115 0.0374066
192 0.579817 0.117218 0.0405434
193 0.579817 0.104471 0.0381917
194 0.579817 0.122121 0.0450628
195 0.579817 0.111479 0.0390074
196 0.579817 0.111315 0.0372287
197 0.579817 0.122562 0.0394384
198 0.579817 0.107341 0.0394761
199 0.579817 0.101679 0.0371546
200 0.579817 0.104009 0.0393611
201 0.579817 0.0999547 0.0374503
202 0.579817 0.0795861 0.0341671
203 0.579817 0.0805262 0.0362406
204 0.579817 0.0949466 0.0364832
205 0.579817 0.113282 0.0391799
206 0.579817 0.11813 0.0381705
207 0.579817 0.100227 0.0361415
208 0.579817 0.100226 0.0368165
209 0.579817 0.0944024 0.0348159
210 0.579817 0.114289 0.0394023
211 0.592418 0.130067 0.0431172
212 0.592418 0.117438 0.0370938
213 0.592418 0.125808 0.0441716
214 0.592418 0.133369 0.0478524
215 0.592418 0.108532 0.039748
216 0.592418 0.0898656 0.0371942
217 0.592418 0.110315 0.0396061
218 0.592418 0.112247 0.0396277
219 0.592418 0.106903 0.0361016
220 0.592418 0.0919754 0.0340488
221 0.592418 0.106358 0.0408174
222 0.592418 0.0956179 0.0369072
223 0.592418 0.0995691 0.0373903
224 0.595847 0.120266 0.0429092
225 0.595847 0.124387 0.041538
226 0.595847 0.125123 0.037811
227 0.595847 0.132681 0.0419463
228 0.595847 0.121117 0.0402067
229 0.595847 0.116268 0.0389149
230 0.595847 0.11885 0.0387582
231 0.595847 0.117397 0.0395648
232 0.595847 0.106848 0.0410394
233 0.595847 0.0892269 0.0334798
234 0.595847 0.0947396 0.0375078
235 0.595847 0.101861 0.0368924
236 0.595847 0.113683 0.0362512
237 0.595847 0.107109 0.0351183
238 0.595847 0.124188 0.0432385
239 0.595847 0.10479 0.0399876
240 0.595847 0.106189 0.0349876
241 0.595847 0.108249 0.0396749
242 0.595847 0.105874 0.0393411
243 0.595847 0.103654 0.0385159
244 0.595847 0.0961144 0.0374556
245 0.595847 0.113298 0.0391207
246 0.595847 0.113959 0.0401857
247 0.595847 0.121734 0.0417297
248 0.595847 0.118543 0.0399457
249 0.595847 0.107848 0.0407066
250 0.595847 0.108355 0.0374425
251 0.595847 0.114831 0.0382514
252 0.595847 0.106355 0.0373784
253 0.595847 0.102688 0.037444
254 0.595847 0.0885594 0.0367539
255 0.595847 0.0938399 0.0373139
256 0.595847 0.100415 0.041213
257 0.595847 0.101186 0.0402889
258 0.595847 0.108189 0.0404063
259 0.595847 0.0944034 0.0361807
260 0.595847 0.0985814 0.040314
261 0.595847 0.102829 0.03957
262 0.595847 0.121973 0.0461194
263 0.595847 0.104237 0.0392011
264 0.595847 0.130919 0.0444409
265 0.602701 0.122784 0.0452132
266 0.602701 0.112472 0.0433216
267 0.602701 0.125199 0.0452891
268 0.602701 0.12593 0.0440792
269 0.602701 0.145946 0.0476819
270 0.602701 0.130911 0.0430933
271 0.602701 0.124951 0.0470539
272 0.602701 0.115975 0.0408353
273 0.602701 0.12808 0.0438423
274 0.602701 0.129516 0.0420464
275 0.602701 0.123294 0.0461212
276 0.602701 0.103471 0.0400153
277 0.602701 0.135655 0.0486918
278 0.602701 0.139696 0.0490142
279 0.602701 0.129157 0.0461232
280 0.602701 0.11338 0.0413347
281 0.602701 0.120767 0.0451794
282 0.602701 0.103022 0.0353185
283 0.602701 0.143555 0.0440732
284 0.602701 0.159095 0.0481329
285 0.602701 0.152686 0.0481031
286 0.602701 0.148676 0.0470928
287 0.602701 0.129903 0.0423947
288 0.602701 0.136977 0.0429679
289 0.602701 0.121535 0.0393909
290 0.602701 0.129229 0.0448958
291 0.602701 0.129751 0.0427812
292 0.602701 0.136009 0.0454434
293 0.602701 0.120353 0.0442088
294 0.602701 0.159812 0.0530493
295 0.602701 0.138049 0.0434275
296 0.602701 0.16601 0.0479255
297 0.602701 0.146777 0.0488656
298 0.602701 0.146031 0.04687
299 0.602701 0.130334 0.0418363
300 0.602701 0.137754 0.0413202
301 0.602701 0.141532 0.0438266
302 0.602701 0.120406 0.0414988
303 0.602701 0.121666 0.0431133
304 0.602701 0.131471 0.0443171
305 0.602701 0.13277 0.0467177
306 0.602701 0.136969 0.0488709
307 0.602701 0.12883 0.0459288
308 0.602701 0.131698 0.0490819
309 0.602701 0.122714 0.0432878
310 0.602701 0.139198 0.0428949
311 0.602701 0.146177 0.0424514
312 0.602701 0.159405 0.0449972
313 0.602701 0.153665 0.0431483
314 0.602701 0.135053 0.0435148
315 0.602701 0.141561 0.0473662
316 0.602701 0.130435 0.0456232
317 0.602701 0.147063 0.0493565
318 0.602701 0.126017 0.0474731
319 0.602701 0.125661 0.0406448
320 0.602701 0.118664 0.0431771
321 0.602701 0.123703 0.0444867
322 0.602701 0.128017 0.0439212
323 0.602701 0.125264 0.0420686
324 0.602701 0.128989 0.0440917
325 0.602701 0.128647 0.0430372
326 0.602701 0.150355 0.0474734
327 0.602701 0.138534 0.0450722
328 0.602701 0.119762 0.0405267
329 0.602701 0.126138 0.0418765
330 0.602701 0.141111 0.0455074
331 0.602701 0.127244 0.0443796
332 0.602701 0.145516 0.0458422
333 0.602701 0.131211 0.0431448
334 0.602701 0.15167 0.0453195
335 0.602701 0.121579 0.0400838
336 0.602701 0.137342 0.0473133
337 0.602701 0.130374 0.0432438
338 0.602701 0.152877 0.0438772
339 0.602701 0.148857 0.0458212
340 0.602701 0.128128 0.042104
341 0.602701 0.141814 0.0477094
342 0.602701 0.14457 0.0485409
343 0.602701 0.135 0.0455888
344 0.602701 0.141971 0.0449636
345 0.602701 0.121224 0.0418325
346 0.602701 0.135359 0.0428164
347 0.602701 0.131112 0.0453215
348 0.602701 0.132327 0.0443765
349 0.602701 0.125818 0.0453989
350 0.602701 0.135897 0.0451091
351 0.602701 0.158255 0.0510469
352 0.602701 0.115805 0.0410889
353 0.602701 0.138871 0.0473166
354 0.602701 0.13372 0.0423208
355 0.602701 0.141872 0.0476
356 0.602701 0.129183 0.0473089
357 0.602701 0.154978 0.0507324
358 0.602701 0.145296 0.0495225
359 0.602701 0.131252 0.0476878
360 0.602701 0.136698 0.0465035
361 0.602701 0.131977 0.0444028
362 0.602701 0.145958 0.048153
363 0.602701 0.150068 0.0469184
364 0.602701 0.144855 0.0450306
365 0.602701 0.129316 0.0415045
366 0.602701 0.120987 0.043022
367 0.602701 0.130831 0.0468739
368 0.602701 0.0926796 0.0371529
369 0.602701 0.107088 0.0366372
370 0.602701 0.122782 0.0424872
371 0.602701 0.133499 0.0434543
372 0.602701 0.144066 0.0465787
373 0.602701 0.121017 0.0417497
374 0.602701 0.122013 0.0408305
375 0.602701 0.114434 0.0428362
376 0.602701 0.122429 0.0409647
377 0.602701 0.120255 0.0416595
378 0.602701 0.112342 0.042339
379 0.602701 0.112361 0.0437827
380 0.602701 0.116181 0.0418415
381 0.602701 0.12916 0.0457975
382 0.602701 0.130147 0.0464715
383 0.602701 0.149684 0.0536261
384 0.602701 0.164144 0.0479887
385 0.602701 0.149619 0.0494374
386 0.602701 0.136877 0.0499538
387 0.602701 0.125059 0.0423139
388 0.602701 0.142425 0.0474323
389 0.602701 0.122435 0.0409754
390 0.602701 0.113397 0.0369056
391 0.602701 0.116132 0.0402748
392 0.602701 0.121248 0.0436476
393 0.602701 0.137926 0.04579
394 0.602701 0.135151 0.0445451
395 0.602701 0.137487 0.0459181
396 0.602701 0.13853 0.0464187
397 0.602701 0.146342 0.0478822
398 0.602701 0.157068 0.0496861
399 0.602701 0.151517 0.0436452
400 0.602701 0.163311 0.0506802
401 0.602701 0.155286 0.0456443
402 0.602701 0.123819 0.0417866
403 0.602701 0.129662 0.0440963
404 0.602701 0.140687 0.0443766
405 0.602701 0.128477 0.0434173
406 0.602701 0.132875 0.0445497
407 0.602701 0.128133 0.0438769
408 0.602701 0.135121 0.0441827
409 0.602701 0.114153 0.0411031
410 0.602701 0.133902 0.0464683
411 0.602701 0.153444 0.0492205
412 0.602701 0.156871 0.0466494
413 0.602701 0.156324 0.0501843
414 0.602701 0.133216 0.0461733
415 0.602701 0.140831 0.0470029
416 0.602701 0.152657 0.0451953
417 0.602701 0.157465 0.0467066
418 0.602701 0.144453 0.0468886
419 0.602701 0.139891 0.0457981
420 0.602701 0.142728 0.0495169
421 0.602701 0.124244 0.0424554
422 0.602701 0.141835 0.0467047
423 0.602701 0.129712 0.0429874
424 0.602701 0.150189 0.0522374
425 0.602701 0.115468 0.040078
426 0.602701 0.125589 0.0416107
427 0.602701 0.109621 0.0418557
428 0.602701 0.123018 0.0440099
429 0.602701 0.111112 0.0415912
430 0.602701 0.116274 0.0419455
431 0.602701 0.119413 0.0448375
432 0.602701 0.121958 0.0460062
433 0.602701 0.126694 0.0492631
434 0.602701 0.130275 0.0507789
435 0.602701 0.132314 0.0468333
436 0.602701 0.114116 0.0411407
437 0.602701 0.123379 0.0437264
438 0.602701 0.131943 0.0452479
439 0.602701 0.131756 0.0464929
440 0.602701 0.142734 0.0477293
441 0.602701 0.135376 0.0459862
442 0.602701 0.123294 0.0413686
443 0.602701 0.127845 0.0489347
444 0.602701 0.111786 0.0431285
445 0.602701 0.114001 0.0425269
446 0.602701 0.113297 0.0411633
447 0.602701 0.155177 0.0493689
448 0.602701 0.148361 0.0468029
449 0.602701 0.150611 0.0484724
450 0.602701 0.159923 0.053752
451 0.602701 0.165542 0.0523829
452 0.602701 0.153077 0.0507396
453 0.602701 0.117963 0.0463385
454 0.602701 0.114664 0.0438078
455 0.602701 0.141243 0.0483232
456 0.602701 0.150058 0.0491312
457 0.602701 0.11788 0.0435213
458 0.602701 0.110765 0.0420387
459 0.602701 0.133919 0.0462856
460 0.602701 0.125377 0.0425718
461 0.602701 0.159374 0.0490271
462 0.602701 0.128571 0.0443821
463 0.602701 0.164489 0.0490194
464 0.602701 0.182761 0.0518086
465 0.602701 0.166426 0.0472654
466 0.602701 0.145231 0.0468551
467 0.602701 0.140469 0.0437402
468 0.602701 0.1241 0.040286
469 0.602701 0.109599 0.0393732
470 0.602701 0.116443 0.0417197
471 0.602701 0.127626 0.0476805
472 0.602701 0.102422 0.0378319
473 0.602701 0.134544 0.0468324
474 0.602701 0.133881 0.0454334
475 0.602701 0.126404 0.0424149
476 0.602701 0.123696 0.045728
477 0.602701 0.123061 0.0446794
478 0.602701 0.123958 0.0414683
479 0.602701 0.113929 0.0418754
480 0.602701 0.12395 0.0430486
481 0.602701 0.112187 0.0416721
482 0.602701 0.125011 0.0410612
483 0.602701 0.142207 0.0431542
484 0.602701 0.161237 0.0478872
485 0.602701 0.155985 0.0456809
486 0.602701 0.137254 0.0432099
487 0.602701 0.13308 0.0433278
488 0.602701 0.13812 0.0433368
489 0.602701 0.117649 0.0389785
490 0.602701 0.125668 0.0431567
491 0.602701 0.11714 0.0389855
492 0.602701 0.125448 0.0450092
493 0.602701 0.152231 0.0488015
494 0.602701 0.134467 0.0430488
495 0.602701 0.114824 0.0417794
496 0.602701 0.139929 0.0466299
497 0.602701 0.130153 0.0481704
498 0.602701 0.111608 0.042717
499 0.602701 0.130152 0.0485719
500 0.602701 0.115389 0.0405029
501 0.602701 0.121459 0.0443982
502 0.602701 0.135398 0.0462926
503 0.602701 0.149508 0.0490268
504 0.602701 0.139844 0.0467934
505 0.602701 0.137923 0.0443783
506 0.602701 0.106288 0.0371174
507 0.602701 0.127919 0.0440716
508 0.602701 0.136705 0.044334
509 0.602701 0.144864 0.0450751
510 0.602701 0.136128 0.0434732
511 0.602701 0.145736 0.0485198
512 0.602701 0.14147 0.0454544
513 0.602701 0.152386 0.0501335
514 0.602701 0.13219 0.0438525
515 0.602701 0.133707 0.0448283
516 0.602701 0.14998 0.0503145
517 0.602701 0.139892 0.0456877
518 0.602701 0.148945 0.0485917
519 0.602701 0.111855 0.0399756
520 0.602701 0.122489 0.0438883
521 0.602701 0.111064 0.0397747
522 0.602701 0.135115 0.0440607
523 0.602701 0.135946 0.0450956
524 0.602701 0.159852 0.0507794
525 0.602701 0.13844 0.044823
526 0.602701 0.163974 0.0510086
527 0.602701 0.138512 0.0440001
528 0.602701 0.131899 0.0447998
529 0.602701 0.120737 0.0465314
530 0.602701 0.124993 0.0453955
531 0.602701 0.125025 0.0428031
532 0.602701 0.130912 0.0468701
533 0.602701 0.125603 0.0459283
534 0.602701 0.141811 0.0444861
535 0.602701 0.144391 0.0490052
536 0.602701 0.140713 0.0508165
537 0.602701 0.127433 0.0435078
538 0.602701 0.136222 0.0452026
539 0.602701 0.128817 0.0423754
540 0.602701 0.135155 0.0466072
541 0.602701 0.138446 0.0464413
542 0.602701 0.14175 0.0491743
543 0.602701 0.11154 0.0387141
544 0.602701 0.125868 0.0445752
545 0.602701 0.121146 0.0466443
546 0.602701 0.119548 0.0415062
547 0.602701 0.145429 0.0461464
548 0.602701 0.135629 0.0423332
549 0.602701 0.155158 0.0470111
550 0.602701 0.147963 0.045808
551 0.602701 0.133971 0.043158
552 0.602701 0.152298 0.0445966
553 0.602701 0.142112 0.0462188
554 0.602701 0.138565 0.0483107
555 0.602701 0.131204 0.044983
556 0.602701 0.107336 0.040262
557 0.602701 0.107229 0.0414939
558 0.602701 0.121573 0.046074
559 0.602701 0.136014 0.0447317
560 0.602701 0.15008 0.0473793
561 0.602701 0.142934 0.0444068
562 0.602701 0.126492 0.0464121
563 0.602701 0.113932 0.0430082
564 0.602701 0.110089 0.042526
565 0.602701 0.13397 0.0468392
566 0.602701 0.139852 0.0459819
567 0.602701 0.131127 0.0438547
568 0.602701 0.141704 0.0497313
569 0.602701 0.12729 0.044731
570 0.602701 0.145008 0.0454661
571 0.602701 0.118144 0.0388366
572 0.602701 0.133362 0.0445489
573 0.602701 0.146354 0.0504438
574 0.602701 0.141031 0.0502475
575 0.602701 0.146892 0.0524828
576 0.602701 0.141261 0.047583
577 0.602701 0.137955 0.0468203
578 0.602701 0.111573 0.0412363
579 0.602701 0.124559 0.0464078
580 0.602701 0.136585 0.0467091
581 0.602701 0.138872 0.0471128
582 0.602701 0.132455 0.0456154
583 0.602701 0.135133 0.0452382
584 0.602701 0.137772 0.0468901
585 0.602701 0.144416 0.0472416
586 0.602701 0.134838 0.0466649
587 0.602701 0.127122 0.0433966
588 0.602701 0.114009 0.0399793
589 0.602701 0.141852 0.0462776
590 0.602701 0.142747 0.0490505
591 0.602701 0.122109 0.0446415
592 0.602701 0.121961 0.0426886
593 0.602701 0.1281 0.0468613
594 0.602701 0.132793 0.04647
595 0.602701 0.132552 0.0497493
596 0.602701 0.107415 0.0407805
597 0.602701 0.108355 0.0426483
598 0.602701 0.110675 0.0410105
599 0.602701 0.120457 0.0464479
600 0.602701 0.113746 0.0453718
601 0.602701 0.128867 0.0449426
602 0.602701 0.138067 0.0478094
603 0.602701 0.13573 0.0461759
604 0.602701 0.120606 0.0440483
605 0.602701 0.11314 0.0449809
606 0.602701 0.115815 0.0453662
607 0.602701 0.126808 0.0481321
608 0.602701 0.137418 0.0479507
609 0.602701 0.16259 0.050919
610 0.602701 0.136611 0.0444484
611 0.602701 0.136887 0.0458171
612 0.602701 0.142807 0.0485862
613 0.602701 0.1209 0.0447372
614 0.602701 0.120759 0.0425234
615 0.602701 0.131791 0.0432181
616 0.602701 0.144172 0.0464957
617 0.602701 0.145815 0.0475783
618 0.602701 0.142898 0.0459631
619 0.602701 0.136853 0.0472375
620 0.602701 0.140238 0.0472526
621 0.602701 0.130342 0.0450428
622 0.602701 0.135775 0.0438546
623 0.602701 0.132587 0.0479905
624 0.602701 0.116311 0.0406996
625 0.602701 0.132925 0.0428845
626 0.602701 0.150676 0.0422708
627 0.602701 0.167684 0.0501809
628 0.602701 0.139537 0.0450875
629 0.602701 0.122571 0.0438555
630 0.602701 0.149537 0.049137
631 0.602701 0.148328 0.0435322
632 0.602701 0.142782 0.043185
633 0.602701 0.144175 0.0448314
634 0.602701 0.129909 0.0439618
635 0.602701 0.132363 0.0431154
636 0.602701 0.137709 0.0438913
637 0.602701 0.129929 0.0409959
638 0.602701 0.12024 0.0438091
639 0.602701 0.128402 0.0456391
640 0.602701 0.140634 0.0478408
641 0.602701 0.147319 0.0476829
642 0.602701 0.135356 0.0430655
643 0.602701 0.122145 0.0396396
644 0.602701 0.122636 0.0435205
645 0.602701 0.12912 0.0462318
646 0.602701 0.13048 0.0456229
647 0.602701 0.106759 0.0391331
648 0.602701 0.127889 0.0442299
649 0.602701 0.141774 0.0434334
650 0.602701 0.127442 0.0430173
651 0.602701 0.138838 0.0431896
652 0.602701 0.160977 0.0472152
653 0.602701 0.141852 0.0470947
654 0.602701 0.115525 0.0413172
655 0.602701 0.122552 0.0445118
656 0.602701 0.125745 0.0413166
657 0.602701 0.119216 0.0406076
658 0.602701 0.127425 0.0414752
659 0.602701 0.12367 0.0392818
660 0.602701 0.127881 0.0444529
661 0.602701 0.126374 0.0487344
662 0.602701 0.13951 0.0512071
663 0.602701 0.129975 0.0439411
664 0.602701 0.115875 0.0410384
665 0.602701 0.12435 0.0386845
666 0.602701 0.130297 0.0465143
667 0.602701 0.131791 0.0500484
668 0.602701 0.104526 0.0404356
669 0.602701 0.139024 0.0484268
670 0.602701 0.149908 0.0424385
671 0.602701 0.126189 0.0427807
672 0.602701 0.12011 0.043371
673 0.602701 0.12881 0.0448593
674 0.602701 0.120483 0.0428888
675 0.602701 0.136602 0.0447223
676 0.602701 0.144451 0.0430829
677 0.602701 0.152792 0.0493116
678 0.602701 0.152508 0.0450776
679 0.602701 0.171249 0.0505894
680 0.602701 0.150216 0.0477899
681 0.602701 0.140057 0.0455844
682 0.602701 0.135175 0.0405804
683 0.602701 0.130028 0.0430447
684 0.602701 0.140834 0.0474833
685 0.602701 0.159179 0.0510139
686 0.602701 0.141927 0.0483244
687 0.602701 0.115894 0.0395633
688 0.602701 0.116917 0.0430709
689 0.602701 0.126797 0.0473182
690 0.602701 0.136554 0.0471628
691 0.602701 0.137173 0.0446126
692 0.602701 0.134934 0.0436237
693 0.602701 0.157044 0.0505915
694 0.602701 0.145816 0.045514
695 0.602701 0.134549 0.0445037
696 0.602701 0.124277 0.0423125
697 0.602701 0.126362 0.0426555
698 0.602701 0.144856 0.0469906
699 0.602701 0.138899 0.0449041
700 0.602701 0.160215 0.0465571
701 0.602701 0.161201 0.0474109
702 0.602701 0.122103 0.0410459
703 0.602701 0.132614 0.0433906
704 0.602701 0.137713 0.0493089
705 0.602701 0.120745 0.045627
706 0.602701 0.123786 0.0444754
707 0.602701 0.116175 0.0430758
708 0.602701 0.110671 0.0387299
709 0.602701 0.0967126 0.0396137
710 0.602701 0.102587 0.039284
711 0.602701 0.135039 0.0453787
712 0.602701 0.136914 0.0425196
713 0.602701 0.139053 0.043968
714 0.602701 0.135864 0.046996
715 0.602701 0.149904 0.0454834
716 0.602701 0.143325 0.0492712
717 0.602701 0.13796 0.0460175
718 0.602701 0.140962 0.044435
719 0.602701 0.160021 0.0463535
720 0.602701 0.144136 0.0444448
721 0.602701 0.126771 0.0416859
722 0.602701 0.141553 0.0445429
723 0.602701 0.159571 0.0476028
724 0.602701 0.11927 0.0403825
725 0.602701 0.155426 0.0458189
726 0.602701 0.144967 0.0434763
727 0.602701 0.135765 0.0448848
728 0.602701 0.120679 0.0459878
729 0.602701 0.122953 0.0431761
730 0.602701 0.115772 0.0411872
731 0.602701 0.114215 0.0435452
732 0.602701 0.141166 0.0462628
733 0.602701 0.121661 0.040463
734 0.602701 0.121864 0.04199
735 0.602701 0.123225 0.0470702
736 0.602701 0.120071 0.0434088
737 0.602701 0.120616 0.0417438
738 0.602701 0.13624 0.0441946
739 0.602701 0.128203 0.0439697
740 0.602701 0.150488 0.0523691
741 0.602701 0.127119 0.0455836
742 0.602701 0.144923 0.0493392
743 0.602701 0.145848 0.0486913
744 0.602701 0.139025 0.0510461
745 0.602701 0.12809 0.0449113
746 0.602701 0.139552 0.0466135
747 0.602701 0.140376 0.0463755
748 0.602701 0.137362 0.0452421
749 0.602701 0.139853 0.0443114
750 0.602701 0.13665 0.0451376
751 0.602701 0.134528 0.0468197
752 0.602701 0.144709 0.0492154
753 0.602701 0.141292 0.0489479
754 0.602701 0.135928 0.0487219
755 0.602701 0.122854 0.0442695
756 0.602701 0.132602 0.0481249
757 0.602701 0.110035 0.0406819
758 0.602701 0.128351 0.0477043
759 0.602701 0.125696 0.0419156
760 0.602701 0.112824 0.0397244
761 0.602701 0.118255 0.0411457
762 0.602701 0.130611 0.0454668
763 0.602701 0.144113 0.0468781
764 0.602701 0.123731 0.0465907
765 0.602701 0.132101 0.0465557
766 0.602701 0.140589 0.0486047
767 0.602701 0.118966 0.041876
768 0.602701 0.132722 0.0415085
769 0.602701 0.125008 0.0418167
770 0.602701 0.129645 0.0447584
771 0.602701 0.163176 0.0492685
772 0.602701 0.142285 0.0449311
773 0.604334 0.158967 0.0488536
774 0.604334 0.138002 0.0472177
775 0.604334 0.134106 0.0463239
776 0.604334 0.140525 0.0488565
777 0.604334 0.137987 0.0505214
778 0.604334 0.127437 0.0453288
779 0.604334 0.139581 0.0491657
780 0.604334 0.118715 0.043218
781 0.604334 0.149232 0.0494595
782 0.604334 0.120797 0.0459571
783 0.604334 0.0988898 0.038742
784 0.604334 0.118585 0.0472055
785 0.604334 0.121875 0.0437093
786 0.604334 0.130038 0.0449536
787 0.604334 0.141807 0.0468823
788 0.604334 0.141751 0.0495107
789 0.604334 0.13399 0.0492313
790 0.604334 0.140999 0.0497192
791 0.604334 0.10888 0.0417113
792 0.604334 0.116879 0.0412602
793 0.604334 0.131515 0.0464096
794 0.604334 0.111589 0.0401463
795 0.604334 0.106583 0.042681
796 0.604334 0.112373 0.041656
797 0.604334 0.114355 0.0426275
798 0.604334 0.12113 0.042763
799 0.604334 0.125014 0.0459269
800 0.604334 0.105462 0.0392752
801 0.604334 0.105426 0.0387659
802 0.604334 0.12582 0.0424378
803 0.604334 0.135971 0.0466712
804 0.604334 0.120993 0.043039
805 0.604334 0.121951 0.0400578
806 0.604334 0.11547 0.04224
807 0.604334 0.130683 0.0470409
808 0.604334 0.154162 0.0509921
809 0.604334 0.123387 0.044024
810 0.604334 0.124227 0.0412972
811 0.604334 0.126527 0.0423283
812 0.604334 0.126162 0.0481179
813 0.604334 0.136386 0.0476867
814 0.604334 0.145508 0.0459173
815 0.604334 0.119769 0.0436606
816 0.604334 0.150585 0.0513382
817 0.604334 0.173293 0.05593
818 0.604334 0.152828 0.0491281
819 0.604334 0.168374 0.0452122
820 0.604334 0.168743 0.0469186
821 0.604334 0.168089 0.0513546
822 0.604334 0.12566 0.041715
823 0.604334 0.126464 0.0412485
824 0.604334 0.137782 0.0448653
825 0.604334 0.126341 0.0425205
826 0.604334 0.129032 0.0443358
827 0.604334 0.124673 0.0415373
828 0.604334 0.132924 0.0432747
829 0.604334 0.126922 0.0433491
830 0.604334 0.143671 0.0436566
831 0.604334 0.135674 0.0430483
832 0.604334 0.129612 0.0444949
833 0.604334 0.13191 0.0433497
834 0.604334 0.150506 0.0469874
835 0.604334 0.132223 0.0470169
836 0.604334 0.123178 0.0477952
837 0.604334 0.125663 0.0408704
838 0.604334 0.1385 0.0440629
839 0.604334 0.136427 0.0447931
840 0.604334 0.126759 0.045473
841 0.604334 0.117619 0.0441775
842 0.604334 0.111193 0.0407191
843 0.604334 0.114271 0.041285
844 0.604334 0.125163 0.0440259
845 0.604334 0.134834 0.0475228
846 0.604334 0.135514 0.0468264
847 0.604334 0.106642 0.0420825
848 0.604334 0.122488 0.0472543
849 0.604334 0.133052 0.0472895
850 0.604334 0.113519 0.0414824
851 0.604334 0.132161 0.0438018
852 0.604334 0.109089 0.0401485
853 0.604334 0.122439 0.0422714
854 0.604334 0.143266 0.0464295
855 0.604334 0.144162 0.0463636
856 0.604334 0.119707 0.0423669
857 0.604334 0.144667 0.0501856
858 0.604334 0.125533 0.0427227
859 0.604334 0.132428 0.0440614
860 0.604334 0.126353 0.0410953
861 0.604334 0.12522 0.041678
862 0.604334 0.136682 0.046707
863 0.604334 0.152032 0.0492553
864 0.604334 0.148029 0.0476481
865 0.604334 0.118868 0.0435568
866 0.604334 0.11073 0.0427015
867 0.604334 0.109147 0.0371035
868 0.604334 0.12758 0.0434753
869 0.604334 0.113416 0.0422738
870 0.604334 0.116427 0.0408929
871 0.604334 0.119877 0.0408671
872 0.604334 0.136559 0.04379
873 0.604334 0.117842 0.0444389
874 0.604334 0.126061 0.0454415
875 0.604334 0.126255 0.0437083
876 0.604334 0.14553 0.046123
877 0.604334 0.157049 0.0491212
878 0.604334 0.140741 0.0483164
879 0.604334 0.159743 0.0494627
880 0.604334 0.139525 0.045448
881 0.604334 0.143836 0.0469916
882 0.604334 0.149517 0.0442852
883 0.604334 0.142351 0.0463041
884 0.604334 0.137752 0.0438739
885 0.604334 0.135113 0.0467242
886 0.604334 0.137605 0.0454152
887 0.604334 0.123963 0.044233
888 0.604334 0.150904 0.0475063
889 0.604334 0.136308 0.0440413
890 0.604334 0.130919 0.0447896
891 0.604334 0.144869 0.0470945
892 0.604334 0.135499 0.0464682
893 0.604334 0.134521 0.0476148
894 0.604334 0.134871 0.0463613
895 0.604334 0.135783 0.0480013
896 0.604334 0.145587 0.0468002
897 0.604334 0.129792 0.0419369
898 0.604334 0.137528 0.0416657
899 0.604334 0.154706 0.0489512
900 0.604334 0.136987 0.0400803
901 0.604334 0.123337 0.0388312
902 0.604334 0.110577 0.0382913
903 0.604334 0.145328 0.0494282
904 0.604334 0.134726 0.0471899
905 0.604334 0.130104 0.0476952
906 0.604334 0.144391 0.0460881
907 0.604334 0.144023 0.0467878
908 0.604334 0.138024 0.0424669
909 0.604334 0.129885 0.0424764
910 0.604334 0.129972 0.0426018
911 0.604334 0.152975 0.0469946
912 0.604334 0.137583 0.043155
913 0.604334 0.124295 0.0420504
914 0.604334 0.142138 0.0457187
915 0.604334 0.149494 0.0468326
916 0.604334 0.122575 0.0412735
917 0.604334 0.117491 0.040048
918 0.604334 0.150139 0.0467304
919 0.604334 0.155999 0.0451148
920 0.604334 0.148372 0.0443595
921 0.604334 0.138313 0.0462452
922 0.604334 0.161026 0.0484799
923 0.604334 0.137395 0.0449788
924 0.604334 0.152872 0.0487426
925 0.604334 0.18147 0.0520327
926 0.604334 0.147776 0.0433625
927 0.604334 0.161709 0.0470509
928 0.604334 0.152902 0.0504301
929 0.604334 0.137773 0.0455806
930 0.604334 0.142749 0.0469578
931 0.604334 0.150324 0.0472077
932 0.604334 0.153046 0.0486911
933 0.604334 0.144403 0.0465199
934 0.604334 0.152456 0.0468217
935 0.604334 0.137866 0.0452654
936 0.604334 0.13151 0.0431222
937 0.604334 0.137063 0.0436733
938 0.604334 0.14601 0.0450985
939 0.604334 0.138695 0.0468314
940 0.604334 0.157455 0.04907
941 0.604334 0.143161 0.0472717
942 0.604334 0.138455 0.0446905
943 0.604334 0.126897 0.0474334
944 0.604334 0.117291 0.0416167
945 0.604334 0.133742 0.0431783
946 0.604334 0.115737 0.0429019
947 0.604334 0.123966 0.0433135
948 0.604334 0.123755 0.0459718
949 0.604334 0.149112 0.0521665
950 0.604334 0.117612 0.0435957
951 0.604334 0.141119 0.0480898
952 0.604334 0.144608 0.0486424
953 0.604334 0.129861 0.0460248
954 0.604334 0.10775 0.0415902
955 0.604334 0.133354 0.0453121
956 0.604334 0.136044 0.0482445
957 0.604334 0.13805 0.0484666
958 0.604334 0.124113 0.0447392
959 0.604334 0.116967 0.044584
960 0.604334 0.1218 0.0441328
961 0.604334 0.101491 0.0391412
962 0.604334 0.0961662 0.0387892
963 0.604334 0.145319 0.0464535
964 0.604334 0.129009 0.0424737
965 0.604334 0.138395 0.0430091
966 0.604334 0.149402 0.0498419
967 0.604334 0.133228 0.0420212
968 0.604334 0.152079 0.0483777
969 0.604334 0.147202 0.045587
970 0.604334 0.155904 0.0470636
971 0.604334 0.139683 0.0460712
972 0.604334 0.135948 0.0444926
973 0.604334 0.139672 0.0436916
974 0.604334 0.154747 0.0482805
975 0.604334 0.127671 0.0424956
976 0.604334 0.113959 0.0405434
977 0.604334 0.14466 0.0436035
978 0.604334 0.150664 0.046098
979 0.604334 0.138115 0.0415445
980 0.604334 0.144617 0.0441323
981 0.604334 0.143538 0.0443064
982 0.604334 0.147201 0.0434595
983 0.604334 0.126131 0.0405725
984 0.604334 0.119818 0.0434676
985 0.604334 0.136405 0.0466158
986 0.605164 0.128467 0.0444217
987 0.605164 0.135042 0.0482397
988 0.605164 0.135498 0.0494746
989 0.605164 0.123505 0.0454071
990 0.605164 0.110316 0.0416315
991 0.605164 0.113575 0.0408089
992 0.605164 0.142831 0.0490236
993 0.605164 0.135015 0.048576
994 0.605164 0.131517 0.0473636
995 0.605164 0.127354 0.0478178
996 0.605164 0.110456 0.0416973
997 0.605164 0.132987 0.0470382
998 0.605164 0.138097 0.044538
999 0.605164 0.129637 0.0446083
1000 0.605164 0.119935 0.0439587
