0 0.281104 0.0605813 0.0043688
1 0.315521 0.0790705 0.00519408
2 0.378407 0.090856 0.00614988
3 0.378407 0.0949786 0.00598049
4 0.383256 0.102938 0.00633685
5 0.470055 0.118541 0.00759946
6 0.470055 0.119972 0.00973497
7 0.470055 0.122619 0.0126822
8 0.482106 0.135808 0.0171347
9 0.482106 0.128972 0.0172876
10 0.486165 0.134617 0.0201866
11 0.486165 0.136338 0.0211316
12 0.486165 0.131338 0.0197551
13 0.486165 0.122531 0.0213892
14 0.486165 0.132415 0.0225984
15 0.546865 0.137517 0.0263828
15 0.560029 0.0949021 0.0299243
16 0.560029 0.106603 0.033418
17 0.560029 0.104587 0.0319327
18 0.560029 0.118892 0.0367708
19 0.560029 0.148357 0.0391958
20 0.560029 0.121285 0.0389771
21 0.560029 0.10407 0.0343458
22 0.560029 0.136537 0.0392516
23 0.560029 0.138628 0.0370248
24 0.560029 0.139326 0.0398978
25 0.560029 0.130967 0.0398752
26 0.560029 0.121701 0.0368571
27 0.587155 0.161888 0.0434789
28 0.587155 0.157641 0.0439289
29 0.587155 0.137267 0.0388311
30 0.587155 0.159731 0.0421977
31 0.587155 0.186147 0.0429513
32 0.587155 0.2042 0.0484208
33 0.587155 0.171949 0.0457089
34 0.587155 0.177883 0.0448392
35 0.587155 0.215899 0.0447254
36 0.587155 0.201859 0.046512
37 0.587155 0.199058 0.0423429
38 0.587155 0.204584 0.0465641
39 0.587155 0.172521 0.0450654
40 0.587155 0.1802 0.0418076
41 0.587155 0.167613 0.041557
42 0.587155 0.178394 0.0462403
43 0.587155 0.161131 0.0425224
44 0.587155 0.159539 0.0450013
45 0.587155 0.16902 0.0449176
46 0.587155 0.166873 0.0431978
47 0.587155 0.154692 0.0435844
48 0.587155 0.135154 0.0389429
49 0.587155 0.139489 0.0427445
50 0.587155 0.150552 0.0462151
51 0.587155 0.156804 0.0432855
52 0.588016 0.175123 0.0503265
53 0.588016 0.174661 0.0479081
54 0.588016 0.183582 0.0471241
55 0.588016 0.169577 0.0461008
56 0.588016 0.16549 0.049667
57 0.588016 0.19796 0.0486671
58 0.588016 0.189395 0.0443063
59 0.588016 0.161481 0.0470012
60 0.588016 0.178458 0.0502988
61 0.592062 0.177019 0.0483455
62 0.592062 0.200167 0.0478022
63 0.592062 0.193491 0.0482673
64 0.592062 0.171185 0.0454147
65 0.592062 0.175853 0.0471103
66 0.592062 0.192461 0.050752
67 0.592062 0.163164 0.0452662
68 0.592062 0.179854 0.047982
69 0.592062 0.170245 0.0464304
70 0.592062 0.202965 0.0493104
71 0.592062 0.209703 0.0482047
72 0.592062 0.203773 0.0467058
73 0.592062 0.22928 0.0486612
74 0.592062 0.18947 0.0433946
75 0.594232 0.144602 0.0435541
76 0.594232 0.160154 0.0501031
77 0.594232 0.17253 0.0504452
78 0.594232 0.206603 0.0506989
79 0.594232 0.164797 0.0488158
80 0.594232 0.193241 0.0451829
81 0.594232 0.160486 0.044021
82 0.594232 0.174786 0.047625
83 0.594232 0.181179 0.0468101
84 0.594232 0.169354 0.0452409
85 0.59562 0.150989 0.0432034
86 0.59562 0.186809 0.0489679
87 0.59562 0.200058 0.0513875
88 0.59562 0.198211 0.0503692
89 0.59562 0.203239 0.0492681
90 0.59562 0.20237 0.046718
91 0.59562 0.204784 0.0484618
92 0.59562 0.157939 0.0471268
93 0.59562 0.168642 0.0521484
94 0.59562 0.174153 0.0549615
95 0.59562 0.157205 0.0483688
96 0.59562 0.152332 0.0479944
97 0.59562 0.173086 0.047197
98 0.59562 0.141815 0.045007
99 0.59562 0.147119 0.0436462
100 0.59562 0.185057 0.0498845
101 0.59562 0.190065 0.0515595
102 0.59562 0.165441 0.0492956
103 0.59562 0.203772 0.0536673
104 0.59562 0.186785 0.0505751
105 0.59562 0.198821 0.0471801
106 0.59562 0.199384 0.0465641
107 0.59562 0.208627 0.0525356
108 0.59562 0.208864 0.053015
109 0.59562 0.190761 0.0487205
110 0.59562 0.224167 0.0505156
111 0.59562 0.185379 0.0465703
112 0.59562 0.191394 0.052988
113 0.59562 0.164453 0.0450774
114 0.59562 0.18567 0.048573
115 0.597058 0.182994 0.0480281
116 0.597058 0.174196 0.0483109
117 0.597058 0.175709 0.0462088
118 0.597058 0.195811 0.0481565
119 0.597058 0.174037 0.0490567
120 0.597058 0.151025 0.0487343
121 0.597058 0.150101 0.0459726
122 0.597058 0.129782 0.043424
123 0.597058 0.160915 0.0456309
124 0.597058 0.178579 0.0511963
125 0.597058 0.16556 0.0422828
126 0.597058 0.173814 0.0469173
127 0.597058 0.192477 0.0479705
128 0.597058 0.186096 0.0481959
129 0.597058 0.183944 0.0475498
130 0.597058 0.1633 0.0444957
131 0.597058 0.15343 0.0459139
132 0.597058 0.163393 0.0468544
133 0.597058 0.158295 0.0455916
134 0.597058 0.139762 0.0442478
135 0.597058 0.153429 0.0447433
136 0.597058 0.160884 0.0477401
137 0.597058 0.160021 0.0480276
138 0.597058 0.137361 0.0462567
139 0.597058 0.145188 0.0435654
140 0.597058 0.141792 0.0441106
141 0.597058 0.162248 0.0491206
142 0.597058 0.150115 0.0498102
143 0.597058 0.145474 0.0411856
144 0.597058 0.165863 0.0451101
145 0.597058 0.170604 0.0456004
146 0.597058 0.184943 0.0482027
147 0.597058 0.194394 0.0491035
148 0.597058 0.153098 0.0506536
149 0.597058 0.166048 0.0467787
150 0.597058 0.177979 0.0491558
151 0.597058 0.162396 0.049218
152 0.597058 0.190034 0.0519018
153 0.597058 0.167933 0.0489157
154 0.597058 0.203245 0.0511279
155 0.597058 0.192581 0.0514566
156 0.597058 0.174148 0.045105
157 0.597058 0.16983 0.049504
158 0.597058 0.171424 0.0495357
159 0.597058 0.16867 0.0458111
160 0.597058 0.162839 0.0434791
161 0.597058 0.178908 0.0510934
162 0.597058 0.160157 0.0506083
163 0.597058 0.165484 0.0487586
164 0.597058 0.166461 0.0459389
165 0.597058 0.186554 0.0463132
166 0.597058 0.181689 0.0454641
167 0.597058 0.198635 0.0511627
168 0.597058 0.197445 0.0524103
169 0.597058 0.21396 0.0547565
170 0.597058 0.183832 0.0517071
171 0.597058 0.173232 0.0481628
172 0.597058 0.168175 0.0533194
173 0.597058 0.156827 0.0502162
174 0.597058 0.150866 0.0497096
175 0.597058 0.149593 0.0488958
176 0.597058 0.162705 0.050636
177 0.597058 0.20372 0.0548825
178 0.597058 0.165432 0.0470662
179 0.597058 0.166006 0.0490002
180 0.597058 0.192167 0.048719
181 0.597058 0.173389 0.0496839
182 0.597058 0.182333 0.0499225
183 0.597058 0.176544 0.0501747
184 0.597058 0.185163 0.050141
185 0.597058 0.152655 0.0448512
186 0.597058 0.150255 0.0435401
187 0.597058 0.192761 0.0517973
188 0.597058 0.172263 0.0495753
189 0.597058 0.175426 0.0490851
190 0.598358 0.184262 0.050005
191 0.598358 0.175593 0.0496111
192 0.598358 0.164926 0.047903
193 0.598358 0.16589 0.0451223
194 0.598358 0.168605 0.0521878
195 0.598358 0.17755 0.0536698
196 0.598358 0.192803 0.0590197
197 0.598358 0.181038 0.0471608
198 0.598358 0.168949 0.0516179
199 0.598358 0.192215 0.0478816
200 0.598358 0.177378 0.0512022
201 0.598358 0.150217 0.048265
202 0.598358 0.163476 0.0534057
203 0.598358 0.159168 0.04597
204 0.598358 0.147561 0.0433692
205 0.598358 0.159307 0.0489778
206 0.598358 0.170066 0.0494592
207 0.598358 0.160011 0.0478025
208 0.598358 0.172129 0.0479427
209 0.598358 0.164081 0.0485102
210 0.598358 0.179533 0.0488211
211 0.598358 0.161383 0.0454123
212 0.598358 0.165698 0.0440695
213 0.598358 0.173591 0.045637
214 0.598358 0.162863 0.0472083
215 0.598358 0.179326 0.0469749
216 0.598358 0.185257 0.052138
217 0.598358 0.211499 0.0523317
218 0.598358 0.193923 0.0506639
219 0.598358 0.189618 0.051086
220 0.598358 0.178348 0.0458995
221 0.598358 0.169267 0.0503766
222 0.598358 0.192018 0.0538155
223 0.598358 0.193 0.0528339
224 0.598358 0.169539 0.0490813
225 0.598358 0.160796 0.0484383
226 0.598358 0.153567 0.0504863
227 0.598358 0.167793 0.047291
228 0.598358 0.198659 0.0517374
229 0.598358 0.179102 0.0530282
230 0.598358 0.190246 0.0514751
231 0.598358 0.186818 0.0486627
232 0.598358 0.192883 0.0487109
233 0.598358 0.178593 0.0506673
234 0.598358 0.202877 0.0460676
235 0.598358 0.204627 0.0473992
236 0.598358 0.184744 0.0447877
237 0.598358 0.209818 0.0476226
238 0.598358 0.210284 0.0527309
239 0.598358 0.199015 0.049404
240 0.598358 0.19263 0.050456
241 0.598358 0.182171 0.0498757
242 0.598358 0.167146 0.0518602
243 0.598358 0.172172 0.0522569
244 0.598358 0.175224 0.0492602
245 0.598358 0.176087 0.0472698
246 0.598358 0.179698 0.0474357
247 0.598358 0.199989 0.0491436
248 0.598358 0.164925 0.0492464
249 0.598358 0.203457 0.0536647
250 0.598358 0.196326 0.0492531
251 0.598358 0.188792 0.0495443
252 0.598358 0.199789 0.0483614
253 0.598358 0.175862 0.0467861
254 0.598358 0.186383 0.0541991
255 0.598358 0.171427 0.0463126
256 0.598358 0.175082 0.0449173
257 0.598358 0.158686 0.0462813
258 0.598358 0.179673 0.0493266
259 0.598358 0.171027 0.0467948
260 0.598358 0.161384 0.0473517
261 0.598358 0.160931 0.0498358
262 0.598358 0.177515 0.0486252
263 0.598358 0.186538 0.0469084
264 0.598358 0.17118 0.047738
265 0.598358 0.158178 0.0484734
266 0.598358 0.179646 0.0494339
267 0.598358 0.178631 0.0491205
268 0.598358 0.163281 0.0514695
269 0.598358 0.155642 0.0493153
270 0.598358 0.185835 0.0487363
271 0.598358 0.173478 0.0494501
272 0.598358 0.192717 0.0505863
273 0.598358 0.198468 0.0488535
274 0.598358 0.192351 0.0537996
275 0.598358 0.187151 0.0491257
276 0.598358 0.207655 0.0514791
277 0.598358 0.191719 0.049923
278 0.598358 0.189208 0.0506428
279 0.598358 0.140182 0.0424521
280 0.598358 0.168617 0.048985
281 0.598443 0.199146 0.0528955
282 0.598443 0.178612 0.046432
283 0.598443 0.170731 0.049247
284 0.598443 0.175779 0.0486198
285 0.598443 0.149123 0.043303
286 0.598443 0.148389 0.0470455
287 0.598443 0.19434 0.0518042
288 0.598443 0.172103 0.0465183
289 0.598443 0.174243 0.0467086
290 0.598443 0.157141 0.044616
291 0.598443 0.167066 0.0484472
292 0.598443 0.16074 0.0479521
293 0.598949 0.181666 0.0532479
294 0.598949 0.164372 0.0504772
295 0.598949 0.163501 0.0522082
296 0.598949 0.148828 0.0498369
297 0.598949 0.148797 0.0476213
298 0.598949 0.15938 0.0467227
299 0.598949 0.15902 0.0480143
300 0.598949 0.174577 0.049509
301 0.598949 0.160422 0.0520781
302 0.598949 0.153374 0.0484477
303 0.598949 0.149986 0.0467175
304 0.598949 0.178001 0.0522203
305 0.598949 0.166787 0.0526682
306 0.598949 0.205895 0.0522346
307 0.598949 0.18835 0.0506711
308 0.598949 0.187453 0.0493777
309 0.598949 0.178793 0.0485576
310 0.598949 0.196559 0.0523205
311 0.598949 0.201371 0.0553941
312 0.598949 0.191951 0.0514589
313 0.598949 0.182606 0.0498074
314 0.598949 0.179778 0.047762
315 0.598949 0.166834 0.0435195
316 0.598949 0.156776 0.0459824
317 0.598949 0.166555 0.0488333
318 0.599858 0.178752 0.0471127
319 0.599858 0.180063 0.04743
320 0.599858 0.169653 0.0458739
321 0.599858 0.18104 0.0488489
322 0.599858 0.193267 0.0481635
323 0.599858 0.213001 0.0485906
324 0.599858 0.187452 0.0436687
325 0.599858 0.187309 0.047241
326 0.599858 0.189248 0.0430267
327 0.599858 0.203506 0.0496014
328 0.599858 0.176398 0.0486373
329 0.599858 0.153493 0.0432756
330 0.599858 0.15047 0.0454408
331 0.599858 0.16487 0.0521692
332 0.599858 0.16408 0.0502949
333 0.599858 0.189071 0.0482501
334 0.599858 0.160027 0.0462936
335 0.599858 0.18437 0.0497857
336 0.599858 0.146577 0.0468755
337 0.599858 0.159508 0.0485732
338 0.599858 0.147464 0.0423167
339 0.599858 0.126903 0.0423524
340 0.599858 0.144547 0.0471214
341 0.599858 0.123766 0.0427351
342 0.599858 0.127217 0.0466095
343 0.599858 0.125451 0.0412391
344 0.599858 0.144406 0.040618
345 0.599858 0.156321 0.0454393
346 0.599858 0.181585 0.0482881
347 0.599858 0.147659 0.0454819
348 0.599858 0.162918 0.0491466
349 0.599858 0.16656 0.0490776
350 0.599858 0.160962 0.0445591
351 0.599858 0.167871 0.0469073
352 0.599858 0.158278 0.0458236
353 0.599858 0.139338 0.0397925
354 0.599858 0.131773 0.0420762
355 0.599858 0.171242 0.0485539
356 0.599858 0.181749 0.0498196
357 0.599858 0.169643 0.0503361
358 0.599858 0.168762 0.0507851
359 0.599858 0.161967 0.0480653
360 0.599858 0.189949 0.0496776
361 0.599858 0.172599 0.0498699
362 0.599858 0.161383 0.050108
363 0.599858 0.175783 0.0490216
364 0.599858 0.182307 0.0481249
365 0.599858 0.193406 0.0465769
366 0.599858 0.190632 0.0493691
367 0.599858 0.195254 0.0505235
368 0.599858 0.20372 0.049083
369 0.599858 0.203279 0.048895
370 0.599858 0.190609 0.0491943
371 0.599858 0.19269 0.0473078
372 0.599858 0.207116 0.0515509
373 0.599858 0.208813 0.0523077
374 0.599858 0.209316 0.0475349
375 0.599858 0.216802 0.0494021
376 0.599858 0.188085 0.0466552
377 0.599858 0.192404 0.0519877
378 0.599858 0.184828 0.048504
379 0.599858 0.195621 0.0477589
380 0.599858 0.193318 0.0529559
381 0.599858 0.175412 0.0496748
382 0.599858 0.181978 0.0500689
383 0.599858 0.16997 0.0507459
384 0.599858 0.172458 0.0492269
385 0.599858 0.180769 0.0512242
386 0.599858 0.17803 0.0485163
387 0.599858 0.165991 0.0455385
388 0.599858 0.171099 0.044249
389 0.599858 0.197837 0.0515709
390 0.599858 0.224311 0.0469062
391 0.599858 0.175115 0.049351
392 0.599858 0.184143 0.0483842
393 0.599858 0.19783 0.0510612
394 0.599858 0.185186 0.0490129
395 0.599858 0.169383 0.0444601
396 0.599858 0.187403 0.0446669
397 0.599858 0.185149 0.0487325
398 0.599858 0.190654 0.0501892
399 0.599858 0.18763 0.0490922
400 0.599858 0.198193 0.0518761
401 0.599858 0.194642 0.0521929
402 0.599858 0.186867 0.0486179
403 0.599858 0.171982 0.045914
404 0.599858 0.159935 0.0466574
405 0.599858 0.161307 0.0496323
406 0.599858 0.158507 0.0509358
407 0.599858 0.155546 0.0462212
408 0.599858 0.175326 0.0477653
409 0.599858 0.208924 0.0517843
410 0.599858 0.166762 0.044473
411 0.599858 0.197803 0.0495719
412 0.599858 0.187515 0.0466156
413 0.599858 0.195206 0.0449954
414 0.599858 0.172896 0.0477782
415 0.599858 0.178981 0.0461543
416 0.599858 0.17233 0.0502624
417 0.599858 0.187481 0.0528776
418 0.599858 0.201623 0.0542793
419 0.599858 0.201213 0.0474142
420 0.599858 0.220052 0.0530507
421 0.599858 0.176545 0.0493705
422 0.599858 0.166331 0.0489556
423 0.599858 0.151519 0.0472989
424 0.599858 0.172136 0.0525767
425 0.599858 0.180531 0.0474074
426 0.599858 0.174259 0.0464685
427 0.599858 0.160899 0.0450249
428 0.599858 0.174186 0.0499332
429 0.599858 0.18242 0.0488063
430 0.599858 0.177943 0.0502729
431 0.599858 0.157831 0.0443745
432 0.599858 0.189719 0.0485663
433 0.599858 0.147456 0.0482996
434 0.599858 0.145559 0.0442813
435 0.599858 0.172499 0.047801
436 0.599858 0.190927 0.0546718
437 0.599858 0.172003 0.0504435
438 0.599858 0.175506 0.0510249
439 0.599858 0.183843 0.0505388
440 0.599858 0.162663 0.0486741
441 0.599858 0.155963 0.0460965
442 0.599858 0.138269 0.0441063
443 0.599858 0.154334 0.0499893
444 0.599858 0.140089 0.0476523
445 0.599858 0.164768 0.0502692
446 0.599858 0.154681 0.0522781
447 0.599858 0.161115 0.0483328
448 0.599858 0.158524 0.0482198
449 0.599858 0.185983 0.0519892
450 0.599858 0.173444 0.0496622
451 0.599858 0.175418 0.0525609
452 0.599858 0.147744 0.0466413
453 0.599858 0.173837 0.0507123
454 0.599858 0.168321 0.0500909
455 0.599858 0.178461 0.0499845
456 0.599858 0.185493 0.0500089
457 0.599858 0.180861 0.0461563
458 0.599858 0.189354 0.0508287
459 0.599858 0.1917 0.0476305
460 0.599858 0.186987 0.0518937
461 0.599858 0.187342 0.0498512
462 0.599858 0.189155 0.0511045
463 0.599858 0.157165 0.0452212
464 0.599858 0.172284 0.0485242
465 0.599858 0.198839 0.0521732
466 0.599858 0.173592 0.0481697
467 0.599858 0.171943 0.0486892
468 0.599858 0.181243 0.0494452
469 0.599858 0.205734 0.0515486
470 0.599858 0.235099 0.0501369
471 0.599858 0.224483 0.0526075
472 0.599858 0.212539 0.0544263
473 0.599858 0.210398 0.0508517
474 0.599858 0.190157 0.052321
475 0.599858 0.202308 0.0545707
476 0.599858 0.204172 0.0531758
477 0.599858 0.214948 0.0489099
478 0.599858 0.199289 0.0472492
479 0.599858 0.196794 0.0481405
480 0.599858 0.188022 0.0448393
481 0.599858 0.192131 0.0466549
482 0.599858 0.208786 0.0461944
483 0.599858 0.20305 0.0440031
484 0.599858 0.191241 0.0437858
485 0.599858 0.175878 0.0458568
486 0.599858 0.203516 0.050732
487 0.599858 0.246937 0.046585
488 0.599858 0.194508 0.0507007
489 0.599858 0.216861 0.0546327
490 0.599858 0.21877 0.0572561
491 0.599858 0.18945 0.0484749
492 0.599858 0.189433 0.0503824
493 0.599858 0.161114 0.0479479
494 0.599858 0.181738 0.051162
495 0.599858 0.184793 0.0479352
496 0.599858 0.17673 0.0488559
497 0.599858 0.179237 0.0492462
498 0.599858 0.181017 0.0529405
499 0.599858 0.194487 0.0569125
500 0.599858 0.206605 0.0577104
501 0.599858 0.195362 0.0542666
502 0.599858 0.214743 0.0524166
503 0.599858 0.17693 0.0476828
504 0.599858 0.169784 0.0480381
505 0.599858 0.189553 0.04871
506 0.599858 0.202509 0.0509103
507 0.599858 0.180623 0.0513455
508 0.599858 0.168604 0.0460408
509 0.599858 0.17219 0.0466686
510 0.599858 0.155072 0.0451157
511 0.599858 0.187615 0.0489939
512 0.599858 0.184535 0.0526181
513 0.599858 0.163844 0.0445797
514 0.599858 0.168237 0.0485436
515 0.599858 0.20168 0.0539489
516 0.599858 0.1775 0.0488219
517 0.599858 0.191773 0.0531525
518 0.599858 0.159967 0.0438439
519 0.599858 0.153575 0.0454384
520 0.599858 0.18806 0.0543623
521 0.599858 0.168864 0.0446172
522 0.599858 0.190413 0.0461882
523 0.599858 0.187099 0.046261
524 0.599858 0.160911 0.0447459
525 0.599858 0.18239 0.0479564
526 0.599858 0.148362 0.046517
527 0.599858 0.161487 0.047322
528 0.599858 0.175229 0.0531128
529 0.599858 0.153087 0.0462385
530 0.599858 0.166887 0.0480991
531 0.599858 0.16185 0.0438346
532 0.599858 0.157793 0.0484588
533 0.599858 0.162688 0.0517163
534 0.599858 0.171335 0.0519116
535 0.599858 0.164532 0.0474299
536 0.599858 0.184926 0.0528591
537 0.599858 0.150818 0.0481451
538 0.599858 0.157685 0.0476611
539 0.599858 0.170297 0.0449532
540 0.599982 0.181104 0.0473837
541 0.599982 0.179726 0.0423215
542 0.599982 0.169798 0.0473779
543 0.599982 0.173925 0.0497364
544 0.599982 0.177849 0.049739
545 0.599982 0.200033 0.0519331
546 0.60204 0.214301 0.0497828
547 0.60204 0.213263 0.050647
548 0.60204 0.20925 0.0484906
549 0.60204 0.164835 0.0459941
550 0.60204 0.167559 0.0472196
551 0.60204 0.167647 0.0475231
552 0.60204 0.179997 0.0497576
553 0.60204 0.177228 0.0477454
554 0.60204 0.18349 0.052064
555 0.60204 0.192074 0.0506478
556 0.60204 0.200537 0.0489109
557 0.60204 0.186357 0.0452118
558 0.60204 0.203325 0.0512443
559 0.60204 0.160935 0.0452614
560 0.60204 0.175089 0.0455859
561 0.60204 0.191592 0.050845
562 0.60204 0.168297 0.0474818
563 0.60204 0.173988 0.0506019
564 0.60204 0.193859 0.049646
565 0.60204 0.191827 0.0490852
566 0.60204 0.157858 0.0458267
567 0.60204 0.162911 0.0479779
568 0.60204 0.153313 0.0441777
569 0.60204 0.182272 0.0500723
570 0.60204 0.153596 0.0480677
571 0.60204 0.149621 0.0433306
572 0.60204 0.137421 0.0376667
573 0.60204 0.179132 0.050166
574 0.60204 0.166554 0.0497018
575 0.60204 0.183853 0.0513939
576 0.60204 0.201605 0.0521673
577 0.60204 0.171764 0.0463187
578 0.60204 0.171536 0.0434033
579 0.60204 0.159581 0.046137
580 0.60204 0.178757 0.0522768
581 0.60204 0.16401 0.0464002
582 0.60204 0.172162 0.044343
583 0.60204 0.180396 0.0496259
584 0.60204 0.181527 0.0467381
585 0.60204 0.167678 0.0448345
586 0.60204 0.141847 0.0459547
587 0.60204 0.155838 0.0426736
588 0.60204 0.153229 0.0473414
589 0.60204 0.15898 0.0507878
590 0.60204 0.146589 0.0474309
591 0.60204 0.158598 0.0479418
592 0.60204 0.152289 0.0458973
593 0.60204 0.169107 0.047182
594 0.60204 0.161901 0.0505917
595 0.60204 0.179696 0.0563359
596 0.60204 0.167444 0.0545401
597 0.60204 0.146493 0.0477862
598 0.60204 0.137651 0.0429348
599 0.60204 0.147831 0.0462008
600 0.60204 0.139349 0.0441414
601 0.60204 0.153824 0.050102
602 0.60204 0.153673 0.0508277
603 0.60204 0.167513 0.0522997
604 0.60204 0.157638 0.0472951
605 0.60204 0.175802 0.0508295
606 0.60204 0.14434 0.0433163
607 0.60204 0.147191 0.043531
608 0.60204 0.141863 0.0437449
609 0.602285 0.159647 0.0464356
610 0.602285 0.14656 0.0464919
611 0.602668 0.169262 0.0470888
612 0.602668 0.179276 0.048037
613 0.602668 0.191267 0.0458688
614 0.602668 0.189871 0.0476857
615 0.602668 0.197449 0.0479687
616 0.602668 0.185038 0.0444976
617 0.602668 0.175811 0.0473486
618 0.602668 0.162657 0.0427533
619 0.602668 0.165138 0.0459231
620 0.602668 0.18155 0.0521598
621 0.602668 0.160598 0.0412087
622 0.602668 0.158415 0.0440891
623 0.602668 0.158416 0.0442916
624 0.602668 0.166454 0.0473298
625 0.602668 0.153258 0.0452346
626 0.602668 0.192861 0.0559522
627 0.602668 0.175371 0.0503353
628 0.602668 0.189778 0.053093
629 0.602668 0.176218 0.0483544
630 0.602668 0.162653 0.0474894
631 0.602668 0.157927 0.0449974
632 0.602668 0.145541 0.0475807
633 0.602668 0.161588 0.0514017
634 0.602668 0.156183 0.0496383
635 0.602668 0.13302 0.0498022
636 0.602668 0.174234 0.0499326
637 0.602668 0.178676 0.0550996
638 0.602668 0.178772 0.0577173
639 0.602668 0.147698 0.046354
640 0.602668 0.168223 0.0465694
641 0.602668 0.132277 0.044895
642 0.602668 0.141591 0.0457131
643 0.602668 0.158174 0.0528542
644 0.602668 0.176244 0.0532221
645 0.602668 0.165239 0.0493744
646 0.602668 0.164975 0.0478741
647 0.602668 0.154785 0.0461395
648 0.602668 0.171365 0.052472
649 0.602668 0.164742 0.0496187
650 0.602668 0.181615 0.0528349
651 0.602668 0.196199 0.0528101
652 0.602668 0.159054 0.048086
653 0.603356 0.186749 0.052479
654 0.603356 0.171567 0.0526691
655 0.603356 0.145459 0.0455956
656 0.603356 0.186928 0.0484361
657 0.603356 0.160044 0.0428641
658 0.603356 0.172311 0.0442544
659 0.603356 0.167373 0.0491226
660 0.603356 0.170788 0.0531508
661 0.603356 0.16974 0.0510253
662 0.603356 0.163163 0.0461013
663 0.603356 0.158287 0.0444361
664 0.603356 0.150155 0.0462501
665 0.603356 0.134936 0.044264
666 0.603356 0.160991 0.0507588
667 0.603356 0.160282 0.0505189
668 0.603356 0.182417 0.0509504
669 0.603356 0.175136 0.0479265
670 0.603356 0.181173 0.0514381
671 0.603356 0.194883 0.0512691
672 0.603356 0.195443 0.0550767
673 0.603356 0.179144 0.0527404
674 0.603356 0.161675 0.0454649
675 0.603356 0.15698 0.0444321
676 0.603356 0.159772 0.0451251
677 0.603356 0.185511 0.0503666
678 0.603356 0.166732 0.0423526
679 0.603356 0.185222 0.0504842
680 0.603356 0.193599 0.0531937
681 0.603356 0.159895 0.0473846
682 0.603356 0.155253 0.0472974
683 0.603356 0.151127 0.04386
684 0.603356 0.144918 0.0471175
685 0.603356 0.143906 0.0425263
686 0.603356 0.165902 0.0427668
687 0.603356 0.184095 0.0439149
688 0.603356 0.202133 0.0476595
689 0.603356 0.150465 0.0427941
690 0.603356 0.172664 0.0456411
691 0.603356 0.178534 0.045828
692 0.603356 0.17567 0.0426878
693 0.603356 0.178618 0.0476299
694 0.603356 0.160787 0.0457116
695 0.603356 0.177886 0.0432992
696 0.603356 0.188718 0.0494367
697 0.603469 0.204703 0.0493905
698 0.603469 0.194418 0.0473972
699 0.603469 0.176374 0.0519225
700 0.603469 0.206087 0.0554692
701 0.603469 0.170446 0.0475295
702 0.603469 0.176452 0.0488099
703 0.603469 0.183035 0.0474852
704 0.603469 0.172804 0.0479983
705 0.603469 0.18417 0.0528615
706 0.603469 0.192498 0.0534329
707 0.603469 0.202096 0.0513107
708 0.603548 0.193491 0.0539408
709 0.603548 0.172829 0.0504658
710 0.603548 0.179532 0.0536343
711 0.603548 0.193444 0.0516899
712 0.603548 0.182901 0.0524817
713 0.603548 0.168573 0.0486199
714 0.603548 0.179889 0.0499182
715 0.603548 0.175348 0.0501445
716 0.603548 0.158363 0.046554
717 0.603548 0.184423 0.0545556
718 0.603548 0.177582 0.0486873
719 0.603548 0.170467 0.0505668
720 0.603548 0.160674 0.0449283
721 0.604462 0.183061 0.0515093
722 0.604462 0.185319 0.0528447
723 0.604462 0.202035 0.0541857
724 0.604462 0.163616 0.0489455
725 0.604462 0.156677 0.0442056
726 0.604462 0.175957 0.0460189
727 0.604462 0.159879 0.0446213
728 0.604462 0.153836 0.0437719
729 0.604462 0.157385 0.0518425
730 0.604462 0.145309 0.0505534
731 0.604462 0.125874 0.0446897
732 0.604462 0.160779 0.0529464
733 0.604462 0.165287 0.0502769
734 0.604462 0.154881 0.0476646
735 0.604462 0.181292 0.0473546
736 0.604462 0.196888 0.0509264
737 0.604462 0.183859 0.0540774
738 0.604462 0.164952 0.0506196
739 0.604462 0.169839 0.0526967
740 0.604462 0.196417 0.0525993
741 0.604462 0.1835 0.0490531
742 0.604462 0.198073 0.0507388
743 0.604462 0.157833 0.0455134
744 0.604462 0.163984 0.0440226
745 0.604462 0.158343 0.0474346
746 0.604462 0.156826 0.0488047
747 0.604462 0.196448 0.0553351
748 0.604462 0.221447 0.0560781
749 0.604462 0.198073 0.0556924
750 0.604462 0.197682 0.0535772
751 0.604462 0.184118 0.0545629
752 0.604462 0.16039 0.0478026
753 0.604462 0.189339 0.0548443
754 0.604462 0.195257 0.0457653
755 0.604462 0.170242 0.0454199
756 0.604462 0.18313 0.0515223
757 0.604462 0.16906 0.0467986
758 0.604462 0.189589 0.0480936
759 0.604462 0.205045 0.0527176
760 0.604462 0.190354 0.0537247
761 0.604462 0.214394 0.0526601
762 0.604462 0.194484 0.0535405
763 0.604462 0.18778 0.049169
764 0.604462 0.216955 0.0559734
765 0.604462 0.215881 0.0538458
766 0.604462 0.192711 0.0544567
767 0.604462 0.203621 0.0604107
768 0.604462 0.184165 0.0518147
769 0.604462 0.183756 0.0498198
770 0.604462 0.167018 0.0470673
771 0.604462 0.169121 0.0491806
772 0.604462 0.156774 0.0488127
773 0.604462 0.174925 0.0482624
774 0.604462 0.163056 0.0474263
775 0.604462 0.159068 0.0468839
776 0.604462 0.144306 0.0447364
777 0.604462 0.171112 0.0476069
778 0.604462 0.162166 0.0468569
779 0.604462 0.165866 0.0508094
780 0.604462 0.161647 0.0484327
781 0.604462 0.143294 0.0455666
782 0.604462 0.161138 0.0520728
783 0.604462 0.155244 0.0500991
784 0.604663 0.154558 0.0464962
785 0.604663 0.160498 0.0423503
786 0.604663 0.159058 0.0460351
787 0.604663 0.168532 0.0510701
788 0.604663 0.171226 0.0519601
789 0.604663 0.222221 0.0532481
790 0.604663 0.20507 0.0585758
791 0.604663 0.201582 0.0532223
792 0.604663 0.173589 0.0490247
793 0.604663 0.189299 0.0500402
794 0.604663 0.190947 0.0441573
795 0.604663 0.188098 0.0503597
796 0.604663 0.170642 0.0496558
797 0.604663 0.174724 0.0496024
798 0.604663 0.186275 0.0494274
799 0.604663 0.192042 0.0518245
800 0.605175 0.226455 0.0558162
801 0.605175 0.173272 0.0464943
802 0.605175 0.160003 0.0431895
803 0.605175 0.157311 0.0475393
804 0.605175 0.15559 0.0467827
805 0.605175 0.161097 0.0475246
806 0.605175 0.157929 0.0488293
807 0.605175 0.178096 0.0539574
808 0.605175 0.157622 0.0482543
809 0.605175 0.165603 0.0508716
810 0.605175 0.164584 0.0506326
811 0.605175 0.151372 0.0436129
812 0.605175 0.147992 0.0432395
813 0.605175 0.145964 0.0488896
814 0.605175 0.153604 0.0492002
815 0.605175 0.154263 0.0458314
816 0.605175 0.162642 0.0521333
817 0.605175 0.156552 0.0525553
818 0.605175 0.172202 0.0559835
819 0.605175 0.143953 0.0499558
820 0.605175 0.188812 0.055754
821 0.605175 0.180185 0.0548645
822 0.605175 0.189927 0.0530622
823 0.605175 0.176369 0.0520601
824 0.605175 0.168367 0.0457599
825 0.605175 0.164747 0.0476785
826 0.605175 0.178937 0.0538583
827 0.605175 0.16518 0.0469731
828 0.605175 0.169746 0.050456
829 0.605175 0.176458 0.0516315
830 0.605175 0.168052 0.0494967
831 0.605175 0.169284 0.0527834
832 0.605175 0.173823 0.0481938
833 0.605175 0.191219 0.0509917
834 0.605175 0.223504 0.0505079
835 0.605175 0.204508 0.0551091
836 0.605175 0.18482 0.0498307
837 0.605175 0.164584 0.0533918
838 0.605175 0.169865 0.0480625
839 0.605175 0.167324 0.0466812
840 0.605175 0.164718 0.048029
841 0.605175 0.153636 0.0459445
842 0.605175 0.158381 0.0480179
843 0.605175 0.168479 0.0486319
844 0.605175 0.179355 0.0474051
845 0.605175 0.165967 0.0497715
846 0.605175 0.175075 0.0519251
847 0.605175 0.178383 0.0500786
848 0.605175 0.206558 0.0539332
849 0.605175 0.173027 0.052112
850 0.605175 0.170737 0.0442563
851 0.605175 0.16555 0.0471646
852 0.605175 0.17071 0.0499834
853 0.605175 0.168604 0.0472458
854 0.605175 0.169409 0.0528203
855 0.605175 0.167417 0.0486467
856 0.605175 0.161838 0.0491599
857 0.605175 0.166175 0.0520678
858 0.605175 0.188777 0.0535727
859 0.605175 0.160451 0.0491573
860 0.605175 0.177633 0.051758
861 0.605175 0.16265 0.0448603
862 0.605175 0.1973 0.0513202
863 0.605175 0.174217 0.0459718
864 0.605175 0.166339 0.0468104
865 0.605175 0.158864 0.0419463
866 0.605175 0.162748 0.0437472
867 0.605175 0.148712 0.0444999
868 0.605175 0.15842 0.0471393
869 0.605175 0.160133 0.0478308
870 0.605175 0.14248 0.0434633
871 0.605175 0.140454 0.0443962
872 0.605175 0.132608 0.0423482
873 0.605175 0.163802 0.0458868
874 0.605175 0.162491 0.0444048
875 0.605175 0.162607 0.0426376
876 0.605175 0.180515 0.0465158
877 0.605175 0.17687 0.0527833
878 0.605175 0.185695 0.0515747
879 0.605175 0.192418 0.0509452
880 0.605175 0.19923 0.0563208
881 0.605175 0.207763 0.0464459
882 0.605175 0.205222 0.0530502
883 0.605175 0.183191 0.0475884
884 0.605175 0.167664 0.0443505
885 0.605175 0.171035 0.0496348
886 0.605175 0.177422 0.0492008
887 0.605175 0.179355 0.0467053
888 0.605175 0.169766 0.0494944
889 0.605175 0.164373 0.0422241
890 0.605175 0.17176 0.0497163
891 0.605175 0.163758 0.0493002
892 0.605175 0.178192 0.0497196
893 0.605175 0.182652 0.0500576
894 0.605175 0.191771 0.0504459
895 0.605175 0.169972 0.0498996
896 0.605175 0.184171 0.0504242
897 0.605175 0.193301 0.0562266
898 0.605175 0.163984 0.0524151
899 0.605175 0.14126 0.0450274
900 0.605175 0.162567 0.0440484
901 0.605175 0.143018 0.0419007
902 0.605175 0.14786 0.0483489
903 0.605175 0.153663 0.0491034
904 0.605175 0.167953 0.0478505
905 0.605175 0.175121 0.0488347
906 0.605175 0.178535 0.050535
907 0.605175 0.167727 0.0474507
908 0.605175 0.191364 0.0473602
909 0.605175 0.169622 0.0475832
910 0.605175 0.164815 0.0457036
911 0.605175 0.165021 0.0456623
912 0.605175 0.174786 0.0468814
913 0.605175 0.16954 0.0476527
914 0.605175 0.139905 0.0433518
915 0.605175 0.159642 0.0496747
916 0.605175 0.165408 0.0537795
917 0.605175 0.161742 0.0461637
918 0.605175 0.148027 0.0459601
919 0.605175 0.159075 0.0453258
920 0.605175 0.205311 0.0495535
921 0.605175 0.183093 0.0483088
922 0.605175 0.159566 0.0441586
923 0.605175 0.17414 0.0497521
924 0.605175 0.177296 0.0478356
925 0.605175 0.172349 0.0468789
926 0.605175 0.16892 0.0483227
927 0.605175 0.171088 0.0467996
928 0.605175 0.154912 0.0464727
929 0.605175 0.158939 0.0468402
930 0.605175 0.181925 0.0473129
931 0.605175 0.175422 0.0452135
932 0.605175 0.168156 0.0451784
933 0.605175 0.166742 0.0481698
934 0.605175 0.143115 0.0422423
935 0.605175 0.163552 0.0451637
936 0.605175 0.167424 0.0464416
937 0.605175 0.140746 0.042859
938 0.605175 0.161458 0.0484653
939 0.605175 0.185803 0.0480822
940 0.605175 0.167422 0.0470709
941 0.605175 0.174557 0.0442667
942 0.605175 0.183547 0.0502284
943 0.605175 0.169466 0.0492399
944 0.605175 0.199389 0.0513129
945 0.605175 0.189337 0.0504442
946 0.605175 0.194811 0.0553273
947 0.605175 0.185495 0.0536257
948 0.605175 0.177569 0.0515222
949 0.605175 0.188093 0.052723
950 0.605175 0.166962 0.0485035
951 0.605175 0.182134 0.0507847
952 0.605175 0.162495 0.0489193
953 0.605175 0.190961 0.0492504
954 0.605175 0.169486 0.0488075
955 0.605175 0.171529 0.043672
956 0.605175 0.17536 0.0480192
957 0.605175 0.165802 0.0430252
958 0.605175 0.18061 0.0500766
959 0.605175 0.170256 0.0456997
960 0.605175 0.158257 0.0452804
961 0.605175 0.185946 0.0518161
962 0.605175 0.179187 0.0478973
963 0.605175 0.203101 0.0543489
964 0.605175 0.194399 0.0489455
965 0.605175 0.188424 0.051347
966 0.605175 0.18622 0.0468145
967 0.605175 0.191332 0.0468986
968 0.605175 0.175955 0.0451567
969 0.605175 0.183773 0.0488721
970 0.605175 0.174376 0.0490529
971 0.605175 0.161413 0.0471999
972 0.605175 0.163873 0.0454619
973 0.605175 0.181011 0.0438569
974 0.605175 0.185989 0.0460299
975 0.605175 0.172975 0.0465854
976 0.605175 0.184668 0.0487038
977 0.605175 0.187076 0.0528681
978 0.605175 0.181635 0.0505787
979 0.605175 0.170515 0.0479632
980 0.605175 0.191289 0.0464666
981 0.605175 0.184645 0.0488912
982 0.605175 0.176635 0.044602
983 0.605175 0.187166 0.0506886
984 0.605175 0.185848 0.0468973
985 0.605175 0.178893 0.0478656
986 0.605175 0.17633 0.0472871
987 0.605175 0.180119 0.0443896
988 0.605175 0.171724 0.0469517
989 0.605175 0.171992 0.0401901
990 0.605175 0.153284 0.0467015
991 0.605175 0.158038 0.0470137
992 0.605175 0.165978 0.0474724
993 0.605175 0.164771 0.047032
994 0.605175 0.1364 0.0446163
995 0.605175 0.140129 0.045175
996 0.605175 0.146581 0.0449421
997 0.605175 0.149733 0.045743
998 0.605175 0.155011 0.0464798
999 0.605175 0.137093 0.0460903
1000 0.605175 0.116862 0.0409436
