0 0.125261 0.0766056 0.00372522
1 0.125261 0.0815231 0.00357107
2 0.125272 0.0826419 0.00354042
3 0.125272 0.0785191 0.0036231
4 0.125272 0.084428 0.00343158
5 0.125275 0.0877874 0.00329185
6 0.125275 0.0874003 0.00324651
7 0.499365 0.0991513 0.00445779
8 0.499365 0.106379 0.00390085
9 0.499365 0.107907 0.00373802
10 0.499365 0.113004 0.0032345
11 0.499365 0.111575 0.00339276
12 0.499365 0.113291 0.00318871
13 0.499365 0.115194 0.00303689
14 0.499365 0.122808 0.00215903
15 0.499365 0.116714 0.00390501
16 0.499365 0.115515 0.00402791
17 0.499365 0.118088 0.00412984
18 0.531789 0.128389 0.00591967
18 0.546383 0.0201288 0.00832741
19 0.546383 0.0300983 0.0117535
20 0.546383 0.0434929 0.0163977
21 0.546383 0.0467019 0.0169635
22 0.546383 0.0651292 0.022942
23 0.546383 0.0680608 0.0247161
24 0.546383 0.0871087 0.0320653
25 0.546383 0.0822984 0.0306258
26 0.546383 0.0775558 0.0297384
27 0.554124 0.0844434 0.0324489
28 0.554124 0.0812729 0.0305127
29 0.554124 0.0960019 0.0347116
30 0.55941 0.100984 0.0368821
31 0.55941 0.09105 0.034675
32 0.55941 0.110066 0.041256
33 0.55941 0.0888164 0.0345798
34 0.55941 0.0989546 0.0357314
35 0.55941 0.113212 0.0400723
36 0.55941 0.116576 0.0403308
37 0.55941 0.12549 0.0408345
38 0.565579 0.0926768 0.0332572
39 0.565579 0.107183 0.0339828
40 0.565579 0.113947 0.0393771
41 0.565579 0.0827109 0.033127
42 0.587866 0.096305 0.0388066
43 0.587866 0.109297 0.0421333
44 0.587866 0.127602 0.0462935
45 0.587866 0.101266 0.0376433
46 0.587866 0.117331 0.0409643
47 0.587866 0.110867 0.0414708
48 0.587866 0.112931 0.041059
49 0.587866 0.112641 0.0396766
50 0.587866 0.116552 0.0419339
51 0.587866 0.126997 0.0402821
52 0.587866 0.141076 0.0443088
53 0.587866 0.108383 0.0406048
54 0.587866 0.107905 0.0381148
55 0.587866 0.128709 0.0416184
56 0.587866 0.0968683 0.0366034
57 0.588336 0.106654 0.0388828
58 0.588336 0.103853 0.0405322
59 0.595982 0.12173 0.0452973
60 0.595982 0.122478 0.0454046
61 0.595982 0.127574 0.0452941
62 0.595982 0.114446 0.0428159
63 0.595982 0.114479 0.0413068
64 0.595982 0.140102 0.0451152
65 0.595982 0.137705 0.0449047
66 0.595982 0.1261 0.0426201
67 0.595982 0.128156 0.0423324
68 0.595982 0.142439 0.0443302
69 0.595982 0.143499 0.0478961
70 0.595982 0.139319 0.0456939
71 0.595982 0.146695 0.0471313
72 0.595982 0.149755 0.0470888
73 0.595982 0.125051 0.045634
74 0.595982 0.124561 0.0470609
75 0.595982 0.124132 0.0443492
76 0.595982 0.124956 0.0421968
77 0.595982 0.115124 0.0398875
78 0.595982 0.109635 0.038593
79 0.595982 0.101758 0.0399327
80 0.595982 0.101352 0.0393517
81 0.595982 0.120115 0.0439821
82 0.595982 0.133028 0.0452417
83 0.595982 0.1353 0.049218
84 0.595982 0.11373 0.0422464
85 0.595982 0.117318 0.04322
86 0.595982 0.119775 0.0422575
87 0.595982 0.14366 0.0486124
88 0.595982 0.12437 0.0418633
89 0.595982 0.129481 0.0450465
90 0.595982 0.135676 0.045573
91 0.595982 0.117088 0.0426714
92 0.595982 0.145781 0.0471417
93 0.595982 0.12797 0.0467523
94 0.595982 0.124565 0.0448696
95 0.600416 0.125625 0.0464224
96 0.600416 0.120476 0.0437149
97 0.600416 0.132725 0.0484906
98 0.600416 0.122151 0.0422903
99 0.600416 0.137335 0.0491904
100 0.600416 0.132871 0.0473913
101 0.600416 0.112714 0.0413202
102 0.600416 0.116952 0.0428609
103 0.600416 0.117893 0.0439026
104 0.600416 0.133616 0.0468945
105 0.600416 0.117915 0.0450437
106 0.600416 0.118758 0.0454924
107 0.600416 0.111671 0.040544
108 0.600416 0.0989702 0.0385383
109 0.600416 0.0981325 0.0387181
110 0.600416 0.121664 0.0439365
111 0.600416 0.11929 0.0439361
112 0.600416 0.142012 0.0474874
113 0.600416 0.149987 0.0471197
114 0.600416 0.138514 0.048305
115 0.600416 0.134491 0.047432
116 0.600416 0.127232 0.0441882
117 0.600416 0.107952 0.0378753
118 0.600416 0.135327 0.0484872
119 0.600416 0.134986 0.0496874
120 0.600416 0.115288 0.0400137
121 0.600416 0.138758 0.0447562
122 0.600416 0.128497 0.04457
123 0.600416 0.1184 0.0400809
124 0.600416 0.116686 0.0445899
125 0.600416 0.115668 0.0429482
126 0.600416 0.113223 0.0409781
127 0.600416 0.132736 0.0469046
128 0.600416 0.124283 0.0443878
129 0.600416 0.145008 0.0458498
130 0.60652 0.135168 0.0453737
131 0.60652 0.113853 0.0396783
132 0.60652 0.141415 0.0483139
133 0.60652 0.127461 0.0475332
134 0.60652 0.120934 0.0469069
135 0.60652 0.12231 0.0444161
136 0.60652 0.154512 0.0484225
137 0.60652 0.152774 0.0490513
138 0.60652 0.137535 0.0458967
139 0.60652 0.129556 0.0460334
140 0.60652 0.143503 0.0497835
141 0.60652 0.140116 0.0439881
142 0.60652 0.114662 0.0403471
143 0.60652 0.122384 0.041408
144 0.60652 0.111668 0.0408426
145 0.60652 0.129758 0.0480771
146 0.60652 0.11752 0.0422613
147 0.60652 0.133914 0.0430875
148 0.60652 0.162078 0.0548999
149 0.60652 0.137745 0.0513931
150 0.60652 0.126536 0.0463311
151 0.60652 0.136475 0.0477729
152 0.60652 0.126922 0.0452918
153 0.60652 0.133329 0.045896
154 0.60652 0.122201 0.0432641
155 0.60652 0.13615 0.0517814
156 0.60652 0.11492 0.0463514
157 0.60652 0.123035 0.0444206
158 0.60652 0.124845 0.0437678
159 0.60652 0.139451 0.0470293
160 0.60652 0.122528 0.0455568
161 0.60652 0.107467 0.0406736
162 0.60652 0.128639 0.0413527
163 0.60652 0.128301 0.0478454
164 0.60652 0.150722 0.050804
165 0.60652 0.145939 0.0497616
166 0.60652 0.133997 0.04851
167 0.60652 0.1323 0.0469413
168 0.60652 0.145032 0.0525378
169 0.60652 0.122038 0.0451411
170 0.60652 0.120635 0.0464385
171 0.60652 0.126305 0.0479175
172 0.60652 0.114243 0.0441135
173 0.60652 0.126807 0.0454383
174 0.60652 0.129207 0.0442965
175 0.60652 0.132856 0.045319
176 0.60652 0.143656 0.0491377
177 0.60652 0.134213 0.0455595
178 0.60652 0.142107 0.0472568
179 0.60652 0.170386 0.0530129
180 0.60652 0.129802 0.0476894
181 0.60652 0.138331 0.046348
182 0.60652 0.127993 0.0446422
183 0.60652 0.137248 0.0491348
184 0.60652 0.11954 0.0453671
185 0.60652 0.137867 0.0476241
186 0.60652 0.130493 0.0487984
187 0.60652 0.105212 0.0419167
188 0.60652 0.131623 0.0475984
189 0.60652 0.121608 0.0458733
190 0.60652 0.121236 0.045919
191 0.60652 0.103636 0.0392065
192 0.60652 0.0788961 0.034616
193 0.60652 0.113808 0.0458478
194 0.60652 0.114856 0.0450138
195 0.60652 0.112987 0.0440458
196 0.60652 0.0932199 0.0394568
197 0.60652 0.103251 0.0432442
198 0.60652 0.12269 0.0449571
199 0.60652 0.11699 0.0443649
200 0.60652 0.128487 0.0476772
201 0.60652 0.131317 0.0484603
202 0.60652 0.128457 0.0469573
203 0.60652 0.12591 0.0471449
204 0.60652 0.12787 0.0465243
205 0.60652 0.112226 0.0423662
206 0.60652 0.131896 0.0454834
207 0.60652 0.106852 0.0394561
208 0.60652 0.105611 0.0375409
209 0.60652 0.131043 0.0480552
210 0.60652 0.128727 0.0460207
211 0.60652 0.145588 0.0458119
212 0.60652 0.138095 0.0443563
213 0.60652 0.131213 0.047317
214 0.60652 0.130237 0.0501069
215 0.60652 0.126545 0.0471479
216 0.60652 0.1135 0.0426693
217 0.60652 0.122057 0.0472402
218 0.60652 0.119569 0.0424481
219 0.60652 0.112857 0.0413269
220 0.60652 0.108635 0.0434796
221 0.60652 0.111193 0.0426016
222 0.60652 0.123101 0.0442682
223 0.60652 0.115766 0.0426585
224 0.60652 0.10787 0.0432262
225 0.60652 0.107448 0.0419998
226 0.60652 0.125183 0.0466007
227 0.60652 0.11932 0.0466619
228 0.60652 0.131498 0.0483178
229 0.60652 0.109995 0.0435123
230 0.60652 0.111484 0.0437111
231 0.60652 0.117827 0.0464003
232 0.60652 0.12368 0.0486642
233 0.60652 0.131861 0.0480883
234 0.60652 0.117808 0.0446557
235 0.60652 0.114428 0.0440197
236 0.60652 0.0900366 0.0366413
237 0.60652 0.0986504 0.0410615
238 0.60652 0.107691 0.0408806
239 0.60652 0.138262 0.0499502
240 0.60652 0.131179 0.0462851
241 0.60652 0.104823 0.0429741
242 0.60652 0.109997 0.044724
243 0.60652 0.101823 0.0407797
244 0.60652 0.100905 0.0400809
245 0.60652 0.102105 0.0412845
246 0.60652 0.106539 0.0424887
247 0.60652 0.106726 0.042117
248 0.60652 0.131982 0.0446481
249 0.60652 0.11491 0.0401952
250 0.60652 0.147802 0.0463441
251 0.60652 0.140868 0.0454161
252 0.60652 0.131328 0.0484957
253 0.60652 0.130383 0.0472352
254 0.60652 0.138442 0.0483496
255 0.608182 0.155371 0.0513441
256 0.608182 0.148088 0.0484536
257 0.608182 0.138303 0.0486436
258 0.608182 0.151219 0.0553343
259 0.608182 0.143426 0.0515572
260 0.608182 0.112937 0.0431761
261 0.608182 0.12502 0.0465293
262 0.608182 0.123407 0.0482071
263 0.608182 0.1273 0.047616
264 0.608182 0.116133 0.0450519
265 0.608182 0.111552 0.0444969
266 0.608182 0.123327 0.0469241
267 0.608182 0.114389 0.0433444
268 0.608182 0.131028 0.046539
269 0.608182 0.104282 0.0413272
270 0.608182 0.10893 0.0410094
271 0.608182 0.103176 0.0393064
272 0.608182 0.104149 0.0426815
273 0.608182 0.103255 0.04324
274 0.608182 0.110289 0.0462271
275 0.608182 0.108161 0.0449881
276 0.608182 0.131861 0.0493285
277 0.608182 0.11412 0.0461869
278 0.608182 0.112709 0.0448209
279 0.608182 0.153795 0.0564286
280 0.608182 0.105778 0.0413481
281 0.608182 0.113863 0.0436667
282 0.608182 0.136204 0.0490922
283 0.608182 0.133197 0.045522
284 0.608182 0.128868 0.046356
285 0.608182 0.126948 0.0444121
286 0.608182 0.123843 0.044605
287 0.608182 0.139201 0.0504049
288 0.608182 0.13541 0.0479709
289 0.608182 0.113853 0.0421073
290 0.608182 0.118773 0.0448181
291 0.608182 0.103377 0.04156
292 0.608182 0.113279 0.046803
293 0.608182 0.113515 0.0465587
294 0.608182 0.111155 0.0447568
295 0.608182 0.107469 0.0413418
296 0.608182 0.0996444 0.0426164
297 0.608182 0.118246 0.0420361
298 0.608182 0.124968 0.0465814
299 0.608182 0.118488 0.0450353
300 0.608182 0.13745 0.0485374
301 0.608182 0.136285 0.0489245
302 0.608182 0.145919 0.0518376
303 0.608182 0.136675 0.0469757
304 0.608182 0.107559 0.0407682
305 0.608182 0.116558 0.0426971
306 0.608182 0.132906 0.0461858
307 0.608182 0.116697 0.043938
308 0.608182 0.106836 0.0412616
309 0.608182 0.123411 0.0431459
310 0.608182 0.129704 0.0502646
311 0.608182 0.120128 0.0453043
312 0.608182 0.105322 0.0453185
313 0.608182 0.115398 0.0474352
314 0.608182 0.114581 0.0473847
315 0.608182 0.112168 0.0454155
316 0.608182 0.0890344 0.035834
317 0.608182 0.091327 0.0380291
318 0.608182 0.104753 0.0400304
319 0.608182 0.117559 0.0454872
320 0.608182 0.114527 0.0411442
321 0.608182 0.126705 0.0462901
322 0.608182 0.131657 0.0480013
323 0.608182 0.113077 0.0424287
324 0.608182 0.113831 0.0424574
325 0.608182 0.0973132 0.040874
326 0.608182 0.0982195 0.0395471
327 0.608182 0.109296 0.0449032
328 0.608182 0.128261 0.0529857
329 0.611131 0.117789 0.0477307
330 0.611131 0.113588 0.0453688
331 0.611131 0.109223 0.0494234
332 0.611131 0.127704 0.0517914
333 0.611131 0.115289 0.0471666
334 0.611131 0.114689 0.0459611
335 0.611131 0.13553 0.0516707
336 0.611131 0.121547 0.0498378
337 0.611131 0.105543 0.0465587
338 0.611131 0.128045 0.0493467
339 0.611131 0.123701 0.0479615
340 0.611131 0.142997 0.0529116
341 0.611131 0.131629 0.0519529
342 0.611131 0.160402 0.0552739
343 0.611131 0.130279 0.0482127
344 0.611191 0.144141 0.0553259
345 0.611191 0.129756 0.047884
346 0.611191 0.149775 0.0528557
347 0.611503 0.128206 0.0464992
348 0.611503 0.137777 0.0470424
349 0.611503 0.124688 0.0442675
350 0.611503 0.134115 0.0485093
351 0.611503 0.128359 0.0455606
352 0.611503 0.114103 0.0443204
353 0.611503 0.117579 0.0456288
354 0.611503 0.124857 0.0443964
355 0.611503 0.132389 0.0455447
356 0.611503 0.12161 0.0435436
357 0.611503 0.136617 0.050757
358 0.611503 0.128785 0.049242
359 0.611503 0.133439 0.0492538
360 0.611503 0.119561 0.0455884
361 0.611503 0.103773 0.0418589
362 0.611503 0.112894 0.0441691
363 0.611503 0.106719 0.0460483
364 0.611503 0.0886683 0.041482
365 0.611503 0.125648 0.0482795
366 0.611503 0.105297 0.0443112
367 0.611503 0.119292 0.0507849
368 0.611503 0.120046 0.0438359
369 0.611503 0.117978 0.0446309
370 0.611503 0.1299 0.0485902
371 0.611503 0.113158 0.0456011
372 0.611503 0.140203 0.0550305
373 0.611503 0.142389 0.0491253
374 0.611503 0.127681 0.0474068
375 0.611503 0.140892 0.0514943
376 0.611503 0.140386 0.0518132
377 0.611503 0.142678 0.0496899
378 0.611503 0.128511 0.0494943
379 0.611503 0.125725 0.0472958
380 0.611503 0.0995348 0.0405444
381 0.611503 0.117931 0.0459672
382 0.611503 0.114574 0.0463458
383 0.611503 0.126469 0.0474403
384 0.611503 0.116892 0.0469958
385 0.611503 0.112072 0.0427478
386 0.611503 0.120746 0.0461434
387 0.611503 0.137183 0.0516549
388 0.611503 0.128409 0.0523238
389 0.611503 0.0967216 0.0441561
390 0.611503 0.126741 0.0500921
391 0.611503 0.113247 0.0428796
392 0.611503 0.137775 0.0487726
393 0.611503 0.135898 0.0492476
394 0.611503 0.126945 0.053182
395 0.611503 0.127171 0.0493587
396 0.611503 0.111016 0.0433884
397 0.611503 0.128267 0.0484044
398 0.611503 0.131171 0.0487983
399 0.611503 0.114898 0.0467319
400 0.611503 0.113963 0.0463119
401 0.611503 0.117189 0.0467719
402 0.611503 0.12162 0.0498621
403 0.611503 0.120141 0.0457578
404 0.611503 0.120384 0.0449875
405 0.611503 0.131475 0.0491045
406 0.611503 0.122389 0.0490403
407 0.611503 0.122558 0.0447017
408 0.611503 0.115595 0.0421545
409 0.611503 0.123035 0.0407692
410 0.611503 0.121763 0.0435538
411 0.611503 0.123933 0.0459153
412 0.611503 0.120674 0.048571
413 0.611503 0.144825 0.0554228
414 0.611503 0.124129 0.0469562
415 0.611503 0.152599 0.0523144
416 0.611503 0.124487 0.0501545
417 0.611503 0.119232 0.0483667
418 0.612116 0.117129 0.0502533
419 0.612116 0.114657 0.044883
420 0.612116 0.145787 0.0556974
421 0.612116 0.140705 0.0508032
422 0.612116 0.132247 0.046966
423 0.612116 0.136092 0.0507068
424 0.612116 0.139756 0.0482333
425 0.612116 0.121181 0.0451473
426 0.612116 0.132138 0.0492057
427 0.612116 0.133261 0.0440863
428 0.612116 0.114689 0.0460658
429 0.612116 0.109857 0.04599
430 0.612116 0.124978 0.04825
431 0.612116 0.141944 0.0554425
432 0.612116 0.131424 0.0501573
433 0.612116 0.114858 0.0494396
434 0.612116 0.101301 0.0435501
435 0.612116 0.113475 0.0489
436 0.612116 0.120886 0.0476503
437 0.612116 0.0947985 0.0394604
438 0.612116 0.122829 0.0457769
439 0.612116 0.125153 0.0483693
440 0.612116 0.130717 0.0474291
441 0.612116 0.119716 0.0474693
442 0.612116 0.131938 0.0536022
443 0.612116 0.131113 0.049346
444 0.612116 0.140032 0.05111
445 0.612116 0.145819 0.0538062
446 0.612116 0.122912 0.0498985
447 0.612116 0.125282 0.04871
448 0.612116 0.130073 0.0472005
449 0.612116 0.123801 0.0468353
450 0.612116 0.133551 0.050285
451 0.612116 0.098387 0.0401801
452 0.612116 0.117096 0.0440336
453 0.612116 0.125693 0.0466288
454 0.612116 0.11263 0.0431072
455 0.612116 0.115154 0.0473866
456 0.612116 0.11845 0.0473949
457 0.612116 0.133734 0.0522478
458 0.612116 0.14375 0.0513052
459 0.612116 0.140696 0.0507463
460 0.612116 0.130045 0.0478718
461 0.612116 0.146134 0.051296
462 0.612116 0.133603 0.0514428
463 0.612116 0.120363 0.0470852
464 0.612116 0.123262 0.047825
465 0.612116 0.130872 0.049528
466 0.612116 0.130228 0.043341
467 0.612116 0.127209 0.0482831
468 0.612116 0.149602 0.0505182
469 0.612116 0.145519 0.0533636
470 0.612116 0.139568 0.0481463
471 0.612116 0.113759 0.0447751
472 0.612116 0.129589 0.050073
473 0.612116 0.126867 0.0466506
474 0.612116 0.15764 0.0524796
475 0.612116 0.136428 0.0491354
476 0.612116 0.164958 0.0547783
477 0.612116 0.140698 0.0498871
478 0.612116 0.108857 0.0421629
479 0.612116 0.131919 0.0493367
480 0.612116 0.136589 0.051668
481 0.612116 0.125377 0.048179
482 0.612116 0.107345 0.0442904
483 0.612116 0.123534 0.0468154
484 0.612116 0.110616 0.0446979
485 0.612116 0.120583 0.0477124
486 0.612116 0.126143 0.0523621
487 0.612116 0.125012 0.0452568
488 0.612116 0.144469 0.0494737
489 0.612116 0.148835 0.0507925
490 0.612116 0.141378 0.0545943
491 0.612116 0.128062 0.0490073
492 0.612116 0.142973 0.05196
493 0.612116 0.140302 0.050537
494 0.612116 0.134448 0.0459049
495 0.612116 0.142072 0.0519082
496 0.612116 0.140323 0.0500404
497 0.612116 0.138349 0.0471988
498 0.612116 0.138038 0.0448861
499 0.612116 0.124988 0.0461438
500 0.612116 0.137424 0.0529759
501 0.612116 0.126035 0.0501244
502 0.612116 0.15039 0.0554079
503 0.612116 0.114195 0.0446826
504 0.612116 0.123178 0.05023
505 0.612116 0.116734 0.0439664
506 0.612116 0.120056 0.046246
507 0.612116 0.13443 0.0490603
508 0.612116 0.129283 0.0481546
509 0.612116 0.162662 0.0563981
510 0.612116 0.158039 0.0537895
511 0.612116 0.150304 0.0524288
512 0.612116 0.143866 0.0485929
513 0.612116 0.131717 0.0481382
514 0.612116 0.138729 0.0507209
515 0.612116 0.151552 0.0537005
516 0.612116 0.142931 0.0511093
517 0.612116 0.154641 0.0522424
518 0.612116 0.153288 0.0487864
519 0.612116 0.145052 0.0523964
520 0.612116 0.11847 0.0442531
521 0.612116 0.139641 0.0497311
522 0.612116 0.150051 0.0517675
523 0.612116 0.143633 0.0525732
524 0.612116 0.126143 0.0461979
525 0.612116 0.128182 0.0484277
526 0.612116 0.139037 0.0486545
527 0.612116 0.152047 0.0501076
528 0.612116 0.160743 0.0487421
529 0.612116 0.138248 0.0459647
530 0.612116 0.147055 0.048634
531 0.612116 0.15105 0.0490774
532 0.612116 0.163594 0.0553266
533 0.612116 0.143436 0.0489914
534 0.612116 0.123608 0.0454914
535 0.612116 0.127641 0.0459965
536 0.612116 0.134512 0.0482463
537 0.612116 0.141985 0.0500243
538 0.612116 0.127911 0.0455663
539 0.612243 0.123848 0.0463732
540 0.612243 0.125793 0.04697
541 0.612243 0.122768 0.044969
542 0.612243 0.146347 0.0490753
543 0.612243 0.14737 0.049584
544 0.612243 0.147984 0.0473125
545 0.612243 0.1653 0.0530015
546 0.612243 0.148183 0.0501102
547 0.612243 0.152771 0.0498786
548 0.612243 0.134454 0.0456264
549 0.612243 0.118798 0.0425079
550 0.612243 0.132358 0.0468573
551 0.612243 0.130519 0.0466237
552 0.612243 0.120585 0.0461169
553 0.612243 0.12683 0.0470913
554 0.612243 0.1188 0.0454244
555 0.612243 0.129757 0.0478029
556 0.612243 0.147633 0.0506719
557 0.612243 0.102249 0.0420263
558 0.612243 0.116996 0.0446462
559 0.612243 0.127494 0.0485248
560 0.612243 0.129004 0.04957
561 0.612243 0.117699 0.0435738
562 0.612243 0.117907 0.0446142
563 0.612243 0.132641 0.0498625
564 0.612243 0.124669 0.0483658
565 0.612243 0.14022 0.0528766
566 0.612243 0.14095 0.0487006
567 0.612243 0.118039 0.0455665
568 0.612243 0.129472 0.0484309
569 0.612243 0.121925 0.0483749
570 0.612243 0.128909 0.0476468
571 0.612243 0.135142 0.0516117
572 0.612243 0.162725 0.0543969
573 0.612243 0.144681 0.0527674
574 0.612243 0.113697 0.0443959
575 0.612243 0.1435 0.0481881
576 0.612243 0.137875 0.0487167
577 0.612243 0.122873 0.0451672
578 0.612243 0.110535 0.0429066
579 0.612243 0.106164 0.046107
580 0.612243 0.138888 0.0541195
581 0.612243 0.13533 0.0532153
582 0.612243 0.103049 0.0431077
583 0.612243 0.110383 0.0430495
584 0.612243 0.144495 0.0544261
585 0.612243 0.124655 0.0479496
586 0.612243 0.145589 0.0497761
587 0.612243 0.15492 0.0500497
588 0.612243 0.144289 0.0499367
589 0.612243 0.144901 0.0506205
590 0.612243 0.116286 0.0453389
591 0.612243 0.124442 0.0505465
592 0.612243 0.134777 0.0498796
593 0.612243 0.133049 0.0488093
594 0.612243 0.160526 0.0591249
595 0.612243 0.150026 0.0567855
596 0.612243 0.131758 0.0508088
597 0.612243 0.150875 0.0544318
598 0.612243 0.136455 0.046888
599 0.612243 0.120129 0.0454432
600 0.612243 0.115812 0.0422505
601 0.612243 0.111044 0.0411472
602 0.612243 0.131327 0.0495188
603 0.612243 0.128875 0.0521304
604 0.612243 0.153482 0.0561723
605 0.612243 0.126128 0.0500659
606 0.612243 0.143665 0.0533483
607 0.612243 0.14142 0.0494847
608 0.612243 0.168696 0.0501847
609 0.612243 0.153513 0.0483413
610 0.612243 0.137657 0.0480515
611 0.612243 0.157897 0.053339
612 0.612243 0.147448 0.0503648
613 0.612243 0.10288 0.040521
614 0.612243 0.11309 0.0429613
615 0.612243 0.143184 0.0523556
616 0.612243 0.136349 0.0493432
617 0.612243 0.114688 0.0438518
618 0.612243 0.12252 0.0469841
619 0.612243 0.118044 0.0462121
620 0.612243 0.127428 0.0477727
621 0.612243 0.133695 0.0512781
622 0.612243 0.119514 0.0453128
623 0.612243 0.130083 0.0481829
624 0.612243 0.122058 0.0489511
625 0.612243 0.121342 0.0468679
626 0.612243 0.113808 0.0441583
627 0.612243 0.12034 0.0438672
628 0.612243 0.117228 0.0455084
629 0.612243 0.102478 0.0428418
630 0.612243 0.108931 0.0434286
631 0.612243 0.127229 0.0512668
632 0.612243 0.131891 0.0506999
633 0.612243 0.1539 0.0501723
634 0.612243 0.141486 0.0482761
635 0.612243 0.183801 0.0547376
636 0.612243 0.152932 0.0525972
637 0.612243 0.134411 0.0538587
638 0.612243 0.14224 0.0532386
639 0.612243 0.113956 0.0463071
640 0.612243 0.114651 0.0446154
641 0.612243 0.125321 0.0448664
642 0.612243 0.114025 0.0436772
643 0.612243 0.153904 0.0567341
644 0.612243 0.123839 0.0445599
645 0.612243 0.112418 0.0444666
646 0.612243 0.120558 0.0488624
647 0.612243 0.122592 0.0463531
648 0.612243 0.126041 0.0428124
649 0.612243 0.133736 0.0505486
650 0.612243 0.139576 0.0525643
651 0.612243 0.137039 0.0534782
652 0.612243 0.113375 0.0462747
653 0.612243 0.135697 0.0531347
654 0.612243 0.124707 0.0467491
655 0.612243 0.134447 0.0494018
656 0.612243 0.131641 0.0520235
657 0.612243 0.103822 0.042226
658 0.612243 0.121591 0.0469388
659 0.612243 0.104592 0.0408421
660 0.612243 0.135496 0.0549811
661 0.612243 0.132948 0.0512542
662 0.612243 0.114177 0.0432097
663 0.612243 0.124006 0.0457043
664 0.612243 0.118848 0.0440922
665 0.612243 0.133943 0.0462928
666 0.612243 0.131898 0.0494486
667 0.612243 0.144314 0.0504845
668 0.612243 0.150066 0.0519024
669 0.612243 0.139207 0.0501981
670 0.612243 0.134153 0.0467995
671 0.612243 0.14715 0.0521573
672 0.612243 0.131958 0.0509934
673 0.612243 0.158855 0.0531978
674 0.612243 0.145427 0.0500439
675 0.612243 0.14083 0.0488272
676 0.612243 0.136438 0.0490843
677 0.612243 0.113127 0.0449833
678 0.612243 0.107808 0.0415087
679 0.612243 0.106501 0.0404582
680 0.612243 0.120541 0.0448083
681 0.612243 0.132377 0.0505806
682 0.612243 0.125789 0.0461895
683 0.612243 0.153068 0.0536001
684 0.612243 0.160401 0.053985
685 0.612243 0.147032 0.0518285
686 0.612243 0.155675 0.0510803
687 0.612243 0.140925 0.0513508
688 0.612243 0.121801 0.0478536
689 0.612243 0.129414 0.0479854
690 0.612243 0.113444 0.0449811
691 0.612243 0.126472 0.0466817
692 0.612257 0.157108 0.0554801
693 0.612257 0.15051 0.049672
694 0.612257 0.167709 0.0553818
695 0.612257 0.144006 0.046611
696 0.612257 0.150665 0.0540137
697 0.612257 0.145484 0.0505724
698 0.612257 0.140717 0.0533181
699 0.612257 0.119778 0.0461945
700 0.612257 0.130154 0.0518304
701 0.612257 0.129877 0.045249
702 0.612257 0.121697 0.0468706
703 0.612257 0.099773 0.0415034
704 0.612257 0.116343 0.0475499
705 0.612257 0.105171 0.0439835
706 0.612257 0.110842 0.0451707
707 0.612257 0.119701 0.0477124
708 0.612257 0.11392 0.0453117
709 0.612257 0.117884 0.0493852
710 0.612257 0.0995092 0.04166
711 0.612257 0.0994874 0.0424898
712 0.612257 0.112153 0.0433555
713 0.612257 0.144731 0.0500807
714 0.612257 0.138775 0.0528149
715 0.612257 0.148352 0.053791
716 0.612257 0.129741 0.046418
717 0.612257 0.123368 0.047378
718 0.612257 0.114571 0.0456949
719 0.612257 0.103292 0.0437144
720 0.612257 0.112364 0.0425835
721 0.612257 0.124544 0.0482028
722 0.612257 0.112148 0.0436399
723 0.612257 0.145806 0.0492649
724 0.612257 0.136797 0.0487542
725 0.612257 0.151483 0.0511215
726 0.612257 0.144918 0.0515542
727 0.612257 0.106604 0.0399489
728 0.612257 0.130704 0.04628
729 0.612257 0.118194 0.0478385
730 0.612257 0.12082 0.0448606
731 0.612257 0.124364 0.0457592
732 0.612257 0.154834 0.0512039
733 0.612257 0.114762 0.0447564
734 0.614325 0.118361 0.0448811
735 0.614325 0.125447 0.0458726
736 0.614325 0.124438 0.0479168
737 0.614325 0.1382 0.0515454
738 0.614325 0.152013 0.0563407
739 0.614325 0.12749 0.0495579
740 0.614325 0.142349 0.0512321
741 0.614325 0.126226 0.0493038
742 0.614325 0.113996 0.045319
743 0.614325 0.135806 0.0533217
744 0.614325 0.148542 0.0513407
745 0.614325 0.130191 0.0485093
746 0.614325 0.13551 0.0496101
747 0.614325 0.125597 0.0502333
748 0.614325 0.115831 0.0458043
749 0.614325 0.143 0.0553171
750 0.614325 0.141302 0.0526606
751 0.614325 0.167393 0.0573194
752 0.614325 0.142004 0.0485789
753 0.614325 0.129102 0.0515117
754 0.614325 0.121418 0.0430229
755 0.614325 0.112942 0.0437595
756 0.614325 0.103677 0.0401194
757 0.614325 0.127227 0.048664
758 0.614325 0.146617 0.0507737
759 0.614325 0.12563 0.0479406
760 0.614325 0.139831 0.0512628
761 0.614325 0.142608 0.0505875
762 0.614325 0.138417 0.0506752
763 0.614325 0.159877 0.0524923
764 0.614325 0.138082 0.050138
765 0.614325 0.145955 0.0501512
766 0.614325 0.128428 0.0452537
767 0.614325 0.136969 0.0474614
768 0.614325 0.174648 0.0525062
769 0.614325 0.132377 0.0458637
770 0.614325 0.12781 0.0489177
771 0.614325 0.127556 0.0459349
772 0.614325 0.110322 0.0398109
773 0.614325 0.117875 0.0445812
774 0.614325 0.137961 0.0508733
775 0.614325 0.128335 0.051475
776 0.614325 0.122436 0.0462023
777 0.614397 0.128996 0.0532735
778 0.614397 0.148143 0.0518717
779 0.614397 0.147207 0.0516053
780 0.614397 0.132949 0.0451395
781 0.614397 0.115275 0.0421642
782 0.614397 0.12199 0.047867
783 0.614397 0.120246 0.0484344
784 0.614397 0.128843 0.0453123
785 0.614397 0.12031 0.043782
786 0.614397 0.11116 0.0448034
787 0.614397 0.113644 0.0425607
788 0.614397 0.12873 0.049235
789 0.614397 0.142161 0.0484418
790 0.614397 0.134415 0.0497019
791 0.614397 0.113872 0.0462462
792 0.614397 0.133851 0.0499497
793 0.614397 0.116734 0.0463402
794 0.614397 0.126044 0.0493422
795 0.614397 0.126281 0.0484216
796 0.614397 0.11629 0.0464944
797 0.614397 0.122065 0.043149
798 0.614397 0.127454 0.0479609
799 0.614397 0.124475 0.0499133
800 0.614397 0.120408 0.0466957
801 0.614397 0.111939 0.0425582
802 0.614397 0.11474 0.0445671
803 0.614397 0.117719 0.0474102
804 0.614397 0.131136 0.050236
805 0.614397 0.134751 0.0482209
806 0.614397 0.154452 0.0491995
807 0.614397 0.140662 0.0495876
808 0.614397 0.154749 0.0530574
809 0.614397 0.123333 0.0474368
810 0.614397 0.131818 0.0481523
811 0.614397 0.121191 0.0470933
812 0.614397 0.135881 0.0510594
813 0.614397 0.14601 0.0533303
814 0.614397 0.127365 0.0517159
815 0.614397 0.122158 0.047827
816 0.614397 0.115862 0.0457604
817 0.614397 0.120705 0.0479649
818 0.614397 0.117519 0.0442903
819 0.614397 0.116813 0.0420571
820 0.614397 0.113428 0.0447806
821 0.614397 0.106015 0.0414544
822 0.614397 0.128142 0.0505584
823 0.614397 0.145172 0.0550542
824 0.614397 0.129456 0.0480571
825 0.614397 0.12114 0.0477466
826 0.614397 0.124703 0.049159
827 0.614397 0.141579 0.0524594
828 0.614397 0.142388 0.0520145
829 0.614397 0.135481 0.0519327
830 0.614397 0.122252 0.0458724
831 0.614397 0.129551 0.0488061
832 0.614397 0.129763 0.0479953
833 0.614397 0.117802 0.0439912
834 0.614397 0.108925 0.0420163
835 0.614397 0.12292 0.0473531
836 0.614397 0.121232 0.043952
837 0.614397 0.105833 0.0450166
838 0.614397 0.110673 0.0446778
839 0.614397 0.124201 0.0473233
840 0.614397 0.132366 0.0492148
841 0.614397 0.112695 0.0442712
842 0.614397 0.103607 0.0466706
843 0.614397 0.116344 0.044144
844 0.614397 0.115497 0.0442099
845 0.614397 0.108779 0.0429474
846 0.614397 0.11542 0.0436275
847 0.614397 0.137728 0.0505625
848 0.614397 0.103726 0.0459826
849 0.614397 0.110617 0.0441354
850 0.614397 0.115374 0.0458208
851 0.614397 0.136067 0.0491869
852 0.614397 0.139579 0.0532852
853 0.614397 0.120117 0.0435849
854 0.614397 0.110703 0.0469801
855 0.614397 0.111992 0.0451952
856 0.614397 0.13702 0.0487553
857 0.614397 0.132274 0.0464333
858 0.614397 0.152976 0.0510325
859 0.614397 0.153998 0.0478053
860 0.614397 0.152619 0.0531397
861 0.614397 0.107242 0.0425186
862 0.614397 0.132238 0.0480261
863 0.614397 0.144657 0.0499243
864 0.614397 0.134294 0.04716
865 0.614397 0.131653 0.047943
866 0.614397 0.101902 0.0361495
867 0.614397 0.103915 0.0408786
868 0.614397 0.127606 0.0489133
869 0.614397 0.0992943 0.0426717
870 0.614397 0.118055 0.0464579
871 0.614397 0.124001 0.0525886
872 0.614397 0.128206 0.0468714
873 0.614397 0.130325 0.0502164
874 0.614397 0.107192 0.0442306
875 0.614397 0.116214 0.0457247
876 0.614397 0.110611 0.0440319
877 0.614397 0.144585 0.0500668
878 0.614397 0.136369 0.0457959
879 0.614397 0.148361 0.051357
880 0.614397 0.117815 0.0458039
881 0.614397 0.116292 0.0480081
882 0.614397 0.130153 0.0500557
883 0.614397 0.137533 0.0457497
884 0.614397 0.115057 0.0434982
885 0.614397 0.137368 0.0519982
886 0.614397 0.125929 0.0419762
887 0.614397 0.155161 0.0500262
888 0.614397 0.15899 0.0522911
889 0.614397 0.130315 0.0478399
890 0.614397 0.124941 0.0471491
891 0.614397 0.12903 0.0445769
892 0.614397 0.133304 0.0473172
893 0.614397 0.123532 0.0457819
894 0.614397 0.118026 0.0425645
895 0.614397 0.129994 0.043933
896 0.614397 0.142277 0.048645
897 0.614397 0.133452 0.0470252
898 0.614397 0.14944 0.0553518
899 0.614397 0.127848 0.0465849
900 0.614397 0.131652 0.04812
901 0.614397 0.115705 0.0444722
902 0.614397 0.117123 0.0458937
903 0.614397 0.118541 0.0428537
904 0.614397 0.114242 0.043762
905 0.614397 0.101756 0.0406864
906 0.614397 0.112457 0.0445389
907 0.614397 0.124247 0.0493125
908 0.614397 0.111051 0.0463795
909 0.614397 0.121205 0.0458539
910 0.614397 0.146721 0.0542411
911 0.614397 0.118092 0.045549
912 0.614397 0.139842 0.05153
913 0.614397 0.12925 0.0465517
914 0.614397 0.12977 0.0490795
915 0.614397 0.111037 0.0467278
916 0.614397 0.115085 0.0481266
917 0.614397 0.12466 0.0482071
918 0.614397 0.101676 0.0428734
919 0.614397 0.105864 0.0444595
920 0.614397 0.131129 0.0448541
921 0.614397 0.133175 0.0476283
922 0.614397 0.14605 0.0525357
923 0.614397 0.147261 0.0511658
924 0.614397 0.156383 0.0499778
925 0.614397 0.134484 0.0486795
926 0.614397 0.132633 0.0454645
927 0.614397 0.12254 0.0428458
928 0.614397 0.128045 0.0448519
929 0.614397 0.122711 0.0430214
930 0.614397 0.129221 0.0483429
931 0.614397 0.121822 0.0452516
932 0.614397 0.150245 0.0525678
933 0.614397 0.126368 0.0476479
934 0.614397 0.132931 0.0450745
935 0.614397 0.140165 0.0506673
936 0.614397 0.114191 0.0446983
937 0.614397 0.137499 0.0493163
938 0.614397 0.119907 0.0481175
939 0.614397 0.119213 0.0461101
940 0.614397 0.133332 0.0474735
941 0.614397 0.153556 0.0536919
942 0.614397 0.132065 0.0452443
943 0.614397 0.135921 0.0475773
944 0.614397 0.129521 0.0502114
945 0.614397 0.138269 0.0497749
946 0.614397 0.142887 0.0510052
947 0.614397 0.128485 0.0515002
948 0.614397 0.117752 0.0490315
949 0.614397 0.124268 0.0471033
950 0.614397 0.11481 0.0469583
951 0.614397 0.0910097 0.0399444
952 0.614397 0.107242 0.046961
953 0.614397 0.102807 0.0425686
954 0.614397 0.0996807 0.0425377
955 0.614397 0.125372 0.0485311
956 0.614397 0.11047 0.0471014
957 0.614397 0.149513 0.0568278
958 0.614397 0.135613 0.0518861
959 0.614397 0.117265 0.0457234
960 0.614397 0.127967 0.048807
961 0.614397 0.124174 0.0435881
962 0.614397 0.117675 0.0420421
963 0.614397 0.109169 0.0410825
964 0.614397 0.136975 0.0490325
965 0.614397 0.152867 0.0507498
966 0.614397 0.128893 0.0480274
967 0.614397 0.145297 0.0523558
968 0.614397 0.132429 0.0503653
969 0.614397 0.126566 0.0447706
970 0.614397 0.130456 0.0510419
971 0.614397 0.102224 0.0418429
972 0.614397 0.105883 0.0466868
973 0.614397 0.122613 0.0455336
974 0.614397 0.121834 0.045449
975 0.614397 0.108302 0.0433054
976 0.614397 0.118865 0.0469342
977 0.614397 0.107696 0.043892
978 0.614397 0.115536 0.0450017
979 0.614397 0.096628 0.0380319
980 0.614397 0.127318 0.0481296
981 0.614397 0.114876 0.0449402
982 0.614397 0.132971 0.0472078
983 0.614397 0.124076 0.0456116
984 0.614397 0.12521 0.0441703
985 0.614397 0.137401 0.0482366
986 0.614397 0.11408 0.0424749
987 0.614397 0.135619 0.0555605
988 0.614397 0.120543 0.0469711
989 0.614397 0.105094 0.0422031
990 0.614397 0.121239 0.0482945
991 0.614397 0.128565 0.0481603
992 0.614397 0.151543 0.0511198
993 0.614397 0.143137 0.045385
994 0.614397 0.139746 0.0489088
995 0.614397 0.120442 0.0444963
996 0.614397 0.111888 0.0443618
997 0.614397 0.112784 0.045242
998 0.614397 0.113727 0.0478973
999 0.614397 0.111336 0.0468093
1000 0.614397 0.112518 0.0438972
