0 0.125265 0.0688402 0.00391294
1 0.125268 0.0734371 0.00379609
2 0.125271 0.081585 0.00356067
3 0.125278 0.0863711 0.0033815
4 0.125278 0.0876119 0.00331929
5 0.125278 0.087647 0.00331582
6 0.125278 0.0913943 0.00311372
7 0.125278 0.096507 0.00277608
8 0.126377 0.1003 0.00250194
9 0.126377 0.106442 0.00201012
10 0.126377 0.107648 0.0019023
11 0.126377 0.107792 0.00187686
12 0.126741 0.109063 0.00175925
13 0.126741 0.109006 0.00177225
14 0.126741 0.105274 0.00210602
15 0.126741 0.10652 0.00199322
16 0.126741 0.109156 0.00174186
17 0.126741 0.103892 0.0021798
18 0.126741 0.101795 0.0023661
19 0.127058 0.0979104 0.00268067
20 0.127378 0.0962279 0.00273281
21 0.127378 0.0956606 0.00282003
22 0.127378 0.088721 0.00313963
23 0.127378 0.0874814 0.00324192
24 0.127378 0.0912606 0.0030506
25 0.127378 0.0908333 0.00310627
26 0.127781 0.0909163 0.0031012
27 0.127781 0.0968599 0.00275456
28 0.12956 0.0848237 0.00341224
29 0.12956 0.0851942 0.00335792
30 0.12956 0.0831083 0.00345997
31 0.12956 0.0841473 0.00337898
32 0.12956 0.0819262 0.00353278
33 0.12956 0.0861566 0.00335212
34 0.12956 0.0922952 0.00303322
35 0.187941 0.0818949 0.00364203
36 0.187941 0.08177 0.0036508
37 0.187941 0.0867948 0.00342197
38 0.187941 0.0761202 0.00372602
39 0.187941 0.0784293 0.00366744
40 0.187941 0.0778846 0.00372454
41 0.187941 0.0888174 0.00329812
42 0.187941 0.0919643 0.00316909
43 0.187941 0.0936442 0.00304539
44 0.187941 0.0967268 0.00288533
45 0.187941 0.091453 0.00320704
46 0.187941 0.0814689 0.00365345
47 0.187941 0.0797273 0.00360257
48 0.187941 0.0838604 0.00352091
49 0.249818 0.090989 0.00362762
50 0.249818 0.0871054 0.00375762
51 0.249818 0.0970499 0.00325235
52 0.249818 0.090159 0.00362254
53 0.249818 0.102251 0.00327233
54 0.249818 0.0996889 0.00367801
55 0.249818 0.101015 0.00361546
56 0.249818 0.106666 0.00372953
57 0.249818 0.107709 0.00372225
58 0.346987 0.106969 0.00448592
59 0.346987 0.101275 0.00560735
60 0.362918 0.101782 0.00648889
61 0.362918 0.103481 0.00637569
62 0.362918 0.102935 0.00715062
63 0.362918 0.112347 0.00725942
64 0.393727 0.120978 0.00904855
65 0.393727 0.121472 0.0106149
66 0.398143 0.129438 0.0102313
67 0.407736 0.130347 0.0113427
68 0.460805 0.130016 0.0113785
69 0.460805 0.123007 0.0109329
70 0.460805 0.127732 0.0130552
71 0.460805 0.126832 0.0129832
72 0.460805 0.130496 0.0131703
73 0.460805 0.143397 0.0122443
74 0.480845 0.147444 0.0149132
75 0.480845 0.147448 0.0135854
76 0.480845 0.139948 0.0119954
77 0.492764 0.14282 0.016414
78 0.492764 0.142099 0.0164967
79 0.492764 0.124124 0.0152183
80 0.492764 0.13765 0.0153076
81 0.492764 0.128301 0.0160628
82 0.492764 0.127319 0.0167692
83 0.492764 0.125593 0.0151863
84 0.492764 0.124652 0.0154783
85 0.492764 0.142568 0.0170858
86 0.492764 0.143553 0.0160556
87 0.492764 0.137431 0.0162359
88 0.492764 0.136343 0.0151187
89 0.492764 0.140328 0.0160583
90 0.492764 0.13755 0.0161764
91 0.492764 0.143583 0.0159315
92 0.492764 0.142822 0.0180055
93 0.492764 0.145968 0.0166307
94 0.492764 0.146873 0.0168575
95 0.492764 0.144867 0.015709
96 0.492764 0.13732 0.016265
97 0.492764 0.156425 0.0196361
98 0.492764 0.15263 0.0189829
99 0.492764 0.148594 0.0172275
100 0.492764 0.144756 0.016789
101 0.492764 0.139404 0.01946
102 0.492764 0.150572 0.0203025
103 0.492764 0.133545 0.0175833
104 0.492764 0.131398 0.018778
105 0.492764 0.1328 0.0173337
106 0.492764 0.139106 0.0183888
107 0.492764 0.135395 0.0175471
108 0.492764 0.133809 0.0167827
109 0.492764 0.12646 0.0173719
110 0.492764 0.139491 0.0170096
111 0.492764 0.133606 0.0163758
112 0.492764 0.140407 0.0191677
113 0.492764 0.149061 0.0177494
114 0.492764 0.139146 0.0172582
115 0.492764 0.13499 0.0170064
116 0.492764 0.135232 0.0186845
117 0.492764 0.131641 0.0188497
118 0.492764 0.154479 0.0208255
119 0.492764 0.150434 0.0172797
120 0.492764 0.141044 0.0181127
121 0.492764 0.127375 0.0176784
122 0.492764 0.121517 0.0192277
123 0.492764 0.137346 0.0212239
124 0.492764 0.140263 0.0198548
125 0.492764 0.13935 0.0186101
126 0.492764 0.140076 0.0192114
127 0.492764 0.123779 0.0172173
128 0.492764 0.128433 0.0172519
129 0.492764 0.118846 0.0177798
130 0.492764 0.137541 0.0179893
131 0.492764 0.135645 0.0193443
132 0.492764 0.132125 0.0181533
133 0.492764 0.147172 0.018966
134 0.492764 0.136571 0.0202335
135 0.492764 0.126009 0.0185446
136 0.492764 0.126975 0.0187828
137 0.492764 0.131379 0.0202583
138 0.492764 0.133727 0.0194094
139 0.492764 0.130546 0.0192338
140 0.492764 0.132605 0.0198424
141 0.492764 0.122479 0.0187114
142 0.492764 0.120392 0.0191651
143 0.492764 0.141841 0.0200059
144 0.492764 0.134861 0.0206591
145 0.492764 0.131863 0.0214378
146 0.492764 0.13069 0.0195646
147 0.492764 0.140909 0.0182475
148 0.492764 0.132952 0.0179699
149 0.492764 0.138875 0.0206716
150 0.492764 0.146495 0.0206323
151 0.492764 0.149122 0.0193039
152 0.492764 0.135882 0.0166832
153 0.492764 0.143474 0.0185339
154 0.492764 0.143745 0.0171185
155 0.492764 0.137364 0.0186782
156 0.492764 0.131667 0.018716
157 0.492764 0.136476 0.0185012
158 0.492764 0.149818 0.017433
159 0.492764 0.142947 0.016251
160 0.492764 0.149907 0.0187474
161 0.492764 0.150364 0.0202906
162 0.492764 0.142156 0.0210381
163 0.492764 0.142615 0.0198183
164 0.492764 0.141149 0.018364
165 0.492764 0.13163 0.0175411
166 0.492764 0.139631 0.0194303
167 0.492764 0.149603 0.0224483
168 0.492764 0.139812 0.0198844
169 0.492764 0.129469 0.0222082
170 0.492764 0.133323 0.0218865
171 0.492764 0.128587 0.0195226
172 0.492764 0.133406 0.0185405
173 0.492764 0.131946 0.0196835
174 0.492764 0.131651 0.0179325
175 0.492764 0.140475 0.0193904
176 0.492764 0.138 0.0201247
177 0.492764 0.13463 0.0197605
178 0.492764 0.13184 0.0178158
179 0.492764 0.132452 0.0193318
180 0.492764 0.128327 0.0212014
181 0.492764 0.139042 0.020236
182 0.492764 0.154416 0.0195996
183 0.492764 0.139039 0.0177286
184 0.492764 0.137247 0.0183819
185 0.492764 0.133721 0.0173949
186 0.492764 0.132937 0.0211501
187 0.492764 0.150773 0.0193044
188 0.492764 0.154826 0.0191749
189 0.492764 0.155279 0.0192699
190 0.492764 0.152861 0.0195049
191 0.492764 0.136946 0.0171213
192 0.504141 0.142459 0.0189045
192 0.497164 0.06583 0.0219506
193 0.497164 0.0719803 0.022228
194 0.497164 0.0728122 0.0230427
195 0.497164 0.075298 0.0235641
196 0.497164 0.080236 0.0245313
197 0.497164 0.0770346 0.0229011
198 0.497164 0.072467 0.0225629
199 0.497164 0.0651896 0.0226786
200 0.497164 0.0551624 0.0200559
201 0.497164 0.0593089 0.0208591
202 0.497164 0.0668704 0.0232958
203 0.497164 0.0687461 0.0247757
204 0.497164 0.0648153 0.021868
205 0.497164 0.0662733 0.0232348
206 0.497164 0.0748106 0.0254516
207 0.497164 0.0687627 0.0226535
208 0.497164 0.0709173 0.0226241
209 0.497164 0.0695228 0.0236792
210 0.497164 0.0715761 0.0235294
211 0.497164 0.0714212 0.0225405
212 0.497164 0.0745255 0.0257402
213 0.497164 0.0791666 0.0233235
214 0.497164 0.059422 0.0205635
215 0.520095 0.0620063 0.0231619
216 0.520095 0.0610699 0.020907
217 0.520095 0.0721914 0.0239764
218 0.520095 0.0651525 0.0239467
219 0.520095 0.0624357 0.0218332
220 0.520095 0.075673 0.0252492
221 0.520095 0.0722713 0.0272465
222 0.520095 0.0671377 0.024964
223 0.520095 0.0798326 0.0299446
224 0.520095 0.0730731 0.0272711
225 0.520095 0.0783282 0.0278833
226 0.542869 0.0738249 0.0274884
227 0.542869 0.0669645 0.0239598
228 0.542869 0.0717283 0.0258108
229 0.542869 0.0672427 0.0268343
230 0.542869 0.0720046 0.0287335
231 0.542869 0.0634632 0.026698
232 0.542869 0.0890476 0.034001
233 0.542869 0.0760214 0.0294895
234 0.542869 0.071571 0.0290341
235 0.546333 0.0902666 0.0356074
236 0.551403 0.0872021 0.0347343
237 0.551403 0.0830329 0.0313406
238 0.551403 0.0924443 0.0335102
239 0.551403 0.090919 0.0327002
240 0.551403 0.0926847 0.033559
241 0.551403 0.109281 0.0369558
242 0.551403 0.113012 0.0350595
243 0.551403 0.116329 0.0404759
244 0.551403 0.13911 0.0396766
245 0.551403 0.112176 0.0358263
246 0.551403 0.126527 0.0383842
247 0.551403 0.101087 0.0351739
248 0.564148 0.122709 0.0388416
249 0.564148 0.112723 0.036598
250 0.564148 0.115242 0.0383321
251 0.564148 0.12141 0.0381794
252 0.564148 0.116008 0.034894
253 0.564148 0.14197 0.045763
254 0.564148 0.114871 0.0381606
255 0.564148 0.126366 0.0403552
256 0.564148 0.111984 0.0369618
257 0.564148 0.110404 0.0375327
258 0.564148 0.128882 0.042942
259 0.564148 0.111866 0.0357817
260 0.564148 0.119269 0.0361352
261 0.564148 0.143759 0.0429755
262 0.564148 0.120785 0.0380095
263 0.564148 0.117325 0.0412881
264 0.564148 0.11569 0.0379485
265 0.564148 0.136493 0.0414443
266 0.564148 0.133127 0.0428556
267 0.564148 0.103347 0.0326406
268 0.564148 0.0934684 0.0337515
269 0.566801 0.101446 0.0361401
270 0.566801 0.108766 0.0362551
271 0.566801 0.0975468 0.0362206
272 0.566801 0.120015 0.0413985
273 0.566801 0.104219 0.0391406
274 0.566801 0.117723 0.0415343
275 0.566801 0.0933234 0.0354014
276 0.566801 0.100166 0.0352401
277 0.566801 0.106665 0.0389401
278 0.566801 0.0998031 0.0362118
279 0.566801 0.100206 0.0360917
280 0.566801 0.102437 0.0388551
281 0.566801 0.103887 0.0378011
282 0.566801 0.109402 0.0376411
283 0.566801 0.11035 0.0365418
284 0.566801 0.101942 0.0356361
285 0.566801 0.104116 0.0358727
286 0.566801 0.0863923 0.0316362
287 0.566801 0.103924 0.0373443
288 0.566801 0.122016 0.0383941
289 0.566801 0.135873 0.0423342
290 0.566801 0.130515 0.0421523
291 0.566801 0.103392 0.036642
292 0.566801 0.10816 0.0360848
293 0.566801 0.108211 0.0381999
294 0.566801 0.094843 0.0342993
295 0.566801 0.119055 0.036801
296 0.566801 0.104649 0.0384851
297 0.566801 0.108319 0.0386327
298 0.566801 0.0905113 0.0348647
299 0.566801 0.102728 0.037333
300 0.566801 0.117836 0.039811
301 0.566801 0.107923 0.0382733
302 0.566801 0.128893 0.0423818
303 0.566801 0.124265 0.0428391
304 0.566801 0.117852 0.0419013
305 0.566801 0.108737 0.0349081
306 0.566801 0.111098 0.0380074
307 0.566801 0.117212 0.0387601
308 0.566801 0.0992539 0.0388391
309 0.566801 0.0958012 0.0357655
310 0.566801 0.0999788 0.0370205
311 0.566801 0.114167 0.038408
312 0.566801 0.127403 0.0408533
313 0.566801 0.103629 0.0332586
314 0.566801 0.11968 0.0386208
315 0.566801 0.121328 0.0409543
316 0.566801 0.118543 0.0381236
317 0.566801 0.112663 0.0379138
318 0.566801 0.105042 0.0357218
319 0.566801 0.111017 0.0377679
320 0.566801 0.107364 0.037228
321 0.566801 0.123165 0.039498
322 0.566801 0.110878 0.0380789
323 0.566801 0.126083 0.0444351
324 0.566801 0.103324 0.0354382
325 0.566801 0.0861422 0.0337989
326 0.566801 0.0980381 0.0371829
327 0.566801 0.104426 0.037983
328 0.566801 0.111491 0.0377298
329 0.566801 0.11917 0.0396745
330 0.566801 0.131535 0.0416231
331 0.566801 0.119733 0.0362987
332 0.566801 0.12514 0.0413668
333 0.566801 0.118969 0.0413043
334 0.566801 0.106888 0.036569
335 0.566801 0.134777 0.0450649
336 0.566801 0.12272 0.0425626
337 0.566801 0.120437 0.0420281
338 0.566801 0.107428 0.0348864
339 0.566801 0.116444 0.0427541
340 0.566801 0.0927605 0.0343288
341 0.566801 0.127312 0.0445686
342 0.566801 0.127747 0.0392371
343 0.566801 0.116564 0.0394308
344 0.566801 0.118701 0.0412547
345 0.566801 0.120797 0.0407811
346 0.566801 0.106553 0.0374974
347 0.566801 0.110187 0.0400243
348 0.566801 0.114519 0.0379346
349 0.566801 0.109449 0.0387116
350 0.566801 0.115091 0.0361651
351 0.566801 0.130156 0.0426793
352 0.566801 0.11199 0.0368641
353 0.566801 0.110363 0.0398989
354 0.566801 0.104018 0.0361136
355 0.566801 0.126272 0.0428616
356 0.566801 0.140961 0.0409832
357 0.566801 0.114361 0.0377583
358 0.566801 0.133143 0.0405228
359 0.566801 0.118509 0.0390693
360 0.566801 0.117657 0.0387109
361 0.566801 0.120119 0.0387097
362 0.566801 0.108184 0.0363577
363 0.566801 0.116077 0.0389296
364 0.566801 0.115666 0.0391842
365 0.566801 0.108558 0.0386956
366 0.566801 0.0972976 0.0333573
367 0.566801 0.102213 0.0383138
368 0.566801 0.100979 0.0374632
369 0.566801 0.105914 0.0375192
370 0.566801 0.105115 0.0387827
371 0.566801 0.11193 0.0391719
372 0.566801 0.0967271 0.0386209
373 0.566801 0.118767 0.0399013
374 0.566801 0.122927 0.0438887
375 0.566801 0.126797 0.0439487
376 0.566801 0.142118 0.0435146
377 0.566801 0.136963 0.0456926
378 0.566801 0.142912 0.0428786
379 0.566801 0.12321 0.0398548
380 0.566801 0.130762 0.0427964
381 0.566801 0.109417 0.0354409
382 0.566801 0.113855 0.0375849
383 0.566801 0.12237 0.0424019
384 0.566801 0.118768 0.0379465
385 0.566801 0.100766 0.0375443
386 0.566801 0.102819 0.037984
387 0.566801 0.0978791 0.0377924
388 0.566801 0.109139 0.0380613
389 0.566801 0.118486 0.0409459
390 0.566801 0.10932 0.0394067
391 0.566801 0.117579 0.0367793
392 0.566801 0.106091 0.0363748
393 0.566801 0.0968554 0.034821
394 0.566801 0.103084 0.0380635
395 0.566801 0.0784864 0.0327577
396 0.566801 0.092561 0.035177
397 0.566801 0.101677 0.038375
398 0.566801 0.0978641 0.0361493
399 0.566801 0.10235 0.0360009
400 0.566801 0.125413 0.0378373
401 0.566801 0.14083 0.0445735
402 0.566801 0.121128 0.0427707
403 0.566801 0.126542 0.038437
404 0.566801 0.115059 0.0382739
405 0.566801 0.114572 0.0381248
406 0.566801 0.0963624 0.0354036
407 0.566801 0.100465 0.036917
408 0.566801 0.0879173 0.0327153
409 0.566801 0.109453 0.0390925
410 0.566801 0.110339 0.0399233
411 0.566801 0.0995104 0.0361095
412 0.566801 0.110181 0.0381293
413 0.566801 0.0903731 0.0317807
414 0.566801 0.103439 0.0380219
415 0.566801 0.09464 0.0363461
416 0.566801 0.117072 0.0400283
417 0.566801 0.118661 0.0424459
418 0.566801 0.103119 0.0374825
419 0.566801 0.092369 0.0362835
420 0.566801 0.097887 0.0356835
421 0.566801 0.10097 0.0350991
422 0.566801 0.125662 0.0394874
423 0.566801 0.108968 0.0357343
424 0.566801 0.117752 0.0406582
425 0.566801 0.117692 0.0389575
426 0.566801 0.10258 0.0364268
427 0.566801 0.111038 0.0402566
428 0.566801 0.121968 0.0415502
429 0.566801 0.111216 0.0387607
430 0.566801 0.10313 0.0370431
431 0.566801 0.0926548 0.0364688
432 0.566801 0.10042 0.0376249
433 0.566801 0.12195 0.0386394
434 0.566801 0.102898 0.0355218
435 0.566801 0.114136 0.0403204
436 0.566801 0.126494 0.0404876
437 0.566801 0.120684 0.040324
438 0.566801 0.136182 0.041468
439 0.566801 0.148772 0.0449309
440 0.566801 0.126422 0.0422249
441 0.566801 0.124517 0.0379943
442 0.566801 0.124336 0.0392848
443 0.566801 0.111082 0.0340275
444 0.566801 0.112917 0.0347207
445 0.566801 0.116996 0.0370474
446 0.566801 0.106082 0.0361931
447 0.566801 0.129782 0.0397231
448 0.566801 0.10544 0.0378671
449 0.566801 0.11341 0.0390842
450 0.566801 0.125224 0.044882
451 0.566801 0.116775 0.0384308
452 0.566801 0.115587 0.0390708
453 0.566801 0.0993598 0.0379863
454 0.566801 0.102756 0.0372376
455 0.566801 0.0951553 0.0369751
456 0.566801 0.105518 0.039016
457 0.566801 0.104408 0.0394048
458 0.566801 0.10567 0.0381392
459 0.566801 0.0950539 0.0355379
460 0.566801 0.103024 0.0399874
461 0.566801 0.118336 0.0406782
462 0.566801 0.124604 0.0419257
463 0.566801 0.0933671 0.032323
464 0.566801 0.10401 0.0358089
465 0.566801 0.105361 0.0378247
466 0.566801 0.101988 0.0380224
467 0.566801 0.128611 0.0456732
468 0.566801 0.106431 0.038232
469 0.566801 0.121683 0.0399869
470 0.566801 0.0923913 0.0364105
471 0.566801 0.0993486 0.0373665
472 0.566801 0.124533 0.0409343
473 0.566801 0.119473 0.0395631
474 0.568547 0.122539 0.0432762
475 0.568547 0.111027 0.0389642
476 0.568547 0.111322 0.0352711
477 0.568547 0.113593 0.0377494
478 0.568547 0.0987074 0.0344437
479 0.568547 0.0924916 0.0342366
480 0.568547 0.0906717 0.0343396
481 0.568547 0.105317 0.0381749
482 0.568547 0.10124 0.0363949
483 0.568547 0.119878 0.0397123
484 0.568547 0.141317 0.0428732
485 0.568547 0.127226 0.0421532
486 0.568547 0.140228 0.0419581
487 0.568547 0.124916 0.0402367
488 0.568547 0.138604 0.0452995
489 0.568547 0.118118 0.0393242
490 0.568547 0.122453 0.0412211
491 0.568547 0.125149 0.0396963
492 0.568547 0.130361 0.0422606
493 0.568547 0.12718 0.039476
494 0.568547 0.100755 0.0366456
495 0.568547 0.108091 0.0372982
496 0.568547 0.103241 0.0388836
497 0.568547 0.0976355 0.0358734
498 0.568547 0.122077 0.0425853
499 0.568547 0.10782 0.0389621
500 0.568547 0.132879 0.0451505
501 0.568547 0.123326 0.0434142
502 0.568547 0.10701 0.0413051
503 0.568547 0.11589 0.0422776
504 0.568547 0.101368 0.037352
505 0.568547 0.0956834 0.0360538
506 0.568547 0.110357 0.0399163
507 0.568547 0.104221 0.0346854
508 0.568547 0.116499 0.0378373
509 0.568547 0.103266 0.037254
510 0.568547 0.100107 0.0363112
511 0.568547 0.114322 0.0390915
512 0.568547 0.127285 0.0432679
513 0.568547 0.0862125 0.0321689
514 0.568547 0.104628 0.0365908
515 0.568547 0.115855 0.0389222
516 0.568547 0.116946 0.0379049
517 0.568547 0.12407 0.0367682
518 0.568547 0.129815 0.0394612
519 0.568547 0.133292 0.0433973
520 0.568547 0.122134 0.0404112
521 0.568547 0.126917 0.0412422
522 0.568547 0.10439 0.0360229
523 0.568547 0.127909 0.0413755
524 0.568547 0.113572 0.0387677
525 0.568547 0.110171 0.034735
526 0.568547 0.131375 0.039553
527 0.568547 0.129884 0.0401476
528 0.568547 0.102525 0.0337853
529 0.568547 0.112447 0.0391186
530 0.568547 0.124612 0.0407806
531 0.568547 0.141144 0.0454053
532 0.568547 0.139637 0.0428765
533 0.568547 0.116013 0.0413207
534 0.568547 0.095311 0.034699
535 0.568547 0.0970287 0.0341155
536 0.568547 0.103061 0.0380201
537 0.568547 0.101641 0.0374485
538 0.568547 0.109112 0.0374437
539 0.568547 0.0910023 0.0342697
540 0.568547 0.103315 0.0350344
541 0.568547 0.108228 0.0378988
542 0.568547 0.112958 0.0383886
543 0.568547 0.0982514 0.0376394
544 0.568547 0.112282 0.0371391
545 0.568547 0.112172 0.0388287
546 0.568547 0.102892 0.0406941
547 0.568547 0.108189 0.0376223
548 0.568547 0.099365 0.0368352
549 0.568547 0.104917 0.0377299
550 0.568547 0.0984357 0.0340123
551 0.568547 0.095593 0.0343391
552 0.568547 0.107598 0.0377962
553 0.568547 0.0989062 0.0381409
554 0.572865 0.100913 0.0394361
555 0.572865 0.0959187 0.037399
556 0.572865 0.0844178 0.0340525
557 0.572865 0.0958878 0.037165
558 0.572865 0.122003 0.045559
559 0.572865 0.112214 0.0387769
560 0.572865 0.109919 0.0382956
561 0.572865 0.110931 0.04015
562 0.572865 0.119798 0.042037
563 0.572865 0.102135 0.0329838
564 0.572865 0.0912388 0.0337429
565 0.572865 0.0978909 0.0360647
566 0.572865 0.102632 0.0412538
567 0.572865 0.0948009 0.0353181
568 0.572865 0.10827 0.0402755
569 0.572865 0.123814 0.0428561
570 0.572865 0.110882 0.0396517
571 0.572865 0.0962972 0.0345743
572 0.572865 0.125457 0.0392428
573 0.572865 0.0977333 0.0360903
574 0.572865 0.111354 0.0401408
575 0.572865 0.11855 0.0402039
576 0.572865 0.110138 0.0378774
577 0.572865 0.122646 0.0429852
578 0.572865 0.126133 0.0414352
579 0.572865 0.152218 0.0455644
580 0.572865 0.129258 0.0391224
581 0.572865 0.134258 0.0451816
582 0.572865 0.126179 0.0439346
583 0.572865 0.105746 0.0364643
584 0.572865 0.123438 0.0468311
585 0.577239 0.133671 0.0454401
586 0.577239 0.11228 0.0384798
587 0.577239 0.125135 0.040122
588 0.577239 0.117602 0.0383431
589 0.577239 0.114008 0.038943
590 0.577239 0.125991 0.0399348
591 0.577239 0.116018 0.0415396
592 0.577239 0.115003 0.0393894
593 0.577239 0.112148 0.0354082
594 0.577239 0.116383 0.0377038
595 0.577239 0.12333 0.0385045
596 0.577239 0.118564 0.0375887
597 0.577239 0.113493 0.0362372
598 0.577239 0.0956817 0.037307
599 0.577239 0.120105 0.0434944
600 0.577239 0.102871 0.0364512
601 0.577239 0.129719 0.0454904
602 0.577239 0.111543 0.0418808
603 0.577239 0.132521 0.0465275
604 0.577239 0.11739 0.0400012
605 0.577239 0.123437 0.0390763
606 0.577239 0.128701 0.0454395
607 0.577239 0.13963 0.046724
608 0.577239 0.131951 0.0421423
609 0.577239 0.13746 0.0449612
610 0.577239 0.140109 0.0474748
611 0.577239 0.123362 0.041498
612 0.577239 0.125042 0.0391126
613 0.577239 0.132109 0.0389333
614 0.577239 0.109259 0.0373028
615 0.577239 0.148182 0.0446555
616 0.577239 0.139946 0.0461572
617 0.577239 0.121999 0.0371581
618 0.577239 0.128146 0.0404034
619 0.577239 0.129681 0.0427197
620 0.577239 0.128056 0.0405249
621 0.577239 0.134754 0.0412417
622 0.577239 0.137814 0.0428123
623 0.577239 0.130969 0.0445707
624 0.577239 0.123878 0.0405044
625 0.577239 0.122846 0.0412688
626 0.577239 0.116075 0.0383965
627 0.577239 0.126812 0.0395174
628 0.577239 0.124672 0.0380948
629 0.577239 0.144377 0.0441173
630 0.577239 0.147952 0.0469835
631 0.577239 0.126059 0.0411163
632 0.577239 0.114451 0.0425566
633 0.577239 0.125873 0.0424418
634 0.577239 0.125514 0.0451575
635 0.577239 0.137103 0.0432627
636 0.577239 0.133396 0.0458396
637 0.577239 0.126587 0.0435675
638 0.577239 0.141435 0.0486665
639 0.577239 0.144918 0.0495417
640 0.577239 0.135388 0.0489235
641 0.577239 0.139882 0.0480223
642 0.577239 0.135282 0.0460258
643 0.577239 0.150767 0.0462097
644 0.577763 0.125514 0.0426171
645 0.577763 0.117724 0.0381637
646 0.577763 0.113338 0.0397363
647 0.577763 0.124608 0.0412756
648 0.577763 0.126546 0.0405156
649 0.577763 0.11833 0.0405803
650 0.577763 0.129098 0.0440602
651 0.577763 0.138705 0.0475968
652 0.577763 0.124421 0.0424037
653 0.577763 0.137214 0.0427972
654 0.577763 0.125285 0.0404221
655 0.577763 0.105535 0.0355827
656 0.577763 0.122423 0.0401968
657 0.577763 0.121457 0.0387188
658 0.577763 0.11835 0.0399622
659 0.577763 0.111064 0.0380815
660 0.577763 0.1164 0.0378323
661 0.577763 0.121928 0.0397308
662 0.577763 0.134398 0.0422474
663 0.577763 0.151108 0.0466773
664 0.577763 0.12591 0.042312
665 0.577763 0.129776 0.0405635
666 0.577763 0.15057 0.0469079
667 0.577763 0.133516 0.0435638
668 0.577763 0.131667 0.0413974
669 0.577763 0.148578 0.0436376
670 0.577763 0.15188 0.042114
671 0.577763 0.161272 0.0409731
672 0.577763 0.164108 0.0435988
673 0.577763 0.147301 0.0444705
674 0.577763 0.158148 0.0452774
675 0.577763 0.161386 0.0462267
676 0.577763 0.136755 0.0387307
677 0.577763 0.138029 0.0391841
678 0.577763 0.156679 0.0412807
679 0.577763 0.134584 0.0442819
680 0.577763 0.130063 0.042109
681 0.577763 0.126505 0.0446572
682 0.577763 0.10038 0.036156
683 0.577763 0.104307 0.0339845
684 0.577763 0.122401 0.0407412
685 0.577763 0.131178 0.0411633
686 0.577763 0.122109 0.0386545
687 0.577763 0.115181 0.0402804
688 0.577763 0.122013 0.040826
689 0.577763 0.146426 0.0477077
690 0.577763 0.154445 0.0463434
691 0.577763 0.118499 0.0400577
692 0.577763 0.132582 0.04366
693 0.577763 0.110204 0.0344509
694 0.577763 0.127327 0.0405426
695 0.577763 0.124161 0.0400699
696 0.577763 0.129006 0.0416138
697 0.577763 0.118688 0.037375
698 0.577763 0.124451 0.0379238
699 0.577763 0.144695 0.0428313
700 0.577763 0.118639 0.0430715
701 0.577763 0.140866 0.0478258
702 0.578086 0.150292 0.0486175
703 0.578086 0.113409 0.0389134
704 0.578086 0.121413 0.0401836
705 0.578086 0.124088 0.0397025
706 0.578086 0.127427 0.0426438
707 0.578086 0.130462 0.0470522
708 0.578086 0.128071 0.0475159
709 0.578086 0.116137 0.0442257
710 0.578086 0.115317 0.0389859
711 0.578086 0.11641 0.0425216
712 0.578086 0.123501 0.0465486
713 0.578086 0.119983 0.0394048
714 0.579299 0.117381 0.0425186
715 0.579299 0.133485 0.0444366
716 0.579299 0.120451 0.0446784
717 0.579299 0.12178 0.0452841
718 0.579299 0.113611 0.0422555
719 0.579299 0.124027 0.0457495
720 0.579299 0.0903864 0.0363134
721 0.579299 0.111133 0.0379243
722 0.579299 0.115228 0.0370131
723 0.579299 0.107825 0.0371822
724 0.579299 0.124217 0.0416536
725 0.579299 0.142105 0.0459903
726 0.579299 0.142109 0.0424341
727 0.579299 0.14826 0.0431419
728 0.579299 0.135712 0.0421929
729 0.579299 0.126858 0.0442153
730 0.579299 0.135536 0.0420555
731 0.579299 0.134702 0.0443868
732 0.579299 0.118979 0.0396044
733 0.579299 0.128135 0.0470639
734 0.579299 0.138994 0.0484111
735 0.579299 0.150202 0.0470593
736 0.579299 0.112065 0.0418143
737 0.579299 0.113574 0.038604
738 0.579299 0.135493 0.0421553
739 0.579299 0.132849 0.0450745
740 0.579299 0.127695 0.0444887
741 0.579299 0.14198 0.0465529
742 0.579299 0.150046 0.042146
743 0.579299 0.132677 0.0409591
744 0.579299 0.117798 0.0400347
745 0.579299 0.125532 0.0401927
746 0.579299 0.14624 0.0440753
747 0.579299 0.137387 0.04316
748 0.579299 0.134768 0.0418587
749 0.579299 0.123667 0.0419964
750 0.579299 0.125232 0.0432299
751 0.579299 0.110785 0.0380703
752 0.579299 0.119885 0.0424826
753 0.579299 0.135011 0.0447442
754 0.579299 0.121467 0.0362206
755 0.579299 0.144201 0.0424674
756 0.579299 0.115712 0.0384008
757 0.579299 0.13357 0.040177
758 0.579299 0.125991 0.0420809
759 0.579299 0.122288 0.0416087
760 0.579299 0.140132 0.0445606
761 0.579299 0.164377 0.0441969
762 0.579299 0.128716 0.0402007
763 0.579299 0.107505 0.0382188
764 0.579299 0.132203 0.0432962
765 0.579299 0.106719 0.0394215
766 0.579299 0.104409 0.0353538
767 0.579299 0.108421 0.0391703
768 0.579299 0.127634 0.0392428
769 0.579299 0.120036 0.0362034
770 0.579299 0.119061 0.0398688
771 0.579299 0.127749 0.0439859
772 0.579299 0.12344 0.0411641
773 0.579299 0.121915 0.0440221
774 0.579299 0.135081 0.0409579
775 0.579299 0.123185 0.0369279
776 0.579299 0.14473 0.0410251
777 0.579299 0.109698 0.035361
778 0.579299 0.111333 0.0361304
779 0.579299 0.133888 0.0432612
780 0.579299 0.144606 0.0423376
781 0.579299 0.163583 0.046061
782 0.579299 0.118837 0.0404277
783 0.579299 0.141357 0.0443392
784 0.579299 0.158836 0.0483818
785 0.579299 0.142146 0.0414581
786 0.579299 0.135998 0.0385258
787 0.579299 0.11728 0.0378664
788 0.579299 0.117539 0.0410308
789 0.579299 0.128998 0.0405685
790 0.579299 0.118032 0.0386811
791 0.579299 0.137406 0.0410629
792 0.579299 0.123798 0.0385281
793 0.579299 0.130362 0.036653
794 0.579299 0.1428 0.0440898
795 0.579299 0.146099 0.0463693
796 0.579299 0.124181 0.0423482
797 0.579299 0.133606 0.0456798
798 0.579299 0.13088 0.0407138
799 0.579299 0.124058 0.0411186
800 0.579299 0.147134 0.0408045
801 0.579299 0.129673 0.0394088
802 0.579299 0.129912 0.0399815
803 0.579299 0.128495 0.0399458
804 0.579299 0.1339 0.0387234
805 0.579299 0.114607 0.0347769
806 0.579299 0.122361 0.0368996
807 0.579299 0.117638 0.034001
808 0.579299 0.118814 0.0362761
809 0.579299 0.098006 0.0363429
810 0.579299 0.117947 0.0387667
811 0.579299 0.128921 0.0423389
812 0.579299 0.118088 0.0401515
813 0.579299 0.154203 0.0460747
814 0.579299 0.140034 0.0420564
815 0.579299 0.124319 0.0427281
816 0.579299 0.121994 0.0407805
817 0.579299 0.135066 0.0414482
818 0.579299 0.111617 0.0355516
819 0.579299 0.12481 0.0388296
820 0.579299 0.132526 0.043431
821 0.579493 0.133605 0.0429075
822 0.579493 0.113893 0.0394133
823 0.579493 0.111299 0.0387455
824 0.579493 0.133383 0.0434812
825 0.579493 0.119397 0.0402137
826 0.579506 0.111036 0.0376243
827 0.579506 0.12819 0.0443791
828 0.579506 0.123713 0.0430257
829 0.579506 0.139278 0.0437258
830 0.579506 0.111131 0.0375877
831 0.579506 0.0881651 0.034073
832 0.579506 0.108809 0.0387699
833 0.579506 0.104109 0.037318
834 0.579506 0.110305 0.0420203
835 0.579506 0.118448 0.0457444
836 0.579506 0.113236 0.0440491
837 0.579506 0.105641 0.0414496
838 0.579506 0.118085 0.0418712
839 0.579506 0.126112 0.0439349
840 0.579506 0.119596 0.0404029
841 0.579506 0.125751 0.0406154
842 0.579506 0.101065 0.03631
843 0.579506 0.120358 0.0452989
844 0.579506 0.136686 0.0442758
845 0.579506 0.117674 0.0410411
846 0.579506 0.116469 0.0388183
847 0.579506 0.113847 0.036834
848 0.579506 0.132844 0.0417095
849 0.579506 0.109625 0.0381364
850 0.579506 0.144874 0.0447247
851 0.579506 0.131882 0.0408469
852 0.579506 0.115699 0.037873
853 0.579506 0.10776 0.0351843
854 0.579506 0.098795 0.0351733
855 0.579873 0.11526 0.0424132
856 0.579873 0.120212 0.0436099
857 0.579873 0.11291 0.0422108
858 0.579873 0.118686 0.0427259
859 0.579873 0.12931 0.0424999
860 0.579873 0.141555 0.0474701
861 0.579873 0.141837 0.0445804
862 0.579873 0.118958 0.0375841
863 0.579873 0.125724 0.0435324
864 0.579873 0.1273 0.0438048
865 0.579873 0.136655 0.0465431
866 0.579873 0.114689 0.0382468
867 0.579873 0.133422 0.040623
868 0.579873 0.127498 0.0433862
869 0.579873 0.115218 0.0414045
870 0.579873 0.136257 0.0447915
871 0.579873 0.139934 0.0423694
872 0.579873 0.136247 0.0437907
873 0.579873 0.125741 0.0426444
874 0.579873 0.122365 0.0416601
875 0.579873 0.121776 0.0403707
876 0.579873 0.12709 0.0389712
877 0.579873 0.147504 0.0454265
878 0.579873 0.138716 0.0435972
879 0.579873 0.141884 0.0415755
880 0.579873 0.109422 0.0370992
881 0.579873 0.116935 0.0408305
882 0.579873 0.110812 0.0371234
883 0.579873 0.121943 0.0396145
884 0.579873 0.141527 0.0424845
885 0.579873 0.135326 0.0430801
886 0.579873 0.125017 0.0428277
887 0.579873 0.135253 0.0455501
888 0.579873 0.13325 0.0474006
889 0.579873 0.141492 0.0445591
890 0.579873 0.131959 0.0437281
891 0.579873 0.123349 0.0415295
892 0.579873 0.133599 0.0401688
893 0.579873 0.130563 0.0423016
894 0.579873 0.122347 0.0390197
895 0.579873 0.121638 0.0404347
896 0.579873 0.126859 0.0427607
897 0.579873 0.140948 0.0494099
898 0.579873 0.136283 0.0436825
899 0.579873 0.137277 0.0425691
900 0.579873 0.126911 0.0398228
901 0.579873 0.157772 0.0484995
902 0.579873 0.147414 0.0440284
903 0.579873 0.117434 0.041338
904 0.579873 0.140403 0.0435407
905 0.579873 0.121576 0.039792
906 0.579873 0.107139 0.0367511
907 0.579873 0.118813 0.0390476
908 0.579873 0.115728 0.0389335
909 0.579873 0.12671 0.040313
910 0.579873 0.125462 0.0391226
911 0.579873 0.157531 0.0461112
912 0.579873 0.161995 0.0451541
913 0.579873 0.178896 0.0469156
914 0.579873 0.160096 0.0454492
915 0.579873 0.167264 0.0480257
916 0.579873 0.144056 0.0469841
917 0.579873 0.156437 0.0462381
918 0.579873 0.118374 0.0387149
919 0.579873 0.125278 0.0415583
920 0.579873 0.126999 0.0441137
921 0.579873 0.110037 0.0392555
922 0.579873 0.0990056 0.0402365
923 0.579873 0.0991473 0.041344
924 0.579873 0.10319 0.0358621
925 0.579873 0.114028 0.0378445
926 0.579873 0.118739 0.0414766
927 0.579873 0.119466 0.043162
928 0.579873 0.118112 0.0436555
929 0.579873 0.117005 0.0364766
930 0.579873 0.134207 0.0427333
931 0.579873 0.137296 0.042821
932 0.579873 0.12504 0.0404078
933 0.579873 0.138838 0.0430132
934 0.579873 0.110392 0.0391489
935 0.579873 0.124568 0.0442785
936 0.579873 0.144533 0.0495972
937 0.579873 0.133172 0.0428562
938 0.579873 0.142459 0.0436104
939 0.579873 0.15039 0.0465407
940 0.579873 0.137807 0.0450129
941 0.579873 0.13755 0.0427507
942 0.579873 0.126993 0.0382865
943 0.579873 0.106892 0.0398596
944 0.579873 0.118289 0.0404686
945 0.579873 0.107478 0.0368519
946 0.579873 0.111726 0.0406474
947 0.579873 0.100946 0.0365013
948 0.579873 0.105859 0.0381204
949 0.579873 0.115886 0.0422584
950 0.579873 0.106992 0.0386312
951 0.579873 0.100102 0.0381077
952 0.579873 0.110697 0.0419621
953 0.579873 0.0908946 0.0351255
954 0.579873 0.101395 0.0366854
955 0.579873 0.0978171 0.0359643
956 0.579873 0.114014 0.0382215
957 0.579873 0.141046 0.0439333
958 0.579873 0.147385 0.0427099
959 0.579873 0.136477 0.0429702
960 0.579873 0.149668 0.0428069
961 0.579873 0.127258 0.0409786
962 0.579873 0.139533 0.0402833
963 0.579873 0.139786 0.0443317
964 0.579873 0.136782 0.0468911
965 0.579873 0.144461 0.0458554
966 0.579873 0.153758 0.0460108
967 0.579873 0.107981 0.0357423
968 0.579873 0.125516 0.0405816
969 0.579873 0.133755 0.0433205
970 0.579873 0.128074 0.0437851
971 0.579873 0.136444 0.0447569
972 0.579873 0.131182 0.0425802
973 0.579873 0.140854 0.0463873
974 0.579873 0.119899 0.0406979
975 0.579873 0.112827 0.0383567
976 0.579873 0.140095 0.0426814
977 0.579873 0.11732 0.0386233
978 0.579873 0.128198 0.0432377
979 0.579873 0.113418 0.0376929
980 0.579873 0.124796 0.0424945
981 0.579873 0.138438 0.0476633
982 0.579873 0.143084 0.0470214
983 0.579873 0.131942 0.0441921
984 0.579873 0.127665 0.0458
985 0.579873 0.117525 0.0403376
986 0.579873 0.0986402 0.037481
987 0.579873 0.115829 0.0407376
988 0.579873 0.110202 0.0390702
989 0.579873 0.136217 0.0426993
990 0.579873 0.119449 0.0415886
991 0.579873 0.118952 0.0393561
992 0.579873 0.102936 0.0362196
993 0.579873 0.117437 0.0431556
994 0.579873 0.120657 0.0414259
995 0.579873 0.106892 0.0397156
996 0.579873 0.123978 0.0431875
997 0.579873 0.105894 0.0356998
998 0.579873 0.112064 0.0409656
999 0.579873 0.111109 0.0362962
1000 0.579873 0.103661 0.0376866
