0 0.125278 0.0552104 0.00388137
1 0.125278 0.0689817 0.00389455
2 0.125278 0.075131 0.00378373
3 0.125278 0.0715394 0.0038522
4 0.125278 0.0776573 0.00371591
5 0.125278 0.0839082 0.00348786
6 0.125278 0.093895 0.00295828
7 0.125278 0.0925038 0.00301466
8 0.125278 0.100134 0.00252911
9 0.125278 0.0964036 0.00279702
10 0.125278 0.100133 0.00253079
11 0.125278 0.0963809 0.00279934
12 0.360957 0.0963309 0.00365324
13 0.360957 0.105007 0.00299539
14 0.360957 0.103755 0.00309984
15 0.360957 0.111486 0.00237376
16 0.432762 0.115307 0.00332496
17 0.432762 0.109337 0.00394781
18 0.432762 0.113066 0.00358488
19 0.432762 0.112984 0.00455016
20 0.455634 0.116102 0.00705627
21 0.455634 0.131272 0.00814516
22 0.455634 0.125668 0.0111811
23 0.521308 0.134476 0.013819
23 0.509349 0.051487 0.0179308
24 0.509349 0.0666905 0.0217541
25 0.509349 0.0611294 0.0201499
26 0.52814 0.0680254 0.0226934
27 0.52814 0.0744415 0.0263153
28 0.52814 0.0755706 0.0279707
29 0.533308 0.0796627 0.0289235
30 0.533308 0.0870807 0.0300144
31 0.533308 0.0904791 0.0312852
32 0.533308 0.100309 0.0337361
33 0.533308 0.112243 0.0389817
34 0.533308 0.101742 0.0348081
35 0.559908 0.122693 0.0409962
36 0.559908 0.134412 0.0419909
37 0.559908 0.116463 0.0400418
38 0.559908 0.111122 0.0369918
39 0.559908 0.130699 0.0411766
40 0.559908 0.124895 0.0384279
41 0.559908 0.133646 0.0407553
42 0.559908 0.132525 0.0403633
43 0.559908 0.106964 0.0364322
44 0.559908 0.120881 0.0391179
45 0.559908 0.125177 0.037702
46 0.563638 0.144645 0.0441124
47 0.563638 0.134526 0.0439993
48 0.563638 0.145465 0.0448784
49 0.563638 0.135463 0.0432648
50 0.563638 0.105767 0.03602
51 0.563638 0.108051 0.038638
52 0.563638 0.131006 0.0435978
53 0.563638 0.125049 0.0426774
54 0.579195 0.138894 0.0445423
55 0.579195 0.128839 0.0420919
56 0.579195 0.139603 0.0465435
57 0.579195 0.148747 0.0467647
58 0.579195 0.174979 0.0526975
59 0.590344 0.151026 0.0469063
60 0.590344 0.127573 0.0447092
61 0.590344 0.122281 0.0435818
62 0.590344 0.128735 0.0408909
63 0.590344 0.121636 0.0383764
64 0.590344 0.123717 0.0389856
65 0.590344 0.176873 0.050425
66 0.590344 0.179596 0.0465921
67 0.590344 0.17521 0.0460877
68 0.590683 0.184478 0.0522747
69 0.590683 0.161548 0.0455214
70 0.590683 0.173224 0.0486871
71 0.590683 0.177972 0.0506976
72 0.590683 0.191334 0.0502711
73 0.590683 0.179462 0.0463265
74 0.590683 0.180954 0.0447925
75 0.590683 0.19255 0.0488337
76 0.590683 0.177534 0.0491838
77 0.592684 0.161621 0.0455459
78 0.592684 0.156205 0.0446027
79 0.592684 0.159663 0.0442831
80 0.60507 0.155775 0.0472676
81 0.60507 0.164107 0.051664
82 0.60507 0.158046 0.0460532
83 0.60507 0.184916 0.052324
84 0.60507 0.173408 0.0528764
85 0.60507 0.144857 0.0477199
86 0.60507 0.142628 0.0444508
87 0.60507 0.129564 0.0419318
88 0.60507 0.131572 0.043024
89 0.60507 0.154574 0.0497026
90 0.60507 0.12072 0.041298
91 0.60507 0.155168 0.0492642
92 0.60507 0.143114 0.0470122
93 0.60507 0.152873 0.0486085
94 0.60507 0.182251 0.053182
95 0.60507 0.177445 0.049983
96 0.60507 0.173605 0.0537219
97 0.60507 0.13599 0.0464674
98 0.60507 0.145846 0.0498085
99 0.60507 0.14254 0.0466287
100 0.60507 0.153527 0.0453041
101 0.60507 0.15875 0.0506223
102 0.60507 0.15979 0.0519517
103 0.60507 0.148056 0.0456579
104 0.60507 0.178129 0.0517857
105 0.60507 0.172113 0.0512166
106 0.60507 0.191996 0.0529338
107 0.60507 0.201164 0.05147
108 0.60507 0.209736 0.0535005
109 0.60507 0.168856 0.0503574
110 0.60507 0.159623 0.0465397
111 0.60507 0.17142 0.0523263
112 0.60507 0.188746 0.0545802
113 0.60507 0.144255 0.0474993
114 0.60507 0.163712 0.0532837
115 0.60507 0.193551 0.0549261
116 0.60507 0.18568 0.047477
117 0.60507 0.18338 0.0502708
118 0.60507 0.198783 0.0530552
119 0.60507 0.214272 0.0563878
120 0.60507 0.195787 0.0538076
121 0.60507 0.166343 0.0489763
122 0.60507 0.167905 0.0547297
123 0.60507 0.147145 0.0504359
124 0.60507 0.168575 0.0515114
125 0.60507 0.180484 0.0545369
126 0.60507 0.193997 0.054571
127 0.60507 0.212489 0.0556169
128 0.60507 0.202568 0.0531167
129 0.60507 0.198033 0.0527938
130 0.60507 0.181513 0.0471173
131 0.60507 0.192079 0.0488237
132 0.60507 0.175235 0.0488999
133 0.60507 0.208499 0.0541975
134 0.60507 0.219138 0.0571086
135 0.60507 0.199573 0.0517925
136 0.60507 0.205719 0.0493415
137 0.60507 0.172045 0.0514517
138 0.60507 0.18838 0.0498251
139 0.60507 0.194657 0.0529865
140 0.60507 0.201 0.0552688
141 0.60507 0.190976 0.0556898
142 0.60507 0.222559 0.0593851
143 0.60507 0.238142 0.0548861
144 0.60507 0.234523 0.0511124
145 0.60507 0.216233 0.0564859
146 0.60507 0.197384 0.054725
147 0.60507 0.211875 0.0541777
148 0.60507 0.212689 0.0581916
149 0.60507 0.213005 0.0568036
150 0.605363 0.222582 0.0578345
151 0.605363 0.228884 0.0525377
152 0.605363 0.192628 0.0484509
153 0.605363 0.19861 0.0539004
154 0.605363 0.193364 0.053065
155 0.605363 0.208978 0.0534065
156 0.605363 0.187259 0.0508154
157 0.605363 0.201372 0.0576121
158 0.605363 0.203683 0.0557765
159 0.605363 0.227193 0.0548736
160 0.605363 0.204547 0.0553995
161 0.605363 0.190134 0.0576474
162 0.605363 0.203186 0.0545524
163 0.605363 0.208342 0.0574358
164 0.605363 0.218021 0.0603281
165 0.605363 0.218319 0.0587407
166 0.605363 0.23221 0.0579636
167 0.605363 0.200842 0.050781
168 0.605363 0.229879 0.0533437
169 0.605363 0.230639 0.053606
170 0.605363 0.228156 0.0577579
171 0.605363 0.212342 0.0551019
172 0.605363 0.212464 0.0593101
173 0.605363 0.203428 0.0540808
174 0.605363 0.205884 0.0545896
175 0.605363 0.219643 0.0523321
176 0.605363 0.237555 0.0589974
177 0.605363 0.217617 0.0605174
178 0.605363 0.211466 0.0564446
179 0.605363 0.204356 0.054876
180 0.605363 0.153646 0.0518273
181 0.605363 0.183341 0.0564642
182 0.605363 0.224538 0.0579203
183 0.605363 0.185956 0.0541092
184 0.605363 0.190755 0.0528658
185 0.605363 0.207567 0.0563953
186 0.605363 0.207953 0.054858
187 0.605363 0.199658 0.0540742
188 0.605363 0.198157 0.0553728
189 0.605363 0.203329 0.0537483
190 0.605363 0.204773 0.0506181
191 0.605363 0.182236 0.0527802
192 0.605363 0.201086 0.0565154
193 0.605363 0.187884 0.0508067
194 0.605363 0.222987 0.0562615
195 0.605363 0.189882 0.0557418
196 0.605363 0.170742 0.0507753
197 0.605363 0.160559 0.0544107
198 0.605363 0.178388 0.0486469
199 0.605363 0.18363 0.0534947
200 0.605363 0.17257 0.0529892
201 0.605363 0.212279 0.0534966
202 0.605363 0.213455 0.0562216
203 0.605363 0.210131 0.0572683
204 0.605363 0.21684 0.0514003
205 0.605363 0.227842 0.0526693
206 0.605363 0.223591 0.05019
207 0.605363 0.223438 0.0513741
208 0.605363 0.237902 0.0556858
209 0.605363 0.205075 0.0569984
210 0.605363 0.19404 0.0568016
211 0.605363 0.180215 0.0564062
212 0.605363 0.152943 0.0528747
213 0.605363 0.137293 0.0493993
214 0.605363 0.171492 0.0535661
215 0.605363 0.17895 0.0586068
216 0.605363 0.173516 0.0552818
217 0.605363 0.172329 0.0483793
218 0.605363 0.187918 0.0561607
219 0.605363 0.159897 0.0507037
220 0.605363 0.19151 0.0581657
221 0.605363 0.181006 0.0494051
222 0.605585 0.186972 0.053068
223 0.605585 0.203212 0.0481468
224 0.605592 0.209201 0.0502301
225 0.605592 0.206212 0.0513137
226 0.605592 0.205333 0.0525791
227 0.605592 0.222298 0.0569488
228 0.605592 0.21169 0.0560929
229 0.605592 0.204639 0.0571485
230 0.605592 0.225182 0.0585556
231 0.605592 0.207497 0.0510872
232 0.605592 0.2101 0.0522354
233 0.605592 0.216802 0.0554987
234 0.605592 0.208813 0.0569481
235 0.605592 0.21515 0.0526431
236 0.605592 0.189426 0.0515473
237 0.605592 0.173618 0.051304
238 0.605592 0.193337 0.0557091
239 0.605592 0.176788 0.0499585
240 0.605592 0.19413 0.053379
241 0.605592 0.18603 0.0523914
242 0.605592 0.154901 0.0489439
243 0.605592 0.159945 0.0497536
244 0.605592 0.163507 0.0535081
245 0.605592 0.146969 0.0494262
246 0.605592 0.176456 0.0523216
247 0.605592 0.207764 0.0592263
248 0.605592 0.217733 0.0594755
249 0.605592 0.208471 0.0614661
250 0.605592 0.205024 0.0620832
251 0.605592 0.182091 0.0570253
252 0.605592 0.178339 0.0530824
253 0.605592 0.200689 0.0548303
254 0.605592 0.203206 0.0540112
255 0.605592 0.214251 0.0606155
256 0.605592 0.241671 0.0544236
257 0.605592 0.243449 0.0572061
258 0.605592 0.235061 0.0567344
259 0.605592 0.209167 0.0609508
260 0.605592 0.227311 0.0568951
261 0.605592 0.231888 0.0542261
262 0.605592 0.233196 0.0552241
263 0.605592 0.237648 0.0559733
264 0.605592 0.226539 0.0580549
265 0.605592 0.224687 0.0556188
266 0.605592 0.205091 0.0550448
267 0.605592 0.216052 0.0567611
268 0.605592 0.21895 0.0561523
269 0.605592 0.197737 0.0523063
270 0.605592 0.184736 0.0537866
271 0.605592 0.159781 0.0485548
272 0.605592 0.218948 0.0513435
273 0.605592 0.226147 0.0562032
274 0.605592 0.180653 0.0552414
275 0.605592 0.188515 0.0605801
276 0.605592 0.173026 0.0515811
277 0.606888 0.165609 0.0490087
278 0.606888 0.183226 0.0508415
279 0.606888 0.179411 0.0490157
280 0.606888 0.193748 0.0527106
281 0.606888 0.177409 0.049895
282 0.606888 0.185465 0.0508081
283 0.606888 0.191059 0.0579245
284 0.606888 0.191754 0.0499793
285 0.606888 0.207373 0.0530457
286 0.606888 0.203907 0.053099
287 0.606888 0.204829 0.0539823
288 0.606888 0.197085 0.0513622
289 0.606888 0.21404 0.0562511
290 0.606888 0.244351 0.0513495
291 0.606888 0.198537 0.0523784
292 0.606888 0.210463 0.0573526
293 0.606888 0.207769 0.0507048
294 0.606888 0.204869 0.0507745
295 0.606888 0.179756 0.0501639
296 0.606888 0.174761 0.0515602
297 0.606888 0.192886 0.0570223
298 0.606888 0.215629 0.0546443
299 0.606888 0.195596 0.0569215
300 0.606888 0.18522 0.0535962
301 0.606888 0.19302 0.0546065
302 0.606888 0.201306 0.0539478
303 0.606888 0.196383 0.0514012
304 0.606888 0.210314 0.0517166
305 0.606888 0.235249 0.0569879
306 0.606888 0.206078 0.0488951
307 0.606888 0.196861 0.054028
308 0.606888 0.194751 0.0482812
309 0.606888 0.189133 0.0522613
310 0.606888 0.215648 0.059204
311 0.606888 0.208187 0.060458
312 0.606888 0.184378 0.0562306
313 0.606888 0.184156 0.0535719
314 0.606888 0.215413 0.0568184
315 0.606888 0.207098 0.0558892
316 0.606888 0.218924 0.0539444
317 0.606888 0.20748 0.056447
318 0.606888 0.208618 0.0556328
319 0.606888 0.210739 0.0542735
320 0.606888 0.198643 0.0496604
321 0.606888 0.211575 0.0533089
322 0.606888 0.208837 0.0526502
323 0.606888 0.210992 0.0532568
324 0.606888 0.191808 0.0524105
325 0.606888 0.16859 0.0528804
326 0.606888 0.170639 0.0536716
327 0.606888 0.172242 0.0480399
328 0.606888 0.154257 0.0451852
329 0.606888 0.167722 0.0476644
330 0.606888 0.189028 0.0509419
331 0.606888 0.202233 0.0553076
332 0.606888 0.202132 0.0550421
333 0.606888 0.241743 0.0505349
334 0.606888 0.23616 0.0530727
335 0.606888 0.236073 0.0492411
336 0.606888 0.235921 0.0512174
337 0.606888 0.235764 0.0514141
338 0.606888 0.234703 0.0534895
339 0.606888 0.24507 0.0584327
340 0.606888 0.248744 0.0524528
341 0.606888 0.238419 0.0555376
342 0.606888 0.203424 0.0537232
343 0.606888 0.196032 0.054071
344 0.606888 0.200715 0.0495081
345 0.606888 0.236948 0.052127
346 0.606888 0.228132 0.0558313
347 0.606888 0.205805 0.0498757
348 0.606888 0.232236 0.0608554
349 0.606888 0.204795 0.0554151
350 0.606888 0.200568 0.0533226
351 0.606888 0.202267 0.0460455
352 0.606888 0.215019 0.0496603
353 0.606888 0.225068 0.0517215
354 0.606888 0.217822 0.053582
355 0.606888 0.202212 0.0524849
356 0.606888 0.229495 0.0564224
357 0.606888 0.21472 0.0578996
358 0.606888 0.202233 0.0555412
359 0.606888 0.221566 0.0553564
360 0.606888 0.20269 0.057601
361 0.606888 0.194743 0.0536907
362 0.606888 0.222278 0.0600435
363 0.606888 0.231668 0.0605259
364 0.606888 0.244976 0.056374
365 0.606888 0.258253 0.058985
366 0.606888 0.239511 0.0581801
367 0.606888 0.248344 0.0544282
368 0.606888 0.242133 0.05986
369 0.606888 0.236633 0.0549469
370 0.606888 0.236235 0.0557688
371 0.606888 0.241139 0.0566425
372 0.606888 0.218314 0.0554468
373 0.606888 0.21598 0.0555833
374 0.606888 0.21283 0.0536417
375 0.606888 0.221701 0.0520106
376 0.606888 0.223344 0.0533617
377 0.606888 0.234 0.0549531
378 0.606888 0.205946 0.0564569
379 0.606888 0.194577 0.0575978
380 0.606888 0.180545 0.0584949
381 0.606888 0.16814 0.0520609
382 0.606888 0.189845 0.0560984
383 0.606888 0.237903 0.0594494
384 0.606888 0.224613 0.0583461
385 0.606888 0.200889 0.0549531
386 0.606888 0.186488 0.0526667
387 0.606888 0.197823 0.0545395
388 0.606888 0.202754 0.0503721
389 0.606888 0.176668 0.0490326
390 0.606888 0.178083 0.0497996
391 0.606888 0.195818 0.0532017
392 0.606888 0.197662 0.0492624
393 0.606888 0.186568 0.050781
394 0.606888 0.195948 0.0582016
395 0.606888 0.191966 0.0563404
396 0.606888 0.197747 0.0542793
397 0.606888 0.204455 0.0526996
398 0.606888 0.18091 0.0517534
399 0.606888 0.194984 0.0570079
400 0.606888 0.20467 0.0534389
401 0.606888 0.210526 0.0566003
402 0.606888 0.19341 0.056255
403 0.606888 0.218967 0.0589752
404 0.606888 0.207045 0.0535012
405 0.606888 0.190788 0.0550128
406 0.606888 0.206494 0.0564952
407 0.606888 0.210109 0.0549275
408 0.606888 0.185903 0.0536785
409 0.606888 0.222476 0.0598625
410 0.606888 0.206305 0.0510828
411 0.606888 0.212184 0.0550058
412 0.606888 0.215983 0.0596138
413 0.606888 0.195821 0.0548162
414 0.606888 0.2029 0.0549929
415 0.606888 0.21131 0.0582904
416 0.606888 0.192319 0.0524401
417 0.606888 0.184554 0.0538597
418 0.606888 0.179849 0.0495416
419 0.606888 0.175101 0.0532802
420 0.606888 0.178813 0.0547401
421 0.606888 0.203794 0.0575662
422 0.606888 0.186358 0.0561172
423 0.606888 0.179456 0.0577886
424 0.606888 0.188525 0.0571163
425 0.606888 0.204634 0.057749
426 0.606888 0.16176 0.0493591
427 0.606888 0.193283 0.0530794
428 0.606888 0.193951 0.0529287
429 0.606888 0.202946 0.053829
430 0.606888 0.197638 0.0530513
431 0.606888 0.221895 0.0587901
432 0.606888 0.231301 0.0553448
433 0.606888 0.221529 0.0544455
434 0.606888 0.201565 0.050618
435 0.606888 0.189851 0.0463242
436 0.606888 0.189399 0.0535815
437 0.606888 0.194544 0.0555258
438 0.606888 0.178547 0.0536929
439 0.606888 0.179514 0.0536727
440 0.606888 0.171605 0.0567467
441 0.606888 0.158902 0.0500182
442 0.606888 0.160108 0.0531431
443 0.606888 0.151469 0.0499424
444 0.606888 0.175458 0.0508892
445 0.606888 0.177469 0.0511745
446 0.606888 0.159383 0.0472131
447 0.606888 0.191181 0.0495154
448 0.606888 0.186041 0.0559029
449 0.606888 0.193744 0.0537669
450 0.606888 0.192132 0.0573995
451 0.606888 0.207572 0.0524399
452 0.606888 0.22946 0.0541401
453 0.606888 0.225517 0.054256
454 0.606888 0.177907 0.0469899
455 0.606888 0.170978 0.0519969
456 0.606888 0.167952 0.0522601
457 0.606888 0.163354 0.0530433
458 0.606888 0.167284 0.0542715
459 0.606888 0.192764 0.0545117
460 0.606888 0.201253 0.0515094
461 0.606888 0.185358 0.0487813
462 0.606888 0.200753 0.0546713
463 0.606888 0.198611 0.0540488
464 0.607876 0.185415 0.0534227
465 0.607876 0.209708 0.0580187
466 0.607876 0.217514 0.0562601
467 0.607876 0.202343 0.0563785
468 0.607876 0.215128 0.0546852
469 0.607876 0.199001 0.0549738
470 0.607876 0.228871 0.0610381
471 0.607876 0.208592 0.0578817
472 0.607876 0.218345 0.0538903
473 0.607876 0.200089 0.053351
474 0.607876 0.199182 0.053002
475 0.607876 0.193986 0.050996
476 0.607876 0.192815 0.0528181
477 0.607876 0.189691 0.0533141
478 0.607876 0.191761 0.0524043
479 0.607876 0.212711 0.055187
480 0.607876 0.215719 0.0543452
481 0.607876 0.2103 0.0564458
482 0.607876 0.239545 0.0544396
483 0.607876 0.249699 0.0565804
484 0.607876 0.21288 0.059421
485 0.607876 0.188912 0.0556122
486 0.607876 0.188367 0.0533852
487 0.607876 0.194616 0.0558502
488 0.607876 0.217275 0.0540532
489 0.607876 0.227036 0.0575004
490 0.607876 0.223837 0.0560553
491 0.607876 0.23013 0.0507106
492 0.607876 0.220757 0.0498492
493 0.607876 0.21777 0.0566336
494 0.607876 0.213811 0.0573085
495 0.607876 0.196975 0.0549616
496 0.607876 0.183455 0.0571089
497 0.607876 0.224854 0.055885
498 0.607876 0.207502 0.0533306
499 0.607876 0.177663 0.0485117
500 0.607876 0.189525 0.0510292
501 0.607876 0.196204 0.0552023
502 0.607876 0.198198 0.0546654
503 0.607876 0.221965 0.0582408
504 0.607876 0.213512 0.0511415
505 0.607876 0.244375 0.0562192
506 0.607876 0.228104 0.0568127
507 0.607876 0.225608 0.049771
508 0.607876 0.211846 0.0480116
509 0.607876 0.234363 0.0536832
510 0.607876 0.215289 0.0482039
511 0.607876 0.226585 0.0558243
512 0.607876 0.213334 0.0544188
513 0.607876 0.180941 0.05264
514 0.607876 0.220576 0.0532415
515 0.607876 0.221241 0.0512158
516 0.607876 0.236796 0.0555555
517 0.607876 0.239026 0.0538129
518 0.607876 0.273888 0.0556824
519 0.607876 0.241457 0.0525643
520 0.607876 0.236986 0.0539704
521 0.607876 0.198756 0.0518918
522 0.607876 0.1898 0.0527747
523 0.607876 0.196853 0.0500902
524 0.607876 0.211568 0.0549954
525 0.607876 0.225889 0.0531511
526 0.607876 0.188566 0.0516801
527 0.607876 0.180822 0.0561012
528 0.607876 0.186452 0.0548259
529 0.607876 0.186092 0.0566692
530 0.607876 0.190746 0.0562162
531 0.607876 0.184037 0.0565324
532 0.607876 0.188353 0.0525461
533 0.607876 0.195042 0.0535348
534 0.607876 0.17913 0.0552317
535 0.607876 0.188113 0.0569311
536 0.607876 0.204299 0.0555175
537 0.607876 0.186112 0.0524678
538 0.607876 0.204562 0.0567334
539 0.607876 0.18534 0.0562239
540 0.607876 0.207939 0.0582434
541 0.607876 0.212977 0.0590406
542 0.607876 0.211304 0.0610247
543 0.607876 0.212169 0.0584712
544 0.607876 0.192405 0.0541042
545 0.607876 0.189133 0.0549276
546 0.607876 0.19427 0.0508377
547 0.607876 0.17599 0.050238
548 0.607876 0.207755 0.0545229
549 0.607876 0.197375 0.0587457
550 0.607876 0.193133 0.0532937
551 0.607876 0.20191 0.0548299
552 0.607876 0.203712 0.0578075
553 0.607876 0.20025 0.0563545
554 0.607876 0.222717 0.0535192
555 0.607876 0.21782 0.0522912
556 0.607876 0.192767 0.0481544
557 0.607876 0.197896 0.0537253
558 0.607876 0.192203 0.0522161
559 0.607876 0.204988 0.0575397
560 0.607876 0.173597 0.0529525
561 0.607876 0.196509 0.0572621
562 0.607876 0.172404 0.0495461
563 0.607876 0.183535 0.0514078
564 0.607876 0.178011 0.0531217
565 0.607876 0.193835 0.0535242
566 0.607876 0.235337 0.0564805
567 0.607876 0.21146 0.0565784
568 0.607876 0.218862 0.0576441
569 0.607876 0.208769 0.0499742
570 0.607876 0.207328 0.052415
571 0.607876 0.215122 0.061011
572 0.607876 0.216453 0.0570988
573 0.607876 0.226076 0.0592264
574 0.607876 0.22879 0.0576749
575 0.607876 0.227263 0.0625231
576 0.607876 0.190587 0.0551733
577 0.607876 0.209534 0.0548312
578 0.607876 0.204532 0.0564011
579 0.607876 0.202378 0.0577643
580 0.607876 0.193765 0.0554743
581 0.607876 0.211103 0.0613752
582 0.607876 0.184516 0.0576554
583 0.607876 0.19644 0.0532905
584 0.607876 0.197186 0.0551561
585 0.607876 0.204963 0.0494798
586 0.607876 0.218112 0.055666
587 0.607876 0.232253 0.0581825
588 0.607876 0.230992 0.0548676
589 0.607876 0.221938 0.0555552
590 0.607876 0.20754 0.054307
591 0.607876 0.208602 0.0556429
592 0.607876 0.201221 0.0535886
593 0.607876 0.203347 0.0517117
594 0.607876 0.225186 0.0512836
595 0.607876 0.208126 0.0562556
596 0.607876 0.192484 0.0563017
597 0.607876 0.185031 0.052841
598 0.607876 0.20842 0.0563541
599 0.607876 0.223078 0.0543437
600 0.607876 0.219905 0.0531035
601 0.607876 0.225154 0.052677
602 0.607876 0.212182 0.0530157
603 0.607876 0.23394 0.0539676
604 0.607876 0.211406 0.0524853
605 0.607876 0.204354 0.0576382
606 0.607876 0.196738 0.0549692
607 0.607876 0.182996 0.054011
608 0.607876 0.181442 0.0524
609 0.607876 0.188265 0.055356
610 0.607876 0.183521 0.0534242
611 0.607876 0.190865 0.0542782
612 0.607876 0.179127 0.0519905
613 0.607876 0.193866 0.0575724
614 0.607876 0.159245 0.0508633
615 0.607876 0.184202 0.057091
616 0.607876 0.169006 0.050657
617 0.607876 0.199453 0.0562349
618 0.607876 0.177836 0.0498221
619 0.607876 0.158662 0.0514621
620 0.607876 0.192005 0.0526401
621 0.607876 0.200167 0.0529785
622 0.607876 0.205187 0.0547566
623 0.607876 0.174405 0.0494311
624 0.607876 0.210794 0.0532867
625 0.607876 0.194888 0.0544191
626 0.607876 0.200821 0.0555038
627 0.607876 0.237627 0.0552444
628 0.607876 0.21974 0.0541154
629 0.607876 0.195745 0.0529595
630 0.607876 0.16995 0.0463711
631 0.607876 0.183831 0.0468008
632 0.607876 0.17382 0.0512169
633 0.607876 0.232338 0.0521048
634 0.607876 0.203538 0.053708
635 0.607876 0.18505 0.0513026
636 0.607876 0.192596 0.054234
637 0.607876 0.175415 0.0517928
638 0.607876 0.173674 0.0539472
639 0.607876 0.21695 0.058724
640 0.607876 0.204908 0.054155
641 0.607876 0.215633 0.0597911
642 0.607876 0.231621 0.0571061
643 0.607876 0.213453 0.0503856
644 0.607876 0.227083 0.0548036
645 0.607876 0.175532 0.0508196
646 0.607876 0.182182 0.0557651
647 0.607876 0.180974 0.0568304
648 0.607876 0.206179 0.0562365
649 0.607876 0.20804 0.0540198
650 0.607876 0.204736 0.0549436
651 0.607876 0.207764 0.0557893
652 0.607876 0.187187 0.0537927
653 0.607876 0.190999 0.0555443
654 0.607876 0.214697 0.0574696
655 0.607876 0.234669 0.0568911
656 0.607876 0.236349 0.0573436
657 0.607876 0.203707 0.0533511
658 0.607876 0.16807 0.0498482
659 0.607876 0.180152 0.0519422
660 0.607876 0.195389 0.0587531
661 0.607876 0.216013 0.0561381
662 0.607876 0.170351 0.0525444
663 0.607876 0.19092 0.0511162
664 0.607876 0.14301 0.0464334
665 0.607876 0.15977 0.0518914
666 0.607876 0.178757 0.0564754
667 0.607876 0.169259 0.0520125
668 0.607876 0.189711 0.0567948
669 0.607876 0.196263 0.0537522
670 0.607876 0.211335 0.0568246
671 0.607876 0.213415 0.0561618
672 0.607876 0.216164 0.0595679
673 0.607876 0.234179 0.0584597
674 0.607876 0.220746 0.0598328
675 0.607876 0.214668 0.059023
676 0.607876 0.211996 0.0530187
677 0.607876 0.215989 0.0554836
678 0.607876 0.204574 0.0569566
679 0.607876 0.173609 0.0522975
680 0.607876 0.167464 0.052408
681 0.607876 0.198105 0.0550984
682 0.607876 0.222959 0.0575391
683 0.607876 0.205422 0.0530183
684 0.607876 0.211249 0.0505604
685 0.607876 0.216503 0.0549505
686 0.607876 0.207841 0.0559019
687 0.607876 0.21576 0.0588772
688 0.607876 0.215192 0.0569695
689 0.607876 0.207328 0.0524011
690 0.607876 0.205551 0.0564848
691 0.607876 0.196742 0.0567248
692 0.607876 0.202779 0.0589771
693 0.607876 0.198627 0.0551492
694 0.607876 0.185639 0.0491365
695 0.607876 0.180046 0.0496435
696 0.607876 0.22087 0.0567937
697 0.607876 0.189373 0.0494076
698 0.607876 0.20867 0.058472
699 0.607876 0.238974 0.054624
700 0.607876 0.233723 0.0551359
701 0.607876 0.218885 0.0578041
702 0.607876 0.208462 0.0529079
703 0.607876 0.218095 0.0513031
704 0.607876 0.199923 0.0491317
705 0.607876 0.193761 0.0488587
706 0.607876 0.206451 0.0526297
707 0.607876 0.219012 0.0564038
708 0.607876 0.191259 0.057023
709 0.607876 0.182356 0.0481572
710 0.607876 0.197369 0.0526472
711 0.607876 0.183859 0.0524763
712 0.607876 0.174961 0.0526477
713 0.607876 0.212737 0.0580094
714 0.607876 0.210031 0.0585777
715 0.607876 0.231741 0.0577899
716 0.607876 0.196115 0.0537688
717 0.607876 0.203793 0.0530886
718 0.607876 0.181778 0.0477897
719 0.607876 0.181851 0.0495381
720 0.607876 0.197048 0.0564003
721 0.607876 0.197465 0.0470405
722 0.607876 0.186421 0.0498231
723 0.607876 0.196058 0.0520787
724 0.607876 0.199588 0.0535209
725 0.607876 0.19261 0.0525732
726 0.607876 0.185257 0.0508125
727 0.607876 0.184647 0.0527423
728 0.607876 0.179308 0.0489783
729 0.607876 0.20495 0.0576804
730 0.607876 0.19739 0.0567563
731 0.607876 0.197191 0.055019
732 0.607876 0.186266 0.0567577
733 0.607876 0.190166 0.0515778
734 0.607876 0.201423 0.0502818
735 0.607876 0.188311 0.0524351
736 0.607876 0.193403 0.054797
737 0.607876 0.190748 0.0584376
738 0.607876 0.179932 0.0530601
739 0.607876 0.165242 0.0496421
740 0.607876 0.168392 0.0548728
741 0.607876 0.198247 0.0548441
742 0.607876 0.205629 0.0556841
743 0.607876 0.167172 0.0538896
744 0.607876 0.180179 0.0538774
745 0.607876 0.179814 0.0536304
746 0.607876 0.194595 0.0592227
747 0.607876 0.2038 0.0584673
748 0.607876 0.192635 0.0571118
749 0.607876 0.19121 0.0624369
750 0.607876 0.195161 0.0582569
751 0.607876 0.176629 0.0508121
752 0.607876 0.214317 0.0589925
753 0.607876 0.226092 0.0636895
754 0.607876 0.226054 0.0599587
755 0.607876 0.218775 0.0587467
756 0.607876 0.2012 0.0546552
757 0.607876 0.180756 0.055103
758 0.607876 0.199574 0.0565911
759 0.607876 0.185465 0.0486733
760 0.607876 0.195782 0.0510053
761 0.607876 0.241195 0.0548508
762 0.607876 0.181527 0.0544989
763 0.607876 0.18702 0.0566678
764 0.607876 0.200436 0.0554822
765 0.607876 0.215157 0.0589585
766 0.607876 0.221564 0.0583974
767 0.607876 0.186417 0.0556534
768 0.607876 0.190493 0.055613
769 0.607876 0.193762 0.0578232
770 0.607876 0.188018 0.0565573
771 0.607876 0.202564 0.0560027
772 0.607876 0.221256 0.0557314
773 0.607876 0.224952 0.0583472
774 0.607876 0.231272 0.0543759
775 0.607876 0.214586 0.0559822
776 0.607876 0.229721 0.0571994
777 0.607876 0.232836 0.0612252
778 0.607876 0.205989 0.0543343
779 0.607876 0.217558 0.0559974
780 0.607876 0.232409 0.0573815
781 0.607876 0.211027 0.0567506
782 0.607876 0.226045 0.0535599
783 0.607876 0.223112 0.0559133
784 0.607876 0.186882 0.0491747
785 0.607876 0.214025 0.0526857
786 0.607876 0.202107 0.0516609
787 0.607876 0.240911 0.054894
788 0.607876 0.216202 0.0586735
789 0.607876 0.183763 0.0556253
790 0.607876 0.181725 0.0542862
791 0.607876 0.203037 0.0557434
792 0.607876 0.182731 0.0516325
793 0.607876 0.18107 0.0533884
794 0.607876 0.227423 0.0575884
795 0.607876 0.197672 0.0535757
796 0.607876 0.212959 0.0554216
797 0.607876 0.209445 0.0549936
798 0.607876 0.204709 0.0536871
799 0.607876 0.198986 0.0548819
800 0.607876 0.190694 0.0552381
801 0.607876 0.215549 0.0608931
802 0.607876 0.195073 0.0565202
803 0.607876 0.179587 0.0515467
804 0.607876 0.162018 0.049513
805 0.607876 0.19365 0.0584884
806 0.607876 0.194402 0.0585296
807 0.607876 0.21525 0.0536725
808 0.607876 0.215891 0.05659
809 0.607876 0.22519 0.0574492
810 0.607876 0.208496 0.0541324
811 0.607876 0.221916 0.0576694
812 0.607876 0.252069 0.0600033
813 0.607876 0.21765 0.0559295
814 0.607876 0.182137 0.0543225
815 0.607876 0.162887 0.0501222
816 0.607876 0.158428 0.0495867
817 0.607876 0.169566 0.0553685
818 0.607876 0.170554 0.0534014
819 0.607876 0.175542 0.0534658
820 0.607876 0.169047 0.0515961
821 0.607876 0.187529 0.0514122
822 0.607876 0.1842 0.0524029
823 0.607876 0.198571 0.0586207
824 0.607876 0.202839 0.0590056
825 0.607876 0.174171 0.054335
826 0.607876 0.211616 0.0577367
827 0.607876 0.210233 0.0566389
828 0.607876 0.217654 0.0585703
829 0.607876 0.211848 0.0534646
830 0.607876 0.210608 0.0507082
831 0.607876 0.189586 0.0569519
832 0.607876 0.198531 0.0566624
833 0.607876 0.203984 0.0553743
834 0.607876 0.222151 0.0579539
835 0.607876 0.225428 0.0580565
836 0.607876 0.241683 0.058883
837 0.607876 0.202344 0.0553559
838 0.607876 0.197504 0.0557119
839 0.607876 0.202074 0.055844
840 0.607876 0.197629 0.0506551
841 0.607876 0.223054 0.0560041
842 0.607876 0.235845 0.0540927
843 0.607876 0.208742 0.0546405
844 0.607876 0.190518 0.0539446
845 0.607876 0.216058 0.0597748
846 0.607876 0.208279 0.0557457
847 0.607876 0.199765 0.0542064
848 0.607876 0.188971 0.0558107
849 0.607876 0.20504 0.0582619
850 0.607876 0.214686 0.0523422
851 0.607876 0.207721 0.055947
852 0.607876 0.207797 0.0540784
853 0.607876 0.197863 0.0533916
854 0.607876 0.207152 0.0570084
855 0.607876 0.205554 0.0546087
856 0.607876 0.238125 0.0556177
857 0.607876 0.227326 0.0563342
858 0.607876 0.211783 0.0581025
859 0.607876 0.206029 0.0556751
860 0.607876 0.207571 0.0548688
861 0.607876 0.239915 0.0584961
862 0.607876 0.225015 0.0549025
863 0.607876 0.221706 0.0552856
864 0.607876 0.215763 0.0604072
865 0.607876 0.228543 0.0564609
866 0.607876 0.20183 0.0575961
867 0.607876 0.185723 0.0518426
868 0.607876 0.190959 0.0547987
869 0.607876 0.215585 0.0588674
870 0.607876 0.19952 0.0574293
871 0.607876 0.214231 0.0539918
872 0.607876 0.210142 0.0555544
873 0.607876 0.234835 0.0533401
874 0.607876 0.251271 0.0491375
875 0.607876 0.229365 0.0561871
876 0.607876 0.214226 0.0549094
877 0.607876 0.20985 0.0552956
878 0.607876 0.193951 0.0552809
879 0.607876 0.211613 0.0542395
880 0.607876 0.217191 0.0524225
881 0.607876 0.193601 0.0511168
882 0.607876 0.25411 0.0563525
883 0.607876 0.22829 0.053234
884 0.607876 0.223107 0.0527442
885 0.607876 0.211464 0.0531144
886 0.607876 0.204697 0.0494448
887 0.607876 0.177203 0.0491549
888 0.607876 0.194981 0.0537174
889 0.607876 0.20927 0.0579681
890 0.607876 0.206071 0.0534298
891 0.607876 0.207756 0.0541682
892 0.607876 0.224447 0.0578359
893 0.607876 0.24405 0.0534704
894 0.607876 0.25284 0.0538816
895 0.607876 0.217483 0.0505499
896 0.607876 0.198553 0.0461538
897 0.607876 0.20103 0.0513426
898 0.607876 0.201396 0.0535142
899 0.607876 0.205652 0.0549135
900 0.607876 0.236607 0.0632534
901 0.607876 0.203626 0.055255
902 0.607876 0.202613 0.0542408
903 0.607876 0.23947 0.0538292
904 0.607876 0.22887 0.0553957
905 0.607876 0.225048 0.0521874
906 0.607876 0.189772 0.0501311
907 0.607876 0.212083 0.0525721
908 0.607876 0.210743 0.0516273
909 0.607876 0.191119 0.0557202
910 0.607876 0.207526 0.053835
911 0.607876 0.188957 0.0480777
912 0.607876 0.205793 0.0526472
913 0.607876 0.241767 0.0578515
914 0.607876 0.248109 0.0552923
915 0.607876 0.234369 0.0526202
916 0.607876 0.228613 0.0563166
917 0.607876 0.218282 0.056672
918 0.607876 0.186798 0.0500044
919 0.607876 0.187721 0.0513093
920 0.607876 0.225004 0.0559889
921 0.607876 0.2373 0.0531373
922 0.607876 0.23208 0.0572266
923 0.607876 0.228606 0.0568555
924 0.607876 0.21895 0.0617442
925 0.607876 0.185207 0.0525249
926 0.607876 0.202945 0.0567982
927 0.607876 0.170924 0.0498805
928 0.607876 0.189122 0.0599501
929 0.607876 0.210459 0.0603761
930 0.607876 0.200272 0.0565654
931 0.607876 0.219415 0.0592587
932 0.607876 0.234581 0.054553
933 0.607876 0.215084 0.0581997
934 0.607876 0.211071 0.0520916
935 0.607876 0.199759 0.0556131
936 0.607876 0.219371 0.056248
937 0.607876 0.175473 0.0521015
938 0.607876 0.17901 0.0484797
939 0.607876 0.177302 0.0507243
940 0.607876 0.177736 0.0480364
941 0.607876 0.174084 0.0457308
942 0.607876 0.20414 0.0545842
943 0.607876 0.213533 0.0538553
944 0.607876 0.202089 0.0511273
945 0.607876 0.18413 0.04984
946 0.607876 0.197389 0.0533771
947 0.607876 0.202072 0.0521543
948 0.607876 0.147917 0.0476126
949 0.607876 0.201764 0.0586189
950 0.607876 0.198138 0.053224
951 0.607876 0.195198 0.0593921
952 0.607876 0.186041 0.0552372
953 0.607876 0.201778 0.0599389
954 0.607876 0.181598 0.0532157
955 0.607876 0.22377 0.0614748
956 0.607876 0.184081 0.0519568
957 0.607876 0.184551 0.0543575
958 0.607876 0.163784 0.0490941
959 0.607876 0.184173 0.0542208
960 0.607876 0.222488 0.0571666
961 0.607876 0.204397 0.0542372
962 0.607876 0.223556 0.0571996
963 0.607876 0.206122 0.0554926
964 0.607876 0.161129 0.0528046
965 0.607876 0.167528 0.0531271
966 0.607876 0.184121 0.0554161
967 0.607876 0.166208 0.0529309
968 0.607876 0.16075 0.0533425
969 0.607876 0.170448 0.0543556
970 0.607876 0.186777 0.0560916
971 0.607876 0.171168 0.0509723
972 0.607876 0.173185 0.0544805
973 0.607876 0.169999 0.052152
974 0.607876 0.167019 0.0476293
975 0.607876 0.160032 0.0509901
976 0.607876 0.162627 0.0497599
977 0.607876 0.202935 0.0523679
978 0.607876 0.185848 0.0540826
979 0.607876 0.185276 0.0597703
980 0.607876 0.187722 0.0595041
981 0.607876 0.185931 0.0559803
982 0.607876 0.188503 0.058155
983 0.607876 0.2016 0.055859
984 0.607876 0.193735 0.0554418
985 0.607876 0.160799 0.0554987
986 0.607876 0.184172 0.0535118
987 0.607876 0.192345 0.0530882
988 0.607876 0.197718 0.0575564
989 0.607876 0.207416 0.0529978
990 0.607876 0.238311 0.0540334
991 0.607876 0.21777 0.0531075
992 0.607876 0.219976 0.0523583
993 0.607876 0.222883 0.0594802
994 0.607876 0.22442 0.0577832
995 0.607876 0.230116 0.056336
996 0.607876 0.201484 0.0538557
997 0.607876 0.235202 0.0540865
998 0.607876 0.20349 0.0522793
999 0.607876 0.238656 0.0511427
1000 0.607876 0.23858 0.0547651
