0 0.125271 0.0664685 0.00392146
1 0.125275 0.0713157 0.00385197
2 0.125275 0.0763665 0.0037593
3 0.125275 0.0840472 0.00346738
4 0.125275 0.0892929 0.00319078
5 0.125276 0.0888857 0.00325197
6 0.125276 0.0926161 0.00304248
7 0.125276 0.0913663 0.00311651
8 0.126133 0.091364 0.00311859
9 0.126133 0.0988771 0.0026249
10 0.126133 0.106396 0.00201777
11 0.126133 0.110135 0.00167078
12 0.126133 0.106016 0.00198869
13 0.126133 0.106716 0.00195292
14 0.126133 0.103234 0.00222752
15 0.126133 0.100294 0.00250135
16 0.126133 0.101523 0.00240613
17 0.126133 0.108907 0.00178495
18 0.126133 0.1081 0.0017835
19 0.126133 0.110142 0.00166982
20 0.126133 0.112657 0.0014232
21 0.126133 0.110211 0.00165637
22 0.126133 0.11391 0.0012956
23 0.126133 0.116409 0.00103022
24 0.126133 0.115172 0.00116099
25 0.126133 0.113896 0.00129572
26 0.126133 0.115162 0.00116466
27 0.126133 0.112615 0.00142181
28 0.126133 0.108899 0.00178909
29 0.126133 0.108906 0.00178748
30 0.126133 0.110158 0.00166506
31 0.126133 0.108893 0.0017888
32 0.126133 0.112698 0.00141485
33 0.126133 0.112656 0.00142332
34 0.126133 0.110502 0.00160482
35 0.126133 0.110689 0.00157999
36 0.126133 0.11277 0.00139628
37 0.126133 0.117657 0.000891243
38 0.126133 0.117645 0.000892043
39 0.126133 0.116418 0.00102663
40 0.126133 0.120199 0.000600395
41 0.126133 0.113917 0.00129643
42 0.126133 0.117669 0.000892577
43 0.126133 0.116408 0.00102984
44 0.126133 0.120161 0.000607708
45 0.126133 0.115149 0.00116392
46 0.126133 0.108928 0.00178164
47 0.126133 0.110205 0.00165988
48 0.126133 0.112651 0.00142264
49 0.126133 0.112648 0.00142338
50 0.126133 0.118899 0.000751064
51 0.126133 0.116326 0.00102675
52 0.126133 0.112805 0.00139453
53 0.126133 0.117662 0.000892588
54 0.126133 0.118903 0.000751645
55 0.126133 0.11766 0.000892572
56 0.126133 0.118925 0.000751917
57 0.126133 0.118919 0.000751843
58 0.126133 0.117692 0.00088648
59 0.126133 0.115187 0.00116112
60 0.126133 0.118948 0.00074737
61 0.126133 0.115175 0.00116311
62 0.126133 0.118955 0.000747413
63 0.126133 0.110198 0.00166561
64 0.126133 0.10769 0.00190392
65 0.126133 0.0989572 0.00261998
66 0.126133 0.110193 0.0016705
67 0.126497 0.10654 0.00200118
68 0.126497 0.100216 0.00252669
69 0.126497 0.0915709 0.00309963
70 0.126497 0.0927298 0.0030394
71 0.126497 0.0910654 0.00309963
72 0.126497 0.09022 0.00318826
73 0.126497 0.0877313 0.00331753
74 0.126497 0.0889743 0.0032519
75 0.126497 0.0902143 0.00318805
76 0.126497 0.0939544 0.00296137
77 0.126497 0.10239 0.0023307
78 0.126497 0.0952484 0.00287786
79 0.126533 0.0977447 0.00271098
80 0.126533 0.0902635 0.00318333
81 0.126533 0.0966026 0.00277983
82 0.126536 0.0965691 0.00278459
83 0.126697 0.0928773 0.00302528
84 0.126697 0.0953099 0.00287236
85 0.126697 0.0952643 0.00288328
86 0.126697 0.0903716 0.00317519
87 0.126697 0.0965606 0.00279094
88 0.126697 0.0930855 0.00299402
89 0.126697 0.0904025 0.00316723
90 0.126697 0.091596 0.00310474
91 0.126697 0.0853435 0.00343043
92 0.126697 0.0840679 0.00349339
93 0.126697 0.0917047 0.00308762
94 0.126697 0.0877869 0.00332231
95 0.126697 0.0903176 0.00318821
96 0.126697 0.0916052 0.00310587
97 0.126861 0.0875253 0.00329983
98 0.126861 0.0915505 0.00311662
99 0.126861 0.0866053 0.00338189
100 0.126861 0.0940374 0.00296811
101 0.126959 0.0865725 0.0033826
102 0.126959 0.0841228 0.00348979
103 0.126959 0.0915846 0.0031179
104 0.126959 0.0934647 0.00294265
105 0.126959 0.0902878 0.00319208
106 0.126959 0.0903842 0.0031761
107 0.126959 0.0853854 0.00343006
108 0.126959 0.091239 0.00309401
109 0.126959 0.0852384 0.00336405
110 0.126959 0.0940385 0.00295769
111 0.126959 0.0866644 0.0033679
112 0.126959 0.0905824 0.00315073
113 0.126959 0.0928384 0.00303251
114 0.126959 0.0916935 0.00309556
115 0.126959 0.0953635 0.00287224
116 0.126959 0.0878013 0.00329359
117 0.126959 0.0903737 0.00317615
118 0.126959 0.0867294 0.00333812
119 0.127071 0.0893996 0.00319376
120 0.127071 0.0938636 0.00295377
121 0.128519 0.094336 0.0029231
122 0.128864 0.095428 0.00288062
123 0.128864 0.0959178 0.00280356
124 0.128864 0.0879564 0.00331065
125 0.128864 0.0873894 0.00329486
126 0.128864 0.0855674 0.00342562
127 0.128864 0.0829623 0.0035611
128 0.128864 0.076784 0.00376548
129 0.128864 0.0768358 0.00376872
130 0.128864 0.0879473 0.00332333
131 0.128864 0.0907561 0.00314483
132 0.128864 0.0810854 0.00356796
133 0.128864 0.084377 0.00348989
134 0.128864 0.0881005 0.00330731
135 0.128864 0.0942721 0.00296744
136 0.128864 0.0981157 0.00270113
137 0.128864 0.0976181 0.00268712
138 0.128864 0.102937 0.00232124
139 0.128864 0.0991331 0.00258475
140 0.128864 0.10185 0.00241858
141 0.128864 0.0979404 0.00265844
142 0.128864 0.0944621 0.00292323
143 0.128864 0.0933884 0.00294687
144 0.12905 0.0859751 0.0033654
145 0.12905 0.0862633 0.00333986
146 0.12905 0.0910386 0.00312624
147 0.12905 0.0860387 0.00338171
148 0.129062 0.0822325 0.00354779
149 0.129062 0.083626 0.00347675
150 0.129062 0.0958024 0.00284182
151 0.129062 0.0982447 0.00269196
152 0.129062 0.0860868 0.00337667
153 0.129062 0.0899265 0.00315984
154 0.129062 0.0945771 0.00291926
155 0.129062 0.0921447 0.00305828
156 0.129062 0.0982194 0.00267951
157 0.129062 0.0894801 0.00322294
158 0.129062 0.0946679 0.00292057
159 0.129062 0.0962226 0.00279437
160 0.129062 0.0930605 0.00298136
161 0.129062 0.0944377 0.00295173
162 0.129062 0.0919374 0.0031064
163 0.129062 0.0958421 0.00282688
164 0.129062 0.0882145 0.00327717
165 0.129062 0.0882827 0.00331505
166 0.129162 0.0933058 0.00302386
167 0.129162 0.0969364 0.00279126
168 0.129162 0.0946824 0.00290666
169 0.129162 0.0957913 0.002855
170 0.129162 0.0982883 0.00270456
171 0.129162 0.0883399 0.00331047
172 0.129592 0.0970754 0.00277468
173 0.129592 0.0959405 0.00283637
174 0.129592 0.0929378 0.00300074
175 0.129592 0.0933236 0.00300076
176 0.129592 0.0996848 0.00257272
177 0.129748 0.100715 0.00252252
178 0.129748 0.0933481 0.0030306
179 0.129748 0.092689 0.00302031
180 0.129748 0.0903887 0.00312417
181 0.129748 0.087585 0.00326724
182 0.129748 0.09724 0.00272961
183 0.129748 0.102108 0.0024034
184 0.129748 0.0934062 0.00300825
185 0.130991 0.0867561 0.00332908
186 0.130991 0.0915853 0.0030692
187 0.130991 0.091043 0.00314235
188 0.130991 0.0935885 0.00298225
189 0.130991 0.0838532 0.00345556
190 0.130991 0.0877096 0.00327318
191 0.130991 0.0851239 0.00343457
192 0.130991 0.0900762 0.00315926
193 0.130991 0.092328 0.00307499
194 0.130991 0.0861254 0.00340374
195 0.130991 0.0850619 0.00344154
196 0.132662 0.0887899 0.00324546
197 0.132662 0.0863202 0.00340164
198 0.132662 0.0829277 0.00349653
199 0.132662 0.0914887 0.00309151
200 0.132662 0.0958542 0.00286634
201 0.132831 0.091335 0.00315167
202 0.132831 0.0947957 0.00294099
203 0.132831 0.0961919 0.00282772
204 0.132831 0.0951899 0.00288758
205 0.132831 0.0963207 0.00283011
206 0.132831 0.0936678 0.00301321
207 0.132831 0.0938403 0.00297902
208 0.132831 0.0962983 0.00278411
209 0.133236 0.101529 0.00246595
210 0.133236 0.0891364 0.00327924
211 0.133236 0.0915385 0.00313224
212 0.133236 0.0988966 0.00265274
213 0.133236 0.0959887 0.00281591
214 0.133236 0.0943321 0.00290692
215 0.133236 0.0965334 0.00278619
216 0.133517 0.0956885 0.00283746
217 0.133517 0.0942219 0.00297327
218 0.133517 0.0858449 0.00336014
219 0.133517 0.085423 0.00343814
220 0.133951 0.0865245 0.00339876
221 0.133951 0.0829312 0.00349539
222 0.133951 0.0888744 0.00326355
223 0.133951 0.0877655 0.00326975
224 0.133951 0.0946388 0.0029016
225 0.133951 0.0933403 0.00297954
226 0.133951 0.0952314 0.00294401
227 0.133951 0.10464 0.0021869
228 0.133951 0.101894 0.00239478
229 0.133951 0.100364 0.00251533
230 0.133951 0.0992692 0.00261248
231 0.133951 0.100468 0.00254121
232 0.133951 0.092254 0.00304717
233 0.133951 0.0960896 0.00280537
234 0.133951 0.093712 0.0029222
235 0.134983 0.101969 0.00241721
236 0.134983 0.0968306 0.00278842
237 0.134983 0.0917902 0.00308322
238 0.134983 0.0910456 0.00308591
239 0.134983 0.0956522 0.00287315
240 0.134983 0.100158 0.00260674
241 0.134983 0.0907237 0.00316301
242 0.135583 0.0968661 0.00280103
243 0.135583 0.0893794 0.00323997
244 0.135583 0.0867969 0.00340694
245 0.135583 0.0894957 0.00324817
246 0.135583 0.0864565 0.00332435
247 0.135583 0.091701 0.00307482
248 0.135583 0.105424 0.00216523
249 0.135583 0.0914844 0.00311103
250 0.135583 0.0943069 0.00293363
251 0.135583 0.0951355 0.00283568
252 0.135583 0.0980781 0.00275164
253 0.135583 0.096846 0.00281933
254 0.135583 0.0871084 0.00324068
255 0.135583 0.0896665 0.00321517
256 0.135583 0.0898051 0.00320671
257 0.135583 0.0968704 0.00277738
258 0.135583 0.107809 0.0019904
259 0.135583 0.105293 0.00211329
260 0.135583 0.103648 0.00223429
261 0.135583 0.105771 0.00201289
262 0.135583 0.0941901 0.00287331
263 0.135583 0.0972925 0.00276369
264 0.135583 0.0996347 0.00259316
265 0.135583 0.101708 0.00241171
266 0.135583 0.0948166 0.00288863
267 0.135583 0.10277 0.0023748
268 0.135583 0.0958938 0.00288197
269 0.135583 0.104492 0.00223743
270 0.135583 0.100936 0.00247878
271 0.135583 0.0995127 0.00260147
272 0.135583 0.0985943 0.00268133
273 0.135583 0.0990787 0.00268162
274 0.135583 0.101589 0.00246718
275 0.135583 0.0971905 0.00272503
276 0.135583 0.0924297 0.00303907
277 0.135583 0.104946 0.00215882
278 0.135583 0.103478 0.00226211
279 0.135583 0.104281 0.00221354
280 0.135583 0.100734 0.00249136
281 0.135583 0.101116 0.00243392
282 0.135583 0.0997237 0.00256138
283 0.135583 0.0984145 0.00268564
284 0.135583 0.0996422 0.00254867
285 0.135583 0.0850748 0.00341555
286 0.135583 0.0874806 0.00336496
287 0.135583 0.0836454 0.00346638
288 0.135583 0.0847662 0.00347894
289 0.135583 0.0860327 0.0034254
290 0.135583 0.0798072 0.00365455
291 0.135583 0.0829288 0.00350859
292 0.135583 0.0846767 0.00351766
293 0.135583 0.0916435 0.00309684
294 0.135583 0.090676 0.00316658
295 0.135583 0.0908747 0.00314305
296 0.135712 0.0871841 0.00341506
297 0.135712 0.0852885 0.00343697
298 0.135712 0.0843422 0.00342391
299 0.135712 0.0731115 0.00377402
300 0.135712 0.0835716 0.00350044
301 0.135712 0.0935792 0.00297142
302 0.135712 0.0911913 0.00313907
303 0.135712 0.0950083 0.00293744
304 0.135712 0.0920946 0.00311964
305 0.135712 0.0909654 0.00310338
306 0.135712 0.0955509 0.00284524
307 0.135712 0.089106 0.00316567
308 0.135712 0.0996471 0.00260601
309 0.135712 0.0872899 0.00335688
310 0.135712 0.0898205 0.0031821
311 0.135712 0.0935493 0.00305791
312 0.135712 0.0990717 0.00266162
313 0.135712 0.0994011 0.00265288
314 0.135712 0.0937769 0.00297245
315 0.135712 0.0935072 0.00301218
316 0.135712 0.0970769 0.00275534
317 0.135712 0.098437 0.00269216
318 0.135712 0.0967703 0.00276931
319 0.135712 0.0923472 0.0029798
320 0.135712 0.0972003 0.00277212
321 0.135712 0.0959161 0.0028807
322 0.135712 0.0954129 0.00286823
323 0.135712 0.0947619 0.00291873
324 0.135712 0.0883552 0.00323877
325 0.135712 0.0878179 0.00337035
326 0.135712 0.0944719 0.0029879
327 0.135712 0.0907896 0.00320434
328 0.135712 0.0908578 0.00317869
329 0.135712 0.0982616 0.00266003
330 0.135712 0.100915 0.00254194
331 0.135712 0.102055 0.00244065
332 0.135712 0.0981357 0.00275313
333 0.135712 0.095883 0.0028391
334 0.135712 0.0914834 0.00308406
335 0.135712 0.0944686 0.00293767
336 0.135712 0.096957 0.00280534
337 0.135712 0.0850341 0.00347364
338 0.135712 0.0898882 0.00320358
339 0.135712 0.0870086 0.00330035
340 0.135712 0.0884594 0.00330766
341 0.135712 0.0822495 0.00356805
342 0.136524 0.0915264 0.00314675
343 0.136524 0.0882733 0.00333152
344 0.136524 0.0966853 0.00279834
345 0.136524 0.0980408 0.00268504
346 0.136524 0.0947198 0.00295873
347 0.136524 0.0889064 0.00325965
348 0.136524 0.0950568 0.00296667
349 0.136524 0.0923493 0.00306081
350 0.136524 0.0894191 0.00324625
351 0.136524 0.0899174 0.00318302
352 0.138074 0.0888313 0.00336498
353 0.138074 0.0879562 0.00331223
354 0.138074 0.0920414 0.00314663
355 0.138074 0.0923354 0.00309438
356 0.138074 0.0946917 0.00292583
357 0.138074 0.0801286 0.00367342
358 0.138112 0.084931 0.00352577
359 0.138112 0.08079 0.00365921
360 0.138112 0.0860218 0.00344694
361 0.138112 0.0786745 0.00373652
362 0.138119 0.0862614 0.00341616
363 0.138119 0.0866544 0.00341329
364 0.138119 0.0925304 0.00308737
365 0.138119 0.0898013 0.0032809
366 0.138119 0.0950828 0.00296123
367 0.138119 0.10784 0.00202133
368 0.138119 0.103176 0.00243964
369 0.138119 0.100857 0.00253068
370 0.138119 0.0994253 0.0026658
371 0.138119 0.0986335 0.00273578
372 0.138119 0.0962956 0.0029104
373 0.138119 0.0922094 0.00320289
374 0.138119 0.0899827 0.00328128
375 0.138119 0.100008 0.00262121
376 0.13813 0.0943682 0.00293658
377 0.13813 0.0869758 0.00335195
378 0.13813 0.0878098 0.00326547
379 0.138306 0.0813218 0.00360795
380 0.138306 0.0875055 0.00329541
381 0.138364 0.0848061 0.00356823
382 0.138395 0.0889021 0.00334874
383 0.138465 0.0787715 0.00370463
384 0.138465 0.0795426 0.00361519
385 0.1385 0.0858735 0.00340981
386 0.1385 0.0867348 0.00340381
387 0.1385 0.0941629 0.00302306
388 0.1385 0.0871352 0.00342551
389 0.1385 0.085335 0.00353783
390 0.1385 0.0819326 0.00355099
391 0.1385 0.0896998 0.00322649
392 0.1385 0.0851674 0.00352072
393 0.1385 0.0847976 0.0035183
394 0.1385 0.0832781 0.00356791
395 0.1385 0.0873992 0.00335823
396 0.1385 0.0894526 0.00324421
397 0.1385 0.0957716 0.00287034
398 0.1385 0.0989263 0.00273094
399 0.1385 0.0995311 0.00262818
400 0.1385 0.0837079 0.00357284
401 0.1385 0.0828269 0.00359515
402 0.1385 0.0884146 0.00337079
403 0.1385 0.0871392 0.00323198
404 0.1385 0.0899239 0.00334775
405 0.1385 0.0959172 0.00289069
406 0.1385 0.103211 0.00240071
407 0.1385 0.0958436 0.00291608
408 0.1385 0.0903575 0.00326174
409 0.1385 0.0975885 0.00273906
410 0.1385 0.101694 0.00239682
411 0.1385 0.103898 0.00233936
412 0.1385 0.105133 0.0022015
413 0.1385 0.111409 0.00161168
414 0.1385 0.102327 0.00243025
415 0.138657 0.0964044 0.00291535
416 0.138657 0.0952492 0.00295775
417 0.138657 0.0856122 0.00343415
418 0.138657 0.0863103 0.00344094
419 0.138657 0.0887369 0.00327905
420 0.138657 0.0960806 0.00298119
421 0.138657 0.0806637 0.00367951
422 0.138657 0.082353 0.00358373
423 0.138657 0.0825384 0.00356339
424 0.138657 0.088493 0.00331641
425 0.138657 0.0845665 0.00343901
426 0.138657 0.082062 0.00357522
427 0.138657 0.0753007 0.00382957
428 0.138657 0.0808262 0.0036532
429 0.138657 0.0775542 0.00371783
430 0.138657 0.0868134 0.00327861
431 0.138657 0.0889683 0.00326335
432 0.138657 0.0954933 0.00294361
433 0.138657 0.0861494 0.00333779
434 0.138755 0.0909933 0.00312237
435 0.138755 0.0918843 0.00309075
436 0.138755 0.0885252 0.00331407
437 0.138755 0.0866094 0.00343885
438 0.138755 0.0895438 0.00323476
439 0.138755 0.0953886 0.00295637
440 0.138807 0.0828954 0.00347783
441 0.138807 0.0984472 0.00279961
442 0.138807 0.0887076 0.00322907
443 0.138807 0.0896941 0.00323147
444 0.138807 0.091637 0.003195
445 0.138807 0.0903004 0.00322043
446 0.138807 0.0909331 0.00314681
447 0.138807 0.0927492 0.0031114
448 0.138807 0.0923258 0.00307756
449 0.138807 0.0887732 0.00327068
450 0.138807 0.094162 0.00293742
451 0.138929 0.0914423 0.00313946
452 0.138929 0.0939317 0.0030033
453 0.138929 0.0936606 0.00296081
454 0.138929 0.0903851 0.00324852
455 0.138929 0.103244 0.00238522
456 0.138929 0.0950697 0.00289624
457 0.138929 0.0939562 0.0030034
458 0.138929 0.0963324 0.00285187
459 0.138929 0.0853447 0.00340836
460 0.138929 0.0877466 0.00337345
461 0.138929 0.0884585 0.00327312
462 0.138929 0.0853869 0.00348321
463 0.138929 0.0863128 0.00344878
464 0.138929 0.100978 0.00264652
465 0.138929 0.0983529 0.00270655
466 0.138929 0.0937547 0.00300096
467 0.138929 0.0940979 0.00301112
468 0.138929 0.0921933 0.00313942
469 0.138929 0.0905231 0.00327772
470 0.138929 0.0915471 0.00321952
471 0.138929 0.0883986 0.00337473
472 0.138929 0.0898591 0.00329868
473 0.138929 0.0919412 0.00316859
474 0.138929 0.0835731 0.00352629
475 0.138929 0.0844797 0.00345178
476 0.138929 0.0933445 0.0030257
477 0.138929 0.0960613 0.00287169
478 0.138929 0.101801 0.00247881
479 0.138929 0.0875425 0.00329871
480 0.138929 0.0899828 0.00327783
481 0.138929 0.0876279 0.00339504
482 0.138929 0.0913999 0.0032209
483 0.138929 0.091623 0.00309096
484 0.138929 0.0918487 0.0031147
485 0.138929 0.0962269 0.00285619
486 0.138929 0.0906764 0.00316806
487 0.138935 0.0987962 0.00268018
488 0.138935 0.103701 0.00229045
489 0.138935 0.0990783 0.00266345
490 0.138935 0.0946691 0.00299358
491 0.138935 0.0889745 0.00322423
492 0.138935 0.0882398 0.00327376
493 0.138935 0.0877509 0.00336205
494 0.138935 0.0948396 0.00298639
495 0.138935 0.0979022 0.00276646
496 0.138935 0.0877166 0.00337186
497 0.138935 0.0887405 0.00327586
498 0.138935 0.088663 0.00329213
499 0.138935 0.085474 0.00340726
500 0.138935 0.0886731 0.00328969
501 0.138935 0.0830427 0.00350736
502 0.138935 0.0790652 0.00370922
503 0.138935 0.0837444 0.00353125
504 0.138935 0.0746118 0.0037887
505 0.138935 0.08082 0.00365125
506 0.138935 0.079295 0.0036924
507 0.138935 0.08283 0.00362454
508 0.139087 0.0815403 0.00364568
509 0.139087 0.0929961 0.00306602
510 0.139087 0.0935705 0.00305326
511 0.139087 0.0899167 0.00326986
512 0.139087 0.0866509 0.0033984
513 0.139087 0.0874944 0.00340753
514 0.139087 0.0939668 0.00304311
515 0.139087 0.0896837 0.00318784
516 0.139087 0.0889505 0.00332498
517 0.139087 0.0869666 0.00343622
518 0.139087 0.0864781 0.00343729
519 0.139087 0.0889428 0.00319968
520 0.139087 0.0897179 0.00326362
521 0.139087 0.0847181 0.0034745
522 0.139087 0.0768744 0.00374517
523 0.139087 0.0922169 0.00317372
524 0.139087 0.0907207 0.00318994
525 0.139087 0.0965979 0.00282554
526 0.139087 0.0930891 0.00306162
527 0.139087 0.0892675 0.0032885
528 0.139087 0.0922232 0.00302504
529 0.139087 0.0829205 0.00353074
530 0.139087 0.0873631 0.00335763
531 0.139087 0.093624 0.00306769
532 0.139087 0.0922598 0.00306879
533 0.139099 0.0990759 0.00264532
534 0.139099 0.0972971 0.00284148
535 0.139099 0.0911974 0.00312292
536 0.139099 0.0923542 0.0031229
537 0.139099 0.102025 0.00239493
538 0.139099 0.0935978 0.0029305
539 0.139099 0.0892893 0.00325796
540 0.139099 0.0975815 0.00280636
541 0.139099 0.100959 0.00255667
542 0.139099 0.0954453 0.0029543
543 0.139099 0.0913594 0.00315852
544 0.139099 0.0882128 0.00336105
545 0.139099 0.0828731 0.00347541
546 0.139099 0.096908 0.00273957
547 0.139099 0.0876355 0.00337393
548 0.139099 0.0985269 0.00268355
549 0.139099 0.0901072 0.00321109
550 0.139099 0.089288 0.00324824
551 0.139099 0.0857867 0.00339819
552 0.139099 0.0844537 0.00339213
553 0.139099 0.0938419 0.00303625
554 0.139099 0.100902 0.00256992
555 0.139099 0.0936381 0.00309182
556 0.13916 0.0933834 0.00303196
557 0.13916 0.0961283 0.00279024
558 0.13916 0.10367 0.00231816
559 0.13916 0.102531 0.0024637
560 0.13916 0.104603 0.00234837
561 0.13916 0.103509 0.00234212
562 0.13916 0.104106 0.00227365
563 0.13916 0.105751 0.00218474
564 0.13916 0.0975122 0.00274282
565 0.13916 0.0863947 0.00344458
566 0.13916 0.0778348 0.00378647
567 0.13916 0.0836808 0.00353488
568 0.13916 0.0796126 0.00370653
569 0.13916 0.0807617 0.0036141
570 0.13916 0.087656 0.00337449
571 0.13916 0.0843142 0.00345958
572 0.13916 0.0967929 0.00288647
573 0.13916 0.0950581 0.00300419
574 0.13916 0.0910008 0.00326423
575 0.13916 0.0913782 0.00318293
576 0.13916 0.0950107 0.00294138
577 0.13916 0.0938379 0.00306484
578 0.13916 0.0915667 0.00310699
579 0.13916 0.0954163 0.00293221
580 0.13916 0.0967069 0.00291788
581 0.13916 0.0981641 0.00271891
582 0.13916 0.0965484 0.00282403
583 0.13916 0.100205 0.00259858
584 0.13916 0.0965711 0.00283943
585 0.13916 0.100153 0.00260498
586 0.13916 0.0966532 0.00278446
587 0.13916 0.096271 0.00285403
588 0.13916 0.0851867 0.00339261
589 0.13916 0.0883635 0.00336122
590 0.13916 0.0899657 0.0032272
591 0.13916 0.0940444 0.00306153
592 0.13916 0.0905244 0.00324744
593 0.13916 0.0932946 0.00306201
594 0.13916 0.0893108 0.0033248
595 0.13916 0.0993632 0.00269061
596 0.13916 0.0959132 0.0028947
597 0.13916 0.0960463 0.00289379
598 0.323653 0.0968382 0.00349773
599 0.323653 0.102005 0.00313561
600 0.323653 0.0998573 0.00322714
601 0.323653 0.0933913 0.00367827
602 0.323653 0.090865 0.00383075
603 0.323653 0.089227 0.00400033
604 0.409118 0.093622 0.00487596
605 0.409118 0.0938438 0.00481448
606 0.409118 0.0898184 0.00488578
607 0.409118 0.0993019 0.00443576
608 0.409118 0.0959539 0.00468597
609 0.409118 0.10105 0.00441618
610 0.409118 0.105698 0.00407782
611 0.409118 0.105513 0.00499229
612 0.409118 0.101714 0.00602292
613 0.409118 0.104314 0.00591614
614 0.49664 0.107731 0.00759237
615 0.49664 0.106521 0.00841785
616 0.500391 0.118156 0.0127063
616 0.533903 0.0468026 0.0145536
617 0.533903 0.0672572 0.0204019
618 0.533903 0.0790533 0.0244014
619 0.533903 0.0749046 0.0232936
620 0.533903 0.0792804 0.025449
621 0.533903 0.0874948 0.0290321
622 0.533903 0.0929913 0.0313914
623 0.533903 0.074962 0.0272683
624 0.533903 0.0993639 0.0349046
625 0.533903 0.106084 0.0388851
626 0.533903 0.0943401 0.0366212
627 0.533903 0.104512 0.0351654
628 0.533903 0.117763 0.0364668
629 0.533903 0.115757 0.0370363
630 0.533903 0.106859 0.0349483
631 0.535476 0.0933951 0.0338662
632 0.535476 0.0999719 0.0330991
633 0.535476 0.0902194 0.0289616
634 0.535476 0.0941452 0.0328767
635 0.540248 0.110131 0.037186
636 0.540248 0.121316 0.0350597
637 0.540248 0.124652 0.0389735
638 0.540248 0.117933 0.0382559
639 0.540248 0.104251 0.0346439
640 0.546764 0.113231 0.037813
641 0.546764 0.122851 0.0394673
642 0.546764 0.099892 0.0334337
643 0.546764 0.109033 0.0360823
644 0.551197 0.139896 0.0424855
645 0.551197 0.139073 0.0415697
646 0.551197 0.124038 0.0397216
647 0.551197 0.0979429 0.0328423
648 0.551197 0.1194 0.0374459
649 0.551197 0.111161 0.0354972
650 0.551197 0.125596 0.0364941
651 0.551197 0.128202 0.0376184
652 0.551197 0.104618 0.0324785
653 0.557367 0.108016 0.0374872
654 0.557367 0.120487 0.0358555
655 0.558406 0.114836 0.0384302
656 0.561132 0.12027 0.0392817
657 0.561132 0.132841 0.0448002
658 0.561132 0.123628 0.0406154
659 0.561132 0.117725 0.0392465
660 0.561132 0.122407 0.0404483
661 0.561132 0.112378 0.0348947
662 0.561142 0.134233 0.042135
663 0.564116 0.12542 0.0408089
664 0.564116 0.1222 0.0408879
665 0.564116 0.111759 0.0369224
666 0.564116 0.128384 0.0414626
667 0.564116 0.15806 0.0455047
668 0.564116 0.135044 0.0402967
669 0.564116 0.15626 0.0449593
670 0.572438 0.110288 0.036806
671 0.572438 0.112006 0.0363907
672 0.572438 0.118633 0.0370415
673 0.572438 0.120349 0.0391109
674 0.572438 0.123038 0.0380252
675 0.572438 0.112851 0.0376865
676 0.572438 0.140456 0.0396577
677 0.572438 0.148861 0.0444352
678 0.572438 0.146302 0.043416
679 0.572438 0.160967 0.0452217
680 0.572438 0.164277 0.0454007
681 0.572438 0.188468 0.0508031
682 0.572438 0.184666 0.0437164
683 0.572438 0.196676 0.0464767
684 0.572793 0.173555 0.0473618
685 0.572793 0.16628 0.0464172
686 0.572793 0.174939 0.0478975
687 0.572793 0.170737 0.0475095
688 0.572793 0.182513 0.0457886
689 0.572793 0.162427 0.0443788
690 0.572793 0.156824 0.0457216
691 0.576348 0.149539 0.0446364
692 0.576348 0.137007 0.0428288
693 0.576348 0.184127 0.0477911
694 0.578694 0.162402 0.0497399
695 0.578694 0.171745 0.0487968
696 0.578694 0.163171 0.0456619
697 0.578694 0.152699 0.0433708
698 0.578694 0.161673 0.0465692
699 0.578694 0.142014 0.0398328
700 0.581919 0.140898 0.0442982
701 0.581919 0.141583 0.0429352
702 0.581919 0.128628 0.0374586
703 0.581919 0.15887 0.0441617
704 0.581919 0.145864 0.0442272
705 0.581919 0.145596 0.0412961
706 0.581919 0.152535 0.0452883
707 0.581919 0.165935 0.0456545
708 0.581919 0.154279 0.0475997
709 0.581919 0.121791 0.0396545
710 0.581919 0.144401 0.0461403
711 0.581919 0.142689 0.0413319
712 0.581919 0.149919 0.0445243
713 0.581919 0.150795 0.0499604
714 0.581919 0.142819 0.0463212
715 0.581919 0.148588 0.0480659
716 0.581919 0.127868 0.045896
717 0.581919 0.144108 0.0458862
718 0.581919 0.144215 0.046844
719 0.581919 0.140362 0.0434067
720 0.581944 0.182166 0.0495825
721 0.581944 0.195301 0.0493537
722 0.581944 0.191158 0.0520582
723 0.581944 0.175014 0.0510755
724 0.581944 0.177287 0.0495367
725 0.581944 0.181639 0.0473158
726 0.581944 0.152681 0.039972
727 0.581944 0.18342 0.0523793
728 0.582419 0.150716 0.046111
729 0.582774 0.152551 0.0456624
730 0.582774 0.155032 0.046811
731 0.582774 0.158737 0.0469543
732 0.584644 0.187337 0.0517721
733 0.584644 0.207416 0.0525813
734 0.584644 0.178166 0.0459645
735 0.584644 0.179203 0.0466141
736 0.584644 0.181599 0.0460184
737 0.584644 0.167029 0.0454382
738 0.584644 0.165215 0.0450279
739 0.584644 0.156469 0.0428561
740 0.584644 0.164388 0.0451643
741 0.584644 0.154841 0.0491373
742 0.584833 0.160029 0.045096
743 0.584833 0.175901 0.0461263
744 0.584833 0.160746 0.0457537
745 0.584833 0.150863 0.0415549
746 0.584833 0.148141 0.0448892
747 0.584833 0.156191 0.0467401
748 0.584833 0.16542 0.0479183
749 0.584833 0.160588 0.0435906
750 0.584833 0.16833 0.0510251
751 0.584833 0.149652 0.0474589
752 0.584833 0.135655 0.0444765
753 0.584833 0.134696 0.0461334
754 0.584833 0.158411 0.0503195
755 0.584833 0.18669 0.0525378
756 0.584833 0.151774 0.0470353
757 0.584833 0.154628 0.0475903
758 0.584833 0.15358 0.0467196
759 0.584833 0.15287 0.0462397
760 0.584833 0.162577 0.0488506
761 0.584833 0.143149 0.0449693
762 0.584833 0.155032 0.0451027
763 0.584833 0.155796 0.044476
764 0.584833 0.196598 0.0522022
765 0.584833 0.169374 0.0483496
766 0.584833 0.177065 0.0509977
767 0.584833 0.150868 0.0461661
768 0.584833 0.159811 0.0483704
769 0.584833 0.169028 0.0472117
770 0.584833 0.159886 0.0481962
771 0.584833 0.176441 0.0496892
772 0.584833 0.195032 0.0511988
773 0.584833 0.152635 0.0486144
774 0.584833 0.159501 0.0443545
775 0.584833 0.168544 0.0471687
776 0.584833 0.15417 0.0479061
777 0.584833 0.167501 0.0489328
778 0.584833 0.166054 0.0454666
779 0.584833 0.197925 0.0499887
780 0.584833 0.223672 0.0503076
781 0.584833 0.217775 0.0515846
782 0.584833 0.180725 0.0482834
783 0.584833 0.193498 0.0505584
784 0.584833 0.199838 0.0505695
785 0.584833 0.199313 0.0517554
786 0.584833 0.143979 0.046594
787 0.584833 0.164245 0.0490695
788 0.584833 0.138836 0.0439681
789 0.584833 0.158868 0.044759
790 0.584833 0.159826 0.0474562
791 0.584833 0.163834 0.0455318
792 0.584833 0.150328 0.0456062
793 0.584833 0.166541 0.0448528
794 0.584833 0.15154 0.0438719
795 0.584833 0.151667 0.0455065
796 0.584833 0.177275 0.0462961
797 0.584833 0.161571 0.0439212
798 0.584833 0.149987 0.0424814
799 0.585046 0.175953 0.0486604
800 0.585046 0.160214 0.0446772
801 0.585046 0.161605 0.0434958
802 0.585046 0.171434 0.0462136
803 0.585046 0.159699 0.0466842
804 0.585046 0.190632 0.0484229
805 0.585046 0.158682 0.0429215
806 0.585046 0.161423 0.0474593
807 0.585202 0.165703 0.0452852
808 0.585202 0.15416 0.0448394
809 0.585202 0.154481 0.0508797
810 0.585202 0.148862 0.0470789
811 0.585202 0.144095 0.0451133
812 0.585202 0.122669 0.0432486
813 0.585202 0.127637 0.0441862
814 0.585202 0.131864 0.0464281
815 0.585202 0.132818 0.0468286
816 0.585202 0.134427 0.042174
817 0.585202 0.162569 0.0505114
818 0.585202 0.177656 0.0522081
819 0.585739 0.156766 0.0463921
820 0.585739 0.152973 0.0523435
821 0.585739 0.150475 0.048957
822 0.585739 0.138443 0.0426905
823 0.585739 0.16732 0.0508519
824 0.585739 0.149246 0.0489949
825 0.585739 0.162611 0.0491732
826 0.585739 0.16594 0.0452042
827 0.585739 0.183443 0.0508609
828 0.585739 0.185547 0.0519291
829 0.585739 0.170294 0.0471521
830 0.585739 0.190304 0.0468683
831 0.585739 0.161757 0.0465689
832 0.585739 0.203266 0.0524433
833 0.585739 0.189705 0.0512956
834 0.585739 0.146592 0.0469253
835 0.585739 0.136218 0.043197
836 0.585739 0.151902 0.0462078
837 0.585739 0.157183 0.0458115
838 0.585739 0.150323 0.0485434
839 0.585739 0.160922 0.0457189
840 0.585739 0.157647 0.048294
841 0.585739 0.155442 0.0475431
842 0.585739 0.174675 0.0512875
843 0.585739 0.189253 0.0519197
844 0.585739 0.167147 0.0494226
845 0.585739 0.190028 0.0515954
846 0.585739 0.16304 0.0509395
847 0.585739 0.16065 0.046856
848 0.585739 0.154886 0.0447186
849 0.585739 0.152958 0.0465753
850 0.585739 0.142854 0.0438918
851 0.585739 0.136966 0.0448635
852 0.585739 0.146549 0.0471823
853 0.585739 0.148716 0.0447824
854 0.585739 0.156634 0.0440076
855 0.585739 0.173413 0.0541444
856 0.585739 0.168911 0.048928
857 0.585739 0.175451 0.0476324
858 0.585739 0.204751 0.0493015
859 0.585739 0.187944 0.0491862
860 0.585739 0.187118 0.0452957
861 0.585739 0.201807 0.0508062
862 0.585739 0.196714 0.0492495
863 0.585739 0.195634 0.0478465
864 0.585739 0.204488 0.0490115
865 0.585739 0.173616 0.0443288
866 0.585739 0.163733 0.0502007
867 0.585739 0.189515 0.0529398
868 0.585739 0.170084 0.0475017
869 0.585739 0.178106 0.0478338
870 0.585739 0.164836 0.0503129
871 0.585739 0.170729 0.0504763
872 0.585739 0.119458 0.0406394
873 0.585739 0.150616 0.0483097
874 0.585739 0.12461 0.0427332
875 0.585739 0.145637 0.0446299
876 0.585739 0.14738 0.04673
877 0.585739 0.168743 0.054528
878 0.585739 0.142298 0.0478653
879 0.585739 0.130311 0.0447417
880 0.585739 0.152429 0.0446471
881 0.585739 0.123006 0.0403354
882 0.585739 0.153576 0.0500094
883 0.585739 0.134095 0.0404337
884 0.585739 0.133065 0.04273
885 0.585739 0.126638 0.0387701
886 0.585739 0.126437 0.0391237
887 0.585739 0.128175 0.0400045
888 0.585739 0.139661 0.043813
889 0.585739 0.150688 0.0475198
890 0.585739 0.161186 0.0502334
891 0.585739 0.156815 0.0470378
892 0.585739 0.17884 0.0519446
893 0.585739 0.186083 0.0527763
894 0.585739 0.170508 0.0502591
895 0.585739 0.155438 0.0429872
896 0.585739 0.163466 0.046811
897 0.585739 0.162431 0.0439441
898 0.585739 0.162892 0.047288
899 0.585739 0.195863 0.0520536
900 0.585739 0.201957 0.0538476
901 0.585739 0.165703 0.0481834
902 0.585739 0.17832 0.0536937
903 0.585739 0.161276 0.0509298
904 0.585739 0.159533 0.0483555
905 0.585739 0.15427 0.0473427
906 0.585739 0.16031 0.0483072
907 0.585739 0.167539 0.0503867
908 0.585739 0.183025 0.0487285
909 0.585739 0.183993 0.0501266
910 0.585739 0.179405 0.0508371
911 0.585739 0.17507 0.0507
912 0.585739 0.171772 0.0489384
913 0.585739 0.184933 0.0479963
914 0.585739 0.182583 0.0466573
915 0.585739 0.183566 0.0470655
916 0.585739 0.161872 0.0464861
917 0.585739 0.193591 0.0481603
918 0.585739 0.160077 0.0421686
919 0.585739 0.151467 0.0425982
920 0.585739 0.169556 0.0461043
921 0.585739 0.174053 0.0490222
922 0.585739 0.16118 0.0455475
923 0.585739 0.176704 0.047729
924 0.585739 0.140933 0.0454111
925 0.585739 0.143876 0.0457651
926 0.585739 0.130629 0.041578
927 0.585739 0.147283 0.044581
928 0.585739 0.140593 0.042872
929 0.585739 0.156276 0.0483836
930 0.585739 0.141437 0.0463715
931 0.585739 0.122903 0.0430998
932 0.585739 0.141909 0.0447189
933 0.585739 0.154587 0.048704
934 0.585739 0.145259 0.0434317
935 0.585739 0.149446 0.0470697
936 0.585739 0.15799 0.0469928
937 0.585739 0.169931 0.0521956
938 0.585739 0.131897 0.0457372
939 0.585739 0.137377 0.043619
940 0.585739 0.132744 0.0429641
941 0.585739 0.14603 0.0425823
942 0.585739 0.152472 0.0468821
943 0.585739 0.158758 0.0464744
944 0.585739 0.168905 0.0520402
945 0.585739 0.155658 0.0456895
946 0.585739 0.159463 0.0452735
947 0.585739 0.190532 0.0476915
948 0.585739 0.184263 0.0482015
949 0.585739 0.161364 0.0482371
950 0.585739 0.174104 0.0535654
951 0.585739 0.193297 0.0482143
952 0.585739 0.161264 0.0482372
953 0.585739 0.140899 0.0466646
954 0.585739 0.180184 0.048874
955 0.585739 0.165635 0.0476728
956 0.585739 0.144814 0.0448507
957 0.585739 0.155488 0.0458598
958 0.585739 0.162249 0.0469994
959 0.585739 0.135861 0.0425354
960 0.585739 0.128004 0.0418883
961 0.585739 0.119675 0.040324
962 0.585739 0.157979 0.0483685
963 0.585739 0.162464 0.0457716
964 0.585739 0.138344 0.046222
965 0.585739 0.147285 0.0453942
966 0.585739 0.154626 0.0489517
967 0.585739 0.175143 0.0512304
968 0.585739 0.159197 0.0478296
969 0.585739 0.149581 0.0453772
970 0.585739 0.161778 0.0458506
971 0.585739 0.157638 0.0489358
972 0.585739 0.18652 0.0492469
973 0.585739 0.167942 0.0463401
974 0.585739 0.176227 0.0497171
975 0.585739 0.161943 0.0470605
976 0.585739 0.173877 0.0488183
977 0.585739 0.206322 0.0515688
978 0.585739 0.192035 0.0463257
979 0.585739 0.183973 0.0481104
980 0.585739 0.177135 0.0509289
981 0.585739 0.166308 0.0473096
982 0.585739 0.137194 0.0441313
983 0.585739 0.174591 0.0503838
984 0.585739 0.157805 0.0486839
985 0.585739 0.155758 0.0439424
986 0.585739 0.167593 0.0457717
987 0.585739 0.162739 0.0472446
988 0.585739 0.159096 0.0473657
989 0.585739 0.146897 0.0441721
990 0.585739 0.159879 0.0464368
991 0.585739 0.13614 0.0434792
992 0.585739 0.15039 0.0455657
993 0.585739 0.163956 0.0467304
994 0.585739 0.135221 0.0431499
995 0.585739 0.152414 0.0502212
996 0.585739 0.152105 0.0498899
997 0.585739 0.152518 0.0459958
998 0.585739 0.157206 0.0461593
999 0.585739 0.151795 0.0422413
1000 0.585739 0.137111 0.0433619
