0 0.125274 0.0604428 0.00391221
1 0.125274 0.0640108 0.00393078
2 0.125282 0.0705556 0.00384597
3 0.125282 0.0827127 0.00352997
4 0.125282 0.0814828 0.0035772
5 0.125282 0.0814793 0.0035791
6 0.125282 0.0877569 0.00329555
7 0.125282 0.0903918 0.00314342
8 0.125282 0.0883966 0.00321928
9 0.125282 0.0875776 0.00331602
10 0.125282 0.087704 0.0033062
11 0.125282 0.0814391 0.00358496
12 0.125282 0.0913771 0.00311639
13 0.125282 0.0940521 0.00293263
14 0.125282 0.0942443 0.00289971
15 0.125282 0.101625 0.00238519
16 0.125282 0.105335 0.00208633
17 0.125282 0.099109 0.00258217
18 0.125282 0.102639 0.00233465
19 0.125282 0.10404 0.00220044
20 0.125282 0.11025 0.00164791
21 0.125282 0.11641 0.0010259
22 0.125282 0.113896 0.00129539
23 0.125282 0.115162 0.00116107
24 0.125282 0.113892 0.00129332
25 0.125282 0.115202 0.00115066
26 0.125282 0.114002 0.00127239
27 0.125282 0.112726 0.0014035
28 0.125282 0.107963 0.00183614
29 0.125282 0.10412 0.00218413
30 0.125282 0.106598 0.00197477
31 0.125282 0.110136 0.00167025
32 0.346445 0.112361 0.00222542
33 0.346445 0.114864 0.00196819
34 0.346445 0.112349 0.0022274
35 0.346445 0.116104 0.00183589
36 0.346445 0.11861 0.00155792
37 0.346445 0.117098 0.00170103
38 0.346445 0.117427 0.00168509
39 0.346445 0.12091 0.00149725
40 0.346445 0.118308 0.00180736
41 0.346445 0.122321 0.00174424
42 0.346445 0.120334 0.00206585
43 0.452265 0.119786 0.00400726
44 0.452265 0.124469 0.00412249
45 0.452265 0.119934 0.00553865
46 0.452265 0.119514 0.00656147
47 0.500384 0.132403 0.00832128
47 0.501217 0.0486174 0.0134063
48 0.501217 0.0457188 0.0142669
49 0.528448 0.0753081 0.0216323
50 0.537255 0.065086 0.0210013
51 0.537255 0.0712223 0.022829
52 0.537255 0.0620851 0.0219619
53 0.537255 0.0879779 0.0280267
54 0.537255 0.0737435 0.0273679
55 0.553264 0.082935 0.0294492
56 0.553264 0.0987972 0.034176
57 0.553264 0.100762 0.0351387
58 0.553264 0.0912815 0.0339503
59 0.553264 0.0916412 0.0359659
60 0.5592 0.0954838 0.0339022
61 0.571966 0.0869153 0.0343935
62 0.572284 0.102698 0.0400123
63 0.572284 0.111297 0.0402699
64 0.572284 0.101114 0.0365978
65 0.572284 0.108383 0.0400307
66 0.572284 0.113211 0.0403724
67 0.572284 0.122678 0.0406359
68 0.572284 0.111194 0.0392231
69 0.57387 0.0968914 0.0394185
70 0.57387 0.0960726 0.0372455
71 0.576923 0.103135 0.0384109
72 0.576923 0.118154 0.0428123
73 0.576923 0.0910311 0.0365848
74 0.576923 0.10588 0.0403163
75 0.576923 0.0916575 0.0379924
76 0.576923 0.10256 0.0392839
77 0.576923 0.102258 0.0387495
78 0.576923 0.11778 0.0431593
79 0.576923 0.107572 0.0424838
80 0.576923 0.104769 0.0401189
81 0.576923 0.0760783 0.0328399
82 0.576923 0.0960464 0.0392247
83 0.576923 0.12025 0.0428595
84 0.576923 0.109319 0.0392616
85 0.576923 0.0961791 0.0378923
86 0.58048 0.112952 0.0430501
87 0.59449 0.109416 0.0436607
88 0.59449 0.108816 0.0445857
89 0.59449 0.112462 0.0404895
90 0.59449 0.124507 0.0437189
91 0.59449 0.136947 0.0457144
92 0.59449 0.119621 0.0449211
93 0.59449 0.127201 0.0420426
94 0.59449 0.107484 0.0400305
95 0.59449 0.115146 0.0414863
96 0.59449 0.123557 0.0423201
97 0.59449 0.117359 0.0389372
98 0.59449 0.0981706 0.0365474
99 0.59449 0.116994 0.0429893
100 0.59449 0.119587 0.0453829
101 0.59449 0.117507 0.0431054
102 0.59449 0.0826268 0.0339586
103 0.59449 0.0892422 0.0391182
104 0.59449 0.0911431 0.0400638
105 0.59449 0.0985829 0.0388427
106 0.59449 0.13225 0.0461073
107 0.59449 0.12533 0.0476404
108 0.59449 0.119639 0.0461132
109 0.59449 0.117161 0.0445087
110 0.59449 0.09833 0.0406395
111 0.59449 0.122792 0.0464821
112 0.59449 0.128262 0.0470724
113 0.59449 0.125478 0.0438417
114 0.59449 0.133511 0.044787
115 0.59449 0.116772 0.0432985
116 0.59449 0.140897 0.047484
117 0.59449 0.114836 0.0422388
118 0.59449 0.14528 0.046206
119 0.59449 0.115956 0.0428816
120 0.59449 0.105021 0.0390584
121 0.59449 0.110825 0.0401918
122 0.59449 0.123144 0.0459117
123 0.59449 0.107733 0.0404082
124 0.59449 0.112547 0.0411547
125 0.59449 0.0992003 0.0398027
126 0.59449 0.0984002 0.0399487
127 0.59449 0.107856 0.0412527
128 0.59449 0.120286 0.0422592
129 0.59449 0.109304 0.0410998
130 0.59449 0.113417 0.0421172
131 0.59449 0.0838006 0.0354169
132 0.59449 0.108362 0.0416768
133 0.59449 0.0991847 0.0410627
134 0.59449 0.110931 0.0440247
135 0.59449 0.103725 0.041243
136 0.59449 0.109768 0.0422921
137 0.59449 0.0925082 0.0391085
138 0.59449 0.0890433 0.0365931
139 0.59449 0.114566 0.0426996
140 0.59449 0.107064 0.0415601
141 0.59449 0.102895 0.0387859
142 0.59449 0.0990784 0.0429823
143 0.59449 0.117674 0.0422132
144 0.59449 0.108924 0.0440324
145 0.59449 0.11295 0.0428406
146 0.59449 0.108939 0.0420608
147 0.59449 0.104279 0.0412486
148 0.59449 0.111014 0.041468
149 0.59449 0.10906 0.0417537
150 0.59449 0.128897 0.0463267
151 0.59449 0.108455 0.0376044
152 0.59449 0.130866 0.0430559
153 0.59449 0.129056 0.0410173
154 0.59449 0.123651 0.044706
155 0.59449 0.104497 0.0425181
156 0.59449 0.115863 0.0434154
157 0.59449 0.111568 0.0449898
158 0.59449 0.117136 0.0459266
159 0.59449 0.125715 0.0455529
160 0.59449 0.111909 0.0426027
161 0.598637 0.152767 0.0529018
162 0.598637 0.115933 0.0447171
163 0.598637 0.132626 0.046192
164 0.598637 0.149577 0.051682
165 0.598637 0.13911 0.0452419
166 0.598637 0.127715 0.0444262
167 0.598637 0.115739 0.0446543
168 0.598637 0.102753 0.0423385
169 0.598637 0.135203 0.0477964
170 0.598637 0.125842 0.0463994
171 0.598637 0.121301 0.0416103
172 0.598637 0.131303 0.047223
173 0.598637 0.130778 0.0427684
174 0.598637 0.115974 0.0419926
175 0.598637 0.116089 0.0451933
176 0.598637 0.0958972 0.0389307
177 0.598637 0.132639 0.0464994
178 0.598637 0.129253 0.0485698
179 0.598637 0.10231 0.0427266
180 0.598637 0.117476 0.0447856
181 0.598637 0.101273 0.0407538
182 0.598637 0.109684 0.0412389
183 0.598637 0.129128 0.0471688
184 0.598637 0.0967215 0.0399061
185 0.598637 0.105553 0.0391185
186 0.598637 0.117847 0.0418724
187 0.598637 0.120432 0.0445149
188 0.598637 0.122433 0.046367
189 0.598637 0.115884 0.044365
190 0.598637 0.136768 0.0472245
191 0.598637 0.141635 0.0495583
192 0.598637 0.145227 0.0499791
193 0.598637 0.147698 0.0519651
194 0.598637 0.1271 0.0452628
195 0.598637 0.141891 0.052764
196 0.598637 0.128016 0.044784
197 0.598637 0.125216 0.0423556
198 0.598637 0.132574 0.0453122
199 0.598637 0.134611 0.0446319
200 0.598637 0.134707 0.0452971
201 0.598637 0.147646 0.04725
202 0.598637 0.128714 0.044093
203 0.598637 0.133989 0.0463044
204 0.598637 0.134236 0.0451545
205 0.598637 0.112466 0.0411627
206 0.598637 0.132262 0.0468513
207 0.598637 0.127634 0.0451879
208 0.598637 0.13344 0.0465273
209 0.598637 0.124942 0.0475671
210 0.598637 0.126461 0.0468688
211 0.598637 0.136342 0.0482811
212 0.598637 0.0966041 0.0407861
213 0.598637 0.122739 0.0458668
214 0.598637 0.123243 0.0453164
215 0.598637 0.141269 0.0490774
216 0.598637 0.110163 0.0443503
217 0.598637 0.116471 0.0444533
218 0.598637 0.0900202 0.0410196
219 0.598637 0.108822 0.0429126
220 0.598637 0.104935 0.0442952
221 0.598637 0.12346 0.0450358
222 0.598637 0.146711 0.0482124
223 0.598637 0.121846 0.0443157
224 0.598637 0.116892 0.046751
225 0.598637 0.130101 0.0483207
226 0.598637 0.114004 0.0462649
227 0.598637 0.110993 0.0426812
228 0.598637 0.131624 0.0506174
229 0.598637 0.114407 0.0481054
230 0.598637 0.132738 0.0507381
231 0.598637 0.144039 0.0507045
232 0.598637 0.125167 0.0452254
233 0.598637 0.133013 0.0485519
234 0.598637 0.129385 0.0482333
235 0.598637 0.109208 0.0425422
236 0.598637 0.12136 0.04903
237 0.598637 0.119289 0.0455987
238 0.598637 0.0959079 0.0403831
239 0.598637 0.115131 0.0465211
240 0.598637 0.101057 0.0422378
241 0.598637 0.127411 0.0493882
242 0.598637 0.164689 0.0571591
243 0.598637 0.122456 0.0467289
244 0.598637 0.115565 0.0433791
245 0.598637 0.139804 0.049336
246 0.598637 0.125975 0.0468755
247 0.598637 0.107756 0.0425593
248 0.601131 0.120086 0.0487994
249 0.601131 0.116466 0.045776
250 0.601131 0.122045 0.0451919
251 0.601131 0.168882 0.0561527
252 0.601131 0.130477 0.0453444
253 0.601131 0.110997 0.0425325
254 0.601131 0.125317 0.045127
255 0.601131 0.129092 0.047871
256 0.601131 0.129327 0.0454685
257 0.601131 0.138885 0.0467616
258 0.601131 0.128895 0.0451628
259 0.601131 0.14303 0.0480094
260 0.601131 0.134213 0.0464741
261 0.601131 0.117417 0.0471063
262 0.601131 0.126609 0.0485821
263 0.601131 0.130307 0.0475498
264 0.601131 0.125539 0.0454865
265 0.601131 0.118325 0.0463252
266 0.601131 0.111965 0.0417717
267 0.601131 0.13594 0.0493409
268 0.601131 0.126153 0.0497386
269 0.601131 0.11552 0.0444392
270 0.601131 0.134004 0.0473067
271 0.601131 0.126242 0.0475729
272 0.601131 0.123574 0.0481398
273 0.601131 0.128759 0.0486856
274 0.601131 0.128021 0.0503276
275 0.601131 0.130778 0.0467539
276 0.601131 0.125917 0.0474463
277 0.601131 0.147134 0.0480775
278 0.601131 0.135636 0.047288
279 0.601131 0.119557 0.0438874
280 0.601131 0.117165 0.0404306
281 0.601131 0.127306 0.0427224
282 0.601131 0.0878996 0.0388507
283 0.601131 0.0970302 0.0403781
284 0.601131 0.122986 0.0474767
285 0.601131 0.125233 0.044063
286 0.601131 0.135155 0.0497909
287 0.602068 0.129219 0.0488496
288 0.602068 0.13983 0.0500468
289 0.602068 0.122297 0.0461315
290 0.602068 0.116902 0.0466734
291 0.603297 0.121187 0.0468339
292 0.603297 0.123432 0.0479463
293 0.603297 0.113313 0.0425096
294 0.603297 0.117603 0.0445844
295 0.603297 0.150945 0.0528067
296 0.603297 0.147281 0.0531621
297 0.603297 0.137229 0.0509087
298 0.603297 0.116593 0.0466616
299 0.603297 0.120464 0.0446547
300 0.603297 0.126344 0.0455603
301 0.603297 0.127674 0.0482658
302 0.603297 0.115541 0.0458759
303 0.603297 0.133002 0.0490305
304 0.603297 0.118316 0.043542
305 0.603297 0.145567 0.0491293
306 0.603297 0.136981 0.048541
307 0.603297 0.135699 0.0487166
308 0.603297 0.118047 0.0431927
309 0.603297 0.11074 0.0447657
310 0.603297 0.138064 0.0512252
311 0.603297 0.130219 0.0468611
312 0.603297 0.10284 0.0423683
313 0.603297 0.112706 0.0419772
314 0.603297 0.134997 0.0497176
315 0.603297 0.114289 0.0465365
316 0.603297 0.109354 0.0448284
317 0.603297 0.104453 0.0447111
318 0.603297 0.10285 0.0423806
319 0.603297 0.121066 0.0490551
320 0.603297 0.104929 0.0448712
321 0.603297 0.109428 0.0442926
322 0.603297 0.133146 0.0501016
323 0.603297 0.120755 0.044285
324 0.603297 0.107775 0.0420661
325 0.603297 0.127107 0.0463739
326 0.603297 0.108986 0.0428541
327 0.603297 0.104157 0.0435353
328 0.603297 0.118254 0.0453277
329 0.603297 0.122476 0.0472459
330 0.603297 0.129686 0.0499632
331 0.603297 0.15877 0.054601
332 0.603297 0.137364 0.0510585
333 0.603297 0.108335 0.0417885
334 0.603297 0.132579 0.0473735
335 0.603297 0.131449 0.0500991
336 0.603297 0.11367 0.0441996
337 0.603297 0.116856 0.0446281
338 0.603297 0.111573 0.0440874
339 0.603297 0.11111 0.0407793
340 0.603297 0.133315 0.0437047
341 0.603297 0.140239 0.0462382
342 0.603297 0.126689 0.0476509
343 0.603297 0.149561 0.0531584
344 0.603297 0.130417 0.0481382
345 0.603297 0.138857 0.0509909
346 0.603297 0.142635 0.0530642
347 0.603297 0.155149 0.0542726
348 0.603297 0.149154 0.0499077
349 0.603297 0.140479 0.0483939
350 0.603297 0.126892 0.0484715
351 0.603297 0.120975 0.0487656
352 0.603297 0.127497 0.0494225
353 0.603297 0.14709 0.0535511
354 0.603297 0.167232 0.0536432
355 0.603297 0.164765 0.05538
356 0.603297 0.159256 0.0533846
357 0.603297 0.165541 0.0549457
358 0.603297 0.1481 0.0515075
359 0.603297 0.135599 0.0515584
360 0.603297 0.101355 0.0422781
361 0.603297 0.109521 0.0447743
362 0.603297 0.102771 0.0409854
363 0.603297 0.135568 0.0490441
364 0.603297 0.133813 0.0467623
365 0.603297 0.126094 0.0462453
366 0.603297 0.132282 0.0463516
367 0.603297 0.136295 0.0474335
368 0.603297 0.128761 0.0452167
369 0.603297 0.120201 0.0462706
370 0.603297 0.125368 0.046264
371 0.603297 0.135132 0.0496805
372 0.603297 0.127924 0.0481985
373 0.603297 0.136022 0.047543
374 0.603297 0.145948 0.0549768
375 0.603297 0.160491 0.0501697
376 0.606227 0.17651 0.0555723
377 0.606227 0.136092 0.0539029
378 0.606227 0.145505 0.0555549
379 0.606227 0.135768 0.0503071
380 0.606227 0.134803 0.0483382
381 0.606227 0.122251 0.0475741
382 0.606227 0.128536 0.0440684
383 0.606227 0.120339 0.0464457
384 0.606227 0.123118 0.0504121
385 0.606227 0.124716 0.0471476
386 0.606227 0.1529 0.0549189
387 0.606227 0.159937 0.0547139
388 0.606227 0.156602 0.0503964
389 0.606227 0.126222 0.047355
390 0.606227 0.12045 0.0411295
391 0.606227 0.145663 0.0516985
392 0.606227 0.13071 0.0484702
393 0.606227 0.126886 0.0451419
394 0.606227 0.111965 0.0461766
395 0.606227 0.140338 0.0456082
396 0.606227 0.147864 0.0473987
397 0.606227 0.145167 0.0495
398 0.606227 0.137063 0.0476845
399 0.606227 0.173907 0.0516893
400 0.606227 0.14883 0.0494104
401 0.606227 0.12101 0.0428629
402 0.606227 0.14825 0.045931
403 0.606227 0.138373 0.0469913
404 0.606227 0.161435 0.0490561
405 0.606227 0.148657 0.046336
406 0.606227 0.164522 0.0496974
407 0.606227 0.146359 0.0492559
408 0.606227 0.154284 0.0529325
409 0.606227 0.146703 0.0521503
410 0.606227 0.142927 0.0528029
411 0.606227 0.130473 0.0492745
412 0.606227 0.12457 0.0480869
413 0.606227 0.10856 0.0422853
414 0.606227 0.125639 0.0454476
415 0.606227 0.131352 0.0477766
416 0.606227 0.137408 0.05005
417 0.606227 0.141179 0.0490065
418 0.606227 0.128481 0.0441795
419 0.606227 0.140833 0.051508
420 0.606227 0.11996 0.0420121
421 0.606227 0.123615 0.0429179
422 0.606227 0.139965 0.0490199
423 0.606227 0.155375 0.0496745
424 0.606227 0.139166 0.0464524
425 0.606227 0.141622 0.0522111
426 0.606227 0.156727 0.0546616
427 0.606227 0.126429 0.0441718
428 0.606227 0.146219 0.0502155
429 0.606227 0.144298 0.0489211
430 0.606227 0.141522 0.0492989
431 0.606227 0.139968 0.0495714
432 0.606227 0.130389 0.0473262
433 0.606227 0.122358 0.0454817
434 0.606227 0.127558 0.0469418
435 0.606227 0.150008 0.0519685
436 0.606227 0.156394 0.0517043
437 0.606227 0.12812 0.0456878
438 0.606227 0.134194 0.0487027
439 0.606227 0.132939 0.0484482
440 0.606227 0.123024 0.0466506
441 0.606227 0.107209 0.0427246
442 0.606227 0.137572 0.0510963
443 0.606227 0.165217 0.0539438
444 0.606227 0.131508 0.0437484
445 0.606227 0.130225 0.0450439
446 0.606227 0.162236 0.0494348
447 0.606227 0.148513 0.0487813
448 0.606227 0.133863 0.0478783
449 0.606227 0.142817 0.0492081
450 0.606227 0.146096 0.0520629
451 0.606227 0.148863 0.0508767
452 0.606227 0.148115 0.0518129
453 0.606227 0.138628 0.0469671
454 0.606227 0.148152 0.0528246
455 0.606227 0.115135 0.042696
456 0.606227 0.13127 0.0445736
457 0.606227 0.138114 0.0488823
458 0.606227 0.138381 0.0532066
459 0.606227 0.13037 0.048646
460 0.606227 0.140715 0.0537637
461 0.606227 0.133665 0.0482253
462 0.606227 0.132901 0.0475353
463 0.606227 0.144801 0.0534698
464 0.606227 0.126734 0.0498676
465 0.606227 0.120739 0.0462227
466 0.606227 0.126093 0.0497407
467 0.606227 0.139599 0.0505716
468 0.606227 0.108124 0.0436418
469 0.606227 0.133867 0.0473131
470 0.606227 0.13914 0.0514314
471 0.606227 0.126939 0.0464273
472 0.606227 0.115065 0.0462952
473 0.607128 0.108075 0.0459186
474 0.607128 0.13012 0.0522142
475 0.607128 0.128355 0.0490569
476 0.607128 0.154805 0.0571425
477 0.607128 0.105221 0.0440164
478 0.607128 0.117627 0.0443102
479 0.607128 0.130658 0.051108
480 0.607128 0.131783 0.0513693
481 0.607128 0.14235 0.0522509
482 0.607128 0.133139 0.0509253
483 0.607128 0.13191 0.0493608
484 0.607128 0.131143 0.0490696
485 0.607128 0.107205 0.0453471
486 0.607128 0.111056 0.0444205
487 0.607128 0.135964 0.0507731
488 0.607128 0.146064 0.0505659
489 0.607128 0.110313 0.0447666
490 0.607128 0.108694 0.0445131
491 0.607128 0.12945 0.0518197
492 0.607128 0.123135 0.046171
493 0.607128 0.136797 0.0537983
494 0.607128 0.12369 0.0453592
495 0.607128 0.152916 0.0527408
496 0.607128 0.190432 0.054399
497 0.607128 0.151065 0.0497527
498 0.607128 0.145086 0.0496282
499 0.607128 0.13485 0.0474572
500 0.607128 0.117677 0.0474004
501 0.607128 0.113464 0.0451525
502 0.607128 0.129009 0.0487712
503 0.607128 0.127801 0.0481991
504 0.607128 0.126959 0.0439668
505 0.607128 0.114683 0.0446277
506 0.607128 0.129228 0.0459619
507 0.607128 0.118041 0.0438929
508 0.607128 0.0957483 0.0407479
509 0.607128 0.121214 0.0462057
510 0.607128 0.12806 0.0475318
511 0.607128 0.142451 0.0500432
512 0.607128 0.148331 0.0521305
513 0.607128 0.126189 0.0493349
514 0.607128 0.124049 0.0489801
515 0.607128 0.127384 0.0524995
516 0.607128 0.109636 0.0427577
517 0.607128 0.133946 0.0517251
518 0.607128 0.111989 0.0466713
519 0.607128 0.128282 0.0495118
520 0.607128 0.134753 0.0495173
521 0.607128 0.122191 0.0517116
522 0.607128 0.12828 0.0485251
523 0.607128 0.114791 0.0459959
524 0.607128 0.121459 0.0460631
525 0.607128 0.143359 0.0493448
526 0.607128 0.118696 0.0445715
527 0.607128 0.121166 0.0443367
528 0.607128 0.106382 0.0459002
529 0.607128 0.108499 0.0454632
530 0.607128 0.118155 0.0461777
531 0.607128 0.127094 0.0491221
532 0.607128 0.111493 0.0416309
533 0.607128 0.12641 0.0477442
534 0.607128 0.14011 0.0493162
535 0.607128 0.147743 0.0559765
536 0.607128 0.161732 0.0545067
537 0.607128 0.15665 0.0537442
538 0.607128 0.141142 0.0494096
539 0.607128 0.153953 0.0528754
540 0.607128 0.143202 0.0461554
541 0.607128 0.131852 0.0452915
542 0.607128 0.16173 0.0494813
543 0.607128 0.159194 0.0491748
544 0.607128 0.138651 0.0457537
545 0.607128 0.135677 0.0470388
546 0.607128 0.138607 0.0482986
547 0.607128 0.133585 0.048462
548 0.607128 0.143838 0.0503286
549 0.607128 0.156532 0.0534513
550 0.607128 0.130829 0.0473375
551 0.607128 0.129196 0.0490974
552 0.607128 0.116609 0.046472
553 0.607128 0.0991356 0.0418138
554 0.607128 0.118216 0.0488729
555 0.607128 0.122456 0.0514355
556 0.607128 0.0858001 0.0373422
557 0.607128 0.116256 0.0464997
558 0.607128 0.12812 0.047841
559 0.607128 0.115389 0.046859
560 0.607128 0.112698 0.044616
561 0.607128 0.121519 0.04729
562 0.607128 0.116537 0.0464127
563 0.607128 0.134033 0.0487598
564 0.607128 0.11394 0.0430114
565 0.607128 0.123815 0.0507767
566 0.607128 0.119482 0.0466711
567 0.607128 0.127326 0.0491079
568 0.607128 0.128164 0.0510383
569 0.607128 0.119093 0.0488609
570 0.607128 0.119067 0.047591
571 0.607128 0.10229 0.0408902
572 0.607128 0.107137 0.0440145
573 0.607128 0.130177 0.0488814
574 0.607128 0.126897 0.0469529
575 0.607128 0.121391 0.0454515
576 0.607128 0.131743 0.0491315
577 0.607128 0.122989 0.0491535
578 0.607128 0.13724 0.0499395
579 0.607128 0.136999 0.0484396
580 0.607128 0.124875 0.0478149
581 0.607128 0.101818 0.0424449
582 0.607128 0.110906 0.0483031
583 0.607128 0.115028 0.0485314
584 0.607128 0.116577 0.0450947
585 0.607128 0.139462 0.0567015
586 0.607128 0.158523 0.0598586
587 0.607128 0.171903 0.0604482
588 0.60725 0.162306 0.0545167
589 0.60725 0.130839 0.0502469
590 0.60725 0.12236 0.0467122
591 0.60725 0.133885 0.0508406
592 0.60725 0.111483 0.0469944
593 0.60725 0.129073 0.04899
594 0.60725 0.133743 0.0515681
595 0.60725 0.15116 0.0519543
596 0.60725 0.142086 0.0518539
597 0.60725 0.155093 0.0529513
598 0.60725 0.138938 0.0502005
599 0.607381 0.15507 0.0526034
600 0.607381 0.149124 0.050937
601 0.607381 0.127265 0.049162
602 0.607381 0.101996 0.0407363
603 0.607381 0.109846 0.0441176
604 0.607381 0.115538 0.0433519
605 0.607381 0.143885 0.0478136
606 0.607381 0.128571 0.0498192
607 0.607381 0.117382 0.0428375
608 0.607381 0.133626 0.0493619
609 0.607381 0.14776 0.0498405
610 0.607381 0.107273 0.0421603
611 0.607381 0.118993 0.0449496
612 0.607381 0.15809 0.0526465
613 0.607381 0.129709 0.0474331
614 0.607381 0.127259 0.0483002
615 0.607381 0.113109 0.0442826
616 0.607381 0.111637 0.0425943
617 0.607381 0.119419 0.0464014
618 0.607381 0.106923 0.0453084
619 0.607381 0.114069 0.0468601
620 0.607381 0.121188 0.0512997
621 0.607381 0.119686 0.0470269
622 0.607381 0.1076 0.0428005
623 0.607381 0.0993588 0.0403182
624 0.607381 0.103333 0.0457187
625 0.607381 0.113112 0.0441644
626 0.607381 0.112797 0.045402
627 0.607381 0.115908 0.0469822
628 0.607381 0.115906 0.0458927
629 0.607381 0.115546 0.0472278
630 0.607381 0.119126 0.0472312
631 0.607381 0.136292 0.0521477
632 0.607381 0.149589 0.0537682
633 0.607381 0.13338 0.0526143
634 0.607381 0.149166 0.0529363
635 0.607381 0.159784 0.0535203
636 0.607381 0.151367 0.0514543
637 0.607381 0.125415 0.04915
638 0.607381 0.135722 0.0498636
639 0.607381 0.143184 0.0497517
640 0.607381 0.144053 0.0514161
641 0.607381 0.163061 0.055432
642 0.607381 0.144856 0.0492023
643 0.607381 0.127326 0.0454002
644 0.612058 0.156408 0.0509754
645 0.612058 0.12821 0.0441073
646 0.612058 0.155247 0.0473943
647 0.612058 0.147101 0.0464051
648 0.612058 0.113881 0.0440795
649 0.612058 0.116186 0.046295
650 0.612058 0.123601 0.0497291
651 0.612058 0.118742 0.0450064
652 0.614319 0.116181 0.0439874
653 0.614319 0.137027 0.0454143
654 0.614319 0.139213 0.0481508
655 0.614319 0.137301 0.0475109
656 0.614319 0.154106 0.0505757
657 0.614319 0.143518 0.0520498
658 0.614319 0.131506 0.0471646
659 0.614319 0.152221 0.0505292
660 0.614319 0.133033 0.0518832
661 0.614319 0.137895 0.051415
662 0.614319 0.119462 0.0467556
663 0.614319 0.11629 0.045212
664 0.614319 0.105482 0.0413391
665 0.614319 0.0976315 0.0405916
666 0.614319 0.109452 0.0460766
667 0.614319 0.110028 0.043866
668 0.614319 0.127502 0.0514969
669 0.615249 0.14276 0.0569179
670 0.615249 0.13524 0.0513928
671 0.615249 0.119525 0.0475881
672 0.615249 0.126097 0.0474947
673 0.615249 0.114719 0.047685
674 0.615249 0.121103 0.0495312
675 0.615249 0.119534 0.0459344
676 0.615249 0.113845 0.0451574
677 0.615249 0.1106 0.0445191
678 0.615249 0.126244 0.0506917
679 0.615249 0.154325 0.0561379
680 0.615249 0.113945 0.0450661
681 0.615249 0.121333 0.0471232
682 0.615249 0.125757 0.0457464
683 0.615249 0.130309 0.0500978
684 0.615249 0.110318 0.0457787
685 0.615249 0.106352 0.0433413
686 0.615249 0.126938 0.048581
687 0.615249 0.120241 0.0473837
688 0.615249 0.113123 0.0467324
689 0.615249 0.108802 0.0435292
690 0.615249 0.10785 0.0436961
691 0.615249 0.0982254 0.0427021
692 0.615249 0.120152 0.0463169
693 0.615249 0.1253 0.0449654
694 0.615249 0.106848 0.0433248
695 0.615249 0.1352 0.0528756
696 0.615249 0.139 0.0501591
697 0.615249 0.126256 0.0482821
698 0.615249 0.120523 0.0456584
699 0.615249 0.114521 0.0431619
700 0.615249 0.12588 0.049048
701 0.615249 0.135059 0.0500444
702 0.615249 0.129011 0.0452632
703 0.615249 0.130059 0.0476627
704 0.615249 0.140504 0.0493378
705 0.615249 0.134882 0.0510377
706 0.615249 0.133181 0.0532047
707 0.615249 0.12401 0.050467
708 0.615249 0.128046 0.0466757
709 0.615249 0.124959 0.0500009
710 0.615249 0.115215 0.0470118
711 0.615249 0.158972 0.0562946
712 0.615249 0.13486 0.0460454
713 0.615249 0.131635 0.0440607
714 0.615249 0.15269 0.0515701
715 0.615249 0.175773 0.0554779
716 0.616111 0.147189 0.0506423
717 0.616111 0.119507 0.0465971
718 0.616111 0.137593 0.0551771
719 0.616111 0.126131 0.0482985
720 0.616111 0.138081 0.0520875
721 0.616111 0.119332 0.0442568
722 0.616111 0.11685 0.0448858
723 0.616111 0.147878 0.0489478
724 0.616111 0.151155 0.0491942
725 0.616111 0.151387 0.0525916
726 0.616111 0.165062 0.0548566
727 0.616111 0.132999 0.0475177
728 0.616111 0.11991 0.0462847
729 0.616111 0.109097 0.0440827
730 0.616111 0.121217 0.0471202
731 0.616111 0.146091 0.0528214
732 0.616111 0.160617 0.0534244
733 0.61687 0.123336 0.0476116
734 0.61687 0.14904 0.0531981
735 0.61687 0.131788 0.0494082
736 0.61687 0.133815 0.0527177
737 0.61687 0.126229 0.0476012
738 0.61687 0.107579 0.0468095
739 0.61687 0.126649 0.0508097
740 0.61687 0.117821 0.0477814
741 0.61687 0.141299 0.0535642
742 0.61687 0.139802 0.0560662
743 0.61687 0.130046 0.0517594
744 0.61687 0.15243 0.0524764
745 0.61687 0.128776 0.0447831
746 0.61687 0.124213 0.0492527
747 0.61687 0.131997 0.0509517
748 0.61687 0.139967 0.0505782
749 0.61687 0.125236 0.049073
750 0.61687 0.135313 0.051472
751 0.61687 0.13219 0.0469061
752 0.61687 0.134337 0.0452496
753 0.61687 0.122983 0.0451026
754 0.61687 0.114684 0.0484112
755 0.61687 0.14839 0.051476
756 0.61687 0.154063 0.0508562
757 0.61687 0.14425 0.0509639
758 0.61687 0.136551 0.046537
759 0.61687 0.147841 0.048635
760 0.61687 0.15189 0.0522262
761 0.61687 0.141871 0.0467658
762 0.61687 0.130154 0.0506905
763 0.61687 0.12246 0.0472945
764 0.61687 0.118361 0.0451479
765 0.61687 0.117508 0.0455714
766 0.61687 0.149428 0.0495693
767 0.61687 0.135911 0.0508007
768 0.61687 0.130486 0.0477872
769 0.61687 0.13992 0.0506329
770 0.61687 0.144268 0.0499788
771 0.61687 0.137475 0.0513089
772 0.61687 0.135278 0.0487911
773 0.61687 0.146223 0.0547398
774 0.61687 0.134491 0.0526952
775 0.61687 0.127865 0.0478584
776 0.61687 0.144484 0.0469902
777 0.61687 0.158435 0.0503039
778 0.61687 0.162887 0.0540536
779 0.61687 0.169315 0.0555077
780 0.61687 0.129307 0.0493043
781 0.61687 0.122351 0.0450844
782 0.61687 0.135159 0.0491866
783 0.61687 0.139315 0.0529043
784 0.61687 0.132546 0.0506705
785 0.61687 0.137288 0.0524092
786 0.61687 0.13181 0.0467103
787 0.61687 0.126638 0.0458539
788 0.61687 0.151091 0.0491461
789 0.61687 0.11366 0.0433484
790 0.61687 0.122044 0.0463506
791 0.61687 0.124107 0.0450375
792 0.61687 0.141088 0.0465686
793 0.61687 0.143044 0.0485785
794 0.61687 0.127617 0.0456158
795 0.61687 0.153636 0.0496
796 0.61687 0.157369 0.052063
797 0.61687 0.16606 0.0526831
798 0.61687 0.164892 0.0550574
799 0.61687 0.164811 0.0563868
800 0.61687 0.128929 0.0487191
801 0.61687 0.130348 0.0433507
802 0.61687 0.115271 0.0429763
803 0.61687 0.128201 0.0491056
804 0.61687 0.120155 0.0452951
805 0.61687 0.134132 0.0458477
806 0.61687 0.167342 0.0536568
807 0.61687 0.136036 0.0483502
808 0.61687 0.157466 0.0533551
809 0.61687 0.152667 0.0546067
810 0.61687 0.141494 0.0475448
811 0.61687 0.163424 0.0495677
812 0.61687 0.148433 0.0479581
813 0.61687 0.138156 0.0484782
814 0.61687 0.124013 0.0474245
815 0.61687 0.105259 0.0421151
816 0.61687 0.0959055 0.0423109
817 0.61687 0.10377 0.0472229
818 0.61687 0.137053 0.0509444
819 0.61687 0.130126 0.0496456
820 0.61687 0.131415 0.05175
821 0.61687 0.122185 0.0510422
822 0.61687 0.0900347 0.0426243
823 0.61687 0.142681 0.0546328
824 0.61687 0.13184 0.0490662
825 0.61687 0.10426 0.0430003
826 0.61687 0.106872 0.0446672
827 0.61687 0.112873 0.0446955
828 0.61687 0.131325 0.0494314
829 0.61687 0.118218 0.0462385
830 0.61687 0.130565 0.0460374
831 0.61687 0.120374 0.0456348
832 0.61687 0.141954 0.0526279
833 0.61687 0.140819 0.0540698
834 0.61687 0.140733 0.0523929
835 0.61687 0.137194 0.0556385
836 0.61687 0.149623 0.0545998
837 0.61687 0.133947 0.0510013
838 0.61687 0.15982 0.0560432
839 0.61687 0.140254 0.0547073
840 0.61687 0.124614 0.0468776
841 0.61687 0.130613 0.0502589
842 0.61687 0.138702 0.0509186
843 0.61687 0.126946 0.0495542
844 0.61687 0.130651 0.0487587
845 0.61687 0.144098 0.0513082
846 0.61687 0.123242 0.0503737
847 0.61687 0.127014 0.0507447
848 0.61687 0.122897 0.0490652
849 0.61687 0.137535 0.0495722
850 0.61687 0.120872 0.0436117
851 0.61687 0.120503 0.0439331
852 0.61687 0.116939 0.0458744
853 0.61687 0.126305 0.0451711
854 0.61687 0.131944 0.0470127
855 0.61687 0.129142 0.0443668
856 0.61687 0.139109 0.047593
857 0.61687 0.124648 0.045249
858 0.61687 0.112376 0.0444481
859 0.61687 0.123701 0.0488535
860 0.61687 0.144039 0.0559877
861 0.61687 0.152925 0.0584806
862 0.61687 0.118159 0.0442007
863 0.61687 0.121209 0.0464795
864 0.61687 0.151312 0.0517297
865 0.61687 0.117137 0.0425044
866 0.61687 0.127097 0.0479171
867 0.61687 0.155444 0.0541416
868 0.61687 0.151781 0.0550367
869 0.61687 0.137562 0.0498239
870 0.61687 0.145682 0.0552788
871 0.61687 0.15851 0.0526358
872 0.61687 0.12455 0.0486764
873 0.61687 0.156502 0.0556861
874 0.61687 0.121927 0.0472245
875 0.61687 0.118472 0.0487724
876 0.61687 0.127505 0.0483682
877 0.61687 0.126981 0.0477321
878 0.61687 0.127508 0.0490581
879 0.61687 0.137875 0.0505716
880 0.61687 0.118173 0.0471725
881 0.61687 0.108683 0.0468728
882 0.61687 0.0899871 0.0400636
883 0.61687 0.0938196 0.0420439
884 0.61687 0.139715 0.054836
885 0.61687 0.143664 0.0499611
886 0.61687 0.115585 0.0480128
887 0.61687 0.133258 0.0544404
888 0.61687 0.116216 0.0491173
889 0.61687 0.0904348 0.0409892
890 0.61687 0.0974839 0.0408712
891 0.61687 0.131849 0.0529491
892 0.61687 0.112037 0.0406093
893 0.61687 0.102199 0.0423652
894 0.61687 0.150106 0.0531127
895 0.61687 0.132455 0.0511027
896 0.61687 0.112094 0.0432033
897 0.61687 0.138555 0.0501612
898 0.61687 0.138002 0.0459269
899 0.61687 0.122151 0.0436668
900 0.61687 0.127341 0.0464326
901 0.61687 0.145189 0.0550075
902 0.61687 0.144318 0.0488695
903 0.61687 0.128248 0.0440504
904 0.61687 0.12144 0.0446417
905 0.617343 0.144135 0.0514253
906 0.617343 0.129779 0.0458588
907 0.617343 0.148207 0.0490854
908 0.617343 0.130304 0.0455787
909 0.617343 0.143888 0.0491223
910 0.617343 0.133159 0.0436939
911 0.617343 0.140331 0.0479005
912 0.617343 0.145302 0.0532412
913 0.617343 0.112536 0.0435761
914 0.617343 0.10737 0.0450754
915 0.617343 0.121109 0.0451415
916 0.617343 0.123622 0.0453986
917 0.617343 0.122717 0.0452079
918 0.617343 0.125197 0.0469943
919 0.617343 0.1178 0.0453901
920 0.617343 0.119021 0.0446681
921 0.617343 0.130835 0.0500221
922 0.617343 0.122062 0.0456714
923 0.617343 0.124792 0.0470965
924 0.617343 0.151595 0.0549953
925 0.617343 0.143064 0.0473353
926 0.617343 0.162736 0.049897
927 0.617343 0.132397 0.0460817
928 0.617343 0.124146 0.0444157
929 0.617343 0.133979 0.0501643
930 0.617343 0.125422 0.0491432
931 0.617343 0.139861 0.0534866
932 0.617343 0.132913 0.0514437
933 0.617343 0.138305 0.051274
934 0.617343 0.118479 0.0463818
935 0.617343 0.115027 0.0473077
936 0.617343 0.0988765 0.0420237
937 0.617343 0.113265 0.0458376
938 0.617343 0.127238 0.0494353
939 0.617343 0.117267 0.0466585
940 0.617343 0.141082 0.051246
941 0.617343 0.140539 0.0535241
942 0.617343 0.136286 0.0520402
943 0.617343 0.128228 0.0472985
944 0.617343 0.129909 0.047764
945 0.617343 0.153677 0.0530848
946 0.617343 0.141151 0.0477368
947 0.617343 0.140257 0.0493211
948 0.617343 0.123494 0.0452467
949 0.617343 0.123612 0.0461723
950 0.617343 0.134394 0.0493325
951 0.617343 0.132515 0.048721
952 0.617343 0.123641 0.0472785
953 0.617343 0.16272 0.0583911
954 0.617343 0.132566 0.0470262
955 0.617343 0.115897 0.0453046
956 0.617343 0.147194 0.0522262
957 0.617343 0.128083 0.0509488
958 0.617343 0.130084 0.0488034
959 0.617343 0.120165 0.04702
960 0.617343 0.142145 0.0514058
961 0.617343 0.116549 0.0464778
962 0.617343 0.11979 0.0470897
963 0.617343 0.138911 0.0480752
964 0.617343 0.150677 0.0544522
965 0.617343 0.131673 0.0482736
966 0.617343 0.127999 0.0487539
967 0.617343 0.133852 0.0538751
968 0.617343 0.141639 0.0507727
969 0.617343 0.12886 0.0448974
970 0.617343 0.130093 0.0444326
971 0.617343 0.111443 0.0400702
972 0.617343 0.145941 0.0483348
973 0.617343 0.138309 0.0495561
974 0.617343 0.142526 0.0519687
975 0.617343 0.111015 0.0436696
976 0.617343 0.117847 0.0476917
977 0.617343 0.123592 0.0511404
978 0.617343 0.153485 0.0528676
979 0.617343 0.136952 0.0463657
980 0.617343 0.117673 0.0440034
981 0.617343 0.136888 0.050042
982 0.617343 0.133152 0.051706
983 0.617343 0.122498 0.0459059
984 0.617343 0.118632 0.0466541
985 0.617343 0.134067 0.0507409
986 0.617343 0.130064 0.0488966
987 0.617343 0.124112 0.0442821
988 0.617343 0.13151 0.0519316
989 0.617343 0.151133 0.05328
990 0.617343 0.137064 0.0494346
991 0.617343 0.143354 0.0495774
992 0.617343 0.130289 0.0504833
993 0.617343 0.154438 0.0521902
994 0.617343 0.136259 0.0526311
995 0.617343 0.146261 0.0493008
996 0.617343 0.129842 0.0480861
997 0.617343 0.139197 0.0492634
998 0.617343 0.155194 0.0549138
999 0.617343 0.148112 0.0500617
1000 0.617343 0.153926 0.0485877
