0 0.125272 0.0540384 0.00385114
1 0.125272 0.0627429 0.00393543
2 0.125274 0.0677053 0.0039129
3 0.125274 0.0713977 0.00386908
4 0.125274 0.0803232 0.00361011
5 0.125274 0.0816251 0.00355607
6 0.125274 0.0877278 0.00330086
7 0.166241 0.0857883 0.00344463
8 0.166241 0.0832649 0.00355855
9 0.39666 0.091029 0.00425782
10 0.39666 0.097255 0.00518722
11 0.39666 0.0987925 0.00551669
12 0.39666 0.104049 0.0050822
13 0.39666 0.112161 0.00476106
14 0.39666 0.114335 0.00525642
15 0.39666 0.114459 0.00740609
16 0.39666 0.111027 0.00920023
17 0.41793 0.113387 0.0111878
18 0.434795 0.125466 0.0149522
19 0.445372 0.126388 0.0183197
20 0.445372 0.111232 0.017264
21 0.490587 0.127055 0.0209265
22 0.516546 0.134414 0.0267488
22 0.530335 0.100769 0.0298816
23 0.530335 0.105117 0.0339249
24 0.530335 0.112187 0.0346245
25 0.547114 0.121424 0.0385411
26 0.572563 0.129187 0.0417517
27 0.586616 0.129133 0.0414887
28 0.586616 0.130797 0.0463236
29 0.589883 0.150819 0.0512781
30 0.59246 0.167287 0.0532943
31 0.59246 0.157684 0.0495092
32 0.59246 0.163723 0.0495186
33 0.59246 0.158824 0.0507185
34 0.59246 0.163197 0.0467826
35 0.59246 0.195859 0.0511956
36 0.59246 0.183411 0.0535038
37 0.59246 0.154345 0.0474828
38 0.59246 0.127816 0.0445669
39 0.59246 0.153432 0.0459159
40 0.59246 0.195603 0.0551384
41 0.59246 0.177966 0.0499169
42 0.59246 0.18209 0.0503276
43 0.59246 0.199988 0.0528955
44 0.59246 0.191319 0.0529174
45 0.59246 0.196329 0.0546103
46 0.59246 0.175773 0.0519456
47 0.59246 0.200507 0.0563937
48 0.59246 0.195118 0.0535952
49 0.59246 0.212457 0.053172
50 0.59246 0.230174 0.0505808
51 0.59246 0.211366 0.0514133
52 0.59246 0.212345 0.0525897
53 0.59246 0.218438 0.0540697
54 0.59246 0.202557 0.054253
55 0.592971 0.215864 0.0558805
56 0.592971 0.229603 0.0536887
57 0.595454 0.22426 0.052095
58 0.595454 0.244494 0.058803
59 0.595454 0.224724 0.0564954
60 0.595454 0.212083 0.0561777
61 0.595454 0.198702 0.0552786
62 0.595454 0.19785 0.0534516
63 0.595454 0.188057 0.0533661
64 0.595454 0.182035 0.0537038
65 0.595454 0.174713 0.0567975
66 0.595454 0.218877 0.0564444
67 0.595454 0.191211 0.0547633
68 0.595454 0.207442 0.0543118
69 0.595454 0.192085 0.0538472
70 0.595454 0.209806 0.0575344
71 0.595454 0.223135 0.0535023
72 0.595454 0.22261 0.0511089
73 0.595454 0.233035 0.0563752
74 0.595454 0.239143 0.0581257
75 0.595454 0.202472 0.0511743
76 0.595454 0.197538 0.0509931
77 0.595454 0.19181 0.0566371
78 0.595454 0.218224 0.0575092
79 0.595454 0.221678 0.0571305
80 0.595454 0.202162 0.0508645
81 0.595454 0.199431 0.0478759
82 0.595454 0.210907 0.0476019
83 0.595454 0.225585 0.0520547
84 0.595454 0.216628 0.0503541
85 0.595454 0.212063 0.0515458
86 0.595454 0.205344 0.0536834
87 0.595454 0.203026 0.0489136
88 0.595454 0.224375 0.0503288
89 0.595454 0.194659 0.0491057
90 0.595454 0.214891 0.0547301
91 0.595478 0.207553 0.0551434
92 0.595478 0.185325 0.0493479
93 0.595783 0.197377 0.0532031
94 0.595783 0.180214 0.0523691
95 0.595783 0.202799 0.0539457
96 0.595783 0.221628 0.0527122
97 0.595783 0.224818 0.0470255
98 0.595783 0.225632 0.0504837
99 0.595783 0.22379 0.0538066
100 0.595783 0.225164 0.054316
101 0.595783 0.249567 0.0574759
102 0.596517 0.242968 0.0578812
103 0.596517 0.273505 0.054909
104 0.596517 0.278118 0.055276
105 0.596517 0.246192 0.0610721
106 0.596517 0.242602 0.0550745
107 0.596517 0.251986 0.0552835
108 0.596517 0.250677 0.053033
109 0.596517 0.228085 0.0566824
110 0.596517 0.185212 0.0525172
111 0.596517 0.219551 0.0591294
112 0.596517 0.214703 0.0528802
113 0.596517 0.227179 0.0573855
114 0.596517 0.22144 0.0525204
115 0.596517 0.237037 0.0538636
116 0.596517 0.204401 0.053801
117 0.596517 0.196815 0.053753
118 0.596517 0.189175 0.0561289
119 0.596517 0.173454 0.0541528
120 0.596517 0.17451 0.056902
121 0.596517 0.152448 0.0482262
122 0.596517 0.191261 0.056151
123 0.596517 0.197996 0.0544726
124 0.596517 0.201532 0.0533308
125 0.598536 0.201615 0.0547102
126 0.598536 0.224836 0.0507548
127 0.598536 0.215971 0.0503938
128 0.598536 0.19153 0.0528749
129 0.598536 0.209156 0.0534234
130 0.598536 0.194653 0.049634
131 0.598536 0.209284 0.0553447
132 0.598536 0.19282 0.0541514
133 0.598536 0.202956 0.0546302
134 0.598536 0.160323 0.053285
135 0.598536 0.211956 0.0564315
136 0.598536 0.217169 0.0555527
137 0.598536 0.23679 0.0559586
138 0.599052 0.256224 0.0579894
139 0.599052 0.252623 0.0536324
140 0.599052 0.259964 0.0542262
141 0.599052 0.253833 0.0533561
142 0.599052 0.245675 0.0544605
143 0.599052 0.244512 0.0504232
144 0.599052 0.233166 0.0538507
145 0.599052 0.233144 0.0522071
146 0.599052 0.238858 0.0568656
147 0.599052 0.241264 0.0518107
148 0.599052 0.237848 0.0515696
149 0.599052 0.220337 0.0524152
150 0.599052 0.251534 0.0556073
151 0.599052 0.234757 0.0536029
152 0.599052 0.236916 0.0543234
153 0.599052 0.196482 0.0472134
154 0.599052 0.192552 0.0529194
155 0.599052 0.229595 0.057344
156 0.599052 0.23883 0.0594392
157 0.599052 0.209102 0.056545
158 0.600045 0.195689 0.0533461
159 0.600045 0.207538 0.0535993
160 0.600045 0.22275 0.0561302
161 0.600045 0.211892 0.0559148
162 0.600045 0.19911 0.0592678
163 0.600045 0.206785 0.0557031
164 0.600045 0.218075 0.0548498
165 0.600045 0.211819 0.0561641
166 0.600045 0.23133 0.056236
167 0.600045 0.232315 0.0561051
168 0.600045 0.22982 0.0577762
169 0.600045 0.199342 0.0560331
170 0.600045 0.176905 0.0552781
171 0.600045 0.163364 0.0551855
172 0.600045 0.197176 0.0586563
173 0.600045 0.183016 0.055771
174 0.600045 0.197487 0.0562025
175 0.600045 0.221083 0.0578968
176 0.600368 0.206709 0.0582523
177 0.600368 0.207654 0.0541778
178 0.600368 0.17739 0.0500999
179 0.600368 0.193444 0.0579885
180 0.601045 0.179231 0.0553379
181 0.601045 0.173582 0.0572515
182 0.601045 0.177472 0.0582539
183 0.601045 0.204346 0.0579478
184 0.601045 0.198082 0.0553531
185 0.601045 0.191456 0.0549653
186 0.601045 0.224139 0.0593129
187 0.601045 0.212789 0.0577113
188 0.601045 0.206218 0.0544258
189 0.601045 0.2098 0.0538615
190 0.601359 0.183316 0.0533342
191 0.601359 0.213435 0.0622331
192 0.601359 0.207991 0.0568178
193 0.601359 0.243371 0.0641731
194 0.601359 0.245445 0.0629448
195 0.601359 0.25529 0.0644302
196 0.601359 0.223954 0.0563165
197 0.601359 0.207291 0.0524426
198 0.601359 0.213809 0.0563094
199 0.601359 0.191152 0.0584321
200 0.601359 0.193261 0.0573208
201 0.601359 0.199216 0.0534594
202 0.601359 0.161475 0.0545882
203 0.601359 0.186834 0.0566609
204 0.601359 0.174121 0.0552461
205 0.601359 0.203293 0.0593623
206 0.601359 0.198687 0.0552198
207 0.601359 0.205612 0.0539585
208 0.601359 0.199156 0.055441
209 0.601359 0.1972 0.0570706
210 0.601359 0.175588 0.0576
211 0.601359 0.192782 0.0552297
212 0.601359 0.223411 0.0607103
213 0.601359 0.229738 0.0553613
214 0.601359 0.215696 0.0577692
215 0.601359 0.203426 0.0540302
216 0.601359 0.199616 0.0559677
217 0.601359 0.193014 0.0563934
218 0.601359 0.220453 0.056488
219 0.601359 0.209389 0.0555524
220 0.601359 0.235995 0.0571454
221 0.601359 0.221612 0.0554996
222 0.601359 0.233664 0.0545734
223 0.601359 0.229187 0.0555562
224 0.601359 0.229362 0.0532317
225 0.601359 0.211517 0.0525513
226 0.601359 0.223595 0.051951
227 0.601359 0.230427 0.0542776
228 0.601359 0.227408 0.0572717
229 0.601359 0.208275 0.0539553
230 0.601359 0.202823 0.0535078
231 0.601359 0.246459 0.0518818
232 0.601359 0.255878 0.0520901
233 0.601359 0.242499 0.052577
234 0.601359 0.235428 0.0510625
235 0.601359 0.21652 0.0492416
236 0.601359 0.214546 0.0509276
237 0.601359 0.255505 0.0554961
238 0.601359 0.218069 0.0533853
239 0.601359 0.204435 0.0561477
240 0.601359 0.219717 0.054834
241 0.601359 0.209998 0.057329
242 0.601359 0.244805 0.0581823
243 0.601359 0.221279 0.0540454
244 0.601359 0.216464 0.0608048
245 0.601359 0.215259 0.0589615
246 0.601359 0.208681 0.0565843
247 0.601359 0.235688 0.0545931
248 0.601359 0.221954 0.0518563
249 0.601359 0.238865 0.0523027
250 0.601359 0.233761 0.0568956
251 0.601359 0.217663 0.0496609
252 0.601359 0.218674 0.0552881
253 0.601359 0.25327 0.0564314
254 0.601359 0.239889 0.0529211
255 0.601359 0.246239 0.0539036
256 0.602141 0.232032 0.0542992
257 0.602141 0.22727 0.0527588
258 0.602141 0.23273 0.0558018
259 0.602141 0.235399 0.0534521
260 0.602141 0.241021 0.0536132
261 0.602141 0.254697 0.0563641
262 0.602141 0.2312 0.0565277
263 0.602141 0.219929 0.0522998
264 0.602141 0.20582 0.0565397
265 0.602141 0.188722 0.0574374
266 0.602141 0.183144 0.054395
267 0.602141 0.188882 0.0526902
268 0.602141 0.190142 0.0524396
269 0.602141 0.161534 0.0498648
270 0.602141 0.204246 0.0581514
271 0.602141 0.240964 0.0542529
272 0.602141 0.198991 0.0515734
273 0.602141 0.210399 0.0540893
274 0.602141 0.215937 0.0594832
275 0.602141 0.219104 0.0532754
276 0.602141 0.22594 0.0555016
277 0.602141 0.21515 0.0500269
278 0.602141 0.237478 0.0538655
279 0.602141 0.25036 0.0572827
280 0.602141 0.219483 0.0534135
281 0.602141 0.234834 0.055564
282 0.602141 0.187553 0.0504392
283 0.602141 0.232276 0.0583248
284 0.602141 0.217402 0.0546429
285 0.602141 0.219548 0.0519359
286 0.602141 0.215606 0.0518934
287 0.602141 0.234431 0.0506308
288 0.602141 0.255447 0.055739
289 0.602141 0.217808 0.0537736
290 0.602141 0.20068 0.0538675
291 0.602141 0.217298 0.054019
292 0.602141 0.197526 0.0535095
293 0.602141 0.183572 0.054961
294 0.602141 0.163179 0.0527853
295 0.602141 0.20407 0.0563155
296 0.602141 0.225223 0.0580884
297 0.602141 0.175526 0.053953
298 0.602141 0.185185 0.0576286
299 0.602141 0.192458 0.05502
300 0.602141 0.208773 0.0583913
301 0.602141 0.199088 0.0559562
302 0.602141 0.218256 0.0569927
303 0.602141 0.204886 0.0575506
304 0.602141 0.210398 0.0548325
305 0.606084 0.21643 0.0618604
306 0.606084 0.198723 0.0536634
307 0.606084 0.204277 0.0554549
308 0.606084 0.215937 0.0557537
309 0.606084 0.207413 0.0579693
310 0.606084 0.186188 0.0551733
311 0.606084 0.173775 0.0555382
312 0.606084 0.184858 0.0561361
313 0.606084 0.224011 0.0548463
314 0.606084 0.212191 0.0501662
315 0.606084 0.163265 0.0488062
316 0.606084 0.218556 0.055811
317 0.606084 0.232104 0.0562943
318 0.606084 0.231449 0.0540548
319 0.606084 0.23809 0.0575778
320 0.606084 0.194598 0.0526396
321 0.606084 0.211059 0.0543258
322 0.606084 0.197809 0.0528167
323 0.606084 0.227447 0.0536404
324 0.606084 0.214446 0.0539298
325 0.606084 0.187817 0.0510497
326 0.606084 0.189799 0.0538917
327 0.606084 0.234875 0.0537782
328 0.606084 0.231753 0.0542542
329 0.606084 0.241151 0.0563798
330 0.606084 0.23529 0.0557368
331 0.606084 0.240771 0.0540105
332 0.606084 0.213327 0.0557554
333 0.606084 0.206045 0.0530571
334 0.606084 0.244133 0.0590196
335 0.606084 0.228644 0.0559079
336 0.606084 0.232852 0.055651
337 0.606084 0.219108 0.0571946
338 0.606084 0.219008 0.0561852
339 0.606084 0.250046 0.0534096
340 0.606084 0.221413 0.0523516
341 0.606084 0.222796 0.0493595
342 0.606084 0.216008 0.0578184
343 0.606084 0.211394 0.053831
344 0.606084 0.20581 0.0545032
345 0.606084 0.214006 0.0536281
346 0.606084 0.208826 0.0533072
347 0.606084 0.206372 0.0504001
348 0.606084 0.191923 0.0491186
349 0.606084 0.203859 0.0533475
350 0.606084 0.212165 0.0500659
351 0.606084 0.195504 0.0538729
352 0.606084 0.209379 0.0558174
353 0.606084 0.218009 0.0560707
354 0.606084 0.239741 0.0574217
355 0.606084 0.203004 0.0556881
356 0.606084 0.22559 0.059284
357 0.606084 0.22 0.0589853
358 0.606084 0.198334 0.0487765
359 0.606084 0.18839 0.0517965
360 0.606084 0.223116 0.0508589
361 0.606084 0.222365 0.0583992
362 0.606084 0.219617 0.0579513
363 0.606084 0.18409 0.0513492
364 0.606084 0.188312 0.0535853
365 0.606084 0.220512 0.0567864
366 0.606084 0.219515 0.0554004
367 0.606084 0.20176 0.0509981
368 0.606084 0.213897 0.0497826
369 0.606084 0.19581 0.053669
370 0.606084 0.163734 0.0480645
371 0.606084 0.165792 0.0504876
372 0.606084 0.176345 0.0544344
373 0.606084 0.180389 0.0482813
374 0.606084 0.18966 0.049936
375 0.606084 0.187808 0.0519302
376 0.606084 0.187252 0.049312
377 0.606084 0.195698 0.0492416
378 0.606084 0.194213 0.0495736
379 0.606084 0.2127 0.0505297
380 0.606084 0.232971 0.0591545
381 0.606084 0.239803 0.0563184
382 0.606084 0.245162 0.0573232
383 0.606326 0.222374 0.055494
384 0.606326 0.228546 0.054774
385 0.609045 0.232041 0.0585768
386 0.609045 0.21954 0.0552461
387 0.609045 0.193656 0.0526824
388 0.609045 0.22261 0.0572236
389 0.609045 0.224352 0.054362
390 0.609045 0.191298 0.0530262
391 0.609045 0.188729 0.0553368
392 0.609045 0.175519 0.0514595
393 0.609045 0.179674 0.0486551
394 0.609045 0.201031 0.0541807
395 0.609045 0.20902 0.0559284
396 0.609045 0.17148 0.0535859
397 0.609045 0.200445 0.052654
398 0.609045 0.214167 0.055562
399 0.609045 0.208922 0.0547187
400 0.609045 0.218921 0.0575574
401 0.609045 0.205485 0.056143
402 0.609045 0.210225 0.0584113
403 0.609045 0.187493 0.0517431
404 0.609045 0.184146 0.0574114
405 0.609045 0.160857 0.0494572
406 0.609045 0.20695 0.0540414
407 0.609045 0.193885 0.0495237
408 0.609045 0.20306 0.0551721
409 0.609045 0.210867 0.0533443
410 0.609045 0.190225 0.0510732
411 0.609045 0.182063 0.047574
412 0.609045 0.198967 0.0489688
413 0.609604 0.20763 0.0539958
414 0.609604 0.200353 0.056295
415 0.609604 0.211898 0.0563511
416 0.609604 0.200845 0.0546792
417 0.609604 0.190368 0.0541243
418 0.609604 0.201468 0.0525084
419 0.609604 0.181851 0.0528799
420 0.609604 0.195145 0.0519571
421 0.609604 0.20767 0.0555558
422 0.609604 0.19869 0.0556896
423 0.609604 0.207989 0.0595023
424 0.609604 0.209057 0.054469
425 0.609604 0.216764 0.0542801
426 0.609604 0.191254 0.0469645
427 0.609604 0.182151 0.0484007
428 0.609604 0.181654 0.0472782
429 0.609604 0.17897 0.0488029
430 0.609604 0.1498 0.0517903
431 0.609604 0.19083 0.0535886
432 0.609604 0.189867 0.0492416
433 0.609604 0.211774 0.0536872
434 0.609604 0.206342 0.0553704
435 0.609604 0.174543 0.0523147
436 0.609604 0.18566 0.0531989
437 0.609604 0.202477 0.0559548
438 0.609604 0.186604 0.058577
439 0.609604 0.173015 0.0468212
440 0.609604 0.158033 0.0490433
441 0.609604 0.17068 0.054328
442 0.609604 0.202899 0.0570962
443 0.609604 0.194822 0.0484794
444 0.609604 0.203836 0.0510523
445 0.609604 0.214782 0.0530947
446 0.609604 0.20319 0.0548323
447 0.609604 0.165242 0.0503061
448 0.609604 0.159386 0.0533092
449 0.609604 0.157364 0.0491465
450 0.609604 0.194724 0.0593271
451 0.609604 0.189457 0.0552482
452 0.609604 0.164484 0.0507667
453 0.609604 0.191457 0.0539423
454 0.609604 0.199031 0.0529644
455 0.609604 0.215573 0.0538828
456 0.609604 0.24287 0.0538637
457 0.609604 0.190438 0.0515858
458 0.609604 0.199139 0.0541544
459 0.609604 0.206814 0.0544337
460 0.609604 0.173378 0.0482689
461 0.609604 0.176681 0.0494546
462 0.609604 0.185466 0.0514798
463 0.609604 0.184921 0.0510439
464 0.609604 0.200342 0.0491408
465 0.609604 0.2081 0.0460633
466 0.609604 0.222974 0.0472772
467 0.609604 0.191574 0.0485785
468 0.609604 0.196032 0.0475658
469 0.609604 0.174374 0.0456349
470 0.609604 0.157854 0.0475534
471 0.609604 0.166794 0.0491601
472 0.609604 0.134904 0.0409525
473 0.609604 0.161661 0.0485725
474 0.609604 0.16169 0.0504991
475 0.609604 0.156286 0.0493027
476 0.609604 0.158945 0.0506966
477 0.609604 0.153403 0.0465943
478 0.609604 0.177419 0.0542954
479 0.609604 0.177834 0.0543367
480 0.609604 0.168879 0.0499967
481 0.609604 0.161072 0.0473583
482 0.609604 0.215758 0.0516862
483 0.609604 0.214263 0.0576786
484 0.60974 0.185394 0.0572222
485 0.60974 0.175727 0.0527541
486 0.60974 0.184073 0.0548402
487 0.60974 0.181139 0.0504773
488 0.60974 0.153991 0.0497356
489 0.60974 0.191247 0.0509014
490 0.60974 0.173946 0.0524942
491 0.60974 0.154449 0.0533838
492 0.60974 0.159234 0.0505778
493 0.60974 0.151061 0.0495794
494 0.60974 0.154684 0.0533103
495 0.60974 0.138374 0.0485816
496 0.60974 0.151995 0.0488424
497 0.60974 0.182697 0.0554325
498 0.60974 0.178841 0.0508623
499 0.60974 0.180233 0.0520507
500 0.60974 0.193683 0.056118
501 0.60974 0.199613 0.0574933
502 0.60974 0.196636 0.0541348
503 0.60974 0.197671 0.0528308
504 0.60974 0.214324 0.0535777
505 0.60974 0.216024 0.0550961
506 0.60974 0.180749 0.0479635
507 0.60974 0.191686 0.0565928
508 0.60974 0.181676 0.0475518
509 0.60974 0.192013 0.0497321
510 0.60974 0.193395 0.04983
511 0.610203 0.22179 0.0580864
512 0.610203 0.200651 0.0568654
513 0.610203 0.198141 0.0578312
514 0.610203 0.172313 0.0530262
515 0.610203 0.176541 0.0561204
516 0.610203 0.139946 0.0478839
517 0.610203 0.150435 0.048528
518 0.610203 0.148214 0.0473327
519 0.610203 0.175654 0.0498515
520 0.610203 0.1589 0.0513672
521 0.610203 0.166038 0.0515074
522 0.610203 0.197966 0.0584212
523 0.610203 0.183483 0.0526525
524 0.610203 0.205101 0.059643
525 0.610203 0.192284 0.0543865
526 0.610203 0.158014 0.0506969
527 0.610203 0.217825 0.0579249
528 0.610203 0.201414 0.0520081
529 0.610203 0.193328 0.0495378
530 0.610203 0.193821 0.0519151
531 0.610203 0.16718 0.0495815
532 0.610203 0.176636 0.0491039
533 0.610203 0.164139 0.0509821
534 0.610203 0.167468 0.0509055
535 0.610203 0.165671 0.0504155
536 0.610203 0.190473 0.0530221
537 0.610203 0.179906 0.0541205
538 0.610203 0.20603 0.0537472
539 0.610203 0.184195 0.0507346
540 0.610203 0.170725 0.0549848
541 0.610203 0.171165 0.0499104
542 0.610203 0.175912 0.0511426
543 0.610203 0.189682 0.048554
544 0.610203 0.190206 0.0509115
545 0.610203 0.173374 0.0534823
546 0.610399 0.173305 0.0530629
547 0.610399 0.172272 0.0495279
548 0.610399 0.209513 0.0571056
549 0.610399 0.194011 0.0513321
550 0.610399 0.182335 0.0534146
551 0.610399 0.195379 0.0519631
552 0.610399 0.186979 0.0543566
553 0.611188 0.19254 0.049353
554 0.611188 0.177534 0.0506319
555 0.611188 0.152677 0.0432494
556 0.611188 0.17165 0.0508421
557 0.611188 0.208091 0.0521708
558 0.611188 0.166299 0.0505522
559 0.611188 0.182548 0.0514127
560 0.611188 0.171492 0.0524936
561 0.611188 0.185936 0.0567326
562 0.611188 0.179702 0.0544983
563 0.611188 0.197445 0.0581647
564 0.611188 0.218015 0.0631853
565 0.611188 0.22569 0.058311
566 0.611188 0.168667 0.0505953
567 0.611188 0.172941 0.0560453
568 0.611188 0.199167 0.0564957
569 0.611188 0.225766 0.055568
570 0.611188 0.191264 0.0526439
571 0.611188 0.170869 0.0476899
572 0.611188 0.161421 0.0474598
573 0.611188 0.174486 0.0512769
574 0.611188 0.192167 0.0532164
575 0.611188 0.183109 0.0528979
576 0.611188 0.178441 0.049194
577 0.611188 0.216976 0.0543521
578 0.611188 0.188834 0.0503622
579 0.611188 0.166786 0.0500557
580 0.611188 0.149406 0.0455485
581 0.611188 0.159552 0.0502471
582 0.611188 0.146475 0.0517292
583 0.611188 0.159528 0.0533076
584 0.611188 0.166856 0.050251
585 0.611188 0.181718 0.0517091
586 0.611188 0.187267 0.0532773
587 0.611188 0.189745 0.0510313
588 0.611188 0.196572 0.0554468
589 0.611188 0.178687 0.0482921
590 0.611188 0.182977 0.0470235
591 0.611188 0.162066 0.0476631
592 0.611188 0.202754 0.0535359
593 0.611188 0.191245 0.0504994
594 0.611188 0.188337 0.0537628
595 0.611188 0.18644 0.0530165
596 0.611188 0.186362 0.0506477
597 0.611188 0.159559 0.0509738
598 0.611188 0.155939 0.0489696
599 0.611188 0.151336 0.0519107
600 0.611188 0.189351 0.0540586
601 0.611188 0.20046 0.055912
602 0.611188 0.155447 0.0503928
603 0.611188 0.1916 0.0568037
604 0.611188 0.151385 0.0522376
605 0.611188 0.120804 0.046177
606 0.611188 0.155911 0.0535239
607 0.611188 0.139763 0.046121
608 0.611188 0.152951 0.0503902
609 0.611188 0.163772 0.0487826
610 0.611188 0.178804 0.0515442
611 0.611188 0.19746 0.0533604
612 0.611188 0.171482 0.0502092
613 0.611188 0.167294 0.0487054
614 0.611188 0.213069 0.0593615
615 0.611188 0.199111 0.0564728
616 0.611188 0.185721 0.0559668
617 0.611188 0.19046 0.0548643
618 0.611188 0.184279 0.0558275
619 0.611188 0.186335 0.0529789
620 0.611188 0.171468 0.0531357
621 0.611188 0.149046 0.0453287
622 0.611188 0.158842 0.0480313
623 0.611188 0.174032 0.0493261
624 0.611188 0.169281 0.052741
625 0.611188 0.156494 0.0500432
626 0.611188 0.167608 0.0500051
627 0.611188 0.166935 0.0514951
628 0.611188 0.168178 0.0499716
629 0.611188 0.188956 0.0529733
630 0.611188 0.161919 0.0508993
631 0.611188 0.174317 0.0531698
632 0.611188 0.162901 0.0514869
633 0.611188 0.182895 0.0569019
634 0.611188 0.185365 0.0513969
635 0.611188 0.196972 0.0504036
636 0.611188 0.193517 0.0503144
637 0.611188 0.178486 0.0470785
638 0.611188 0.172535 0.0491728
639 0.611188 0.182059 0.0470756
640 0.611188 0.172046 0.0485168
641 0.611188 0.162887 0.0501481
642 0.611188 0.160907 0.0498202
643 0.611188 0.184388 0.0500806
644 0.611188 0.195863 0.0545744
645 0.611188 0.163806 0.0467693
646 0.611188 0.167052 0.050272
647 0.611188 0.203788 0.0547094
648 0.611188 0.180057 0.0565797
649 0.611188 0.184346 0.048806
650 0.611188 0.186559 0.0549394
651 0.611188 0.161175 0.0513997
652 0.611188 0.168 0.046453
653 0.611188 0.164922 0.0513353
654 0.611188 0.158888 0.0531426
655 0.611188 0.164545 0.0482184
656 0.611188 0.199856 0.0563066
657 0.611188 0.164626 0.0518397
658 0.611188 0.150365 0.0469865
659 0.611188 0.136858 0.0458694
660 0.611188 0.138391 0.0430109
661 0.611188 0.178186 0.0518401
662 0.611188 0.182861 0.0547135
663 0.611188 0.180676 0.0539272
664 0.611188 0.168687 0.0536888
665 0.611188 0.188901 0.0592315
666 0.611188 0.16997 0.0577228
667 0.611188 0.166618 0.0524926
668 0.611188 0.194767 0.0610026
669 0.611188 0.165685 0.0519229
670 0.611188 0.15909 0.0548033
671 0.611188 0.165647 0.0495754
672 0.611188 0.162044 0.0476234
673 0.611188 0.190864 0.0559702
674 0.611188 0.178274 0.0543619
675 0.611188 0.132621 0.0427362
676 0.611188 0.146486 0.0465117
677 0.611188 0.141437 0.0468133
678 0.611188 0.167746 0.0546436
679 0.611188 0.181599 0.0557252
680 0.611188 0.186595 0.0555263
681 0.611188 0.176595 0.0521647
682 0.611188 0.188864 0.0506648
683 0.611188 0.171822 0.0490107
684 0.611188 0.174 0.0524244
685 0.611188 0.133489 0.0480454
686 0.611188 0.144528 0.0490999
687 0.611188 0.146077 0.0487413
688 0.611188 0.171232 0.0510015
689 0.611188 0.170316 0.0541401
690 0.611188 0.16893 0.0512773
691 0.611188 0.173686 0.0549259
692 0.611188 0.16665 0.0542631
693 0.611188 0.158407 0.0506882
694 0.611188 0.163258 0.0551128
695 0.611188 0.144979 0.0476576
696 0.611188 0.155343 0.0526832
697 0.611188 0.145048 0.0473501
698 0.611188 0.156313 0.0485271
699 0.611188 0.155121 0.0468089
700 0.611188 0.133348 0.0442827
701 0.611188 0.166569 0.0516741
702 0.611188 0.143842 0.0464004
703 0.611188 0.152339 0.0493369
704 0.611188 0.152802 0.0466476
705 0.611188 0.183122 0.0523209
706 0.611188 0.163033 0.051233
707 0.611188 0.159714 0.0538455
708 0.611188 0.159598 0.0564535
709 0.611188 0.154805 0.0503854
710 0.611188 0.186183 0.0556884
711 0.611188 0.166271 0.0515191
712 0.611188 0.181127 0.0557109
713 0.611188 0.142047 0.0440508
714 0.611188 0.172086 0.0516224
715 0.611188 0.177344 0.0527182
716 0.611188 0.20428 0.0544201
717 0.611188 0.173271 0.0541964
718 0.611188 0.167706 0.050632
719 0.611188 0.190347 0.0522728
720 0.611188 0.169714 0.0530712
721 0.611188 0.203967 0.0596252
722 0.611188 0.170979 0.0527482
723 0.611188 0.179985 0.057996
724 0.611188 0.172859 0.0535344
725 0.611188 0.164543 0.0493031
726 0.611188 0.153489 0.050466
727 0.611188 0.181086 0.0518317
728 0.611188 0.170977 0.051801
729 0.611188 0.178342 0.0574201
730 0.611188 0.151952 0.0474178
731 0.611188 0.18394 0.0507136
732 0.611188 0.184171 0.0539954
733 0.611188 0.195168 0.0575603
734 0.611188 0.164332 0.0554278
735 0.611188 0.182563 0.0521616
736 0.611188 0.186278 0.0546179
737 0.611188 0.179596 0.0510109
738 0.611188 0.178074 0.0487097
739 0.611188 0.158876 0.0491128
740 0.611188 0.176402 0.0495245
741 0.611188 0.163428 0.0534582
742 0.611188 0.189644 0.0549394
743 0.611188 0.155782 0.0486677
744 0.611188 0.179858 0.0477235
745 0.611188 0.198204 0.0552499
746 0.611188 0.172213 0.0496549
747 0.611188 0.191226 0.055384
748 0.611188 0.188111 0.055257
749 0.611188 0.188261 0.0540207
750 0.611188 0.188246 0.0531072
751 0.611188 0.179095 0.0503766
752 0.611188 0.198147 0.0543625
753 0.611188 0.182452 0.049814
754 0.611188 0.194322 0.054342
755 0.611188 0.165059 0.0539068
756 0.611188 0.162513 0.0521044
757 0.611188 0.175917 0.0534486
758 0.611188 0.155055 0.0462879
759 0.611188 0.155381 0.0452803
760 0.611188 0.170081 0.0480118
761 0.611188 0.171321 0.0527917
762 0.611188 0.173323 0.052082
763 0.611188 0.160221 0.045501
764 0.611188 0.177044 0.0525441
765 0.611188 0.165697 0.0465826
766 0.611188 0.143843 0.0470502
767 0.611188 0.162583 0.050781
768 0.611188 0.154693 0.0547901
769 0.611188 0.163803 0.051656
770 0.611188 0.135953 0.0451262
771 0.611188 0.141217 0.0493405
772 0.611188 0.146313 0.0496621
773 0.611188 0.145595 0.0447482
774 0.611188 0.19481 0.0528586
775 0.611188 0.156686 0.0495575
776 0.611188 0.159269 0.0457812
777 0.611188 0.173065 0.05142
778 0.611188 0.168641 0.0521691
779 0.611188 0.166418 0.0469162
780 0.611188 0.170166 0.0499267
781 0.611188 0.172426 0.0520951
782 0.611188 0.13073 0.0463605
783 0.611188 0.171279 0.0507433
784 0.611188 0.147708 0.0471336
785 0.611188 0.144039 0.0503289
786 0.611188 0.152755 0.0527257
787 0.611188 0.158914 0.0565348
788 0.611188 0.145094 0.0498845
789 0.611188 0.154758 0.0485394
790 0.611188 0.141251 0.0507006
791 0.611188 0.132679 0.051551
792 0.611188 0.160168 0.0549788
793 0.611188 0.176335 0.0558705
794 0.611188 0.168545 0.0525356
795 0.611188 0.172396 0.0519004
796 0.611188 0.166769 0.0488302
797 0.611188 0.152581 0.0489895
798 0.611188 0.151281 0.0484437
799 0.611188 0.152568 0.0497674
800 0.611188 0.155478 0.0500917
801 0.611188 0.17373 0.0467988
802 0.611188 0.163083 0.0449722
803 0.611188 0.157875 0.049632
804 0.611188 0.153246 0.0506212
805 0.611188 0.169298 0.0534338
806 0.611188 0.169255 0.0554126
807 0.611188 0.176657 0.0557699
808 0.611188 0.183578 0.0579453
809 0.611188 0.170029 0.0531386
810 0.611188 0.196219 0.0536958
811 0.611188 0.17479 0.054949
812 0.611188 0.165416 0.0514486
813 0.611188 0.164285 0.0519225
814 0.611188 0.132716 0.045169
815 0.611188 0.146132 0.0481719
816 0.611188 0.160303 0.0507871
817 0.611307 0.139358 0.0489075
818 0.611307 0.140369 0.0477139
819 0.611307 0.147882 0.0503976
820 0.611307 0.161329 0.0479565
821 0.611307 0.156947 0.0481079
822 0.611307 0.175867 0.0487298
823 0.611307 0.155864 0.045656
824 0.611307 0.158816 0.0538667
825 0.611307 0.170708 0.0532171
826 0.611307 0.182269 0.0544679
827 0.611307 0.190488 0.0522312
828 0.611307 0.194134 0.0542607
829 0.611307 0.187337 0.0499611
830 0.611307 0.202441 0.0547245
831 0.611307 0.19133 0.053126
832 0.611307 0.180858 0.0528945
833 0.611307 0.182912 0.049411
834 0.611307 0.150097 0.0456824
835 0.611307 0.180259 0.0511319
836 0.611307 0.197258 0.0525749
837 0.611307 0.186662 0.0520779
838 0.611307 0.185174 0.0534029
839 0.611307 0.150063 0.0483293
840 0.611454 0.184136 0.0507095
841 0.611454 0.162588 0.0517286
842 0.611454 0.170625 0.0529007
843 0.611454 0.188778 0.0563977
844 0.611454 0.15312 0.047483
845 0.611454 0.152561 0.0509173
846 0.611454 0.151581 0.0499619
847 0.611454 0.182316 0.0540221
848 0.611454 0.17629 0.0542832
849 0.611454 0.204303 0.0562859
850 0.611454 0.177423 0.0508121
851 0.611454 0.201837 0.0534372
852 0.611454 0.175759 0.0518391
853 0.611454 0.175428 0.0526554
854 0.611454 0.163518 0.0491254
855 0.611454 0.176368 0.0476921
856 0.611454 0.177262 0.0491806
857 0.611454 0.176495 0.0514941
858 0.611454 0.161912 0.0509135
859 0.611454 0.159962 0.0501227
860 0.611454 0.157591 0.0499261
861 0.611454 0.154293 0.0495821
862 0.611454 0.151126 0.0530816
863 0.611454 0.18971 0.0555848
864 0.611454 0.182678 0.0529535
865 0.611454 0.159631 0.0498167
866 0.611454 0.173781 0.053381
867 0.611454 0.163854 0.0550793
868 0.611454 0.161351 0.0542114
869 0.611454 0.141757 0.0451991
870 0.611454 0.181037 0.0554861
871 0.611454 0.154263 0.0507058
872 0.611454 0.161584 0.0509772
873 0.611454 0.178239 0.0529091
874 0.611454 0.174773 0.0477424
875 0.611454 0.22956 0.0565985
876 0.611454 0.211333 0.049336
877 0.611454 0.175052 0.046748
878 0.611454 0.189689 0.0540102
879 0.611454 0.188265 0.0536414
880 0.611454 0.183183 0.0518273
881 0.611454 0.206532 0.0522635
882 0.611454 0.203238 0.0560666
883 0.611454 0.194226 0.0532657
884 0.611454 0.189632 0.0504445
885 0.611454 0.163211 0.0439289
886 0.611454 0.183648 0.0510914
887 0.611454 0.167749 0.0507037
888 0.611454 0.168115 0.0553528
889 0.611454 0.159674 0.0558366
890 0.611454 0.150355 0.0525709
891 0.611454 0.133142 0.0500478
892 0.611454 0.180347 0.0522401
893 0.611454 0.180199 0.0548278
894 0.611454 0.185584 0.0563655
895 0.611454 0.178811 0.0550245
896 0.611454 0.184471 0.0569164
897 0.611454 0.167222 0.0510915
898 0.611454 0.179793 0.0569903
899 0.611454 0.169315 0.0538414
900 0.611454 0.172177 0.0504453
901 0.611454 0.158222 0.0522521
902 0.611454 0.181007 0.0586699
903 0.611454 0.150642 0.0527235
904 0.611454 0.162442 0.0521916
905 0.611454 0.159279 0.0525798
906 0.611454 0.194313 0.0571629
907 0.611454 0.172465 0.0536663
908 0.611454 0.190853 0.0555903
909 0.611454 0.211987 0.0547856
910 0.611454 0.215774 0.0534769
911 0.611454 0.202461 0.0529947
912 0.611454 0.198022 0.0512274
913 0.611454 0.201607 0.0500778
914 0.611454 0.179368 0.051802
915 0.611454 0.213359 0.0562544
916 0.611454 0.197989 0.0544502
917 0.611454 0.195468 0.0509664
918 0.611454 0.195149 0.0544143
919 0.611454 0.180212 0.0520768
920 0.611454 0.191362 0.05243
921 0.611454 0.191986 0.0535362
922 0.611454 0.20157 0.0586241
923 0.611454 0.201886 0.0610515
924 0.611454 0.174434 0.0527255
925 0.611454 0.171104 0.053294
926 0.611454 0.171225 0.052065
927 0.611454 0.173545 0.052642
928 0.611454 0.165599 0.0513969
929 0.611454 0.172927 0.0508114
930 0.611454 0.173189 0.0535869
931 0.611454 0.175826 0.0541716
932 0.611454 0.188159 0.0545728
933 0.611454 0.193976 0.0567584
934 0.611454 0.182353 0.0526026
935 0.611454 0.17884 0.0511404
936 0.611454 0.181235 0.0486134
937 0.611454 0.214538 0.0576366
938 0.611454 0.174192 0.0525093
939 0.611454 0.199794 0.0600338
940 0.611454 0.197518 0.0579278
941 0.611454 0.175301 0.0562119
942 0.611454 0.17149 0.0516279
943 0.611454 0.181978 0.0503281
944 0.611454 0.163521 0.054746
945 0.611454 0.162354 0.053892
946 0.611454 0.19751 0.0573523
947 0.611454 0.170588 0.0518435
948 0.611454 0.193348 0.0504339
949 0.611454 0.210991 0.0534629
950 0.611454 0.214843 0.0539168
951 0.611454 0.184127 0.0539409
952 0.611454 0.216758 0.0545724
953 0.611454 0.209613 0.0570509
954 0.611454 0.201384 0.0525637
955 0.611454 0.180323 0.0491393
956 0.611454 0.181254 0.0511652
957 0.611454 0.178781 0.0571785
958 0.611454 0.192407 0.0542526
959 0.611454 0.165764 0.0510911
960 0.611454 0.179226 0.0504772
961 0.611454 0.210885 0.0508011
962 0.611454 0.2073 0.0567186
963 0.611454 0.167904 0.0495406
964 0.611454 0.180531 0.0500547
965 0.611454 0.181868 0.0500705
966 0.611454 0.180655 0.0543218
967 0.611454 0.176308 0.0552638
968 0.611454 0.169107 0.0505214
969 0.611454 0.143735 0.0482254
970 0.611454 0.165975 0.0502381
971 0.611454 0.191798 0.0552497
972 0.611454 0.190759 0.0572167
973 0.611454 0.16778 0.0527695
974 0.611454 0.163119 0.050667
975 0.611454 0.164813 0.0526643
976 0.611454 0.153295 0.0528063
977 0.611454 0.169327 0.0512717
978 0.611454 0.191038 0.0543231
979 0.611454 0.187834 0.0521832
980 0.611454 0.175769 0.0462735
981 0.611454 0.151788 0.0464275
982 0.611454 0.132981 0.0477762
983 0.611454 0.140338 0.0487033
984 0.611454 0.162212 0.0527626
985 0.611454 0.178144 0.0544205
986 0.611454 0.159676 0.049599
987 0.611454 0.172346 0.051264
988 0.611454 0.162997 0.0510357
989 0.611454 0.182077 0.0532509
990 0.611454 0.183855 0.0508707
991 0.611454 0.198122 0.0509519
992 0.611454 0.20495 0.0538922
993 0.611454 0.175121 0.0520358
994 0.611454 0.148684 0.0484262
995 0.611454 0.156564 0.0482071
996 0.611454 0.155016 0.0458068
997 0.611454 0.178315 0.0556839
998 0.611454 0.164733 0.0542875
999 0.611454 0.200933 0.0538982
1000 0.611454 0.183767 0.0577226
