0 0.125276 0.0657681 0.00389029
1 0.125276 0.0686172 0.00384889
2 0.125276 0.0764087 0.00375352
3 0.125276 0.0847035 0.00341408
4 0.125777 0.0912138 0.00309439
5 0.420219 0.102338 0.00356005
6 0.420219 0.102022 0.00361741
7 0.420219 0.102252 0.00355298
8 0.420219 0.107125 0.00322372
9 0.420219 0.108589 0.00311392
10 0.420219 0.111005 0.0030786
11 0.420219 0.108672 0.00376174
12 0.420219 0.109869 0.00439382
13 0.420219 0.112709 0.00466827
14 0.420219 0.113042 0.00603841
15 0.490937 0.123985 0.00733158
16 0.490937 0.136337 0.0135505
17 0.500474 0.142345 0.0157764
17 0.539205 0.0723132 0.0216559
18 0.539205 0.0985189 0.029584
19 0.539205 0.111847 0.0343051
20 0.539205 0.101951 0.0337124
21 0.539205 0.112273 0.0341493
22 0.539205 0.122008 0.0355944
23 0.543419 0.148334 0.0414018
24 0.547995 0.146994 0.0428842
25 0.547995 0.162138 0.0446756
26 0.547995 0.145059 0.0416755
27 0.547995 0.147869 0.0429049
28 0.548019 0.152657 0.0438007
29 0.548019 0.148778 0.0392559
30 0.548019 0.154341 0.0421806
31 0.57446 0.185937 0.0465079
32 0.57446 0.175018 0.046285
33 0.57446 0.138042 0.0428433
34 0.57446 0.158533 0.0420539
35 0.57446 0.169236 0.0418357
36 0.57446 0.160832 0.0452919
37 0.57446 0.167223 0.0465339
38 0.57446 0.154191 0.0413486
39 0.57446 0.153597 0.0433595
40 0.57446 0.153101 0.0422679
41 0.57446 0.178879 0.0439059
42 0.57446 0.189591 0.0490415
43 0.57446 0.194167 0.048257
44 0.598554 0.210655 0.0571182
45 0.598554 0.186757 0.0512728
46 0.598554 0.186165 0.0509638
47 0.598554 0.176521 0.0494107
48 0.598554 0.159672 0.0478051
49 0.598554 0.186093 0.046933
50 0.598554 0.159805 0.0471192
51 0.598554 0.148212 0.0453462
52 0.598554 0.156912 0.0470531
53 0.598554 0.162307 0.0471707
54 0.598554 0.128636 0.0430131
55 0.598554 0.168597 0.0529907
56 0.598554 0.158144 0.050341
57 0.598554 0.147919 0.047097
58 0.598554 0.17395 0.0499698
59 0.598554 0.17884 0.0505836
60 0.598554 0.169451 0.0506807
61 0.598554 0.205664 0.0578168
62 0.598554 0.191179 0.051545
63 0.598554 0.198172 0.0525754
64 0.598554 0.176522 0.0460105
65 0.598554 0.165503 0.0475861
66 0.598554 0.16692 0.0485269
67 0.598554 0.158176 0.0459649
68 0.598554 0.145553 0.0463013
69 0.598554 0.112033 0.0411853
70 0.608814 0.159422 0.0482926
71 0.608814 0.190256 0.0515269
72 0.608814 0.181855 0.0478857
73 0.608814 0.181844 0.0490171
74 0.608814 0.176964 0.047105
75 0.608814 0.187489 0.0491021
76 0.608814 0.167449 0.0482487
77 0.608814 0.152761 0.0474448
78 0.608814 0.177456 0.0496035
79 0.608814 0.152784 0.0468561
80 0.608814 0.171238 0.0476439
81 0.608814 0.158646 0.0470767
82 0.608814 0.145797 0.047316
83 0.608814 0.130261 0.0458726
84 0.608814 0.133792 0.0429927
85 0.608814 0.161322 0.0528074
86 0.608814 0.17745 0.0526081
87 0.608814 0.184702 0.051665
88 0.608814 0.16655 0.0526371
89 0.608814 0.172724 0.0529481
90 0.608814 0.178109 0.0558374
91 0.608814 0.157673 0.0502318
92 0.608814 0.174544 0.054487
93 0.608814 0.185276 0.0550764
94 0.608814 0.160903 0.0526762
95 0.608814 0.158084 0.0483684
96 0.608814 0.184912 0.0553958
97 0.608814 0.191604 0.0577528
98 0.608814 0.224449 0.0596325
99 0.608814 0.211809 0.0590291
100 0.608814 0.192703 0.052133
101 0.608814 0.1665 0.0557096
102 0.608814 0.185625 0.0618121
103 0.608814 0.1742 0.058207
104 0.608814 0.180809 0.055873
105 0.608814 0.185419 0.053242
106 0.608814 0.19333 0.051806
107 0.608814 0.199373 0.0578027
108 0.608814 0.182078 0.0576513
109 0.608814 0.158348 0.0525557
110 0.608814 0.139094 0.0530292
111 0.608814 0.147588 0.0498812
112 0.608814 0.179912 0.0528364
113 0.608814 0.178879 0.048081
114 0.608814 0.161706 0.0489635
115 0.608814 0.189742 0.055629
116 0.608814 0.15855 0.0502424
117 0.608814 0.214888 0.0569585
118 0.608814 0.198291 0.0549677
119 0.608814 0.16408 0.0486059
120 0.608814 0.188603 0.0555488
121 0.608814 0.186696 0.051606
122 0.608814 0.183203 0.0479612
123 0.608814 0.189807 0.0514176
124 0.608814 0.186242 0.0504056
125 0.608814 0.196132 0.0535082
126 0.608814 0.215128 0.0524632
127 0.608814 0.179303 0.0482577
128 0.608814 0.184377 0.05072
129 0.608814 0.213439 0.054537
130 0.608814 0.19892 0.053145
131 0.608958 0.195187 0.0515402
132 0.608958 0.209958 0.0487646
133 0.608958 0.21711 0.0535982
134 0.608958 0.19811 0.0507655
135 0.608958 0.202531 0.0557847
136 0.608958 0.166783 0.0490706
137 0.609037 0.190358 0.0501437
138 0.609037 0.20295 0.0521464
139 0.609037 0.17679 0.04916
140 0.609037 0.198982 0.0496378
141 0.609037 0.183094 0.0510128
142 0.609037 0.166413 0.04727
143 0.609037 0.191528 0.0497172
144 0.609037 0.169498 0.0474127
145 0.609037 0.171637 0.0467222
146 0.609037 0.201677 0.0506866
147 0.609037 0.182578 0.0447489
148 0.609037 0.211149 0.0560805
149 0.609037 0.209377 0.0593943
150 0.609037 0.187935 0.0508582
151 0.609037 0.178673 0.0521518
152 0.609037 0.200034 0.0552756
153 0.609037 0.209952 0.0575916
154 0.609037 0.177889 0.0513648
155 0.609037 0.195848 0.0509865
156 0.609037 0.228702 0.0525065
157 0.609037 0.209112 0.0557441
158 0.609037 0.211361 0.0570258
159 0.609037 0.202064 0.0552052
160 0.609037 0.202945 0.0490692
161 0.609037 0.227301 0.0518873
162 0.609037 0.212825 0.0495498
163 0.609037 0.209395 0.0538398
164 0.609037 0.232546 0.0575069
165 0.609037 0.216741 0.0542525
166 0.609037 0.211606 0.0527496
167 0.609037 0.210743 0.0515558
168 0.609037 0.198632 0.0523988
169 0.609037 0.231703 0.0584354
170 0.609037 0.202798 0.0565137
171 0.609037 0.24038 0.0610797
172 0.609037 0.230483 0.0570698
173 0.609037 0.227126 0.055099
174 0.609037 0.230326 0.0548755
175 0.609037 0.215051 0.0530098
176 0.609037 0.194351 0.0516105
177 0.609037 0.187423 0.0550588
178 0.609037 0.252217 0.0561302
179 0.609037 0.237016 0.0587588
180 0.609037 0.208537 0.0561965
181 0.609037 0.190249 0.0533213
182 0.609037 0.218001 0.0554571
183 0.609037 0.228113 0.0534041
184 0.609037 0.22816 0.0535665
185 0.609037 0.212112 0.0495345
186 0.609037 0.215063 0.0527113
187 0.609037 0.204853 0.0496714
188 0.609037 0.197077 0.0490171
189 0.609037 0.199762 0.0494514
190 0.609037 0.191914 0.0490828
191 0.609037 0.215818 0.0537768
192 0.609037 0.236279 0.0541894
193 0.609037 0.215135 0.0544604
194 0.609037 0.199681 0.0548235
195 0.609037 0.220498 0.052798
196 0.609037 0.192919 0.0539146
197 0.609037 0.208001 0.0595225
198 0.609037 0.20316 0.0563457
199 0.609037 0.189881 0.0523087
200 0.609037 0.215141 0.0556999
201 0.609037 0.205599 0.0538914
202 0.609037 0.206715 0.0561515
203 0.609037 0.225787 0.0571512
204 0.609037 0.204245 0.0497296
205 0.609037 0.197431 0.0511946
206 0.609037 0.206114 0.057499
207 0.609037 0.218892 0.0621772
208 0.609037 0.246366 0.0572447
209 0.609037 0.212055 0.0545152
210 0.609037 0.218695 0.0566063
211 0.609037 0.215774 0.0529633
212 0.609037 0.204566 0.0553777
213 0.609037 0.200965 0.05215
214 0.609037 0.217074 0.0509539
215 0.609037 0.209949 0.0530731
216 0.609037 0.199557 0.0534489
217 0.609037 0.212598 0.05855
218 0.609037 0.208758 0.056257
219 0.609037 0.222582 0.0529548
220 0.609037 0.234165 0.0548864
221 0.609037 0.257132 0.0579015
222 0.609037 0.246971 0.0555523
223 0.609037 0.231713 0.0561361
224 0.609037 0.243768 0.0542694
225 0.609037 0.20125 0.0531641
226 0.609037 0.205968 0.0516882
227 0.609037 0.20263 0.0531232
228 0.609037 0.212176 0.0569046
229 0.609037 0.205985 0.0541943
230 0.609037 0.207934 0.0495111
231 0.609037 0.194236 0.0475548
232 0.609037 0.185294 0.0484332
233 0.609037 0.181488 0.0510058
234 0.609037 0.203546 0.0499564
235 0.609037 0.199279 0.0508549
236 0.609037 0.208639 0.0549687
237 0.609037 0.208039 0.0511911
238 0.609037 0.225088 0.0559281
239 0.609037 0.214385 0.0523185
240 0.609037 0.193691 0.0525591
241 0.609037 0.206682 0.0527549
242 0.609037 0.22484 0.0490187
243 0.609037 0.236435 0.0523132
244 0.609037 0.229564 0.0514891
245 0.609037 0.227975 0.0528925
246 0.609037 0.216838 0.0526708
247 0.609037 0.203481 0.053726
248 0.609037 0.223009 0.0558065
249 0.609037 0.223986 0.0517762
250 0.609037 0.197167 0.0530133
251 0.609037 0.202887 0.0527309
252 0.609037 0.206373 0.0529764
253 0.609037 0.195209 0.0527802
254 0.609037 0.198849 0.0520227
255 0.609037 0.210627 0.0577761
256 0.609037 0.195278 0.0522534
257 0.609037 0.210598 0.055644
258 0.609037 0.200551 0.0528924
259 0.609037 0.205443 0.0541642
260 0.609037 0.236499 0.0503127
261 0.609037 0.220854 0.0596142
262 0.609037 0.214427 0.0540091
263 0.609037 0.217211 0.0554749
264 0.609037 0.188841 0.0540742
265 0.609037 0.191919 0.0525634
266 0.609037 0.217393 0.0548067
267 0.609037 0.217751 0.0562876
268 0.609282 0.224031 0.0528749
269 0.609282 0.218443 0.0554697
270 0.609282 0.207676 0.0519229
271 0.609282 0.186827 0.0522753
272 0.609282 0.203406 0.0493503
273 0.609282 0.197854 0.0547433
274 0.609282 0.199191 0.0517391
275 0.609282 0.205466 0.0507814
276 0.609282 0.199275 0.0473645
277 0.609282 0.207616 0.0521724
278 0.609282 0.203217 0.0495142
279 0.609282 0.2087 0.0514055
280 0.609319 0.205316 0.0570226
281 0.609319 0.202142 0.0535392
282 0.609319 0.226942 0.0513218
283 0.609319 0.184113 0.0490616
284 0.609319 0.167633 0.0521756
285 0.609319 0.166803 0.0444631
286 0.609319 0.194305 0.0459095
287 0.609319 0.19834 0.05121
288 0.609319 0.229163 0.0518582
289 0.609319 0.240117 0.0537092
290 0.609874 0.216076 0.0543285
291 0.609874 0.222829 0.0514355
292 0.609874 0.197903 0.050382
293 0.609874 0.191821 0.0495401
294 0.609874 0.184511 0.0555369
295 0.610522 0.174508 0.0530502
296 0.610522 0.202397 0.0521836
297 0.610522 0.211511 0.0497989
298 0.610522 0.223934 0.052632
299 0.610522 0.215893 0.056757
300 0.610836 0.201138 0.0576926
301 0.610836 0.206365 0.0526796
302 0.610836 0.195624 0.0495707
303 0.610836 0.207658 0.0561576
304 0.610836 0.218476 0.0542227
305 0.610836 0.231249 0.053021
306 0.610836 0.218082 0.05289
307 0.610836 0.210855 0.0541198
308 0.610836 0.214356 0.0545847
309 0.610836 0.223401 0.058614
310 0.610836 0.221964 0.0611698
311 0.610836 0.225198 0.0560307
312 0.610836 0.218764 0.0556855
313 0.610836 0.21558 0.0578977
314 0.610836 0.232383 0.0612879
315 0.610836 0.221589 0.0573295
316 0.610836 0.205804 0.0572781
317 0.610836 0.206065 0.057079
318 0.610836 0.197244 0.0509497
319 0.610836 0.209674 0.0548989
320 0.610836 0.22379 0.0552729
321 0.610836 0.21503 0.0501068
322 0.610836 0.195202 0.0524123
323 0.610836 0.208613 0.0557529
324 0.610836 0.225814 0.0555139
325 0.610836 0.222739 0.0556686
326 0.610836 0.220526 0.0564159
327 0.610836 0.189238 0.0546064
328 0.610836 0.221421 0.0567223
329 0.610836 0.232634 0.0542044
330 0.610836 0.211627 0.0544767
331 0.610836 0.214394 0.0565228
332 0.610836 0.240037 0.0571226
333 0.610836 0.210347 0.0587106
334 0.610836 0.22541 0.0574125
335 0.610836 0.226889 0.0557019
336 0.610836 0.220021 0.0553102
337 0.610836 0.185109 0.0517171
338 0.610836 0.210924 0.0548974
339 0.610836 0.196427 0.0564844
340 0.610836 0.207016 0.0581796
341 0.610836 0.208743 0.0597989
342 0.610836 0.198117 0.0560119
343 0.610836 0.203724 0.0557968
344 0.610836 0.206932 0.0562437
345 0.610836 0.163049 0.0464384
346 0.610836 0.200583 0.0530474
347 0.610836 0.203499 0.0469186
348 0.611069 0.206645 0.054075
349 0.611069 0.210775 0.0532117
350 0.611069 0.208036 0.0527882
351 0.612203 0.200702 0.0536512
352 0.612203 0.205545 0.0574462
353 0.612203 0.200532 0.0559781
354 0.612203 0.192478 0.0522199
355 0.612203 0.192735 0.0559162
356 0.612203 0.190394 0.0536407
357 0.612203 0.190908 0.0534572
358 0.612203 0.185405 0.0490534
359 0.612203 0.185525 0.0555198
360 0.612203 0.174733 0.0530846
361 0.612203 0.2062 0.0555291
362 0.612203 0.239512 0.0570418
363 0.612203 0.223862 0.0545619
364 0.612203 0.212533 0.0500239
365 0.612203 0.215197 0.0488273
366 0.612203 0.243047 0.0496168
367 0.612203 0.236406 0.0533178
368 0.612203 0.189719 0.0494513
369 0.612203 0.229034 0.0597313
370 0.612203 0.239588 0.0585131
371 0.612203 0.241417 0.0612518
372 0.612203 0.217603 0.0535109
373 0.612203 0.192143 0.052588
374 0.612203 0.198273 0.0566074
375 0.612203 0.246189 0.0584747
376 0.612203 0.205697 0.0520661
377 0.612203 0.217366 0.0570717
378 0.612203 0.231942 0.060002
379 0.612203 0.230461 0.0568062
380 0.612203 0.221376 0.0600894
381 0.612203 0.19207 0.0550083
382 0.612203 0.178477 0.054092
383 0.612203 0.156424 0.0479286
384 0.612203 0.196062 0.0518479
385 0.612203 0.198703 0.0515871
386 0.612203 0.187089 0.0509809
387 0.612203 0.198245 0.0541935
388 0.612203 0.181388 0.0525916
389 0.612203 0.18246 0.0525516
390 0.612203 0.189609 0.0528313
391 0.612203 0.189793 0.0514391
392 0.612203 0.170602 0.0483772
393 0.612203 0.175724 0.0496974
394 0.612203 0.205706 0.0523813
395 0.612203 0.240682 0.056935
396 0.612203 0.239819 0.0576147
397 0.612203 0.239055 0.0614942
398 0.612203 0.24463 0.0635882
399 0.612203 0.204608 0.0582763
400 0.612203 0.23191 0.0566583
401 0.612203 0.236821 0.0519593
402 0.612203 0.231251 0.0511134
403 0.612203 0.250398 0.0486823
404 0.612203 0.228392 0.0488689
405 0.612203 0.204751 0.0579031
406 0.612203 0.219013 0.0573115
407 0.612203 0.188367 0.0548221
408 0.612203 0.192248 0.0534536
409 0.612203 0.215557 0.0566904
410 0.612203 0.19425 0.051301
411 0.612203 0.199085 0.0567282
412 0.612203 0.213287 0.0553307
413 0.612203 0.179328 0.0546136
414 0.612203 0.151107 0.0476945
415 0.612203 0.166572 0.048606
416 0.612203 0.17191 0.0495
417 0.612203 0.235012 0.056351
418 0.612203 0.236875 0.0496488
419 0.612203 0.247319 0.0560636
420 0.612203 0.224021 0.0542427
421 0.612203 0.191031 0.0526067
422 0.612203 0.216143 0.0577424
423 0.612203 0.186061 0.0520737
424 0.612203 0.184089 0.0518116
425 0.612203 0.197564 0.0577759
426 0.612203 0.210682 0.0563287
427 0.612203 0.200654 0.0510226
428 0.612203 0.207352 0.0539764
429 0.612203 0.196217 0.0557323
430 0.612203 0.188499 0.0521765
431 0.612203 0.191557 0.0565078
432 0.612203 0.190464 0.0507438
433 0.612203 0.213164 0.0539388
434 0.612203 0.207227 0.0469657
435 0.612203 0.202484 0.054287
436 0.612203 0.217758 0.0521287
437 0.612203 0.222161 0.0552197
438 0.612203 0.203681 0.0522664
439 0.612203 0.213754 0.0543438
440 0.612203 0.191744 0.0521914
441 0.612203 0.19028 0.0529739
442 0.612203 0.18652 0.05118
443 0.612203 0.187024 0.0497836
444 0.612203 0.185975 0.0477959
445 0.612203 0.197544 0.0564656
446 0.612203 0.205218 0.0514093
447 0.612203 0.20044 0.0542335
448 0.612203 0.226355 0.056077
449 0.612203 0.202903 0.0587396
450 0.612203 0.200335 0.0549405
451 0.612203 0.17954 0.0499467
452 0.612203 0.20189 0.0552477
453 0.612203 0.225982 0.0578399
454 0.612203 0.219313 0.0585213
455 0.612203 0.215069 0.0542561
456 0.612203 0.194388 0.0526721
457 0.612203 0.191654 0.0525587
458 0.612203 0.171919 0.0449631
459 0.612203 0.187415 0.0488139
460 0.612203 0.175812 0.056101
461 0.612203 0.161733 0.051174
462 0.612203 0.159635 0.0497531
463 0.612203 0.164413 0.0534419
464 0.612203 0.139636 0.0512487
465 0.612203 0.177256 0.0584983
466 0.612203 0.176964 0.0536124
467 0.612203 0.205544 0.0516969
468 0.612203 0.164905 0.0487275
469 0.612203 0.184465 0.0534365
470 0.612203 0.201147 0.0587057
471 0.612203 0.187116 0.0519995
472 0.612203 0.185015 0.0514439
473 0.612203 0.185428 0.0533507
474 0.612203 0.186492 0.0521512
475 0.612203 0.175193 0.0485183
476 0.612203 0.176238 0.049122
477 0.612203 0.198334 0.0561434
478 0.612203 0.182783 0.0491041
479 0.612203 0.184429 0.0546595
480 0.612203 0.171564 0.0517693
481 0.612203 0.173631 0.0507399
482 0.612203 0.16954 0.049476
483 0.612203 0.211878 0.0564155
484 0.612203 0.192505 0.0493877
485 0.612203 0.20246 0.0502757
486 0.612203 0.159243 0.0468367
487 0.612203 0.193542 0.0545125
488 0.612203 0.187427 0.0538251
489 0.612203 0.216172 0.0567512
490 0.612203 0.205704 0.0503596
491 0.612203 0.225564 0.0526555
492 0.612203 0.19848 0.0530672
493 0.612203 0.194283 0.051137
494 0.612203 0.196186 0.058184
495 0.612203 0.15664 0.0461104
496 0.612203 0.197354 0.0511501
497 0.612203 0.166341 0.0493948
498 0.612203 0.168551 0.0497891
499 0.612203 0.196743 0.0497903
500 0.612203 0.195887 0.0584564
501 0.612203 0.199364 0.0561052
502 0.612203 0.1905 0.0529656
503 0.612203 0.195186 0.0495478
504 0.612203 0.226762 0.0520574
505 0.612203 0.232657 0.0553411
506 0.612203 0.211753 0.054435
507 0.612203 0.202244 0.0550142
508 0.612203 0.162929 0.0497547
509 0.612203 0.161017 0.049689
510 0.612203 0.170746 0.0527679
511 0.612203 0.168648 0.0492591
512 0.612203 0.164724 0.0498978
513 0.612203 0.187354 0.0504103
514 0.612203 0.191962 0.0581301
515 0.612203 0.168855 0.0491805
516 0.612203 0.179895 0.0517274
517 0.612203 0.217622 0.0545034
518 0.612203 0.202925 0.052104
519 0.612203 0.206037 0.0530989
520 0.612203 0.229141 0.0541751
521 0.612203 0.220951 0.0572437
522 0.612203 0.198566 0.0480709
523 0.612203 0.215184 0.0526689
524 0.612203 0.226308 0.0557976
525 0.612203 0.2473 0.0517975
526 0.612203 0.232663 0.0448401
527 0.612203 0.231339 0.052904
528 0.612203 0.223868 0.0521789
529 0.612203 0.200963 0.0495197
530 0.612203 0.195827 0.0522799
531 0.612203 0.181234 0.0482371
532 0.612203 0.19627 0.0493252
533 0.612203 0.189958 0.0485357
534 0.612203 0.207731 0.0498214
535 0.612203 0.197637 0.0486046
536 0.612203 0.178908 0.0466284
537 0.612203 0.212281 0.0576647
538 0.612203 0.210408 0.0539172
539 0.612203 0.202919 0.0535764
540 0.612203 0.20572 0.0536559
541 0.612203 0.186471 0.0524409
542 0.612203 0.214161 0.0527165
543 0.612203 0.217395 0.0553981
544 0.612203 0.217084 0.0547414
545 0.612203 0.222299 0.0527375
546 0.612463 0.218031 0.051869
547 0.612463 0.232749 0.0504922
548 0.612463 0.22351 0.052501
549 0.612463 0.206514 0.0524878
550 0.612463 0.195961 0.0477779
551 0.612463 0.192054 0.050826
552 0.612463 0.188025 0.0501515
553 0.612463 0.224475 0.054251
554 0.612463 0.189015 0.0536616
555 0.612463 0.202113 0.0572395
556 0.612463 0.214489 0.0539565
557 0.612463 0.225033 0.0553768
558 0.612463 0.163807 0.04761
559 0.612463 0.181051 0.0502756
560 0.612463 0.198666 0.0512611
561 0.612463 0.192607 0.0526444
562 0.612463 0.195917 0.0495194
563 0.612463 0.195999 0.053592
564 0.612463 0.190157 0.0541294
565 0.612463 0.202336 0.0573762
566 0.612463 0.18181 0.0531306
567 0.612463 0.191719 0.0496262
568 0.612463 0.206061 0.0552213
569 0.612463 0.228509 0.0513976
570 0.612463 0.227943 0.0543044
571 0.612463 0.235717 0.0552726
572 0.612463 0.188626 0.0541352
573 0.612463 0.188943 0.0537131
574 0.612463 0.190903 0.0587322
575 0.612463 0.182785 0.0572671
576 0.612463 0.193806 0.057082
577 0.612463 0.19508 0.057084
578 0.612463 0.185583 0.0521942
579 0.612463 0.190535 0.0513479
580 0.612463 0.196466 0.0515202
581 0.612463 0.18419 0.0560307
582 0.612463 0.183139 0.0510263
583 0.612463 0.191821 0.0548772
584 0.612463 0.186938 0.0495827
585 0.612463 0.200232 0.0516273
586 0.612463 0.180801 0.0522413
587 0.612463 0.196467 0.0468705
588 0.612463 0.20585 0.0525011
589 0.612463 0.212167 0.0532812
590 0.612463 0.205681 0.055003
591 0.612463 0.199819 0.0550551
592 0.612463 0.177104 0.0516614
593 0.612463 0.208219 0.0559972
594 0.612463 0.206389 0.0496222
595 0.612463 0.214031 0.0541595
596 0.612463 0.211544 0.0564189
597 0.612463 0.203598 0.0549598
598 0.612463 0.192727 0.0515321
599 0.612463 0.191033 0.0506733
600 0.612463 0.222433 0.0576306
601 0.612463 0.219648 0.0571877
602 0.612516 0.207888 0.0550847
603 0.612516 0.212262 0.0551133
604 0.612516 0.200811 0.0518978
605 0.612516 0.190175 0.05013
606 0.612516 0.185622 0.0519089
607 0.612516 0.212237 0.0555933
608 0.612516 0.200375 0.0478711
609 0.612516 0.200016 0.0529034
610 0.612516 0.201764 0.0521755
611 0.612516 0.225749 0.0530047
612 0.612516 0.217401 0.0552558
613 0.612516 0.233708 0.052401
614 0.612516 0.239328 0.0518485
615 0.612516 0.218644 0.0518403
616 0.612516 0.201648 0.0537291
617 0.612516 0.192819 0.0533288
618 0.612516 0.217693 0.0552744
619 0.612516 0.219826 0.0568038
620 0.612516 0.198798 0.05409
621 0.612516 0.178168 0.0534967
622 0.612516 0.172657 0.0533012
623 0.612516 0.17489 0.0508027
624 0.612516 0.16661 0.0530699
625 0.612516 0.159889 0.0482596
626 0.612516 0.179149 0.0520912
627 0.612516 0.175544 0.0518733
628 0.612516 0.189255 0.056344
629 0.612516 0.17898 0.0515294
630 0.612516 0.170984 0.0536346
631 0.612516 0.1963 0.0564381
632 0.612516 0.199395 0.0544026
633 0.612516 0.218569 0.0550045
634 0.612516 0.192981 0.0526362
635 0.612516 0.187531 0.0507829
636 0.612516 0.206849 0.0488001
637 0.612516 0.239957 0.0545838
638 0.612516 0.188842 0.0465148
639 0.612516 0.193556 0.04806
640 0.612516 0.211451 0.0563414
641 0.612516 0.191253 0.0512329
642 0.612516 0.206411 0.0579596
643 0.612516 0.205009 0.055438
644 0.612516 0.187251 0.0497744
645 0.612516 0.199825 0.0498034
646 0.612516 0.198834 0.0537035
647 0.612516 0.188015 0.0607131
648 0.612516 0.218364 0.0616892
649 0.612516 0.191936 0.0574343
650 0.612516 0.175745 0.0500771
651 0.612516 0.168426 0.0516173
652 0.612516 0.172116 0.0496932
653 0.612516 0.195567 0.0551002
654 0.612516 0.211241 0.0558961
655 0.612516 0.208819 0.054935
656 0.612516 0.188507 0.0472884
657 0.612516 0.158624 0.0471352
658 0.612516 0.202816 0.0583591
659 0.612516 0.160762 0.0512011
660 0.612516 0.160936 0.0517044
661 0.612516 0.171017 0.0521915
662 0.612516 0.213272 0.054107
663 0.612516 0.22977 0.0563265
664 0.612516 0.220966 0.0551414
665 0.612516 0.206517 0.056103
666 0.612516 0.208595 0.0516425
667 0.612516 0.203781 0.0553111
668 0.612516 0.226954 0.0573294
669 0.612516 0.214914 0.0534007
670 0.612516 0.206849 0.0516435
671 0.612516 0.171943 0.0475605
672 0.612516 0.152504 0.0498459
673 0.612516 0.182115 0.0530248
674 0.612516 0.207506 0.0527496
675 0.612516 0.212654 0.0548709
676 0.612516 0.19892 0.0570872
677 0.612516 0.201116 0.0523301
678 0.612516 0.202519 0.0467265
679 0.612516 0.223057 0.0498774
680 0.612516 0.193613 0.0506599
681 0.612516 0.19286 0.0521755
682 0.612516 0.198446 0.0539003
683 0.612516 0.160953 0.0492154
684 0.612516 0.176046 0.0514222
685 0.612516 0.197045 0.0532364
686 0.612516 0.192611 0.0517288
687 0.612516 0.210212 0.0556196
688 0.612516 0.203569 0.0574
689 0.612516 0.21961 0.05818
690 0.612516 0.216762 0.0553805
691 0.612516 0.204764 0.0517072
692 0.612516 0.209768 0.0516329
693 0.612516 0.191088 0.0532164
694 0.612516 0.215175 0.0526693
695 0.612516 0.243305 0.0545473
696 0.612516 0.21061 0.0507848
697 0.612516 0.201653 0.0528227
698 0.612516 0.185321 0.0534875
699 0.612516 0.199413 0.051781
700 0.612516 0.207124 0.0511222
701 0.612516 0.191688 0.0459377
702 0.612516 0.213321 0.0480147
703 0.612516 0.212853 0.0526964
704 0.612516 0.232319 0.053799
705 0.612516 0.221295 0.0537891
706 0.612516 0.22227 0.0557232
707 0.612516 0.223599 0.0590034
708 0.612516 0.234893 0.0556208
709 0.612516 0.225993 0.0552423
710 0.612516 0.198038 0.0505101
711 0.612516 0.193469 0.0547134
712 0.612516 0.199356 0.053076
713 0.612516 0.180172 0.0513004
714 0.612516 0.191568 0.0512281
715 0.612516 0.18771 0.054304
716 0.612516 0.179315 0.0520259
717 0.612516 0.205132 0.0561096
718 0.612516 0.198825 0.0547206
719 0.612516 0.192186 0.0472993
720 0.612516 0.196029 0.0521101
721 0.612516 0.180102 0.0479282
722 0.612516 0.199095 0.051791
723 0.612516 0.193463 0.0559208
724 0.612516 0.194171 0.0500978
725 0.612516 0.213536 0.0534272
726 0.612516 0.179583 0.0505529
727 0.612516 0.221915 0.0549408
728 0.612516 0.203359 0.0493703
729 0.612516 0.211427 0.0551761
730 0.612516 0.202391 0.0519746
731 0.612516 0.208071 0.0558197
732 0.612516 0.196814 0.0542345
733 0.612516 0.181416 0.0490334
734 0.612516 0.169967 0.0468003
735 0.612516 0.207651 0.056621
736 0.612516 0.196005 0.054755
737 0.612516 0.190337 0.050452
738 0.612516 0.190882 0.0510735
739 0.612516 0.208449 0.0511609
740 0.612516 0.22534 0.0543141
741 0.612516 0.214344 0.0546332
742 0.612516 0.206298 0.0549955
743 0.612516 0.19317 0.0513531
744 0.612516 0.217612 0.0553778
745 0.612516 0.2203 0.0574729
746 0.612516 0.201177 0.0485057
747 0.612516 0.243321 0.0592288
748 0.612516 0.236546 0.0562244
749 0.612516 0.21727 0.0553311
750 0.612516 0.212911 0.0531313
751 0.612516 0.177393 0.051067
752 0.612516 0.197036 0.0517939
753 0.612516 0.196243 0.0482221
754 0.612516 0.198198 0.0509584
755 0.612516 0.212521 0.0494906
756 0.612516 0.222398 0.0535805
757 0.612516 0.228906 0.0548507
758 0.612516 0.2246 0.0504085
759 0.612516 0.210474 0.0507793
760 0.612516 0.22262 0.0527962
761 0.612516 0.210763 0.0555733
762 0.612516 0.194632 0.0511158
763 0.612516 0.178501 0.0521358
764 0.612516 0.209455 0.050283
765 0.612516 0.187702 0.0507389
766 0.612516 0.201309 0.0549341
767 0.612516 0.200846 0.0483108
768 0.612516 0.240859 0.056108
769 0.612516 0.243316 0.0537296
770 0.612516 0.232123 0.0564183
771 0.612516 0.238124 0.0540535
772 0.612516 0.245401 0.0566083
773 0.612516 0.217283 0.0616856
774 0.612516 0.226375 0.0602089
775 0.612516 0.196435 0.0559381
776 0.612516 0.225545 0.0520034
777 0.612516 0.224666 0.0549482
778 0.612516 0.178687 0.0489216
779 0.612516 0.173342 0.0482728
780 0.612516 0.201701 0.0592499
781 0.612516 0.215964 0.0533776
782 0.612516 0.208821 0.055073
783 0.612516 0.20082 0.0549166
784 0.612516 0.15968 0.0493481
785 0.612516 0.176138 0.0485832
786 0.612516 0.174894 0.0498715
787 0.612516 0.167319 0.0499606
788 0.612516 0.146924 0.0466258
789 0.612516 0.170427 0.0530911
790 0.612516 0.184907 0.0550675
791 0.612516 0.187345 0.0513619
792 0.612516 0.185868 0.0484187
793 0.612516 0.19738 0.0486076
794 0.612516 0.191127 0.0494174
795 0.612516 0.18077 0.0520894
796 0.612516 0.199853 0.0525448
797 0.612516 0.221407 0.0567624
798 0.612516 0.219066 0.0550066
799 0.612516 0.192935 0.0536853
800 0.612516 0.18214 0.0521269
801 0.612516 0.178865 0.0546377
802 0.612516 0.1912 0.0560882
803 0.612516 0.188585 0.0562194
804 0.612516 0.193548 0.0576991
805 0.612516 0.189187 0.051866
806 0.612516 0.200845 0.0558808
807 0.612516 0.19915 0.0525882
808 0.612516 0.219091 0.0547145
809 0.612516 0.191231 0.0518112
810 0.612516 0.204826 0.0507159
811 0.612516 0.193578 0.0522954
812 0.612516 0.215562 0.0603047
813 0.612516 0.212963 0.0551595
814 0.612516 0.217352 0.0526353
815 0.612516 0.206273 0.0502797
816 0.612516 0.188478 0.05212
817 0.612516 0.202563 0.0545763
818 0.612516 0.188103 0.055099
819 0.612516 0.19701 0.0500907
820 0.612516 0.217567 0.0536657
821 0.612516 0.23821 0.0560429
822 0.612516 0.228219 0.0531252
823 0.612516 0.205412 0.055749
824 0.612516 0.198503 0.0573385
825 0.612516 0.220574 0.0606242
826 0.612516 0.194634 0.0563632
827 0.612516 0.193432 0.0569509
828 0.612516 0.197974 0.053226
829 0.612516 0.207399 0.0610389
830 0.612516 0.217056 0.0581144
831 0.612516 0.210113 0.0556811
832 0.612516 0.213391 0.0558593
833 0.612516 0.185046 0.0513192
834 0.612516 0.202018 0.0548296
835 0.612516 0.222203 0.0579449
836 0.612516 0.190984 0.0523835
837 0.612516 0.210565 0.0521105
838 0.612516 0.214243 0.0558402
839 0.612516 0.215947 0.0591957
840 0.612516 0.184345 0.0535948
841 0.612516 0.170518 0.0516704
842 0.612516 0.189763 0.0546039
843 0.612516 0.176238 0.055591
844 0.612516 0.176038 0.052666
845 0.612516 0.174222 0.0557067
846 0.612516 0.186504 0.0547835
847 0.612516 0.177716 0.0552816
848 0.612516 0.151592 0.049324
849 0.612516 0.191776 0.0546757
850 0.612516 0.19661 0.0552161
851 0.612516 0.168161 0.0540914
852 0.612516 0.154116 0.0549984
853 0.612516 0.186817 0.0569604
854 0.612516 0.177337 0.0538618
855 0.612516 0.183646 0.0528179
856 0.612516 0.176093 0.0524475
857 0.612516 0.171573 0.0511464
858 0.612516 0.207969 0.0558586
859 0.612516 0.199623 0.0518825
860 0.612516 0.216772 0.0549909
861 0.612516 0.196107 0.052241
862 0.612516 0.202478 0.0516043
863 0.612516 0.206017 0.0546315
864 0.612516 0.212192 0.055371
865 0.612516 0.25334 0.0557717
866 0.612516 0.246942 0.0556912
867 0.612516 0.213911 0.0583495
868 0.612516 0.228961 0.0574142
869 0.612516 0.209934 0.0526628
870 0.612516 0.22568 0.0555662
871 0.612516 0.215605 0.0583892
872 0.612516 0.214282 0.0547351
873 0.612516 0.206547 0.0551599
874 0.612516 0.195957 0.0591079
875 0.612516 0.225757 0.056713
876 0.612516 0.198783 0.0560267
877 0.612516 0.163406 0.0522998
878 0.612516 0.177858 0.053419
879 0.612516 0.201376 0.0575335
880 0.612516 0.209577 0.0574973
881 0.612516 0.221166 0.0615448
882 0.612516 0.213933 0.0560929
883 0.612516 0.212988 0.0525493
884 0.612516 0.208067 0.0552583
885 0.612516 0.214123 0.0547013
886 0.612516 0.184941 0.0532592
887 0.612516 0.220148 0.0595087
888 0.612516 0.211871 0.0510179
889 0.612516 0.201988 0.0531494
890 0.612516 0.192318 0.0524992
891 0.612516 0.20424 0.0541853
892 0.612516 0.210542 0.0539758
893 0.612516 0.213577 0.0558861
894 0.612516 0.200315 0.056324
895 0.612516 0.202956 0.0519728
896 0.612516 0.161565 0.0446951
897 0.612516 0.20892 0.0502293
898 0.612516 0.186182 0.0477194
899 0.612516 0.21127 0.0508944
900 0.612516 0.206631 0.0579883
901 0.612516 0.214657 0.0555519
902 0.612516 0.188816 0.0529233
903 0.612516 0.206081 0.0535758
904 0.612516 0.176549 0.0539406
905 0.612516 0.15426 0.0486698
906 0.612516 0.153906 0.0488827
907 0.612516 0.170093 0.0491623
908 0.612516 0.200511 0.0542819
909 0.612516 0.186362 0.0529439
910 0.612516 0.180906 0.0526286
911 0.612516 0.188441 0.0522009
912 0.612516 0.198239 0.053756
913 0.612516 0.196284 0.0546307
914 0.612516 0.207778 0.0559795
915 0.612516 0.196873 0.0522653
916 0.612516 0.19201 0.0504876
917 0.612516 0.19847 0.0514512
918 0.612516 0.192434 0.0542899
919 0.612516 0.181554 0.0503302
920 0.612516 0.194085 0.0555048
921 0.612516 0.198245 0.0510273
922 0.612516 0.201976 0.0511736
923 0.612516 0.211396 0.0568482
924 0.612516 0.196679 0.0539274
925 0.612516 0.170644 0.0514771
926 0.612516 0.184635 0.0548437
927 0.612516 0.202381 0.049739
928 0.612516 0.219157 0.050245
929 0.612516 0.238282 0.0503817
930 0.612516 0.245852 0.0546432
931 0.612516 0.21882 0.057292
932 0.612516 0.212995 0.0533451
933 0.612516 0.167319 0.0526066
934 0.612516 0.18187 0.0568093
935 0.612516 0.199383 0.0532386
936 0.612516 0.17998 0.0540749
937 0.612516 0.187304 0.0525514
938 0.612516 0.184666 0.0541636
939 0.612516 0.202474 0.0566213
940 0.612516 0.196008 0.0537777
941 0.612516 0.205205 0.0537331
942 0.612516 0.217592 0.0552695
943 0.612516 0.212152 0.0532003
944 0.612516 0.184038 0.0523197
945 0.612516 0.168087 0.0502576
946 0.612516 0.187264 0.0517611
947 0.612516 0.19864 0.0560161
948 0.612516 0.211821 0.0597374
949 0.612516 0.192429 0.0539352
950 0.612516 0.205373 0.0566734
951 0.612516 0.201009 0.0544683
952 0.612516 0.206558 0.0523796
953 0.612516 0.211564 0.0529487
954 0.612516 0.188081 0.0518713
955 0.612516 0.190738 0.0513481
956 0.612516 0.155752 0.0497626
957 0.612516 0.164364 0.054207
958 0.612516 0.155484 0.0501354
959 0.612516 0.15247 0.0491533
960 0.612516 0.181549 0.0581277
961 0.612516 0.195022 0.0526918
962 0.612516 0.190702 0.0492661
963 0.612516 0.220048 0.055322
964 0.612516 0.203851 0.0526823
965 0.612516 0.200936 0.0512155
966 0.612516 0.192198 0.052742
967 0.612516 0.160231 0.0451771
968 0.612516 0.186555 0.0501206
969 0.612516 0.18946 0.0525709
970 0.612516 0.20523 0.0530013
971 0.612516 0.201971 0.0497114
972 0.612516 0.194951 0.0475147
973 0.612516 0.210838 0.0513778
974 0.612516 0.175477 0.0498072
975 0.612516 0.194857 0.0497865
976 0.612516 0.196194 0.046603
977 0.612516 0.204767 0.0553554
978 0.612516 0.207329 0.0519061
979 0.612516 0.208349 0.0456494
980 0.612516 0.189837 0.0536173
981 0.612516 0.178379 0.0523643
982 0.612516 0.182562 0.0462074
983 0.612516 0.186114 0.0466577
984 0.612516 0.18233 0.0511891
985 0.612516 0.189559 0.0544737
986 0.612516 0.195427 0.0500655
987 0.612516 0.227559 0.0515246
988 0.612516 0.213255 0.0560446
989 0.612516 0.198267 0.0490193
990 0.612516 0.199331 0.0516073
991 0.612516 0.215284 0.0536871
992 0.612516 0.217864 0.0507303
993 0.612516 0.213107 0.0527887
994 0.612516 0.222935 0.052628
995 0.612516 0.204499 0.0598383
996 0.612516 0.194196 0.051725
997 0.612516 0.216433 0.0554536
998 0.612516 0.228263 0.057307
999 0.612516 0.230399 0.0569974
1000 0.612516 0.206325 0.0509802
