0 0.125267 0.063924 0.00392684
1 0.131944 0.0765346 0.00374981
2 0.131944 0.0818707 0.00354113
3 0.131944 0.0855552 0.00339675
4 0.134788 0.0877664 0.00331694
5 0.190635 0.087146 0.00342908
6 0.190635 0.0938025 0.0030898
7 0.190635 0.0854756 0.00352141
8 0.190635 0.0818679 0.00386205
9 0.371187 0.0852639 0.004637
10 0.371187 0.0816897 0.00471022
11 0.371187 0.0880373 0.00448335
12 0.371187 0.0945056 0.00432131
13 0.371187 0.104175 0.00514476
14 0.371187 0.104637 0.00590407
15 0.371187 0.109426 0.00680185
16 0.371187 0.110147 0.007392
17 0.4039 0.12029 0.00826856
18 0.463916 0.135824 0.00878455
19 0.463916 0.140723 0.0119453
20 0.522462 0.146874 0.0120155
20 0.480151 0.0582108 0.0162192
21 0.506602 0.0718324 0.0200453
22 0.506602 0.0590608 0.0184461
23 0.506602 0.0778991 0.0230394
24 0.527744 0.0676298 0.0239434
25 0.527744 0.0742836 0.0271321
26 0.533623 0.0723852 0.0264105
27 0.534718 0.0862945 0.0302692
28 0.574915 0.0799864 0.0307834
29 0.574915 0.093375 0.0359892
30 0.574915 0.0963819 0.0351975
31 0.574915 0.0868592 0.0312772
32 0.574915 0.0781418 0.0292242
33 0.574915 0.0798308 0.0317818
34 0.574915 0.0956208 0.0336109
35 0.574915 0.0972583 0.031601
36 0.574915 0.0975222 0.0325544
37 0.574915 0.107532 0.034998
38 0.574915 0.104585 0.034112
39 0.574915 0.0985839 0.0323055
40 0.574915 0.100633 0.0346026
41 0.574915 0.0845606 0.0308753
42 0.574915 0.107435 0.0352886
43 0.574915 0.101224 0.0342261
44 0.574915 0.0844424 0.0308672
45 0.574915 0.0952356 0.0325246
46 0.574915 0.105986 0.0381405
47 0.574915 0.115193 0.0386953
48 0.574915 0.0968645 0.0349422
49 0.574915 0.0917559 0.0362401
50 0.574915 0.0912873 0.0365231
51 0.574915 0.101586 0.0368841
52 0.574915 0.0849205 0.0322637
53 0.574915 0.0776454 0.0297499
54 0.574915 0.103822 0.0362785
55 0.574915 0.0993156 0.041014
56 0.574915 0.100141 0.0388713
57 0.574915 0.0943144 0.0381036
58 0.574915 0.0889909 0.0366526
59 0.586557 0.0947765 0.0370477
60 0.586557 0.111531 0.0405277
61 0.586557 0.0896656 0.033669
62 0.586557 0.0968304 0.0366426
63 0.586557 0.0890329 0.0350173
64 0.586557 0.105255 0.0381299
65 0.586557 0.100963 0.0385882
66 0.586557 0.104732 0.0409225
67 0.586557 0.120084 0.0451569
68 0.586557 0.118793 0.0427396
69 0.586557 0.104944 0.0397702
70 0.586557 0.100988 0.0382736
71 0.586557 0.1136 0.0393822
72 0.586557 0.116553 0.0433795
73 0.586557 0.1131 0.0448492
74 0.586557 0.0942822 0.03907
75 0.586557 0.111559 0.0431415
76 0.586557 0.103745 0.0412782
77 0.586557 0.0903878 0.0370838
78 0.586557 0.102303 0.040009
79 0.586557 0.115148 0.0410944
80 0.586557 0.109132 0.0416241
81 0.586557 0.10755 0.0409318
82 0.586557 0.120387 0.0446898
83 0.586557 0.122731 0.0448349
84 0.586557 0.113869 0.0409486
85 0.586557 0.12163 0.0418662
86 0.586557 0.119742 0.0426082
87 0.586557 0.129233 0.0441367
88 0.586557 0.140436 0.0437763
89 0.586557 0.125709 0.0410099
90 0.586557 0.13192 0.0450998
91 0.586557 0.120881 0.0426334
92 0.596617 0.156971 0.0516908
93 0.596617 0.131713 0.043731
94 0.596617 0.137976 0.0416712
95 0.596617 0.133395 0.0440999
96 0.596617 0.127585 0.0417057
97 0.596617 0.160464 0.0483438
98 0.596617 0.132242 0.0467228
99 0.596617 0.12027 0.0420213
100 0.596617 0.114357 0.0416591
101 0.596617 0.121042 0.0449956
102 0.596617 0.119133 0.0453321
103 0.596617 0.141732 0.0446278
104 0.596617 0.120024 0.0411337
105 0.596617 0.125064 0.0430085
106 0.596617 0.134797 0.0472473
107 0.596617 0.129581 0.0475863
108 0.596617 0.155104 0.04807
109 0.596617 0.130182 0.0418815
110 0.596617 0.167205 0.0506065
111 0.596617 0.13918 0.0438906
112 0.596617 0.149756 0.0512392
113 0.596617 0.110926 0.0407695
114 0.596617 0.133683 0.0422709
115 0.596617 0.144014 0.0460947
116 0.596617 0.132958 0.0461324
117 0.596617 0.139186 0.0471052
118 0.596617 0.124232 0.0477853
119 0.596617 0.106963 0.0410198
120 0.596617 0.111425 0.0438361
121 0.596617 0.102422 0.0402431
122 0.596617 0.107968 0.041107
123 0.596617 0.134112 0.0449991
124 0.596617 0.15101 0.0499785
125 0.596617 0.121504 0.0438914
126 0.596617 0.137131 0.0461533
127 0.596617 0.127038 0.0430618
128 0.596617 0.139303 0.0456596
129 0.596617 0.137532 0.0468918
130 0.596617 0.131223 0.0469728
131 0.596617 0.120926 0.0470828
132 0.596617 0.12251 0.0482774
133 0.596617 0.127109 0.048069
134 0.596617 0.115271 0.0418501
135 0.596617 0.119025 0.0435476
136 0.596617 0.137677 0.0476654
137 0.596617 0.119244 0.0436588
138 0.596617 0.116392 0.0406907
139 0.596617 0.126663 0.0438727
140 0.596617 0.155949 0.0475749
141 0.596617 0.133785 0.0451899
142 0.596617 0.121795 0.0445742
143 0.596617 0.127444 0.0474826
144 0.596617 0.109145 0.0404316
145 0.596617 0.120565 0.0442155
146 0.596617 0.117632 0.0446425
147 0.596617 0.125085 0.0450055
148 0.596617 0.119021 0.0442861
149 0.596617 0.113548 0.0455624
150 0.596617 0.109977 0.0406952
151 0.596617 0.119268 0.0413821
152 0.596617 0.120443 0.0462066
153 0.598995 0.116323 0.0427112
154 0.598995 0.123356 0.0463696
155 0.598995 0.125235 0.0456201
156 0.598995 0.123444 0.0457782
157 0.598995 0.126973 0.0450394
158 0.598995 0.115362 0.0456914
159 0.598995 0.122646 0.0478812
160 0.598995 0.121577 0.0426967
161 0.598995 0.100509 0.039438
162 0.598995 0.11348 0.0426989
163 0.598995 0.0968439 0.040041
164 0.598995 0.0922711 0.0375314
165 0.598995 0.138409 0.0526189
166 0.598995 0.117456 0.043856
167 0.598995 0.119495 0.046988
168 0.598995 0.137783 0.0476962
169 0.598995 0.139232 0.0482792
170 0.598995 0.125445 0.0480407
171 0.598995 0.135483 0.0480482
172 0.598995 0.147707 0.0532685
173 0.598995 0.145065 0.0523344
174 0.598995 0.13022 0.0465463
175 0.598995 0.151381 0.0517406
176 0.598995 0.132167 0.0454037
177 0.598995 0.148622 0.050028
178 0.598995 0.133837 0.0475474
179 0.598995 0.142224 0.0509023
180 0.598995 0.142206 0.0530067
181 0.598995 0.131644 0.0502251
182 0.598995 0.126358 0.0445842
183 0.599526 0.142852 0.0527484
184 0.599526 0.154541 0.0575368
185 0.599526 0.124752 0.0447804
186 0.599526 0.132962 0.0481961
187 0.599526 0.129294 0.0457088
188 0.599526 0.146167 0.0486559
189 0.599526 0.13169 0.0483709
190 0.599526 0.143155 0.0480403
191 0.602013 0.124847 0.0477336
192 0.602013 0.128472 0.0451281
193 0.602013 0.152023 0.0475768
194 0.602013 0.11829 0.0408364
195 0.602013 0.137592 0.048897
196 0.602013 0.111908 0.0425726
197 0.602013 0.152059 0.0527118
198 0.602013 0.141203 0.0499745
199 0.602013 0.140987 0.0486498
200 0.602013 0.14647 0.0510554
201 0.602013 0.118347 0.0442208
202 0.602013 0.112114 0.0445923
203 0.602013 0.111005 0.0416497
204 0.602301 0.129922 0.0483777
205 0.602301 0.122228 0.0434814
206 0.602301 0.14122 0.0442899
207 0.602301 0.134389 0.0444983
208 0.602301 0.162404 0.050906
209 0.602301 0.137405 0.0458236
210 0.602301 0.158254 0.048759
211 0.602301 0.162068 0.0491988
212 0.602301 0.16798 0.0511604
213 0.602301 0.153199 0.0540574
214 0.602301 0.124514 0.0460066
215 0.602301 0.131573 0.0490653
216 0.602301 0.133297 0.0486899
217 0.602301 0.140125 0.0525878
218 0.602301 0.145406 0.0507525
219 0.602301 0.14418 0.0502523
220 0.602301 0.138435 0.047067
221 0.602301 0.13599 0.0498121
222 0.602301 0.162686 0.0548171
223 0.602301 0.135467 0.0466854
224 0.602301 0.120328 0.0463529
225 0.602301 0.10755 0.0383487
226 0.602301 0.0996632 0.0408171
227 0.602301 0.120095 0.0425717
228 0.602301 0.134995 0.048682
229 0.602301 0.116776 0.041927
230 0.602301 0.109907 0.0449074
231 0.602301 0.140759 0.0507593
232 0.602844 0.129773 0.0482448
233 0.602844 0.107364 0.0414807
234 0.602844 0.120088 0.0426952
235 0.602844 0.126814 0.0459383
236 0.602844 0.12595 0.0491657
237 0.602844 0.104871 0.0437831
238 0.602844 0.124746 0.0510352
239 0.602844 0.136744 0.0508184
240 0.602844 0.125084 0.0448656
241 0.602844 0.122381 0.0460053
242 0.602844 0.131719 0.046832
243 0.602844 0.121134 0.0415652
244 0.602844 0.122119 0.0466445
245 0.602844 0.119896 0.0468206
246 0.602844 0.14738 0.0518054
247 0.602844 0.13996 0.0480987
248 0.602844 0.104548 0.0409722
249 0.602844 0.11444 0.0437278
250 0.602844 0.126994 0.0480819
251 0.602844 0.129843 0.0458315
252 0.602844 0.13177 0.0490533
253 0.602844 0.146407 0.0499076
254 0.602844 0.124357 0.0438499
255 0.602844 0.131745 0.045928
256 0.602844 0.158994 0.0504438
257 0.602844 0.158182 0.0492307
258 0.602844 0.146079 0.0474236
259 0.602844 0.13634 0.0446213
260 0.602844 0.114384 0.0441315
261 0.602844 0.109018 0.0390333
262 0.602844 0.141909 0.0510288
263 0.602844 0.148444 0.0528674
264 0.602844 0.114896 0.044512
265 0.602844 0.136636 0.049648
266 0.602844 0.126625 0.0494468
267 0.602844 0.164896 0.0565113
268 0.602844 0.110971 0.0395875
269 0.602844 0.137547 0.0465484
270 0.602844 0.116365 0.044127
271 0.602844 0.112434 0.0427621
272 0.602844 0.108502 0.0423531
273 0.602844 0.122006 0.0466
274 0.602844 0.130998 0.0472803
275 0.602844 0.12447 0.0467669
276 0.602844 0.154404 0.0535197
277 0.602844 0.156817 0.0511993
278 0.602844 0.120329 0.0424504
279 0.602844 0.139398 0.0478094
280 0.602844 0.162292 0.0541959
281 0.602844 0.17471 0.0552001
282 0.602844 0.184788 0.0505118
283 0.602844 0.158103 0.0519855
284 0.602844 0.131791 0.0480524
285 0.602844 0.120897 0.0462109
286 0.602844 0.118692 0.0441935
287 0.602844 0.121461 0.0459256
288 0.602844 0.139887 0.0476228
289 0.602844 0.135951 0.0439716
290 0.602844 0.154588 0.0506597
291 0.602844 0.152528 0.0518933
292 0.602844 0.161256 0.0551842
293 0.602844 0.155765 0.0505302
294 0.602844 0.169725 0.0541236
295 0.602844 0.173553 0.0523872
296 0.602844 0.132111 0.0499127
297 0.602844 0.132123 0.0461261
298 0.602844 0.141951 0.0479263
299 0.602844 0.146561 0.046876
300 0.602844 0.122918 0.0444724
301 0.602844 0.118533 0.0425854
302 0.602844 0.132376 0.0483013
303 0.602844 0.118411 0.0460556
304 0.602844 0.120036 0.04106
305 0.602844 0.145423 0.0485722
306 0.602844 0.157382 0.0490441
307 0.602844 0.156723 0.0511472
308 0.602844 0.14592 0.0478533
309 0.602844 0.169405 0.0512773
310 0.602844 0.138963 0.0435274
311 0.602844 0.14635 0.0470638
312 0.602844 0.154545 0.0532772
313 0.602844 0.139514 0.0471218
314 0.602844 0.135402 0.0430847
315 0.603167 0.145758 0.0502377
316 0.603167 0.131711 0.0449289
317 0.603167 0.153756 0.0509905
318 0.603167 0.143921 0.0473105
319 0.603167 0.132393 0.0474441
320 0.603167 0.143173 0.0487289
321 0.603167 0.133181 0.0470663
322 0.603167 0.136451 0.0492203
323 0.603167 0.120245 0.0461727
324 0.603167 0.12373 0.0450774
325 0.603167 0.138464 0.0503078
326 0.603167 0.151811 0.050428
327 0.603167 0.134935 0.0454459
328 0.603167 0.147388 0.051074
329 0.603167 0.136934 0.0480547
330 0.603167 0.134704 0.0495497
331 0.603167 0.0977205 0.0410368
332 0.603167 0.102634 0.0393939
333 0.603167 0.127993 0.0444451
334 0.603167 0.134781 0.0474673
335 0.603167 0.14899 0.048773
336 0.603167 0.119444 0.045015
337 0.603167 0.114869 0.0441033
338 0.603167 0.116737 0.0420144
339 0.603167 0.140876 0.0518732
340 0.603167 0.134426 0.0457965
341 0.603167 0.142166 0.0514608
342 0.603167 0.13383 0.0465973
343 0.603167 0.160711 0.0548666
344 0.603167 0.15811 0.0521973
345 0.603167 0.147299 0.0493595
346 0.603167 0.138701 0.0455227
347 0.603167 0.137055 0.04513
348 0.603167 0.158766 0.0501585
349 0.603167 0.143066 0.0457508
350 0.603167 0.137334 0.0494115
351 0.603167 0.11177 0.0429217
352 0.603167 0.100692 0.0418989
353 0.603167 0.116827 0.0455782
354 0.603167 0.120942 0.0507001
355 0.603167 0.107973 0.0445048
356 0.603167 0.111166 0.0417843
357 0.603167 0.129415 0.0486154
358 0.603167 0.15066 0.0512539
359 0.603167 0.113413 0.0421637
360 0.603167 0.116907 0.0436528
361 0.603167 0.123499 0.0448943
362 0.603167 0.167552 0.052187
363 0.603167 0.145306 0.0503725
364 0.603167 0.152473 0.0504939
365 0.603167 0.134506 0.0475428
366 0.603167 0.147151 0.0486753
367 0.603167 0.143562 0.0484154
368 0.603167 0.130907 0.0465092
369 0.603167 0.150214 0.0520456
370 0.603167 0.139567 0.0484497
371 0.603167 0.12436 0.045916
372 0.603167 0.117137 0.0455867
373 0.603167 0.134928 0.0451995
374 0.603167 0.136088 0.0469396
375 0.603167 0.131226 0.0460295
376 0.603167 0.131259 0.0469507
377 0.603167 0.122004 0.046195
378 0.603167 0.130126 0.0459572
379 0.603167 0.152088 0.0487353
380 0.603167 0.145151 0.0538925
381 0.603167 0.131165 0.0477428
382 0.603167 0.146915 0.0493689
383 0.603167 0.14802 0.0512295
384 0.603167 0.138731 0.0463047
385 0.603167 0.140766 0.0495608
386 0.603167 0.138553 0.0513302
387 0.603167 0.133392 0.0461942
388 0.605745 0.120369 0.0476217
389 0.605745 0.123403 0.046982
390 0.605745 0.124739 0.044808
391 0.605745 0.132263 0.0456479
392 0.605745 0.136697 0.0470661
393 0.605745 0.171945 0.0533339
394 0.605745 0.166769 0.0534321
395 0.605745 0.16704 0.0577202
396 0.605745 0.152761 0.0535159
397 0.605745 0.155412 0.0533438
398 0.605745 0.159791 0.0532155
399 0.605745 0.164785 0.0513921
400 0.605745 0.154566 0.0519709
401 0.605745 0.134358 0.0480181
402 0.605745 0.139273 0.0485776
403 0.605745 0.14237 0.0469302
404 0.605745 0.156911 0.0488756
405 0.605745 0.151085 0.0530915
406 0.605745 0.124064 0.0468956
407 0.605745 0.143206 0.0503661
408 0.605745 0.15911 0.0547666
409 0.605745 0.166206 0.0547846
410 0.605745 0.144306 0.0533486
411 0.605745 0.128303 0.0477851
412 0.605745 0.165065 0.0514032
413 0.605745 0.156052 0.0552975
414 0.605745 0.139557 0.0502196
415 0.605745 0.176626 0.0548128
416 0.605745 0.161631 0.052997
417 0.605745 0.175859 0.0515012
418 0.605745 0.142063 0.0451197
419 0.605745 0.137708 0.0443213
420 0.605745 0.129107 0.0446861
421 0.605745 0.155718 0.0483328
422 0.605745 0.151662 0.0511627
423 0.605745 0.158957 0.0531201
424 0.605745 0.14908 0.0508934
425 0.605745 0.132317 0.0492129
426 0.605745 0.124275 0.0460359
427 0.605745 0.161744 0.0527394
428 0.605745 0.145996 0.048583
429 0.605745 0.140614 0.0466957
430 0.605745 0.135167 0.0468903
431 0.605745 0.15875 0.0540616
432 0.605745 0.15607 0.0517336
433 0.605935 0.150559 0.051521
434 0.605935 0.161767 0.0520522
435 0.605935 0.150564 0.0442518
436 0.605935 0.141378 0.0461388
437 0.605935 0.139642 0.0448791
438 0.606265 0.160728 0.0501791
439 0.606265 0.133702 0.0456616
440 0.606265 0.115375 0.0403939
441 0.606265 0.119513 0.044784
442 0.606265 0.121225 0.0465877
443 0.606265 0.125751 0.0480519
444 0.606265 0.132653 0.048516
445 0.606265 0.141908 0.0489067
446 0.606265 0.136115 0.0481215
447 0.606265 0.141069 0.0467499
448 0.606265 0.148497 0.0504355
449 0.606265 0.136575 0.0505628
450 0.606265 0.15155 0.0526585
451 0.606265 0.153048 0.049705
452 0.606265 0.171299 0.0530002
453 0.606265 0.135166 0.0497667
454 0.606392 0.173003 0.0570084
455 0.606392 0.147851 0.0524213
456 0.606392 0.134153 0.0480169
457 0.606392 0.129478 0.0460553
458 0.606392 0.13942 0.0521965
459 0.606392 0.13905 0.049304
460 0.606392 0.127725 0.0478308
461 0.606392 0.126377 0.0441001
462 0.606392 0.127985 0.0447816
463 0.606392 0.126105 0.0437379
464 0.606392 0.139335 0.0478058
465 0.606392 0.150127 0.051988
466 0.606392 0.142667 0.050653
467 0.606392 0.14261 0.0520694
468 0.606392 0.15279 0.0549638
469 0.606392 0.147216 0.0524172
470 0.606392 0.11514 0.043055
471 0.606392 0.130972 0.0460551
472 0.606392 0.127147 0.0480357
473 0.606392 0.128363 0.0470936
474 0.606392 0.147958 0.0490288
475 0.606392 0.126745 0.0446157
476 0.606392 0.122575 0.0435469
477 0.606392 0.134526 0.0492353
478 0.606392 0.114919 0.045431
479 0.606392 0.143404 0.0536246
480 0.606392 0.12643 0.045652
481 0.606392 0.140376 0.0516898
482 0.606392 0.127239 0.0465164
483 0.606392 0.118875 0.0450282
484 0.606392 0.133809 0.0484644
485 0.606392 0.126675 0.0458437
486 0.606392 0.122964 0.0456902
487 0.606392 0.134334 0.0498281
488 0.606392 0.128293 0.0435305
489 0.606392 0.160925 0.053067
490 0.606392 0.131829 0.0472624
491 0.606392 0.139686 0.0477608
492 0.606392 0.162074 0.0558091
493 0.606392 0.147022 0.0507726
494 0.606392 0.139936 0.0480743
495 0.606392 0.120825 0.0447046
496 0.606392 0.118141 0.0422819
497 0.606392 0.114501 0.0446835
498 0.606392 0.121273 0.0460578
499 0.606392 0.126881 0.0454945
500 0.606392 0.13728 0.0458898
501 0.606392 0.145416 0.048963
502 0.606392 0.144276 0.047906
503 0.606392 0.140786 0.047686
504 0.606392 0.171203 0.0554469
505 0.606392 0.153549 0.0469463
506 0.606392 0.162639 0.0501021
507 0.606392 0.1349 0.0442608
508 0.606392 0.152229 0.0499614
509 0.606392 0.176126 0.0556157
510 0.606392 0.155011 0.0498913
511 0.606392 0.134849 0.0470235
512 0.606392 0.126587 0.0462535
513 0.606392 0.141942 0.0508647
514 0.606392 0.151602 0.0500844
515 0.606392 0.146209 0.048559
516 0.606392 0.145659 0.0520235
517 0.606392 0.142764 0.0491816
518 0.606392 0.132466 0.0455817
519 0.606392 0.161008 0.0475756
520 0.606392 0.15754 0.0499802
521 0.606392 0.149072 0.0488297
522 0.606392 0.151466 0.0533534
523 0.606392 0.128883 0.0451844
524 0.606392 0.154431 0.0520453
525 0.606392 0.13556 0.048713
526 0.606392 0.169413 0.0521586
527 0.606392 0.12437 0.0430518
528 0.606392 0.154864 0.052412
529 0.606392 0.150101 0.0485611
530 0.606392 0.155897 0.0508436
531 0.606392 0.153291 0.0535695
532 0.606392 0.132002 0.0538443
533 0.606392 0.13234 0.0474959
534 0.606392 0.14397 0.0477498
535 0.606392 0.154831 0.053844
536 0.606392 0.14455 0.047083
537 0.606392 0.152529 0.0462283
538 0.606392 0.160099 0.0492818
539 0.606392 0.150661 0.0478539
540 0.606392 0.133672 0.0445124
541 0.606573 0.138884 0.0478157
542 0.606573 0.147287 0.0502138
543 0.606573 0.149593 0.0482462
544 0.606573 0.133818 0.0447103
545 0.606573 0.12797 0.048365
546 0.606573 0.139825 0.0473917
547 0.606573 0.149712 0.0512201
548 0.606573 0.126856 0.0446934
549 0.606573 0.137052 0.0438922
550 0.606573 0.136705 0.0453384
551 0.606573 0.120235 0.0446325
552 0.606573 0.150357 0.0494744
553 0.606573 0.151075 0.0541001
554 0.606573 0.136229 0.0463129
555 0.606573 0.137554 0.0453304
556 0.606698 0.156629 0.0510193
557 0.606698 0.136571 0.0442584
558 0.606698 0.14474 0.0484057
559 0.606698 0.123571 0.0414483
560 0.606698 0.132705 0.0439846
561 0.606698 0.157192 0.05144
562 0.606698 0.135253 0.045088
563 0.606698 0.131117 0.040737
564 0.606698 0.123847 0.0438268
565 0.606698 0.124552 0.0452679
566 0.606698 0.121705 0.0480492
567 0.606698 0.106378 0.0424289
568 0.606698 0.150173 0.0504006
569 0.606698 0.132342 0.0471561
570 0.606698 0.11189 0.0441583
571 0.606698 0.14234 0.0515721
572 0.606698 0.161158 0.0499236
573 0.606698 0.141963 0.0482855
574 0.606712 0.120369 0.046277
575 0.606712 0.152028 0.0536311
576 0.606712 0.146943 0.0524425
577 0.606712 0.125966 0.0474672
578 0.606712 0.135316 0.0475247
579 0.606712 0.119088 0.0446755
580 0.606712 0.106325 0.0398304
581 0.606712 0.121442 0.0468518
582 0.606712 0.134666 0.0470333
583 0.606712 0.123883 0.0435738
584 0.606712 0.126953 0.0448261
585 0.606712 0.129888 0.0465163
586 0.606712 0.152067 0.0530543
587 0.606712 0.129649 0.0472944
588 0.606712 0.15675 0.0521377
589 0.606712 0.145554 0.0527799
590 0.606712 0.138091 0.0463179
591 0.606712 0.151243 0.0550063
592 0.606712 0.134362 0.047225
593 0.606712 0.142022 0.048794
594 0.606712 0.135258 0.0487381
595 0.608457 0.139922 0.052861
596 0.608457 0.149069 0.0509239
597 0.608457 0.144919 0.0509883
598 0.608457 0.132497 0.0444344
599 0.608457 0.142078 0.0471036
600 0.608457 0.160058 0.0510483
601 0.608457 0.156622 0.0540781
602 0.608457 0.15469 0.0557706
603 0.608457 0.159327 0.0522955
604 0.608457 0.165086 0.0541223
605 0.608457 0.154184 0.0497286
606 0.608457 0.148757 0.04999
607 0.608457 0.148483 0.046103
608 0.608457 0.152757 0.0445229
609 0.608457 0.152386 0.0492061
610 0.608457 0.141789 0.0455031
611 0.608457 0.139859 0.0460486
612 0.608457 0.15628 0.0519887
613 0.608457 0.144109 0.0495754
614 0.608457 0.159428 0.0504763
615 0.608457 0.152179 0.0523714
616 0.608457 0.163578 0.0558598
617 0.608457 0.142901 0.0462841
618 0.608457 0.152795 0.0527623
619 0.608457 0.16445 0.0542943
620 0.608457 0.131971 0.0452946
621 0.608457 0.134912 0.0484685
622 0.608457 0.145942 0.0533552
623 0.608457 0.14612 0.0530591
624 0.608457 0.135716 0.0499289
625 0.608457 0.136577 0.0492648
626 0.608457 0.119371 0.0435496
627 0.608457 0.133627 0.0514214
628 0.608457 0.114946 0.0456657
629 0.608457 0.139251 0.0478623
630 0.608457 0.124345 0.0475198
631 0.608457 0.133565 0.0494749
632 0.608457 0.141206 0.0499779
633 0.608457 0.138461 0.0481165
634 0.608457 0.141767 0.0461419
635 0.608457 0.149042 0.049129
636 0.608457 0.157187 0.0498066
637 0.608457 0.152749 0.0491142
638 0.608457 0.166789 0.0500718
639 0.608457 0.166437 0.050058
640 0.608457 0.162371 0.0469283
641 0.608457 0.169704 0.0513021
642 0.608457 0.142667 0.0478753
643 0.608457 0.146128 0.0469329
644 0.608457 0.119079 0.0442842
645 0.608457 0.144182 0.0496156
646 0.608457 0.139839 0.0465637
647 0.608457 0.13906 0.0462605
648 0.608457 0.151951 0.0506811
649 0.608457 0.141934 0.0501244
650 0.608457 0.120773 0.0440445
651 0.608457 0.120763 0.0403756
652 0.608457 0.13469 0.045745
653 0.608457 0.133413 0.0420183
654 0.608457 0.144659 0.0474903
655 0.608457 0.136127 0.0444518
656 0.608457 0.13256 0.0468069
657 0.608457 0.143669 0.0496502
658 0.608457 0.143747 0.0505237
659 0.608457 0.143886 0.0486464
660 0.608457 0.130443 0.0462145
661 0.608457 0.154046 0.0504993
662 0.608457 0.149353 0.0498855
663 0.608457 0.122834 0.0459852
664 0.609571 0.161743 0.0515111
665 0.609571 0.157187 0.0502448
666 0.609571 0.153413 0.0500591
667 0.609571 0.17728 0.0587526
668 0.609571 0.163723 0.0493694
669 0.609571 0.160242 0.0525151
670 0.609571 0.17343 0.0554698
671 0.609571 0.160448 0.0495618
672 0.609571 0.145731 0.0484999
673 0.609571 0.133944 0.0454864
674 0.609571 0.154089 0.0498917
675 0.609571 0.151793 0.0514923
676 0.609571 0.153437 0.0468526
677 0.609571 0.15743 0.0478985
678 0.609571 0.159795 0.0532571
679 0.609571 0.160128 0.0568514
680 0.609571 0.14607 0.0507868
681 0.609571 0.150095 0.0513148
682 0.609571 0.136728 0.0448536
683 0.609571 0.132154 0.0506958
684 0.609571 0.135137 0.0513265
685 0.609571 0.146649 0.0521849
686 0.609571 0.149664 0.0532098
687 0.609571 0.169427 0.0544765
688 0.609571 0.158766 0.0557784
689 0.609571 0.147358 0.0513539
690 0.609571 0.12308 0.0428492
691 0.609571 0.150601 0.0527038
692 0.609571 0.161198 0.0550053
693 0.609571 0.167541 0.0563363
694 0.609571 0.137271 0.0499231
695 0.609571 0.119265 0.0453666
696 0.609571 0.151026 0.0488328
697 0.609571 0.143179 0.0481256
698 0.609571 0.132252 0.0454865
699 0.609571 0.146091 0.0503869
700 0.609571 0.120787 0.0433222
701 0.609571 0.149769 0.0542826
702 0.609571 0.154982 0.0551093
703 0.609571 0.12525 0.0456148
704 0.609571 0.150789 0.0509609
705 0.609571 0.150761 0.0529899
706 0.609571 0.138734 0.0510741
707 0.609571 0.1296 0.0455398
708 0.609571 0.121569 0.0460667
709 0.609571 0.101348 0.0418682
710 0.609571 0.117752 0.0430709
711 0.609571 0.12759 0.0429802
712 0.609571 0.149656 0.0486426
713 0.609571 0.142896 0.0474432
714 0.609571 0.143349 0.0536388
715 0.609571 0.130709 0.0482602
716 0.609571 0.118767 0.0472461
717 0.609571 0.124058 0.0460718
718 0.609571 0.120449 0.0418157
719 0.609571 0.134689 0.0477158
720 0.609571 0.134301 0.0517943
721 0.609571 0.141027 0.0519872
722 0.609571 0.139597 0.0505124
723 0.609571 0.130681 0.0410195
724 0.609571 0.155114 0.0523004
725 0.609571 0.13921 0.0485318
726 0.609571 0.131016 0.0460317
727 0.609571 0.128729 0.0468239
728 0.609571 0.132344 0.0483255
729 0.609571 0.11935 0.0448507
730 0.609571 0.115685 0.0458307
731 0.609571 0.129774 0.0480553
732 0.609571 0.141432 0.0490383
733 0.609571 0.131321 0.0442171
734 0.609571 0.121619 0.0463716
735 0.609571 0.126026 0.0472279
736 0.609571 0.139945 0.046061
737 0.609571 0.131695 0.0457245
738 0.609571 0.138692 0.0473982
739 0.609571 0.123265 0.0458069
740 0.609571 0.123219 0.0433474
741 0.609571 0.122407 0.0468727
742 0.609571 0.132098 0.0463958
743 0.609571 0.143345 0.0523813
744 0.609571 0.122471 0.0437342
745 0.609571 0.144149 0.0500154
746 0.609571 0.124804 0.0465605
747 0.609571 0.130509 0.048316
748 0.609571 0.127167 0.045138
749 0.609571 0.138086 0.047094
750 0.609571 0.145953 0.048766
751 0.609571 0.151452 0.0490572
752 0.609571 0.140157 0.0456464
753 0.609571 0.157419 0.0493141
754 0.609571 0.140278 0.0490515
755 0.609571 0.155748 0.0513195
756 0.609571 0.123173 0.0433912
757 0.609571 0.118562 0.0425387
758 0.609571 0.139037 0.0466406
759 0.609571 0.146756 0.0508607
760 0.609571 0.125445 0.0424108
761 0.609571 0.117261 0.0452173
762 0.609571 0.112543 0.0430657
763 0.609571 0.12221 0.0446181
764 0.609571 0.150954 0.0481688
765 0.609571 0.158237 0.0497695
766 0.609571 0.160705 0.0476324
767 0.609571 0.154606 0.0504127
768 0.609571 0.14399 0.0492553
769 0.609571 0.135538 0.0498885
770 0.609571 0.111366 0.0441556
771 0.610753 0.123529 0.0454289
772 0.610753 0.149944 0.0507335
773 0.610753 0.14546 0.052723
774 0.610753 0.143184 0.051138
775 0.610753 0.136562 0.0490441
776 0.610753 0.130135 0.0464363
777 0.610753 0.120816 0.0455531
778 0.610753 0.110597 0.0413123
779 0.610753 0.13229 0.0447821
780 0.610753 0.137049 0.0472738
781 0.610753 0.163182 0.0493422
782 0.610753 0.165671 0.0512257
783 0.610753 0.148709 0.0487073
784 0.610753 0.143928 0.0486266
785 0.610753 0.126485 0.0456835
786 0.610753 0.136953 0.0467892
787 0.610753 0.153921 0.0488021
788 0.610753 0.131211 0.0421265
789 0.610753 0.153526 0.0469996
790 0.610753 0.143648 0.0500462
791 0.610753 0.14996 0.0508819
792 0.610753 0.150391 0.0512465
793 0.610753 0.139687 0.0480971
794 0.610753 0.146617 0.0485
795 0.610753 0.148293 0.0503686
796 0.610753 0.154215 0.0510472
797 0.610753 0.13895 0.0483464
798 0.610753 0.16311 0.0505835
799 0.610753 0.1361 0.0475128
800 0.610753 0.145785 0.0531938
801 0.610753 0.127104 0.0452534
802 0.610753 0.156081 0.0503602
803 0.610753 0.145867 0.0486377
804 0.610753 0.151027 0.0543628
805 0.610753 0.133523 0.0471645
806 0.610753 0.14767 0.0494931
807 0.610753 0.126088 0.0438207
808 0.610753 0.149522 0.0523823
809 0.610753 0.156079 0.0541194
810 0.610753 0.163063 0.0552091
811 0.610753 0.13928 0.0436114
812 0.610753 0.146591 0.0437939
813 0.610753 0.178482 0.0537903
814 0.610753 0.150262 0.0499462
815 0.610753 0.15685 0.047443
816 0.610753 0.163941 0.0499429
817 0.610753 0.184093 0.0536908
818 0.610753 0.201994 0.0564821
819 0.610753 0.172207 0.0522657
820 0.610753 0.168577 0.0522902
821 0.610753 0.187081 0.0538666
822 0.610753 0.165233 0.0525477
823 0.610753 0.166826 0.0534048
824 0.610753 0.165306 0.0520914
825 0.610753 0.164405 0.0525147
826 0.610753 0.171355 0.0554953
827 0.610753 0.167999 0.049746
828 0.610753 0.167993 0.0527455
829 0.610753 0.16632 0.0516446
830 0.610753 0.151947 0.0493013
831 0.610753 0.149026 0.0523678
832 0.610753 0.140639 0.0506566
833 0.610753 0.122053 0.0439744
834 0.610753 0.104701 0.0435416
835 0.610753 0.119309 0.0458786
836 0.610753 0.106551 0.0432453
837 0.610753 0.118089 0.0487509
838 0.610753 0.1395 0.0515808
839 0.610753 0.114838 0.0436883
840 0.610753 0.124694 0.0432458
841 0.610753 0.12997 0.0442625
842 0.610753 0.13722 0.0453375
843 0.610753 0.145758 0.0452115
844 0.610753 0.156049 0.0453392
845 0.610753 0.143689 0.0479805
846 0.610753 0.147935 0.0467574
847 0.610753 0.133532 0.0457448
848 0.610753 0.157037 0.0543268
849 0.610753 0.14172 0.0484401
850 0.610753 0.15501 0.050383
851 0.610753 0.136911 0.0482103
852 0.610753 0.129661 0.0452844
853 0.610753 0.119845 0.0468664
854 0.610753 0.151736 0.0512758
855 0.610753 0.130696 0.0503637
856 0.610753 0.144925 0.0510112
857 0.610753 0.132065 0.0472807
858 0.610753 0.128246 0.0459174
859 0.610753 0.129451 0.0455177
860 0.610753 0.147741 0.0496293
861 0.610753 0.150844 0.0511464
862 0.610753 0.150802 0.0520295
863 0.610753 0.166486 0.0568535
864 0.610753 0.161038 0.0535685
865 0.610753 0.125592 0.0499234
866 0.610753 0.119738 0.0466759
867 0.610753 0.115845 0.0410965
868 0.610753 0.122416 0.0457218
869 0.610753 0.13783 0.0493418
870 0.610753 0.126441 0.0481068
871 0.610753 0.120593 0.0469984
872 0.610753 0.1308 0.0496876
873 0.610753 0.120169 0.0454144
874 0.610753 0.136065 0.0467731
875 0.610753 0.130316 0.0497285
876 0.610753 0.127596 0.0498493
877 0.610753 0.113305 0.0437969
878 0.610753 0.124237 0.0461058
879 0.610753 0.132114 0.0473534
880 0.610753 0.133 0.0489568
881 0.610753 0.146133 0.0539027
882 0.610753 0.143522 0.0483106
883 0.610753 0.164862 0.0554014
884 0.610753 0.147931 0.0501783
885 0.610753 0.176729 0.0548847
886 0.610753 0.161806 0.0492864
887 0.610753 0.142114 0.0465917
888 0.610753 0.156769 0.0522846
889 0.610753 0.124739 0.0491136
890 0.610753 0.134973 0.0494111
891 0.610753 0.163499 0.0500877
892 0.610753 0.154326 0.0481547
893 0.610753 0.131987 0.0467386
894 0.610753 0.13926 0.0475224
895 0.610753 0.142389 0.052475
896 0.610753 0.134438 0.0460402
897 0.610753 0.125534 0.0459319
898 0.610753 0.139325 0.0480238
899 0.610753 0.126599 0.0470043
900 0.610753 0.110495 0.0423514
901 0.610753 0.127074 0.0469377
902 0.610753 0.12952 0.0474765
903 0.610753 0.145219 0.0495403
904 0.610753 0.159256 0.0484963
905 0.610753 0.156473 0.0476626
906 0.610753 0.164006 0.0512979
907 0.610753 0.151207 0.0513387
908 0.610753 0.142318 0.0470191
909 0.610753 0.148826 0.0430228
910 0.610753 0.131357 0.0484044
911 0.610753 0.138228 0.0477478
912 0.610753 0.145652 0.0483453
913 0.610753 0.127127 0.0439575
914 0.610753 0.130584 0.0449138
915 0.610753 0.149606 0.0532336
916 0.610753 0.12239 0.0494895
917 0.610753 0.109143 0.0447223
918 0.610753 0.146082 0.0549179
919 0.610753 0.134863 0.049882
920 0.610753 0.138128 0.0479661
921 0.610753 0.141856 0.047925
922 0.610753 0.146859 0.0491619
923 0.610753 0.143948 0.0458111
924 0.610753 0.147482 0.0488303
925 0.610753 0.170825 0.0548938
926 0.610753 0.164115 0.0514936
927 0.610753 0.152754 0.0464539
928 0.610753 0.180821 0.0542334
929 0.610753 0.160379 0.0528983
930 0.610753 0.128384 0.0465541
931 0.610753 0.124361 0.0430965
932 0.610753 0.130569 0.0477869
933 0.610753 0.12441 0.0454583
934 0.610753 0.154921 0.0488405
935 0.610753 0.163733 0.0578873
936 0.610753 0.15191 0.053475
937 0.610753 0.149413 0.0526502
938 0.610753 0.142014 0.0503901
939 0.610753 0.14869 0.0530077
940 0.610753 0.158312 0.0531712
941 0.610753 0.140007 0.0483019
942 0.610753 0.137633 0.0444743
943 0.610753 0.132403 0.048395
944 0.610753 0.128755 0.047655
945 0.610753 0.145 0.0508004
946 0.610753 0.145753 0.047398
947 0.610753 0.127764 0.0452191
948 0.610753 0.149811 0.0498612
949 0.610753 0.116687 0.0431502
950 0.610753 0.102709 0.0395502
951 0.610753 0.120665 0.0458394
952 0.610753 0.141767 0.0466681
953 0.610753 0.138754 0.0479833
954 0.610753 0.112825 0.0433419
955 0.610753 0.120945 0.0425442
956 0.610753 0.130461 0.0468959
957 0.610753 0.128907 0.0463705
958 0.610753 0.12754 0.0458129
959 0.610753 0.141179 0.0513182
960 0.610753 0.136877 0.0496335
961 0.610753 0.134736 0.046065
962 0.610753 0.148269 0.0466239
963 0.610753 0.14627 0.0492946
964 0.610753 0.131974 0.0449766
965 0.610753 0.130619 0.0470882
966 0.610753 0.134595 0.0479676
967 0.610753 0.150205 0.0509014
968 0.610753 0.132675 0.0485733
969 0.610753 0.149156 0.0530882
970 0.610753 0.167885 0.0503533
971 0.610753 0.152007 0.0469541
972 0.610753 0.163648 0.0515623
973 0.610753 0.113493 0.0415685
974 0.610753 0.154544 0.0504916
975 0.610753 0.149548 0.052043
976 0.610753 0.141458 0.04801
977 0.610753 0.154161 0.0489024
978 0.610753 0.167493 0.0545663
979 0.610753 0.134456 0.0486899
980 0.610753 0.134524 0.0476781
981 0.610753 0.130925 0.0446338
982 0.610753 0.125042 0.045744
983 0.610753 0.127741 0.0413306
984 0.610753 0.143036 0.0462702
985 0.610753 0.148684 0.0505115
986 0.610753 0.15686 0.0494469
987 0.610753 0.162587 0.0529356
988 0.610753 0.155089 0.0533403
989 0.610753 0.172996 0.0555568
990 0.610753 0.149962 0.0476457
991 0.610753 0.194211 0.0629859
992 0.610753 0.164032 0.0547455
993 0.610753 0.132558 0.0442421
994 0.610753 0.140201 0.046161
995 0.610753 0.12731 0.044107
996 0.610753 0.109724 0.0417833
997 0.610753 0.131704 0.0469108
998 0.610753 0.145042 0.049365
999 0.610753 0.130152 0.0459667
1000 0.610753 0.155243 0.0538529
