0 0.125268 0.056418 0.00390188
1 0.12527 0.0667401 0.00389867
2 0.12527 0.0716587 0.00384002
3 0.12527 0.0751183 0.00379198
4 0.125275 0.0888723 0.00325629
5 0.125275 0.0877756 0.00329589
6 0.125275 0.0912094 0.00309407
7 0.125275 0.0953547 0.0028422
8 0.125275 0.100585 0.00245166
9 0.125275 0.102884 0.00228574
10 0.125276 0.100887 0.00240598
11 0.125276 0.103953 0.00221378
12 0.125276 0.115146 0.00116198
13 0.125276 0.110207 0.00165701
14 0.125276 0.110624 0.00158144
15 0.125276 0.111769 0.00147192
16 0.125276 0.11018 0.00166276
17 0.125276 0.113911 0.00129445
18 0.125278 0.110164 0.00166534
19 0.125278 0.112197 0.00142461
20 0.125532 0.115169 0.00115937
21 0.125532 0.115158 0.00116242
22 0.125532 0.119347 0.000663882
23 0.125532 0.121421 0.000457969
24 0.125532 0.116846 0.000937914
25 0.125532 0.119164 0.000693942
26 0.125532 0.118899 0.000751267
27 0.125532 0.116124 0.00101949
28 0.125532 0.11615 0.00102194
29 0.125532 0.116013 0.00100901
30 0.125532 0.116446 0.00101992
31 0.416572 0.122996 0.00169019
32 0.563115 0.125623 0.00387438
32 0.541407 0.0132371 0.00517971
33 0.541407 0.0210754 0.00769087
34 0.541407 0.0269338 0.0098729
35 0.541407 0.0469704 0.0156868
36 0.541407 0.0488096 0.017305
37 0.541407 0.0631382 0.0234942
38 0.541407 0.103743 0.0352818
39 0.541407 0.0929042 0.0334155
40 0.55744 0.0966197 0.0354941
41 0.565037 0.0971115 0.036988
42 0.565037 0.110219 0.0402819
43 0.565037 0.126536 0.0410038
44 0.565799 0.105338 0.0359381
45 0.565799 0.109597 0.0355945
46 0.565799 0.117126 0.0395729
47 0.565799 0.099823 0.0352915
48 0.565799 0.0999152 0.0354882
49 0.565799 0.10225 0.0356086
50 0.565799 0.137629 0.0435319
51 0.565799 0.108726 0.0380165
52 0.571641 0.123488 0.0410806
53 0.571641 0.122702 0.0405733
54 0.571641 0.140932 0.0424044
55 0.571641 0.126432 0.0438187
56 0.571641 0.136302 0.0403115
57 0.571641 0.133639 0.0415715
58 0.582544 0.1263 0.0421722
59 0.582544 0.149401 0.0458527
60 0.582544 0.158287 0.0460675
61 0.582544 0.135576 0.0438753
62 0.582544 0.127342 0.0394024
63 0.584525 0.140011 0.0453889
64 0.584525 0.121426 0.0407781
65 0.584525 0.16634 0.045346
66 0.584525 0.166348 0.0474594
67 0.584525 0.165722 0.0466011
68 0.584525 0.166642 0.0466819
69 0.584525 0.13846 0.0401805
70 0.584525 0.158991 0.0439123
71 0.584525 0.1775 0.0470001
72 0.584525 0.177512 0.0453903
73 0.584525 0.192617 0.048618
74 0.584525 0.156657 0.0433562
75 0.584525 0.179887 0.0497847
76 0.584525 0.164462 0.0452537
77 0.584525 0.119018 0.0413942
78 0.584525 0.120783 0.0398674
79 0.584525 0.151227 0.0472433
80 0.584525 0.139957 0.0420463
81 0.584525 0.157071 0.0457976
82 0.584525 0.169718 0.0466891
83 0.584525 0.150875 0.045606
84 0.584525 0.18085 0.0517635
85 0.584525 0.164555 0.0493754
86 0.584525 0.158104 0.049936
87 0.584525 0.158615 0.0456597
88 0.584525 0.15865 0.0439759
89 0.584525 0.146679 0.0405551
90 0.584525 0.182252 0.0495947
91 0.584558 0.192137 0.0539155
92 0.584558 0.169504 0.0496017
93 0.59143 0.161741 0.0490776
94 0.59143 0.159225 0.0500879
95 0.59143 0.170546 0.0484574
96 0.59143 0.195585 0.0542835
97 0.595658 0.151478 0.0477943
98 0.595658 0.178173 0.0504166
99 0.595658 0.166764 0.0472131
100 0.598409 0.196497 0.0538536
101 0.598409 0.158645 0.0496895
102 0.598409 0.152285 0.0444273
103 0.598409 0.174991 0.0507866
104 0.598409 0.163862 0.050265
105 0.598409 0.156691 0.0512974
106 0.598409 0.150775 0.0482603
107 0.598409 0.14655 0.0474101
108 0.598409 0.176772 0.0496162
109 0.598409 0.167989 0.0499601
110 0.598409 0.160688 0.0484472
111 0.598409 0.145273 0.0471633
112 0.60051 0.16936 0.0532723
113 0.60051 0.176362 0.052128
114 0.60051 0.209523 0.057617
115 0.60051 0.200185 0.0597398
116 0.60051 0.193628 0.0542926
117 0.60051 0.177378 0.0538996
118 0.60051 0.162172 0.0514166
119 0.60051 0.15217 0.0496475
120 0.60051 0.149104 0.0470324
121 0.60051 0.122254 0.0449194
122 0.60051 0.122862 0.04433
123 0.60051 0.144484 0.0463148
124 0.60051 0.160715 0.0527558
125 0.60051 0.139586 0.0484834
126 0.60298 0.160197 0.0515999
127 0.60298 0.161128 0.0535756
128 0.60298 0.191299 0.0523258
129 0.60298 0.197113 0.0510508
130 0.60298 0.161697 0.05034
131 0.60298 0.176683 0.0568477
132 0.60298 0.171334 0.0523638
133 0.60298 0.181136 0.0514925
134 0.60298 0.158803 0.0473954
135 0.60298 0.165855 0.0509477
136 0.60298 0.155418 0.0478853
137 0.60298 0.172115 0.0502969
138 0.60298 0.153179 0.0484516
139 0.60298 0.164443 0.047913
140 0.60298 0.18272 0.0538961
141 0.60298 0.175405 0.0494579
142 0.60298 0.162182 0.0514579
143 0.60298 0.197265 0.0518867
144 0.60298 0.185215 0.0547147
145 0.60298 0.176789 0.0538671
146 0.60298 0.161595 0.0474228
147 0.60298 0.200634 0.0531674
148 0.60298 0.172873 0.0467731
149 0.60298 0.181638 0.0485428
150 0.60298 0.15894 0.0468299
151 0.60298 0.19235 0.0529353
152 0.60298 0.183356 0.0452456
153 0.60298 0.178343 0.0515341
154 0.60298 0.182826 0.0523235
155 0.60298 0.194648 0.0553994
156 0.60298 0.169582 0.0477435
157 0.60298 0.137766 0.0432029
158 0.60298 0.133963 0.0462383
159 0.60298 0.146943 0.0486876
160 0.60298 0.138407 0.0485054
161 0.60298 0.159061 0.0462087
162 0.60298 0.151241 0.0442006
163 0.60298 0.130156 0.0440435
164 0.60298 0.144067 0.0455238
165 0.60298 0.153815 0.0485837
166 0.60298 0.163141 0.0530244
167 0.60298 0.153091 0.0455937
168 0.60298 0.150282 0.0484511
169 0.60298 0.134617 0.0454012
170 0.60298 0.139129 0.0445662
171 0.60298 0.157005 0.0489072
172 0.60298 0.178251 0.0499803
173 0.60298 0.151649 0.0494617
174 0.60298 0.159285 0.0478419
175 0.60298 0.163061 0.0486957
176 0.60298 0.163624 0.0473178
177 0.60298 0.170983 0.0503291
178 0.60298 0.168954 0.0496458
179 0.60298 0.180599 0.0556411
180 0.60298 0.177965 0.0503782
181 0.60298 0.176291 0.0483608
182 0.60298 0.161437 0.04723
183 0.60298 0.157321 0.0476543
184 0.60298 0.161596 0.0515673
185 0.60298 0.159123 0.0467132
186 0.60298 0.158231 0.0456422
187 0.60298 0.169031 0.0516259
188 0.60298 0.190828 0.0540577
189 0.603309 0.160134 0.0498731
190 0.603309 0.164882 0.0462016
191 0.603309 0.171567 0.0494224
192 0.603309 0.172467 0.0489883
193 0.603309 0.16471 0.0494392
194 0.603309 0.168722 0.0469186
195 0.603309 0.172943 0.0515024
196 0.603309 0.182617 0.0500479
197 0.603309 0.207561 0.0502414
198 0.603309 0.178853 0.0448289
199 0.603309 0.172969 0.0478246
200 0.603309 0.171068 0.0526894
201 0.603309 0.159579 0.0517059
202 0.603309 0.144893 0.0490674
203 0.603309 0.169526 0.0528016
204 0.603309 0.156083 0.0497506
205 0.603309 0.149249 0.0501548
206 0.603309 0.149068 0.0488852
207 0.603309 0.144776 0.0470906
208 0.603309 0.158459 0.0521034
209 0.603309 0.157039 0.0489156
210 0.603309 0.144078 0.0492421
211 0.603309 0.157208 0.0473305
212 0.603309 0.146202 0.0488636
213 0.603309 0.165129 0.0495697
214 0.603309 0.164909 0.0498534
215 0.603309 0.169776 0.0483673
216 0.603309 0.165836 0.0509267
217 0.603309 0.155286 0.0501464
218 0.603309 0.139823 0.0477051
219 0.603309 0.153261 0.0504021
220 0.603309 0.157938 0.050733
221 0.603309 0.160072 0.0568711
222 0.603309 0.158982 0.0506817
223 0.603309 0.162628 0.0535747
224 0.603309 0.196932 0.058187
225 0.603309 0.17611 0.0579654
226 0.603309 0.18306 0.0545239
227 0.603309 0.152557 0.0509578
228 0.603309 0.182523 0.0539901
229 0.6034 0.176545 0.0545667
230 0.6034 0.156019 0.0518208
231 0.6034 0.154227 0.0489254
232 0.6034 0.165575 0.0525866
233 0.6034 0.14367 0.0510553
234 0.6034 0.149335 0.0510267
235 0.6034 0.161491 0.0490195
236 0.6034 0.166477 0.0509539
237 0.6034 0.159109 0.0499422
238 0.6034 0.150239 0.044343
239 0.6034 0.159497 0.0489316
240 0.6034 0.15549 0.0490842
241 0.6034 0.159031 0.0472745
242 0.6034 0.145934 0.049453
243 0.6034 0.165405 0.0529189
244 0.6034 0.161153 0.0480939
245 0.6034 0.164081 0.0505162
246 0.6034 0.157747 0.0510707
247 0.6034 0.162131 0.0509156
248 0.6034 0.141766 0.0475818
249 0.6034 0.150891 0.0504588
250 0.6034 0.156812 0.0456983
251 0.6034 0.190026 0.056838
252 0.6034 0.191338 0.0519627
253 0.6034 0.181826 0.0520442
254 0.6034 0.182509 0.0538293
255 0.6034 0.154619 0.0486418
256 0.6034 0.149854 0.0476544
257 0.6034 0.156012 0.0472981
258 0.6034 0.156057 0.0492272
259 0.6034 0.171988 0.0524728
260 0.6034 0.161958 0.0531172
261 0.6034 0.198053 0.0546237
262 0.6034 0.207563 0.0529202
263 0.6034 0.208362 0.0550635
264 0.6034 0.172306 0.0518836
265 0.6034 0.172709 0.0501765
266 0.6034 0.184839 0.0571352
267 0.6034 0.161581 0.0535093
268 0.6034 0.155378 0.0478474
269 0.6034 0.149523 0.0480528
270 0.6034 0.148358 0.0469809
271 0.6034 0.158922 0.0502868
272 0.6034 0.170408 0.0520657
273 0.6034 0.148883 0.0533878
274 0.6034 0.14322 0.0532744
275 0.6034 0.149901 0.0529854
276 0.6034 0.145761 0.0525916
277 0.6034 0.133966 0.0488681
278 0.6034 0.149851 0.0495635
279 0.6034 0.143492 0.0503512
280 0.6034 0.126655 0.0477679
281 0.6034 0.141536 0.0539158
282 0.6034 0.142435 0.053588
283 0.6034 0.118826 0.0425376
284 0.6034 0.149549 0.0494055
285 0.60362 0.163849 0.0559288
286 0.60362 0.142443 0.048387
287 0.60362 0.156843 0.0504847
288 0.60362 0.183329 0.0529239
289 0.60362 0.152111 0.0513233
290 0.60362 0.1573 0.0499457
291 0.60362 0.172256 0.0511147
292 0.60362 0.182769 0.0522425
293 0.60362 0.195227 0.0481533
294 0.60362 0.198755 0.049031
295 0.60362 0.196445 0.0510707
296 0.60362 0.195567 0.0497809
297 0.60362 0.173481 0.0534458
298 0.60362 0.178734 0.0498099
299 0.60362 0.190312 0.053634
300 0.60362 0.134991 0.0433205
301 0.60362 0.150877 0.052809
302 0.60362 0.153445 0.0533578
303 0.60362 0.124879 0.0424777
304 0.60362 0.151539 0.0470981
305 0.60362 0.171758 0.0526751
306 0.60362 0.165327 0.052021
307 0.60362 0.16528 0.0536153
308 0.60362 0.151426 0.0467787
309 0.60362 0.175652 0.0514454
310 0.60362 0.163388 0.0506007
311 0.60362 0.149898 0.0513663
312 0.60362 0.170035 0.0576418
313 0.60362 0.154402 0.048416
314 0.60362 0.163948 0.0488342
315 0.60362 0.139815 0.0522065
316 0.60362 0.141883 0.0514169
317 0.60362 0.131845 0.0486468
318 0.60362 0.13195 0.0456772
319 0.60362 0.134109 0.0477584
320 0.603624 0.132778 0.0469966
321 0.603624 0.145778 0.0506031
322 0.603624 0.135879 0.050443
323 0.603952 0.13928 0.049908
324 0.603952 0.138546 0.0494731
325 0.603952 0.146053 0.0507686
326 0.603952 0.161095 0.0535045
327 0.603952 0.14606 0.049295
328 0.603952 0.14971 0.0536017
329 0.603952 0.143317 0.0518085
330 0.603952 0.164681 0.05292
331 0.603952 0.155126 0.050514
332 0.603952 0.169727 0.0552772
333 0.603952 0.170157 0.0548151
334 0.603952 0.191639 0.0553748
335 0.603952 0.164319 0.0503394
336 0.603952 0.1656 0.0514416
337 0.603952 0.197215 0.0566884
338 0.603952 0.178201 0.0547521
339 0.603952 0.165465 0.0531189
340 0.603952 0.170915 0.0525839
341 0.603952 0.167493 0.0545201
342 0.604238 0.183606 0.0558834
343 0.604238 0.177768 0.0503423
344 0.604238 0.158662 0.0513242
345 0.604238 0.152458 0.0518337
346 0.604238 0.178573 0.0535493
347 0.604238 0.173878 0.0528055
348 0.604238 0.171656 0.0563486
349 0.604238 0.155363 0.0494586
350 0.604238 0.170902 0.0506142
351 0.604238 0.178565 0.0538473
352 0.604238 0.148445 0.0455617
353 0.604238 0.163789 0.050679
354 0.604238 0.20378 0.053771
355 0.604238 0.214517 0.0546665
356 0.604238 0.213605 0.0525498
357 0.604238 0.18762 0.0489827
358 0.604238 0.156288 0.0467704
359 0.604238 0.141806 0.0431559
360 0.604238 0.181317 0.0519538
361 0.604238 0.183121 0.0507258
362 0.604238 0.145621 0.0473783
363 0.604238 0.196186 0.0526597
364 0.604238 0.192514 0.0554395
365 0.604238 0.178328 0.0547946
366 0.604238 0.150949 0.048631
367 0.604238 0.15554 0.0473528
368 0.604238 0.20825 0.0548855
369 0.604238 0.197182 0.0562406
370 0.604238 0.166367 0.0502954
371 0.604238 0.153634 0.0468422
372 0.604238 0.164847 0.0473573
373 0.604238 0.174881 0.0529749
374 0.604238 0.160646 0.0529996
375 0.604238 0.186303 0.0567906
376 0.604238 0.167585 0.047413
377 0.604238 0.181128 0.0522947
378 0.604238 0.167985 0.0482667
379 0.604238 0.197021 0.0503746
380 0.604238 0.156578 0.0473086
381 0.604238 0.173544 0.0529026
382 0.604238 0.165665 0.0526939
383 0.604238 0.189924 0.0514808
384 0.604238 0.199469 0.0528013
385 0.604238 0.176679 0.0557067
386 0.604238 0.163787 0.0501518
387 0.604238 0.172758 0.055157
388 0.604238 0.139132 0.0461146
389 0.604238 0.157865 0.0504818
390 0.604238 0.165694 0.0500587
391 0.604238 0.156549 0.0518773
392 0.604238 0.150177 0.0502421
393 0.604238 0.171219 0.0534421
394 0.604238 0.174732 0.0553792
395 0.604238 0.171946 0.0514872
396 0.604238 0.176262 0.0484763
397 0.604238 0.16862 0.0517237
398 0.604238 0.185106 0.0561563
399 0.604238 0.220565 0.0536612
400 0.604238 0.200862 0.0547915
401 0.604238 0.164177 0.0503895
402 0.604238 0.153642 0.0508774
403 0.604238 0.152851 0.0521979
404 0.604238 0.123969 0.0431735
405 0.604238 0.132522 0.0446768
406 0.604238 0.135713 0.0438311
407 0.604238 0.162824 0.0518895
408 0.604238 0.146105 0.0478009
409 0.604238 0.143925 0.0478801
410 0.604238 0.147422 0.0494733
411 0.604238 0.182874 0.0567377
412 0.604238 0.151561 0.045352
413 0.604238 0.163841 0.0498479
414 0.604238 0.168745 0.0483954
415 0.604238 0.145692 0.0474764
416 0.604238 0.138526 0.0487943
417 0.604238 0.148091 0.0479221
418 0.604238 0.145104 0.0446959
419 0.604238 0.152791 0.0499095
420 0.604238 0.139907 0.0451688
421 0.604238 0.147663 0.0511651
422 0.604238 0.150124 0.050487
423 0.604238 0.170423 0.0533272
424 0.604238 0.142444 0.0489575
425 0.604238 0.122469 0.0432139
426 0.604238 0.146355 0.0493729
427 0.604238 0.142841 0.0509351
428 0.604238 0.157403 0.0534216
429 0.604238 0.138505 0.048408
430 0.604238 0.12615 0.0441177
431 0.604238 0.130951 0.0431429
432 0.604238 0.15718 0.0477745
433 0.604238 0.161791 0.0481621
434 0.604238 0.170031 0.0528294
435 0.604238 0.186248 0.0545469
436 0.604238 0.165536 0.0499107
437 0.604238 0.169595 0.0514925
438 0.604238 0.14639 0.0515826
439 0.604238 0.167967 0.0495562
440 0.604238 0.138891 0.0491389
441 0.604238 0.148936 0.0501067
442 0.604238 0.134791 0.0485196
443 0.604238 0.139899 0.0496351
444 0.604238 0.149392 0.0479182
445 0.604238 0.14986 0.0466926
446 0.604238 0.139217 0.0452681
447 0.604238 0.139112 0.0458557
448 0.604238 0.147686 0.0498744
449 0.604238 0.135929 0.0462921
450 0.604238 0.155272 0.0499097
451 0.604238 0.138778 0.0470811
452 0.604238 0.158096 0.0455727
453 0.604238 0.134831 0.0458105
454 0.604238 0.138607 0.0469677
455 0.604238 0.134554 0.0466276
456 0.604238 0.142436 0.0441054
457 0.604238 0.135565 0.0438612
458 0.604238 0.13085 0.0455253
459 0.604238 0.152929 0.0540966
460 0.604238 0.159884 0.0503428
461 0.604238 0.155373 0.0500501
462 0.604238 0.167704 0.0531365
463 0.604238 0.163567 0.0521549
464 0.604238 0.164528 0.0500081
465 0.604238 0.18785 0.0532932
466 0.604238 0.161612 0.0492434
467 0.604238 0.147927 0.0433848
468 0.604238 0.159463 0.0492792
469 0.604238 0.152114 0.0510808
470 0.604238 0.19744 0.0564044
471 0.604238 0.189796 0.053693
472 0.604238 0.201626 0.0537772
473 0.604238 0.222442 0.0561262
474 0.604238 0.166206 0.0493462
475 0.604238 0.179012 0.0491073
476 0.604238 0.188935 0.0569644
477 0.604238 0.186665 0.05396
478 0.604238 0.193555 0.0522127
479 0.604238 0.17502 0.0514206
480 0.604238 0.163611 0.047777
481 0.604238 0.15623 0.0482374
482 0.604238 0.164341 0.0505325
483 0.604238 0.15322 0.0496063
484 0.604238 0.183605 0.055601
485 0.604238 0.186758 0.0502968
486 0.604238 0.208228 0.0504655
487 0.604238 0.213558 0.0543287
488 0.604238 0.192073 0.0518779
489 0.604238 0.157154 0.0476884
490 0.604238 0.160543 0.0491623
491 0.604238 0.178896 0.0517027
492 0.604238 0.170627 0.0537933
493 0.604238 0.179312 0.0538087
494 0.604238 0.195824 0.0539752
495 0.604238 0.145778 0.0483122
496 0.604238 0.15791 0.0510435
497 0.604238 0.162053 0.0571355
498 0.604238 0.189336 0.0545275
499 0.604238 0.161252 0.0490956
500 0.604238 0.14606 0.0488818
501 0.604238 0.175252 0.0557237
502 0.604238 0.192823 0.0524741
503 0.604238 0.167126 0.0489428
504 0.604238 0.155336 0.0531064
505 0.604238 0.141596 0.049292
506 0.604238 0.157644 0.0487588
507 0.604238 0.139117 0.046134
508 0.604238 0.137152 0.0507964
509 0.604238 0.160352 0.055566
510 0.604238 0.14947 0.0524689
511 0.604238 0.15595 0.0548728
512 0.604238 0.150591 0.0505584
513 0.604238 0.143709 0.0522079
514 0.604238 0.134414 0.0465022
515 0.604238 0.143255 0.0479033
516 0.604238 0.12669 0.0447575
517 0.604238 0.12678 0.0465259
518 0.604238 0.130192 0.0435414
519 0.604238 0.137495 0.0494496
520 0.604238 0.147248 0.0529278
521 0.604238 0.131815 0.0491573
522 0.604238 0.12857 0.0477906
523 0.604238 0.150329 0.0526391
524 0.604238 0.134265 0.0493286
525 0.604238 0.1641 0.0523558
526 0.604238 0.165122 0.0545537
527 0.604238 0.159909 0.0510789
528 0.604238 0.187576 0.0552914
529 0.604238 0.1611 0.0517163
530 0.604238 0.1657 0.0528079
531 0.604238 0.143718 0.049547
532 0.604238 0.164278 0.0511608
533 0.604238 0.166796 0.0545521
534 0.604238 0.163873 0.0550426
535 0.604238 0.145266 0.0457525
536 0.604238 0.135827 0.052838
537 0.604238 0.18114 0.0512786
538 0.604238 0.166396 0.0499179
539 0.604238 0.159167 0.0471713
540 0.604238 0.154402 0.0536666
541 0.604238 0.148528 0.050421
542 0.604238 0.150648 0.0522079
543 0.604238 0.156653 0.0536723
544 0.604238 0.153868 0.0492033
545 0.604238 0.164224 0.051044
546 0.604238 0.126625 0.0447077
547 0.604238 0.156334 0.0513156
548 0.604238 0.176112 0.0497164
549 0.604238 0.196401 0.0516871
550 0.604238 0.185759 0.0544771
551 0.604238 0.187896 0.0518055
552 0.604238 0.152157 0.0477601
553 0.604238 0.163151 0.0501722
554 0.604238 0.165789 0.0507751
555 0.604238 0.161085 0.0524656
556 0.604238 0.133036 0.0467014
557 0.604238 0.133285 0.0503934
558 0.604238 0.161285 0.0554009
559 0.604238 0.160772 0.0501757
560 0.604238 0.152693 0.049313
561 0.604238 0.174802 0.049307
562 0.604238 0.149502 0.0486844
563 0.604238 0.167116 0.0465799
564 0.604238 0.140784 0.0453658
565 0.604238 0.157027 0.0488419
566 0.604238 0.148103 0.047012
567 0.604238 0.167864 0.0510105
568 0.604238 0.1658 0.0499799
569 0.604238 0.151938 0.0482027
570 0.604238 0.158025 0.0497365
571 0.604238 0.13045 0.047293
572 0.604238 0.143168 0.0487988
573 0.604238 0.154604 0.051962
574 0.604238 0.155718 0.0499392
575 0.604238 0.157308 0.0490627
576 0.604238 0.159735 0.0518365
577 0.604238 0.154756 0.0485067
578 0.604238 0.146995 0.0498539
579 0.604238 0.174382 0.055391
580 0.604238 0.170636 0.0530397
581 0.604238 0.16443 0.0512424
582 0.604238 0.179988 0.054154
583 0.604238 0.158805 0.05366
584 0.604238 0.13964 0.0467084
585 0.604238 0.182668 0.052372
586 0.604238 0.176932 0.0525009
587 0.604238 0.171234 0.0513324
588 0.604238 0.197121 0.0500751
589 0.604238 0.208809 0.0533013
590 0.604238 0.177874 0.046532
591 0.604238 0.166962 0.0468297
592 0.604238 0.176429 0.0519042
593 0.604238 0.159767 0.0501335
594 0.604238 0.168958 0.0499003
595 0.604238 0.163753 0.0490192
596 0.604238 0.153815 0.0504391
597 0.604238 0.188095 0.0559782
598 0.604238 0.180409 0.0507085
599 0.604238 0.195447 0.0527359
600 0.604238 0.183031 0.0529714
601 0.604238 0.196524 0.0530412
602 0.604238 0.187888 0.0569809
603 0.604238 0.151724 0.052567
604 0.604238 0.175746 0.055531
605 0.604238 0.170472 0.0527452
606 0.604238 0.171172 0.0492723
607 0.604238 0.152366 0.0488462
608 0.604238 0.15301 0.0460358
609 0.604238 0.161836 0.0482098
610 0.604238 0.175569 0.0521449
611 0.604238 0.157755 0.0505071
612 0.604238 0.164882 0.0497057
613 0.604238 0.138612 0.0483028
614 0.604238 0.171237 0.0563086
615 0.604238 0.168157 0.0561945
616 0.604238 0.18427 0.0559629
617 0.604238 0.138405 0.0496186
618 0.604238 0.128248 0.0454901
619 0.604238 0.131654 0.0433247
620 0.604238 0.164073 0.0561966
621 0.604238 0.152523 0.0529396
622 0.604238 0.164986 0.0509214
623 0.604238 0.142396 0.0477357
624 0.604238 0.131832 0.0490355
625 0.604238 0.131104 0.0498237
626 0.604238 0.151447 0.0507544
627 0.604238 0.164163 0.0525976
628 0.604238 0.159287 0.0529838
629 0.604238 0.151066 0.0529676
630 0.604238 0.17638 0.0556748
631 0.604238 0.15795 0.0512237
632 0.604238 0.164675 0.0524034
633 0.604238 0.148141 0.0545825
634 0.604238 0.171044 0.0566978
635 0.604238 0.193055 0.0569771
636 0.604238 0.182568 0.0555817
637 0.604238 0.184229 0.0541759
638 0.604238 0.148763 0.0476229
639 0.604238 0.17779 0.0528447
640 0.604238 0.165567 0.0506235
641 0.604238 0.157606 0.049432
642 0.604238 0.155354 0.0517914
643 0.604238 0.136238 0.0481112
644 0.604238 0.153866 0.0531187
645 0.604238 0.146042 0.0509442
646 0.604238 0.14931 0.0505
647 0.604238 0.148309 0.0460102
648 0.604238 0.14613 0.0468484
649 0.604238 0.147935 0.0467469
650 0.604238 0.157915 0.0520926
651 0.604238 0.128038 0.0469425
652 0.604238 0.148448 0.0539511
653 0.604238 0.148347 0.0476069
654 0.604238 0.148631 0.0463033
655 0.604238 0.146154 0.0468858
656 0.604238 0.167454 0.0521661
657 0.604238 0.157402 0.0480453
658 0.604238 0.161916 0.0483599
659 0.604238 0.159741 0.0512589
660 0.604238 0.15271 0.0517217
661 0.604238 0.13737 0.0457948
662 0.604238 0.15449 0.0482718
663 0.604238 0.154296 0.0472309
664 0.604238 0.158547 0.0498765
665 0.604238 0.18585 0.0490383
666 0.604238 0.182688 0.0511332
667 0.604238 0.146608 0.0445516
668 0.604238 0.133392 0.0466017
669 0.604238 0.181523 0.0568614
670 0.604238 0.164381 0.0514254
671 0.604238 0.17037 0.0525012
672 0.604238 0.168148 0.0563892
673 0.604238 0.147429 0.0540131
674 0.604238 0.148794 0.052384
675 0.604238 0.169295 0.0552283
676 0.604238 0.157355 0.0526493
677 0.604238 0.168714 0.0565571
678 0.604238 0.156376 0.0526969
679 0.604238 0.160499 0.0484005
680 0.604238 0.157318 0.0498423
681 0.604238 0.165167 0.0520455
682 0.604238 0.153445 0.0528679
683 0.604238 0.16605 0.0528286
684 0.604238 0.17239 0.0505981
685 0.604238 0.179843 0.0500785
686 0.604238 0.162841 0.0477967
687 0.604238 0.144755 0.0512771
688 0.604238 0.127126 0.0458515
689 0.607141 0.144912 0.0494153
690 0.607141 0.167217 0.0498206
691 0.607141 0.157418 0.0490457
692 0.607141 0.163985 0.0515834
693 0.607141 0.153865 0.0503435
694 0.607141 0.154603 0.0513768
695 0.607141 0.143391 0.0468866
696 0.607141 0.140017 0.049106
697 0.607141 0.168748 0.0564479
698 0.607141 0.152226 0.05117
699 0.607141 0.194175 0.057551
700 0.607141 0.1341 0.0470005
701 0.607141 0.174562 0.0533533
702 0.607141 0.163405 0.0552868
703 0.607141 0.147228 0.049587
704 0.607141 0.145849 0.0503407
705 0.607141 0.15377 0.0521534
706 0.607141 0.163807 0.0577088
707 0.607141 0.172576 0.052021
708 0.607141 0.17287 0.0488199
709 0.607141 0.184497 0.0515291
710 0.607141 0.173875 0.0518129
711 0.607141 0.119048 0.0428668
712 0.607141 0.145401 0.0481531
713 0.607141 0.148557 0.0519521
714 0.607141 0.124013 0.0464031
715 0.607141 0.162998 0.0490922
716 0.607141 0.165803 0.0520664
717 0.607141 0.167701 0.0561812
718 0.607141 0.148626 0.0508818
719 0.607141 0.143857 0.0487355
720 0.607141 0.142949 0.0502554
721 0.607141 0.180941 0.0564942
722 0.607141 0.194242 0.0540127
723 0.607141 0.185031 0.0566523
724 0.607141 0.156207 0.0538635
725 0.607141 0.161568 0.048555
726 0.607141 0.168227 0.0499328
727 0.607141 0.189013 0.0514299
728 0.607141 0.186928 0.0477265
729 0.607141 0.156175 0.0448611
730 0.607141 0.165882 0.0461026
731 0.607141 0.147474 0.0437339
732 0.607141 0.157362 0.0454321
733 0.607141 0.182448 0.0544598
734 0.607141 0.161457 0.0496633
735 0.607141 0.157017 0.0460398
736 0.607141 0.149087 0.047615
737 0.607141 0.163762 0.0492857
738 0.607141 0.159419 0.0500416
739 0.607141 0.169565 0.049816
740 0.607141 0.167531 0.0487789
741 0.607141 0.16016 0.0477873
742 0.607141 0.165167 0.0508375
743 0.607141 0.149309 0.0460455
744 0.607141 0.146871 0.0448635
745 0.607141 0.139778 0.0450638
746 0.607141 0.152111 0.0467175
747 0.607141 0.146724 0.0469067
748 0.607141 0.132655 0.0448764
749 0.607141 0.160389 0.0494387
750 0.607141 0.149061 0.0495668
751 0.607141 0.148505 0.0458014
752 0.607141 0.161745 0.0498327
753 0.607141 0.170352 0.0492296
754 0.607141 0.181729 0.0532966
755 0.607141 0.197456 0.0510577
756 0.607141 0.179111 0.0517462
757 0.607141 0.171292 0.0533203
758 0.607141 0.175401 0.0491132
759 0.607141 0.18823 0.0523821
760 0.607141 0.163189 0.0494352
761 0.607141 0.162476 0.0517631
762 0.607141 0.151104 0.0528893
763 0.607141 0.146995 0.0484621
764 0.607141 0.166545 0.0572008
765 0.607141 0.166296 0.0536256
766 0.607141 0.159617 0.0511987
767 0.607141 0.145405 0.0460597
768 0.607141 0.171418 0.0506363
769 0.607141 0.146906 0.0475326
770 0.607141 0.162825 0.0513885
771 0.607141 0.164383 0.0516925
772 0.607141 0.167896 0.0510378
773 0.607141 0.127454 0.0412631
774 0.607141 0.14134 0.0446895
775 0.607272 0.147413 0.0504367
776 0.607272 0.17465 0.0533803
777 0.607272 0.153684 0.0525318
778 0.607272 0.159376 0.0523541
779 0.607272 0.160673 0.0535422
780 0.60756 0.167306 0.0529743
781 0.60756 0.179048 0.0567197
782 0.60756 0.170549 0.0504604
783 0.60756 0.165509 0.0506729
784 0.60756 0.159204 0.0502348
785 0.60756 0.172195 0.0523942
786 0.60756 0.157754 0.0491579
787 0.60756 0.173982 0.0529575
788 0.60756 0.147784 0.0474606
789 0.60756 0.143765 0.045462
790 0.60756 0.137138 0.0434522
791 0.609677 0.159611 0.0496706
792 0.609677 0.134617 0.044512
793 0.609677 0.162528 0.049057
794 0.609677 0.153838 0.047226
795 0.609677 0.171049 0.0526995
796 0.609677 0.175879 0.0521255
797 0.609677 0.14354 0.0455794
798 0.609677 0.159616 0.0501117
799 0.609677 0.165363 0.0544301
800 0.609677 0.195623 0.0620434
801 0.609677 0.154573 0.0544979
802 0.609677 0.155188 0.049811
803 0.609677 0.137034 0.0451568
804 0.609922 0.169456 0.0542402
805 0.609922 0.169463 0.0518597
806 0.609922 0.171871 0.0536545
807 0.609922 0.16191 0.0544496
808 0.609922 0.133847 0.0476059
809 0.609922 0.140291 0.0477779
810 0.61189 0.163896 0.0523335
811 0.61189 0.152084 0.0516103
812 0.61189 0.137043 0.0473581
813 0.61189 0.165432 0.0522233
814 0.61189 0.184135 0.0545
815 0.61189 0.183839 0.0526749
816 0.61189 0.188229 0.0508375
817 0.61189 0.177079 0.0534682
818 0.61189 0.204649 0.0560628
819 0.61189 0.200993 0.0582882
820 0.61189 0.195793 0.0572219
821 0.61189 0.159315 0.0540805
822 0.61189 0.153055 0.0548674
823 0.61189 0.168281 0.0510641
824 0.61189 0.158425 0.0541069
825 0.61189 0.160406 0.0500101
826 0.612554 0.187933 0.0597815
827 0.612554 0.182198 0.0558865
828 0.612554 0.159304 0.0507543
829 0.612554 0.183945 0.0577437
830 0.612554 0.19719 0.054923
831 0.612554 0.179774 0.0551155
832 0.612554 0.184052 0.0574355
833 0.612554 0.178061 0.0523407
834 0.612554 0.211316 0.0593176
835 0.612554 0.218658 0.0563294
836 0.612554 0.207568 0.0574635
837 0.612554 0.187665 0.0549481
838 0.612554 0.176866 0.0542451
839 0.612554 0.154651 0.053543
840 0.612554 0.137386 0.0498397
841 0.612554 0.147346 0.0467459
842 0.612554 0.149035 0.0481255
843 0.612554 0.152274 0.0533159
844 0.612554 0.13245 0.0494548
845 0.612554 0.176212 0.0496509
846 0.612554 0.171144 0.0506132
847 0.612554 0.145413 0.0481753
848 0.612554 0.150303 0.0463757
849 0.612554 0.153506 0.0450213
850 0.612554 0.165345 0.046476
851 0.612554 0.176461 0.0497632
852 0.612554 0.169094 0.0563448
853 0.612554 0.174482 0.0556419
854 0.612554 0.174273 0.0530899
855 0.612554 0.170684 0.051076
856 0.612554 0.158277 0.0502724
857 0.612554 0.157128 0.0525766
858 0.612554 0.152468 0.0506626
859 0.612554 0.153961 0.052831
860 0.612554 0.151867 0.052099
861 0.612554 0.168019 0.0572353
862 0.612554 0.164858 0.0509367
863 0.612554 0.163856 0.048066
864 0.612554 0.147185 0.0480073
865 0.612554 0.140679 0.0445991
866 0.612554 0.177067 0.0534515
867 0.612554 0.17429 0.0505285
868 0.612554 0.183069 0.0528469
869 0.612554 0.190153 0.0473821
870 0.612554 0.192547 0.0509065
871 0.612554 0.183288 0.0532227
872 0.612554 0.160851 0.048811
873 0.612554 0.197243 0.0537671
874 0.612554 0.196079 0.0546071
875 0.612554 0.204949 0.0538216
876 0.612554 0.182484 0.0515609
877 0.612554 0.182098 0.0540115
878 0.612554 0.168014 0.0508337
879 0.612554 0.183032 0.0534438
880 0.612554 0.17938 0.0498114
881 0.612554 0.19618 0.0507224
882 0.612554 0.201553 0.0571954
883 0.612554 0.186269 0.054991
884 0.612554 0.19657 0.0535324
885 0.612554 0.166475 0.049031
886 0.612554 0.157952 0.0474047
887 0.612554 0.168422 0.0503973
888 0.612554 0.158613 0.048976
889 0.612554 0.175454 0.0552685
890 0.612554 0.133547 0.0475801
891 0.612554 0.143181 0.0493052
892 0.612554 0.140499 0.0491797
893 0.612554 0.127123 0.0444927
894 0.612554 0.157219 0.0519986
895 0.612554 0.133354 0.0501939
896 0.612554 0.13065 0.0474321
897 0.612554 0.151393 0.0482077
898 0.612554 0.141587 0.0483801
899 0.612554 0.159951 0.0501977
900 0.612554 0.14809 0.048073
901 0.612554 0.119119 0.0455458
902 0.612554 0.130326 0.0471462
903 0.612554 0.13021 0.0449943
904 0.612554 0.160447 0.0538066
905 0.612554 0.157676 0.0559031
906 0.612554 0.138285 0.0511689
907 0.612554 0.111515 0.0412125
908 0.612554 0.139221 0.0540735
909 0.612554 0.140407 0.0521416
910 0.612554 0.140869 0.0515931
911 0.612554 0.140057 0.0480936
912 0.612554 0.139103 0.0514441
913 0.612554 0.142789 0.0502693
914 0.612554 0.147781 0.0492513
915 0.612554 0.144762 0.0510833
916 0.612554 0.149535 0.0526383
917 0.612554 0.153697 0.0491584
918 0.612554 0.162287 0.0520533
919 0.612554 0.137242 0.0454589
920 0.612554 0.163131 0.0496897
921 0.612554 0.158062 0.0496465
922 0.612554 0.182302 0.0593668
923 0.612554 0.181891 0.0550883
924 0.612554 0.164276 0.0527167
925 0.612554 0.155293 0.04828
926 0.612554 0.145738 0.0472567
927 0.612554 0.166837 0.0525839
928 0.612554 0.171886 0.0524027
929 0.612554 0.154626 0.050572
930 0.612554 0.167545 0.0554596
931 0.612554 0.180176 0.0563621
932 0.612554 0.182087 0.0513378
933 0.612554 0.168169 0.0479537
934 0.612554 0.171033 0.0498685
935 0.612554 0.165119 0.0509837
936 0.612554 0.153461 0.0472014
937 0.612554 0.167231 0.0546817
938 0.612554 0.155708 0.0544721
939 0.612554 0.140997 0.0498393
940 0.612554 0.172117 0.0588215
941 0.612554 0.175257 0.0545734
942 0.612554 0.163056 0.0489363
943 0.612554 0.165251 0.0553542
944 0.612554 0.158319 0.0529151
945 0.612554 0.179184 0.054487
946 0.612554 0.168411 0.0514942
947 0.612554 0.189429 0.0543554
948 0.612554 0.192729 0.0547369
949 0.612554 0.17071 0.0537148
950 0.612554 0.169346 0.051106
951 0.612554 0.168944 0.0524575
952 0.612554 0.170571 0.0502792
953 0.612554 0.161084 0.0477847
954 0.612554 0.142928 0.0493066
955 0.612554 0.140411 0.0499855
956 0.612554 0.170258 0.0534325
957 0.612554 0.150822 0.0481773
958 0.612554 0.134509 0.045169
959 0.612554 0.149143 0.0501895
960 0.612554 0.147656 0.0465183
961 0.612554 0.151066 0.0493399
962 0.612554 0.150059 0.0482932
963 0.612554 0.138917 0.0509646
964 0.612554 0.156047 0.0551635
965 0.612554 0.15348 0.0505243
966 0.612554 0.164734 0.0539978
967 0.612554 0.145577 0.0489259
968 0.612554 0.153244 0.052689
969 0.612554 0.155811 0.0495009
970 0.612554 0.165211 0.0526665
971 0.612554 0.149152 0.0500972
972 0.612554 0.182852 0.0492582
973 0.612554 0.194772 0.0515747
974 0.612554 0.188512 0.0542542
975 0.612554 0.203051 0.0591167
976 0.612554 0.193648 0.0538359
977 0.612554 0.181134 0.054897
978 0.612554 0.184504 0.0526506
979 0.612554 0.191606 0.0496009
980 0.612554 0.168399 0.0490078
981 0.612554 0.173809 0.0549192
982 0.612554 0.189347 0.0554815
983 0.612554 0.146792 0.0490729
984 0.612554 0.169491 0.0518847
985 0.612554 0.152981 0.0496377
986 0.612554 0.16197 0.0527737
987 0.612554 0.171414 0.0539232
988 0.612554 0.165004 0.0528657
989 0.612554 0.16692 0.0540355
990 0.612554 0.178351 0.053659
991 0.612554 0.181818 0.0584555
992 0.612554 0.175476 0.0570135
993 0.612554 0.164011 0.0526381
994 0.612554 0.164845 0.0527491
995 0.612554 0.195503 0.0580076
996 0.612554 0.166364 0.0510466
997 0.612554 0.157708 0.0499465
998 0.612554 0.165204 0.0536458
999 0.612554 0.18188 0.0564976
1000 0.612554 0.189352 0.0544761
