0 0.125588 0.0640755 0.00392047
1 0.126775 0.0715526 0.00384941
2 0.126775 0.0726885 0.0038383
3 0.126775 0.0776528 0.00371857
4 0.126775 0.089531 0.00315646
5 0.126775 0.0881706 0.00315798
6 0.386661 0.0924822 0.00399889
7 0.396374 0.0973247 0.00478333
8 0.396374 0.10508 0.00637316
9 0.425921 0.111861 0.00775006
10 0.425921 0.11085 0.00877807
11 0.432898 0.115023 0.0112575
12 0.432898 0.134663 0.0133284
13 0.432898 0.148964 0.0149086
14 0.444744 0.13145 0.013369
15 0.444744 0.138058 0.0149373
16 0.500456 0.139781 0.0168497
16 0.510496 0.0707052 0.0245302
17 0.510496 0.0760075 0.0279923
18 0.510496 0.0861926 0.0304437
19 0.510496 0.0893885 0.0319924
20 0.525829 0.113555 0.0373827
21 0.525829 0.0986267 0.0328454
22 0.525829 0.101847 0.0334713
23 0.525829 0.124407 0.0394136
24 0.525829 0.120814 0.0386101
25 0.525829 0.11654 0.036436
26 0.526014 0.124326 0.0379494
27 0.526014 0.133504 0.0402208
28 0.526014 0.156385 0.0424082
29 0.526014 0.148009 0.0440062
30 0.535366 0.16052 0.0456565
31 0.535366 0.145659 0.0381608
32 0.535366 0.152095 0.0407081
33 0.547461 0.162139 0.0446436
34 0.547461 0.147655 0.0440845
35 0.547461 0.184401 0.0487701
36 0.547461 0.179844 0.0453851
37 0.547461 0.168727 0.0432091
38 0.547461 0.144861 0.0434969
39 0.548106 0.168603 0.0478374
40 0.548106 0.169977 0.0464432
41 0.548106 0.162932 0.0460572
42 0.548106 0.188578 0.0440932
43 0.548106 0.166689 0.0449661
44 0.548106 0.192373 0.0488069
45 0.548106 0.200355 0.0499828
46 0.548106 0.15611 0.0445434
47 0.548106 0.150954 0.0457144
48 0.548106 0.144329 0.0421824
49 0.548106 0.150765 0.0412373
50 0.548106 0.153556 0.043249
51 0.548106 0.14073 0.0413337
52 0.548106 0.160788 0.0429969
53 0.548106 0.15149 0.0404984
54 0.548106 0.169269 0.0450968
55 0.55081 0.175084 0.0469753
56 0.55081 0.166071 0.0459818
57 0.55081 0.169854 0.0449885
58 0.55081 0.199854 0.048041
59 0.551085 0.16409 0.0458008
60 0.551085 0.141612 0.0449487
61 0.551085 0.135824 0.0409094
62 0.551085 0.168685 0.0469263
63 0.551085 0.159015 0.0433197
64 0.557245 0.16195 0.0439148
65 0.557245 0.150464 0.0399574
66 0.557245 0.172654 0.044395
67 0.557245 0.171721 0.0457797
68 0.557245 0.190963 0.0521394
69 0.557245 0.170673 0.0419793
70 0.557245 0.156477 0.044911
71 0.557245 0.164527 0.0454288
72 0.557245 0.141699 0.0433963
73 0.557245 0.172998 0.0450245
74 0.557245 0.166545 0.045265
75 0.557245 0.182551 0.0484158
76 0.559234 0.173421 0.047335
77 0.559234 0.161138 0.048352
78 0.559234 0.160568 0.0459185
79 0.559234 0.173734 0.0462255
80 0.559234 0.180482 0.0502094
81 0.559234 0.186888 0.0488165
82 0.559234 0.197494 0.0512371
83 0.563766 0.15772 0.0463946
84 0.563766 0.158802 0.0440375
85 0.563766 0.168014 0.0431464
86 0.563766 0.171152 0.044092
87 0.563766 0.166417 0.043679
88 0.563766 0.198128 0.0483462
89 0.566192 0.168017 0.0465891
90 0.576851 0.152699 0.0463408
91 0.576851 0.13736 0.0433484
92 0.576851 0.167733 0.0478618
93 0.576851 0.166583 0.044185
94 0.576851 0.157484 0.0461118
95 0.576851 0.194036 0.0499921
96 0.576851 0.209904 0.0499978
97 0.576851 0.224867 0.0504067
98 0.576851 0.233911 0.0470732
99 0.577296 0.202962 0.0527179
100 0.577296 0.206986 0.046252
101 0.577296 0.210991 0.046594
102 0.577296 0.220653 0.0506138
103 0.577296 0.236816 0.0500118
104 0.579324 0.226817 0.0520233
105 0.579324 0.222037 0.0497805
106 0.579324 0.225995 0.0497095
107 0.579324 0.186054 0.0473651
108 0.579324 0.209936 0.0541479
109 0.579324 0.195227 0.0504484
110 0.579324 0.19563 0.0521347
111 0.579324 0.200992 0.0472459
112 0.579324 0.198024 0.0476797
113 0.579324 0.216028 0.0538499
114 0.579324 0.212753 0.0507749
115 0.589553 0.211111 0.0516996
116 0.589553 0.204743 0.0479028
117 0.589553 0.187416 0.0471026
118 0.589553 0.202634 0.0473979
119 0.589553 0.205839 0.0499243
120 0.589553 0.196027 0.05172
121 0.589553 0.200976 0.052486
122 0.589553 0.223146 0.0509439
123 0.589553 0.228854 0.0523658
124 0.589553 0.22395 0.0512024
125 0.589553 0.247117 0.0538226
126 0.589553 0.236605 0.0503975
127 0.589553 0.236916 0.0549822
128 0.589553 0.222789 0.0566511
129 0.589553 0.232581 0.0529881
130 0.589553 0.240625 0.0553979
131 0.589553 0.232548 0.0566709
132 0.589553 0.210382 0.0506842
133 0.589553 0.234363 0.0513534
134 0.589553 0.229473 0.0517924
135 0.589553 0.219648 0.0509025
136 0.589553 0.228926 0.0532093
137 0.589553 0.230355 0.0493059
138 0.589553 0.232111 0.049238
139 0.589553 0.248632 0.0517704
140 0.589553 0.220988 0.050507
141 0.589553 0.213158 0.0493143
142 0.589553 0.240785 0.0517277
143 0.589553 0.235688 0.0537118
144 0.589553 0.226831 0.0546199
145 0.589553 0.216435 0.0562121
146 0.589553 0.204392 0.0514214
147 0.591743 0.216785 0.0563629
148 0.591743 0.217811 0.0502436
149 0.591743 0.215313 0.0490159
150 0.591743 0.234773 0.0535087
151 0.591743 0.209997 0.0553062
152 0.591743 0.225904 0.0519013
153 0.591743 0.232888 0.0518585
154 0.591743 0.210142 0.0517793
155 0.591743 0.219984 0.058995
156 0.591743 0.21239 0.0560374
157 0.591743 0.22966 0.0527847
158 0.591743 0.223584 0.0504167
159 0.591743 0.226392 0.0486972
160 0.591743 0.220738 0.048507
161 0.591743 0.208491 0.0536254
162 0.591743 0.215356 0.0513948
163 0.591743 0.193357 0.0512586
164 0.591743 0.208102 0.0488978
165 0.591743 0.205143 0.0493624
166 0.591743 0.208864 0.0500819
167 0.591743 0.215093 0.0530005
168 0.591743 0.219235 0.0534956
169 0.591743 0.193146 0.0521188
170 0.591743 0.202284 0.0504348
171 0.591743 0.211322 0.051946
172 0.591743 0.226444 0.0508922
173 0.591743 0.217648 0.0573751
174 0.591743 0.189694 0.0493234
175 0.591743 0.205889 0.0512335
176 0.591743 0.212581 0.0507014
177 0.591743 0.221356 0.0561385
178 0.591743 0.206945 0.0531998
179 0.591743 0.236359 0.0541585
180 0.591743 0.224322 0.0549483
181 0.591743 0.240059 0.0512311
182 0.592022 0.229555 0.0538992
183 0.592022 0.212539 0.0547641
184 0.592022 0.217223 0.0524806
185 0.592022 0.237445 0.0531533
186 0.592022 0.228999 0.0546738
187 0.592022 0.223716 0.0551308
188 0.592357 0.250371 0.0579952
189 0.592357 0.250227 0.0564141
190 0.592357 0.239812 0.0550405
191 0.592357 0.242548 0.0491783
192 0.592357 0.235655 0.0494609
193 0.592357 0.254743 0.0448911
194 0.592357 0.255183 0.0455812
195 0.592357 0.233511 0.0524824
196 0.592357 0.25827 0.0521385
197 0.592387 0.251949 0.0526366
198 0.592387 0.261632 0.049874
199 0.592387 0.232442 0.0463923
200 0.592387 0.224885 0.0523497
201 0.592387 0.225401 0.0500212
202 0.592387 0.215596 0.0554311
203 0.592387 0.204902 0.0532028
204 0.592387 0.202571 0.0501564
205 0.592387 0.199317 0.0524557
206 0.592387 0.194793 0.0563025
207 0.592387 0.200861 0.0537585
208 0.592387 0.231022 0.0563986
209 0.592387 0.222938 0.0521756
210 0.592387 0.190482 0.051384
211 0.592387 0.217376 0.054251
212 0.592387 0.213315 0.0492781
213 0.592387 0.203519 0.0503005
214 0.592387 0.250652 0.054114
215 0.592387 0.222092 0.0519215
216 0.592387 0.212581 0.0473484
217 0.592387 0.218609 0.0488298
218 0.592387 0.227158 0.0519381
219 0.592387 0.21904 0.0506047
220 0.592387 0.214521 0.0487233
221 0.592387 0.229063 0.0477075
222 0.592387 0.215056 0.0448533
223 0.592387 0.194308 0.0468799
224 0.592387 0.207057 0.0508185
225 0.592387 0.216899 0.0556746
226 0.592387 0.184359 0.0496427
227 0.592715 0.178111 0.0548296
228 0.592715 0.154722 0.0530866
229 0.592715 0.151701 0.0504223
230 0.592715 0.18891 0.0558661
231 0.592715 0.174535 0.0532069
232 0.592715 0.198823 0.0544751
233 0.592715 0.186828 0.0488094
234 0.592715 0.199805 0.0456621
235 0.592715 0.192148 0.0488202
236 0.592715 0.205082 0.0494175
237 0.592715 0.19114 0.051208
238 0.592715 0.193982 0.0512996
239 0.592715 0.196266 0.0539489
240 0.592715 0.212862 0.0577405
241 0.592715 0.208859 0.0537596
242 0.592715 0.232752 0.0519442
243 0.592715 0.240858 0.0529241
244 0.592715 0.229155 0.0524887
245 0.592715 0.236606 0.0507762
246 0.592715 0.233545 0.0526082
247 0.592715 0.258648 0.0507385
248 0.592715 0.239833 0.0560467
249 0.592715 0.272835 0.0555027
250 0.592715 0.261449 0.0579874
251 0.592715 0.276346 0.0558391
252 0.592715 0.256727 0.0528102
253 0.592715 0.242065 0.0538474
254 0.592715 0.211027 0.0487768
255 0.592715 0.196268 0.0483292
256 0.592715 0.187902 0.0497435
257 0.592715 0.196731 0.0559816
258 0.592715 0.212152 0.0530941
259 0.592715 0.224281 0.0561538
260 0.592715 0.210097 0.0512535
261 0.592715 0.207322 0.0557068
262 0.592715 0.212615 0.052965
263 0.592715 0.217589 0.0557118
264 0.592715 0.22943 0.0567256
265 0.592715 0.237109 0.0518934
266 0.592715 0.216098 0.0549919
267 0.592715 0.22953 0.0570736
268 0.592715 0.221755 0.0532702
269 0.592715 0.221106 0.053316
270 0.592715 0.201634 0.0528444
271 0.592715 0.207076 0.0576749
272 0.592715 0.225843 0.0525519
273 0.592715 0.243161 0.0543796
274 0.592715 0.207807 0.0517803
275 0.592715 0.214528 0.0562266
276 0.592715 0.205846 0.0530436
277 0.592715 0.240815 0.0582607
278 0.592715 0.255128 0.0540107
279 0.592715 0.218754 0.0503512
280 0.592715 0.234384 0.047133
281 0.592715 0.204876 0.0514523
282 0.592715 0.236071 0.0530108
283 0.592715 0.233789 0.0539424
284 0.592715 0.227849 0.0490731
285 0.592715 0.199757 0.0519357
286 0.592715 0.207304 0.0542078
287 0.592715 0.198614 0.0490615
288 0.592715 0.199841 0.0470243
289 0.592715 0.203892 0.0478246
290 0.592715 0.209565 0.0504118
291 0.592715 0.19399 0.0492514
292 0.592715 0.243335 0.0550018
293 0.592715 0.210123 0.0491817
294 0.592715 0.222694 0.0497537
295 0.592715 0.218874 0.0548812
296 0.592715 0.207264 0.0548856
297 0.593278 0.210665 0.054872
298 0.593278 0.186436 0.0491086
299 0.593278 0.165521 0.0495013
300 0.593278 0.192697 0.0521081
301 0.593278 0.216899 0.0573597
302 0.593278 0.200667 0.0539597
303 0.593278 0.206624 0.0498415
304 0.593278 0.201706 0.0523074
305 0.593278 0.192678 0.0500426
306 0.593278 0.193932 0.0489983
307 0.593278 0.186774 0.050556
308 0.593278 0.226275 0.0557795
309 0.593278 0.240923 0.0538793
310 0.593278 0.217109 0.0519393
311 0.593278 0.238895 0.0525207
312 0.593278 0.227815 0.0550266
313 0.593278 0.232135 0.0530366
314 0.593278 0.225216 0.051899
315 0.593278 0.2351 0.0526233
316 0.593278 0.231814 0.0534551
317 0.593278 0.237177 0.050971
318 0.593278 0.251254 0.0559544
319 0.593278 0.253956 0.0609943
320 0.593516 0.262542 0.0599722
321 0.593516 0.283313 0.0531453
322 0.594211 0.237285 0.0569584
323 0.594211 0.232467 0.0570024
324 0.594211 0.218438 0.05567
325 0.594211 0.233676 0.0597128
326 0.594211 0.22741 0.0580251
327 0.594211 0.230528 0.0549139
328 0.594211 0.225714 0.0569152
329 0.594211 0.212486 0.0548779
330 0.594211 0.195764 0.0556081
331 0.594211 0.187009 0.0524975
332 0.594211 0.179356 0.0513819
333 0.594211 0.208045 0.0557497
334 0.594211 0.222329 0.0509632
335 0.594211 0.202692 0.0512237
336 0.594211 0.175475 0.051757
337 0.594211 0.180793 0.0526732
338 0.59434 0.206788 0.0557875
339 0.59434 0.201812 0.0529976
340 0.59434 0.233694 0.052632
341 0.59434 0.202531 0.0502841
342 0.59434 0.240421 0.0527866
343 0.59434 0.259657 0.0538871
344 0.59434 0.249934 0.0547324
345 0.59434 0.255753 0.0575318
346 0.59434 0.273835 0.0588141
347 0.59434 0.238699 0.0577741
348 0.59434 0.240462 0.0535842
349 0.59434 0.262874 0.0520187
350 0.59434 0.270887 0.0500277
351 0.59434 0.269127 0.0521636
352 0.59434 0.237299 0.0548259
353 0.59434 0.243178 0.0548953
354 0.59434 0.244289 0.0563529
355 0.59434 0.230543 0.0576854
356 0.59434 0.233648 0.0564487
357 0.59434 0.236964 0.0542819
358 0.59434 0.230685 0.0550846
359 0.59434 0.212944 0.0537213
360 0.59434 0.206392 0.0538454
361 0.59434 0.196779 0.0555213
362 0.59434 0.205639 0.0580066
363 0.59434 0.232177 0.056607
364 0.59434 0.227953 0.0563881
365 0.59434 0.213884 0.0574983
366 0.59434 0.211799 0.0565543
367 0.59434 0.208927 0.0515518
368 0.59434 0.214091 0.0610018
369 0.59434 0.219175 0.0555533
370 0.59434 0.267453 0.0546693
371 0.59434 0.268082 0.0545621
372 0.594762 0.238592 0.0562421
373 0.594762 0.236592 0.0505609
374 0.594762 0.250074 0.0508862
375 0.594762 0.25613 0.0532615
376 0.594762 0.2479 0.0524573
377 0.594762 0.248244 0.0571222
378 0.594762 0.247939 0.0552721
379 0.594762 0.228165 0.0550958
380 0.594762 0.231694 0.0505418
381 0.594762 0.233805 0.0526334
382 0.594762 0.215893 0.0498543
383 0.594762 0.208575 0.0543935
384 0.594762 0.206547 0.0534629
385 0.594762 0.226965 0.0509962
386 0.594762 0.200652 0.0543801
387 0.594762 0.219877 0.0567157
388 0.594762 0.239965 0.0519184
389 0.594762 0.244369 0.0531588
390 0.594762 0.26046 0.0539932
391 0.594762 0.26336 0.0504406
392 0.594762 0.2734 0.047273
393 0.594762 0.258941 0.047104
394 0.594762 0.238392 0.0555375
395 0.594762 0.218734 0.0555077
396 0.594762 0.213509 0.0485403
397 0.594762 0.236756 0.0512367
398 0.594762 0.201388 0.0560213
399 0.594762 0.189384 0.0533716
400 0.594762 0.207061 0.0545606
401 0.594762 0.226606 0.0586035
402 0.594762 0.245569 0.058224
403 0.594762 0.231163 0.0612281
404 0.594762 0.218423 0.0557885
405 0.594762 0.226443 0.0532355
406 0.594762 0.208644 0.0545908
407 0.594762 0.199863 0.0541285
408 0.594762 0.197074 0.0485685
409 0.594762 0.210298 0.0536424
410 0.594762 0.214822 0.0573501
411 0.594762 0.221847 0.0483663
412 0.594762 0.225369 0.0521619
413 0.594762 0.221813 0.0538753
414 0.594762 0.228598 0.0533094
415 0.594762 0.266319 0.0482697
416 0.594762 0.247544 0.0484713
417 0.595217 0.233776 0.0525584
418 0.595217 0.228291 0.0542392
419 0.595217 0.217336 0.0535351
420 0.595217 0.231621 0.0529639
421 0.595217 0.236835 0.052262
422 0.595217 0.259959 0.0523061
423 0.595217 0.303734 0.0548002
424 0.595217 0.265923 0.0515051
425 0.595217 0.303315 0.050521
426 0.595217 0.286733 0.0550528
427 0.595217 0.257845 0.0544958
428 0.595217 0.231141 0.0588898
429 0.595217 0.212578 0.0556432
430 0.595217 0.243888 0.0534605
431 0.595217 0.237209 0.0555582
432 0.595217 0.22822 0.0552913
433 0.595217 0.227408 0.0536042
434 0.595217 0.240761 0.0579658
435 0.595217 0.240486 0.0573848
436 0.595217 0.189989 0.0513327
437 0.595217 0.193522 0.052185
438 0.595373 0.209353 0.0511775
439 0.595373 0.211466 0.0519478
440 0.595373 0.203022 0.0561062
441 0.595373 0.214807 0.0579728
442 0.595373 0.227126 0.0564617
443 0.595373 0.239611 0.0546781
444 0.595373 0.24514 0.0565044
445 0.595373 0.218404 0.0523216
446 0.595373 0.227939 0.0533761
447 0.595373 0.198443 0.0501313
448 0.595373 0.204297 0.0507725
449 0.595373 0.217199 0.0546153
450 0.595373 0.225694 0.0514913
451 0.595373 0.202916 0.0519879
452 0.595373 0.229427 0.0519059
453 0.595373 0.238318 0.0489645
454 0.595373 0.26393 0.0497771
455 0.595373 0.244023 0.0518613
456 0.595373 0.225236 0.0489785
457 0.595373 0.250158 0.0529253
458 0.595373 0.251204 0.0539617
459 0.595373 0.234817 0.0564768
460 0.595373 0.225661 0.0547078
461 0.595373 0.247157 0.0576039
462 0.595373 0.233078 0.0533108
463 0.595373 0.220751 0.0551373
464 0.595373 0.210824 0.056818
465 0.595373 0.220167 0.053869
466 0.595373 0.227515 0.0524686
467 0.595373 0.241484 0.0572866
468 0.595373 0.219398 0.0567245
469 0.595373 0.239112 0.0571263
470 0.595373 0.216714 0.0541098
471 0.595373 0.21499 0.0576898
472 0.595373 0.228785 0.056035
473 0.595373 0.206153 0.053905
474 0.595373 0.218526 0.050954
475 0.595373 0.211839 0.0534974
476 0.595373 0.261347 0.0562971
477 0.595373 0.25078 0.0547672
478 0.595531 0.262859 0.0536022
479 0.595531 0.283172 0.0520686
480 0.595531 0.274359 0.0550001
481 0.595531 0.241079 0.0592839
482 0.595531 0.242052 0.0523054
483 0.595531 0.220421 0.0526307
484 0.595531 0.217609 0.0502784
485 0.595531 0.210174 0.0499495
486 0.595531 0.224451 0.0484819
487 0.595762 0.220248 0.0499548
488 0.595762 0.219676 0.0549478
489 0.595762 0.195961 0.0460689
490 0.595762 0.205501 0.0532679
491 0.595762 0.221958 0.0536266
492 0.595762 0.227997 0.051199
493 0.595762 0.228645 0.0532641
494 0.595762 0.22554 0.0519691
495 0.595762 0.235135 0.0546942
496 0.595762 0.244097 0.0540688
497 0.595762 0.241732 0.0530501
498 0.595762 0.239206 0.0513633
499 0.595762 0.241496 0.0566034
500 0.595762 0.239163 0.05405
501 0.595762 0.2499 0.0502691
502 0.595762 0.226184 0.0507475
503 0.595762 0.235045 0.057708
504 0.595762 0.210336 0.0543529
505 0.595762 0.234267 0.0585756
506 0.595762 0.228403 0.0576211
507 0.595762 0.191159 0.050733
508 0.595762 0.215121 0.0544968
509 0.595762 0.197899 0.0521741
510 0.596064 0.207437 0.0586485
511 0.596064 0.205296 0.0522533
512 0.596064 0.205915 0.0545962
513 0.596064 0.203995 0.0581372
514 0.596064 0.238003 0.056402
515 0.596064 0.251748 0.0574717
516 0.596064 0.263005 0.0540614
517 0.596064 0.243035 0.0546461
518 0.596064 0.240774 0.0555265
519 0.596064 0.241164 0.0548329
520 0.596064 0.249325 0.056981
521 0.596064 0.241574 0.0579808
522 0.596064 0.230609 0.0554093
523 0.596064 0.212004 0.056731
524 0.596064 0.228777 0.0586616
525 0.596064 0.218871 0.058222
526 0.597711 0.197064 0.0579337
527 0.597711 0.2194 0.0585311
528 0.597711 0.215403 0.058222
529 0.597711 0.233763 0.0589371
530 0.597711 0.217167 0.0555444
531 0.597711 0.27548 0.0563227
532 0.597711 0.246715 0.0603042
533 0.597711 0.247496 0.0535955
534 0.597711 0.247042 0.0599558
535 0.597711 0.257684 0.0533641
536 0.597711 0.232683 0.0547886
537 0.597711 0.242372 0.0527003
538 0.597711 0.242582 0.0521861
539 0.597711 0.205417 0.0550591
540 0.597711 0.204455 0.0503786
541 0.597711 0.206622 0.0526748
542 0.597711 0.2453 0.0521408
543 0.597711 0.21161 0.0578389
544 0.597711 0.216435 0.0578456
545 0.597711 0.211909 0.0526253
546 0.597711 0.220212 0.053702
547 0.597711 0.21003 0.054136
548 0.597711 0.203166 0.0517605
549 0.597711 0.208641 0.0501803
550 0.597711 0.222233 0.0545587
551 0.597711 0.243239 0.0560601
552 0.597711 0.231039 0.0518061
553 0.597711 0.25463 0.0579792
554 0.597711 0.235465 0.0559152
555 0.597711 0.258589 0.0616031
556 0.597711 0.242877 0.0580596
557 0.597711 0.233343 0.0530822
558 0.597711 0.245142 0.0558901
559 0.597711 0.243429 0.0561359
560 0.597711 0.279948 0.0571391
561 0.597711 0.264919 0.0533634
562 0.597711 0.226258 0.0509923
563 0.597711 0.239835 0.0539378
564 0.597711 0.219537 0.0542074
565 0.597711 0.223022 0.0546817
566 0.597711 0.202612 0.050464
567 0.597711 0.21836 0.0539163
568 0.597711 0.225966 0.0539724
569 0.597711 0.251929 0.0485678
570 0.597711 0.25052 0.0501871
571 0.597711 0.226694 0.0529511
572 0.597711 0.233076 0.0526306
573 0.597711 0.225663 0.0531951
574 0.597711 0.216992 0.0531426
575 0.597711 0.233315 0.054686
576 0.597711 0.224501 0.0548755
577 0.597711 0.228168 0.0541558
578 0.597711 0.2223 0.0496435
579 0.597711 0.232119 0.0534497
580 0.597711 0.23046 0.0527659
581 0.597711 0.210032 0.0532088
582 0.597711 0.211459 0.0571534
583 0.597711 0.191467 0.0527553
584 0.597711 0.179707 0.0524694
585 0.597711 0.182125 0.0500845
586 0.598863 0.191041 0.0572076
587 0.598863 0.22408 0.0569417
588 0.598863 0.24695 0.061055
589 0.598863 0.220013 0.0509132
590 0.598863 0.243159 0.0512833
591 0.598863 0.221843 0.0530954
592 0.598863 0.233125 0.0537588
593 0.598863 0.227678 0.0543698
594 0.598863 0.234935 0.0568874
595 0.598863 0.234739 0.0553085
596 0.598863 0.241435 0.0571184
597 0.598863 0.230856 0.0561163
598 0.598863 0.246697 0.0567113
599 0.598863 0.231324 0.0584207
600 0.598863 0.214622 0.054838
601 0.598863 0.21017 0.054951
602 0.598863 0.237367 0.0564383
603 0.598863 0.22147 0.0520562
604 0.598863 0.21096 0.0544217
605 0.598863 0.243232 0.0511963
606 0.598863 0.227218 0.0506127
607 0.598863 0.215368 0.0504482
608 0.598863 0.210177 0.052788
609 0.598863 0.201938 0.0472535
610 0.598863 0.188529 0.0521725
611 0.598863 0.221856 0.054816
612 0.598863 0.226291 0.0543779
613 0.598863 0.228937 0.0488333
614 0.598863 0.244234 0.0517836
615 0.598863 0.239708 0.0503118
616 0.598863 0.220327 0.0502545
617 0.598863 0.239755 0.0531072
618 0.598863 0.241466 0.0512289
619 0.598863 0.216135 0.048744
620 0.598863 0.243717 0.0560234
621 0.598863 0.231903 0.0529473
622 0.598863 0.217932 0.055625
623 0.598863 0.243449 0.0528418
624 0.598863 0.208153 0.0503793
625 0.598863 0.195616 0.0483719
626 0.598863 0.187351 0.0472515
627 0.598863 0.194746 0.0514824
628 0.598863 0.203168 0.0510159
629 0.598863 0.207223 0.0506003
630 0.598863 0.225912 0.0569322
631 0.598886 0.264766 0.053404
632 0.598886 0.272387 0.0590422
633 0.598886 0.236879 0.0581512
634 0.598886 0.217817 0.0563564
635 0.598886 0.222113 0.0591774
636 0.598886 0.225054 0.0585099
637 0.598886 0.222329 0.0564518
638 0.598886 0.243493 0.0574396
639 0.598886 0.237106 0.0529017
640 0.598886 0.23252 0.0564351
641 0.598886 0.235811 0.0517819
642 0.598886 0.22385 0.0541882
643 0.598886 0.221616 0.0548529
644 0.598886 0.229075 0.0511285
645 0.598886 0.221245 0.0544457
646 0.598886 0.22295 0.0532051
647 0.598886 0.224952 0.0525973
648 0.599886 0.233885 0.0553614
649 0.599886 0.221543 0.0576609
650 0.599886 0.233484 0.0514245
651 0.599886 0.219429 0.0546394
652 0.599886 0.208793 0.0536144
653 0.599886 0.233159 0.0571787
654 0.599886 0.21832 0.0499888
655 0.599886 0.214931 0.0581865
656 0.599886 0.215663 0.0558258
657 0.599886 0.212032 0.0527206
658 0.599886 0.201424 0.0528411
659 0.599886 0.170352 0.051395
660 0.59992 0.15036 0.046831
661 0.59992 0.184091 0.0547125
662 0.59992 0.205707 0.0568743
663 0.59992 0.196818 0.053095
664 0.59992 0.237852 0.0586476
665 0.59992 0.245343 0.061609
666 0.59992 0.266002 0.0604325
667 0.59992 0.263351 0.0592746
668 0.59992 0.246832 0.0602173
669 0.59992 0.199116 0.0538136
670 0.59992 0.193564 0.0567504
671 0.601336 0.188091 0.0530377
672 0.601336 0.184738 0.0570923
673 0.601336 0.156752 0.0515949
674 0.601336 0.193576 0.054796
675 0.601336 0.22088 0.0582634
676 0.601336 0.214775 0.0552994
677 0.601336 0.196194 0.0511908
678 0.601336 0.206334 0.0584067
679 0.601336 0.218637 0.056205
680 0.601336 0.194967 0.0510577
681 0.601336 0.209979 0.0544547
682 0.601336 0.183168 0.0577857
683 0.601336 0.197037 0.0539832
684 0.601336 0.20965 0.055927
685 0.601336 0.180659 0.0497323
686 0.601336 0.210468 0.0530099
687 0.601336 0.222891 0.0529364
688 0.601336 0.207592 0.053098
689 0.601336 0.213664 0.0566662
690 0.601336 0.194709 0.0530988
691 0.601336 0.219852 0.0524532
692 0.601336 0.193695 0.0529833
693 0.601336 0.203147 0.0529558
694 0.601336 0.206977 0.0552622
695 0.601336 0.221685 0.0568708
696 0.601336 0.221676 0.0550522
697 0.601336 0.230297 0.0549943
698 0.601336 0.232415 0.0555115
699 0.601336 0.214818 0.0522788
700 0.603927 0.21406 0.0517793
701 0.603927 0.20285 0.0531054
702 0.603927 0.207012 0.0548142
703 0.603927 0.224442 0.0555583
704 0.603927 0.217897 0.0558576
705 0.603927 0.222927 0.0554982
706 0.603927 0.242102 0.0538352
707 0.603927 0.201826 0.0501238
708 0.603927 0.243487 0.0507356
709 0.603927 0.204136 0.0465985
710 0.603927 0.197756 0.0456801
711 0.603927 0.205917 0.0436525
712 0.603927 0.197864 0.0490001
713 0.603927 0.181185 0.0512768
714 0.603927 0.190475 0.0560711
715 0.603927 0.193469 0.0563144
716 0.603927 0.20578 0.0571433
717 0.603927 0.20018 0.0553612
718 0.603927 0.222112 0.0600671
719 0.603927 0.186901 0.0523267
720 0.603927 0.200216 0.0564173
721 0.603927 0.180689 0.050883
722 0.603927 0.199294 0.0529206
723 0.603927 0.193519 0.0544099
724 0.603927 0.200573 0.0541205
725 0.603927 0.212565 0.0590021
726 0.603927 0.22162 0.0547281
727 0.603927 0.247197 0.0514098
728 0.603927 0.23013 0.0543365
729 0.603927 0.202349 0.0540008
730 0.603927 0.226694 0.0582807
731 0.603927 0.212433 0.0524693
732 0.603927 0.234773 0.0531703
733 0.603927 0.217011 0.0524191
734 0.603927 0.211112 0.0532719
735 0.603927 0.20212 0.0538466
736 0.603927 0.241757 0.0569342
737 0.603927 0.236386 0.0552022
738 0.603927 0.244196 0.0536322
739 0.603927 0.23218 0.0556808
740 0.60434 0.215628 0.0593321
741 0.60434 0.245523 0.0574896
742 0.606341 0.262751 0.0557705
743 0.606341 0.286267 0.0549536
744 0.606341 0.244114 0.0534116
745 0.606341 0.217601 0.0537421
746 0.606341 0.24738 0.0583336
747 0.606341 0.208485 0.0553001
748 0.606341 0.20568 0.0523101
749 0.606341 0.182547 0.0506068
750 0.606341 0.2262 0.0541417
751 0.606341 0.21441 0.0560043
752 0.606341 0.172408 0.0534456
753 0.606341 0.212536 0.0593971
754 0.606341 0.202687 0.057479
755 0.606341 0.205927 0.0521141
756 0.606341 0.204034 0.0509964
757 0.606341 0.228403 0.0547982
758 0.606341 0.202415 0.0573096
759 0.606341 0.199759 0.0513396
760 0.606341 0.202956 0.0558932
761 0.606341 0.19038 0.0508443
762 0.606341 0.197841 0.0547697
763 0.606341 0.207284 0.0515012
764 0.606341 0.223252 0.0521183
765 0.606341 0.218652 0.0531826
766 0.606341 0.239018 0.055082
767 0.606341 0.195552 0.0518209
768 0.606341 0.224193 0.0550629
769 0.606341 0.210606 0.0515958
770 0.606341 0.208932 0.0543419
771 0.606341 0.221131 0.0541608
772 0.606341 0.216031 0.0538053
773 0.606341 0.23275 0.0542634
774 0.606341 0.220503 0.059481
775 0.606341 0.234818 0.0584413
776 0.606341 0.22476 0.0545802
777 0.606341 0.214829 0.0566568
778 0.606341 0.230911 0.0634353
779 0.606341 0.244468 0.061287
780 0.606341 0.228393 0.0592198
781 0.606341 0.204817 0.0555631
782 0.606341 0.215999 0.0596926
783 0.606341 0.18438 0.0505093
784 0.606341 0.188898 0.0537528
785 0.606341 0.194862 0.057639
786 0.606341 0.222527 0.0605675
787 0.606341 0.219103 0.0517202
788 0.606341 0.230387 0.0554012
789 0.606341 0.206492 0.058388
790 0.606341 0.203265 0.0544502
791 0.606341 0.173431 0.0500547
792 0.606341 0.185756 0.0516272
793 0.606341 0.189737 0.0550795
794 0.606341 0.163891 0.0497607
795 0.606341 0.168992 0.0538021
796 0.606341 0.201655 0.0574957
797 0.606341 0.186954 0.0508343
798 0.606341 0.192148 0.0591248
799 0.606341 0.193174 0.0563067
800 0.606341 0.194849 0.0522712
801 0.606341 0.179957 0.0482725
802 0.606341 0.172743 0.0511436
803 0.606341 0.157396 0.0480532
804 0.606341 0.175305 0.0532046
805 0.606341 0.167276 0.0500032
806 0.606341 0.179872 0.0475932
807 0.606341 0.166149 0.0510456
808 0.606341 0.187654 0.0537464
809 0.606341 0.223214 0.0552667
810 0.606341 0.194556 0.0523593
811 0.606341 0.17977 0.0547481
812 0.606341 0.166814 0.0505111
813 0.606341 0.183239 0.0530392
814 0.606341 0.219122 0.0527463
815 0.606341 0.192198 0.0524445
816 0.606341 0.19735 0.0545571
817 0.606341 0.172573 0.0485704
818 0.606341 0.197361 0.050886
819 0.606341 0.19255 0.0524514
820 0.606341 0.213089 0.0533656
821 0.606341 0.19378 0.056344
822 0.606341 0.214366 0.055054
823 0.606341 0.195799 0.0587639
824 0.606341 0.214221 0.0603369
825 0.606341 0.185738 0.0513416
826 0.606341 0.18681 0.0531656
827 0.606341 0.193074 0.0502971
828 0.606341 0.192688 0.051264
829 0.608645 0.202416 0.0527004
830 0.608645 0.220084 0.0549383
831 0.608645 0.206756 0.0563164
832 0.608645 0.219271 0.0580707
833 0.609031 0.22137 0.0579906
834 0.609031 0.218769 0.053377
835 0.609031 0.207378 0.0518249
836 0.609031 0.22198 0.0542816
837 0.609031 0.222228 0.0512031
838 0.609031 0.203817 0.0523959
839 0.609031 0.184364 0.0483413
840 0.609031 0.19453 0.051419
841 0.609031 0.197986 0.053273
842 0.609031 0.204237 0.0535346
843 0.609031 0.225989 0.0540327
844 0.609031 0.198134 0.054252
845 0.609031 0.179806 0.0503912
846 0.609031 0.193012 0.0525394
847 0.609031 0.202294 0.0505273
848 0.609031 0.205483 0.0554979
849 0.609031 0.16671 0.049017
850 0.609031 0.19042 0.0523643
851 0.609031 0.173288 0.0463297
852 0.609031 0.16237 0.0483053
853 0.609031 0.171522 0.0525527
854 0.609031 0.192903 0.0528675
855 0.609031 0.206681 0.0536067
856 0.609031 0.194226 0.0537375
857 0.609031 0.202358 0.0547264
858 0.609031 0.211333 0.0506304
859 0.609031 0.184611 0.050303
860 0.609031 0.200778 0.0535247
861 0.609031 0.2108 0.0557938
862 0.609031 0.207904 0.0595645
863 0.609031 0.202696 0.0525738
864 0.609031 0.196437 0.0540158
865 0.609031 0.216954 0.0612027
866 0.609031 0.2298 0.0618556
867 0.609031 0.19291 0.0535638
868 0.609031 0.206975 0.0569401
869 0.609031 0.185194 0.0552977
870 0.609031 0.175509 0.0540285
871 0.609031 0.178806 0.0540083
872 0.609031 0.165457 0.0503722
873 0.609031 0.183426 0.0578259
874 0.609031 0.210654 0.058605
875 0.609031 0.184896 0.0543812
876 0.609031 0.179427 0.0517592
877 0.609031 0.194106 0.0535006
878 0.609031 0.185947 0.0513334
879 0.609031 0.178923 0.0511766
880 0.609031 0.180719 0.0533256
881 0.609031 0.191245 0.0541502
882 0.609031 0.182677 0.0514053
883 0.609031 0.157546 0.0488352
884 0.609031 0.173476 0.0528918
885 0.609031 0.192353 0.0570972
886 0.609031 0.210148 0.0599769
887 0.609031 0.200663 0.0560332
888 0.609031 0.198536 0.0562899
889 0.609031 0.221373 0.0520454
890 0.609031 0.244384 0.056553
891 0.609031 0.203524 0.0548962
892 0.609031 0.17918 0.0497895
893 0.609031 0.170301 0.0505623
894 0.609031 0.178232 0.0506447
895 0.609031 0.19741 0.0568522
896 0.609031 0.168712 0.0537956
897 0.609031 0.203648 0.0584655
898 0.609172 0.181931 0.0556765
899 0.609172 0.193864 0.0608344
900 0.609172 0.221073 0.059271
901 0.609172 0.202594 0.0567561
902 0.609172 0.181408 0.0557196
903 0.609172 0.193687 0.050295
904 0.609172 0.196684 0.0515713
905 0.609172 0.186075 0.0552685
906 0.609172 0.20511 0.0529256
907 0.609172 0.189245 0.05466
908 0.609172 0.183878 0.0528825
909 0.609172 0.190502 0.0571199
910 0.609172 0.207798 0.060306
911 0.609172 0.197463 0.057853
912 0.609172 0.179745 0.0554831
913 0.609172 0.203271 0.0543187
914 0.609172 0.192989 0.0603349
915 0.609172 0.179822 0.0607948
916 0.609172 0.182203 0.05743
917 0.609172 0.190357 0.0522347
918 0.609172 0.177712 0.055874
919 0.609172 0.164221 0.0556548
920 0.609172 0.146071 0.0487768
921 0.609172 0.151284 0.0495911
922 0.609172 0.183967 0.0545278
923 0.609172 0.196906 0.0514302
924 0.609172 0.205646 0.0583094
925 0.609172 0.189755 0.0545686
926 0.609172 0.212184 0.0569616
927 0.609172 0.248994 0.0587051
928 0.609172 0.22743 0.0576454
929 0.609172 0.220042 0.0579177
930 0.609172 0.20533 0.0522344
931 0.609172 0.219251 0.0574582
932 0.609172 0.201858 0.0592082
933 0.609172 0.224114 0.0604534
934 0.609172 0.218753 0.0607551
935 0.609172 0.19623 0.0572488
936 0.609172 0.208664 0.0556565
937 0.609172 0.179406 0.053005
938 0.609172 0.182425 0.05294
939 0.609172 0.18934 0.0504519
940 0.609816 0.193985 0.05561
941 0.609816 0.199846 0.0541402
942 0.61008 0.223907 0.0533249
943 0.61008 0.203821 0.0539528
944 0.61008 0.188676 0.0510925
945 0.61008 0.182689 0.0553314
946 0.61008 0.159254 0.0523404
947 0.61008 0.156845 0.0500725
948 0.61008 0.177435 0.0546522
949 0.61008 0.183299 0.0540488
950 0.61008 0.204458 0.0559217
951 0.61008 0.197325 0.053956
952 0.61008 0.210132 0.0554909
953 0.61008 0.208704 0.0574767
954 0.61008 0.199229 0.0543437
955 0.61008 0.213077 0.0547958
956 0.61008 0.209004 0.0550121
957 0.61008 0.208777 0.0492009
958 0.61008 0.246813 0.0514781
959 0.61008 0.230929 0.059512
960 0.61008 0.211156 0.0542347
961 0.61008 0.221644 0.0526177
962 0.61008 0.195451 0.0503325
963 0.61008 0.24283 0.0584108
964 0.61008 0.23484 0.0573131
965 0.61008 0.2176 0.0553922
966 0.61008 0.217225 0.0571003
967 0.61008 0.210882 0.0565725
968 0.61008 0.216825 0.0513225
969 0.61008 0.210128 0.0526683
970 0.61008 0.230648 0.0528527
971 0.61008 0.23801 0.0599884
972 0.61008 0.204119 0.0520359
973 0.61008 0.181704 0.05286
974 0.61008 0.203723 0.0512821
975 0.61008 0.225237 0.0570456
976 0.61008 0.196659 0.0544866
977 0.61008 0.20465 0.0594049
978 0.61008 0.228108 0.0557806
979 0.61008 0.211774 0.0551369
980 0.61008 0.184217 0.0534367
981 0.61008 0.198894 0.0497037
982 0.61008 0.199348 0.0507393
983 0.61008 0.206225 0.0544016
984 0.61008 0.207057 0.0573717
985 0.61008 0.212637 0.0530104
986 0.61008 0.198427 0.0544647
987 0.61008 0.203529 0.0558077
988 0.61008 0.198139 0.0530447
989 0.61008 0.189449 0.0555691
990 0.61008 0.167621 0.0524678
991 0.61008 0.180732 0.0514713
992 0.61008 0.182398 0.0559939
993 0.61008 0.18817 0.0582093
994 0.61008 0.175996 0.0552234
995 0.61008 0.171028 0.0478714
996 0.61008 0.207412 0.0565738
997 0.61008 0.212429 0.0530937
998 0.61008 0.196256 0.0538615
999 0.61008 0.196452 0.053529
1000 0.61008 0.205278 0.0565656
