0 0.125272 0.0501129 0.00379018
1 0.125272 0.0574142 0.00389122
2 0.125278 0.0701113 0.00389207
3 0.125278 0.0774574 0.00370374
4 0.125278 0.0726132 0.00385034
5 0.125278 0.0768057 0.00370785
6 0.125278 0.0828306 0.00351535
7 0.125278 0.0851443 0.00343665
8 0.27645 0.0903763 0.00359537
9 0.27645 0.0889649 0.00364465
10 0.318041 0.0973089 0.00377855
11 0.462588 0.101671 0.00524866
12 0.462588 0.100769 0.00526741
13 0.462588 0.0962204 0.00561629
14 0.462588 0.0935212 0.00629462
15 0.462588 0.0935314 0.0063434
16 0.462588 0.0948067 0.0075781
17 0.462588 0.103019 0.00727059
18 0.462588 0.109577 0.00790098
19 0.462588 0.120436 0.0100778
20 0.462588 0.127832 0.00954224
21 0.462588 0.133319 0.0126336
22 0.462588 0.132775 0.0132476
23 0.500431 0.13616 0.0161139
23 0.474006 0.0648626 0.0203727
24 0.474006 0.0680212 0.0216624
25 0.563235 0.091059 0.028826
26 0.563235 0.0897863 0.0302509
27 0.563235 0.0743408 0.0272681
28 0.563235 0.0823417 0.026989
29 0.563235 0.0864095 0.0301034
30 0.563235 0.090433 0.0299698
31 0.563235 0.0810191 0.0284305
32 0.570898 0.101241 0.0330003
33 0.570898 0.10477 0.0336807
34 0.570898 0.112533 0.0360893
35 0.570898 0.114041 0.0378597
36 0.570898 0.116877 0.0373965
37 0.582082 0.143309 0.0410194
38 0.582082 0.130873 0.0381033
39 0.582082 0.126967 0.0374976
40 0.582082 0.130556 0.0397417
41 0.582082 0.114779 0.0395673
42 0.582082 0.142883 0.0441167
43 0.582082 0.118639 0.0401946
44 0.582082 0.121738 0.0426897
45 0.582082 0.104462 0.0366175
46 0.587577 0.113095 0.0403755
47 0.587577 0.111467 0.0406322
48 0.591325 0.108232 0.0393392
49 0.591325 0.119521 0.0432343
50 0.591325 0.115102 0.0406222
51 0.591325 0.112254 0.0404244
52 0.591325 0.137549 0.0455999
53 0.591325 0.135564 0.0420864
54 0.591325 0.140957 0.0448973
55 0.591325 0.149212 0.043027
56 0.591325 0.148991 0.0435175
57 0.591325 0.133498 0.0396347
58 0.598046 0.156659 0.0472486
59 0.598046 0.142115 0.0453113
60 0.598046 0.159671 0.0437114
61 0.598046 0.143605 0.0410917
62 0.598046 0.151271 0.0452076
63 0.603165 0.150436 0.0453979
64 0.603165 0.162597 0.0458602
65 0.603165 0.129321 0.0407899
66 0.603165 0.134046 0.0440935
67 0.603165 0.140512 0.0456719
68 0.603165 0.128152 0.0426058
69 0.603165 0.143399 0.0425369
70 0.603165 0.159603 0.0489129
71 0.603165 0.16562 0.0508879
72 0.603165 0.143604 0.045586
73 0.603165 0.163671 0.0489058
74 0.603165 0.140294 0.0441781
75 0.603165 0.133546 0.0437695
76 0.603165 0.102341 0.0369863
77 0.603165 0.154232 0.0493432
78 0.603165 0.137025 0.0478649
79 0.603165 0.128796 0.046844
80 0.603165 0.11928 0.0433511
81 0.603165 0.129929 0.0430029
82 0.603165 0.157519 0.0467255
83 0.603165 0.154718 0.0448749
84 0.603165 0.165719 0.0445183
85 0.603165 0.168582 0.0490997
86 0.603165 0.113764 0.0430813
87 0.603165 0.122453 0.0403878
88 0.603165 0.147845 0.0456933
89 0.603165 0.145105 0.050154
90 0.603572 0.161833 0.0506116
91 0.603572 0.169116 0.0549119
92 0.603572 0.165579 0.0514657
93 0.603572 0.157771 0.0498044
94 0.603572 0.137237 0.0465666
95 0.604407 0.141316 0.0438975
96 0.604407 0.158466 0.0506887
97 0.604407 0.151622 0.047566
98 0.604407 0.137929 0.0447309
99 0.604407 0.156899 0.0462369
100 0.604407 0.145322 0.0466173
101 0.604407 0.124266 0.0428377
102 0.604407 0.142617 0.0407054
103 0.604407 0.160785 0.0504512
104 0.604407 0.148317 0.0477197
105 0.604407 0.147977 0.0479953
106 0.604407 0.138383 0.0482875
107 0.604407 0.156518 0.0484368
108 0.604407 0.149343 0.0435405
109 0.604407 0.142274 0.0431482
110 0.604407 0.154774 0.0501891
111 0.604407 0.162777 0.047344
112 0.604407 0.180491 0.0506644
113 0.604407 0.155284 0.0449277
114 0.604407 0.153104 0.0485509
115 0.604407 0.180455 0.0536691
116 0.604407 0.175696 0.0516776
117 0.604407 0.199349 0.049938
118 0.604407 0.173572 0.0498922
119 0.604407 0.19509 0.0497702
120 0.604407 0.195451 0.0515465
121 0.604407 0.203209 0.0475567
122 0.604407 0.1569 0.0426461
123 0.604407 0.191333 0.0491913
124 0.604407 0.144123 0.0451836
125 0.604407 0.15158 0.0466138
126 0.604407 0.169638 0.0483944
127 0.604407 0.170387 0.0535339
128 0.604407 0.161598 0.052494
129 0.604407 0.138348 0.0480443
130 0.604407 0.150936 0.0447325
131 0.604407 0.140225 0.0439249
132 0.604407 0.139355 0.0474323
133 0.604407 0.166637 0.0553356
134 0.604407 0.170055 0.0527858
135 0.604407 0.149591 0.0462472
136 0.604407 0.162072 0.0473907
137 0.604407 0.142631 0.0467569
138 0.604407 0.156006 0.0507658
139 0.604407 0.153181 0.0491713
140 0.604407 0.13858 0.0443727
141 0.604407 0.12849 0.0404906
142 0.604407 0.13861 0.0443863
143 0.604407 0.159849 0.0438559
144 0.604407 0.17072 0.0498808
145 0.604407 0.148297 0.0446919
146 0.604407 0.134223 0.043041
147 0.604407 0.160861 0.049167
148 0.604407 0.14876 0.0437277
149 0.604407 0.139308 0.0444178
150 0.604407 0.135531 0.0436241
151 0.604407 0.131077 0.0426883
152 0.604407 0.138195 0.0463685
153 0.604407 0.146438 0.0509017
154 0.604407 0.179798 0.051432
155 0.604407 0.163682 0.0482035
156 0.604407 0.166358 0.048335
157 0.604407 0.166449 0.0443609
158 0.604407 0.182117 0.046902
159 0.604407 0.194749 0.0515908
160 0.604407 0.175043 0.0471117
161 0.604407 0.16021 0.0448674
162 0.604407 0.178993 0.0472115
163 0.604407 0.194324 0.0471787
164 0.604407 0.18259 0.0489653
165 0.604407 0.172768 0.0500537
166 0.604407 0.177784 0.05214
167 0.604407 0.182908 0.0550682
168 0.604407 0.155562 0.0449608
169 0.604407 0.180589 0.046882
170 0.604407 0.175104 0.0502341
171 0.604407 0.172313 0.0472397
172 0.604407 0.171032 0.0476422
173 0.604407 0.146572 0.0444208
174 0.604407 0.163072 0.0481142
175 0.604407 0.163229 0.0465166
176 0.604407 0.160702 0.0497581
177 0.604407 0.174651 0.051888
178 0.604407 0.163345 0.0494673
179 0.604407 0.156099 0.0470736
180 0.604407 0.172503 0.0518585
181 0.604407 0.165945 0.0488086
182 0.604407 0.156884 0.0479468
183 0.604407 0.139653 0.0478059
184 0.604407 0.13644 0.0473124
185 0.604407 0.200277 0.0578811
186 0.604407 0.165661 0.0498598
187 0.604407 0.147547 0.0469233
188 0.604407 0.142842 0.0443969
189 0.604407 0.152264 0.0461103
190 0.604407 0.182941 0.0496681
191 0.604407 0.157502 0.048523
192 0.604407 0.145996 0.0454833
193 0.604407 0.153451 0.0424013
194 0.604407 0.167353 0.0499969
195 0.604407 0.163203 0.0463582
196 0.604407 0.184501 0.0492741
197 0.604407 0.188555 0.0523963
198 0.604407 0.158396 0.0501002
199 0.604407 0.161122 0.0451391
200 0.604407 0.148157 0.0453769
201 0.604407 0.162832 0.047137
202 0.604407 0.147856 0.0500201
203 0.604407 0.151802 0.048901
204 0.604407 0.148176 0.0486258
205 0.604407 0.151565 0.0460866
206 0.604407 0.155863 0.0477965
207 0.604407 0.158297 0.0492474
208 0.604407 0.159572 0.0487856
209 0.604407 0.17929 0.0525437
210 0.604407 0.174088 0.0486236
211 0.604407 0.164568 0.0523413
212 0.604407 0.157062 0.0429196
213 0.604407 0.154943 0.048713
214 0.604407 0.180889 0.052931
215 0.604407 0.157274 0.0490417
216 0.604407 0.126242 0.0430996
217 0.604407 0.123009 0.0434589
218 0.604407 0.127833 0.0439366
219 0.604407 0.144238 0.0474453
220 0.604407 0.15984 0.0496529
221 0.604407 0.146138 0.0488748
222 0.604407 0.157517 0.0473246
223 0.604407 0.15782 0.0464594
224 0.604407 0.152637 0.049796
225 0.604407 0.146914 0.0486596
226 0.604407 0.160542 0.0506258
227 0.604407 0.174677 0.0541987
228 0.604407 0.158407 0.0499314
229 0.604407 0.159579 0.0502069
230 0.604407 0.146929 0.0437345
231 0.604407 0.175538 0.0512124
232 0.604407 0.189486 0.0503654
233 0.604407 0.194734 0.0521682
234 0.604407 0.16391 0.0495998
235 0.604888 0.164111 0.0510754
236 0.604888 0.14408 0.0463438
237 0.604888 0.172858 0.048424
238 0.604888 0.160362 0.0489892
239 0.604888 0.159417 0.0479637
240 0.604888 0.169109 0.0501563
241 0.604888 0.175799 0.0476167
242 0.604888 0.181163 0.0512246
243 0.604888 0.150811 0.0452423
244 0.604888 0.16536 0.0476178
245 0.604888 0.169791 0.0462924
246 0.604888 0.16448 0.0497325
247 0.604888 0.16253 0.0466586
248 0.604888 0.163253 0.0478733
249 0.604888 0.165184 0.0511252
250 0.604888 0.156338 0.0437761
251 0.604888 0.168284 0.0466564
252 0.604888 0.180712 0.0493089
253 0.604888 0.150778 0.0460412
254 0.604888 0.155884 0.0474573
255 0.604888 0.17088 0.0529375
256 0.604888 0.184928 0.0532574
257 0.604888 0.161865 0.0499516
258 0.604888 0.170608 0.0493908
259 0.604888 0.184941 0.0512241
260 0.604888 0.176788 0.0524463
261 0.604888 0.147871 0.0455799
262 0.604888 0.169516 0.0451406
263 0.604888 0.158747 0.0444702
264 0.604888 0.186349 0.0543563
265 0.604888 0.17515 0.049986
266 0.604888 0.181913 0.0513348
267 0.604888 0.17736 0.0510013
268 0.604888 0.161472 0.0500721
269 0.604888 0.162854 0.0454861
270 0.604888 0.16189 0.0456019
271 0.604888 0.162391 0.0474918
272 0.604888 0.161626 0.0475538
273 0.604888 0.141154 0.0483567
274 0.604888 0.164056 0.0467313
275 0.604888 0.14952 0.0459016
276 0.604888 0.148886 0.0450872
277 0.604888 0.162078 0.0480867
278 0.604888 0.148065 0.0448557
279 0.604888 0.15652 0.0463336
280 0.604888 0.157464 0.0454176
281 0.604888 0.146291 0.0479671
282 0.604888 0.13885 0.0449016
283 0.604888 0.146309 0.0501008
284 0.604888 0.159706 0.0466347
285 0.604888 0.168184 0.0502485
286 0.604888 0.167823 0.0462949
287 0.604888 0.158892 0.0476279
288 0.604888 0.176365 0.0492119
289 0.604888 0.179063 0.0506294
290 0.604888 0.156747 0.048794
291 0.604888 0.157087 0.0471505
292 0.604888 0.152123 0.0460232
293 0.604888 0.159039 0.0476144
294 0.604888 0.182659 0.0550986
295 0.604888 0.169353 0.0505317
296 0.604888 0.175355 0.0526114
297 0.604888 0.156483 0.0513823
298 0.607837 0.161157 0.0505986
299 0.607837 0.145528 0.0468449
300 0.607837 0.147125 0.0488064
301 0.607837 0.149524 0.0463244
302 0.607837 0.155676 0.0478432
303 0.607837 0.148075 0.046887
304 0.607837 0.166122 0.0463789
305 0.607837 0.179296 0.0497482
306 0.607837 0.173996 0.0513999
307 0.607837 0.138023 0.043744
308 0.607837 0.129588 0.043349
309 0.607837 0.158124 0.0512419
310 0.607837 0.158169 0.0499953
311 0.607837 0.176341 0.0527794
312 0.607837 0.152989 0.0505179
313 0.607837 0.119801 0.0460683
314 0.607837 0.146031 0.0485448
315 0.607837 0.165433 0.0498147
316 0.607837 0.164098 0.0499566
317 0.607837 0.154101 0.0474134
318 0.607837 0.166545 0.0491953
319 0.607837 0.150804 0.0452586
320 0.607837 0.175739 0.0529244
321 0.607837 0.17788 0.053703
322 0.607837 0.167688 0.0488919
323 0.607837 0.168653 0.0488625
324 0.607837 0.150621 0.0467999
325 0.607837 0.154621 0.0510127
326 0.607837 0.147168 0.0451268
327 0.607837 0.136163 0.0437264
328 0.607837 0.184069 0.0523432
329 0.607837 0.146051 0.0497364
330 0.607837 0.144548 0.0478508
331 0.607837 0.154519 0.0484011
332 0.607837 0.168776 0.0485436
333 0.607837 0.14497 0.0460187
334 0.607837 0.137318 0.0455173
335 0.607837 0.138538 0.0410981
336 0.607837 0.137529 0.0455098
337 0.607837 0.126144 0.043307
338 0.607837 0.144691 0.047515
339 0.607837 0.151944 0.0462814
340 0.607837 0.145934 0.0476479
341 0.607837 0.12001 0.0435825
342 0.607837 0.155384 0.0460364
343 0.607837 0.154242 0.0465722
344 0.607837 0.151238 0.0491377
345 0.607837 0.149951 0.04597
346 0.607837 0.134374 0.0483238
347 0.607837 0.154292 0.0516135
348 0.607837 0.168588 0.0476546
349 0.607837 0.169337 0.0491239
350 0.607837 0.134901 0.042209
351 0.607837 0.146129 0.0443126
352 0.607837 0.14117 0.0456726
353 0.607837 0.141854 0.0459925
354 0.607837 0.127933 0.0430463
355 0.607837 0.125895 0.0457983
356 0.607837 0.168327 0.0515708
357 0.607837 0.158834 0.051997
358 0.607837 0.122422 0.03949
359 0.607837 0.14644 0.0477042
360 0.607837 0.160392 0.0464104
361 0.607837 0.157923 0.0481118
362 0.607837 0.150653 0.0476045
363 0.607837 0.155417 0.0511846
364 0.607837 0.163041 0.0520337
365 0.607837 0.122309 0.0443131
366 0.607837 0.123395 0.0407535
367 0.607837 0.138278 0.0462063
368 0.607837 0.140195 0.0430433
369 0.607837 0.159284 0.047807
370 0.607837 0.142197 0.0457322
371 0.607837 0.134245 0.0470276
372 0.607837 0.131863 0.050022
373 0.607837 0.113573 0.0429397
374 0.607837 0.141873 0.0485229
375 0.607837 0.161899 0.0496839
376 0.607837 0.164481 0.0479133
377 0.607837 0.162271 0.050594
378 0.607837 0.149837 0.0467605
379 0.607837 0.140351 0.0436323
380 0.607837 0.150607 0.0455437
381 0.607837 0.15575 0.0466102
382 0.607837 0.137218 0.0438053
383 0.607837 0.133603 0.0426802
384 0.607837 0.132018 0.0415471
385 0.607837 0.146602 0.047249
386 0.607837 0.143666 0.0455197
387 0.607837 0.149096 0.0454043
388 0.607837 0.123128 0.0415009
389 0.607837 0.139887 0.0417488
390 0.607837 0.133945 0.0432253
391 0.607837 0.147418 0.0465594
392 0.607837 0.154522 0.0500656
393 0.607837 0.170206 0.0517361
394 0.607837 0.190647 0.056505
395 0.607837 0.187327 0.0511121
396 0.607837 0.150499 0.0494186
397 0.607837 0.169016 0.0527586
398 0.607837 0.162849 0.0487169
399 0.607837 0.142656 0.0466151
400 0.607837 0.146521 0.0451107
401 0.607837 0.171513 0.0476147
402 0.607837 0.156016 0.0494823
403 0.607837 0.136565 0.0435762
404 0.607837 0.175036 0.0514378
405 0.607837 0.198336 0.0514855
406 0.607837 0.166236 0.0462154
407 0.607837 0.164999 0.0479213
408 0.607837 0.13801 0.0474757
409 0.608825 0.153538 0.0467015
410 0.608825 0.144847 0.0457599
411 0.608825 0.138246 0.0421495
412 0.608825 0.147123 0.0493669
413 0.608825 0.175862 0.048951
414 0.608825 0.137019 0.0444957
415 0.608825 0.128764 0.0412524
416 0.608825 0.148371 0.0497722
417 0.608825 0.153999 0.0460874
418 0.608825 0.176883 0.0496905
419 0.608825 0.15956 0.0512981
420 0.608825 0.132805 0.047893
421 0.608825 0.142228 0.0508208
422 0.608825 0.155148 0.0455922
423 0.608825 0.151683 0.0486312
424 0.608825 0.149055 0.0536213
425 0.608825 0.143827 0.0520811
426 0.608825 0.155575 0.0505355
427 0.608825 0.15059 0.0491389
428 0.608825 0.156092 0.0459056
429 0.608825 0.142197 0.0466955
430 0.608825 0.136553 0.0432674
431 0.608825 0.153261 0.0475637
432 0.608825 0.1414 0.0491422
433 0.608825 0.141684 0.0512521
434 0.608825 0.142983 0.0502078
435 0.608825 0.116368 0.0432074
436 0.608825 0.124085 0.0449792
437 0.608825 0.130238 0.0470085
438 0.608825 0.118609 0.0469241
439 0.608825 0.121098 0.0476732
440 0.608825 0.135246 0.0459262
441 0.608825 0.137187 0.0478234
442 0.608825 0.144275 0.0482035
443 0.608825 0.111362 0.0417462
444 0.608825 0.117793 0.0458648
445 0.608825 0.135278 0.048321
446 0.608825 0.107208 0.0386226
447 0.608825 0.155806 0.047016
448 0.608825 0.154764 0.0468071
449 0.608825 0.149031 0.0500749
450 0.608825 0.153766 0.044058
451 0.608825 0.144934 0.0464658
452 0.608825 0.156491 0.0474659
453 0.608825 0.146629 0.043849
454 0.608825 0.140108 0.0472445
455 0.608825 0.158489 0.0509204
456 0.608825 0.175512 0.0505349
457 0.608825 0.148379 0.0433904
458 0.608825 0.149405 0.0432942
459 0.608825 0.18824 0.0504948
460 0.608825 0.164732 0.0483628
461 0.608825 0.151806 0.0460923
462 0.608825 0.130307 0.0425004
463 0.608825 0.152055 0.0455263
464 0.608825 0.147018 0.0468051
465 0.608825 0.155557 0.0513676
466 0.608825 0.147287 0.0479308
467 0.608825 0.154938 0.0477204
468 0.608825 0.155416 0.0486401
469 0.608825 0.159162 0.0469705
470 0.608825 0.14131 0.0433973
471 0.608825 0.126894 0.0424101
472 0.608825 0.147019 0.0459532
473 0.608825 0.127048 0.0454443
474 0.608825 0.140803 0.0474288
475 0.608825 0.131474 0.0463411
476 0.608825 0.141684 0.0443544
477 0.608825 0.145113 0.0466111
478 0.608825 0.149678 0.047024
479 0.608825 0.144618 0.0466348
480 0.608825 0.158275 0.0511879
481 0.608825 0.142996 0.0465559
482 0.608825 0.148177 0.0436686
483 0.608825 0.125687 0.0447475
484 0.608825 0.136319 0.0479124
485 0.608825 0.141855 0.0484641
486 0.608825 0.157592 0.0532715
487 0.608825 0.132667 0.0442063
488 0.608825 0.150471 0.0443632
489 0.608825 0.151035 0.0461919
490 0.608825 0.125565 0.0448848
491 0.608825 0.135266 0.046826
492 0.608825 0.146761 0.0463208
493 0.608825 0.122039 0.042935
494 0.608825 0.126443 0.0469249
495 0.608825 0.0918399 0.0374215
496 0.608825 0.112749 0.0446334
497 0.608825 0.127644 0.045922
498 0.608825 0.13968 0.0477612
499 0.608825 0.142384 0.0499299
500 0.608825 0.141197 0.046647
501 0.608825 0.146638 0.0475076
502 0.608825 0.120096 0.0423614
503 0.608825 0.113014 0.0393875
504 0.608825 0.136957 0.0492823
505 0.608825 0.137906 0.0479466
506 0.608825 0.120371 0.0424231
507 0.608825 0.126162 0.0442329
508 0.608825 0.149853 0.0449081
509 0.608825 0.142385 0.0437973
510 0.608825 0.155994 0.0487405
511 0.608825 0.136893 0.045499
512 0.608825 0.138903 0.0510971
513 0.608825 0.13945 0.0486057
514 0.608825 0.146046 0.0475528
515 0.608825 0.127723 0.0459331
516 0.608825 0.146125 0.0524151
517 0.608825 0.171023 0.0571725
518 0.608825 0.125209 0.0438608
519 0.608825 0.120184 0.0441197
520 0.608825 0.13704 0.0473907
521 0.608825 0.137167 0.0465633
522 0.608825 0.133365 0.0486761
523 0.608825 0.146309 0.0491848
524 0.608825 0.139614 0.0471391
525 0.608825 0.131649 0.0494232
526 0.608825 0.141671 0.0465677
527 0.608825 0.126104 0.0405014
528 0.608825 0.121651 0.0415832
529 0.608825 0.138807 0.0444987
530 0.608825 0.149833 0.0506746
531 0.608825 0.137863 0.0508393
532 0.608825 0.139933 0.0516499
533 0.608825 0.13594 0.0505754
534 0.608825 0.143577 0.0502133
535 0.608825 0.138616 0.0480801
536 0.608825 0.149438 0.0465914
537 0.608825 0.144692 0.0508794
538 0.608825 0.12482 0.0445714
539 0.608825 0.127859 0.0448578
540 0.608825 0.127784 0.0458926
541 0.608825 0.134559 0.0497658
542 0.608825 0.124504 0.0456409
543 0.608825 0.131386 0.0469713
544 0.608825 0.121298 0.0429129
545 0.608825 0.143513 0.0465158
546 0.608825 0.150884 0.0481088
547 0.608825 0.164368 0.049875
548 0.608825 0.14202 0.0499427
549 0.608825 0.128946 0.0436596
550 0.608825 0.137129 0.0470776
551 0.608825 0.130211 0.0451071
552 0.608825 0.13514 0.0462733
553 0.608825 0.168958 0.0493942
554 0.608825 0.150063 0.0499801
555 0.608825 0.137217 0.0454506
556 0.608825 0.135956 0.0457091
557 0.608825 0.147474 0.0469122
558 0.608825 0.141167 0.0428931
559 0.608825 0.149199 0.048741
560 0.608825 0.1479 0.0485184
561 0.608825 0.15276 0.0490996
562 0.608825 0.177302 0.0504031
563 0.608825 0.147318 0.0451354
564 0.608825 0.164777 0.0492498
565 0.608825 0.134451 0.0493654
566 0.608825 0.125081 0.0429422
567 0.608825 0.138858 0.0444992
568 0.608825 0.141724 0.0466985
569 0.608825 0.144318 0.0453378
570 0.608825 0.136093 0.0453033
571 0.608825 0.127767 0.0449621
572 0.608825 0.12455 0.0472475
573 0.608825 0.137031 0.0471287
574 0.608825 0.157049 0.0512608
575 0.608825 0.150602 0.0510037
576 0.608825 0.136689 0.0471189
577 0.608825 0.137078 0.0450792
578 0.608825 0.105084 0.0397381
579 0.608825 0.140393 0.0470083
580 0.608825 0.142815 0.047753
581 0.608825 0.165088 0.0540955
582 0.608825 0.140579 0.0481348
583 0.608825 0.144705 0.0508653
584 0.608825 0.153742 0.0524092
585 0.608825 0.152478 0.0498355
586 0.608825 0.150444 0.0498006
587 0.608825 0.134887 0.0469063
588 0.608825 0.127592 0.0477438
589 0.608825 0.13852 0.0523186
590 0.608825 0.115446 0.0469763
591 0.608825 0.133802 0.0483777
592 0.608825 0.128446 0.0492516
593 0.608825 0.12274 0.0459468
594 0.608825 0.126923 0.0418606
595 0.608825 0.152049 0.0466187
596 0.608825 0.152518 0.0482723
597 0.608825 0.136224 0.046532
598 0.608825 0.141902 0.0461996
599 0.608825 0.133993 0.0450102
600 0.608825 0.119462 0.043643
601 0.608825 0.122426 0.0471762
602 0.608825 0.110377 0.0405115
603 0.608825 0.121026 0.0443483
604 0.608825 0.142215 0.0491052
605 0.608825 0.148025 0.0508472
606 0.608825 0.132982 0.0507325
607 0.608825 0.14669 0.0503742
608 0.608825 0.138248 0.0465736
609 0.608825 0.144347 0.0481986
610 0.608825 0.133511 0.0466757
611 0.608825 0.133093 0.0463461
612 0.608825 0.13859 0.0476063
613 0.608825 0.141888 0.047545
614 0.608825 0.16643 0.04993
615 0.608825 0.170142 0.0485739
616 0.608825 0.140575 0.042193
617 0.608825 0.161881 0.047305
618 0.608825 0.162289 0.0515859
619 0.608825 0.136198 0.0477109
620 0.608825 0.145349 0.0473395
621 0.608825 0.136332 0.0495953
622 0.608825 0.122546 0.0440148
623 0.608825 0.134925 0.0435099
624 0.608825 0.137041 0.0483463
625 0.608825 0.108255 0.0406986
626 0.608825 0.147236 0.0503137
627 0.608825 0.121189 0.0461917
628 0.608825 0.117912 0.0419595
629 0.608825 0.11605 0.0424386
630 0.608825 0.111665 0.0411113
631 0.608825 0.133573 0.0465012
632 0.608825 0.130523 0.0456499
633 0.608825 0.142881 0.0495753
634 0.608825 0.14244 0.0485334
635 0.608825 0.151393 0.0484005
636 0.608825 0.142737 0.0499767
637 0.608825 0.131559 0.0493721
638 0.608825 0.137094 0.046835
639 0.608825 0.122447 0.0449112
640 0.608825 0.163522 0.0553213
641 0.608825 0.133013 0.0417949
642 0.608825 0.140733 0.0459032
643 0.608825 0.162831 0.050995
644 0.608825 0.148512 0.0477001
645 0.608825 0.148891 0.0454178
646 0.608825 0.149744 0.0479485
647 0.608825 0.141363 0.0457188
648 0.608825 0.147228 0.0503995
649 0.608825 0.133319 0.0430404
650 0.608825 0.116318 0.0410236
651 0.608825 0.130494 0.043936
652 0.608825 0.114033 0.0421877
653 0.608825 0.134123 0.0421991
654 0.608825 0.144174 0.0485475
655 0.608825 0.157841 0.0509554
656 0.608825 0.151637 0.0470061
657 0.608825 0.119809 0.0431185
658 0.608825 0.143812 0.0495176
659 0.608825 0.139454 0.0476547
660 0.608825 0.12369 0.0438315
661 0.608825 0.154487 0.0478334
662 0.608825 0.158687 0.0485654
663 0.608825 0.152488 0.0514803
664 0.608825 0.1408 0.048543
665 0.608825 0.133974 0.0438801
666 0.608825 0.146106 0.0466488
667 0.608825 0.141046 0.0454328
668 0.608825 0.128411 0.0414707
669 0.608825 0.146657 0.0420034
670 0.608825 0.132082 0.0407337
671 0.608825 0.14223 0.0426346
672 0.608825 0.161558 0.0474971
673 0.608825 0.157674 0.0487592
674 0.608825 0.138987 0.0480396
675 0.608825 0.142535 0.0473331
676 0.608825 0.137805 0.0482302
677 0.608825 0.142596 0.0513678
678 0.609863 0.132886 0.0435235
679 0.609863 0.141213 0.0502911
680 0.609863 0.135954 0.0461102
681 0.609863 0.140877 0.0491535
682 0.609863 0.103675 0.0413735
683 0.609863 0.130394 0.0435667
684 0.609863 0.124733 0.0445629
685 0.609863 0.135577 0.0432825
686 0.609863 0.13395 0.0433405
687 0.609863 0.136323 0.0444748
688 0.609863 0.141615 0.0479129
689 0.609863 0.13967 0.046217
690 0.609863 0.148566 0.0481821
691 0.609863 0.127773 0.0426749
692 0.609863 0.140691 0.0493011
693 0.609863 0.13883 0.0471566
694 0.609863 0.150407 0.0490453
695 0.609863 0.143377 0.0464038
696 0.609863 0.127649 0.0443308
697 0.609863 0.12317 0.0422165
698 0.609863 0.107839 0.0419074
699 0.609863 0.110432 0.0439066
700 0.609863 0.135919 0.0450795
701 0.609863 0.131655 0.0465384
702 0.609863 0.117775 0.0412532
703 0.609863 0.135958 0.0519052
704 0.609863 0.162105 0.049309
705 0.609863 0.143743 0.0444153
706 0.609863 0.142422 0.0481782
707 0.609863 0.134401 0.0419364
708 0.609863 0.139044 0.0445549
709 0.609863 0.140846 0.0492348
710 0.609863 0.1317 0.0449882
711 0.609863 0.131773 0.043995
712 0.609863 0.12754 0.0483763
713 0.609863 0.112639 0.0434023
714 0.609863 0.13259 0.0450066
715 0.609863 0.141457 0.0521784
716 0.609863 0.126246 0.0481307
717 0.609863 0.123308 0.0429955
718 0.609863 0.158098 0.0472066
719 0.609863 0.160302 0.0521382
720 0.609863 0.148718 0.048944
721 0.609863 0.157019 0.0480631
722 0.609863 0.1401 0.0450846
723 0.609863 0.134216 0.0484639
724 0.609863 0.14044 0.0457415
725 0.609863 0.12152 0.0420038
726 0.609863 0.127051 0.0426743
727 0.609863 0.134204 0.0457531
728 0.609863 0.120686 0.0450919
729 0.609863 0.133577 0.0473233
730 0.609863 0.144889 0.0505207
731 0.609863 0.114771 0.0420288
732 0.609863 0.119616 0.0462505
733 0.609863 0.125387 0.0481991
734 0.609863 0.134147 0.0481469
735 0.609863 0.130721 0.0464631
736 0.609863 0.132335 0.0467183
737 0.609863 0.108917 0.0415212
738 0.609863 0.115493 0.0405355
739 0.609863 0.136032 0.0448165
740 0.609863 0.141448 0.0502665
741 0.609863 0.156042 0.050927
742 0.609863 0.153541 0.0530807
743 0.609863 0.152222 0.0509677
744 0.609863 0.145718 0.0512293
745 0.609863 0.126589 0.0471789
746 0.609863 0.153195 0.0504943
747 0.609863 0.1326 0.04941
748 0.609863 0.128641 0.0483042
749 0.609863 0.123608 0.0449074
750 0.609863 0.153647 0.0528818
751 0.609863 0.143558 0.0489715
752 0.609863 0.138135 0.047148
753 0.609863 0.138049 0.0451896
754 0.609863 0.164526 0.0506226
755 0.609863 0.167991 0.0492372
756 0.609863 0.136584 0.0469001
757 0.609863 0.153113 0.0502519
758 0.609863 0.134207 0.0451069
759 0.609863 0.13227 0.0452027
760 0.609863 0.143144 0.0460551
761 0.609863 0.129024 0.0450729
762 0.609863 0.12575 0.0461851
763 0.609863 0.134127 0.0465197
764 0.609863 0.135961 0.0488547
765 0.609863 0.11593 0.0429649
766 0.609863 0.13504 0.0431915
767 0.609863 0.125424 0.0433761
768 0.609863 0.136031 0.0468023
769 0.609863 0.154625 0.0498184
770 0.609863 0.125961 0.0478181
771 0.609863 0.148147 0.0508751
772 0.609863 0.135804 0.0490161
773 0.609863 0.135943 0.0486517
774 0.609863 0.14181 0.0483064
775 0.609863 0.143983 0.0500056
776 0.609863 0.0978521 0.0399493
777 0.609863 0.121647 0.0464147
778 0.609863 0.137273 0.0462204
779 0.609863 0.135737 0.0454326
780 0.609863 0.162376 0.0496284
781 0.609863 0.14125 0.0455573
782 0.609863 0.142246 0.0426331
783 0.609863 0.134556 0.0435753
784 0.609863 0.130163 0.0433826
785 0.609863 0.146346 0.044421
786 0.609863 0.140269 0.0445116
787 0.609863 0.155969 0.0507014
788 0.609863 0.125471 0.0478267
789 0.609863 0.123572 0.0428099
790 0.609863 0.114334 0.0433632
791 0.609863 0.112367 0.0427061
792 0.609863 0.128956 0.04532
793 0.609863 0.138899 0.048634
794 0.609863 0.137108 0.0464611
795 0.609863 0.123534 0.0435369
796 0.609863 0.11996 0.0442727
797 0.609863 0.125895 0.0456233
798 0.613246 0.141799 0.0460548
799 0.613246 0.127618 0.0466868
800 0.613979 0.143003 0.0480818
801 0.613979 0.127151 0.0446302
802 0.613979 0.145466 0.0518895
803 0.613979 0.106279 0.0403106
804 0.613979 0.145902 0.0525286
805 0.613979 0.136872 0.0497195
806 0.613979 0.124401 0.0451826
807 0.613979 0.138867 0.0509336
808 0.613979 0.148808 0.0545339
809 0.613979 0.147367 0.0537629
810 0.613979 0.158241 0.0557621
811 0.613979 0.124261 0.0472674
812 0.613979 0.125235 0.0477854
813 0.613979 0.128911 0.0468242
814 0.613979 0.124729 0.0491792
815 0.613979 0.121402 0.0483276
816 0.613979 0.0911188 0.0406935
817 0.613979 0.107958 0.0447228
818 0.613979 0.104522 0.0421693
819 0.613979 0.102153 0.0436288
820 0.613979 0.11485 0.0485653
821 0.613979 0.125524 0.0506627
822 0.613979 0.131978 0.0493219
823 0.613979 0.115108 0.0420849
824 0.613979 0.126265 0.0485552
825 0.613979 0.128165 0.0496981
826 0.613979 0.13043 0.0469613
827 0.613979 0.130753 0.049516
828 0.613979 0.114056 0.0443666
829 0.613979 0.126343 0.0519366
830 0.613979 0.151264 0.0554928
831 0.613979 0.142281 0.0519747
832 0.613979 0.135357 0.0509434
833 0.613979 0.14106 0.0488653
834 0.613979 0.125927 0.0485588
835 0.613979 0.131047 0.054573
836 0.613979 0.113967 0.0458044
837 0.613979 0.0839208 0.0383677
838 0.613979 0.0974059 0.0396932
839 0.613979 0.0992099 0.0438024
840 0.613979 0.119567 0.0484538
841 0.613979 0.122722 0.0483157
842 0.613979 0.116708 0.0462444
843 0.613979 0.130699 0.0486512
844 0.613979 0.137996 0.0469073
845 0.613979 0.10113 0.0404322
846 0.613979 0.120354 0.0443347
847 0.613979 0.124411 0.046852
848 0.613979 0.1118 0.0444883
849 0.613979 0.112911 0.0452137
850 0.613979 0.118126 0.045059
851 0.613979 0.118254 0.0456527
852 0.613979 0.120794 0.0468199
853 0.613979 0.117932 0.0439332
854 0.613979 0.121836 0.0468093
855 0.613979 0.122077 0.0482526
856 0.613979 0.133648 0.0479192
857 0.613979 0.143239 0.0516824
858 0.613979 0.126569 0.0450002
859 0.613979 0.113789 0.0458433
860 0.613979 0.112629 0.0433944
861 0.613979 0.112564 0.0448448
862 0.613979 0.12235 0.047267
863 0.613979 0.12599 0.043613
864 0.613979 0.109039 0.0416251
865 0.613979 0.127447 0.0476235
866 0.613979 0.123015 0.0442437
867 0.613979 0.133443 0.047878
868 0.613979 0.130769 0.0468534
869 0.613979 0.144518 0.0550458
870 0.613979 0.13846 0.0515076
871 0.613979 0.141844 0.0515916
872 0.613979 0.133618 0.0507429
873 0.613979 0.11302 0.0428837
874 0.613979 0.108268 0.0454671
875 0.613979 0.108996 0.0453439
876 0.613979 0.111325 0.0450693
877 0.613979 0.0987116 0.0386102
878 0.613979 0.115188 0.0480308
879 0.613979 0.140079 0.0506303
880 0.613979 0.132398 0.0437103
881 0.613979 0.141501 0.0509773
882 0.613979 0.142602 0.0497768
883 0.613979 0.138569 0.0481517
884 0.613979 0.099096 0.0414115
885 0.613979 0.125651 0.045624
886 0.613979 0.132114 0.05193
887 0.613979 0.126182 0.0471682
888 0.613979 0.110341 0.0439584
889 0.613979 0.0879075 0.039951
890 0.613979 0.106684 0.0427711
891 0.613979 0.123816 0.0471461
892 0.613979 0.131095 0.0480181
893 0.613979 0.120864 0.0470811
894 0.613979 0.111714 0.0423833
895 0.613979 0.121512 0.0501915
896 0.613979 0.116566 0.0475135
897 0.613979 0.12987 0.0496544
898 0.613979 0.116947 0.0459345
899 0.613979 0.119344 0.0457879
900 0.613979 0.112426 0.0457427
901 0.613979 0.110703 0.0468824
902 0.613979 0.121764 0.0459071
903 0.613979 0.13925 0.0468304
904 0.613979 0.128442 0.0481602
905 0.613979 0.133109 0.0484792
906 0.613979 0.125414 0.0475674
907 0.613979 0.112254 0.0462976
908 0.613979 0.122294 0.0465175
909 0.614321 0.11758 0.0457081
910 0.614321 0.118727 0.0472794
911 0.614321 0.126041 0.0492488
912 0.614321 0.135726 0.0496982
913 0.614321 0.152253 0.0510717
914 0.614321 0.151416 0.0512459
915 0.614321 0.132129 0.0471424
916 0.614321 0.130978 0.0461103
917 0.614321 0.102365 0.0451798
918 0.614321 0.124607 0.0471954
919 0.614321 0.108219 0.0437161
920 0.614321 0.0974482 0.04194
921 0.614321 0.12735 0.0485651
922 0.614321 0.104282 0.0414701
923 0.614321 0.113121 0.046251
924 0.614321 0.115551 0.0450575
925 0.614321 0.10816 0.0435266
926 0.614321 0.11177 0.0439499
927 0.614321 0.110799 0.0418645
928 0.614321 0.115695 0.0474688
929 0.614321 0.108267 0.0448881
930 0.614321 0.100064 0.043099
931 0.614321 0.107945 0.0443854
932 0.615048 0.124637 0.0525509
933 0.615048 0.116863 0.0495252
934 0.615048 0.133081 0.0477325
935 0.615048 0.129894 0.0459151
936 0.615048 0.144722 0.0500205
937 0.615048 0.122701 0.0484816
938 0.615048 0.129152 0.0492502
939 0.615048 0.120164 0.0470034
940 0.615048 0.12584 0.0507422
941 0.615048 0.128502 0.0509305
942 0.615048 0.136486 0.0522824
943 0.615048 0.12456 0.046279
944 0.615048 0.123048 0.0473351
945 0.615048 0.117907 0.043821
946 0.615048 0.121412 0.0447402
947 0.615048 0.128714 0.0489705
948 0.615048 0.117811 0.0467301
949 0.615048 0.130191 0.0466176
950 0.615048 0.137105 0.0495614
951 0.615048 0.14336 0.0495917
952 0.615048 0.14007 0.0493162
953 0.615048 0.136745 0.0523254
954 0.615048 0.157393 0.0527217
955 0.615048 0.135458 0.0486696
956 0.615048 0.136008 0.0478079
957 0.615048 0.149281 0.0567158
958 0.615048 0.136696 0.0498524
959 0.615048 0.121529 0.0460691
960 0.615048 0.113715 0.0459866
961 0.615048 0.119915 0.0431483
962 0.615048 0.13134 0.0455927
963 0.615048 0.122755 0.0469309
964 0.615048 0.117276 0.0421483
965 0.615048 0.129438 0.0459662
966 0.615048 0.13076 0.0460694
967 0.615048 0.119701 0.0428435
968 0.615048 0.129529 0.047858
969 0.615048 0.122172 0.0462442
970 0.615048 0.121679 0.044149
971 0.615048 0.131312 0.044168
972 0.615048 0.134853 0.0522094
973 0.615048 0.11007 0.044536
974 0.615048 0.122654 0.0491993
975 0.615048 0.108052 0.0421696
976 0.615048 0.122765 0.0480103
977 0.615048 0.126189 0.0464881
978 0.615048 0.109605 0.0465064
979 0.615048 0.107532 0.0395555
980 0.615048 0.140103 0.0498267
981 0.615048 0.156211 0.0526247
982 0.615048 0.152239 0.0506864
983 0.615048 0.155669 0.0494301
984 0.615048 0.114595 0.0407606
985 0.615048 0.14398 0.049676
986 0.615048 0.138687 0.0501591
987 0.615048 0.146557 0.0543497
988 0.615048 0.135258 0.0529563
989 0.615048 0.125709 0.0462658
990 0.615048 0.152991 0.0532075
991 0.615048 0.12584 0.0494811
992 0.615048 0.130789 0.0489347
993 0.615048 0.117744 0.0456346
994 0.615048 0.113059 0.043957
995 0.615048 0.117045 0.0475152
996 0.615048 0.144565 0.0512138
997 0.615048 0.147874 0.0536773
998 0.615048 0.116954 0.0455501
999 0.615048 0.112468 0.0457684
1000 0.615048 0.12321 0.0487223
