0 0.125253 0.0638414 0.00394986
1 0.125276 0.0663505 0.00393976
2 0.125276 0.0754476 0.00375388
3 0.125276 0.0870464 0.00329713
4 0.125276 0.0889824 0.00323533
5 0.125276 0.0907893 0.00308036
6 0.125276 0.0868498 0.00330084
7 0.125276 0.091683 0.0030624
8 0.125276 0.0891537 0.00321036
9 0.125276 0.0955937 0.00280197
10 0.125277 0.10278 0.00230708
11 0.125277 0.101497 0.00241062
12 0.125277 0.101632 0.00238663
13 0.125277 0.100186 0.00251092
14 0.125277 0.103896 0.0022308
15 0.125277 0.109037 0.00175636
16 0.125277 0.1005 0.00246421
17 0.125277 0.109174 0.00173058
18 0.125277 0.109588 0.00167936
19 0.125277 0.113336 0.00131078
20 0.125277 0.107657 0.0018966
21 0.125278 0.10764 0.00189962
22 0.125278 0.113983 0.00127526
23 0.125278 0.116392 0.0010295
24 0.125278 0.115753 0.00105562
25 0.125278 0.118906 0.000746355
26 0.125278 0.113893 0.00129206
27 0.125278 0.108962 0.00177143
28 0.125278 0.105183 0.00211459
29 0.125278 0.110212 0.00165246
30 0.125278 0.110148 0.00158459
31 0.125278 0.114708 0.00114567
32 0.125278 0.11098 0.00151521
33 0.125278 0.11349 0.00125905
34 0.125278 0.116889 0.000927228
35 0.125278 0.116427 0.00102229
36 0.125278 0.116413 0.00102695
37 0.125278 0.11393 0.00129085
38 0.125278 0.114422 0.00120101
39 0.125278 0.115156 0.00116195
40 0.125278 0.115254 0.00113872
41 0.125278 0.117675 0.000886735
42 0.125278 0.120845 0.000486253
43 0.125278 0.118984 0.000736058
44 0.125278 0.117652 0.000890126
45 0.125278 0.120147 0.000607513
46 0.125278 0.121389 0.000460337
47 0.125278 0.122661 0.000310165
48 0.125278 0.120143 0.000607352
49 0.125278 0.118896 0.000751532
50 0.125278 0.122667 0.000304297
51 0.125278 0.123914 0.00015498
52 0.125278 0.123908 0.000156656
53 0.125278 0.123906 0.000156651
54 0.125278 0.12515 7.89004e-09
55 0.125278 0.122661 0.000310164
56 0.125278 0.123889 0.000156609
57 0.125278 0.118897 0.000751546
58 0.125278 0.120134 0.00060742
59 0.125278 0.12265 0.000310107
60 0.125278 0.122651 0.000310112
61 0.125278 0.123914 0.000156671
62 0.125278 0.122653 0.000310125
63 0.125278 0.120145 0.000607534
64 0.125278 0.117775 0.000861213
65 0.125278 0.116434 0.00102093
66 0.125278 0.120144 0.000607464
67 0.125278 0.122656 0.000310137
68 0.125278 0.120158 0.000607668
69 0.125278 0.120145 0.000607532
70 0.125278 0.113894 0.00129591
71 0.125278 0.120142 0.000607502
72 0.125278 0.117654 0.000892499
73 0.125278 0.121404 0.000460452
74 0.125278 0.118905 0.000751649
75 0.125278 0.12014 0.000607485
76 0.125278 0.116398 0.00103009
77 0.125278 0.118899 0.00075158
78 0.125278 0.116401 0.00103015
79 0.125278 0.121401 0.000460287
80 0.125278 0.121418 0.000460557
81 0.125278 0.120135 0.000607433
82 0.125278 0.120162 0.000607702
83 0.125278 0.121394 0.000460084
84 0.125278 0.118898 0.000751566
85 0.125278 0.11767 0.000889203
86 0.125278 0.117666 0.000888843
87 0.125278 0.120148 0.000607566
88 0.125278 0.118891 0.000751468
89 0.125278 0.117644 0.000892338
90 0.125278 0.121395 0.000460384
91 0.125278 0.118899 0.000751572
92 0.125278 0.120143 0.000607513
93 0.125279 0.118913 0.000751446
94 0.125279 0.122662 0.00031017
95 0.125279 0.123906 0.000156651
96 0.125279 0.122656 0.00031008
97 0.125279 0.123902 0.00015664
98 0.125279 0.122656 0.000309349
99 0.125279 0.121409 0.000458966
100 0.125279 0.122658 0.000310149
101 0.125279 0.123911 0.000156663
102 0.125279 0.121399 0.000460418
103 0.125279 0.121403 0.000460443
104 0.125279 0.122657 0.000310143
105 0.125279 0.118894 0.000751505
106 0.125279 0.118897 0.000751549
107 0.125279 0.121397 0.0004604
108 0.125279 0.122646 0.000310088
109 0.125279 0.122654 0.000310127
110 0.125279 0.120157 0.000607658
111 0.125279 0.120148 0.00060756
112 0.125279 0.12014 0.000607479
113 0.125279 0.120161 0.000607692
114 0.125279 0.121396 0.00046039
115 0.125279 0.118909 0.000751695
116 0.125279 0.121402 0.00046044
117 0.125279 0.121402 0.000460441
118 0.125279 0.118188 0.000792262
119 0.125279 0.118904 0.000751632
120 0.125279 0.120151 0.000607599
121 0.125279 0.120153 0.000607613
122 0.125279 0.120148 0.000607567
123 0.125279 0.118915 0.000750541
124 0.125279 0.117651 0.00089244
125 0.125279 0.117657 0.000892538
126 0.125279 0.115146 0.00116408
127 0.125279 0.115153 0.00116472
128 0.125279 0.11764 0.000892274
129 0.125279 0.117643 0.000892334
130 0.125279 0.116403 0.00103017
131 0.125279 0.120153 0.000607615
132 0.125279 0.121391 0.000460361
133 0.125279 0.121392 0.000460363
134 0.125279 0.120152 0.000607605
135 0.125279 0.121395 0.000460388
136 0.125279 0.122671 0.000310212
137 0.125279 0.122648 0.000310097
138 0.125279 0.123903 0.000156644
139 0.125279 0.122672 0.000310223
140 0.125279 0.120149 0.00060758
141 0.125279 0.116395 0.00103003
142 0.125279 0.117662 0.000892606
143 0.125279 0.11515 0.00116466
144 0.125279 0.121401 0.00046043
145 0.125279 0.11765 0.000892433
146 0.125279 0.120143 0.000607516
147 0.125279 0.118896 0.000751541
148 0.125279 0.120159 0.000607672
149 0.125279 0.118899 0.000751578
150 0.125279 0.11889 0.000751457
151 0.125279 0.116395 0.00103003
152 0.125279 0.117655 0.000892504
153 0.125279 0.120146 0.000607539
154 0.125279 0.117653 0.000892475
155 0.125279 0.118898 0.000751564
156 0.125279 0.120154 0.000607621
157 0.125279 0.12391 0.00015666
158 0.125279 0.122668 0.000310198
159 0.125279 0.122652 0.000310121
160 0.125279 0.122651 0.000310114
161 0.125279 0.121404 0.000460452
162 0.125279 0.11764 0.000892286
163 0.125279 0.117639 0.000892258
164 0.125279 0.117644 0.000892342
165 0.125279 0.120283 0.000573847
166 0.125279 0.121394 0.000460376
167 0.125279 0.120149 0.000607577
168 0.125279 0.120149 0.000607571
169 0.125279 0.122659 0.000310154
170 0.125279 0.122642 0.00031007
171 0.125279 0.122646 0.000310091
172 0.125279 0.123892 0.000156617
173 0.125279 0.123907 0.000156653
174 0.125279 0.122658 0.000310148
175 0.125279 0.123899 0.000156633
176 0.125279 0.123895 0.000156622
177 0.125279 0.1239 0.000156635
178 0.125279 0.125145 7.67698e-09
179 0.125279 0.125136 7.00058e-09
180 0.125279 0.125147 6.55578e-09
181 0.125279 0.125158 7.14985e-09
182 0.125279 0.123905 0.000156648
183 0.125279 0.123897 0.000156629
184 0.125279 0.121409 0.000460495
185 0.125279 0.120156 0.000607644
186 0.125279 0.117647 0.000892391
187 0.125279 0.118893 0.000751491
188 0.125279 0.118896 0.000751531
189 0.125279 0.120149 0.000607578
190 0.125279 0.116404 0.00103019
191 0.125279 0.113899 0.00129601
192 0.125279 0.120166 0.00060775
193 0.125279 0.123919 0.000156685
194 0.125279 0.120168 0.000606512
195 0.125279 0.120178 0.000603314
196 0.125279 0.1239 0.000156636
197 0.125279 0.120153 0.000607619
198 0.125279 0.122653 0.000310123
199 0.125279 0.122662 0.000310167
200 0.125279 0.121411 0.00046051
201 0.125279 0.120149 0.00060757
202 0.125279 0.120163 0.000607713
203 0.125279 0.122657 0.000310146
204 0.125279 0.120162 0.000607708
205 0.125279 0.123898 0.000156631
206 0.125279 0.120138 0.000607461
207 0.125279 0.125147 6.57366e-09
208 0.125279 0.123904 0.000156647
209 0.125279 0.123909 0.000156657
210 0.125279 0.123898 0.00015663
211 0.125279 0.123913 0.000156669
212 0.125279 0.122647 0.000310093
213 0.125279 0.122651 0.000310111
214 0.125279 0.121406 0.00046047
215 0.125279 0.122651 0.000310115
216 0.125279 0.122644 0.000310077
217 0.125279 0.121404 0.000460454
218 0.125279 0.121407 0.000460477
219 0.125279 0.121393 0.000460373
220 0.125279 0.121403 0.000460448
221 0.125279 0.122654 0.000310131
222 0.125279 0.122643 0.000310071
223 0.125279 0.122658 0.000310147
224 0.125279 0.12015 0.000607587
225 0.125279 0.12266 0.00031016
226 0.125279 0.123906 0.000156649
227 0.125279 0.122647 0.000310095
228 0.125279 0.123895 0.000156624
229 0.125279 0.121401 0.000460431
230 0.125279 0.120149 0.000607577
231 0.125279 0.120154 0.000607624
232 0.125279 0.122652 0.000310122
233 0.125279 0.121402 0.00046044
234 0.125279 0.121406 0.000460472
235 0.125279 0.116405 0.0010302
236 0.125279 0.120163 0.000607711
237 0.125279 0.120168 0.000607763
238 0.125279 0.12266 0.000310158
239 0.125279 0.122658 0.00031015
240 0.125279 0.120157 0.000607654
241 0.125279 0.11891 0.000751718
242 0.125279 0.120166 0.000607745
243 0.125279 0.121405 0.00046046
244 0.125279 0.120169 0.000607775
245 0.125279 0.122647 0.000310092
246 0.125279 0.122655 0.000310134
247 0.125279 0.125156 6.77919e-09
248 0.125279 0.125144 7.29994e-09
249 0.125279 0.123903 0.000156643
250 0.125279 0.125159 6.12255e-09
251 0.125279 0.125152 6.55098e-09
252 0.125279 0.125155 6.92678e-09
253 0.125279 0.125159 6.76514e-09
254 0.125279 0.123912 0.000156666
255 0.125279 0.122657 0.000310142
256 0.125279 0.122656 0.000310138
257 0.125279 0.123901 0.000156639
258 0.125279 0.123898 0.000156631
259 0.125279 0.123921 0.000154008
260 0.125279 0.12516 6.83844e-09
261 0.125279 0.12516 6.41828e-09
262 0.125279 0.123905 0.000156649
263 0.125279 0.123915 0.000156673
264 0.125279 0.12392 0.000156687
265 0.125279 0.123909 0.000156659
266 0.125279 0.125174 6.40471e-09
267 0.125279 0.122655 0.000310135
268 0.125279 0.123904 0.000156646
269 0.125279 0.121407 0.000460474
270 0.125279 0.122642 0.000310021
271 0.125279 0.122759 0.000288758
272 0.125279 0.121501 0.000439293
273 0.125279 0.122647 0.000310092
274 0.125279 0.122654 0.000310131
275 0.125279 0.123916 0.000156677
276 0.125279 0.123912 0.000156668
277 0.125279 0.123903 0.000156644
278 0.125279 0.123925 0.000149532
279 0.125279 0.123942 0.000148612
280 0.125279 0.125165 6.84476e-09
281 0.125279 0.125154 7.68573e-09
282 0.125279 0.123908 0.000156657
283 0.125279 0.123917 0.000156678
284 0.125279 0.123916 0.000156676
285 0.125279 0.125163 7.78132e-09
286 0.125279 0.123906 0.000156651
287 0.125279 0.122658 0.000310149
288 0.125279 0.121401 0.000460433
289 0.125279 0.122664 0.000310177
290 0.125279 0.122647 0.000310092
291 0.125279 0.122656 0.000310138
292 0.125279 0.120139 0.000607478
293 0.125279 0.123899 0.000156634
294 0.125279 0.1239 0.000156637
295 0.125279 0.121397 0.000460401
296 0.125279 0.118997 0.000729997
297 0.125279 0.122707 0.000298166
298 0.125279 0.122664 0.000310181
299 0.125279 0.125163 8.37504e-09
300 0.125279 0.125168 7.54483e-09
301 0.125279 0.1239 0.000156635
302 0.125279 0.123898 0.000156632
303 0.125279 0.121411 0.000460508
304 0.125279 0.122652 0.000310119
305 0.125279 0.121391 0.000460355
306 0.125279 0.122651 0.000310114
307 0.125279 0.121395 0.000460385
308 0.125279 0.118893 0.000751496
309 0.125279 0.121391 0.000460353
310 0.125279 0.121397 0.000460397
311 0.125279 0.125146 7.08888e-09
312 0.125279 0.122638 0.00031005
313 0.125279 0.121411 0.000460511
314 0.125279 0.123921 0.000156687
315 0.125279 0.123911 0.000156664
316 0.125279 0.122655 0.000310133
317 0.125279 0.122654 0.000310129
318 0.125279 0.120153 0.000607616
319 0.125279 0.118904 0.000751634
320 0.125279 0.121407 0.000460478
321 0.125279 0.122647 0.000310094
322 0.125279 0.120153 0.000607611
323 0.125279 0.12016 0.000607684
324 0.125279 0.122666 0.000310188
325 0.125279 0.123921 0.000156689
326 0.125279 0.121406 0.000460467
327 0.125279 0.118901 0.000751605
328 0.125279 0.122666 0.000310187
329 0.125279 0.121422 0.000460589
330 0.125279 0.122661 0.000310162
331 0.125279 0.123895 0.000156625
332 0.125279 0.123918 0.000156682
333 0.125279 0.121409 0.000460492
334 0.125279 0.122664 0.000310178
335 0.125279 0.120146 0.000607543
336 0.125279 0.120151 0.000607598
337 0.125279 0.120154 0.000607621
338 0.125279 0.120166 0.000607742
339 0.125279 0.118902 0.000751616
340 0.125279 0.116388 0.0010299
341 0.125279 0.117644 0.000892336
342 0.125279 0.116399 0.0010301
343 0.125279 0.116404 0.00103019
344 0.125279 0.117475 0.000892662
345 0.125279 0.118694 0.000753374
346 0.125279 0.118687 0.000753287
347 0.125279 0.118909 0.000751694
348 0.125279 0.121412 0.000460511
349 0.125279 0.120149 0.000607575
350 0.125279 0.118902 0.000751617
351 0.125279 0.118908 0.000751681
352 0.125279 0.122655 0.000310134
353 0.125279 0.123903 0.000156645
354 0.125279 0.123925 0.000156699
355 0.125279 0.122668 0.000310202
356 0.125279 0.12266 0.000310161
357 0.125279 0.121407 0.00046048
358 0.125279 0.122643 0.000310072
359 0.125279 0.118892 0.000751486
360 0.125279 0.120152 0.00060761
361 0.125279 0.120151 0.000607591
362 0.125279 0.121405 0.000460459
363 0.125279 0.12266 0.000310162
364 0.125279 0.120164 0.000607724
365 0.125279 0.122656 0.00031014
366 0.125279 0.123902 0.000156641
367 0.125279 0.122659 0.000310152
368 0.125279 0.121402 0.000460437
369 0.125279 0.12392 0.000156687
370 0.125279 0.118914 0.000751761
371 0.125279 0.115147 0.00116459
372 0.125279 0.116401 0.00103014
373 0.125279 0.120147 0.000607558
374 0.125279 0.125156 8.02941e-09
375 0.125279 0.123902 0.000156641
376 0.125279 0.123902 0.000156643
377 0.125279 0.122659 0.000310155
378 0.125279 0.117654 0.000892491
379 0.125279 0.120168 0.00060777
380 0.125279 0.118918 0.000750338
381 0.125279 0.118915 0.000751774
382 0.125279 0.117662 0.000892614
383 0.125279 0.122656 0.000310139
384 0.125279 0.118905 0.000751653
385 0.125279 0.118913 0.000751752
386 0.125279 0.121413 0.000460526
387 0.125279 0.122666 0.000310189
388 0.125279 0.12266 0.000310159
389 0.125279 0.122656 0.00031014
390 0.125279 0.122647 0.000310095
391 0.125279 0.122651 0.000310113
392 0.125279 0.123906 0.000156652
393 0.125279 0.122654 0.000310128
394 0.125279 0.121398 0.000460411
395 0.125279 0.121408 0.000460481
396 0.125279 0.1214 0.000460428
397 0.125279 0.121402 0.000460439
398 0.125279 0.118898 0.000751561
399 0.125279 0.120155 0.000607637
400 0.125279 0.120153 0.000607616
401 0.125279 0.123917 0.000156678
402 0.125279 0.122662 0.000310171
403 0.125279 0.121399 0.000460418
404 0.125279 0.125149 7.99598e-09
405 0.125279 0.123904 0.000156645
406 0.125279 0.118724 0.000752781
407 0.125279 0.122656 0.00031014
408 0.125279 0.122656 0.000310142
409 0.125279 0.12392 0.000156686
410 0.125279 0.123907 0.000156654
411 0.125279 0.120156 0.000607644
412 0.125279 0.12141 0.000460503
413 0.125279 0.121408 0.000460484
414 0.125279 0.120156 0.000607649
415 0.125279 0.120157 0.000607656
416 0.125279 0.121421 0.000460585
417 0.125279 0.122655 0.000310136
418 0.125279 0.122655 0.000310135
419 0.125279 0.1239 0.000156637
420 0.125279 0.122661 0.000310162
421 0.125279 0.122658 0.000310149
422 0.125279 0.12515 7.24679e-09
423 0.125279 0.123895 0.000156625
424 0.125279 0.125163 6.56999e-09
425 0.125279 0.122649 0.000310105
426 0.125279 0.120161 0.000607694
427 0.125279 0.120155 0.000607633
428 0.125279 0.12016 0.000607689
429 0.125279 0.118152 0.000797489
430 0.125279 0.1189 0.00075159
431 0.125279 0.113901 0.00129606
432 0.125279 0.113889 0.00129577
433 0.125279 0.116405 0.00103022
434 0.125279 0.116392 0.00102998
435 0.125279 0.115136 0.00116438
436 0.125279 0.116395 0.00103003
437 0.125279 0.118898 0.000751562
438 0.125279 0.12142 0.000460574
439 0.125279 0.121403 0.000460447
440 0.125279 0.12141 0.000460502
441 0.125279 0.122664 0.000310177
442 0.125279 0.125158 6.80698e-09
443 0.125279 0.1239 0.000156635
444 0.125279 0.123905 0.000156648
445 0.125279 0.122654 0.00031013
446 0.125279 0.123907 0.000156654
447 0.125279 0.123905 0.000156649
448 0.125279 0.12515 7.36369e-09
449 0.125279 0.125169 5.84042e-09
450 0.125279 0.125159 7.08045e-09
451 0.125279 0.123894 0.000156621
452 0.125279 0.122657 0.000310146
453 0.125279 0.122659 0.000310153
454 0.125279 0.123904 0.000156646
455 0.125279 0.125173 6.87601e-09
456 0.125279 0.125158 7.06197e-09
457 0.125279 0.125152 6.95639e-09
458 0.125279 0.125146 7.18221e-09
459 0.125279 0.123907 0.000156654
460 0.125279 0.123906 0.000156652
461 0.125279 0.125162 8.13287e-09
462 0.125279 0.122654 0.000310128
463 0.125279 0.122657 0.000310146
464 0.125279 0.122659 0.000310156
465 0.125279 0.123895 0.000156623
466 0.125279 0.123898 0.000156632
467 0.125279 0.125153 6.82871e-09
468 0.125279 0.125158 7.36994e-09
469 0.125279 0.123916 0.000156676
470 0.125279 0.123909 0.000156659
471 0.125279 0.122665 0.000310183
472 0.125279 0.121401 0.00046043
473 0.125279 0.120148 0.000607561
474 0.125279 0.121409 0.00046049
475 0.125279 0.122661 0.000310164
476 0.125279 0.123916 0.000156677
477 0.125279 0.123901 0.000156639
478 0.125279 0.123889 0.000156609
479 0.125279 0.123906 0.000156651
480 0.125279 0.12392 0.000156687
481 0.125279 0.123919 0.000156685
482 0.125279 0.123913 0.000156668
483 0.125279 0.122658 0.000310149
484 0.125279 0.122665 0.000310187
485 0.125279 0.12141 0.0004605
486 0.125279 0.117654 0.000892496
487 0.125279 0.117656 0.000892529
488 0.125279 0.118911 0.000751721
489 0.125279 0.113901 0.00129605
490 0.125279 0.120158 0.000607663
491 0.125279 0.118905 0.000751651
492 0.125279 0.117648 0.0008924
493 0.125279 0.117656 0.000892522
494 0.125279 0.118911 0.000751732
495 0.125279 0.116402 0.00103016
496 0.125279 0.121407 0.000460481
497 0.125279 0.123901 0.000156639
498 0.125279 0.121418 0.000460562
499 0.125279 0.121403 0.000460443
500 0.125279 0.120154 0.000607623
501 0.125279 0.121404 0.000460455
502 0.125279 0.122655 0.000310136
503 0.125279 0.120145 0.000607528
504 0.125279 0.121401 0.000460434
505 0.125279 0.120149 0.000607571
506 0.125279 0.121395 0.000460387
507 0.125279 0.1214 0.000460421
508 0.125279 0.122656 0.000310139
509 0.125279 0.122671 0.000310212
510 0.125279 0.121499 0.000437193
511 0.125279 0.121408 0.000459541
512 0.125279 0.120166 0.000606556
513 0.125279 0.125164 7.3757e-09
514 0.125279 0.125163 6.67069e-09
515 0.125279 0.123909 0.000156659
516 0.125279 0.123905 0.00015665
517 0.125279 0.125159 7.22909e-09
518 0.125279 0.125156 6.9964e-09
519 0.125279 0.125171 5.98375e-09
520 0.125279 0.123904 0.000156646
521 0.125279 0.123902 0.000156641
522 0.125279 0.122654 0.000310128
523 0.125279 0.121409 0.000460492
524 0.125279 0.121413 0.000460523
525 0.125279 0.121402 0.00046044
526 0.125279 0.125166 6.89325e-09
527 0.125279 0.122658 0.000310149
528 0.125279 0.123915 0.000156675
529 0.125279 0.123924 0.000156695
530 0.125279 0.12516 6.0795e-09
531 0.125279 0.125147 6.18848e-09
532 0.125279 0.123904 0.000156644
533 0.125279 0.125145 7.17981e-09
534 0.125279 0.123893 0.000156618
535 0.125279 0.125148 7.15035e-09
536 0.125279 0.125153 6.84258e-09
537 0.125279 0.125172 5.66564e-09
538 0.125279 0.122659 0.000310155
539 0.125279 0.123907 0.000156655
540 0.125279 0.122649 0.000310104
541 0.125279 0.122661 0.000310162
542 0.125279 0.122655 0.000310134
543 0.125279 0.121407 0.000460478
544 0.125279 0.122656 0.00031014
545 0.125279 0.122654 0.00031013
546 0.125279 0.120147 0.000607557
547 0.125279 0.122646 0.000310091
548 0.125279 0.122657 0.000310143
549 0.125279 0.121417 0.000460552
550 0.125279 0.120149 0.000607573
551 0.125279 0.120148 0.000607568
552 0.125279 0.117641 0.000892293
553 0.125279 0.116384 0.00102983
554 0.251405 0.12141 0.000779722
555 0.402728 0.129193 0.00123901
556 0.402728 0.133867 0.00228986
557 0.402728 0.140169 0.00389229
558 0.402728 0.137654 0.00459519
559 0.486811 0.147396 0.00728893
560 0.486811 0.144575 0.0114457
561 0.486811 0.147319 0.0135276
562 0.486811 0.146035 0.0137819
563 0.495076 0.135378 0.0139476
564 0.495076 0.145254 0.0161525
565 0.500744 0.137647 0.0157607
565 0.511263 0.0644667 0.0231935
566 0.511263 0.0808111 0.0278958
567 0.588436 0.103477 0.0368941
568 0.588436 0.0795431 0.0303691
569 0.588436 0.0863758 0.0306931
570 0.588436 0.083942 0.0298609
571 0.588436 0.0997774 0.0351197
572 0.588436 0.112403 0.0411566
573 0.588436 0.121855 0.0434523
574 0.588436 0.115936 0.0419234
575 0.588436 0.111071 0.03938
576 0.588436 0.140237 0.0457317
577 0.588436 0.130866 0.0427345
578 0.588436 0.140814 0.0465041
579 0.588436 0.146606 0.0495584
580 0.596423 0.149411 0.0496739
581 0.596423 0.128319 0.0466295
582 0.596423 0.135598 0.045183
583 0.596423 0.168603 0.0504264
584 0.596423 0.179426 0.0511729
585 0.596423 0.173845 0.0490995
586 0.596423 0.171588 0.0495815
587 0.596423 0.16126 0.0478475
588 0.596423 0.17264 0.0531014
589 0.596423 0.164311 0.053107
590 0.596423 0.178353 0.0525993
591 0.596423 0.184849 0.0501318
592 0.596423 0.166329 0.0520073
593 0.596423 0.181224 0.0517428
594 0.596423 0.180204 0.052831
595 0.596423 0.188495 0.0469032
596 0.596423 0.179106 0.0506582
597 0.596423 0.179189 0.0496325
598 0.596423 0.178511 0.0528222
599 0.596423 0.173501 0.0483704
600 0.596423 0.17295 0.0466046
601 0.596423 0.176934 0.0516506
602 0.596423 0.161325 0.0525245
603 0.596423 0.155477 0.0487094
604 0.596423 0.167599 0.0502396
605 0.597547 0.190367 0.0534868
606 0.597547 0.15353 0.0503121
607 0.597547 0.153921 0.0492518
608 0.597547 0.14867 0.0493022
609 0.597547 0.141395 0.0486134
610 0.597547 0.178053 0.0548123
611 0.597547 0.150162 0.0491319
612 0.597547 0.142403 0.0478551
613 0.597547 0.15373 0.0479701
614 0.597547 0.141868 0.0474065
615 0.597547 0.13665 0.0510086
616 0.597547 0.170236 0.0505489
617 0.597547 0.169801 0.0517846
618 0.597547 0.159428 0.0482242
619 0.597547 0.170107 0.0520527
620 0.597547 0.182399 0.0573403
621 0.597547 0.152966 0.0483755
622 0.597547 0.159248 0.0499971
623 0.597547 0.153403 0.0478706
624 0.597547 0.171958 0.0476508
625 0.597547 0.163543 0.048098
626 0.597547 0.163578 0.0471265
627 0.597547 0.143832 0.0479553
628 0.597547 0.149793 0.0528677
629 0.597547 0.163852 0.0500341
630 0.597547 0.136423 0.0485991
631 0.597547 0.113325 0.0447452
632 0.597547 0.117119 0.0461254
633 0.597547 0.169958 0.054595
634 0.597547 0.147035 0.0520238
635 0.597547 0.143303 0.0529584
636 0.597547 0.157012 0.0551359
637 0.597547 0.170832 0.0563585
638 0.599038 0.15219 0.050211
639 0.599038 0.133853 0.0508804
640 0.599038 0.153264 0.0536275
641 0.599038 0.130471 0.0482242
642 0.599038 0.136428 0.0452277
643 0.599038 0.130027 0.0434735
644 0.599038 0.151792 0.0485601
645 0.599038 0.171058 0.052002
646 0.599038 0.13763 0.0467262
647 0.599038 0.151647 0.0485214
648 0.599038 0.152485 0.0474086
649 0.599038 0.166608 0.0490423
650 0.599038 0.165477 0.0518735
651 0.599038 0.131946 0.0481532
652 0.599038 0.133151 0.0482267
653 0.599038 0.119059 0.0430634
654 0.599038 0.168355 0.0531315
655 0.599038 0.15704 0.0540319
656 0.599038 0.188976 0.0591412
657 0.599038 0.175537 0.0554976
658 0.599038 0.150864 0.0544508
659 0.599038 0.175539 0.0552339
660 0.599038 0.165349 0.0534533
661 0.599038 0.150598 0.0489036
662 0.599038 0.154785 0.0493646
663 0.599038 0.168676 0.0530737
664 0.599038 0.17188 0.0582028
665 0.599038 0.165023 0.0552802
666 0.599038 0.152407 0.0521796
667 0.599038 0.179256 0.0573745
668 0.599038 0.165189 0.053484
669 0.599038 0.170891 0.0536874
670 0.599038 0.164418 0.0543424
671 0.599038 0.168533 0.0567686
672 0.599038 0.156393 0.0534086
673 0.599038 0.173671 0.0559282
674 0.599038 0.17016 0.0539966
675 0.599038 0.159784 0.0521631
676 0.599038 0.176288 0.055729
677 0.599038 0.182519 0.0569009
678 0.599038 0.183261 0.0542568
679 0.599038 0.170758 0.0529858
680 0.599038 0.176908 0.0533469
681 0.599038 0.168799 0.053009
682 0.599038 0.116739 0.0419166
683 0.599038 0.150231 0.0459965
684 0.599038 0.152331 0.0512164
685 0.599038 0.161893 0.051357
686 0.599038 0.147459 0.0511167
687 0.599038 0.148965 0.0503954
688 0.599038 0.162671 0.0498772
689 0.599038 0.157954 0.046434
690 0.599038 0.160345 0.0491034
691 0.599038 0.191852 0.0541772
692 0.599038 0.180249 0.0545427
693 0.599038 0.188981 0.0545362
694 0.599038 0.19507 0.0550674
695 0.599038 0.194227 0.0536851
696 0.599038 0.188855 0.0532231
697 0.599038 0.156473 0.0492168
698 0.599038 0.144496 0.048275
699 0.599038 0.15641 0.0530444
700 0.599038 0.146095 0.0504046
701 0.599038 0.154959 0.0548347
702 0.599038 0.150415 0.0499497
703 0.599038 0.138899 0.0511068
704 0.599038 0.15261 0.0514825
705 0.599038 0.158401 0.0546809
706 0.599038 0.16678 0.0557019
707 0.599904 0.153601 0.0479158
708 0.599904 0.175282 0.0521974
709 0.599904 0.179554 0.052206
710 0.599904 0.178056 0.0510215
711 0.599904 0.186373 0.0541475
712 0.599904 0.175335 0.0541665
713 0.599904 0.190395 0.0531313
714 0.599904 0.165066 0.0514071
715 0.599904 0.185847 0.0573019
716 0.599904 0.155648 0.0486719
717 0.599904 0.153722 0.0510394
718 0.599904 0.166783 0.0532012
719 0.599904 0.157503 0.0513815
720 0.599904 0.16076 0.0515486
721 0.599904 0.158251 0.050873
722 0.599904 0.16443 0.0533388
723 0.599904 0.169332 0.0519165
724 0.599904 0.219605 0.0594141
725 0.599904 0.194605 0.0514271
726 0.599904 0.17172 0.0485057
727 0.599904 0.182994 0.048966
728 0.599904 0.151405 0.0463826
729 0.599904 0.142456 0.0486421
730 0.599904 0.164969 0.0504447
731 0.599904 0.179988 0.0518369
732 0.599904 0.173822 0.0522756
733 0.599904 0.188188 0.0559691
734 0.599904 0.152838 0.0480739
735 0.599904 0.146993 0.0477252
736 0.599904 0.148405 0.0481338
737 0.599904 0.174275 0.0498139
738 0.599904 0.198428 0.0506762
739 0.599904 0.172546 0.050278
740 0.599904 0.174142 0.0520481
741 0.599904 0.149814 0.05059
742 0.599904 0.14342 0.0477198
743 0.599904 0.16595 0.0488179
744 0.599904 0.155632 0.0514818
745 0.599904 0.143118 0.0436022
746 0.599904 0.121061 0.0402722
747 0.599904 0.158665 0.0497887
748 0.599904 0.165696 0.0518083
749 0.599904 0.16403 0.046437
750 0.599904 0.182949 0.0511227
751 0.599904 0.173357 0.0475687
752 0.599904 0.151665 0.0477303
753 0.599904 0.157238 0.0470705
754 0.599904 0.180519 0.0490423
755 0.599904 0.153743 0.0481988
756 0.599904 0.163089 0.0487387
757 0.599904 0.179475 0.0531964
758 0.599904 0.158312 0.0494737
759 0.599904 0.156309 0.0459163
760 0.599904 0.187453 0.0523195
761 0.599904 0.18168 0.0471198
762 0.599904 0.174753 0.0529853
763 0.599904 0.197247 0.057164
764 0.599904 0.184636 0.0501632
765 0.599904 0.169448 0.0496019
766 0.599904 0.163444 0.0521078
767 0.599904 0.165546 0.0469685
768 0.599904 0.173682 0.0485635
769 0.599904 0.186693 0.0554629
770 0.599904 0.15751 0.0518621
771 0.599904 0.135186 0.0432465
772 0.599904 0.152862 0.0497589
773 0.599904 0.162092 0.0485057
774 0.599904 0.143527 0.0465767
775 0.599904 0.154343 0.0532391
776 0.599904 0.17054 0.0506016
777 0.599904 0.123802 0.0401794
778 0.599904 0.156482 0.0487246
779 0.599904 0.172497 0.0526392
780 0.599904 0.143359 0.0460636
781 0.599904 0.169237 0.0521598
782 0.599904 0.150477 0.0470804
783 0.599904 0.133931 0.0454001
784 0.599904 0.132027 0.0503351
785 0.599904 0.147377 0.052607
786 0.599904 0.142996 0.0491796
787 0.599904 0.166709 0.0496607
788 0.599904 0.162473 0.0474803
789 0.599904 0.172172 0.0560094
790 0.599904 0.183833 0.0547853
791 0.599904 0.157441 0.0480476
792 0.599904 0.165541 0.0501366
793 0.599904 0.182796 0.051055
794 0.599904 0.164023 0.0516343
795 0.599904 0.148206 0.0471102
796 0.599904 0.166022 0.0506687
797 0.599904 0.178367 0.051364
798 0.599904 0.162136 0.0500344
799 0.599904 0.156201 0.0500071
800 0.599904 0.153438 0.0510507
801 0.599904 0.168268 0.0531837
802 0.599904 0.162122 0.0522855
803 0.599904 0.177676 0.0534381
804 0.599904 0.206141 0.0545036
805 0.599904 0.172735 0.0494693
806 0.599904 0.201852 0.0546283
807 0.599904 0.185428 0.0530517
808 0.599904 0.194151 0.0531102
809 0.599904 0.175374 0.0527238
810 0.599904 0.168844 0.0491736
811 0.599904 0.171943 0.054384
812 0.599904 0.144171 0.0484423
813 0.599904 0.169952 0.0527208
814 0.599904 0.194247 0.0517073
815 0.599904 0.153431 0.051745
816 0.599904 0.165961 0.0519482
817 0.599904 0.151221 0.0480824
818 0.599904 0.153816 0.0486174
819 0.599904 0.162492 0.0520224
820 0.599904 0.150659 0.0492623
821 0.599904 0.176998 0.0551752
822 0.599904 0.164773 0.0527096
823 0.599904 0.188102 0.053291
824 0.599904 0.167824 0.051234
825 0.599904 0.196932 0.0574476
826 0.599904 0.184171 0.056497
827 0.599904 0.199102 0.0570514
828 0.599904 0.172711 0.050875
829 0.599904 0.147108 0.0499099
830 0.599904 0.127499 0.0469265
831 0.599904 0.168565 0.0540606
832 0.599904 0.152807 0.0503797
833 0.599904 0.142023 0.0495559
834 0.599904 0.152424 0.0506813
835 0.599904 0.151803 0.053045
836 0.599904 0.145255 0.0524684
837 0.599904 0.132697 0.0466505
838 0.599904 0.145018 0.0491276
839 0.60155 0.161019 0.0502939
840 0.60155 0.175703 0.0531565
841 0.60155 0.151504 0.0537188
842 0.60155 0.140356 0.0513665
843 0.60155 0.12572 0.046411
844 0.60155 0.124915 0.0484204
845 0.60155 0.144725 0.0524289
846 0.60155 0.129636 0.0473179
847 0.60155 0.139079 0.0490451
848 0.60155 0.154331 0.0537309
849 0.60155 0.168591 0.0535875
850 0.60155 0.141488 0.047932
851 0.60155 0.141362 0.0457114
852 0.60155 0.152102 0.047218
853 0.60155 0.150464 0.0500215
854 0.60155 0.180237 0.0498218
855 0.60155 0.177134 0.0502212
856 0.60155 0.18682 0.0551766
857 0.60155 0.16687 0.051707
858 0.60155 0.160753 0.0478418
859 0.60155 0.187745 0.0523813
860 0.60155 0.185629 0.0491614
861 0.60155 0.169277 0.053166
862 0.60155 0.153492 0.047674
863 0.60155 0.167725 0.049759
864 0.60155 0.170223 0.0552044
865 0.60155 0.167443 0.0529519
866 0.60155 0.175751 0.0550385
867 0.60155 0.159154 0.05277
868 0.60155 0.164615 0.0478174
869 0.60155 0.145855 0.0470606
870 0.60155 0.170593 0.0522116
871 0.60155 0.153368 0.0466991
872 0.60155 0.162688 0.0488467
873 0.60155 0.17382 0.0544736
874 0.60155 0.174985 0.0518594
875 0.60155 0.179352 0.0549459
876 0.60155 0.159379 0.049189
877 0.60155 0.169551 0.0503592
878 0.60155 0.198309 0.0593641
879 0.60155 0.177606 0.0519314
880 0.60155 0.169004 0.052452
881 0.60155 0.168812 0.049907
882 0.60155 0.141746 0.0468104
883 0.60155 0.166456 0.046156
884 0.60155 0.177605 0.0504509
885 0.60155 0.166995 0.0483022
886 0.60155 0.162117 0.0479426
887 0.60155 0.170578 0.0531412
888 0.60155 0.164548 0.0512103
889 0.60155 0.162146 0.0480298
890 0.60155 0.154266 0.0491266
891 0.60155 0.17182 0.0492284
892 0.60155 0.225609 0.0583565
893 0.60155 0.205557 0.0537325
894 0.60155 0.213562 0.0507499
895 0.60155 0.181071 0.0535202
896 0.60155 0.170206 0.0486135
897 0.605303 0.142806 0.0464649
898 0.605303 0.159175 0.0507904
899 0.605303 0.144065 0.0463338
900 0.605303 0.151765 0.0478565
901 0.605303 0.173959 0.0521965
902 0.605303 0.182825 0.0546978
903 0.605303 0.174118 0.0539731
904 0.605303 0.14438 0.048482
905 0.605303 0.166574 0.050216
906 0.605303 0.153612 0.0501875
907 0.605303 0.155627 0.0505382
908 0.605303 0.151883 0.0500839
909 0.605303 0.158719 0.0506722
910 0.605303 0.185049 0.0532374
911 0.605303 0.178313 0.0482211
912 0.605303 0.18773 0.0521373
913 0.605303 0.182903 0.0561295
914 0.605303 0.169849 0.0504343
915 0.605303 0.163165 0.0523328
916 0.605303 0.155777 0.0531588
917 0.605303 0.151923 0.0536887
918 0.605303 0.1542 0.0533846
919 0.605303 0.168175 0.0483202
920 0.605303 0.175582 0.0520084
921 0.605303 0.168981 0.0526809
922 0.605303 0.167992 0.0512132
923 0.605303 0.144633 0.0487036
924 0.605303 0.145959 0.0482229
925 0.605303 0.136483 0.0459078
926 0.605303 0.138922 0.0478702
927 0.605303 0.138759 0.0502894
928 0.605303 0.139351 0.0455728
929 0.605303 0.135015 0.0479172
930 0.605303 0.134961 0.0488909
931 0.605303 0.149795 0.0507613
932 0.605303 0.130023 0.045657
933 0.605303 0.165539 0.0533136
934 0.605303 0.16907 0.051202
935 0.605303 0.176213 0.0542675
936 0.605303 0.166775 0.0517934
937 0.605303 0.171751 0.0512143
938 0.605303 0.184016 0.055145
939 0.605303 0.145381 0.0493978
940 0.605303 0.13972 0.0459021
941 0.605303 0.150383 0.0502676
942 0.605303 0.168462 0.0545554
943 0.605303 0.148248 0.0485417
944 0.605303 0.167324 0.0516127
945 0.605303 0.135218 0.0440056
946 0.605303 0.142093 0.0477426
947 0.605303 0.143438 0.0455515
948 0.605303 0.151924 0.04983
949 0.605303 0.188079 0.0519063
950 0.605303 0.15315 0.0457208
951 0.605303 0.149639 0.052723
952 0.605303 0.148153 0.0483266
953 0.605303 0.139662 0.045424
954 0.605303 0.149152 0.0465894
955 0.605303 0.143477 0.0485302
956 0.605303 0.149118 0.0461772
957 0.605303 0.163486 0.0484966
958 0.605303 0.185759 0.0581282
959 0.605303 0.203996 0.0543409
960 0.605303 0.179396 0.0517566
961 0.605303 0.162642 0.050447
962 0.605303 0.159893 0.0501578
963 0.605303 0.166525 0.0516972
964 0.605303 0.151272 0.0499071
965 0.605303 0.168359 0.0532519
966 0.605303 0.170202 0.0573006
967 0.605303 0.14128 0.0498016
968 0.605303 0.138559 0.0466312
969 0.605303 0.129356 0.0435419
970 0.605303 0.125148 0.0448968
971 0.605303 0.162732 0.0494234
972 0.605303 0.17999 0.0518556
973 0.605303 0.157909 0.0485299
974 0.605303 0.134699 0.0456269
975 0.605303 0.160189 0.0531617
976 0.605303 0.144887 0.0502181
977 0.605303 0.156163 0.0473432
978 0.605303 0.158123 0.0480207
979 0.605303 0.146624 0.0473652
980 0.605303 0.151838 0.049218
981 0.605303 0.166924 0.0530065
982 0.605303 0.164217 0.0493923
983 0.605303 0.150317 0.0497941
984 0.605303 0.160624 0.0540295
985 0.605303 0.178964 0.0521248
986 0.605303 0.173998 0.0506496
987 0.605303 0.20491 0.055001
988 0.605303 0.180434 0.0526519
989 0.605303 0.162283 0.0474634
990 0.605303 0.160943 0.0489719
991 0.605303 0.137496 0.0465108
992 0.605303 0.149449 0.0473824
993 0.605303 0.145739 0.0474542
994 0.605303 0.151877 0.046623
995 0.605303 0.150744 0.0494699
996 0.605303 0.164435 0.0515876
997 0.605303 0.173215 0.0456403
998 0.605303 0.17391 0.0462248
999 0.605303 0.168828 0.0484783
1000 0.605303 0.163616 0.0498944
