0 0.12527 0.0695245 0.00383793
1 0.125275 0.0734203 0.00375275
2 0.125275 0.0791425 0.0036426
3 0.125275 0.085259 0.0034163
4 0.125276 0.0915078 0.00309401
5 0.125277 0.0879122 0.00327205
6 0.125277 0.088448 0.00322254
7 0.125277 0.0965187 0.00277728
8 0.125277 0.102759 0.00230899
9 0.125277 0.100442 0.00247013
10 0.125277 0.10175 0.00236597
11 0.125277 0.0995095 0.00251282
12 0.125277 0.107672 0.00189495
13 0.125277 0.111438 0.00153867
14 0.155342 0.109631 0.00172853
15 0.155342 0.111776 0.0015493
16 0.155342 0.117689 0.000897058
17 0.328553 0.122484 0.00105234
18 0.328553 0.117707 0.00158422
19 0.328553 0.116013 0.00176213
20 0.479492 0.117725 0.003276
21 0.479492 0.12473 0.00360866
22 0.479492 0.122993 0.0039128
23 0.479492 0.127715 0.0033711
24 0.479492 0.131467 0.00499218
25 0.479492 0.139339 0.00569308
26 0.479492 0.135835 0.00664909
27 0.479492 0.144695 0.00769059
28 0.492359 0.142272 0.00982524
29 0.500339 0.155788 0.0139358
29 0.514789 0.0668806 0.0204132
30 0.514789 0.0766357 0.0245895
31 0.53483 0.0821451 0.0266533
32 0.53483 0.084593 0.02996
33 0.53483 0.100352 0.0338969
34 0.53483 0.101739 0.033229
35 0.560911 0.104602 0.0335692
36 0.560911 0.122775 0.0363576
37 0.560911 0.127576 0.0372189
38 0.560911 0.130224 0.0385574
39 0.560911 0.112164 0.0351843
40 0.560911 0.119918 0.0410962
41 0.584084 0.122938 0.0376331
42 0.584084 0.120959 0.0346838
43 0.584084 0.143858 0.0417202
44 0.584084 0.140163 0.041839
45 0.584084 0.135712 0.0421626
46 0.584084 0.141793 0.0432231
47 0.584084 0.1351 0.0395953
48 0.584084 0.113602 0.0386732
49 0.584084 0.133353 0.039704
50 0.584084 0.127059 0.0389665
51 0.584084 0.166252 0.0460302
52 0.584084 0.145067 0.0446328
53 0.584084 0.165056 0.0496518
54 0.584084 0.145888 0.0437667
55 0.584084 0.140396 0.0424199
56 0.584084 0.168546 0.0527043
57 0.584084 0.177094 0.0488554
58 0.584084 0.140851 0.0428048
59 0.584084 0.153672 0.0452701
60 0.584084 0.132236 0.0429573
61 0.593539 0.131003 0.0461741
62 0.593539 0.131837 0.0468838
63 0.593539 0.138543 0.0460533
64 0.593539 0.139367 0.0446562
65 0.593539 0.143806 0.0433357
66 0.593539 0.153619 0.0464387
67 0.593539 0.133825 0.0445474
68 0.593539 0.109933 0.042192
69 0.593539 0.104791 0.039019
70 0.593539 0.148365 0.0488882
71 0.593539 0.129231 0.0441907
72 0.593539 0.133384 0.0431077
73 0.593539 0.100843 0.0378943
74 0.593539 0.113533 0.0423701
75 0.593539 0.116692 0.044671
76 0.593539 0.106121 0.0412862
77 0.593539 0.112791 0.0394235
78 0.593843 0.131639 0.0452079
79 0.593843 0.118303 0.0404757
80 0.595785 0.140395 0.0490858
81 0.596204 0.142835 0.0497455
82 0.596204 0.133587 0.050984
83 0.596204 0.136305 0.0494681
84 0.596204 0.136203 0.0490815
85 0.596204 0.139818 0.0467288
86 0.596204 0.136961 0.0485187
87 0.596204 0.15199 0.0450777
88 0.596204 0.156932 0.0470787
89 0.596204 0.15923 0.0493358
90 0.596204 0.137682 0.0429231
91 0.596204 0.126521 0.0463885
92 0.605237 0.150161 0.053541
93 0.605237 0.138339 0.051249
94 0.605237 0.167608 0.0499866
95 0.605237 0.166777 0.0504171
96 0.605237 0.152591 0.0467588
97 0.605237 0.176564 0.0501958
98 0.605237 0.173364 0.0525981
99 0.605237 0.152849 0.0480394
100 0.605237 0.139605 0.0453782
101 0.605237 0.129091 0.0442007
102 0.605237 0.170324 0.0534738
103 0.605237 0.125093 0.0432289
104 0.605237 0.131941 0.0473473
105 0.605237 0.163344 0.0537668
106 0.605237 0.169124 0.0533091
107 0.605237 0.112815 0.0406386
108 0.605237 0.118899 0.0459865
109 0.605237 0.127367 0.0476635
110 0.605237 0.140406 0.0517515
111 0.605237 0.1432 0.0488493
112 0.605237 0.131686 0.0432129
113 0.605237 0.14096 0.0476579
114 0.605237 0.152346 0.0477312
115 0.605237 0.147856 0.0486523
116 0.605237 0.147774 0.0515889
117 0.605237 0.143779 0.0482878
118 0.605237 0.146692 0.0487744
119 0.605237 0.177687 0.0466718
120 0.605237 0.146254 0.0507942
121 0.605237 0.167119 0.0527231
122 0.605237 0.176061 0.0552854
123 0.605237 0.150482 0.0505177
124 0.605237 0.167454 0.0483964
125 0.605237 0.180223 0.0519344
126 0.605732 0.171747 0.051643
127 0.605732 0.165349 0.0479734
128 0.605732 0.141271 0.0414895
129 0.607087 0.171059 0.0527781
130 0.607087 0.169209 0.0501129
131 0.607087 0.166073 0.0504898
132 0.607087 0.155797 0.0503631
133 0.607087 0.150288 0.0503875
134 0.607087 0.137315 0.0479872
135 0.607087 0.149327 0.0472737
136 0.607087 0.147341 0.0506662
137 0.607087 0.130933 0.0446421
138 0.607087 0.138838 0.0470679
139 0.607087 0.153169 0.0465763
140 0.607087 0.173943 0.0528454
141 0.607087 0.157108 0.0481014
142 0.607087 0.137442 0.0486434
143 0.607087 0.137966 0.0469861
144 0.607087 0.160763 0.0471073
145 0.607087 0.169425 0.0501665
146 0.607087 0.168509 0.0495516
147 0.607087 0.16224 0.0513414
148 0.607087 0.170413 0.0545598
149 0.607087 0.178036 0.0559031
150 0.607087 0.153585 0.0522956
151 0.607087 0.147926 0.0529579
152 0.607087 0.149494 0.0515913
153 0.607087 0.16414 0.0488273
154 0.607087 0.15288 0.049079
155 0.607087 0.148967 0.0491262
156 0.607087 0.144826 0.049696
157 0.607087 0.139427 0.0497394
158 0.607087 0.14604 0.049378
159 0.607087 0.173807 0.0529517
160 0.607087 0.140651 0.0495375
161 0.607087 0.143082 0.0500268
162 0.607087 0.151196 0.0534404
163 0.607087 0.157167 0.0547358
164 0.607087 0.149446 0.0493572
165 0.607087 0.158951 0.0539651
166 0.607087 0.140066 0.050383
167 0.607087 0.145315 0.0513262
168 0.607087 0.137705 0.0510288
169 0.607087 0.121026 0.0428607
170 0.607087 0.125934 0.0507025
171 0.607087 0.144442 0.0516651
172 0.607087 0.155316 0.0540363
173 0.607087 0.174886 0.0511734
174 0.607087 0.17664 0.0491238
175 0.607087 0.156124 0.0481172
176 0.607087 0.134399 0.046422
177 0.607087 0.13993 0.0479018
178 0.607087 0.145869 0.0530036
179 0.607087 0.158283 0.0475168
180 0.607087 0.137213 0.045866
181 0.607087 0.156391 0.054045
182 0.607087 0.152552 0.050431
183 0.607087 0.154991 0.0521019
184 0.607087 0.169319 0.0529441
185 0.607087 0.183639 0.0525041
186 0.607087 0.14743 0.0469037
187 0.607087 0.144526 0.0494616
188 0.607087 0.179817 0.0567597
189 0.607087 0.190883 0.055975
190 0.607087 0.174801 0.0564116
191 0.607087 0.139011 0.0509604
192 0.607087 0.133432 0.0448137
193 0.607087 0.126999 0.0461074
194 0.607087 0.187099 0.0566181
195 0.607087 0.144156 0.0518221
196 0.607087 0.152952 0.0526946
197 0.607087 0.158106 0.0520461
198 0.607087 0.144096 0.048746
199 0.607087 0.166786 0.0535287
200 0.607087 0.142221 0.0482949
201 0.607087 0.181333 0.0585133
202 0.607087 0.167849 0.0507732
203 0.607087 0.168375 0.0551535
204 0.607087 0.161556 0.0552347
205 0.607087 0.144601 0.0499698
206 0.607087 0.133285 0.0454482
207 0.607087 0.146979 0.0510268
208 0.607087 0.16854 0.0533667
209 0.607087 0.20274 0.056079
210 0.607087 0.173513 0.0516332
211 0.607087 0.171497 0.0548639
212 0.607087 0.175198 0.0540009
213 0.607087 0.164244 0.0512776
214 0.607087 0.16087 0.0497743
215 0.607087 0.166036 0.0515536
216 0.607087 0.16605 0.0488655
217 0.607087 0.167426 0.0492924
218 0.607087 0.14726 0.0501795
219 0.607545 0.171844 0.0552303
220 0.607545 0.161428 0.0519562
221 0.607545 0.154001 0.0533858
222 0.607545 0.154397 0.0514623
223 0.607545 0.18644 0.0555133
224 0.607545 0.187805 0.056224
225 0.607545 0.175802 0.051526
226 0.607545 0.159412 0.0557122
227 0.607545 0.176069 0.0557131
228 0.607545 0.199245 0.0588531
229 0.607545 0.174176 0.0548652
230 0.607545 0.183948 0.0529756
231 0.607545 0.165829 0.0491258
232 0.607545 0.166853 0.0496777
233 0.607545 0.174013 0.0508061
234 0.607545 0.204106 0.0540244
235 0.607545 0.209874 0.053191
236 0.607545 0.213967 0.056451
237 0.607545 0.189869 0.0539372
238 0.607545 0.167534 0.0497248
239 0.607545 0.17601 0.0477601
240 0.607545 0.186944 0.0523117
241 0.607545 0.217276 0.0567922
242 0.607545 0.211719 0.0581164
243 0.607545 0.186574 0.0541289
244 0.607545 0.198907 0.0516148
245 0.607545 0.219918 0.0596113
246 0.607545 0.211174 0.0531727
247 0.607545 0.230878 0.050226
248 0.607545 0.190587 0.0513874
249 0.607545 0.194758 0.0498941
250 0.607545 0.212343 0.0509385
251 0.607545 0.1899 0.0545787
252 0.607545 0.172517 0.0526448
253 0.607545 0.186512 0.0538898
254 0.607545 0.171087 0.0532617
255 0.607545 0.163073 0.0514675
256 0.607545 0.150143 0.0542197
257 0.607545 0.147954 0.0475443
258 0.607545 0.137164 0.0485942
259 0.607545 0.142322 0.0488487
260 0.607545 0.164676 0.0567597
261 0.607545 0.167965 0.054435
262 0.607545 0.194374 0.0562143
263 0.607545 0.192278 0.0540055
264 0.607545 0.181058 0.0561966
265 0.607545 0.173397 0.0532811
266 0.607545 0.169151 0.0488951
267 0.607545 0.200578 0.0571215
268 0.607545 0.188461 0.0589383
269 0.607545 0.150638 0.0479648
270 0.607545 0.143507 0.0469553
271 0.607545 0.163579 0.0510318
272 0.607545 0.161663 0.0501786
273 0.607545 0.150914 0.0495853
274 0.607545 0.16165 0.052659
275 0.607545 0.160809 0.0487809
276 0.607545 0.169237 0.0516496
277 0.607545 0.169899 0.0536613
278 0.607545 0.178944 0.0566515
279 0.607545 0.153475 0.0488824
280 0.607545 0.165127 0.0512015
281 0.607545 0.14118 0.0448988
282 0.607545 0.140852 0.0481821
283 0.607545 0.146821 0.0493905
284 0.607545 0.159254 0.0538469
285 0.607545 0.152575 0.0528483
286 0.607545 0.154866 0.0525188
287 0.607545 0.145857 0.0517147
288 0.607545 0.152425 0.0496215
289 0.607545 0.12955 0.0451548
290 0.607545 0.146166 0.0452424
291 0.607545 0.133233 0.0460644
292 0.607545 0.139051 0.0460165
293 0.607545 0.168218 0.0506361
294 0.607545 0.190033 0.0565314
295 0.607545 0.132685 0.0430448
296 0.607545 0.149252 0.0519235
297 0.607545 0.171849 0.0544066
298 0.607545 0.165084 0.0496587
299 0.607545 0.137222 0.0457444
300 0.607545 0.135949 0.0456687
301 0.607545 0.165892 0.0485773
302 0.607545 0.174527 0.0522257
303 0.607545 0.147137 0.0479038
304 0.607545 0.151341 0.0482239
305 0.607545 0.179528 0.0522
306 0.607545 0.169105 0.0519077
307 0.607545 0.144659 0.051637
308 0.607545 0.131183 0.0474088
309 0.607545 0.12979 0.0446944
310 0.607545 0.14318 0.0500013
311 0.607545 0.163097 0.0518015
312 0.607545 0.19638 0.0541178
313 0.607545 0.187886 0.0574597
314 0.607545 0.195281 0.0548817
315 0.607545 0.183967 0.0530402
316 0.607545 0.19677 0.0564751
317 0.607545 0.21344 0.0572079
318 0.607545 0.179844 0.0516793
319 0.607545 0.172996 0.0515074
320 0.607545 0.207321 0.0557503
321 0.607545 0.172857 0.0504519
322 0.607545 0.178977 0.0502635
323 0.607545 0.167989 0.0502108
324 0.607545 0.174141 0.051412
325 0.607545 0.185902 0.0523678
326 0.607545 0.202431 0.0537013
327 0.607545 0.201902 0.053217
328 0.607545 0.20573 0.0541694
329 0.607545 0.170841 0.0510994
330 0.607545 0.185437 0.0517352
331 0.607545 0.169446 0.0554113
332 0.607545 0.176488 0.0536027
333 0.607545 0.160377 0.0529457
334 0.607545 0.157827 0.054174
335 0.607545 0.144359 0.0468106
336 0.607545 0.156206 0.0505007
337 0.607545 0.153376 0.0495087
338 0.607545 0.166116 0.0524988
339 0.607545 0.171058 0.0502077
340 0.607545 0.184362 0.0540707
341 0.607545 0.145452 0.0489045
342 0.607545 0.155949 0.0519222
343 0.607545 0.145387 0.0499242
344 0.607545 0.168892 0.0536693
345 0.607545 0.151703 0.0468243
346 0.607545 0.166584 0.0501214
347 0.607545 0.170468 0.0498822
348 0.607545 0.173276 0.0501326
349 0.607545 0.171013 0.0532692
350 0.607545 0.168349 0.0559271
351 0.607545 0.172958 0.0525702
352 0.607545 0.17474 0.0503216
353 0.607545 0.168337 0.0519333
354 0.607545 0.134669 0.0467463
355 0.607545 0.123203 0.0435069
356 0.607545 0.151915 0.0503203
357 0.607545 0.124683 0.0452274
358 0.607545 0.119022 0.0461326
359 0.607545 0.139467 0.0483676
360 0.607545 0.175099 0.0541943
361 0.607545 0.174013 0.0565648
362 0.607545 0.195493 0.0581897
363 0.607545 0.184598 0.0539915
364 0.607545 0.172997 0.0511247
365 0.607545 0.181695 0.0568273
366 0.607545 0.181324 0.0540105
367 0.607545 0.178547 0.0516188
368 0.607545 0.167643 0.0526076
369 0.607545 0.165689 0.0553973
370 0.607545 0.165954 0.0562557
371 0.607545 0.166571 0.0501159
372 0.607545 0.190456 0.0557351
373 0.607545 0.165313 0.0526675
374 0.607545 0.176159 0.0536247
375 0.607545 0.159403 0.0470919
376 0.607545 0.171209 0.0484691
377 0.607545 0.169416 0.0472599
378 0.607545 0.170597 0.0508428
379 0.607545 0.175318 0.0496131
380 0.607818 0.15279 0.0461768
381 0.607818 0.152801 0.0459985
382 0.607818 0.177422 0.0528034
383 0.607818 0.15182 0.0505443
384 0.607818 0.166943 0.0550706
385 0.607818 0.173122 0.0581293
386 0.607818 0.15042 0.0531668
387 0.607818 0.179288 0.0597748
388 0.607818 0.210141 0.056223
389 0.607818 0.21763 0.0578854
390 0.607818 0.174116 0.0523359
391 0.607818 0.182049 0.0553716
392 0.607818 0.199484 0.054492
393 0.607818 0.162044 0.0531552
394 0.607818 0.161603 0.0521309
395 0.607818 0.194865 0.051437
396 0.607818 0.182762 0.0532314
397 0.607818 0.174932 0.0515724
398 0.607818 0.182515 0.0531865
399 0.607818 0.183944 0.053848
400 0.607818 0.170493 0.0500614
401 0.607818 0.174671 0.0574212
402 0.607818 0.159804 0.0583574
403 0.607818 0.177576 0.0581333
404 0.607818 0.1188 0.0431796
405 0.607818 0.152024 0.0506776
406 0.607818 0.150346 0.051715
407 0.607818 0.159084 0.0527648
408 0.607818 0.140927 0.0502293
409 0.607818 0.201687 0.0608412
410 0.607818 0.203493 0.0617323
411 0.607818 0.197892 0.0588313
412 0.607818 0.168598 0.0531467
413 0.607818 0.155146 0.0534304
414 0.607818 0.172324 0.0529744
415 0.607818 0.162167 0.0509847
416 0.607818 0.174011 0.0539676
417 0.607818 0.199332 0.054741
418 0.607818 0.147985 0.0487333
419 0.607818 0.15962 0.0542953
420 0.607818 0.135883 0.0485705
421 0.607818 0.134882 0.048533
422 0.607818 0.158305 0.0510359
423 0.607818 0.169238 0.0533077
424 0.607818 0.161702 0.0533178
425 0.607818 0.187179 0.0585348
426 0.607818 0.15593 0.0497046
427 0.607818 0.134386 0.0482316
428 0.607818 0.145964 0.0499766
429 0.607818 0.127378 0.0457457
430 0.607818 0.151175 0.057599
431 0.607818 0.169693 0.0556138
432 0.607818 0.159167 0.0547571
433 0.607818 0.161848 0.0543662
434 0.607818 0.173522 0.0566963
435 0.607818 0.173074 0.0529767
436 0.607818 0.153348 0.0500217
437 0.607818 0.183208 0.0551276
438 0.607818 0.175372 0.0521585
439 0.607818 0.16133 0.0496291
440 0.607818 0.151685 0.0482897
441 0.607818 0.138672 0.0518517
442 0.607818 0.144353 0.0494153
443 0.607818 0.153462 0.0525039
444 0.607818 0.156916 0.0511559
445 0.607818 0.158941 0.0514417
446 0.607818 0.164909 0.0496629
447 0.607818 0.196376 0.0587553
448 0.607818 0.190831 0.0532904
449 0.607818 0.171257 0.055093
450 0.607818 0.169611 0.0538549
451 0.607818 0.173576 0.0520648
452 0.607818 0.193951 0.0565369
453 0.607818 0.163972 0.0494003
454 0.607818 0.180376 0.0563934
455 0.607818 0.187314 0.0574308
456 0.607818 0.149667 0.0508729
457 0.607818 0.151099 0.0511244
458 0.607818 0.138459 0.0460001
459 0.607818 0.179616 0.0524999
460 0.607818 0.159922 0.0521656
461 0.607818 0.165784 0.0502229
462 0.607818 0.161882 0.0536614
463 0.607818 0.155834 0.050517
464 0.607818 0.14205 0.0487091
465 0.607818 0.143203 0.049676
466 0.607818 0.170792 0.0544209
467 0.607818 0.142512 0.0510621
468 0.607818 0.13056 0.0461473
469 0.607818 0.149945 0.0518169
470 0.607818 0.139685 0.0475626
471 0.607818 0.151622 0.0496297
472 0.607818 0.153077 0.055282
473 0.607818 0.131999 0.048331
474 0.607818 0.131002 0.0475689
475 0.607818 0.153041 0.0514919
476 0.607818 0.186214 0.0557514
477 0.607818 0.169143 0.0527971
478 0.607818 0.155582 0.0469517
479 0.607818 0.163908 0.0493574
480 0.607818 0.168026 0.0479128
481 0.607818 0.160488 0.0481685
482 0.607818 0.164566 0.0544719
483 0.607818 0.152217 0.0513519
484 0.607818 0.137763 0.0452521
485 0.607818 0.155507 0.0548194
486 0.607818 0.157576 0.0532991
487 0.607818 0.139906 0.0507312
488 0.607818 0.136189 0.0499677
489 0.607818 0.120692 0.0441339
490 0.607818 0.115535 0.0449652
491 0.607818 0.134587 0.0515987
492 0.607818 0.146182 0.050946
493 0.607818 0.129642 0.0480291
494 0.607818 0.155053 0.0520806
495 0.607818 0.170841 0.0532531
496 0.607818 0.144827 0.0535825
497 0.607818 0.139273 0.0477585
498 0.607818 0.136978 0.0458767
499 0.607818 0.137323 0.0496618
500 0.607818 0.147616 0.0503664
501 0.607818 0.148653 0.04932
502 0.607818 0.155379 0.0518446
503 0.607818 0.15883 0.052724
504 0.607818 0.174109 0.056225
505 0.607818 0.165391 0.0535757
506 0.607818 0.181103 0.0551655
507 0.607818 0.148378 0.0500332
508 0.607818 0.125361 0.0454048
509 0.607818 0.145144 0.0497228
510 0.607818 0.16761 0.0536162
511 0.607818 0.200768 0.0584404
512 0.607818 0.190342 0.054066
513 0.607818 0.166655 0.0487934
514 0.607818 0.142935 0.0477199
515 0.607818 0.139712 0.0480256
516 0.607818 0.134304 0.0450108
517 0.607818 0.127823 0.0447988
518 0.607818 0.137281 0.0479263
519 0.607818 0.124116 0.0476399
520 0.607818 0.186796 0.0570189
521 0.607818 0.191169 0.0586058
522 0.607818 0.180589 0.0561531
523 0.607818 0.177541 0.0606238
524 0.607818 0.135694 0.047928
525 0.607818 0.1601 0.0503701
526 0.607818 0.156539 0.0545144
527 0.607818 0.160784 0.051796
528 0.607818 0.199431 0.0578398
529 0.607818 0.16244 0.0528179
530 0.607818 0.179159 0.0531664
531 0.607818 0.163316 0.0520333
532 0.607818 0.157954 0.0522809
533 0.607818 0.170265 0.0516282
534 0.60802 0.157801 0.0539378
535 0.60802 0.170015 0.0572393
536 0.60802 0.181554 0.0566938
537 0.60802 0.186925 0.0556653
538 0.60802 0.188662 0.0554742
539 0.60802 0.193778 0.0536286
540 0.60802 0.187892 0.0556866
541 0.60802 0.165564 0.0503791
542 0.60802 0.155926 0.0469013
543 0.60802 0.173304 0.048325
544 0.60802 0.209573 0.0521232
545 0.60802 0.201162 0.0519069
546 0.60802 0.180403 0.050485
547 0.60802 0.165227 0.0483662
548 0.60802 0.163723 0.0500493
549 0.60802 0.147294 0.0492426
550 0.60802 0.147886 0.0494736
551 0.60802 0.125019 0.0451075
552 0.60802 0.146593 0.0472359
553 0.60802 0.148863 0.0489494
554 0.60802 0.171096 0.0510482
555 0.60802 0.187122 0.0523973
556 0.60802 0.186674 0.0536357
557 0.60802 0.169573 0.0506393
558 0.60802 0.183476 0.0521297
559 0.60802 0.181478 0.0531777
560 0.60802 0.191733 0.0569661
561 0.60802 0.185478 0.0581548
562 0.60802 0.193716 0.0579181
563 0.60802 0.141027 0.0489198
564 0.60802 0.174669 0.0545729
565 0.60802 0.153767 0.0520968
566 0.60802 0.1635 0.0533658
567 0.60802 0.159882 0.0546777
568 0.60802 0.15009 0.0474962
569 0.60802 0.175835 0.0551525
570 0.60802 0.182751 0.0570459
571 0.60802 0.183465 0.0527429
572 0.60802 0.19262 0.0534328
573 0.60802 0.193399 0.0525607
574 0.60802 0.154742 0.0481399
575 0.60802 0.155384 0.0458541
576 0.60802 0.148197 0.046596
577 0.60802 0.185939 0.0516343
578 0.60802 0.171539 0.0500599
579 0.60802 0.174804 0.0500093
580 0.60802 0.179301 0.0507187
581 0.60802 0.168735 0.0527539
582 0.60802 0.137548 0.0447424
583 0.60802 0.157175 0.0496939
584 0.60802 0.140345 0.0469676
585 0.60802 0.146643 0.0501579
586 0.60802 0.139217 0.0484038
587 0.60802 0.127356 0.0489409
588 0.60802 0.124106 0.0446557
589 0.60802 0.142144 0.0512471
590 0.60802 0.154881 0.0525974
591 0.60802 0.155119 0.0503801
592 0.60802 0.133859 0.049648
593 0.60802 0.142967 0.0481272
594 0.60802 0.177842 0.0566743
595 0.60802 0.122267 0.0461503
596 0.60802 0.124491 0.0455738
597 0.60802 0.171856 0.0550081
598 0.60802 0.165094 0.0535461
599 0.60802 0.16601 0.0522956
600 0.60802 0.172458 0.0488722
601 0.60802 0.16574 0.0493459
602 0.60802 0.163653 0.0488886
603 0.60802 0.172263 0.0520279
604 0.60802 0.158926 0.0532698
605 0.60802 0.156084 0.0570634
606 0.60802 0.183574 0.0605823
607 0.60802 0.188385 0.0568875
608 0.60802 0.178281 0.0549784
609 0.60802 0.142823 0.0506408
610 0.60802 0.151863 0.0553104
611 0.60802 0.145906 0.0536386
612 0.60802 0.11938 0.0476268
613 0.60802 0.141065 0.0504584
614 0.60802 0.145979 0.0512598
615 0.60802 0.145166 0.0505374
616 0.60802 0.158381 0.0543746
617 0.60802 0.142363 0.0535305
618 0.60802 0.172209 0.055278
619 0.60802 0.185436 0.0568469
620 0.60802 0.163939 0.0572011
621 0.60802 0.179804 0.0581461
622 0.60802 0.180751 0.0541298
623 0.60802 0.180871 0.0563835
624 0.60802 0.172583 0.053129
625 0.60802 0.175619 0.0522215
626 0.60802 0.174849 0.0528826
627 0.60802 0.175574 0.0531301
628 0.60802 0.152385 0.050444
629 0.60802 0.135769 0.0472109
630 0.60802 0.143914 0.0496575
631 0.60802 0.144835 0.0495377
632 0.60802 0.146027 0.0503324
633 0.60802 0.154875 0.0546292
634 0.60802 0.15805 0.052597
635 0.60802 0.186154 0.0566003
636 0.60802 0.201285 0.058373
637 0.60802 0.174935 0.0554213
638 0.60802 0.185045 0.0544507
639 0.60802 0.161538 0.0462909
640 0.60802 0.170414 0.0495611
641 0.60802 0.171854 0.0510567
642 0.60802 0.188714 0.0508562
643 0.60802 0.161591 0.055708
644 0.60802 0.14341 0.0485752
645 0.60802 0.144512 0.0496353
646 0.608223 0.14487 0.04804
647 0.608223 0.141948 0.0529604
648 0.608223 0.166306 0.052114
649 0.608223 0.140698 0.0498699
650 0.608223 0.160288 0.0496512
651 0.608223 0.168399 0.050446
652 0.608223 0.189289 0.0548165
653 0.608223 0.175125 0.0533552
654 0.608223 0.171071 0.0540337
655 0.608223 0.186906 0.0552298
656 0.608223 0.17953 0.0485418
657 0.608223 0.161916 0.049839
658 0.608223 0.13675 0.0453367
659 0.608223 0.152005 0.0466043
660 0.608223 0.153852 0.0486227
661 0.608223 0.13835 0.0465601
662 0.608223 0.155855 0.0504433
663 0.608223 0.163916 0.0530265
664 0.608223 0.146344 0.050533
665 0.608223 0.168405 0.0508482
666 0.608223 0.15664 0.0531958
667 0.608223 0.168114 0.05385
668 0.608223 0.186524 0.0562546
669 0.608223 0.181683 0.0549322
670 0.608223 0.15891 0.0510748
671 0.608223 0.157519 0.0481505
672 0.608223 0.165979 0.05427
673 0.608223 0.146839 0.0513599
674 0.608223 0.159325 0.0503521
675 0.608223 0.153337 0.0526493
676 0.608223 0.151271 0.0522074
677 0.608223 0.152429 0.0481212
678 0.608223 0.154119 0.0496135
679 0.608223 0.161926 0.0517847
680 0.608223 0.169486 0.052664
681 0.608223 0.146786 0.0492154
682 0.608223 0.124095 0.0460372
683 0.608223 0.138658 0.0498268
684 0.608223 0.154569 0.0523137
685 0.608223 0.15792 0.0534384
686 0.608223 0.148019 0.0470867
687 0.608223 0.164917 0.0498807
688 0.608223 0.169487 0.0511574
689 0.608223 0.154229 0.0496116
690 0.608223 0.175486 0.0566182
691 0.608223 0.178734 0.0566433
692 0.608223 0.205153 0.0587447
693 0.608223 0.224647 0.057207
694 0.608223 0.171679 0.0530531
695 0.608223 0.17594 0.0514395
696 0.608223 0.187366 0.0519042
697 0.608223 0.174932 0.0539525
698 0.608223 0.199621 0.0575516
699 0.608223 0.165217 0.0544192
700 0.608223 0.176586 0.0544133
701 0.608223 0.155586 0.050806
702 0.608223 0.211724 0.0535615
703 0.608223 0.207497 0.0532024
704 0.608223 0.168898 0.0503891
705 0.608223 0.195949 0.0501928
706 0.608223 0.173799 0.0452677
707 0.608223 0.184985 0.0499218
708 0.608223 0.195957 0.051761
709 0.608223 0.186011 0.0510728
710 0.608223 0.171354 0.0532552
711 0.608223 0.180527 0.0535857
712 0.608223 0.206096 0.0597436
713 0.608223 0.203003 0.0572107
714 0.608223 0.203856 0.0529143
715 0.608223 0.194598 0.0551159
716 0.608223 0.211023 0.0570171
717 0.608223 0.21007 0.0553113
718 0.608223 0.21372 0.054398
719 0.608223 0.188354 0.0528851
720 0.608223 0.178321 0.0520189
721 0.608223 0.18571 0.0537213
722 0.608223 0.167262 0.0543452
723 0.608223 0.185558 0.0554586
724 0.608223 0.145407 0.0489478
725 0.608223 0.18499 0.0551412
726 0.608223 0.149477 0.0483195
727 0.608223 0.147495 0.0522025
728 0.608223 0.143146 0.0493827
729 0.608223 0.152039 0.0495608
730 0.608223 0.139426 0.0445928
731 0.608223 0.162258 0.0540215
732 0.608223 0.155976 0.0530626
733 0.608223 0.1676 0.0563337
734 0.608223 0.196594 0.0549037
735 0.608223 0.162757 0.0526869
736 0.608223 0.177187 0.0576792
737 0.608223 0.176461 0.0572039
738 0.608223 0.168162 0.0533031
739 0.608223 0.159132 0.0518158
740 0.608223 0.155182 0.0525745
741 0.608223 0.167661 0.0557295
742 0.608223 0.193488 0.0570695
743 0.608223 0.178696 0.0550696
744 0.608223 0.152498 0.0510639
745 0.608223 0.174211 0.0543459
746 0.608223 0.164873 0.0490501
747 0.608223 0.179278 0.053442
748 0.608223 0.173084 0.0501419
749 0.608223 0.130943 0.0438428
750 0.608223 0.148052 0.0448448
751 0.608223 0.174171 0.0537048
752 0.608223 0.152925 0.0532282
753 0.608223 0.158032 0.0564141
754 0.608223 0.182419 0.0569013
755 0.608223 0.16105 0.0539261
756 0.608223 0.159604 0.0492431
757 0.608223 0.186268 0.0547029
758 0.608223 0.157999 0.04901
759 0.608223 0.169954 0.0511287
760 0.608223 0.186069 0.0551047
761 0.608223 0.167133 0.0534029
762 0.608223 0.193958 0.0529274
763 0.608223 0.175748 0.0486327
764 0.608223 0.185599 0.0528781
765 0.608223 0.216236 0.0574301
766 0.608223 0.19611 0.053521
767 0.608223 0.20648 0.0563758
768 0.608223 0.176706 0.0551216
769 0.608223 0.194176 0.0588511
770 0.608223 0.19638 0.057878
771 0.608223 0.169518 0.0492237
772 0.608223 0.171292 0.0524227
773 0.608223 0.172985 0.0567003
774 0.608223 0.174058 0.0525202
775 0.608223 0.157999 0.0465957
776 0.608223 0.19035 0.0511894
777 0.608223 0.159837 0.0476621
778 0.608223 0.156378 0.0456984
779 0.608223 0.152072 0.0479895
780 0.608223 0.15947 0.0487669
781 0.608223 0.176376 0.0481217
782 0.608223 0.178776 0.0547748
783 0.608223 0.180933 0.0553522
784 0.608223 0.183395 0.0527551
785 0.608223 0.177651 0.0544164
786 0.608223 0.188857 0.0557144
787 0.608223 0.199156 0.0546487
788 0.608223 0.21031 0.0526391
789 0.608223 0.178458 0.0514966
790 0.608223 0.190892 0.0530621
791 0.608223 0.195919 0.0555694
792 0.608223 0.176961 0.0601621
793 0.608223 0.179492 0.0592041
794 0.608223 0.165193 0.0519291
795 0.608223 0.192697 0.0589124
796 0.608223 0.196923 0.0565923
797 0.608223 0.194642 0.054802
798 0.608223 0.184353 0.0569224
799 0.608223 0.18395 0.0533237
800 0.608223 0.18566 0.0553892
801 0.608223 0.182727 0.0580213
802 0.608223 0.177905 0.0546876
803 0.608223 0.196223 0.0544456
804 0.608223 0.168035 0.0484188
805 0.608223 0.180674 0.0495308
806 0.608223 0.154635 0.0523556
807 0.608223 0.18486 0.0581183
808 0.608223 0.156764 0.0542743
809 0.608223 0.174679 0.0538775
810 0.608223 0.177255 0.0561041
811 0.608223 0.164288 0.0486071
812 0.608223 0.170282 0.0507909
813 0.608223 0.165986 0.0504209
814 0.608223 0.159034 0.0505314
815 0.608223 0.165532 0.0542942
816 0.608223 0.139132 0.0489258
817 0.608223 0.150135 0.0489715
818 0.608223 0.139625 0.0482075
819 0.608223 0.161635 0.0539361
820 0.608223 0.135927 0.0475762
821 0.608223 0.140918 0.0499093
822 0.608223 0.163995 0.0538186
823 0.608223 0.148103 0.0521385
824 0.608223 0.146112 0.0522984
825 0.608223 0.142469 0.047106
826 0.608223 0.138834 0.0474098
827 0.608223 0.139667 0.0458624
828 0.608223 0.146433 0.0462431
829 0.608223 0.150275 0.0472362
830 0.608223 0.157661 0.0510277
831 0.608223 0.140835 0.0449516
832 0.608223 0.162445 0.0540412
833 0.608223 0.161472 0.0544869
834 0.608223 0.185999 0.0583284
835 0.608223 0.168164 0.0575862
836 0.608223 0.146953 0.054302
837 0.608223 0.140875 0.0522028
838 0.608223 0.160149 0.0531935
839 0.608223 0.144286 0.0541167
840 0.608223 0.162682 0.056091
841 0.608223 0.132188 0.0495424
842 0.608223 0.161435 0.0487519
843 0.608223 0.145307 0.0444547
844 0.608223 0.173456 0.0517934
845 0.608223 0.162524 0.0475036
846 0.608223 0.13802 0.0459052
847 0.608223 0.131408 0.0411207
848 0.608223 0.148958 0.0487766
849 0.608223 0.146588 0.0492312
850 0.608223 0.166698 0.0471171
851 0.608223 0.170795 0.0496061
852 0.608223 0.14882 0.0491713
853 0.608223 0.166482 0.0532653
854 0.608223 0.136458 0.0505727
855 0.608223 0.159586 0.0553132
856 0.608223 0.163506 0.055146
857 0.608223 0.153794 0.0503319
858 0.608223 0.162394 0.0527997
859 0.608223 0.162377 0.0507574
860 0.608223 0.151273 0.0513582
861 0.608223 0.129787 0.0448458
862 0.608223 0.150244 0.0523242
863 0.608223 0.170664 0.0538912
864 0.608223 0.174684 0.0520744
865 0.608223 0.155933 0.0491285
866 0.608223 0.148763 0.0485128
867 0.608223 0.155435 0.050626
868 0.608223 0.164249 0.0570502
869 0.608223 0.176135 0.0571535
870 0.608223 0.153331 0.0510622
871 0.608223 0.166756 0.0520143
872 0.608223 0.140476 0.0535091
873 0.608223 0.167668 0.0560206
874 0.608223 0.146132 0.0494257
875 0.608223 0.155453 0.0514521
876 0.608223 0.139069 0.0449154
877 0.608223 0.179148 0.0471801
878 0.608223 0.173182 0.0506934
879 0.608223 0.162314 0.0512893
880 0.608223 0.14244 0.0471408
881 0.608223 0.163395 0.0503328
882 0.608223 0.147968 0.0512687
883 0.608223 0.159534 0.0500178
884 0.608223 0.174161 0.0544941
885 0.608223 0.147528 0.0523661
886 0.608223 0.180697 0.0518497
887 0.608223 0.189837 0.0561701
888 0.608223 0.191659 0.0535746
889 0.608223 0.194957 0.0544049
890 0.608223 0.212115 0.058566
891 0.608223 0.175319 0.0514919
892 0.608223 0.188135 0.0527126
893 0.608223 0.176523 0.0571724
894 0.608223 0.161507 0.0528076
895 0.608223 0.140703 0.0496811
896 0.608223 0.161601 0.0543082
897 0.608223 0.154881 0.0496648
898 0.608223 0.150032 0.0505092
899 0.608223 0.144921 0.0511045
900 0.608223 0.142454 0.0502089
901 0.608223 0.166267 0.0539719
902 0.608223 0.161582 0.0498628
903 0.608223 0.152678 0.0519897
904 0.608223 0.135746 0.0483524
905 0.608223 0.205477 0.0573476
906 0.608223 0.167978 0.0522603
907 0.608223 0.154405 0.0483456
908 0.608223 0.161926 0.0495627
909 0.608223 0.196 0.0557401
910 0.608223 0.163505 0.0502687
911 0.608223 0.181011 0.0542564
912 0.608223 0.148354 0.0494274
913 0.608223 0.137389 0.0492901
914 0.608223 0.163913 0.0535654
915 0.608223 0.179614 0.0554665
916 0.608223 0.194462 0.0570799
917 0.608223 0.170672 0.0534779
918 0.608223 0.183616 0.0511258
919 0.608223 0.170045 0.0513014
920 0.608223 0.170167 0.0563962
921 0.608223 0.159049 0.051867
922 0.608223 0.143777 0.0498958
923 0.608223 0.153963 0.0507949
924 0.608223 0.145385 0.0514836
925 0.608223 0.13861 0.044874
926 0.608223 0.146721 0.0505107
927 0.608223 0.141021 0.0482937
928 0.608223 0.134444 0.0474477
929 0.608223 0.161127 0.0514092
930 0.608223 0.154206 0.0510624
931 0.608223 0.179639 0.0520591
932 0.608223 0.19489 0.0555295
933 0.608223 0.171489 0.0569189
934 0.608223 0.137307 0.0473144
935 0.608223 0.13991 0.0516184
936 0.608223 0.147199 0.0517963
937 0.608223 0.144535 0.0480786
938 0.608223 0.163328 0.0486723
939 0.608223 0.154054 0.0439009
940 0.608223 0.176606 0.0554751
941 0.608223 0.164859 0.0550246
942 0.608223 0.170305 0.0520214
943 0.608223 0.162967 0.0494236
944 0.608223 0.164287 0.0517203
945 0.608223 0.165337 0.0516255
946 0.608223 0.171177 0.0550404
947 0.608223 0.170841 0.0503593
948 0.608223 0.166986 0.0517255
949 0.608223 0.156357 0.0499251
950 0.608223 0.165232 0.0530169
951 0.608223 0.181364 0.057728
952 0.608223 0.194818 0.0556898
953 0.608223 0.159167 0.0507888
954 0.608223 0.171788 0.0575288
955 0.608223 0.163964 0.0540536
956 0.608223 0.145604 0.0482529
957 0.608223 0.169804 0.0489279
958 0.608223 0.176454 0.0500388
959 0.608223 0.157148 0.051142
960 0.608223 0.153525 0.0494346
961 0.608223 0.164846 0.0521672
962 0.608223 0.173252 0.0494146
963 0.608223 0.16815 0.0490393
964 0.608223 0.152418 0.0483659
965 0.608223 0.16706 0.0524014
966 0.608223 0.165999 0.0504957
967 0.608223 0.157646 0.0514794
968 0.608223 0.151227 0.0493856
969 0.608223 0.143401 0.0451555
970 0.608223 0.145538 0.0468718
971 0.608223 0.177306 0.048989
972 0.608223 0.202789 0.0521186
973 0.608223 0.172351 0.0530452
974 0.608223 0.199955 0.0580783
975 0.608223 0.193071 0.055622
976 0.608223 0.188672 0.0517584
977 0.608223 0.184659 0.0502309
978 0.608223 0.194591 0.056417
979 0.608223 0.207131 0.0551993
980 0.608223 0.195723 0.0560214
981 0.608223 0.204609 0.0573489
982 0.608223 0.184225 0.0516729
983 0.608223 0.165494 0.0473562
984 0.608223 0.174219 0.0531721
985 0.608223 0.17524 0.0547019
986 0.608223 0.169982 0.0523683
987 0.608223 0.174395 0.0508639
988 0.608223 0.180899 0.0515653
989 0.608223 0.149965 0.0470233
990 0.608223 0.162044 0.050918
991 0.608223 0.176168 0.0500208
992 0.608223 0.172336 0.0506266
993 0.608223 0.161216 0.0513987
994 0.608223 0.169897 0.0504888
995 0.608223 0.175542 0.0502524
996 0.608223 0.150354 0.0454074
997 0.608223 0.168079 0.0515747
998 0.608223 0.164918 0.0507326
999 0.608223 0.144628 0.050373
1000 0.608223 0.138606 0.0481125
