0 0.125271 0.0676735 0.00391558
1 0.125271 0.0715996 0.00384367
2 0.132285 0.0751869 0.00375692
3 0.132285 0.0838988 0.00342746
4 0.132285 0.0854042 0.00341426
5 0.132285 0.0818642 0.00354166
6 0.132285 0.0856439 0.0033804
7 0.132285 0.0928987 0.00301307
8 0.132285 0.0942715 0.00291863
9 0.132285 0.100286 0.00251987
10 0.132285 0.105316 0.00210793
11 0.132285 0.101395 0.002429
12 0.132285 0.10187 0.00236135
13 0.132285 0.10784 0.00188072
14 0.132285 0.110232 0.00166518
15 0.132285 0.107686 0.00188702
16 0.132285 0.107096 0.00189803
17 0.132285 0.107676 0.00186925
18 0.132285 0.108668 0.00176529
19 0.132285 0.110672 0.00157549
20 0.132285 0.105176 0.00205594
21 0.132285 0.105939 0.00201943
22 0.140985 0.106953 0.00198962
23 0.140985 0.102356 0.00234462
24 0.145483 0.10264 0.00236133
25 0.145483 0.100594 0.00249561
26 0.157762 0.102849 0.00238708
27 0.163254 0.102382 0.00249168
28 0.163254 0.108951 0.00169109
29 0.222431 0.106998 0.00240519
30 0.325497 0.110328 0.00299542
31 0.325497 0.108097 0.00422316
32 0.325497 0.113358 0.00455334
33 0.325497 0.114873 0.00553921
34 0.444638 0.114962 0.0085229
35 0.444638 0.125203 0.010627
36 0.444638 0.12613 0.0117524
37 0.461575 0.126844 0.0116591
38 0.500509 0.136098 0.0133515
38 0.508006 0.0533178 0.0166049
39 0.508006 0.0635127 0.0192524
40 0.508006 0.0624097 0.0195183
41 0.508006 0.0829828 0.0244581
42 0.508006 0.0678464 0.0218002
43 0.508006 0.0645163 0.0207391
44 0.522313 0.0749118 0.0241242
45 0.522313 0.082851 0.0260339
46 0.52897 0.0860421 0.0290471
47 0.52897 0.0895104 0.0291577
48 0.52897 0.102592 0.0335843
49 0.52897 0.111651 0.0378694
50 0.53162 0.100446 0.0323984
51 0.53162 0.100575 0.0336609
52 0.53162 0.110926 0.0351437
53 0.53419 0.118358 0.039009
54 0.53419 0.107997 0.0362882
55 0.53419 0.110861 0.0332747
56 0.53419 0.0980828 0.0336613
57 0.560439 0.115944 0.0382919
58 0.560439 0.0969053 0.0356372
59 0.560439 0.112769 0.0406509
60 0.560439 0.110922 0.0379705
61 0.560439 0.119453 0.0361264
62 0.560439 0.105144 0.0352967
63 0.560439 0.113068 0.0362815
64 0.560439 0.124653 0.0408678
65 0.560439 0.107842 0.0357553
66 0.560439 0.114433 0.0386129
67 0.560439 0.117346 0.0392223
68 0.560439 0.120054 0.0370758
69 0.560439 0.111184 0.0378627
70 0.560439 0.123955 0.0402572
71 0.560439 0.119945 0.0362437
72 0.560439 0.11603 0.0357334
73 0.560439 0.122476 0.0349287
74 0.560439 0.125245 0.0354282
75 0.560439 0.126887 0.0397072
76 0.560439 0.121445 0.0351637
77 0.560439 0.13039 0.0375234
78 0.560439 0.153343 0.04393
79 0.560439 0.134486 0.0408596
80 0.56175 0.152432 0.0475465
81 0.56175 0.136122 0.0417615
82 0.56175 0.154034 0.0434181
83 0.56175 0.147445 0.0437814
84 0.56175 0.154153 0.0446411
85 0.56175 0.177304 0.0484563
86 0.561759 0.158372 0.0443742
87 0.563186 0.1776 0.0453674
88 0.563186 0.154828 0.0414005
89 0.563186 0.168995 0.0421598
90 0.563186 0.140001 0.0400531
91 0.563186 0.155496 0.0448068
92 0.563186 0.169537 0.0459094
93 0.563186 0.169343 0.0447281
94 0.575464 0.203379 0.0494234
95 0.575464 0.196026 0.0518754
96 0.581888 0.164125 0.0480322
97 0.581888 0.193215 0.0464945
98 0.581888 0.173719 0.0457766
99 0.581888 0.156415 0.0418534
100 0.581888 0.180509 0.0435295
101 0.584218 0.185668 0.0411135
102 0.584218 0.170511 0.0447667
103 0.584218 0.185103 0.0479736
104 0.584218 0.157435 0.0424895
105 0.584218 0.155685 0.0428126
106 0.584218 0.165441 0.0436668
107 0.584218 0.175533 0.0437575
108 0.584218 0.202248 0.0427077
109 0.584218 0.214448 0.0417428
110 0.584218 0.215239 0.044674
111 0.584218 0.234937 0.0520348
112 0.584218 0.209079 0.0488777
113 0.584218 0.215359 0.0458127
114 0.584218 0.202891 0.0450163
115 0.584218 0.172672 0.0432939
116 0.584218 0.163642 0.0408048
117 0.584218 0.207424 0.0437159
118 0.584218 0.211029 0.0461529
119 0.584218 0.236899 0.0496328
120 0.584218 0.23458 0.0491346
121 0.584218 0.210628 0.0468416
122 0.584218 0.202993 0.0466826
123 0.584218 0.203612 0.0465242
124 0.584218 0.205266 0.0429016
125 0.584218 0.228228 0.0439451
126 0.584218 0.242937 0.0470632
127 0.584218 0.193615 0.045254
128 0.584218 0.196246 0.0473273
129 0.584218 0.216492 0.047914
130 0.584218 0.180429 0.04748
131 0.585393 0.201333 0.0495615
132 0.585393 0.210589 0.0453212
133 0.585393 0.196901 0.0445173
134 0.585393 0.203128 0.0462924
135 0.585393 0.205631 0.0460859
136 0.585393 0.224305 0.050666
137 0.585393 0.208825 0.0514171
138 0.585393 0.227299 0.0512204
139 0.585393 0.218301 0.0439154
140 0.585393 0.241809 0.0450963
141 0.585393 0.240172 0.0478042
142 0.586598 0.233178 0.0463231
143 0.586598 0.224182 0.0462369
144 0.586598 0.199875 0.0463792
145 0.586616 0.188748 0.0426584
146 0.586616 0.206769 0.0480697
147 0.586747 0.18963 0.0462033
148 0.586747 0.204795 0.0489606
149 0.589249 0.234036 0.0515414
150 0.589249 0.213926 0.0482324
151 0.589249 0.224026 0.0500964
152 0.589249 0.211524 0.0496973
153 0.589249 0.223671 0.0493793
154 0.589249 0.205773 0.0499699
155 0.589249 0.205056 0.050465
156 0.589249 0.199646 0.0533304
157 0.589249 0.171601 0.0451549
158 0.589249 0.18583 0.0464074
159 0.589249 0.178111 0.0490914
160 0.589249 0.164182 0.0463762
161 0.589249 0.169806 0.0496842
162 0.589249 0.194241 0.0527479
163 0.589249 0.181231 0.0471364
164 0.589249 0.18217 0.0503626
165 0.589249 0.183257 0.0496519
166 0.593596 0.220649 0.0503642
167 0.593596 0.184272 0.0486063
168 0.593596 0.208957 0.0485451
169 0.593596 0.21451 0.0486066
170 0.593596 0.225119 0.0487547
171 0.593596 0.249914 0.0490951
172 0.593596 0.224421 0.0547236
173 0.593596 0.202475 0.0516231
174 0.593596 0.171184 0.053549
175 0.593596 0.164241 0.0482499
176 0.593596 0.190121 0.0528513
177 0.593596 0.177803 0.0510936
178 0.593596 0.170556 0.0479335
179 0.593596 0.169633 0.0462681
180 0.593596 0.173535 0.0479694
181 0.593596 0.157232 0.0474738
182 0.593596 0.182844 0.0484227
183 0.593596 0.195484 0.0527201
184 0.593596 0.189789 0.0555799
185 0.593596 0.184155 0.0555883
186 0.593596 0.189741 0.052884
187 0.593596 0.206104 0.0513916
188 0.593596 0.178856 0.0501314
189 0.593596 0.190383 0.0503209
190 0.593596 0.194193 0.0511983
191 0.593596 0.187763 0.0529438
192 0.593596 0.183548 0.0450572
193 0.593596 0.181097 0.0480899
194 0.593596 0.190171 0.0533341
195 0.593596 0.209721 0.0524619
196 0.593596 0.20065 0.0482227
197 0.593596 0.201666 0.0495057
198 0.593596 0.17172 0.0493055
199 0.593596 0.184352 0.0485272
200 0.593596 0.187846 0.0482723
201 0.594838 0.18513 0.048062
202 0.594838 0.175294 0.0465912
203 0.594838 0.180562 0.0470033
204 0.594838 0.199631 0.0505954
205 0.594838 0.196961 0.0500705
206 0.594838 0.208845 0.0481911
207 0.594838 0.181579 0.0484404
208 0.594838 0.198803 0.0506387
209 0.594838 0.196879 0.0501638
210 0.594838 0.187383 0.0543139
211 0.595091 0.185438 0.051342
212 0.595091 0.204668 0.0520574
213 0.595644 0.168861 0.0495727
214 0.595644 0.183888 0.0554365
215 0.595644 0.18456 0.0527662
216 0.595644 0.15422 0.0460582
217 0.595644 0.196726 0.0532051
218 0.595644 0.198442 0.049346
219 0.595644 0.172547 0.0492878
220 0.595644 0.203998 0.0518148
221 0.595644 0.203158 0.0534377
222 0.595644 0.213729 0.0566073
223 0.595644 0.200693 0.0516972
224 0.595644 0.209822 0.0503549
225 0.595644 0.189692 0.0463735
226 0.595644 0.196901 0.0532613
227 0.595644 0.176601 0.0460852
228 0.595644 0.195695 0.0506589
229 0.595644 0.188474 0.0482428
230 0.595644 0.177036 0.0499057
231 0.595644 0.186379 0.0478467
232 0.595644 0.190802 0.0504867
233 0.595644 0.203374 0.0553214
234 0.595644 0.182141 0.0502615
235 0.595644 0.172735 0.045784
236 0.595644 0.154876 0.0463707
237 0.595644 0.165952 0.0494684
238 0.59568 0.166308 0.0488504
239 0.59568 0.198608 0.0539138
240 0.59568 0.165613 0.0496145
241 0.59568 0.194997 0.0484457
242 0.59568 0.207995 0.053125
243 0.59568 0.205087 0.05372
244 0.59568 0.231922 0.0537155
245 0.595951 0.191681 0.0508463
246 0.595951 0.191074 0.049114
247 0.595951 0.189928 0.0482719
248 0.595951 0.203907 0.0507323
249 0.595951 0.201506 0.050424
250 0.595951 0.20728 0.0471801
251 0.595951 0.20981 0.0478554
252 0.595951 0.210334 0.0492359
253 0.595951 0.233114 0.0507977
254 0.596137 0.226442 0.0522857
255 0.596137 0.198746 0.0487701
256 0.596137 0.213399 0.0534828
257 0.596584 0.182502 0.0514911
258 0.596584 0.175454 0.0510721
259 0.596584 0.197724 0.0562144
260 0.596584 0.190776 0.0505076
261 0.596584 0.162079 0.052238
262 0.596584 0.188191 0.0532176
263 0.596584 0.20893 0.0562038
264 0.596584 0.172535 0.04899
265 0.596584 0.172902 0.0481643
266 0.596584 0.170101 0.0497803
267 0.596584 0.212895 0.0537285
268 0.596584 0.187971 0.0479798
269 0.596584 0.190798 0.0499437
270 0.596584 0.214661 0.0490086
271 0.596584 0.216433 0.0553511
272 0.596584 0.220545 0.0514638
273 0.596584 0.20753 0.0513457
274 0.596584 0.219525 0.0507858
275 0.596584 0.202696 0.0508371
276 0.596584 0.204382 0.0526756
277 0.596584 0.214764 0.0509222
278 0.596584 0.212441 0.0517706
279 0.596584 0.215015 0.0534983
280 0.596584 0.216896 0.0509243
281 0.596584 0.192586 0.0523292
282 0.596584 0.191519 0.0515726
283 0.596584 0.174299 0.0471649
284 0.596584 0.179258 0.0482265
285 0.596584 0.194199 0.0490352
286 0.596584 0.205297 0.0526114
287 0.596584 0.238255 0.0569067
288 0.596584 0.210573 0.051797
289 0.596584 0.187896 0.0483891
290 0.596584 0.188988 0.0501058
291 0.596584 0.176506 0.0501345
292 0.596584 0.176809 0.0478259
293 0.596584 0.20211 0.0507553
294 0.596584 0.190694 0.0465563
295 0.596584 0.198458 0.0514108
296 0.596584 0.186798 0.0486488
297 0.596584 0.203274 0.0487816
298 0.596584 0.213925 0.0529933
299 0.596584 0.21737 0.0558071
300 0.596584 0.208497 0.0549476
301 0.596584 0.240282 0.0535854
302 0.596584 0.196356 0.048537
303 0.596584 0.213468 0.0499959
304 0.596584 0.214289 0.0528379
305 0.596584 0.223635 0.049667
306 0.596584 0.228057 0.0589307
307 0.596584 0.208591 0.0575041
308 0.596584 0.180979 0.0499136
309 0.596584 0.162892 0.0461346
310 0.596584 0.19613 0.0502441
311 0.596584 0.210893 0.0531957
312 0.596584 0.233095 0.0542791
313 0.596584 0.201256 0.0497604
314 0.596584 0.193887 0.0464092
315 0.596584 0.212251 0.0475326
316 0.596584 0.224902 0.0480764
317 0.596584 0.229669 0.0499661
318 0.597011 0.222364 0.050476
319 0.597011 0.201383 0.0437639
320 0.597011 0.197167 0.0446988
321 0.597011 0.208422 0.0451716
322 0.597011 0.195768 0.0456467
323 0.597011 0.186644 0.043817
324 0.597011 0.203179 0.0479783
325 0.597011 0.194986 0.0512484
326 0.597011 0.198775 0.0483134
327 0.597011 0.183615 0.0508405
328 0.597011 0.177659 0.0466003
329 0.597011 0.19113 0.0456308
330 0.597011 0.166442 0.0478069
331 0.597011 0.203319 0.0488298
332 0.597011 0.196852 0.0518211
333 0.597011 0.178294 0.0498777
334 0.597011 0.19476 0.0517518
335 0.597011 0.185768 0.0508496
336 0.597011 0.18036 0.0487307
337 0.597011 0.205487 0.0519936
338 0.597011 0.209449 0.0529023
339 0.597011 0.198895 0.0490856
340 0.597011 0.186043 0.0439727
341 0.597011 0.221023 0.0514048
342 0.597011 0.194513 0.046464
343 0.597011 0.185707 0.0492193
344 0.597011 0.195714 0.0515156
345 0.597011 0.183403 0.0511633
346 0.597011 0.183199 0.0514263
347 0.597011 0.178906 0.0516161
348 0.597011 0.18083 0.0566473
349 0.597011 0.187042 0.0516671
350 0.597011 0.159203 0.0492941
351 0.597011 0.138521 0.0448911
352 0.597011 0.134998 0.0454884
353 0.597011 0.169423 0.0541719
354 0.597011 0.18587 0.0511343
355 0.597011 0.179783 0.0566476
356 0.597011 0.192868 0.0562694
357 0.597011 0.182047 0.0533722
358 0.597011 0.209535 0.0543514
359 0.597011 0.195325 0.0521419
360 0.597011 0.174113 0.0485201
361 0.597011 0.189003 0.0466378
362 0.597011 0.205217 0.0489949
363 0.597011 0.207877 0.0507369
364 0.597011 0.208604 0.0490159
365 0.597011 0.228682 0.0525818
366 0.597011 0.187086 0.050401
367 0.597011 0.19376 0.0489898
368 0.597011 0.178866 0.0488583
369 0.597011 0.174823 0.0507873
370 0.597011 0.184997 0.0521068
371 0.597011 0.199823 0.0537389
372 0.597011 0.191319 0.0581768
373 0.597011 0.17297 0.0536462
374 0.597011 0.193633 0.0530936
375 0.597011 0.17509 0.0468462
376 0.597011 0.170782 0.0455522
377 0.597011 0.178568 0.0462385
378 0.597011 0.200441 0.0542906
379 0.597011 0.19469 0.0508184
380 0.597011 0.202601 0.0483283
381 0.597011 0.202528 0.0461037
382 0.597011 0.207056 0.0468784
383 0.597011 0.198341 0.0494136
384 0.597011 0.186709 0.047726
385 0.597011 0.190691 0.048723
386 0.597011 0.186228 0.047064
387 0.597011 0.174289 0.0450311
388 0.597011 0.167947 0.0451608
389 0.597011 0.198726 0.052462
390 0.597011 0.198377 0.0534442
391 0.597011 0.1892 0.0486989
392 0.597011 0.194781 0.0546922
393 0.597011 0.188348 0.0520213
394 0.597011 0.210768 0.0556026
395 0.597011 0.195924 0.0555211
396 0.597011 0.216066 0.0567821
397 0.597011 0.209947 0.054623
398 0.597011 0.216555 0.0509205
399 0.597011 0.211966 0.0498027
400 0.597011 0.169055 0.0452464
401 0.597011 0.172121 0.0491989
402 0.597011 0.193475 0.0519817
403 0.597154 0.177449 0.0522878
404 0.597154 0.186626 0.0494063
405 0.597154 0.174068 0.0471105
406 0.597154 0.173933 0.0468963
407 0.597154 0.186645 0.0491117
408 0.597154 0.194422 0.045506
409 0.597154 0.202545 0.0516616
410 0.597154 0.210445 0.0519002
411 0.597154 0.186427 0.0484372
412 0.597154 0.183223 0.0479559
413 0.597154 0.190427 0.0508613
414 0.597154 0.173545 0.0461723
415 0.597154 0.198529 0.0525623
416 0.597154 0.200004 0.0502797
417 0.597154 0.181619 0.0533582
418 0.597154 0.204826 0.0559261
419 0.597154 0.200138 0.051146
420 0.597154 0.185323 0.0502077
421 0.597154 0.16135 0.0439449
422 0.597154 0.195197 0.0477068
423 0.597154 0.197435 0.0520596
424 0.597154 0.194911 0.0484947
425 0.597154 0.210063 0.0475303
426 0.597154 0.204146 0.046248
427 0.597154 0.174932 0.0429133
428 0.597154 0.201023 0.0459702
429 0.597154 0.198113 0.044276
430 0.597154 0.190988 0.0488033
431 0.597154 0.194858 0.0468971
432 0.597154 0.187548 0.0459643
433 0.597154 0.17504 0.0476216
434 0.597154 0.16802 0.0495217
435 0.597154 0.196735 0.05128
436 0.597154 0.21273 0.0532064
437 0.597154 0.175195 0.0459501
438 0.597154 0.207816 0.0498356
439 0.597154 0.180844 0.0482502
440 0.597154 0.182695 0.0484088
441 0.597154 0.164563 0.0482226
442 0.597154 0.169405 0.0502026
443 0.597154 0.180986 0.0463473
444 0.597154 0.194463 0.0505096
445 0.597154 0.17867 0.051272
446 0.597154 0.205616 0.055126
447 0.597154 0.19015 0.0484827
448 0.597154 0.176998 0.0502978
449 0.597154 0.177629 0.050233
450 0.597154 0.185328 0.0492941
451 0.597154 0.185276 0.0474371
452 0.597154 0.191613 0.0464382
453 0.597154 0.229727 0.0523655
454 0.597154 0.205631 0.0536072
455 0.597154 0.196208 0.0476756
456 0.597154 0.189025 0.0500863
457 0.597154 0.19634 0.0520625
458 0.597154 0.204378 0.0526032
459 0.597154 0.221904 0.0501779
460 0.597154 0.203756 0.0478382
461 0.597154 0.211669 0.0493423
462 0.597154 0.189751 0.0410553
463 0.597154 0.19451 0.0457869
464 0.597154 0.170923 0.0451472
465 0.597154 0.187174 0.0471172
466 0.597154 0.198223 0.0473518
467 0.597154 0.206834 0.0491772
468 0.597154 0.215347 0.0514182
469 0.597154 0.189887 0.0488743
470 0.597154 0.179436 0.0456661
471 0.597154 0.182406 0.0423156
472 0.597154 0.174231 0.0490728
473 0.597154 0.210152 0.0478589
474 0.597154 0.204771 0.0450238
475 0.597154 0.183178 0.0425908
476 0.597154 0.201026 0.0488969
477 0.597154 0.220877 0.0531725
478 0.597154 0.247717 0.0507814
479 0.597154 0.219109 0.0518488
480 0.597154 0.173548 0.04532
481 0.597154 0.160474 0.0444658
482 0.597154 0.160242 0.0431483
483 0.597154 0.163787 0.0460876
484 0.597154 0.166155 0.0499065
485 0.597154 0.176342 0.0513323
486 0.597154 0.179435 0.0506081
487 0.597154 0.188052 0.0519806
488 0.597154 0.19363 0.0480075
489 0.597154 0.17808 0.0480057
490 0.597154 0.184947 0.0501113
491 0.597154 0.212822 0.0491076
492 0.597154 0.185952 0.0518257
493 0.597154 0.186107 0.050809
494 0.597154 0.19018 0.0515389
495 0.597154 0.183219 0.0496225
496 0.597154 0.174083 0.0448937
497 0.597154 0.201148 0.0537262
498 0.597154 0.200299 0.0499687
499 0.597154 0.177913 0.0476995
500 0.597154 0.191497 0.0475618
501 0.597154 0.181588 0.050939
502 0.597154 0.196728 0.0474928
503 0.597154 0.186288 0.0492215
504 0.597154 0.200022 0.0488613
505 0.597154 0.20631 0.0507086
506 0.597154 0.17298 0.0450694
507 0.597154 0.163215 0.0450882
508 0.597154 0.168468 0.0483119
509 0.597154 0.173433 0.0449203
510 0.597154 0.178047 0.0432639
511 0.597154 0.208423 0.0450236
512 0.597154 0.176733 0.0448639
513 0.597154 0.186794 0.0504065
514 0.597154 0.177034 0.0477291
515 0.597154 0.193195 0.0501773
516 0.597154 0.184046 0.048815
517 0.597154 0.188027 0.0487179
518 0.597154 0.188554 0.0481851
519 0.597154 0.202234 0.0491553
520 0.597154 0.195409 0.0484245
521 0.597154 0.194051 0.0507096
522 0.597154 0.204033 0.0514177
523 0.597154 0.197091 0.0521272
524 0.597154 0.19795 0.0540199
525 0.597154 0.193736 0.0491025
526 0.597154 0.177453 0.0513503
527 0.597154 0.187724 0.0464532
528 0.597154 0.186142 0.0454559
529 0.597154 0.181789 0.0491951
530 0.597154 0.164831 0.0477373
531 0.597154 0.170135 0.0486805
532 0.597154 0.173348 0.049519
533 0.597154 0.188355 0.0505044
534 0.597154 0.190302 0.0488722
535 0.597154 0.21457 0.0500094
536 0.597154 0.211368 0.0511249
537 0.597154 0.212322 0.0527082
538 0.597154 0.211131 0.0525073
539 0.597154 0.221843 0.0489872
540 0.597154 0.216964 0.0503796
541 0.597154 0.187941 0.0497361
542 0.597154 0.15587 0.0464034
543 0.597154 0.181108 0.0482813
544 0.597154 0.205077 0.050815
545 0.597154 0.206452 0.0468484
546 0.597154 0.190259 0.0448774
547 0.597154 0.174627 0.0488778
548 0.597154 0.172363 0.0497545
549 0.597154 0.181445 0.0490132
550 0.597154 0.185902 0.0527112
551 0.597154 0.210688 0.0534573
552 0.597154 0.229333 0.0557841
553 0.597154 0.23786 0.0550218
554 0.597154 0.231088 0.0526684
555 0.597154 0.192101 0.0486524
556 0.597154 0.215855 0.0471401
557 0.597154 0.237833 0.0543908
558 0.597154 0.224494 0.0528128
559 0.597154 0.21215 0.048461
560 0.597154 0.205892 0.0467751
561 0.597154 0.208854 0.0512089
562 0.597154 0.20776 0.0519929
563 0.597154 0.207649 0.0512933
564 0.597154 0.193434 0.0469494
565 0.597154 0.178058 0.0497413
566 0.597154 0.18164 0.0478376
567 0.597154 0.205947 0.0531287
568 0.597154 0.192985 0.0546215
569 0.597154 0.16721 0.0500365
570 0.597154 0.153602 0.0472315
571 0.597154 0.197429 0.0482368
572 0.597154 0.181952 0.0469899
573 0.597154 0.195901 0.0495854
574 0.597154 0.239577 0.0519251
575 0.597154 0.217347 0.0544294
576 0.597154 0.212406 0.0516025
577 0.597154 0.238193 0.0571522
578 0.597154 0.216086 0.0491086
579 0.597154 0.203659 0.0497133
580 0.597154 0.217597 0.0480293
581 0.597154 0.197706 0.0473822
582 0.597154 0.201088 0.0457321
583 0.597154 0.222047 0.050533
584 0.597154 0.19017 0.0453029
585 0.597154 0.212052 0.0501611
586 0.597154 0.174722 0.0433626
587 0.597154 0.212967 0.0499118
588 0.597154 0.211727 0.0521395
589 0.597154 0.222623 0.0547407
590 0.597154 0.211853 0.0490039
591 0.597154 0.212787 0.0490072
592 0.597154 0.222095 0.0502274
593 0.597154 0.231301 0.0511751
594 0.597154 0.236784 0.0541971
595 0.597154 0.229798 0.0468432
596 0.597154 0.213216 0.0526957
597 0.597154 0.217343 0.0522197
598 0.597154 0.242173 0.0560057
599 0.597154 0.252204 0.0540513
600 0.597154 0.241135 0.049594
601 0.597154 0.207656 0.0426798
602 0.597154 0.216436 0.0470522
603 0.597154 0.214323 0.0447845
604 0.597154 0.225176 0.044078
605 0.597154 0.2469 0.0485751
606 0.597154 0.221009 0.0480477
607 0.597154 0.224879 0.0511931
608 0.597154 0.195593 0.0493135
609 0.597154 0.223547 0.054168
610 0.597154 0.191252 0.0531503
611 0.597154 0.188808 0.0535564
612 0.597154 0.206769 0.0529114
613 0.597154 0.197823 0.052498
614 0.597154 0.200804 0.0523206
615 0.597154 0.165573 0.0524267
616 0.597154 0.18852 0.0516977
617 0.597154 0.18393 0.0526227
618 0.597154 0.186567 0.0519262
619 0.597154 0.207865 0.0521263
620 0.597154 0.21685 0.0521365
621 0.597154 0.192516 0.04817
622 0.597154 0.183634 0.0478387
623 0.597154 0.209491 0.0521578
624 0.597154 0.189589 0.0480153
625 0.597154 0.186737 0.0452309
626 0.597154 0.178738 0.0456861
627 0.597154 0.201705 0.0460814
628 0.597154 0.172558 0.0452406
629 0.597154 0.17842 0.0436069
630 0.597154 0.182871 0.0470514
631 0.597154 0.189947 0.0515617
632 0.597154 0.210818 0.0480066
633 0.597154 0.213863 0.047796
634 0.597154 0.210475 0.0503275
635 0.597154 0.198434 0.0477223
636 0.597154 0.20273 0.0514625
637 0.597154 0.187879 0.050172
638 0.597653 0.201151 0.0523138
639 0.597653 0.221051 0.0524459
640 0.597653 0.186564 0.0501942
641 0.597653 0.178104 0.0476804
642 0.598643 0.201801 0.0507744
643 0.598643 0.199414 0.0453855
644 0.598643 0.201041 0.0498335
645 0.598643 0.198034 0.051782
646 0.598643 0.204043 0.0492044
647 0.598643 0.183209 0.0485758
648 0.598643 0.203981 0.0516413
649 0.598643 0.198136 0.0456188
650 0.598643 0.206664 0.0472269
651 0.598643 0.18553 0.0450167
652 0.598643 0.197333 0.0480985
653 0.598643 0.180394 0.0423634
654 0.598643 0.175737 0.0471061
655 0.598643 0.199848 0.0509941
656 0.598643 0.189837 0.0483659
657 0.598643 0.161047 0.0468451
658 0.598643 0.181957 0.0474267
659 0.598643 0.171251 0.0473713
660 0.598643 0.209548 0.0475955
661 0.598643 0.221007 0.0506896
662 0.598643 0.199614 0.0502984
663 0.598643 0.185839 0.0491185
664 0.598643 0.180504 0.0517353
665 0.598643 0.199445 0.0499947
666 0.598643 0.202879 0.0520656
667 0.598643 0.194299 0.0461817
668 0.598643 0.210975 0.050932
669 0.598643 0.189379 0.0479404
670 0.598643 0.195465 0.050244
671 0.598643 0.205026 0.0554706
672 0.598643 0.217538 0.0476057
673 0.598643 0.201467 0.0499993
674 0.598643 0.254797 0.0468363
675 0.598643 0.192439 0.0443793
676 0.598643 0.180384 0.0488006
677 0.598643 0.188487 0.0527252
678 0.598643 0.18792 0.0490622
679 0.598643 0.209877 0.0507765
680 0.598643 0.201005 0.0540153
681 0.600871 0.171857 0.0476855
682 0.600871 0.176184 0.0508016
683 0.600871 0.165696 0.0481557
684 0.600871 0.164158 0.047275
685 0.600871 0.179464 0.0492309
686 0.600871 0.190913 0.0503671
687 0.600871 0.177988 0.0512679
688 0.600871 0.183585 0.0526775
689 0.600871 0.199004 0.0537706
690 0.600871 0.188443 0.0484552
691 0.600871 0.210104 0.0531153
692 0.600871 0.199214 0.0559936
693 0.600871 0.189177 0.0481888
694 0.600871 0.20238 0.0502824
695 0.600871 0.206069 0.0544638
696 0.600871 0.210517 0.054676
697 0.601724 0.205973 0.055106
698 0.601724 0.208795 0.0523094
699 0.601724 0.19099 0.050423
700 0.601792 0.207013 0.0558759
701 0.601792 0.186091 0.0531543
702 0.601792 0.178506 0.0474787
703 0.601792 0.187143 0.0494585
704 0.601792 0.181536 0.0479706
705 0.601792 0.199284 0.0513821
706 0.601792 0.200376 0.0524011
707 0.601792 0.189811 0.05065
708 0.601792 0.21698 0.049863
709 0.601792 0.205933 0.0527205
710 0.601792 0.221851 0.0542101
711 0.601792 0.224251 0.0555213
712 0.601792 0.211004 0.0534904
713 0.601792 0.201107 0.0547001
714 0.601792 0.202297 0.0523412
715 0.601792 0.212389 0.0526709
716 0.601792 0.194591 0.0518031
717 0.601792 0.202075 0.0527205
718 0.601792 0.180262 0.0482485
719 0.601792 0.183394 0.043827
720 0.601792 0.174232 0.043627
721 0.601792 0.191072 0.0497167
722 0.601792 0.182203 0.0451788
723 0.601792 0.195993 0.0457633
724 0.601792 0.188125 0.0506662
725 0.601792 0.220823 0.0600596
726 0.601792 0.196239 0.0514288
727 0.601792 0.224396 0.0542986
728 0.601792 0.196018 0.0524216
729 0.601792 0.216001 0.0567864
730 0.601792 0.195677 0.0528194
731 0.601792 0.181211 0.0476177
732 0.601792 0.187906 0.0471003
733 0.601792 0.194183 0.0516991
734 0.601792 0.20323 0.0501666
735 0.601792 0.162584 0.0476659
736 0.601792 0.164292 0.0492532
737 0.601792 0.169532 0.0483412
738 0.601792 0.179569 0.0500259
739 0.601792 0.184965 0.0473679
740 0.601792 0.174761 0.047497
741 0.601792 0.185299 0.0504396
742 0.601792 0.168151 0.0453533
743 0.601792 0.162793 0.0478952
744 0.601792 0.14667 0.0455682
745 0.601792 0.159559 0.0538235
746 0.601792 0.171786 0.0521235
747 0.601792 0.148462 0.0480542
748 0.601792 0.167446 0.0499222
749 0.601792 0.184874 0.0497551
750 0.601792 0.173 0.0496503
751 0.601792 0.185275 0.0495539
752 0.602046 0.19709 0.0538463
753 0.602046 0.17546 0.0452919
754 0.602046 0.191611 0.0478904
755 0.602046 0.158717 0.044102
756 0.602046 0.178341 0.0440932
757 0.602046 0.190357 0.0482142
758 0.602046 0.186965 0.0463815
759 0.602046 0.205709 0.0446603
760 0.602046 0.179849 0.0454111
761 0.602046 0.192291 0.0500485
762 0.602046 0.200485 0.0476698
763 0.602046 0.189752 0.0486096
764 0.602046 0.194595 0.0504232
765 0.602046 0.231486 0.0487654
766 0.602046 0.216391 0.0509623
767 0.602046 0.216961 0.0452767
768 0.602046 0.193752 0.0471472
769 0.602046 0.201579 0.0465747
770 0.602046 0.20849 0.0496587
771 0.602046 0.200143 0.0540746
772 0.602046 0.180281 0.0492655
773 0.602174 0.201035 0.0512083
774 0.602174 0.209411 0.052481
775 0.602174 0.195415 0.053227
776 0.602174 0.188148 0.0466317
777 0.602174 0.174681 0.043924
778 0.602174 0.186747 0.0458336
779 0.602174 0.182849 0.0415737
780 0.602174 0.193056 0.0502447
781 0.602174 0.201382 0.0498449
782 0.602174 0.202546 0.0487409
783 0.602174 0.207863 0.0510066
784 0.602174 0.192531 0.0476321
785 0.602174 0.175141 0.0462166
786 0.602174 0.179527 0.0508444
787 0.602174 0.190137 0.0529505
788 0.602174 0.186575 0.0493939
789 0.602174 0.19831 0.0548832
790 0.602174 0.199728 0.0510407
791 0.602174 0.218836 0.0529273
792 0.602174 0.204473 0.0514102
793 0.602174 0.167016 0.0494619
794 0.602174 0.208084 0.053762
795 0.602174 0.198926 0.0559094
796 0.602174 0.204065 0.0555023
797 0.602174 0.19806 0.0559599
798 0.602174 0.191458 0.0530332
799 0.602174 0.206523 0.0537386
800 0.602174 0.183282 0.0475101
801 0.602174 0.201641 0.0462714
802 0.602174 0.190228 0.0521608
803 0.602174 0.177393 0.0486756
804 0.602174 0.158291 0.0475583
805 0.602174 0.183886 0.0509585
806 0.602174 0.160785 0.049642
807 0.602174 0.163037 0.0450798
808 0.602174 0.178417 0.049592
809 0.602174 0.214556 0.0546409
810 0.602174 0.191564 0.0505251
811 0.602174 0.158681 0.0425781
812 0.602174 0.166011 0.0493299
813 0.602174 0.212259 0.0507927
814 0.602174 0.185522 0.0521614
815 0.602174 0.208194 0.0543283
816 0.602174 0.201724 0.0478494
817 0.602174 0.185128 0.0492139
818 0.602174 0.183858 0.050446
819 0.602174 0.161512 0.042751
820 0.602174 0.156711 0.0418739
821 0.602174 0.179962 0.0497269
822 0.602174 0.190949 0.0522047
823 0.602174 0.179447 0.0475288
824 0.602174 0.197164 0.049793
825 0.602174 0.206746 0.0498674
826 0.602174 0.189108 0.0493976
827 0.602174 0.194091 0.0491079
828 0.602174 0.177059 0.046073
829 0.602174 0.208528 0.048895
830 0.602174 0.187016 0.0455836
831 0.602174 0.192945 0.0506391
832 0.602174 0.188161 0.0454513
833 0.602174 0.192664 0.0468421
834 0.602174 0.173431 0.0462256
835 0.602174 0.170979 0.0494727
836 0.602174 0.168081 0.0486292
837 0.602174 0.190155 0.0480368
838 0.602174 0.192525 0.050711
839 0.602174 0.20483 0.0526864
840 0.602174 0.202704 0.0554736
841 0.602174 0.192058 0.048607
842 0.602174 0.202629 0.0512983
843 0.602174 0.175699 0.0464148
844 0.602174 0.201236 0.0524052
845 0.602174 0.154501 0.0466478
846 0.602174 0.172755 0.0513129
847 0.602174 0.170279 0.0527352
848 0.602174 0.157807 0.0506987
849 0.602174 0.161025 0.0503326
850 0.602174 0.182396 0.0476512
851 0.602174 0.211482 0.0494097
852 0.602174 0.203985 0.0484095
853 0.602174 0.199959 0.0466169
854 0.602174 0.180322 0.0473145
855 0.602174 0.207372 0.0503894
856 0.602174 0.208567 0.0493655
857 0.602174 0.209997 0.0512264
858 0.602174 0.196252 0.0505381
859 0.602174 0.177576 0.0501273
860 0.602174 0.148068 0.0452323
861 0.602174 0.170961 0.0489902
862 0.602174 0.19901 0.0496211
863 0.602174 0.217932 0.0482849
864 0.602174 0.221988 0.0486048
865 0.602174 0.190277 0.0489307
866 0.602174 0.168649 0.0519622
867 0.602174 0.164973 0.0470982
868 0.602174 0.194869 0.0533964
869 0.602174 0.1959 0.0532573
870 0.602174 0.191484 0.0512467
871 0.602174 0.19461 0.0522686
872 0.602174 0.211134 0.0548379
873 0.602174 0.193583 0.0534525
874 0.602174 0.19946 0.0541689
875 0.602174 0.211009 0.0562224
876 0.602174 0.179105 0.0503876
877 0.602174 0.173088 0.0486436
878 0.602174 0.182469 0.0507179
879 0.602174 0.170359 0.0424079
880 0.602174 0.179869 0.0436747
881 0.602174 0.159584 0.0467151
882 0.602174 0.180366 0.0473089
883 0.602174 0.175007 0.047923
884 0.602174 0.186025 0.049354
885 0.602174 0.188322 0.050793
886 0.602174 0.182376 0.0465898
887 0.602174 0.173417 0.0460985
888 0.602174 0.16522 0.0439769
889 0.602174 0.177564 0.0509146
890 0.602174 0.156011 0.0510699
891 0.602174 0.197614 0.0570944
892 0.602174 0.155134 0.051282
893 0.602174 0.159933 0.051878
894 0.602174 0.154314 0.0471411
895 0.602174 0.165695 0.0536213
896 0.602174 0.163784 0.0506522
897 0.602174 0.161423 0.0491244
898 0.602174 0.18344 0.0520868
899 0.602174 0.158407 0.0478583
900 0.602174 0.150992 0.0465268
901 0.602174 0.151161 0.0466719
902 0.602174 0.138954 0.0443427
903 0.602174 0.158719 0.04677
904 0.602174 0.169528 0.0473371
905 0.602174 0.192373 0.0538358
906 0.602174 0.187589 0.0470735
907 0.602174 0.185347 0.0562456
908 0.602174 0.206928 0.0535442
909 0.602174 0.190557 0.0490935
910 0.602174 0.20547 0.0511335
911 0.602174 0.198178 0.0471484
912 0.602174 0.18786 0.05339
913 0.602174 0.176157 0.0505055
914 0.602174 0.182625 0.0522705
915 0.602174 0.179299 0.0480243
916 0.602174 0.180027 0.0534394
917 0.602174 0.172889 0.0528886
918 0.602174 0.147543 0.0469283
919 0.602174 0.125314 0.0446863
920 0.602174 0.14362 0.0446825
921 0.602174 0.153015 0.0522455
922 0.602174 0.189367 0.0513393
923 0.602174 0.172431 0.0476309
924 0.602174 0.182802 0.0497721
925 0.602174 0.211698 0.0531182
926 0.602174 0.225701 0.0534773
927 0.602174 0.231301 0.0504482
928 0.602174 0.209324 0.0522485
929 0.602174 0.194939 0.0543965
930 0.602174 0.189532 0.0520163
931 0.602174 0.208987 0.0518453
932 0.602174 0.201426 0.0524546
933 0.602174 0.181589 0.0518688
934 0.602174 0.182167 0.0470201
935 0.602174 0.159902 0.0445015
936 0.602174 0.169259 0.0506096
937 0.602174 0.159078 0.0517581
938 0.602174 0.177945 0.0506705
939 0.602174 0.147098 0.0408279
940 0.602174 0.156112 0.0451991
941 0.602174 0.17714 0.0469705
942 0.602174 0.185078 0.0447628
943 0.602174 0.206018 0.0473589
944 0.602174 0.184274 0.0506195
945 0.602174 0.190404 0.0456688
946 0.602174 0.181194 0.0453211
947 0.602174 0.199824 0.0444338
948 0.602174 0.194182 0.0472114
949 0.602174 0.203278 0.0485793
950 0.602174 0.187111 0.0466522
951 0.602174 0.18522 0.0483657
952 0.602174 0.191162 0.050328
953 0.602174 0.182091 0.0502133
954 0.602174 0.18337 0.0479253
955 0.602174 0.192238 0.0462248
956 0.602174 0.190236 0.0475806
957 0.602174 0.20614 0.0499625
958 0.602174 0.204869 0.0500692
959 0.602174 0.202947 0.048237
960 0.602174 0.166385 0.0425341
961 0.602174 0.194731 0.0469672
962 0.602174 0.180132 0.0452774
963 0.602174 0.170364 0.043991
964 0.602174 0.172131 0.0513881
965 0.602174 0.171114 0.0474049
966 0.602174 0.182018 0.0504112
967 0.602174 0.181632 0.0487583
968 0.602174 0.200186 0.0544974
969 0.602174 0.212874 0.0511878
970 0.602174 0.198916 0.0516475
971 0.602174 0.174776 0.0527861
972 0.602174 0.180322 0.0473542
973 0.602174 0.182401 0.0501753
974 0.602174 0.190511 0.0495678
975 0.602174 0.194979 0.04925
976 0.602174 0.180757 0.0464445
977 0.602174 0.203199 0.0454428
978 0.602174 0.186727 0.0485301
979 0.602174 0.182167 0.046164
980 0.602174 0.149719 0.0416429
981 0.602174 0.171052 0.0465336
982 0.602174 0.19279 0.0480649
983 0.602174 0.173895 0.04815
984 0.602174 0.18573 0.0468904
985 0.602174 0.19354 0.0503084
986 0.602174 0.191746 0.0515455
987 0.602174 0.19473 0.050528
988 0.602174 0.187746 0.0490618
989 0.602174 0.16174 0.0471528
990 0.602174 0.157182 0.0483674
991 0.602174 0.141325 0.0433263
992 0.602174 0.137208 0.0462122
993 0.602174 0.153391 0.0468586
994 0.602174 0.151215 0.0463262
995 0.602174 0.153381 0.0453502
996 0.602174 0.157509 0.0499745
997 0.602174 0.173154 0.0494019
998 0.602174 0.157069 0.0434781
999 0.602174 0.163144 0.0448559
1000 0.602174 0.158325 0.0490358
