0 0.434945 0.0643577 0.00526749
1 0.434945 0.0727756 0.00515341
2 0.434945 0.0741971 0.00521399
3 0.434945 0.0799413 0.00508662
4 0.434945 0.0805563 0.00650884
5 0.434945 0.0944661 0.00579361
6 0.434945 0.0951794 0.00572501
7 0.47096 0.10148 0.00731029
8 0.47096 0.110007 0.00969171
9 0.47096 0.114978 0.0121381
10 0.516773 0.138161 0.0168085
10 0.53541 0.0782156 0.0240436
11 0.53541 0.0708426 0.023556
12 0.551332 0.0798749 0.0270101
13 0.551332 0.0770656 0.0285685
14 0.551332 0.0831105 0.031162
15 0.551332 0.0918023 0.0328368
16 0.551332 0.126269 0.0405086
17 0.572537 0.108763 0.0367308
18 0.572537 0.104565 0.0396217
19 0.572537 0.112149 0.0407549
20 0.572537 0.122585 0.0415549
21 0.572537 0.130205 0.0408358
22 0.572537 0.115635 0.0408878
23 0.572537 0.114567 0.0383545
24 0.572537 0.137883 0.041643
25 0.572537 0.153846 0.0432046
26 0.572537 0.145915 0.0432387
27 0.572537 0.122511 0.0389948
28 0.572537 0.140616 0.0440542
29 0.574744 0.170839 0.0452403
30 0.574744 0.17153 0.048524
31 0.574744 0.141723 0.0432238
32 0.574744 0.150471 0.0415165
33 0.574744 0.143505 0.0425929
34 0.574744 0.137095 0.0410523
35 0.586324 0.146589 0.0442963
36 0.586324 0.151226 0.0423143
37 0.586324 0.170179 0.0454186
38 0.586324 0.153409 0.0438001
39 0.586324 0.162111 0.0504023
40 0.586324 0.175138 0.0487041
41 0.586324 0.173283 0.0457325
42 0.586324 0.162318 0.0416041
43 0.586324 0.172917 0.044533
44 0.586324 0.186589 0.0455326
45 0.586324 0.1829 0.0429253
46 0.586324 0.176623 0.0450596
47 0.586324 0.176413 0.0442428
48 0.586324 0.169995 0.0421963
49 0.586324 0.179384 0.0410404
50 0.586324 0.171604 0.0414395
51 0.586324 0.215634 0.0477825
52 0.586324 0.187331 0.0452135
53 0.586324 0.159128 0.0424941
54 0.586324 0.16307 0.0460694
55 0.586324 0.156827 0.044658
56 0.586324 0.151227 0.0451771
57 0.586324 0.177144 0.050546
58 0.586324 0.181872 0.048343
59 0.594208 0.181226 0.0498503
60 0.594208 0.163692 0.0507771
61 0.594208 0.137295 0.0423373
62 0.594208 0.16636 0.04852
63 0.594208 0.162936 0.0466957
64 0.594208 0.180579 0.0507374
65 0.594208 0.163237 0.0514389
66 0.594208 0.168135 0.0490359
67 0.594208 0.139385 0.0445744
68 0.594208 0.145688 0.044588
69 0.594208 0.125005 0.0403265
70 0.594208 0.144877 0.0449211
71 0.594208 0.13595 0.0416295
72 0.594208 0.125092 0.0398127
73 0.594208 0.164611 0.0499397
74 0.594208 0.163389 0.0482885
75 0.594208 0.166259 0.0469372
76 0.594208 0.173855 0.0439121
77 0.594208 0.1752 0.0450149
78 0.594208 0.190905 0.0500381
79 0.594208 0.168674 0.0469068
80 0.594208 0.135969 0.0416785
81 0.594208 0.153252 0.0455935
82 0.594208 0.137845 0.0422745
83 0.594208 0.160249 0.0472856
84 0.594208 0.158093 0.0441569
85 0.594208 0.172692 0.0502157
86 0.594208 0.188476 0.0522786
87 0.594208 0.179808 0.0491033
88 0.594208 0.171712 0.0442475
89 0.594208 0.188038 0.0521731
90 0.594208 0.159686 0.0463554
91 0.594208 0.139388 0.0422854
92 0.594208 0.152106 0.0437365
93 0.594208 0.136607 0.0439032
94 0.594208 0.143343 0.0454677
95 0.594208 0.137221 0.0437928
96 0.594208 0.134205 0.0432854
97 0.594208 0.135189 0.0440381
98 0.594208 0.191462 0.0505094
99 0.594208 0.184157 0.0493157
100 0.594208 0.165579 0.0477191
101 0.594208 0.155406 0.0509773
102 0.594208 0.13492 0.0449141
103 0.594208 0.161929 0.0481978
104 0.594208 0.167792 0.0454744
105 0.594208 0.169384 0.0478923
106 0.594208 0.188578 0.049758
107 0.594208 0.190563 0.0461875
108 0.594208 0.210925 0.0477093
109 0.594208 0.187581 0.0482532
110 0.594208 0.202054 0.0489362
111 0.594208 0.213277 0.0499419
112 0.594208 0.19745 0.0501718
113 0.594208 0.192362 0.044751
114 0.594208 0.185506 0.0496319
115 0.594208 0.170011 0.0455162
116 0.594208 0.143344 0.0414262
117 0.594208 0.185915 0.0477212
118 0.594208 0.175459 0.0528729
119 0.594208 0.178781 0.0481022
120 0.594208 0.188624 0.0474834
121 0.594208 0.214329 0.0489756
122 0.594208 0.173733 0.0520948
123 0.594208 0.161052 0.0494518
124 0.594208 0.15654 0.0443488
125 0.594208 0.168821 0.0489209
126 0.594208 0.167797 0.0487226
127 0.594208 0.156931 0.0472184
128 0.594208 0.172013 0.0488277
129 0.594208 0.184154 0.0525492
130 0.594208 0.186026 0.0524343
131 0.594208 0.187909 0.0502335
132 0.594208 0.159343 0.0479976
133 0.594208 0.182205 0.0497231
134 0.594208 0.194195 0.0519248
135 0.594208 0.196643 0.0540646
136 0.594208 0.181627 0.0521761
137 0.594208 0.160393 0.0530535
138 0.594208 0.176555 0.0491797
139 0.594208 0.16507 0.0486469
140 0.594208 0.189033 0.0511865
141 0.594208 0.199007 0.0478786
142 0.594208 0.184252 0.0477724
143 0.594208 0.200751 0.0555052
144 0.594208 0.179692 0.0517443
145 0.594208 0.177664 0.0495574
146 0.594208 0.207889 0.0532207
147 0.594208 0.192389 0.051537
148 0.594208 0.187329 0.049825
149 0.594208 0.198697 0.0530374
150 0.594208 0.208087 0.054522
151 0.594208 0.206986 0.0531112
152 0.594208 0.214663 0.0509525
153 0.594208 0.23444 0.0510846
154 0.594208 0.231819 0.0487258
155 0.594208 0.231815 0.0470784
156 0.594208 0.216565 0.0454093
157 0.594208 0.242847 0.0500588
158 0.594208 0.237729 0.0529621
159 0.594208 0.213998 0.047382
160 0.594208 0.213037 0.0558608
161 0.594208 0.215665 0.0502996
162 0.594208 0.195301 0.0478614
163 0.594208 0.181072 0.0505915
164 0.594208 0.190482 0.0504281
165 0.594208 0.205147 0.0505628
166 0.594208 0.254484 0.0568346
167 0.594208 0.250883 0.0538036
168 0.594208 0.21796 0.055135
169 0.594208 0.241223 0.051521
170 0.594208 0.21794 0.0526783
171 0.594208 0.22758 0.053419
172 0.594208 0.237251 0.0564809
173 0.594208 0.209141 0.0532079
174 0.594208 0.196252 0.052892
175 0.594208 0.225362 0.056719
176 0.594208 0.227705 0.0587267
177 0.594208 0.196189 0.05482
178 0.594208 0.196602 0.0571827
179 0.594208 0.210047 0.0558999
180 0.594208 0.210479 0.0560114
181 0.594208 0.213475 0.0489964
182 0.594208 0.20608 0.0511552
183 0.594208 0.196602 0.0539737
184 0.594208 0.193074 0.055248
185 0.594208 0.198628 0.0533365
186 0.594208 0.218986 0.0554378
187 0.594208 0.212939 0.0532396
188 0.594208 0.20891 0.0512336
189 0.594208 0.222928 0.0536687
190 0.594208 0.20678 0.0542018
191 0.594208 0.217824 0.0551283
192 0.594208 0.220803 0.054991
193 0.594208 0.252105 0.0544408
194 0.594208 0.239875 0.0558255
195 0.594208 0.222028 0.0564799
196 0.594208 0.219869 0.0529241
197 0.594208 0.20698 0.054714
198 0.594208 0.202935 0.0506457
199 0.594208 0.213341 0.0544743
200 0.594208 0.200961 0.054261
201 0.594208 0.194187 0.047236
202 0.594208 0.199897 0.0515615
203 0.594208 0.209333 0.0536519
204 0.594208 0.219641 0.0533136
205 0.594208 0.20577 0.0528264
206 0.594208 0.231619 0.0527358
207 0.594208 0.214985 0.0509534
208 0.594208 0.235095 0.0536252
209 0.594208 0.214146 0.0516385
210 0.594208 0.236501 0.0512004
211 0.594208 0.229483 0.0508958
212 0.594208 0.217363 0.0509495
213 0.594208 0.201991 0.0518226
214 0.594208 0.216169 0.054768
215 0.594208 0.2168 0.0511738
216 0.594208 0.239096 0.0470619
217 0.594208 0.232888 0.0535257
218 0.594208 0.234155 0.0571216
219 0.594208 0.238486 0.0584238
220 0.594208 0.213753 0.0572168
221 0.594208 0.235819 0.0541476
222 0.594208 0.216971 0.0501713
223 0.594208 0.191903 0.0513939
224 0.594208 0.214771 0.0555151
225 0.594208 0.204628 0.0525684
226 0.594208 0.201089 0.0530304
227 0.594208 0.209413 0.0558131
228 0.594208 0.223555 0.0544664
229 0.594208 0.234917 0.0552977
230 0.594208 0.198031 0.0531185
231 0.594208 0.174245 0.0494267
232 0.594208 0.188083 0.0518258
233 0.594208 0.198658 0.0500257
234 0.594208 0.200187 0.0519039
235 0.594208 0.192417 0.0503074
236 0.594208 0.216408 0.0572298
237 0.594208 0.212337 0.0533984
238 0.594208 0.23535 0.0565871
239 0.594208 0.241134 0.054357
240 0.594208 0.214664 0.0537774
241 0.594208 0.191627 0.0500317
242 0.594208 0.181093 0.0526083
243 0.594208 0.203133 0.0501578
244 0.594208 0.194899 0.0484453
245 0.594208 0.193493 0.0514584
246 0.594208 0.192632 0.0525933
247 0.594208 0.196801 0.051908
248 0.594208 0.186695 0.0496238
249 0.594208 0.18696 0.052734
250 0.594208 0.211627 0.0515871
251 0.594208 0.217804 0.0500448
252 0.594208 0.232508 0.0537535
253 0.594208 0.220614 0.0583312
254 0.594208 0.214748 0.0550805
255 0.594208 0.194878 0.0503308
256 0.594208 0.204318 0.0497152
257 0.594208 0.203465 0.0532889
258 0.594208 0.214401 0.0573465
259 0.594208 0.204902 0.0547415
260 0.594208 0.20383 0.0553414
261 0.594208 0.202555 0.0533753
262 0.594208 0.220654 0.0553449
263 0.594208 0.238908 0.0568844
264 0.594208 0.251811 0.0566625
265 0.594208 0.247325 0.053356
266 0.594208 0.224365 0.0560975
267 0.594208 0.232937 0.0588236
268 0.594208 0.212705 0.0541643
269 0.594208 0.194028 0.0536319
270 0.594208 0.203003 0.0531539
271 0.594208 0.187708 0.0531498
272 0.594208 0.163895 0.0500351
273 0.594208 0.204909 0.0540385
274 0.594208 0.201792 0.0519505
275 0.594208 0.173115 0.0497334
276 0.594208 0.188079 0.0539091
277 0.594208 0.21895 0.059149
278 0.594208 0.207953 0.059739
279 0.594208 0.198908 0.0543841
280 0.594208 0.219305 0.0593577
281 0.594208 0.192199 0.0561697
282 0.597756 0.158776 0.0489459
283 0.597756 0.186927 0.057174
284 0.597756 0.214502 0.0596501
285 0.597756 0.220567 0.0637579
286 0.597756 0.194176 0.0572857
287 0.597756 0.202456 0.0553826
288 0.597756 0.227345 0.0558163
289 0.597756 0.205759 0.055268
290 0.597756 0.186984 0.050705
291 0.597756 0.212521 0.0520995
292 0.597756 0.225123 0.0497101
293 0.597756 0.197181 0.0479118
294 0.597756 0.223699 0.0553155
295 0.597756 0.193159 0.053861
296 0.597756 0.165403 0.0491501
297 0.597756 0.176602 0.0502068
298 0.597756 0.186384 0.0512252
299 0.597756 0.200035 0.0563778
300 0.597756 0.203888 0.0508248
301 0.597756 0.203808 0.0503769
302 0.597756 0.18104 0.0437079
303 0.597756 0.182437 0.0507783
304 0.597756 0.17924 0.0536334
305 0.597756 0.191367 0.0522513
306 0.597756 0.194212 0.0535931
307 0.597756 0.208675 0.0547109
308 0.597756 0.186791 0.053052
309 0.597756 0.185667 0.0551656
310 0.597756 0.173185 0.0506544
311 0.597756 0.160575 0.0485603
312 0.597756 0.174696 0.0484899
313 0.597756 0.178292 0.0541163
314 0.597756 0.182833 0.0554427
315 0.597756 0.185283 0.0525234
316 0.597756 0.191709 0.0538494
317 0.597756 0.191218 0.052529
318 0.597756 0.192383 0.0502097
319 0.597756 0.201919 0.0476718
320 0.597756 0.189838 0.0479793
321 0.597756 0.186358 0.0489368
322 0.598086 0.204685 0.0541318
323 0.598086 0.214415 0.0489539
324 0.598086 0.215549 0.054091
325 0.598086 0.195739 0.0524435
326 0.598086 0.210108 0.053824
327 0.598086 0.208138 0.0554588
328 0.598086 0.21177 0.0516182
329 0.598086 0.202521 0.0517101
330 0.598086 0.19086 0.0514882
331 0.598086 0.182521 0.0523507
332 0.598086 0.211249 0.0583056
333 0.598086 0.187914 0.0595955
334 0.598086 0.170529 0.0513859
335 0.598086 0.179138 0.0509712
336 0.598086 0.206538 0.0514382
337 0.598615 0.205299 0.0513722
338 0.598615 0.188449 0.0476807
339 0.598615 0.183728 0.0455085
340 0.598615 0.168831 0.0532046
341 0.598615 0.204716 0.0546344
342 0.598615 0.194087 0.0514627
343 0.600227 0.239788 0.0552681
344 0.600227 0.233859 0.0525155
345 0.600227 0.226998 0.0559778
346 0.602533 0.18379 0.0525166
347 0.602533 0.158444 0.0526244
348 0.602533 0.193841 0.0525139
349 0.602533 0.179224 0.0531987
350 0.602533 0.178043 0.0535739
351 0.602533 0.149606 0.0464286
352 0.602533 0.176212 0.0564795
353 0.603406 0.169688 0.0536441
354 0.603406 0.154579 0.0502531
355 0.603406 0.163417 0.0497501
356 0.603406 0.165028 0.0547362
357 0.603406 0.161265 0.0508531
358 0.603406 0.149283 0.0497592
359 0.603406 0.170157 0.0517748
360 0.603406 0.172306 0.0499771
361 0.603406 0.180453 0.0528664
362 0.603406 0.182433 0.0513173
363 0.603406 0.187388 0.0535667
364 0.603406 0.153728 0.0473617
365 0.603406 0.182767 0.0512485
366 0.603406 0.186271 0.049731
367 0.603406 0.187715 0.0529584
368 0.603406 0.192329 0.0476176
369 0.603406 0.169504 0.0500781
370 0.603406 0.209118 0.0537347
371 0.603406 0.214675 0.0570736
372 0.603406 0.206955 0.0597771
373 0.603406 0.19499 0.0543891
374 0.603406 0.218745 0.0577094
375 0.603406 0.193867 0.0562257
376 0.603406 0.185712 0.0530541
377 0.603406 0.186541 0.0538607
378 0.603406 0.19214 0.0541138
379 0.603406 0.183985 0.0540576
380 0.603406 0.213411 0.0517093
381 0.603406 0.181124 0.0480365
382 0.603406 0.173882 0.047622
383 0.603406 0.211725 0.0553516
384 0.603406 0.199236 0.0541169
385 0.603406 0.185806 0.055065
386 0.603406 0.177857 0.0559336
387 0.603406 0.181 0.0511828
388 0.603406 0.181762 0.0530485
389 0.603406 0.193349 0.0470332
390 0.603406 0.180361 0.0501151
391 0.603406 0.191189 0.0517354
392 0.603406 0.179444 0.051335
393 0.603406 0.192022 0.0541234
394 0.603406 0.1823 0.049398
395 0.603406 0.170193 0.0508807
396 0.603406 0.191785 0.0529131
397 0.603406 0.206449 0.0550042
398 0.603406 0.214603 0.0583412
399 0.603406 0.187266 0.0537275
400 0.603406 0.175931 0.0526154
401 0.603406 0.198191 0.0525641
402 0.603406 0.165298 0.0466939
403 0.603406 0.176195 0.0510258
404 0.603406 0.193218 0.0524255
405 0.603406 0.192406 0.0554995
406 0.603406 0.191089 0.0536146
407 0.603406 0.194519 0.054905
408 0.603406 0.18003 0.0491487
409 0.603406 0.194567 0.0532244
410 0.603406 0.177095 0.0498254
411 0.603406 0.193322 0.0474503
412 0.603406 0.209334 0.0524958
413 0.603406 0.208743 0.0526552
414 0.603406 0.210739 0.054035
415 0.60364 0.236773 0.0580376
416 0.60364 0.224059 0.0532533
417 0.60364 0.168688 0.0506763
418 0.60364 0.164198 0.0485402
419 0.60364 0.155373 0.0493139
420 0.60364 0.161496 0.0488479
421 0.60364 0.180811 0.054273
422 0.60364 0.173385 0.0484983
423 0.60364 0.186373 0.0496164
424 0.60364 0.181371 0.0483273
425 0.60364 0.200649 0.0535524
426 0.60364 0.205756 0.0509049
427 0.60364 0.19489 0.0476503
428 0.60364 0.224828 0.0482057
429 0.60364 0.195673 0.0480108
430 0.60364 0.18465 0.0547208
431 0.60364 0.156886 0.047465
432 0.60364 0.171344 0.0521657
433 0.60364 0.193071 0.0555795
434 0.60364 0.207182 0.0529496
435 0.60364 0.201242 0.0551888
436 0.60364 0.176471 0.0540932
437 0.60364 0.174938 0.0537603
438 0.60364 0.185841 0.0515391
439 0.60364 0.183392 0.0511427
440 0.60364 0.17692 0.0492127
441 0.60364 0.201585 0.0518572
442 0.60364 0.221682 0.050963
443 0.60364 0.18136 0.0520492
444 0.60364 0.203352 0.0574076
445 0.60364 0.208762 0.051032
446 0.604051 0.227011 0.0511148
447 0.604051 0.20228 0.0498251
448 0.604051 0.17213 0.0471544
449 0.604051 0.202757 0.0525581
450 0.604051 0.208606 0.0534623
451 0.604051 0.211802 0.0529185
452 0.604051 0.192333 0.0517385
453 0.604051 0.186177 0.0489568
454 0.604051 0.209877 0.0532384
455 0.604051 0.204301 0.0539401
456 0.604051 0.220837 0.0526154
457 0.604051 0.218682 0.0587577
458 0.604051 0.207695 0.0533479
459 0.604051 0.190609 0.049893
460 0.604051 0.211014 0.0556074
461 0.604051 0.207175 0.0573525
462 0.604051 0.214223 0.0538303
463 0.604051 0.198282 0.0544198
464 0.604051 0.189294 0.0522953
465 0.604051 0.190613 0.0517944
466 0.604051 0.188337 0.0499977
467 0.604592 0.179871 0.05086
468 0.604592 0.156554 0.0511959
469 0.604592 0.175588 0.0507094
470 0.604592 0.162829 0.0454601
471 0.604592 0.177282 0.0510831
472 0.604592 0.170945 0.0496756
473 0.604592 0.215536 0.0550826
474 0.604592 0.21398 0.05808
475 0.604592 0.213185 0.0566885
476 0.604592 0.184245 0.0521023
477 0.604592 0.177571 0.0503341
478 0.604592 0.189462 0.0543537
479 0.604592 0.176843 0.0542424
480 0.604592 0.17172 0.0518013
481 0.604592 0.1799 0.0526903
482 0.604592 0.161651 0.0509993
483 0.604592 0.157422 0.0490353
484 0.604592 0.165925 0.0516724
485 0.604592 0.172099 0.0491997
486 0.604592 0.17859 0.0524793
487 0.604592 0.166784 0.0549313
488 0.604592 0.171059 0.0505483
489 0.604592 0.151219 0.0464613
490 0.604592 0.135384 0.0479554
491 0.604592 0.166867 0.0521508
492 0.604592 0.136261 0.050188
493 0.604592 0.160041 0.0490388
494 0.604592 0.174762 0.0484321
495 0.604592 0.20336 0.061669
496 0.604592 0.191843 0.0569144
497 0.604592 0.193526 0.0527012
498 0.604592 0.176727 0.0500532
499 0.604592 0.172657 0.0511643
500 0.604592 0.169053 0.0539797
501 0.604592 0.202161 0.0569287
502 0.605042 0.204873 0.0612034
503 0.605042 0.182663 0.0574163
504 0.605042 0.164195 0.0544208
505 0.605042 0.195968 0.0616517
506 0.605042 0.158443 0.0527863
507 0.605042 0.148022 0.0486282
508 0.605042 0.145537 0.0450211
509 0.605042 0.148246 0.0469048
510 0.605042 0.152106 0.0523631
511 0.605042 0.169944 0.0511626
512 0.605042 0.191378 0.0534688
513 0.605042 0.198706 0.0593314
514 0.605042 0.161344 0.0503371
515 0.605042 0.20143 0.0524272
516 0.605042 0.187861 0.0503184
517 0.605042 0.166625 0.0472012
518 0.605042 0.146332 0.0469584
519 0.605042 0.16155 0.0542528
520 0.605042 0.149481 0.0503216
521 0.605042 0.168537 0.0540309
522 0.605042 0.169417 0.0503569
523 0.605042 0.16126 0.0493948
524 0.605042 0.160704 0.0474327
525 0.605042 0.169388 0.050866
526 0.605042 0.191322 0.0524616
527 0.605042 0.177855 0.0561202
528 0.605042 0.154124 0.0500544
529 0.605042 0.160967 0.0504017
530 0.605042 0.174924 0.0516395
531 0.605042 0.170336 0.0538031
532 0.605042 0.153721 0.0517292
533 0.605042 0.184629 0.0553363
534 0.605042 0.170335 0.0539816
535 0.605042 0.168599 0.0500084
536 0.605042 0.161803 0.0484105
537 0.605042 0.163755 0.0512262
538 0.605042 0.178822 0.0539615
539 0.605042 0.172338 0.0567207
540 0.605042 0.16641 0.0548835
541 0.605042 0.169394 0.0524581
542 0.605042 0.175757 0.0530179
543 0.605042 0.1625 0.0524902
544 0.605042 0.154043 0.0461967
545 0.605042 0.151484 0.0484521
546 0.605042 0.184681 0.0555172
547 0.605042 0.159617 0.0500062
548 0.605042 0.19452 0.0555901
549 0.605042 0.168854 0.0505917
550 0.605042 0.152117 0.0454108
551 0.605042 0.168169 0.0476078
552 0.605042 0.16685 0.0424997
553 0.605042 0.177977 0.0517937
554 0.605042 0.157725 0.048264
555 0.605042 0.163616 0.04993
556 0.605042 0.134032 0.0481621
557 0.605042 0.153025 0.0502037
558 0.605042 0.144944 0.0499792
559 0.605042 0.152361 0.0518774
560 0.605042 0.171411 0.0590488
561 0.605042 0.173957 0.0546028
562 0.605042 0.163711 0.0496459
563 0.605042 0.18384 0.0529491
564 0.605042 0.190543 0.0507077
565 0.605042 0.202099 0.0511951
566 0.605042 0.181696 0.0524886
567 0.605042 0.184955 0.0551746
568 0.605042 0.175246 0.0522266
569 0.605042 0.176975 0.0507059
570 0.605042 0.184203 0.0512799
571 0.609141 0.185927 0.0518338
572 0.609141 0.175878 0.054109
573 0.609141 0.184249 0.0543126
574 0.609141 0.1533 0.0496622
575 0.609141 0.174516 0.0519282
576 0.609141 0.168861 0.0526226
577 0.609141 0.180958 0.0508869
578 0.609141 0.175111 0.0487917
579 0.609141 0.179148 0.0526093
580 0.609141 0.188247 0.0537458
581 0.609141 0.1792 0.050865
582 0.609141 0.155332 0.0472257
583 0.609141 0.159056 0.050429
584 0.609141 0.166736 0.0508408
585 0.609141 0.146801 0.046271
586 0.609141 0.164327 0.0511501
587 0.60938 0.201505 0.0556335
588 0.60938 0.184228 0.0539721
589 0.60938 0.184848 0.0518363
590 0.60938 0.164701 0.0469369
591 0.60938 0.160058 0.0480076
592 0.60938 0.141645 0.0462559
593 0.60938 0.157468 0.0516878
594 0.60938 0.157122 0.0499766
595 0.60938 0.183795 0.0508131
596 0.60938 0.170819 0.0491142
597 0.60938 0.177305 0.0493053
598 0.60938 0.169621 0.0524272
599 0.60938 0.176856 0.0512341
600 0.60938 0.181826 0.0518742
601 0.60938 0.172157 0.0481311
602 0.60938 0.171483 0.050863
603 0.60938 0.174286 0.052376
604 0.60938 0.186991 0.0522483
605 0.60938 0.17503 0.0541697
606 0.60938 0.174912 0.0502527
607 0.60938 0.187121 0.0507461
608 0.60938 0.153375 0.0470828
609 0.60938 0.16733 0.0480274
610 0.60938 0.1711 0.0477308
611 0.60938 0.170495 0.0476227
612 0.60938 0.17909 0.0518769
613 0.60938 0.155616 0.0482235
614 0.60938 0.159693 0.0488954
615 0.60938 0.157392 0.0506113
616 0.60938 0.167825 0.0488664
617 0.60938 0.164571 0.0480067
618 0.60938 0.146999 0.0449865
619 0.60938 0.162737 0.0511941
620 0.60938 0.150797 0.0471618
621 0.60938 0.138803 0.0430372
622 0.60938 0.129431 0.0443825
623 0.60938 0.135669 0.0500366
624 0.60938 0.127059 0.0446549
625 0.60938 0.116353 0.0433625
626 0.60938 0.125382 0.0430649
627 0.60938 0.103671 0.0430428
628 0.60938 0.126545 0.0449109
629 0.60938 0.144526 0.0514569
630 0.60938 0.159323 0.0500778
631 0.60938 0.143763 0.048968
632 0.60938 0.161253 0.0477463
633 0.60938 0.155314 0.0480754
634 0.60938 0.182398 0.0523071
635 0.60938 0.158286 0.046097
636 0.60938 0.169693 0.0536781
637 0.60938 0.161837 0.0501268
638 0.60938 0.159598 0.0502588
639 0.60938 0.148579 0.0483689
640 0.612005 0.153281 0.0485127
641 0.612005 0.146282 0.0462099
642 0.612005 0.130412 0.0461305
643 0.612005 0.142069 0.0480281
644 0.612005 0.135883 0.0466666
645 0.612529 0.159157 0.0523484
646 0.612529 0.137435 0.0458812
647 0.612529 0.173116 0.0559576
648 0.612529 0.148871 0.0470477
649 0.612529 0.149937 0.0520144
650 0.612529 0.165001 0.0528776
651 0.612529 0.147927 0.0498356
652 0.612529 0.15148 0.0478964
653 0.612529 0.148595 0.0491892
654 0.612529 0.151986 0.0513616
655 0.612529 0.122362 0.0457606
656 0.612529 0.133881 0.0478484
657 0.612529 0.123629 0.047627
658 0.612529 0.115483 0.0453374
659 0.612529 0.101682 0.0417566
660 0.612529 0.109047 0.0427598
661 0.612529 0.132646 0.0442992
662 0.612529 0.122386 0.0418078
663 0.612529 0.135552 0.046633
664 0.612529 0.150894 0.0458348
665 0.612529 0.150222 0.0464597
666 0.612529 0.145337 0.0456444
667 0.612529 0.148377 0.0473557
668 0.612529 0.143309 0.0510265
669 0.612529 0.135186 0.0470011
670 0.612529 0.15198 0.051731
671 0.612529 0.142429 0.0514579
672 0.612529 0.130914 0.0475462
673 0.612529 0.146244 0.0490839
674 0.612529 0.151574 0.0479949
675 0.612529 0.144722 0.0478773
676 0.612529 0.132729 0.041936
677 0.612529 0.128896 0.0448418
678 0.614584 0.121124 0.0459375
679 0.614584 0.145785 0.0468779
680 0.614584 0.120424 0.0448091
681 0.614584 0.132442 0.0447844
682 0.614584 0.142721 0.0494934
683 0.614584 0.150245 0.0477713
684 0.614584 0.151848 0.050141
685 0.614584 0.148917 0.0456842
686 0.614584 0.152208 0.0461338
687 0.614584 0.165216 0.0512811
688 0.614584 0.161275 0.0475781
689 0.614584 0.179994 0.0453842
690 0.614584 0.156195 0.0491755
691 0.614584 0.160811 0.0531544
692 0.614584 0.153764 0.0523468
693 0.614584 0.144367 0.0490705
694 0.614584 0.126663 0.0452029
695 0.614584 0.148385 0.0495199
696 0.614584 0.158833 0.047775
697 0.614584 0.141623 0.0465285
698 0.614584 0.156464 0.0489684
699 0.614584 0.132828 0.0498504
700 0.614584 0.114292 0.0462349
701 0.61464 0.118633 0.0486494
702 0.61464 0.137951 0.0490265
703 0.61464 0.153307 0.0533216
704 0.61464 0.163113 0.0536888
705 0.61464 0.129701 0.0468074
706 0.61464 0.148627 0.0486782
707 0.61464 0.140283 0.048392
708 0.61464 0.145334 0.0444978
709 0.61464 0.170442 0.0513188
710 0.61464 0.164233 0.0475327
711 0.61464 0.153963 0.0453655
712 0.61464 0.151748 0.0492963
713 0.61464 0.156494 0.0535887
714 0.61464 0.171911 0.0517703
715 0.61464 0.159158 0.0502657
716 0.61464 0.157151 0.0500529
717 0.61464 0.195424 0.0536269
718 0.61464 0.163268 0.0504212
719 0.61464 0.151633 0.0486337
720 0.61464 0.158713 0.0514322
721 0.61464 0.144236 0.0470225
722 0.61464 0.133581 0.0507505
723 0.61464 0.128971 0.0435112
724 0.61464 0.106616 0.0381444
725 0.61464 0.118026 0.0424104
726 0.61464 0.112987 0.0429986
727 0.61464 0.118639 0.0452399
728 0.61464 0.13528 0.0491434
729 0.61464 0.146903 0.0526952
730 0.61464 0.144161 0.0506439
731 0.61464 0.122076 0.0460702
732 0.61464 0.130238 0.0473979
733 0.61464 0.14442 0.0506912
734 0.61464 0.135409 0.0494999
735 0.61464 0.133405 0.04819
736 0.61464 0.14358 0.0482915
737 0.61464 0.143199 0.047914
738 0.61464 0.141831 0.0497567
739 0.61464 0.159879 0.0480355
740 0.61464 0.151415 0.051269
741 0.61464 0.137377 0.0455616
742 0.61464 0.139692 0.0464522
743 0.61464 0.149856 0.053303
744 0.61464 0.129731 0.047825
745 0.61464 0.114264 0.0463662
746 0.61464 0.105883 0.0432582
747 0.61464 0.118525 0.0484595
748 0.61464 0.137589 0.0516617
749 0.61464 0.153926 0.0571541
750 0.61464 0.112184 0.0440202
751 0.61464 0.119162 0.0463421
752 0.61464 0.125996 0.0481192
753 0.61464 0.126234 0.0502331
754 0.61464 0.143862 0.0535324
755 0.614791 0.137113 0.0501026
756 0.614791 0.134467 0.0506278
757 0.614791 0.152395 0.0500211
758 0.614791 0.156168 0.0477882
759 0.614791 0.158992 0.0491956
760 0.614791 0.14502 0.0496895
761 0.614791 0.158555 0.0537696
762 0.614791 0.137703 0.04618
763 0.614791 0.156008 0.0473094
764 0.614791 0.133737 0.0465168
765 0.614791 0.142484 0.0471244
766 0.614791 0.145015 0.0498496
767 0.614791 0.146068 0.0510681
768 0.614791 0.133063 0.0445118
769 0.614791 0.143147 0.0478096
770 0.614791 0.159517 0.0479781
771 0.614791 0.119768 0.0433657
772 0.614791 0.118629 0.0481919
773 0.614791 0.11771 0.0467092
774 0.614791 0.119274 0.04489
775 0.614791 0.135138 0.0493751
776 0.614791 0.119905 0.0458692
777 0.614791 0.110998 0.0450007
778 0.614791 0.142605 0.0496187
779 0.614791 0.16128 0.0507657
780 0.614791 0.126441 0.0453048
781 0.614791 0.112901 0.0429858
782 0.614791 0.104248 0.0444733
783 0.614791 0.107512 0.046833
784 0.614791 0.130317 0.0525177
785 0.614791 0.113966 0.0453541
786 0.614791 0.120609 0.0479769
787 0.614791 0.159778 0.0562473
788 0.614791 0.156132 0.0533588
789 0.614791 0.157337 0.053792
790 0.614791 0.11567 0.0415558
791 0.614791 0.1322 0.0431696
792 0.614791 0.124959 0.0473558
793 0.614791 0.131568 0.0420901
794 0.614791 0.128265 0.0447995
795 0.614791 0.129856 0.0479828
796 0.614791 0.146335 0.0497794
797 0.614791 0.154422 0.0506612
798 0.614791 0.147527 0.0482421
799 0.614791 0.161467 0.0505408
800 0.614791 0.164632 0.049296
801 0.614791 0.122235 0.0429884
802 0.614791 0.119905 0.0437324
803 0.614791 0.165135 0.0512606
804 0.614791 0.149613 0.0470044
805 0.614791 0.152601 0.0490456
806 0.614791 0.154495 0.0531759
807 0.614791 0.146771 0.0479059
808 0.614791 0.133505 0.0450133
809 0.614791 0.138818 0.0445465
810 0.614791 0.128154 0.0453189
811 0.614791 0.142448 0.0467327
812 0.614791 0.133291 0.0483476
813 0.614791 0.107861 0.0426448
814 0.614791 0.110799 0.0415126
815 0.614791 0.137737 0.0485733
816 0.614791 0.15436 0.0537756
817 0.614791 0.125561 0.0453835
818 0.614791 0.124666 0.0457723
819 0.614791 0.152528 0.0499743
820 0.614791 0.15343 0.0485502
821 0.614791 0.131781 0.0496477
822 0.614791 0.166569 0.0526241
823 0.614791 0.148592 0.0459313
824 0.614791 0.180333 0.0532638
825 0.614791 0.171649 0.0499886
826 0.614791 0.153381 0.0480738
827 0.614791 0.140829 0.0475584
828 0.614791 0.125052 0.0455091
829 0.614791 0.139907 0.0477591
830 0.614791 0.147643 0.053387
831 0.614791 0.166325 0.0557406
832 0.614791 0.153277 0.050844
833 0.614791 0.143297 0.0489079
834 0.614791 0.154316 0.0482083
835 0.614791 0.14795 0.0452314
836 0.614791 0.149462 0.0463857
837 0.614791 0.120851 0.0404231
838 0.614791 0.133509 0.0467704
839 0.614791 0.126558 0.0456443
840 0.614791 0.131345 0.0476153
841 0.614791 0.139069 0.0504903
842 0.614791 0.131516 0.0464323
843 0.614791 0.12584 0.0440704
844 0.614791 0.151361 0.0521548
845 0.614791 0.14181 0.0522048
846 0.614791 0.150836 0.0523594
847 0.614969 0.156686 0.0487393
848 0.614969 0.134876 0.0470056
849 0.614969 0.138482 0.046794
850 0.614969 0.132054 0.0489206
851 0.614969 0.133074 0.0480837
852 0.614969 0.121958 0.0435927
853 0.614969 0.132867 0.0461994
854 0.614969 0.155055 0.0533176
855 0.614969 0.139363 0.0463688
856 0.614969 0.1407 0.0489914
857 0.614969 0.143503 0.0483024
858 0.614969 0.138871 0.0516197
859 0.614969 0.122032 0.0430138
860 0.614969 0.123966 0.0436869
861 0.614969 0.139422 0.0469021
862 0.614969 0.159703 0.0513611
863 0.614969 0.103693 0.0400738
864 0.614969 0.114373 0.0453946
865 0.614969 0.125586 0.0487558
866 0.614969 0.121379 0.0464048
867 0.614969 0.124704 0.0456261
868 0.614969 0.143579 0.050181
869 0.614969 0.111107 0.0414025
870 0.614969 0.127863 0.0455243
871 0.614969 0.132054 0.0452846
872 0.614969 0.126719 0.0450288
873 0.614969 0.130673 0.0454589
874 0.614969 0.143696 0.0523803
875 0.614969 0.132902 0.0482158
876 0.614969 0.144095 0.0524181
877 0.615115 0.12518 0.043112
878 0.615115 0.1266 0.0444595
879 0.615115 0.109162 0.0409923
880 0.615115 0.149533 0.0486813
881 0.615266 0.14434 0.051361
882 0.615266 0.152304 0.0516609
883 0.615266 0.133475 0.0459701
884 0.615266 0.14959 0.0504931
885 0.615266 0.120734 0.0468006
886 0.615266 0.121299 0.0455164
887 0.615266 0.143983 0.0517431
888 0.615266 0.133786 0.0477199
889 0.615266 0.143622 0.0502374
890 0.615266 0.133929 0.0492582
891 0.615266 0.13232 0.0483866
892 0.615266 0.120505 0.0457706
893 0.615266 0.115844 0.0470237
894 0.615266 0.105369 0.0435247
895 0.615266 0.126604 0.0503224
896 0.615266 0.130503 0.0512855
897 0.615266 0.139253 0.0518589
898 0.615266 0.167224 0.0552616
899 0.615266 0.149856 0.0503678
900 0.615266 0.135059 0.0461263
901 0.615266 0.137705 0.0458241
902 0.615266 0.133654 0.0470489
903 0.615266 0.138518 0.0484915
904 0.615266 0.125533 0.0408604
905 0.615266 0.157432 0.0484876
906 0.615266 0.132239 0.0467749
907 0.615266 0.136856 0.0450396
908 0.615266 0.11839 0.0423058
909 0.615266 0.130473 0.0467393
910 0.615266 0.141177 0.0421749
911 0.615266 0.146677 0.0459719
912 0.615266 0.140269 0.0482968
913 0.615266 0.15857 0.04297
914 0.615266 0.156527 0.0515717
915 0.615266 0.133566 0.0478319
916 0.615266 0.158901 0.0502834
917 0.615266 0.128898 0.0443531
918 0.615266 0.129923 0.0446302
919 0.615266 0.135626 0.0466696
920 0.615266 0.129997 0.0469794
921 0.615266 0.128177 0.0445743
922 0.615266 0.119369 0.0439763
923 0.615266 0.130168 0.0452172
924 0.615266 0.132238 0.0469851
925 0.615266 0.132234 0.0412046
926 0.615266 0.134254 0.0430984
927 0.615266 0.132516 0.0487482
928 0.615266 0.153589 0.0520147
929 0.615266 0.163819 0.0518452
930 0.615266 0.154314 0.0512657
931 0.615266 0.1692 0.0548719
932 0.615266 0.123373 0.0451173
933 0.615266 0.16017 0.0530243
934 0.615266 0.154957 0.0468573
935 0.615266 0.156847 0.0485218
936 0.615266 0.144685 0.0453852
937 0.615266 0.154909 0.0529823
938 0.615266 0.122326 0.0448926
939 0.615266 0.133643 0.0481274
940 0.615266 0.136125 0.0464085
941 0.615266 0.13278 0.0439925
942 0.615266 0.149639 0.0485565
943 0.615266 0.136474 0.045379
944 0.615266 0.18914 0.0568859
945 0.615266 0.150381 0.048309
946 0.615266 0.14964 0.0483509
947 0.615266 0.139865 0.0485728
948 0.615266 0.138382 0.0447924
949 0.615266 0.127609 0.0500907
950 0.615266 0.106026 0.0401799
951 0.615266 0.123712 0.046943
952 0.615266 0.125759 0.0487448
953 0.615266 0.131819 0.0467901
954 0.615266 0.138149 0.0471476
955 0.615266 0.134269 0.0488558
956 0.615266 0.135463 0.0494847
957 0.615266 0.132573 0.0478195
958 0.615266 0.110401 0.0427597
959 0.615266 0.136974 0.0472114
960 0.615266 0.146528 0.0474035
961 0.615266 0.142574 0.0439329
962 0.615266 0.150239 0.047111
963 0.615266 0.139462 0.0462119
964 0.615266 0.14828 0.0460363
965 0.615266 0.148278 0.047137
966 0.615266 0.123131 0.0440018
967 0.615266 0.151602 0.0493313
968 0.615266 0.120494 0.043337
969 0.615266 0.163842 0.0573606
970 0.615266 0.129914 0.0433936
971 0.615266 0.128642 0.0449386
972 0.615266 0.158569 0.052185
973 0.615266 0.127087 0.0488035
974 0.615266 0.140924 0.0509501
975 0.615266 0.147496 0.0533951
976 0.615266 0.145654 0.0534416
977 0.615266 0.117136 0.0453013
978 0.615266 0.114873 0.0454595
979 0.615266 0.134679 0.0488537
980 0.615266 0.123731 0.0416252
981 0.615266 0.124848 0.0450686
982 0.615266 0.128039 0.0455291
983 0.615266 0.132901 0.0491341
984 0.615266 0.142457 0.0494209
985 0.615266 0.152257 0.0492551
986 0.615266 0.139733 0.0509635
987 0.615266 0.14675 0.0455627
988 0.615266 0.131399 0.0471094
989 0.615266 0.152165 0.0488796
990 0.615266 0.155917 0.0501758
991 0.615266 0.141227 0.0474901
992 0.615266 0.120383 0.0436002
993 0.615266 0.161739 0.0525868
994 0.615266 0.143962 0.0477792
995 0.615266 0.132268 0.0421344
996 0.615266 0.113172 0.0397364
997 0.615266 0.12747 0.0430122
998 0.615266 0.104965 0.041842
999 0.615266 0.108619 0.045781
1000 0.615266 0.119221 0.0453165
