0 0.125277 0.0567708 0.00386798
1 0.125277 0.0727955 0.00382272
2 0.125277 0.076619 0.00372339
3 0.125277 0.0821538 0.00349223
4 0.125277 0.0854044 0.00339426
5 0.125277 0.0918119 0.00303907
6 0.125277 0.0940945 0.00292304
7 0.125277 0.101513 0.00240882
8 0.125277 0.0990865 0.0025822
9 0.125277 0.111445 0.00153179
10 0.125277 0.10178 0.00235758
11 0.125277 0.103947 0.00221691
12 0.125277 0.10891 0.00178259
13 0.125277 0.110166 0.00166292
14 0.125277 0.106557 0.00197859
15 0.125277 0.11519 0.00115153
16 0.125277 0.112603 0.00140594
17 0.125277 0.110233 0.00165008
18 0.125277 0.107668 0.00189572
19 0.125277 0.104073 0.00219557
20 0.125277 0.100306 0.00249493
21 0.125277 0.107746 0.00188095
22 0.125277 0.110163 0.00166182
23 0.125277 0.101762 0.00236142
24 0.125277 0.10424 0.00216107
25 0.125277 0.106417 0.00200931
26 0.125277 0.11016 0.00166433
27 0.125277 0.111394 0.00154765
28 0.125277 0.108963 0.00177177
29 0.125277 0.110156 0.00166415
30 0.125277 0.108953 0.00177351
31 0.125277 0.115199 0.00115034
32 0.125277 0.12015 0.000606134
33 0.125277 0.121408 0.0004567
34 0.125277 0.118898 0.000749835
35 0.125277 0.121398 0.000458264
36 0.125277 0.121403 0.000458273
37 0.125277 0.12139 0.000459619
38 0.125277 0.120158 0.000602699
39 0.125277 0.122681 0.000300102
40 0.125277 0.121415 0.000453872
41 0.125277 0.122673 0.000303993
42 0.125277 0.123905 0.000156115
43 0.125277 0.122643 0.000309544
44 0.125277 0.123896 0.000156086
45 0.125277 0.118202 0.000787717
46 0.125277 0.121392 0.000459083
47 0.125277 0.123896 0.000156424
48 0.125277 0.120148 0.000607448
49 0.125277 0.118894 0.000750711
50 0.125277 0.117643 0.000890929
51 0.125277 0.118819 0.000751104
52 0.125277 0.121398 0.00046039
53 0.125277 0.120152 0.000607538
54 0.125277 0.122646 0.000310086
55 0.125277 0.121206 0.000458686
56 0.125277 0.11856 0.000757284
57 0.125277 0.116446 0.00101763
58 0.125277 0.116697 0.000967825
59 0.125277 0.121405 0.000460417
60 0.125278 0.123902 0.00015664
61 0.125278 0.123903 0.000156643
62 0.125278 0.119063 0.00071273
63 0.125278 0.118921 0.000744452
64 0.125278 0.120176 0.000596709
65 0.125278 0.122732 0.0002895
66 0.125278 0.125146 6.34864e-09
67 0.125278 0.123912 0.000154649
68 0.125278 0.122669 0.000304766
69 0.125278 0.122664 0.000305967
70 0.125278 0.117725 0.000871698
71 0.125278 0.117641 0.000891181
72 0.125278 0.115136 0.00116329
73 0.125278 0.117639 0.000891282
74 0.125278 0.121723 0.000392438
75 0.125278 0.121423 0.000451701
76 0.125278 0.120144 0.000606499
77 0.125278 0.118903 0.000749358
78 0.125278 0.121402 0.00045822
79 0.125394 0.123886 0.000150133
80 0.125394 0.121414 0.0004592
81 0.125394 0.117752 0.000867068
82 0.125394 0.117736 0.000872089
83 0.125394 0.11903 0.00072044
84 0.125394 0.117701 0.000877429
85 0.125394 0.112671 0.00141463
86 0.125394 0.115154 0.00116128
87 0.125394 0.114453 0.00119615
88 0.125394 0.113559 0.00129796
89 0.125394 0.106392 0.00201559
90 0.125394 0.106382 0.00201573
91 0.125394 0.107641 0.0019029
92 0.125394 0.111402 0.00154349
93 0.125394 0.107643 0.00190488
94 0.125394 0.111388 0.00154817
95 0.125394 0.103906 0.00222846
96 0.125394 0.107664 0.00190021
97 0.125394 0.102654 0.00232979
98 0.125394 0.108444 0.00179178
99 0.125394 0.102634 0.00233301
100 0.125394 0.0988919 0.00262293
101 0.125394 0.102648 0.00233283
102 0.125394 0.103937 0.00222197
103 0.125394 0.102658 0.00233015
104 0.125394 0.0976415 0.00271334
105 0.125446 0.0964323 0.00279382
106 0.125446 0.0951582 0.00288239
107 0.125446 0.0951488 0.00288614
108 0.125446 0.0913638 0.00311395
109 0.125446 0.0863887 0.003354
110 0.125923 0.0926408 0.00304246
111 0.125923 0.0926614 0.00303916
112 0.125923 0.0914022 0.00311738
113 0.125923 0.0889001 0.0032563
114 0.125923 0.0897467 0.00317558
115 0.125923 0.0839683 0.00348934
116 0.125923 0.0851991 0.00343654
117 0.125923 0.0914397 0.00310635
118 0.126105 0.0858404 0.00337115
119 0.126105 0.0854223 0.00340605
120 0.126105 0.0939406 0.00296438
121 0.126105 0.0901788 0.00318647
122 0.126105 0.0902343 0.00318835
123 0.126105 0.0874186 0.00330209
124 0.126105 0.0890183 0.00324579
125 0.126105 0.0815043 0.00359644
126 0.126105 0.0790278 0.00367881
127 0.126105 0.0777836 0.0037215
128 0.12635 0.0828041 0.00354222
129 0.12635 0.0892894 0.00320783
130 0.12635 0.0927359 0.00303814
131 0.12635 0.0889951 0.00325217
132 0.12635 0.0847381 0.00342061
133 0.12635 0.0810216 0.00354824
134 0.12635 0.0778291 0.00372083
135 0.12635 0.0740859 0.00382179
136 0.12635 0.0816342 0.0035788
137 0.126889 0.0890524 0.00325104
138 0.126889 0.0890941 0.00325521
139 0.126889 0.0890897 0.00324276
140 0.126889 0.0965114 0.00279516
141 0.126889 0.0877872 0.00331387
142 0.126889 0.0878634 0.00330718
143 0.126889 0.0816634 0.00357729
144 0.126889 0.0866049 0.00337394
145 0.126889 0.0887658 0.00322736
146 0.126889 0.0904943 0.00315946
147 0.126889 0.0891751 0.00323242
148 0.126889 0.0917109 0.00309644
149 0.126889 0.0842322 0.00347811
150 0.127094 0.0879676 0.00330122
151 0.127094 0.0915255 0.00307485
152 0.127094 0.0892433 0.00322423
153 0.127094 0.0869908 0.00331958
154 0.127094 0.0817567 0.00357133
155 0.127094 0.0829659 0.00353678
156 0.127592 0.087974 0.0033007
157 0.127592 0.0803872 0.00361208
158 0.127592 0.0830293 0.00354305
159 0.127592 0.0878525 0.00329773
160 0.12763 0.0893634 0.00323552
161 0.12763 0.0843099 0.00347604
162 0.12763 0.0793877 0.00365398
163 0.12763 0.0797817 0.00361064
164 0.12763 0.0820194 0.00354616
165 0.12763 0.081657 0.00356562
166 0.12763 0.0817877 0.00357485
167 0.12763 0.0767256 0.00374774
168 0.12763 0.0732437 0.00380815
169 0.12763 0.0806226 0.0036038
170 0.12763 0.0806148 0.00361292
171 0.12763 0.0880994 0.00330166
172 0.127794 0.0819294 0.00356892
173 0.127794 0.0825426 0.0035136
174 0.127794 0.086937 0.00334985
175 0.127794 0.0830443 0.00353574
176 0.127794 0.0695077 0.00388195
177 0.127794 0.0721458 0.0038222
178 0.127794 0.082998 0.00353423
179 0.127794 0.0718912 0.00385559
180 0.127794 0.0805416 0.00362389
181 0.127794 0.0756634 0.00377377
182 0.127794 0.0768861 0.00373113
183 0.127794 0.0806133 0.00361259
184 0.127794 0.0714765 0.00381327
185 0.127794 0.0832331 0.00350317
186 0.127794 0.0854224 0.00343959
187 0.127794 0.0817789 0.00359026
188 0.127794 0.0744302 0.00379631
189 0.127794 0.0682903 0.00388623
190 0.127794 0.0745025 0.00378619
191 0.127794 0.0733525 0.00375269
192 0.127794 0.073179 0.00380352
193 0.127794 0.0830687 0.00353673
194 0.127794 0.0883963 0.00324518
195 0.127794 0.0930819 0.00301971
196 0.127794 0.081953 0.00356485
197 0.128193 0.0845251 0.00346027
198 0.128193 0.0818893 0.00357993
199 0.128193 0.0844519 0.00346439
200 0.128193 0.0906296 0.00316456
201 0.128193 0.0893605 0.00322455
202 0.128193 0.0919293 0.00308813
203 0.128193 0.0968543 0.00277507
204 0.128193 0.090702 0.0031443
205 0.128193 0.0881226 0.00328926
206 0.128193 0.0818267 0.00357431
207 0.128193 0.0739198 0.00377386
208 0.128193 0.0758005 0.00375438
209 0.128193 0.0778184 0.00364169
210 0.128296 0.0820541 0.0035656
211 0.128296 0.0832271 0.00351408
212 0.128478 0.0709347 0.00386224
213 0.128478 0.0771212 0.00373136
214 0.128478 0.0732082 0.00381989
215 0.128478 0.0760299 0.00375181
216 0.128478 0.0721181 0.00385379
217 0.128478 0.0735738 0.00380934
218 0.128478 0.0772067 0.00372363
219 0.128478 0.0786796 0.0036687
220 0.128848 0.0782976 0.00367196
221 0.128848 0.0857369 0.00340907
222 0.128848 0.082165 0.0035698
223 0.128848 0.0808606 0.00360707
224 0.128848 0.0857378 0.00341754
225 0.128848 0.0846613 0.00346707
226 0.129045 0.0858422 0.0033918
227 0.129045 0.0882831 0.00329203
228 0.129045 0.0894676 0.00323398
229 0.129045 0.0885845 0.0032316
230 0.129045 0.0882281 0.00327513
231 0.129045 0.084539 0.00344785
232 0.129045 0.094577 0.00293806
233 0.129045 0.100762 0.00246793
234 0.129045 0.100678 0.00250788
235 0.129201 0.0983506 0.00270656
236 0.129519 0.0932626 0.00303162
237 0.129519 0.0882924 0.00329708
238 0.129519 0.0898249 0.00320235
239 0.129519 0.0908123 0.00315687
240 0.129519 0.0860412 0.00338444
241 0.129519 0.0945219 0.00293697
242 0.129519 0.0836161 0.00349034
243 0.129519 0.0848136 0.00344323
244 0.129519 0.0792229 0.00361529
245 0.129519 0.0759313 0.00373568
246 0.129629 0.0796159 0.00362306
247 0.129784 0.0802429 0.0036131
248 0.129784 0.0825806 0.0035185
249 0.129784 0.0836325 0.0034739
250 0.129784 0.0897293 0.00319861
251 0.129784 0.0812605 0.00359168
252 0.129784 0.0763483 0.0037455
253 0.130078 0.079912 0.00362174
254 0.130078 0.0924192 0.00299744
255 0.130078 0.0992086 0.00258491
256 0.130078 0.088919 0.00320846
257 0.130078 0.0895448 0.00320034
258 0.130514 0.0921154 0.00311465
259 0.130514 0.0873834 0.0033246
260 0.130775 0.0875805 0.00332595
261 0.131077 0.0874948 0.00330915
262 0.131077 0.0911583 0.00314332
263 0.131077 0.0912318 0.00312655
264 0.131077 0.0910368 0.00317435
265 0.131077 0.0983335 0.00265992
266 0.131077 0.0949409 0.00289418
267 0.131077 0.0902689 0.00314393
268 0.131077 0.0965142 0.00276376
269 0.131077 0.0898769 0.00318966
270 0.133591 0.089696 0.00314362
271 0.133591 0.0942473 0.00288547
272 0.133591 0.0938037 0.00300477
273 0.133591 0.0873309 0.00335553
274 0.133591 0.0920737 0.00307193
275 0.133591 0.0902709 0.00314598
276 0.133591 0.0977205 0.00273777
277 0.133591 0.0985027 0.00269021
278 0.133591 0.0923619 0.00304857
279 0.133591 0.0964471 0.00281887
280 0.133591 0.0989694 0.00264463
281 0.133591 0.0966635 0.00279486
282 0.133591 0.0977213 0.00272523
283 0.133591 0.101787 0.00240235
284 0.133591 0.105245 0.00212377
285 0.133591 0.0976847 0.0026844
286 0.133591 0.0876925 0.00329712
287 0.133591 0.0863928 0.0033717
288 0.133591 0.0886704 0.0032771
289 0.133591 0.0842328 0.00343569
290 0.133591 0.0879332 0.00334332
291 0.133591 0.0856068 0.0034217
292 0.133591 0.0807402 0.00358792
293 0.133591 0.0857965 0.00338825
294 0.133591 0.0837888 0.00352813
295 0.133591 0.0861465 0.00343238
296 0.133591 0.0920146 0.0030881
297 0.133591 0.0918488 0.0030953
298 0.133591 0.0907138 0.00312161
299 0.133591 0.0807634 0.00360857
300 0.133591 0.086547 0.00330281
301 0.133591 0.0808719 0.00358575
302 0.133591 0.0818676 0.00352459
303 0.133591 0.0923772 0.00299328
304 0.133591 0.0861039 0.00333066
305 0.133591 0.086833 0.00331972
306 0.133591 0.085964 0.00336149
307 0.133591 0.0878917 0.00329025
308 0.133591 0.0844263 0.00348308
309 0.133591 0.0856851 0.00340577
310 0.134089 0.0728957 0.00382862
311 0.134089 0.0722022 0.00381548
312 0.134089 0.0769918 0.00371318
313 0.134089 0.0775868 0.0037415
314 0.134089 0.0791513 0.00360539
315 0.134089 0.0724276 0.0038261
316 0.134089 0.0745776 0.00380844
317 0.134089 0.0731237 0.00384557
318 0.134089 0.0740192 0.00377857
319 0.134089 0.07068 0.0037335
320 0.134089 0.0737134 0.00377661
321 0.136216 0.0703022 0.00382939
322 0.136216 0.0831998 0.00354733
323 0.136216 0.0843402 0.00350678
324 0.136216 0.0804716 0.00363059
325 0.136216 0.0794149 0.00366186
326 0.136216 0.0841738 0.00345109
327 0.136216 0.0848919 0.00343714
328 0.136216 0.0830323 0.00355443
329 0.136216 0.0854452 0.00349532
330 0.136216 0.0829167 0.00354652
331 0.136216 0.0860473 0.00339444
332 0.136216 0.0834048 0.00349007
333 0.136216 0.0810044 0.00356066
334 0.136216 0.0855811 0.00344238
335 0.136216 0.0846997 0.00344708
336 0.136216 0.0777344 0.0036001
337 0.136216 0.082502 0.00354225
338 0.136216 0.0792695 0.00367752
339 0.136216 0.0804689 0.00364693
340 0.136216 0.0740067 0.00384489
341 0.136216 0.0744821 0.00378667
342 0.136216 0.0819219 0.00358752
343 0.136216 0.0917361 0.00308035
344 0.136216 0.0889164 0.00321178
345 0.136216 0.0808147 0.00357561
346 0.136216 0.0827795 0.00350998
347 0.136216 0.081606 0.00356687
348 0.136216 0.0819766 0.00354655
349 0.136216 0.0953251 0.00289425
350 0.136216 0.0786943 0.00364595
351 0.136216 0.0743732 0.00378253
352 0.136216 0.0754936 0.00376627
353 0.136216 0.07491 0.00367692
354 0.136216 0.0821586 0.00353342
355 0.136216 0.0733693 0.00368754
356 0.136216 0.0730508 0.00371411
357 0.136216 0.0759534 0.00369161
358 0.136216 0.0737609 0.00374025
359 0.136216 0.0761146 0.00370286
360 0.136216 0.0755661 0.00368086
361 0.136216 0.0798441 0.00358116
362 0.136216 0.0840117 0.00341059
363 0.136216 0.0872759 0.00329333
364 0.136216 0.0825536 0.00356069
365 0.136216 0.0910976 0.0031269
366 0.136216 0.0933715 0.00299039
367 0.136216 0.0897568 0.00324058
368 0.136216 0.087249 0.00334156
369 0.136216 0.0780239 0.00363944
370 0.136216 0.0801717 0.00356082
371 0.136216 0.0846136 0.0034675
372 0.136216 0.085417 0.00341407
373 0.136216 0.087293 0.00334342
374 0.136216 0.0854478 0.00340231
375 0.136216 0.0968081 0.00275498
376 0.136346 0.0835973 0.00347207
377 0.136346 0.0803642 0.00357337
378 0.136346 0.0811783 0.00351668
379 0.136346 0.0787487 0.00357706
380 0.136346 0.0792707 0.00358249
381 0.136346 0.0822888 0.00351366
382 0.136346 0.0831421 0.00347051
383 0.136346 0.0831313 0.00349357
384 0.137017 0.086496 0.00336892
385 0.137017 0.079423 0.00361119
386 0.137017 0.0860513 0.0033536
387 0.137017 0.0823334 0.00354609
388 0.137017 0.0851933 0.00338673
389 0.137017 0.0827608 0.00349527
390 0.137017 0.0778123 0.00363869
391 0.137017 0.0826732 0.00353262
392 0.137017 0.0809701 0.00363292
393 0.137017 0.082026 0.00351298
394 0.137017 0.0853351 0.00333652
395 0.137017 0.0850752 0.00343888
396 0.137017 0.0822417 0.00353465
397 0.137017 0.0766932 0.00363834
398 0.137017 0.084287 0.00339568
399 0.137017 0.0804386 0.00356034
400 0.137017 0.0893895 0.00314431
401 0.137017 0.0885001 0.0032383
402 0.137017 0.0922777 0.00306599
403 0.137017 0.0932989 0.00304083
404 0.137017 0.0906991 0.00311921
405 0.137017 0.0851212 0.0033682
406 0.137017 0.0899526 0.00314827
407 0.137017 0.0970037 0.00268066
408 0.137017 0.0947861 0.0029346
409 0.137017 0.0887069 0.00325831
410 0.137017 0.0821022 0.00346549
411 0.137017 0.0895463 0.00317294
412 0.137017 0.08205 0.00345009
413 0.137017 0.0820328 0.0034826
414 0.137017 0.0825131 0.00329511
415 0.137017 0.0839785 0.0034037
416 0.137017 0.082113 0.00341904
417 0.214368 0.0888401 0.00332344
418 0.225088 0.0951085 0.0032729
419 0.225088 0.0962165 0.00315151
420 0.225088 0.0976682 0.00296815
421 0.272272 0.0985586 0.00342925
422 0.272272 0.101595 0.00315364
423 0.272272 0.105607 0.00277115
424 0.427221 0.10138 0.00517901
425 0.427221 0.109604 0.00604827
426 0.427221 0.113165 0.00646824
427 0.427221 0.121062 0.00813589
428 0.442315 0.135318 0.0104272
429 0.442315 0.14656 0.0115001
430 0.442315 0.129715 0.0125769
431 0.442315 0.147644 0.0160647
432 0.463728 0.158628 0.0176578
433 0.500431 0.160428 0.0199758
433 0.488735 0.0871624 0.0276607
434 0.488735 0.0818043 0.0258106
435 0.488735 0.0998321 0.0296868
436 0.488735 0.106687 0.0278433
437 0.488735 0.10772 0.0301066
438 0.488735 0.0954942 0.027944
439 0.488735 0.116001 0.03458
440 0.505429 0.111199 0.0324482
441 0.505429 0.106913 0.0304212
442 0.521784 0.129198 0.0330984
443 0.531017 0.123236 0.0343769
444 0.531017 0.115891 0.0317192
445 0.531017 0.116833 0.0324905
446 0.531017 0.121501 0.0332726
447 0.531017 0.127789 0.0359763
448 0.531017 0.145239 0.0400927
449 0.531017 0.128421 0.0353755
450 0.531017 0.138106 0.0364806
451 0.531017 0.146931 0.038283
452 0.531017 0.129171 0.0378849
453 0.531017 0.128987 0.0393191
454 0.53703 0.143778 0.0415273
455 0.53703 0.136609 0.0412361
456 0.53703 0.14877 0.0396217
457 0.548987 0.1701 0.0437089
458 0.548987 0.157095 0.0437323
459 0.548987 0.173373 0.041893
460 0.553847 0.184969 0.0474975
461 0.556536 0.190881 0.0461537
462 0.556536 0.186799 0.0446895
463 0.556536 0.188861 0.045163
464 0.556536 0.190339 0.0437235
465 0.556536 0.18472 0.0455184
466 0.556536 0.221148 0.0499076
467 0.556536 0.204509 0.0471169
468 0.556536 0.209007 0.0445169
469 0.556536 0.19345 0.0455537
470 0.556536 0.219332 0.0484075
471 0.556536 0.201471 0.0507089
472 0.556536 0.188664 0.046501
473 0.565576 0.192365 0.0458653
474 0.565576 0.171799 0.0459244
475 0.565576 0.185489 0.0483352
476 0.565576 0.202582 0.0473418
477 0.565576 0.22532 0.04865
478 0.565576 0.194784 0.0435682
479 0.565576 0.204009 0.0441602
480 0.565576 0.219814 0.0444157
481 0.565576 0.228558 0.0457936
482 0.574867 0.235037 0.0466963
483 0.574867 0.206264 0.0437432
484 0.574867 0.23411 0.0437079
485 0.574867 0.244328 0.0472719
486 0.574867 0.266575 0.0474511
487 0.574867 0.253286 0.04911
488 0.574867 0.226992 0.0460338
489 0.57556 0.261344 0.0468132
490 0.57556 0.230441 0.0477603
491 0.57556 0.209362 0.0440542
492 0.57556 0.206313 0.044906
493 0.57556 0.241695 0.0478459
494 0.57556 0.221535 0.048402
495 0.57556 0.230655 0.0491326
496 0.57556 0.21529 0.0439822
497 0.57556 0.20543 0.0475582
498 0.57556 0.209849 0.0449062
499 0.57556 0.218362 0.0490811
500 0.57556 0.184849 0.0428525
501 0.57556 0.18937 0.0472273
502 0.57556 0.188273 0.0508422
503 0.57556 0.17868 0.0504178
504 0.57556 0.187412 0.049057
505 0.57556 0.190533 0.0520672
506 0.57556 0.204673 0.0525831
507 0.57556 0.207899 0.0505821
508 0.57556 0.196301 0.0484942
509 0.57556 0.184304 0.0449728
510 0.57556 0.199993 0.0477487
511 0.57556 0.220898 0.0474479
512 0.57556 0.201448 0.0462318
513 0.57556 0.212849 0.0517277
514 0.57556 0.212424 0.047957
515 0.57556 0.199643 0.0491547
516 0.57556 0.199972 0.0454383
517 0.575665 0.178189 0.0476617
518 0.575665 0.192891 0.0507459
519 0.575665 0.208531 0.051078
520 0.575665 0.203196 0.0478458
521 0.57646 0.224306 0.043192
522 0.57646 0.188263 0.0453141
523 0.57646 0.207664 0.0479145
524 0.57646 0.206384 0.0477925
525 0.57646 0.214357 0.0536827
526 0.57646 0.253192 0.0505158
527 0.57646 0.260403 0.0472225
528 0.57646 0.241321 0.0459518
529 0.57646 0.224002 0.0481937
530 0.57646 0.209691 0.0443936
531 0.57646 0.215227 0.0471363
532 0.57646 0.229756 0.047399
533 0.57646 0.241693 0.0485816
534 0.57646 0.229738 0.048687
535 0.57646 0.238826 0.0493855
536 0.57646 0.198389 0.0453572
537 0.57646 0.208118 0.0474119
538 0.57646 0.186769 0.0431293
539 0.57646 0.212319 0.0473541
540 0.57646 0.215669 0.046655
541 0.57646 0.234211 0.0475635
542 0.57646 0.221933 0.0476201
543 0.576697 0.240623 0.0491737
544 0.577276 0.235137 0.0486947
545 0.577276 0.217305 0.0499962
546 0.578317 0.227693 0.0483173
547 0.578317 0.216383 0.0498186
548 0.578317 0.209685 0.0466727
549 0.578317 0.200442 0.0473859
550 0.578317 0.193152 0.047611
551 0.578317 0.200756 0.0486176
552 0.578317 0.208588 0.0492168
553 0.578317 0.209498 0.0490493
554 0.578317 0.203363 0.0468847
555 0.578317 0.217551 0.0488635
556 0.578317 0.230826 0.0481601
557 0.578317 0.220903 0.0495332
558 0.578317 0.195352 0.0498144
559 0.578317 0.199611 0.0518531
560 0.578317 0.202894 0.0457151
561 0.578317 0.203476 0.0474759
562 0.578969 0.195871 0.0471221
563 0.578969 0.207474 0.0491479
564 0.578969 0.221345 0.0537591
565 0.578969 0.244387 0.0485626
566 0.579953 0.246284 0.0524402
567 0.579953 0.220412 0.0496887
568 0.579953 0.198901 0.050722
569 0.579966 0.208209 0.0482311
570 0.580403 0.219649 0.0474753
571 0.580403 0.194814 0.0488256
572 0.580403 0.226373 0.0491801
573 0.580403 0.184705 0.0460004
574 0.580403 0.231341 0.0516514
575 0.580403 0.226587 0.0475318
576 0.580403 0.224636 0.0522249
577 0.580403 0.211769 0.0503051
578 0.580403 0.210121 0.054478
579 0.580403 0.229544 0.0477473
580 0.580403 0.227056 0.0441482
581 0.580403 0.233205 0.0484815
582 0.580403 0.200872 0.0514297
583 0.580403 0.21357 0.0539178
584 0.580403 0.205161 0.0522896
585 0.580403 0.204827 0.0506281
586 0.580403 0.213009 0.0485442
587 0.580403 0.211968 0.0497162
588 0.580403 0.22178 0.0480335
589 0.580403 0.24417 0.0485414
590 0.580403 0.228636 0.0485539
591 0.580403 0.21784 0.0475695
592 0.580403 0.220907 0.04619
593 0.580403 0.232725 0.0483092
594 0.580403 0.210609 0.0487401
595 0.580403 0.19719 0.0482765
596 0.580403 0.214142 0.0476589
597 0.580403 0.203282 0.0456697
598 0.580403 0.225994 0.0472329
599 0.580403 0.21513 0.0444983
600 0.580403 0.209779 0.0468249
601 0.580403 0.222834 0.0444657
602 0.580403 0.217144 0.043757
603 0.580403 0.218748 0.0488134
604 0.580403 0.202531 0.0446639
605 0.580403 0.215053 0.0466643
606 0.580403 0.217611 0.0473906
607 0.580403 0.236304 0.0466538
608 0.580403 0.201296 0.0459366
609 0.580403 0.210596 0.0481477
610 0.580403 0.178978 0.0470175
611 0.580403 0.184962 0.0477627
612 0.580403 0.201333 0.0451483
613 0.580403 0.227594 0.0513458
614 0.580403 0.216892 0.0496938
615 0.580403 0.216212 0.0495382
616 0.580403 0.236828 0.0493815
617 0.580403 0.232889 0.0470079
618 0.580632 0.257762 0.0517745
619 0.580632 0.26683 0.0486232
620 0.580632 0.254187 0.0480895
621 0.580632 0.224123 0.0446288
622 0.580632 0.228149 0.050469
623 0.580632 0.217216 0.0493266
624 0.580632 0.23277 0.0495449
625 0.580632 0.232549 0.0519455
626 0.580632 0.203176 0.0478635
627 0.580632 0.214508 0.0528789
628 0.580632 0.217271 0.0508265
629 0.580632 0.216183 0.0523477
630 0.580632 0.245358 0.049732
631 0.580632 0.225013 0.0452752
632 0.580632 0.200941 0.0446442
633 0.580632 0.215745 0.0483531
634 0.580632 0.191333 0.04582
635 0.580632 0.202684 0.0481107
636 0.580632 0.18947 0.0446885
637 0.580632 0.200835 0.0483776
638 0.580696 0.220312 0.0555242
639 0.580696 0.234965 0.0491897
640 0.580696 0.239634 0.0472433
641 0.580696 0.226863 0.0488438
642 0.580696 0.206495 0.0451062
643 0.580696 0.219254 0.0429898
644 0.580696 0.219667 0.047254
645 0.580696 0.257268 0.0439304
646 0.580696 0.279186 0.0464529
647 0.580696 0.253243 0.0478111
648 0.580696 0.248303 0.0494695
649 0.58072 0.271173 0.0507205
650 0.58072 0.273067 0.0481579
651 0.58072 0.251767 0.0448944
652 0.58072 0.233381 0.0467474
653 0.58072 0.217965 0.0462279
654 0.58072 0.239704 0.049962
655 0.58072 0.227176 0.0488915
656 0.58072 0.218478 0.0494299
657 0.58072 0.212105 0.0487961
658 0.58072 0.206843 0.0497629
659 0.58072 0.185805 0.0472841
660 0.58072 0.204004 0.0488189
661 0.58072 0.225764 0.0491113
662 0.580756 0.212855 0.0490159
663 0.580756 0.229976 0.0517814
664 0.580756 0.202483 0.05006
665 0.580756 0.216061 0.047236
666 0.580756 0.233718 0.053863
667 0.580756 0.230699 0.0529522
668 0.580756 0.210069 0.0509583
669 0.580756 0.21252 0.0504854
670 0.580756 0.209714 0.0519389
671 0.580756 0.192214 0.0478835
672 0.580976 0.212547 0.0529141
673 0.580976 0.203841 0.0505462
674 0.580976 0.215087 0.0474873
675 0.580976 0.220836 0.0489961
676 0.580976 0.24088 0.0460403
677 0.580976 0.251589 0.0468893
678 0.581201 0.225239 0.0460793
679 0.581201 0.208542 0.0444882
680 0.581201 0.242517 0.0472372
681 0.581201 0.225196 0.0469069
682 0.581201 0.20189 0.0488114
683 0.581201 0.202957 0.0504716
684 0.581201 0.208783 0.0473539
685 0.581201 0.223161 0.0503086
686 0.581201 0.220594 0.0495599
687 0.581201 0.236783 0.0471454
688 0.581201 0.238059 0.0439412
689 0.581201 0.230398 0.04682
690 0.581201 0.224566 0.0457333
691 0.581201 0.218535 0.0452254
692 0.581201 0.230345 0.0521694
693 0.581201 0.221764 0.0494613
694 0.581744 0.209829 0.0480662
695 0.581744 0.193004 0.0466736
696 0.581744 0.177442 0.0469104
697 0.581744 0.212521 0.0507062
698 0.581744 0.182784 0.0464439
699 0.581744 0.208086 0.0482583
700 0.581744 0.226902 0.0519536
701 0.581744 0.24196 0.0503564
702 0.581744 0.233097 0.0510131
703 0.581744 0.23651 0.0465519
704 0.581744 0.240744 0.0432964
705 0.581744 0.245729 0.0503016
706 0.581744 0.213361 0.0465345
707 0.581744 0.215667 0.0515632
708 0.581744 0.209509 0.0503132
709 0.581744 0.242707 0.0512553
710 0.581744 0.234244 0.0495562
711 0.581744 0.217995 0.0479293
712 0.581744 0.24747 0.0488826
713 0.581744 0.24906 0.049478
714 0.581744 0.233669 0.0520881
715 0.581744 0.210244 0.0489904
716 0.581744 0.218082 0.0465071
717 0.581744 0.223223 0.0471446
718 0.581744 0.224827 0.0471469
719 0.581744 0.219726 0.0448213
720 0.581744 0.219468 0.0454964
721 0.581744 0.209248 0.0489097
722 0.581744 0.208914 0.0501642
723 0.581744 0.206739 0.0490781
724 0.581744 0.232183 0.0507128
725 0.581744 0.241448 0.0513283
726 0.581744 0.233156 0.0478568
727 0.581744 0.249944 0.0470164
728 0.581744 0.279056 0.0490643
729 0.581744 0.239013 0.0456041
730 0.581744 0.254154 0.0437506
731 0.581744 0.262291 0.0451462
732 0.581744 0.277197 0.0455786
733 0.581744 0.264255 0.0472259
734 0.581744 0.250675 0.0409641
735 0.581744 0.251162 0.0473361
736 0.581744 0.213307 0.0490291
737 0.581744 0.226036 0.0452417
738 0.581744 0.239982 0.0494235
739 0.581744 0.244025 0.0480434
740 0.581744 0.257529 0.0478526
741 0.581744 0.236037 0.0460191
742 0.581778 0.243815 0.0461899
743 0.581778 0.257102 0.0454986
744 0.581778 0.255104 0.044829
745 0.581778 0.217399 0.0493954
746 0.581778 0.241351 0.0493476
747 0.581778 0.205477 0.0495319
748 0.581778 0.190922 0.0482481
749 0.581778 0.224469 0.0467956
750 0.581778 0.224191 0.0449137
751 0.581778 0.249364 0.0446342
752 0.581778 0.260889 0.0440978
753 0.581778 0.256132 0.0429795
754 0.581778 0.260619 0.0464417
755 0.581778 0.265971 0.0449172
756 0.581778 0.244406 0.0490653
757 0.581778 0.238142 0.0462057
758 0.581778 0.230906 0.046373
759 0.581778 0.254459 0.0561825
760 0.581778 0.230751 0.0518244
761 0.581778 0.230218 0.0496851
762 0.581778 0.204395 0.0484287
763 0.581778 0.198771 0.0472526
764 0.581778 0.221301 0.0489122
765 0.581778 0.195757 0.0506236
766 0.581778 0.208628 0.0443487
767 0.581778 0.21189 0.0455456
768 0.581778 0.234975 0.0483868
769 0.581778 0.225098 0.0452953
770 0.581778 0.23167 0.0485002
771 0.581778 0.230959 0.0507406
772 0.581778 0.196271 0.050427
773 0.581778 0.20431 0.0513596
774 0.581778 0.223792 0.0477014
775 0.581778 0.251165 0.0454212
776 0.581778 0.245574 0.0459914
777 0.581778 0.208724 0.0476686
778 0.581778 0.219182 0.0511376
779 0.581778 0.214813 0.0488189
780 0.581778 0.253362 0.0455968
781 0.581778 0.242607 0.042918
782 0.581778 0.256683 0.0497268
783 0.581778 0.218782 0.04204
784 0.581778 0.21977 0.0467744
785 0.581778 0.205747 0.0466432
786 0.581778 0.219106 0.047144
787 0.581778 0.230711 0.0518724
788 0.581778 0.230043 0.0490829
789 0.581778 0.244126 0.0520672
790 0.581778 0.233666 0.0479127
791 0.581778 0.243473 0.049432
792 0.581778 0.25816 0.0497466
793 0.581778 0.226967 0.0522602
794 0.581778 0.239913 0.0507684
795 0.581778 0.255703 0.0477835
796 0.581778 0.263012 0.0483933
797 0.581778 0.256252 0.0444824
798 0.581778 0.251488 0.0456187
799 0.581778 0.237539 0.0496802
800 0.581778 0.23162 0.0503984
801 0.581778 0.243987 0.048125
802 0.581778 0.218518 0.0460339
803 0.581778 0.212253 0.0447346
804 0.581778 0.203805 0.0486513
805 0.581778 0.245378 0.0496257
806 0.581778 0.239367 0.0453905
807 0.581778 0.229414 0.0471271
808 0.581778 0.235783 0.0486475
809 0.581778 0.220249 0.0465787
810 0.581778 0.206199 0.0481437
811 0.581778 0.204984 0.0475481
812 0.581778 0.223483 0.0522542
813 0.581778 0.218005 0.0545103
814 0.581778 0.234735 0.0531593
815 0.581778 0.217483 0.0492677
816 0.581778 0.221295 0.0544337
817 0.581778 0.218234 0.0524636
818 0.581778 0.217069 0.0496727
819 0.581778 0.228263 0.0475542
820 0.581778 0.226203 0.0452981
821 0.581778 0.222891 0.0466106
822 0.581778 0.247541 0.0477406
823 0.581778 0.266751 0.0500774
824 0.581889 0.228428 0.0495277
825 0.581889 0.236468 0.0469481
826 0.581889 0.246912 0.0518852
827 0.581889 0.257753 0.0527048
828 0.581889 0.274078 0.0515675
829 0.581889 0.237918 0.052343
830 0.581889 0.234098 0.0504801
831 0.581889 0.234378 0.0479189
832 0.581889 0.23337 0.0486903
833 0.581889 0.219591 0.0466026
834 0.581889 0.231311 0.0443875
835 0.581889 0.223577 0.0458932
836 0.581889 0.219592 0.0472234
837 0.581889 0.207567 0.0474936
838 0.581889 0.214439 0.0494938
839 0.581889 0.207277 0.0482737
840 0.581889 0.222162 0.0498
841 0.581889 0.225859 0.0517238
842 0.581889 0.219644 0.04969
843 0.581889 0.239517 0.0519495
844 0.581889 0.197871 0.0500769
845 0.581889 0.225336 0.0497299
846 0.581889 0.223081 0.0498081
847 0.581889 0.220883 0.0479414
848 0.581889 0.23753 0.0495673
849 0.581889 0.22569 0.0496827
850 0.581889 0.214293 0.0468619
851 0.581889 0.205295 0.0463724
852 0.581889 0.221298 0.0478056
853 0.581889 0.228251 0.0491028
854 0.581889 0.210022 0.0481571
855 0.581889 0.197577 0.0477068
856 0.581889 0.226104 0.0533819
857 0.581889 0.218722 0.0509254
858 0.581889 0.213334 0.0538388
859 0.581889 0.211151 0.0503059
860 0.581889 0.237644 0.0517092
861 0.581889 0.234916 0.0499521
862 0.581889 0.212131 0.0470772
863 0.581889 0.23519 0.0490754
864 0.582145 0.273675 0.0506889
865 0.582145 0.238589 0.0452312
866 0.582145 0.212136 0.0417966
867 0.582204 0.227023 0.0500046
868 0.582204 0.227782 0.0510987
869 0.582204 0.24878 0.0494968
870 0.582204 0.240356 0.048126
871 0.582204 0.235623 0.0473905
872 0.582204 0.226937 0.0448072
873 0.582204 0.238486 0.0498103
874 0.582204 0.206358 0.0505956
875 0.582204 0.228663 0.0527868
876 0.582204 0.266719 0.0540269
877 0.582204 0.271296 0.0532258
878 0.582204 0.26555 0.0514354
879 0.582204 0.221037 0.0504839
880 0.582204 0.235198 0.0476182
881 0.582204 0.248645 0.0486417
882 0.582204 0.23575 0.0435599
883 0.582204 0.209771 0.0436003
884 0.582204 0.248295 0.045292
885 0.582204 0.275166 0.0440799
886 0.582204 0.275332 0.0456367
887 0.582204 0.256315 0.0464053
888 0.582236 0.228716 0.0482552
889 0.582236 0.220966 0.0461942
890 0.582236 0.242569 0.048592
891 0.582236 0.244231 0.0505831
892 0.582236 0.234375 0.049457
893 0.582236 0.230704 0.0463885
894 0.582236 0.238079 0.0473084
895 0.582236 0.226258 0.0446047
896 0.582236 0.221285 0.0448028
897 0.582294 0.215591 0.0497353
898 0.582294 0.207801 0.0456484
899 0.582294 0.227963 0.0453157
900 0.582294 0.233068 0.046171
901 0.582294 0.231123 0.0515522
902 0.582382 0.250883 0.0486042
903 0.582382 0.24076 0.0505823
904 0.582382 0.237979 0.0438371
905 0.582382 0.266148 0.0447798
906 0.582382 0.288265 0.0431057
907 0.582382 0.266822 0.0485934
908 0.582382 0.247466 0.04801
909 0.582421 0.263612 0.0483648
910 0.582421 0.229048 0.0470133
911 0.582421 0.255187 0.0468028
912 0.582421 0.241383 0.0475842
913 0.582421 0.260813 0.0475058
914 0.582421 0.246995 0.0483716
915 0.582421 0.249262 0.0460099
916 0.582421 0.253058 0.0483406
917 0.582421 0.235865 0.0438713
918 0.582421 0.22768 0.0438674
919 0.582421 0.23858 0.046001
920 0.582421 0.244042 0.0478565
921 0.582421 0.227613 0.0502217
922 0.582421 0.219777 0.0528505
923 0.582421 0.245592 0.0550094
924 0.582421 0.212376 0.0530571
925 0.582421 0.210901 0.0469624
926 0.582421 0.226662 0.0481067
927 0.582421 0.212989 0.0465387
928 0.582421 0.228798 0.0455487
929 0.582421 0.225461 0.0418566
930 0.582421 0.249972 0.0480218
931 0.582421 0.251487 0.0470453
932 0.582421 0.244685 0.0467448
933 0.582421 0.207444 0.0457012
934 0.582421 0.206567 0.0419275
935 0.582421 0.226033 0.0471056
936 0.582421 0.231918 0.0439434
937 0.582421 0.249305 0.0475609
938 0.582421 0.237257 0.0489931
939 0.582421 0.209129 0.0454377
940 0.582421 0.204978 0.0484823
941 0.582421 0.22894 0.0497738
942 0.582421 0.207017 0.0485788
943 0.582421 0.220522 0.0507834
944 0.582421 0.232506 0.0522828
945 0.582421 0.260961 0.0459792
946 0.582421 0.236383 0.0485888
947 0.582421 0.245594 0.0463597
948 0.582421 0.261867 0.0484837
949 0.58285 0.25537 0.0476309
950 0.58285 0.251894 0.0433425
951 0.58285 0.247175 0.0470471
952 0.58285 0.231344 0.0484813
953 0.58285 0.255241 0.0473253
954 0.58285 0.246877 0.0467083
955 0.58285 0.237729 0.0461042
956 0.58285 0.230968 0.0474565
957 0.58285 0.231381 0.0464582
958 0.58285 0.251685 0.0475158
959 0.58285 0.230521 0.0496914
960 0.58285 0.205012 0.0503915
961 0.58285 0.216656 0.0498173
962 0.58285 0.245434 0.049025
963 0.58285 0.234308 0.0500346
964 0.58285 0.23922 0.0509278
965 0.58285 0.225969 0.0498994
966 0.583029 0.24165 0.0514367
967 0.583029 0.253639 0.0481504
968 0.583029 0.233756 0.0487554
969 0.583029 0.216252 0.0476317
970 0.583029 0.240724 0.0450963
971 0.583029 0.248751 0.048872
972 0.583029 0.238513 0.0527788
973 0.583029 0.238058 0.053339
974 0.583029 0.232404 0.0530953
975 0.583029 0.226055 0.0515332
976 0.583029 0.229188 0.0527913
977 0.583029 0.213073 0.0504551
978 0.583029 0.200125 0.0485386
979 0.583029 0.22381 0.0485603
980 0.583029 0.232965 0.0516117
981 0.583029 0.261131 0.0490069
982 0.583029 0.232302 0.0515578
983 0.583029 0.234373 0.0517081
984 0.583029 0.215387 0.0503858
985 0.583029 0.223233 0.0518234
986 0.583029 0.215658 0.0471882
987 0.583029 0.203543 0.0510033
988 0.583139 0.215112 0.0483912
989 0.583139 0.2241 0.047644
990 0.583736 0.216091 0.0461867
991 0.583736 0.225167 0.0507608
992 0.583736 0.19278 0.0518455
993 0.583736 0.201016 0.0492422
994 0.583736 0.205106 0.0503044
995 0.583736 0.23012 0.0547143
996 0.583736 0.193792 0.0533058
997 0.583736 0.204595 0.0479524
998 0.583736 0.205016 0.0491436
999 0.583736 0.225974 0.0492145
1000 0.583736 0.238138 0.0499343
