0 0.125267 0.0550989 0.003892
1 0.125276 0.0676906 0.00391416
2 0.125579 0.0827224 0.00352989
3 0.125579 0.0938992 0.00296081
4 0.200159 0.0889751 0.00333798
5 0.200159 0.0960106 0.0029588
6 0.29134 0.100575 0.00307008
7 0.29134 0.0962044 0.0033322
8 0.319754 0.104108 0.00384256
9 0.319754 0.0993518 0.00420387
10 0.458317 0.112596 0.00507538
11 0.458317 0.117477 0.00510792
12 0.493338 0.126987 0.00753191
13 0.493338 0.138677 0.0109444
14 0.493338 0.138706 0.0110592
15 0.493338 0.137497 0.012913
16 0.493338 0.148135 0.0139129
17 0.514777 0.160757 0.015846
17 0.535701 0.0870456 0.0221966
18 0.535701 0.0763127 0.0222831
19 0.535701 0.0904108 0.0289081
20 0.57293 0.100575 0.0339662
21 0.57293 0.0970002 0.0333567
22 0.57293 0.0966066 0.0338923
23 0.57293 0.0906494 0.0336583
24 0.57293 0.115178 0.0409097
25 0.59161 0.133833 0.0437404
26 0.59161 0.13115 0.0422101
27 0.59161 0.143171 0.0417454
28 0.59161 0.123994 0.0400936
29 0.59161 0.132175 0.0415948
30 0.593046 0.149645 0.0449169
31 0.593046 0.113941 0.0372247
32 0.593046 0.142986 0.0426749
33 0.593046 0.143593 0.0470985
34 0.593046 0.126126 0.0423485
35 0.594368 0.139686 0.0455498
36 0.594368 0.124604 0.0426603
37 0.594368 0.149367 0.0478618
38 0.594368 0.159681 0.0518405
39 0.594368 0.144999 0.046386
40 0.6028 0.164909 0.0509733
41 0.6028 0.129864 0.041906
42 0.6028 0.17132 0.0529526
43 0.6028 0.175277 0.0539857
44 0.6028 0.175334 0.0519547
45 0.6028 0.146463 0.0452323
46 0.6028 0.147213 0.0497806
47 0.6028 0.16008 0.0491954
48 0.6028 0.14237 0.048638
49 0.6028 0.140699 0.0464878
50 0.6028 0.142109 0.0461387
51 0.6028 0.159092 0.0504721
52 0.6028 0.166248 0.0486575
53 0.6028 0.155193 0.0507618
54 0.6028 0.121313 0.0444228
55 0.6028 0.121216 0.0465138
56 0.6028 0.116678 0.0440364
57 0.6028 0.137579 0.0480805
58 0.6028 0.150206 0.0513285
59 0.6028 0.144329 0.0448948
60 0.603872 0.179458 0.0528569
61 0.603872 0.188306 0.0542043
62 0.60726 0.18428 0.0574009
63 0.60726 0.177139 0.0532472
64 0.60726 0.166637 0.0521105
65 0.60726 0.180221 0.0544258
66 0.60726 0.163687 0.0527736
67 0.60726 0.178302 0.0535897
68 0.60726 0.18652 0.0557387
69 0.609909 0.168666 0.0554576
70 0.609909 0.196042 0.0587579
71 0.611318 0.172101 0.0558103
72 0.611318 0.169339 0.0536748
73 0.611318 0.160893 0.0502666
74 0.611318 0.156982 0.0493638
75 0.611318 0.169464 0.0513476
76 0.611318 0.166695 0.0524457
77 0.611318 0.165295 0.0531202
78 0.611318 0.177078 0.0514212
79 0.611318 0.175376 0.0512695
80 0.611318 0.137612 0.0458847
81 0.611318 0.155352 0.051662
82 0.611318 0.18394 0.0535825
83 0.611318 0.153926 0.0494092
84 0.611318 0.166726 0.0530745
85 0.611318 0.181959 0.0509779
86 0.611318 0.174553 0.0553327
87 0.611318 0.169682 0.0551748
88 0.611318 0.179959 0.0532414
89 0.611318 0.175958 0.0543187
90 0.611318 0.177098 0.0552047
91 0.611318 0.148584 0.0491873
92 0.611318 0.164517 0.0483131
93 0.611318 0.163502 0.0501267
94 0.611318 0.144676 0.044622
95 0.611318 0.152661 0.0472303
96 0.611318 0.159554 0.0492684
97 0.611318 0.161958 0.0525088
98 0.611318 0.186461 0.0518361
99 0.611318 0.155018 0.0455447
100 0.611318 0.149734 0.0504209
101 0.611318 0.168353 0.0525799
102 0.611318 0.166152 0.0491401
103 0.611318 0.162474 0.0475956
104 0.611318 0.13634 0.0461132
105 0.611318 0.152498 0.052084
106 0.611318 0.14956 0.0534794
107 0.611318 0.144193 0.0495537
108 0.611318 0.157226 0.0529418
109 0.611318 0.131602 0.046177
110 0.611318 0.144448 0.0489427
111 0.611318 0.156628 0.0499724
112 0.611318 0.170442 0.0517404
113 0.611318 0.153455 0.0485434
114 0.611318 0.156473 0.0483367
115 0.611318 0.16884 0.0529451
116 0.611318 0.159547 0.0518787
117 0.611318 0.158549 0.0549559
118 0.611318 0.140995 0.0533237
119 0.611318 0.174113 0.0537665
120 0.611318 0.143122 0.045966
121 0.611318 0.15485 0.0507708
122 0.611318 0.145835 0.0489415
123 0.611318 0.192882 0.0534019
124 0.611318 0.166089 0.0492432
125 0.611318 0.149278 0.0500264
126 0.611318 0.152626 0.0484874
127 0.611318 0.154795 0.0498848
128 0.611318 0.134328 0.0444699
129 0.611318 0.109146 0.0402939
130 0.611318 0.132828 0.0489864
131 0.611318 0.14608 0.0513092
132 0.611318 0.168123 0.0554317
133 0.611318 0.170052 0.0540541
134 0.611318 0.183459 0.0553429
135 0.611318 0.158832 0.0502976
136 0.611318 0.160158 0.0525064
137 0.611318 0.15595 0.0512573
138 0.611318 0.160298 0.0481794
139 0.611318 0.178776 0.0559856
140 0.611318 0.177034 0.0570365
141 0.611318 0.17996 0.0560836
142 0.611318 0.17009 0.0553134
143 0.611318 0.167492 0.057762
144 0.611318 0.175584 0.0554511
145 0.611318 0.167598 0.0528166
146 0.611318 0.177178 0.0592881
147 0.611318 0.146862 0.0521517
148 0.611318 0.165197 0.0552768
149 0.611318 0.1444 0.0535336
150 0.61138 0.15104 0.0525148
151 0.61138 0.152494 0.0504358
152 0.61138 0.147246 0.0504269
153 0.61138 0.146475 0.0485988
154 0.61138 0.117036 0.0436827
155 0.61138 0.14108 0.0499446
156 0.61138 0.125684 0.0451235
157 0.61138 0.154436 0.0546547
158 0.61138 0.147793 0.0573101
159 0.61138 0.152221 0.0544942
160 0.61138 0.170857 0.0555938
161 0.61138 0.16165 0.0579675
162 0.61138 0.154755 0.049967
163 0.61138 0.155525 0.0517171
164 0.61138 0.15401 0.0521836
165 0.61138 0.155015 0.0519138
166 0.61138 0.139358 0.0516577
167 0.61138 0.136617 0.0480467
168 0.61138 0.153027 0.0500424
169 0.61138 0.138904 0.0501739
170 0.61138 0.141883 0.0489376
171 0.61138 0.138809 0.0494344
172 0.61138 0.14164 0.0506182
173 0.61138 0.133615 0.0506875
174 0.61138 0.145631 0.0522811
175 0.61138 0.148521 0.0493551
176 0.61138 0.141419 0.0491555
177 0.61138 0.144851 0.0475095
178 0.61138 0.172353 0.0537044
179 0.61138 0.16074 0.0540418
180 0.61138 0.150792 0.0456599
181 0.61138 0.131806 0.0437076
182 0.61138 0.152143 0.048887
183 0.61138 0.170041 0.0508858
184 0.61138 0.17491 0.0535723
185 0.61138 0.170451 0.0522929
186 0.61138 0.181615 0.0522636
187 0.61138 0.16883 0.0543466
188 0.61138 0.172542 0.0534475
189 0.61138 0.191684 0.0599917
190 0.61138 0.168216 0.0493273
191 0.61138 0.188716 0.0523709
192 0.61138 0.165435 0.0539899
193 0.61138 0.152926 0.0502193
194 0.61138 0.150127 0.0569978
195 0.61138 0.158336 0.0542419
196 0.61138 0.164066 0.0540976
197 0.61138 0.181906 0.0581065
198 0.61138 0.152665 0.0486019
199 0.61138 0.156256 0.0474566
200 0.61138 0.161214 0.0505868
201 0.61138 0.164802 0.0493074
202 0.61138 0.179447 0.0528945
203 0.61138 0.168225 0.0512642
204 0.61138 0.16744 0.0510932
205 0.61138 0.138154 0.0467637
206 0.61138 0.17245 0.0536645
207 0.61138 0.139941 0.0500339
208 0.61138 0.179916 0.0491237
209 0.61138 0.142525 0.0505873
210 0.61138 0.171022 0.052086
211 0.61138 0.159596 0.0511988
212 0.61138 0.178713 0.0531499
213 0.61138 0.179181 0.0530579
214 0.61138 0.165039 0.0494609
215 0.61138 0.170492 0.0522711
216 0.61138 0.156428 0.0526053
217 0.61138 0.151337 0.0496808
218 0.61138 0.152862 0.0506977
219 0.61138 0.166431 0.051548
220 0.61138 0.168976 0.051707
221 0.61138 0.204072 0.064312
222 0.61138 0.176695 0.055455
223 0.61138 0.154256 0.0527788
224 0.61138 0.164219 0.0522593
225 0.61138 0.170358 0.0526508
226 0.61138 0.161688 0.0513584
227 0.61138 0.188087 0.0543607
228 0.61138 0.189041 0.055514
229 0.61138 0.14685 0.0485742
230 0.61138 0.142964 0.0494824
231 0.61138 0.1433 0.0482695
232 0.611591 0.127875 0.0454573
233 0.612361 0.183158 0.0562986
234 0.612361 0.168206 0.0526766
235 0.612361 0.170758 0.0525623
236 0.612361 0.139428 0.0474777
237 0.612361 0.134397 0.0465525
238 0.612361 0.141386 0.0465168
239 0.612361 0.167518 0.0520403
240 0.612361 0.184192 0.0567398
241 0.612361 0.124617 0.0444282
242 0.612361 0.127056 0.0482049
243 0.612361 0.137473 0.0487192
244 0.612361 0.122071 0.0471279
245 0.612361 0.128895 0.0472225
246 0.612361 0.158604 0.054728
247 0.612361 0.147587 0.0543375
248 0.612361 0.14053 0.0482281
249 0.612361 0.148668 0.049142
250 0.612361 0.157484 0.0513407
251 0.612361 0.147622 0.0510536
252 0.612361 0.136298 0.0463501
253 0.612361 0.149037 0.0506392
254 0.612361 0.166362 0.0534655
255 0.612361 0.168219 0.0530701
256 0.612361 0.139685 0.0473148
257 0.612361 0.143111 0.0534526
258 0.612361 0.147342 0.0519508
259 0.612361 0.165944 0.0597699
260 0.612361 0.18066 0.0589539
261 0.612361 0.172946 0.0553457
262 0.612361 0.165304 0.0522997
263 0.612361 0.151802 0.0477789
264 0.612361 0.154829 0.0504155
265 0.612361 0.170821 0.0552113
266 0.612361 0.190169 0.0566297
267 0.612361 0.161623 0.0514593
268 0.612361 0.165318 0.0549019
269 0.612361 0.169128 0.0574565
270 0.612361 0.149619 0.0501028
271 0.612361 0.14262 0.0495486
272 0.613577 0.178326 0.0556954
273 0.613577 0.182971 0.0520062
274 0.613577 0.163044 0.0511603
275 0.613577 0.20205 0.0553022
276 0.613577 0.170712 0.0519445
277 0.613577 0.142265 0.0460938
278 0.613577 0.156436 0.0499915
279 0.613577 0.187116 0.0582184
280 0.613577 0.18945 0.0592851
281 0.613577 0.169972 0.0537193
282 0.613577 0.156289 0.0494097
283 0.613577 0.148166 0.0542954
284 0.613577 0.141493 0.0489954
285 0.613577 0.146433 0.0515903
286 0.613577 0.151212 0.0520298
287 0.613577 0.146832 0.0528756
288 0.613577 0.159437 0.0535932
289 0.613577 0.181202 0.0570441
290 0.613577 0.177548 0.0557457
291 0.613577 0.146197 0.0514459
292 0.613577 0.148586 0.0552806
293 0.613577 0.153322 0.0488726
294 0.613577 0.145316 0.0486486
295 0.613577 0.154516 0.0546484
296 0.613577 0.148294 0.0495365
297 0.613577 0.17984 0.0515574
298 0.613577 0.150433 0.0510938
299 0.613577 0.15608 0.0526225
300 0.613577 0.150381 0.0492442
301 0.613577 0.162927 0.0555596
302 0.613577 0.167882 0.0555261
303 0.613577 0.155665 0.0522158
304 0.613577 0.148186 0.0573447
305 0.613577 0.175384 0.0586329
306 0.613577 0.172666 0.0538149
307 0.613577 0.138938 0.0460334
308 0.613577 0.162265 0.0525188
309 0.613577 0.172963 0.0551851
310 0.613577 0.164694 0.0496681
311 0.613577 0.151564 0.0425543
312 0.613577 0.153055 0.0507218
313 0.613577 0.184644 0.0531617
314 0.613577 0.18902 0.0486319
315 0.613577 0.184114 0.053656
316 0.613577 0.16021 0.0496005
317 0.613577 0.194142 0.0558446
318 0.613577 0.195391 0.0513699
319 0.613577 0.205295 0.051974
320 0.613577 0.16827 0.0522276
321 0.613577 0.189877 0.0537451
322 0.613697 0.199056 0.0544788
323 0.613697 0.194014 0.0555265
324 0.613697 0.165649 0.0545634
325 0.613697 0.18642 0.0560675
326 0.613697 0.19683 0.0608093
327 0.613697 0.172471 0.0536231
328 0.613697 0.160121 0.0466561
329 0.613697 0.148979 0.0483084
330 0.613697 0.157347 0.0555597
331 0.613697 0.148772 0.0540374
332 0.613697 0.182534 0.0551143
333 0.613697 0.152707 0.0549774
334 0.613697 0.138471 0.051218
335 0.613697 0.159186 0.0581378
336 0.613697 0.145332 0.0525826
337 0.613697 0.138586 0.0475832
338 0.613697 0.149134 0.0534449
339 0.613697 0.135876 0.0472555
340 0.613697 0.185091 0.0547538
341 0.613697 0.183046 0.0551784
342 0.613697 0.20665 0.0562837
343 0.613697 0.186583 0.0529549
344 0.613697 0.179489 0.0531109
345 0.613697 0.163026 0.0535153
346 0.613697 0.178219 0.0561159
347 0.613697 0.153376 0.0514119
348 0.613697 0.167628 0.0524048
349 0.613697 0.17534 0.0576212
350 0.613697 0.171303 0.0523141
351 0.613697 0.162965 0.0593316
352 0.613697 0.154377 0.0553874
353 0.613697 0.155504 0.051018
354 0.613697 0.157876 0.0534325
355 0.613697 0.147534 0.0479531
356 0.613697 0.132551 0.0496423
357 0.613697 0.177111 0.0583902
358 0.613697 0.156872 0.0522286
359 0.613697 0.192681 0.0550011
360 0.613697 0.191358 0.0512809
361 0.613697 0.17485 0.0540638
362 0.613697 0.171296 0.0523258
363 0.613697 0.153609 0.0542709
364 0.613697 0.158892 0.0550154
365 0.613697 0.178798 0.0565432
366 0.613697 0.172473 0.0577529
367 0.613697 0.169438 0.0540413
368 0.613697 0.179373 0.0574271
369 0.613697 0.185115 0.0555764
370 0.613697 0.180315 0.0561825
371 0.613697 0.181866 0.0566568
372 0.613697 0.181721 0.0602346
373 0.613697 0.173102 0.0563541
374 0.613697 0.163798 0.0520648
375 0.613697 0.191374 0.0562964
376 0.613697 0.205894 0.0578681
377 0.613697 0.194052 0.0599446
378 0.613697 0.171195 0.054318
379 0.613697 0.170139 0.0548991
380 0.613697 0.174243 0.0550682
381 0.613697 0.17313 0.0527941
382 0.613697 0.176094 0.0536294
383 0.613697 0.194074 0.0577415
384 0.613697 0.161782 0.0490181
385 0.613697 0.17725 0.0534876
386 0.613697 0.19174 0.0533849
387 0.613697 0.186856 0.0515653
388 0.613697 0.175221 0.0485617
389 0.613697 0.189521 0.0512447
390 0.613697 0.186299 0.0551861
391 0.613697 0.198041 0.0540386
392 0.613697 0.13 0.0454878
393 0.613697 0.17437 0.0538253
394 0.613697 0.156911 0.0492878
395 0.613697 0.172976 0.0546179
396 0.613697 0.18086 0.0543727
397 0.613697 0.15943 0.0531741
398 0.613697 0.155993 0.0510583
399 0.613697 0.147803 0.0493871
400 0.613697 0.175385 0.051465
401 0.613697 0.186555 0.0546676
402 0.613907 0.167445 0.0568672
403 0.613907 0.188149 0.0592554
404 0.613907 0.150451 0.0511228
405 0.613907 0.162777 0.0569255
406 0.613907 0.182271 0.0586458
407 0.613907 0.164621 0.0514616
408 0.613907 0.181958 0.053538
409 0.613907 0.191906 0.0531045
410 0.613907 0.207833 0.0549612
411 0.613907 0.18893 0.0577338
412 0.613907 0.199054 0.0545937
413 0.613907 0.163941 0.0537551
414 0.613907 0.174172 0.0563701
415 0.613907 0.155586 0.0510321
416 0.613907 0.168297 0.0514767
417 0.613907 0.160457 0.0507127
418 0.613907 0.174385 0.0583997
419 0.613907 0.170325 0.0529501
420 0.613907 0.150373 0.0488097
421 0.613907 0.164063 0.0538746
422 0.613907 0.171299 0.0563081
423 0.613907 0.171094 0.0552185
424 0.613907 0.156707 0.0510089
425 0.613907 0.171552 0.0526796
426 0.613907 0.192202 0.0563367
427 0.613907 0.178944 0.050513
428 0.613907 0.193168 0.0541825
429 0.613907 0.187539 0.0484741
430 0.613907 0.17023 0.0533449
431 0.613907 0.166703 0.0507868
432 0.613907 0.176909 0.0534548
433 0.613907 0.172789 0.0523085
434 0.613907 0.14446 0.0492082
435 0.613907 0.151421 0.0474503
436 0.613907 0.157559 0.0511062
437 0.613907 0.154738 0.0499403
438 0.613907 0.16321 0.0504225
439 0.613907 0.175909 0.0523543
440 0.613907 0.171168 0.0530139
441 0.613907 0.176815 0.0577121
442 0.613907 0.147179 0.0542986
443 0.613907 0.15997 0.0557224
444 0.613907 0.132845 0.046337
445 0.613907 0.179067 0.0574429
446 0.613907 0.168385 0.0519664
447 0.613907 0.179958 0.051411
448 0.613907 0.152637 0.0537263
449 0.613907 0.179324 0.0574937
450 0.613907 0.16134 0.0505653
451 0.613907 0.14941 0.0504477
452 0.613907 0.156677 0.0537728
453 0.613907 0.138166 0.0472101
454 0.613907 0.156895 0.0501287
455 0.613907 0.142545 0.0484471
456 0.613907 0.11362 0.0408268
457 0.613907 0.127916 0.0446785
458 0.613907 0.14865 0.052455
459 0.613907 0.126342 0.047943
460 0.613907 0.116791 0.0448444
461 0.613907 0.120805 0.0458189
462 0.613907 0.121486 0.0455657
463 0.613907 0.134711 0.0486777
464 0.613907 0.138315 0.0500797
465 0.613907 0.155653 0.0538143
466 0.613907 0.137654 0.0492835
467 0.613907 0.146556 0.050018
468 0.613907 0.154844 0.0546927
469 0.613907 0.170152 0.0540951
470 0.613907 0.188139 0.0544343
471 0.613907 0.16377 0.0524681
472 0.613907 0.152701 0.0534014
473 0.613907 0.166106 0.0544534
474 0.613907 0.154209 0.0503615
475 0.613907 0.178666 0.0533701
476 0.613907 0.134069 0.0462074
477 0.613907 0.167136 0.0506413
478 0.613907 0.156332 0.0503794
479 0.613907 0.176658 0.0574498
480 0.613907 0.149565 0.0479941
481 0.613907 0.148254 0.0512794
482 0.613907 0.12762 0.0455333
483 0.613907 0.180113 0.054151
484 0.613907 0.171071 0.0530549
485 0.613907 0.160832 0.0540098
486 0.613907 0.166019 0.05286
487 0.613907 0.164031 0.0543322
488 0.613907 0.173112 0.0542731
489 0.613907 0.163133 0.0506556
490 0.613907 0.167383 0.0526912
491 0.613907 0.168032 0.0544118
492 0.613907 0.189413 0.0585289
493 0.613907 0.160759 0.0533896
494 0.613907 0.168768 0.0580027
495 0.613907 0.152075 0.0521644
496 0.613907 0.147371 0.0552649
497 0.613907 0.141331 0.0521968
498 0.613907 0.150452 0.0501392
499 0.613907 0.164306 0.0521697
500 0.613907 0.176182 0.0530983
501 0.613907 0.17116 0.0548006
502 0.613907 0.198857 0.0619505
503 0.613907 0.166199 0.052943
504 0.613907 0.117512 0.0436149
505 0.613907 0.142031 0.0500692
506 0.613907 0.146072 0.0524658
507 0.613907 0.126994 0.0488077
508 0.613907 0.142028 0.0515694
509 0.613907 0.143535 0.049823
510 0.613907 0.174216 0.055606
511 0.613907 0.174253 0.0561887
512 0.613907 0.159825 0.0513755
513 0.613907 0.134887 0.0494377
514 0.613907 0.129155 0.0473037
515 0.613907 0.124498 0.0497793
516 0.613907 0.144274 0.0516731
517 0.613907 0.157277 0.0493903
518 0.613907 0.173352 0.054361
519 0.613907 0.163694 0.0512433
520 0.613907 0.185243 0.0571964
521 0.613907 0.179959 0.0555996
522 0.613907 0.16137 0.0535745
523 0.613907 0.152312 0.049739
524 0.613907 0.171258 0.0525505
525 0.613907 0.1731 0.0561871
526 0.613907 0.175362 0.0509249
527 0.613907 0.189506 0.0548803
528 0.613907 0.165673 0.0546445
529 0.613907 0.177892 0.0495708
530 0.613907 0.163041 0.0511528
531 0.613907 0.195338 0.0516014
532 0.613907 0.176387 0.0518354
533 0.613907 0.165132 0.0541969
534 0.613907 0.145179 0.0480203
535 0.613907 0.14724 0.0505698
536 0.613907 0.169525 0.0532077
537 0.613907 0.151745 0.0506445
538 0.613907 0.155474 0.0460209
539 0.613907 0.178229 0.050869
540 0.613907 0.171493 0.0475235
541 0.613907 0.170921 0.0556841
542 0.613907 0.158254 0.0535719
543 0.613907 0.162646 0.0541396
544 0.613907 0.148745 0.0502111
545 0.613907 0.167478 0.0577247
546 0.613907 0.170934 0.0581501
547 0.613907 0.166297 0.0566279
548 0.613907 0.180539 0.0573383
549 0.613907 0.173934 0.0599948
550 0.613907 0.195203 0.0589361
551 0.613907 0.191237 0.0576067
552 0.613907 0.182845 0.0554377
553 0.613907 0.194909 0.0598851
554 0.613907 0.179598 0.0574651
555 0.613907 0.169507 0.0532096
556 0.613907 0.147502 0.0520569
557 0.613907 0.126206 0.0448407
558 0.613907 0.147153 0.0475347
559 0.613907 0.155982 0.0490855
560 0.613907 0.153088 0.053441
561 0.613907 0.151662 0.053357
562 0.613907 0.144683 0.0534593
563 0.613907 0.150704 0.0500958
564 0.613907 0.166832 0.0549897
565 0.613907 0.163356 0.0525316
566 0.613907 0.168559 0.0560265
567 0.613907 0.143289 0.0447104
568 0.613907 0.158762 0.0478787
569 0.613907 0.169127 0.0506125
570 0.613907 0.168915 0.0501112
571 0.613907 0.169789 0.0541309
572 0.613907 0.142242 0.0483205
573 0.613907 0.186614 0.0563437
574 0.613907 0.178298 0.0560704
575 0.613907 0.154665 0.0486737
576 0.613907 0.150706 0.0481474
577 0.613907 0.169159 0.0535102
578 0.613907 0.161786 0.0557026
579 0.613907 0.153003 0.0506006
580 0.613907 0.1627 0.0515868
581 0.613907 0.173982 0.0553314
582 0.613907 0.189039 0.0504147
583 0.613907 0.235664 0.0573295
584 0.613907 0.196297 0.0550061
585 0.613907 0.195374 0.0572285
586 0.613907 0.193872 0.0564874
587 0.613907 0.185725 0.05692
588 0.613907 0.170094 0.0554243
589 0.613907 0.147519 0.0477735
590 0.613907 0.180959 0.0608401
591 0.613907 0.183112 0.0592277
592 0.613907 0.180615 0.0577035
593 0.613907 0.195182 0.056062
594 0.613907 0.170905 0.0521811
595 0.613907 0.162605 0.0511369
596 0.613907 0.15064 0.0490351
597 0.613907 0.169023 0.0516563
598 0.613907 0.169015 0.0557027
599 0.613907 0.181462 0.0555721
600 0.613907 0.175643 0.0514941
601 0.613907 0.16442 0.052603
602 0.613907 0.19257 0.05068
603 0.613907 0.153038 0.0493705
604 0.613907 0.164444 0.0522045
605 0.613907 0.16032 0.0549633
606 0.613907 0.150706 0.053795
607 0.613907 0.142238 0.0521466
608 0.613907 0.131563 0.046852
609 0.613907 0.125636 0.0468679
610 0.613907 0.175671 0.0524558
611 0.613907 0.135436 0.0458432
612 0.613907 0.150068 0.0516842
613 0.613907 0.120749 0.0465486
614 0.613907 0.139924 0.0539271
615 0.613907 0.154073 0.0557588
616 0.613907 0.140682 0.0524634
617 0.613907 0.134124 0.0489845
618 0.613907 0.144362 0.0506
619 0.613907 0.131779 0.0489493
620 0.613907 0.147065 0.0540153
621 0.613907 0.136757 0.0472587
622 0.613907 0.160174 0.0510951
623 0.613907 0.148524 0.0531344
624 0.613907 0.123876 0.0472161
625 0.613907 0.119643 0.0457421
626 0.613907 0.139774 0.0489609
627 0.613907 0.145819 0.0491069
628 0.613907 0.112418 0.0434165
629 0.613907 0.126811 0.0454484
630 0.613907 0.139284 0.0504191
631 0.613907 0.152191 0.0528538
632 0.613907 0.157532 0.0539913
633 0.613907 0.144779 0.0496507
634 0.613907 0.154195 0.0521045
635 0.613907 0.152537 0.0517923
636 0.613907 0.177975 0.0529043
637 0.613907 0.176173 0.056102
638 0.613907 0.148349 0.0496892
639 0.613907 0.164597 0.0521234
640 0.613907 0.154795 0.047285
641 0.613907 0.152441 0.0487989
642 0.613907 0.154128 0.0503424
643 0.613907 0.156004 0.054031
644 0.613907 0.152719 0.051356
645 0.613907 0.151252 0.0525715
646 0.613907 0.171625 0.0550421
647 0.613907 0.158745 0.0501024
648 0.613907 0.152221 0.046592
649 0.613907 0.118329 0.0430199
650 0.613907 0.138792 0.0493015
651 0.613907 0.155056 0.0542064
652 0.613907 0.152291 0.0527589
653 0.613907 0.150138 0.0497944
654 0.613907 0.141248 0.0469402
655 0.613907 0.131869 0.0474731
656 0.613907 0.140298 0.048273
657 0.613907 0.129215 0.048713
658 0.613907 0.14275 0.0512908
659 0.613907 0.155068 0.0528685
660 0.613907 0.165781 0.0513004
661 0.613907 0.139172 0.0512796
662 0.613907 0.161039 0.0512306
663 0.613907 0.155608 0.0527872
664 0.613907 0.1687 0.0563755
665 0.613907 0.152606 0.0518538
666 0.613907 0.158689 0.0549361
667 0.613907 0.178623 0.0554378
668 0.613907 0.175556 0.0523623
669 0.613907 0.14979 0.0506418
670 0.613907 0.171816 0.0574486
671 0.613907 0.161617 0.0583675
672 0.613907 0.162575 0.0538603
673 0.613907 0.157873 0.052805
674 0.613907 0.136947 0.0445888
675 0.613907 0.150442 0.0459674
676 0.613907 0.183888 0.0541203
677 0.613907 0.166291 0.0546996
678 0.613907 0.163242 0.0555716
679 0.613907 0.16974 0.0557462
680 0.613907 0.176428 0.0495991
681 0.613907 0.185556 0.0532226
682 0.613907 0.178674 0.0556038
683 0.613907 0.196734 0.0558865
684 0.613907 0.18384 0.0532331
685 0.613907 0.158209 0.0546674
686 0.613907 0.155779 0.0535116
687 0.613907 0.154629 0.051461
688 0.613907 0.160989 0.0533079
689 0.613907 0.167708 0.0510609
690 0.613907 0.151769 0.0545043
691 0.613907 0.110162 0.0415649
692 0.613907 0.165937 0.0558022
693 0.613907 0.162782 0.0506856
694 0.613907 0.189018 0.0541189
695 0.613907 0.154853 0.0497595
696 0.613907 0.149963 0.0487385
697 0.613907 0.14535 0.0474765
698 0.613907 0.15326 0.0483007
699 0.613907 0.147728 0.0491799
700 0.613907 0.166605 0.0549104
701 0.613907 0.199962 0.0574912
702 0.613907 0.197487 0.0514744
703 0.613907 0.176488 0.0537983
704 0.613907 0.181761 0.0541755
705 0.613907 0.204999 0.0572575
706 0.613907 0.193351 0.0560923
707 0.613907 0.185671 0.0530192
708 0.613907 0.179167 0.0539824
709 0.613907 0.151964 0.0545088
710 0.613907 0.140636 0.0461124
711 0.613907 0.160903 0.0516176
712 0.613907 0.18176 0.0559726
713 0.613907 0.169616 0.0563739
714 0.613907 0.146959 0.0479679
715 0.613907 0.151482 0.0493124
716 0.613907 0.146001 0.048035
717 0.613907 0.139588 0.0463056
718 0.613907 0.10008 0.0398103
719 0.613907 0.121233 0.0482832
720 0.613907 0.136899 0.0506259
721 0.613907 0.113122 0.046102
722 0.613907 0.140922 0.0497376
723 0.613907 0.147085 0.053432
724 0.613907 0.140086 0.0525061
725 0.613907 0.157224 0.0531234
726 0.613907 0.140999 0.0478955
727 0.613907 0.129237 0.0477521
728 0.613907 0.151996 0.0533071
729 0.613907 0.147008 0.0480527
730 0.613907 0.144746 0.0509199
731 0.613907 0.15293 0.0496954
732 0.613907 0.148038 0.0532976
733 0.613907 0.156623 0.0498389
734 0.613907 0.140628 0.046659
735 0.613907 0.167596 0.0499696
736 0.613907 0.155855 0.0490071
737 0.613907 0.163982 0.0517196
738 0.613907 0.173869 0.0539655
739 0.613907 0.184187 0.0526271
740 0.613907 0.206903 0.0562133
741 0.613907 0.188731 0.0505081
742 0.613907 0.144807 0.0443409
743 0.613907 0.138576 0.0457335
744 0.613907 0.160894 0.0517815
745 0.613907 0.154378 0.0501379
746 0.613907 0.186103 0.0557966
747 0.613907 0.186597 0.0491334
748 0.613907 0.159176 0.0499997
749 0.613907 0.16968 0.0509471
750 0.613907 0.15544 0.0492371
751 0.613907 0.142397 0.0459206
752 0.613907 0.152623 0.0532786
753 0.613907 0.138261 0.0495499
754 0.613907 0.161972 0.0565072
755 0.613907 0.137212 0.0482903
756 0.613907 0.150747 0.0494874
757 0.613907 0.151434 0.0475852
758 0.613907 0.141004 0.0477951
759 0.613907 0.137327 0.048408
760 0.613907 0.144214 0.0458797
761 0.613907 0.137983 0.0457018
762 0.613907 0.132378 0.0475679
763 0.613907 0.123057 0.0470847
764 0.613907 0.142716 0.0505413
765 0.613907 0.127533 0.043078
766 0.613907 0.149317 0.0513934
767 0.613907 0.167411 0.0516119
768 0.613907 0.14936 0.0510222
769 0.613907 0.150571 0.0546381
770 0.613907 0.14986 0.0502768
771 0.613907 0.162978 0.0522371
772 0.613907 0.161351 0.0520807
773 0.613907 0.154134 0.0533623
774 0.613907 0.142616 0.0501543
775 0.613907 0.140626 0.0494227
776 0.613907 0.15457 0.0506232
777 0.613907 0.160386 0.0514883
778 0.613907 0.173697 0.0547098
779 0.613907 0.195223 0.0567767
780 0.613907 0.189224 0.0564085
781 0.613907 0.171775 0.0532743
782 0.613907 0.193803 0.0594294
783 0.613907 0.144382 0.0492612
784 0.613907 0.174878 0.0554434
785 0.613907 0.142785 0.0492874
786 0.613907 0.190058 0.0600758
787 0.613907 0.194522 0.0573666
788 0.613907 0.202164 0.0617808
789 0.613907 0.206839 0.0550182
790 0.613907 0.184532 0.0514058
791 0.613907 0.181061 0.0529687
792 0.613907 0.177185 0.0526159
793 0.613907 0.185654 0.0544547
794 0.613907 0.177253 0.0519221
795 0.613907 0.175632 0.0554259
796 0.613907 0.172334 0.050482
797 0.613907 0.166427 0.0552573
798 0.613907 0.15712 0.0486628
799 0.613907 0.15059 0.0465425
800 0.613907 0.159668 0.0488678
801 0.613907 0.175196 0.0491815
802 0.613907 0.164996 0.0520013
803 0.613907 0.177966 0.0478513
804 0.613907 0.158092 0.0480059
805 0.613907 0.164857 0.0494386
806 0.613907 0.159472 0.0516597
807 0.613907 0.13135 0.0478003
808 0.613907 0.144394 0.0508307
809 0.613907 0.161819 0.0504215
810 0.613907 0.163481 0.0497419
811 0.613907 0.177456 0.0534523
812 0.613907 0.178264 0.05814
813 0.613907 0.181389 0.0562215
814 0.613907 0.156218 0.0510161
815 0.613907 0.141547 0.0520682
816 0.613907 0.168651 0.0532351
817 0.613907 0.16665 0.0537649
818 0.613907 0.165495 0.0569364
819 0.613907 0.140339 0.0505359
820 0.613907 0.168063 0.0537455
821 0.613907 0.143879 0.0527558
822 0.613907 0.143731 0.0510606
823 0.613907 0.163172 0.0499304
824 0.613907 0.164212 0.0520668
825 0.613907 0.169066 0.0532061
826 0.613907 0.157004 0.0527915
827 0.613907 0.162479 0.0516254
828 0.613907 0.159446 0.0505088
829 0.613907 0.13226 0.0466621
830 0.613907 0.166695 0.0495863
831 0.613907 0.150459 0.0444891
832 0.613907 0.168181 0.0533624
833 0.613907 0.144218 0.0490115
834 0.613907 0.136324 0.0524516
835 0.613907 0.126654 0.0468025
836 0.613907 0.132719 0.0499389
837 0.613907 0.152454 0.05076
838 0.613907 0.177125 0.0542293
839 0.613907 0.175629 0.0549921
840 0.613907 0.150747 0.0523726
841 0.613907 0.163571 0.0542402
842 0.613907 0.139089 0.0513358
843 0.613907 0.138755 0.0492777
844 0.613907 0.131696 0.0484161
845 0.613907 0.136231 0.0509359
846 0.613907 0.133378 0.0466051
847 0.613907 0.139799 0.0487917
848 0.613907 0.167651 0.0516395
849 0.613907 0.174315 0.0522015
850 0.613907 0.156422 0.0514689
851 0.613907 0.147525 0.0510405
852 0.613907 0.154767 0.0519646
853 0.613907 0.160446 0.0524208
854 0.613907 0.143576 0.0486082
855 0.613907 0.150903 0.0499822
856 0.613907 0.126004 0.0452955
857 0.613907 0.144208 0.049624
858 0.613907 0.164554 0.0528918
859 0.613907 0.1338 0.0489672
860 0.613907 0.143011 0.0502679
861 0.613907 0.127364 0.0451537
862 0.613907 0.12707 0.045998
863 0.613907 0.133465 0.0520086
864 0.613907 0.15166 0.0499316
865 0.613907 0.177147 0.0571022
866 0.613907 0.162344 0.0514584
867 0.613907 0.150669 0.0516776
868 0.613907 0.139513 0.049882
869 0.613907 0.13627 0.0496248
870 0.613907 0.128302 0.0492637
871 0.613907 0.138369 0.0492616
872 0.613907 0.148087 0.053075
873 0.613907 0.15537 0.0550562
874 0.613907 0.191464 0.061638
875 0.613907 0.175308 0.0560551
876 0.613907 0.175666 0.052556
877 0.613907 0.172351 0.0589684
878 0.613907 0.165735 0.0579192
879 0.613907 0.154007 0.055436
880 0.613907 0.145555 0.0508036
881 0.613907 0.138191 0.0519474
882 0.613907 0.144337 0.0485942
883 0.613907 0.148519 0.0527177
884 0.613907 0.16167 0.0565832
885 0.613907 0.164353 0.0580788
886 0.613907 0.153496 0.0510527
887 0.613907 0.166459 0.0539273
888 0.613907 0.168883 0.0563549
889 0.613907 0.148724 0.0468114
890 0.613907 0.173925 0.0543497
891 0.613907 0.181092 0.0504679
892 0.613907 0.17942 0.0550659
893 0.613907 0.171358 0.0586241
894 0.613907 0.173391 0.0551641
895 0.613907 0.162259 0.0547075
896 0.613907 0.150657 0.0523855
897 0.613907 0.134525 0.0474334
898 0.613907 0.144378 0.0538607
899 0.613907 0.121466 0.0469457
900 0.613907 0.14726 0.049486
901 0.613907 0.152217 0.0546158
902 0.613907 0.149673 0.0489633
903 0.613907 0.164251 0.0510819
904 0.613907 0.1454 0.0468239
905 0.613907 0.146873 0.0501603
906 0.613907 0.148081 0.0472198
907 0.613907 0.158068 0.0514236
908 0.613907 0.156246 0.0453019
909 0.613907 0.15343 0.0504113
910 0.613907 0.133856 0.0469418
911 0.613907 0.135032 0.0475111
912 0.613907 0.123357 0.0491677
913 0.613907 0.162209 0.0523359
914 0.613907 0.165124 0.0480518
915 0.613907 0.158936 0.052554
916 0.613907 0.146763 0.0534888
917 0.613907 0.153129 0.0530318
918 0.613907 0.169211 0.0525574
919 0.613907 0.188184 0.0577531
920 0.613907 0.169783 0.054177
921 0.613907 0.16007 0.0515031
922 0.613907 0.176612 0.0556169
923 0.613907 0.161517 0.0498557
924 0.613907 0.203876 0.0582301
925 0.613907 0.16734 0.0544479
926 0.613907 0.150581 0.0546977
927 0.613907 0.160294 0.0561432
928 0.613907 0.163333 0.0544624
929 0.613907 0.174966 0.0563719
930 0.613907 0.142257 0.0485578
931 0.613907 0.145787 0.0502654
932 0.613907 0.144184 0.047336
933 0.613907 0.134511 0.0465296
934 0.613907 0.125673 0.0426829
935 0.613907 0.170267 0.0512526
936 0.613907 0.17069 0.0518272
937 0.613907 0.148136 0.051815
938 0.613907 0.135128 0.0507148
939 0.613907 0.158614 0.0525971
940 0.613907 0.162861 0.0562102
941 0.613907 0.142959 0.052234
942 0.613907 0.153285 0.0565545
943 0.613907 0.163654 0.0565144
944 0.613907 0.147987 0.0534601
945 0.613907 0.153338 0.0563711
946 0.613907 0.145424 0.0503096
947 0.613907 0.142437 0.0535383
948 0.613907 0.11803 0.048246
949 0.613907 0.118356 0.0434544
950 0.613907 0.126995 0.0463824
951 0.613907 0.125619 0.0482243
952 0.613907 0.13472 0.0513389
953 0.613907 0.140039 0.0501244
954 0.613907 0.138856 0.0486608
955 0.613907 0.145104 0.051618
956 0.613907 0.143678 0.0503361
957 0.613907 0.152216 0.0566303
958 0.613907 0.153581 0.0512696
959 0.613907 0.131645 0.0504996
960 0.613907 0.176537 0.0543048
961 0.613907 0.157899 0.0543909
962 0.613907 0.153293 0.0530563
963 0.613907 0.184915 0.0571991
964 0.613907 0.179118 0.0561272
965 0.613907 0.157561 0.0527666
966 0.613907 0.1555 0.0535851
967 0.613907 0.148323 0.0498669
968 0.613907 0.14523 0.0508699
969 0.613907 0.139732 0.0485197
970 0.613907 0.157024 0.052233
971 0.613907 0.157525 0.0502331
972 0.613907 0.156588 0.0538203
973 0.613907 0.153792 0.051118
974 0.613907 0.162205 0.0515265
975 0.613907 0.152435 0.0507195
976 0.613907 0.155737 0.0511371
977 0.613907 0.171836 0.0506014
978 0.613907 0.165566 0.0530708
979 0.613907 0.133008 0.0449756
980 0.613907 0.147538 0.0488128
981 0.613907 0.147069 0.0526918
982 0.613907 0.146508 0.0502876
983 0.613907 0.14192 0.0512984
984 0.613907 0.162305 0.0538817
985 0.613907 0.141626 0.0515538
986 0.613907 0.204212 0.0598346
987 0.613907 0.191753 0.0522505
988 0.613907 0.175267 0.053077
989 0.613907 0.192051 0.0559417
990 0.613907 0.157727 0.0498624
991 0.613907 0.148861 0.0501212
992 0.613907 0.166524 0.0499286
993 0.613907 0.179779 0.0563572
994 0.613907 0.157348 0.0474815
995 0.613907 0.189189 0.0506754
996 0.613907 0.188573 0.056029
997 0.613907 0.174925 0.0588568
998 0.613907 0.14505 0.0502226
999 0.613907 0.174507 0.0517066
1000 0.613907 0.202915 0.0533598
