0 0.125272 0.0639576 0.00393457
1 0.134866 0.0757573 0.00372907
2 0.182929 0.0836702 0.00357906
3 0.182929 0.0861045 0.00353054
4 0.190232 0.0796328 0.00389658
5 0.190232 0.0961712 0.00334145
6 0.190232 0.0968481 0.00335906
7 0.190232 0.0952406 0.00352695
8 0.376065 0.106379 0.00440382
9 0.500599 0.116941 0.00830162
9 0.536572 0.0324355 0.00835985
10 0.536572 0.0542746 0.0141827
11 0.536572 0.0562648 0.0162074
12 0.536572 0.0639886 0.0206782
13 0.536572 0.0672312 0.0232086
14 0.536572 0.0848543 0.0293673
15 0.536572 0.100097 0.0317988
16 0.546784 0.0864954 0.0301207
17 0.546784 0.0791423 0.0286751
18 0.546784 0.0824095 0.0298614
19 0.546784 0.0768368 0.0290247
20 0.546784 0.0821083 0.0312444
21 0.546784 0.0817211 0.0299729
22 0.546784 0.0779314 0.0298507
23 0.546784 0.0799456 0.0319231
24 0.546784 0.0801223 0.0310551
25 0.546784 0.105669 0.0370219
26 0.546784 0.110318 0.0406775
27 0.546784 0.0961592 0.0354312
28 0.546784 0.081369 0.0323695
29 0.550536 0.101006 0.0399931
30 0.550536 0.119897 0.0403736
31 0.550536 0.129719 0.0449584
32 0.550536 0.117709 0.040258
33 0.550536 0.121288 0.0408686
34 0.550536 0.0984004 0.03655
35 0.550536 0.124747 0.0421319
36 0.550536 0.15013 0.0503903
37 0.550536 0.147148 0.0478584
38 0.550536 0.125988 0.0410514
39 0.550536 0.152912 0.047551
40 0.550536 0.133028 0.0424601
41 0.550536 0.141615 0.0483408
42 0.561014 0.15758 0.0501441
43 0.561014 0.161727 0.0483422
44 0.561014 0.151333 0.048473
45 0.561014 0.161689 0.0484807
46 0.561014 0.179089 0.0516379
47 0.561014 0.184985 0.0481863
48 0.561014 0.170229 0.046066
49 0.561014 0.163697 0.0439131
50 0.561014 0.183438 0.0468309
51 0.561014 0.194232 0.0484735
52 0.561014 0.195514 0.0469229
53 0.561014 0.158921 0.0438629
54 0.561014 0.20209 0.0515672
55 0.562738 0.163946 0.0470277
56 0.562738 0.178199 0.0469616
57 0.562738 0.169951 0.0497649
58 0.562738 0.169407 0.0461538
59 0.570664 0.181472 0.0480604
60 0.570664 0.172352 0.0454309
61 0.571758 0.174205 0.0492703
62 0.571758 0.171622 0.0471921
63 0.573405 0.179117 0.0463716
64 0.573405 0.210099 0.0460297
65 0.573405 0.199035 0.0499511
66 0.573405 0.186154 0.0454262
67 0.573405 0.187153 0.0451155
68 0.573405 0.201112 0.0499781
69 0.573405 0.200133 0.0519286
70 0.573405 0.167602 0.0452068
71 0.573405 0.177541 0.0485675
72 0.573405 0.155518 0.0457116
73 0.576789 0.191628 0.0507911
74 0.576789 0.161811 0.0440496
75 0.576789 0.160022 0.0470147
76 0.576789 0.16626 0.0459148
77 0.576789 0.159266 0.0472821
78 0.576789 0.148069 0.0446885
79 0.576789 0.162857 0.0456402
80 0.576789 0.161976 0.04503
81 0.576789 0.192958 0.0483226
82 0.576789 0.168692 0.045272
83 0.576789 0.173445 0.0468073
84 0.576789 0.190489 0.0509147
85 0.576789 0.18753 0.0497161
86 0.576789 0.166679 0.0486275
87 0.576789 0.161519 0.0479236
88 0.576789 0.184224 0.0521663
89 0.576789 0.179673 0.0493668
90 0.576789 0.214999 0.0516504
91 0.576789 0.18224 0.0453038
92 0.576789 0.207208 0.0512384
93 0.576789 0.202884 0.0535881
94 0.576789 0.208498 0.049203
95 0.576789 0.193735 0.0520023
96 0.576789 0.187034 0.0469217
97 0.576789 0.156668 0.0451576
98 0.576789 0.168316 0.0481316
99 0.576789 0.181355 0.0486716
100 0.576789 0.157311 0.0425201
101 0.576789 0.170805 0.0482867
102 0.576789 0.184451 0.05016
103 0.576789 0.151043 0.0433865
104 0.576789 0.165765 0.0474524
105 0.576789 0.185546 0.0502002
106 0.576789 0.181512 0.0532236
107 0.576789 0.15864 0.0466103
108 0.576789 0.164587 0.0460377
109 0.576789 0.150468 0.0450684
110 0.576789 0.156862 0.0490988
111 0.576789 0.164584 0.04985
112 0.576789 0.215821 0.0505721
113 0.576789 0.181563 0.0464013
114 0.576789 0.156888 0.0492279
115 0.576789 0.159926 0.0474071
116 0.576789 0.146412 0.0450502
117 0.576789 0.14222 0.0452211
118 0.576789 0.145171 0.0443041
119 0.576789 0.159529 0.0484442
120 0.576789 0.154195 0.0470908
121 0.576789 0.152941 0.0460966
122 0.576789 0.170854 0.0475528
123 0.576789 0.164111 0.0486376
124 0.576789 0.162281 0.0493664
125 0.576789 0.175572 0.0504544
126 0.576789 0.164373 0.0482392
127 0.576789 0.17294 0.0456479
128 0.576789 0.159979 0.0478445
129 0.586577 0.166973 0.0460002
130 0.586577 0.16227 0.0486388
131 0.586577 0.186387 0.04874
132 0.586577 0.195642 0.0501695
133 0.586577 0.183065 0.0450978
134 0.586577 0.169036 0.0457035
135 0.586577 0.171025 0.0473423
136 0.586577 0.189633 0.0471159
137 0.586577 0.192608 0.0482378
138 0.586577 0.179857 0.04949
139 0.586577 0.149091 0.0496504
140 0.586577 0.17648 0.0507319
141 0.586577 0.16589 0.0479992
142 0.586577 0.193477 0.0507337
143 0.586577 0.186841 0.0478989
144 0.586577 0.179082 0.0449771
145 0.586577 0.169498 0.0432955
146 0.586577 0.192293 0.0472352
147 0.586577 0.191725 0.0487515
148 0.586577 0.203171 0.0545869
149 0.586577 0.19634 0.0503407
150 0.586577 0.179415 0.0516345
151 0.586577 0.193486 0.0483795
152 0.586577 0.19572 0.0497263
153 0.586577 0.18805 0.046905
154 0.586577 0.157373 0.0387789
155 0.586577 0.173321 0.0444193
156 0.586577 0.165391 0.049247
157 0.586577 0.152198 0.0428134
158 0.586577 0.168173 0.0462429
159 0.586577 0.186859 0.0443045
160 0.586945 0.174442 0.0494775
161 0.586945 0.188237 0.0460838
162 0.586945 0.19849 0.0486938
163 0.586945 0.184689 0.0493119
164 0.586945 0.207891 0.0504322
165 0.586945 0.202139 0.056764
166 0.586945 0.223742 0.0555618
167 0.586945 0.226012 0.0508755
168 0.586945 0.200717 0.051846
169 0.586945 0.187108 0.0500705
170 0.586945 0.184254 0.0481484
171 0.586945 0.185354 0.0495052
172 0.586945 0.178959 0.0501933
173 0.586945 0.171938 0.0476097
174 0.586945 0.177223 0.0507574
175 0.586945 0.171238 0.0459812
176 0.586945 0.197964 0.0515128
177 0.586945 0.216186 0.0515391
178 0.586945 0.182865 0.0475334
179 0.586945 0.195891 0.0525851
180 0.586945 0.181492 0.0493209
181 0.586945 0.198974 0.0480879
182 0.586945 0.200802 0.0524852
183 0.586945 0.206689 0.0510907
184 0.586945 0.168723 0.052147
185 0.586945 0.182995 0.0513788
186 0.586945 0.188356 0.0553872
187 0.586945 0.185037 0.0505324
188 0.586945 0.171941 0.0478163
189 0.586945 0.155661 0.0461544
190 0.586945 0.148446 0.0439473
191 0.586945 0.153583 0.04582
192 0.586945 0.144402 0.047023
193 0.586945 0.137665 0.0393452
194 0.586945 0.15646 0.0458278
195 0.586945 0.157731 0.0465419
196 0.586945 0.155128 0.0497904
197 0.586945 0.17437 0.0513772
198 0.586945 0.162724 0.0472982
199 0.586945 0.163902 0.0471951
200 0.586945 0.170108 0.0468821
201 0.586945 0.162833 0.03983
202 0.586945 0.151638 0.0429152
203 0.586945 0.171548 0.0508417
204 0.586945 0.175877 0.0468017
205 0.586945 0.152926 0.0438438
206 0.586945 0.157293 0.0444192
207 0.586945 0.183756 0.0491898
208 0.586945 0.173409 0.0501918
209 0.586945 0.188922 0.0467742
210 0.586945 0.190524 0.0501601
211 0.586945 0.205165 0.0506641
212 0.586945 0.190082 0.045398
213 0.586945 0.210769 0.0517769
214 0.586945 0.196342 0.0500862
215 0.586945 0.173283 0.0479228
216 0.586945 0.178908 0.0462876
217 0.586945 0.166196 0.0466689
218 0.586945 0.165491 0.0459963
219 0.586945 0.174814 0.0460201
220 0.586945 0.18117 0.0495493
221 0.586945 0.162764 0.0496681
222 0.586945 0.173809 0.0498366
223 0.586945 0.164235 0.0504211
224 0.586945 0.1545 0.0503092
225 0.586945 0.150894 0.0462473
226 0.586945 0.157316 0.0496982
227 0.586945 0.1318 0.0423803
228 0.586945 0.140212 0.0446289
229 0.586945 0.145985 0.0437487
230 0.586945 0.134869 0.04128
231 0.586945 0.159373 0.0454703
232 0.586945 0.17583 0.0481494
233 0.586945 0.177019 0.0493813
234 0.586945 0.174498 0.0534191
235 0.586945 0.196605 0.0556711
236 0.587398 0.186488 0.052972
237 0.587398 0.185832 0.050997
238 0.587398 0.173206 0.0442277
239 0.587398 0.170657 0.0443425
240 0.587398 0.191245 0.0492482
241 0.587398 0.149631 0.0439638
242 0.587398 0.166168 0.0481666
243 0.587398 0.15566 0.0447089
244 0.587398 0.166062 0.0456796
245 0.587398 0.190408 0.0492738
246 0.587398 0.176117 0.0513094
247 0.587398 0.159605 0.0438088
248 0.587398 0.17054 0.0499012
249 0.587398 0.155841 0.0450451
250 0.587398 0.181421 0.0496924
251 0.587398 0.174151 0.0529919
252 0.587398 0.179579 0.0539417
253 0.587398 0.184177 0.051918
254 0.587398 0.141202 0.046119
255 0.587398 0.124607 0.0387102
256 0.587398 0.152858 0.0442953
257 0.587398 0.160602 0.0465427
258 0.587398 0.151331 0.0458456
259 0.587398 0.145624 0.0463095
260 0.587398 0.153085 0.0451181
261 0.587398 0.163353 0.0452446
262 0.587398 0.19113 0.0546138
263 0.587398 0.201178 0.0550145
264 0.587398 0.187916 0.053212
265 0.587398 0.153764 0.0490741
266 0.587398 0.148403 0.0452381
267 0.587398 0.143822 0.042295
268 0.587398 0.152392 0.0408948
269 0.587398 0.155435 0.0465984
270 0.587398 0.152691 0.0441384
271 0.587398 0.134654 0.0424554
272 0.587398 0.157816 0.0455907
273 0.587398 0.170795 0.0478203
274 0.587398 0.195704 0.0534873
275 0.587398 0.187184 0.0511823
276 0.587398 0.201789 0.0552804
277 0.587398 0.178374 0.0500347
278 0.587398 0.174669 0.0538128
279 0.587398 0.152303 0.0483876
280 0.587398 0.169179 0.0465457
281 0.587398 0.160887 0.0473122
282 0.587398 0.166667 0.0474782
283 0.587398 0.159006 0.0460485
284 0.587398 0.152345 0.0426296
285 0.587398 0.169502 0.0456002
286 0.587398 0.159965 0.0470208
287 0.587398 0.171891 0.0493539
288 0.587398 0.144085 0.0454988
289 0.587398 0.160607 0.0463806
290 0.587398 0.17158 0.051138
291 0.587398 0.157883 0.0485837
292 0.587398 0.160827 0.045244
293 0.587398 0.169539 0.0430394
294 0.587398 0.155267 0.040546
295 0.587398 0.158347 0.0420699
296 0.587398 0.170829 0.043618
297 0.587398 0.1775 0.0468779
298 0.587398 0.127145 0.0414403
299 0.587398 0.135601 0.0445338
300 0.587398 0.13191 0.0412443
301 0.587398 0.127815 0.0423439
302 0.587398 0.160387 0.0494024
303 0.587398 0.156503 0.0468123
304 0.587398 0.161152 0.0496015
305 0.587398 0.160763 0.051153
306 0.587398 0.14201 0.0473187
307 0.587398 0.137901 0.0433289
308 0.587398 0.142 0.044241
309 0.587398 0.154004 0.0461647
310 0.587398 0.15332 0.0501752
311 0.587398 0.17465 0.052944
312 0.587398 0.155922 0.0461302
313 0.587398 0.159617 0.0469465
314 0.587398 0.17515 0.0497899
315 0.587398 0.158149 0.0482358
316 0.587398 0.168326 0.0490908
317 0.587398 0.148909 0.0485022
318 0.587398 0.168595 0.0503648
319 0.587398 0.144162 0.045622
320 0.587398 0.158612 0.0471885
321 0.587398 0.147486 0.0447573
322 0.587398 0.180045 0.0510149
323 0.587398 0.174874 0.0512506
324 0.587398 0.147273 0.0477896
325 0.587398 0.174213 0.0501088
326 0.587398 0.177588 0.04932
327 0.587398 0.143451 0.0473163
328 0.587398 0.144722 0.0455724
329 0.587398 0.159602 0.0457687
330 0.587398 0.139748 0.0413088
331 0.587398 0.149551 0.0426293
332 0.587398 0.147676 0.0455965
333 0.587398 0.167935 0.045491
334 0.587398 0.154941 0.0443218
335 0.587398 0.159181 0.0451417
336 0.587398 0.145601 0.0479425
337 0.587398 0.158253 0.0515292
338 0.587398 0.153756 0.0446449
339 0.587398 0.155584 0.0446478
340 0.587398 0.162037 0.0479315
341 0.587398 0.155816 0.0474409
342 0.587398 0.15154 0.0445855
343 0.587398 0.180414 0.0496351
344 0.587398 0.187253 0.0496956
345 0.587398 0.156 0.0467948
346 0.587398 0.149404 0.0462496
347 0.587398 0.151547 0.0449365
348 0.587398 0.147422 0.0440406
349 0.587398 0.149912 0.0467016
350 0.587398 0.150667 0.0463386
351 0.587398 0.178125 0.0501539
352 0.587398 0.154507 0.051947
353 0.587398 0.173328 0.0505635
354 0.587398 0.173026 0.0484917
355 0.587398 0.20317 0.0500793
356 0.587398 0.196184 0.0495859
357 0.587398 0.187194 0.0503193
358 0.587398 0.143739 0.0437071
359 0.587398 0.172006 0.0490956
360 0.587398 0.168915 0.0461803
361 0.587398 0.170283 0.0504005
362 0.587398 0.17505 0.0489813
363 0.587398 0.171578 0.0454999
364 0.587398 0.166916 0.0497577
365 0.587398 0.155501 0.0499932
366 0.587398 0.173228 0.0501633
367 0.587398 0.162772 0.0477875
368 0.587398 0.16727 0.0502779
369 0.587398 0.185266 0.0462807
370 0.587398 0.146209 0.0439432
371 0.587398 0.167488 0.0503529
372 0.587398 0.151979 0.0498809
373 0.587398 0.162895 0.0494671
374 0.587398 0.153435 0.0492322
375 0.587398 0.199186 0.0470302
376 0.587398 0.193724 0.0478617
377 0.587398 0.173991 0.0472093
378 0.587398 0.201267 0.0495927
379 0.587398 0.209877 0.0507842
380 0.587398 0.206499 0.0542808
381 0.587398 0.212274 0.0550544
382 0.587398 0.202669 0.0482981
383 0.587398 0.189825 0.0477918
384 0.587398 0.199524 0.0484383
385 0.587398 0.211613 0.0496561
386 0.587398 0.183682 0.0478379
387 0.587398 0.166028 0.0507114
388 0.587398 0.201879 0.0502898
389 0.587398 0.19968 0.0511548
390 0.587398 0.193539 0.0504294
391 0.587398 0.16109 0.0475237
392 0.587398 0.155469 0.0455684
393 0.587398 0.162254 0.0459164
394 0.587398 0.16803 0.0440786
395 0.587398 0.169347 0.0467119
396 0.587398 0.147047 0.0429746
397 0.587398 0.164006 0.0476614
398 0.587398 0.134476 0.0405996
399 0.587398 0.153317 0.0462177
400 0.587398 0.168469 0.0468578
401 0.587398 0.192958 0.0504482
402 0.587398 0.174223 0.0484967
403 0.587398 0.157434 0.0433025
404 0.587398 0.176588 0.0496069
405 0.587398 0.149547 0.0439004
406 0.587398 0.171753 0.0462032
407 0.587398 0.162359 0.0474646
408 0.587398 0.152825 0.0444014
409 0.587398 0.149213 0.0442117
410 0.587398 0.13729 0.0397646
411 0.587398 0.132898 0.0438047
412 0.587398 0.135669 0.0416303
413 0.587398 0.141886 0.0480588
414 0.587398 0.158254 0.0456006
415 0.587398 0.181301 0.0528709
416 0.587398 0.160162 0.0467207
417 0.587398 0.157575 0.042309
418 0.587398 0.139705 0.0390933
419 0.587398 0.144964 0.0434748
420 0.587398 0.165909 0.0501799
421 0.587398 0.156621 0.0495527
422 0.587398 0.158045 0.0490494
423 0.587398 0.120651 0.0416689
424 0.587398 0.121401 0.0417325
425 0.587398 0.127701 0.0455457
426 0.587398 0.12091 0.0412395
427 0.587398 0.146232 0.0481197
428 0.587398 0.158324 0.0512975
429 0.587398 0.173849 0.0552569
430 0.587398 0.172617 0.0528061
431 0.587398 0.150489 0.0468553
432 0.587398 0.140597 0.0450519
433 0.587398 0.164373 0.0478095
434 0.587398 0.166268 0.0492434
435 0.587398 0.158789 0.0463876
436 0.587398 0.140519 0.0447482
437 0.587398 0.138211 0.0470717
438 0.587398 0.14538 0.0493631
439 0.587398 0.141016 0.0476906
440 0.587398 0.140006 0.045461
441 0.587398 0.154484 0.0464594
442 0.587398 0.162524 0.0525189
443 0.587398 0.174329 0.0533586
444 0.587398 0.168617 0.0527931
445 0.587398 0.196501 0.0497747
446 0.587398 0.160884 0.0485554
447 0.587398 0.171805 0.0443041
448 0.587398 0.162634 0.0451448
449 0.587398 0.147059 0.0412482
450 0.587398 0.152802 0.047588
451 0.587398 0.159008 0.0508989
452 0.587398 0.140412 0.0453485
453 0.587398 0.153806 0.0445978
454 0.587398 0.159224 0.0494982
455 0.587398 0.152835 0.0447074
456 0.587398 0.186428 0.0497357
457 0.587398 0.168874 0.0408825
458 0.587398 0.199941 0.051781
459 0.587398 0.188345 0.0500644
460 0.587398 0.166744 0.044227
461 0.587398 0.153451 0.0465094
462 0.587398 0.189565 0.0501166
463 0.587398 0.197431 0.0480939
464 0.587398 0.188618 0.048465
465 0.587398 0.173166 0.0479555
466 0.587398 0.176873 0.0530567
467 0.587398 0.187985 0.0512877
468 0.587398 0.171342 0.0482098
469 0.587398 0.200966 0.0446419
470 0.587398 0.191306 0.0520226
471 0.587398 0.179374 0.0488984
472 0.587398 0.150664 0.050947
473 0.587398 0.152507 0.0471726
474 0.587398 0.154721 0.0470811
475 0.587398 0.159974 0.047896
476 0.587398 0.166478 0.0489916
477 0.587398 0.164498 0.04742
478 0.587398 0.159 0.0489756
479 0.587398 0.140712 0.0446509
480 0.587398 0.151965 0.0452781
481 0.587398 0.149543 0.0468733
482 0.587398 0.148499 0.0452873
483 0.587398 0.160271 0.050153
484 0.587398 0.116396 0.0403122
485 0.587398 0.148218 0.0446354
486 0.587398 0.150149 0.0436509
487 0.587398 0.142369 0.0447531
488 0.587398 0.142655 0.0424801
489 0.587398 0.143818 0.0421292
490 0.587398 0.151409 0.0412091
491 0.587398 0.151785 0.0411937
492 0.587398 0.175097 0.0440783
493 0.587398 0.172159 0.0473513
494 0.587398 0.148949 0.0444977
495 0.587398 0.143962 0.0445931
496 0.587398 0.154491 0.0448746
497 0.587398 0.136173 0.0429288
498 0.587398 0.162328 0.0438344
499 0.587398 0.153996 0.0472759
500 0.587398 0.142957 0.0444654
501 0.587398 0.142602 0.0440733
502 0.587398 0.148448 0.0465424
503 0.587398 0.162591 0.0481393
504 0.587398 0.169073 0.049984
505 0.587398 0.178525 0.0489193
506 0.587398 0.154635 0.0450653
507 0.587398 0.168374 0.0492776
508 0.587398 0.182978 0.0481647
509 0.587398 0.179299 0.0433409
510 0.587398 0.168469 0.0454489
511 0.587398 0.161282 0.0442252
512 0.587398 0.155586 0.0440628
513 0.587398 0.171762 0.0481125
514 0.587398 0.175361 0.0499979
515 0.587398 0.154173 0.046243
516 0.587398 0.171643 0.047812
517 0.587398 0.164258 0.0484189
518 0.587398 0.144615 0.0484011
519 0.587398 0.141225 0.043507
520 0.587398 0.141922 0.0471714
521 0.587398 0.163855 0.0470948
522 0.587398 0.164181 0.0441609
523 0.587398 0.178117 0.0493743
524 0.587398 0.183254 0.0507757
525 0.587398 0.169122 0.0485172
526 0.587398 0.177503 0.047645
527 0.587398 0.173988 0.0471826
528 0.587398 0.17429 0.0489192
529 0.587398 0.165125 0.0453954
530 0.587398 0.161359 0.0481226
531 0.587398 0.160154 0.0463902
532 0.587398 0.192537 0.0514077
533 0.587398 0.152478 0.046337
534 0.587398 0.150837 0.0426467
535 0.587398 0.177146 0.0428951
536 0.587398 0.161614 0.0436216
537 0.587398 0.158699 0.0455949
538 0.587398 0.159006 0.0457021
539 0.587398 0.172919 0.0478749
540 0.587398 0.201806 0.0462634
541 0.587398 0.18174 0.0509457
542 0.587398 0.141899 0.0460281
543 0.587398 0.174281 0.0457263
544 0.587398 0.172915 0.0505555
545 0.587398 0.1838 0.0527091
546 0.587398 0.186994 0.0517168
547 0.587398 0.190913 0.0521597
548 0.587398 0.161391 0.0453439
549 0.587398 0.164017 0.0447371
550 0.587398 0.180797 0.0443876
551 0.587398 0.178496 0.0456442
552 0.587398 0.16619 0.0486156
553 0.587398 0.187753 0.0552517
554 0.587398 0.166809 0.0465808
555 0.587398 0.185593 0.0512652
556 0.587398 0.16336 0.0452834
557 0.587398 0.185969 0.0490619
558 0.587398 0.189173 0.051317
559 0.587398 0.174215 0.0484234
560 0.587398 0.193046 0.051224
561 0.587398 0.192965 0.0508838
562 0.587398 0.173099 0.0463698
563 0.587398 0.173223 0.0479015
564 0.587398 0.152848 0.0472292
565 0.587398 0.158494 0.0490762
566 0.587398 0.152966 0.0486508
567 0.587398 0.138533 0.0446276
568 0.587398 0.139885 0.0434842
569 0.587398 0.169097 0.0540889
570 0.587398 0.150997 0.0490949
571 0.587398 0.136565 0.0445946
572 0.587398 0.14641 0.0446762
573 0.587398 0.160637 0.0459621
574 0.587398 0.150827 0.0450492
575 0.587398 0.153432 0.0442806
576 0.587398 0.167879 0.0456495
577 0.587398 0.15942 0.0477306
578 0.587398 0.156083 0.0435406
579 0.587398 0.16909 0.044276
580 0.587398 0.174641 0.0439371
581 0.587398 0.174839 0.0457415
582 0.587398 0.173093 0.0464663
583 0.587398 0.170126 0.0449233
584 0.587398 0.171651 0.0455816
585 0.587398 0.156755 0.0474125
586 0.587398 0.149113 0.0465805
587 0.587398 0.156599 0.0478808
588 0.587398 0.139643 0.0423834
589 0.587398 0.167983 0.0473308
590 0.587398 0.175516 0.0467046
591 0.587398 0.183057 0.0465715
592 0.587398 0.193612 0.0492582
593 0.587398 0.191727 0.0509257
594 0.587398 0.193773 0.0459083
595 0.587398 0.174395 0.0445444
596 0.587398 0.185425 0.0400646
597 0.587398 0.203735 0.0469428
598 0.587398 0.161318 0.048903
599 0.587398 0.18092 0.048162
600 0.587398 0.165126 0.0486185
601 0.587398 0.148304 0.0453486
602 0.587398 0.181735 0.0467712
603 0.587398 0.161887 0.0464419
604 0.587398 0.144431 0.0444601
605 0.587398 0.156978 0.0424439
606 0.587398 0.153585 0.0474335
607 0.587398 0.151076 0.0461877
608 0.587398 0.167769 0.0490596
609 0.587398 0.17295 0.0466743
610 0.587398 0.164297 0.0449837
611 0.587398 0.150892 0.0452464
612 0.587398 0.144368 0.0438629
613 0.587398 0.141506 0.0396912
614 0.587398 0.163248 0.0493908
615 0.587398 0.174705 0.0508398
616 0.587398 0.167132 0.0505402
617 0.587398 0.146958 0.0421602
618 0.587398 0.150324 0.047216
619 0.587398 0.151856 0.0501205
620 0.587398 0.159005 0.046198
621 0.587398 0.144801 0.0499205
622 0.587398 0.177354 0.0595453
623 0.587398 0.160458 0.0547068
624 0.587398 0.184448 0.0553439
625 0.587398 0.186227 0.0535537
626 0.587398 0.179342 0.0499337
627 0.587398 0.181554 0.0492207
628 0.587398 0.160265 0.0493625
629 0.587398 0.188155 0.0497265
630 0.587398 0.173978 0.0519998
631 0.587398 0.152681 0.0467018
632 0.587398 0.15054 0.0464534
633 0.587398 0.164181 0.0453395
634 0.587398 0.163999 0.047303
635 0.587398 0.182794 0.0518648
636 0.587398 0.154089 0.048557
637 0.587398 0.143725 0.0448588
638 0.587398 0.166584 0.0500272
639 0.587398 0.163742 0.0489085
640 0.587398 0.167883 0.0470529
641 0.587398 0.178786 0.050784
642 0.587398 0.147582 0.0478734
643 0.587398 0.176319 0.0497538
644 0.587398 0.16611 0.049789
645 0.587398 0.184208 0.0501881
646 0.587398 0.184994 0.051368
647 0.587398 0.144036 0.0451169
648 0.587398 0.142191 0.0455803
649 0.587398 0.127086 0.0394829
650 0.587398 0.166333 0.0484002
651 0.587398 0.16856 0.0484358
652 0.587398 0.188716 0.0460651
653 0.587398 0.187294 0.0510727
654 0.587398 0.201787 0.0484543
655 0.587398 0.186173 0.0483679
656 0.587398 0.206445 0.0460739
657 0.587398 0.177418 0.0428009
658 0.587398 0.171844 0.0424089
659 0.587398 0.157858 0.0481503
660 0.587398 0.1552 0.0458478
661 0.587398 0.165849 0.0488745
662 0.587398 0.165611 0.0471426
663 0.587398 0.158146 0.0451216
664 0.587398 0.173642 0.0468307
665 0.587398 0.152657 0.0462465
666 0.587398 0.184197 0.0439699
667 0.587398 0.169016 0.0433442
668 0.587398 0.200513 0.051587
669 0.587398 0.18449 0.04743
670 0.587398 0.16573 0.0477706
671 0.587398 0.160689 0.0453871
672 0.587398 0.153212 0.0435166
673 0.587398 0.1686 0.047029
674 0.587398 0.159896 0.0433856
675 0.587398 0.161658 0.0431829
676 0.587398 0.168107 0.0480398
677 0.587398 0.194385 0.0513535
678 0.587398 0.18936 0.0520037
679 0.587398 0.184157 0.0516412
680 0.587398 0.170211 0.0495013
681 0.587398 0.182314 0.0451123
682 0.587398 0.179869 0.0488473
683 0.587398 0.177487 0.0540499
684 0.587398 0.158845 0.0477958
685 0.587398 0.156737 0.0467647
686 0.587398 0.170196 0.0481107
687 0.587398 0.172315 0.0488818
688 0.587398 0.198571 0.051705
689 0.587398 0.162968 0.0429067
690 0.587398 0.173417 0.0452252
691 0.587398 0.176405 0.0497306
692 0.587398 0.150633 0.0469918
693 0.587398 0.142586 0.0457384
694 0.587398 0.13869 0.0432934
695 0.587398 0.16601 0.0441226
696 0.587398 0.203444 0.0447225
697 0.587398 0.186501 0.0452077
698 0.587398 0.166555 0.0453612
699 0.587398 0.160446 0.0464949
700 0.587398 0.167618 0.0497284
701 0.587398 0.139868 0.0407982
702 0.587398 0.126716 0.041367
703 0.587398 0.162322 0.0492507
704 0.587398 0.15983 0.0474082
705 0.587398 0.173916 0.0461028
706 0.587398 0.155011 0.0453877
707 0.587398 0.156211 0.0461611
708 0.587398 0.158506 0.0425025
709 0.587398 0.17282 0.0467845
710 0.587398 0.194187 0.050713
711 0.587398 0.189512 0.049255
712 0.587398 0.190457 0.0523547
713 0.587398 0.166123 0.0471541
714 0.587398 0.147383 0.0476383
715 0.587398 0.129328 0.0433723
716 0.587398 0.157951 0.0472193
717 0.587398 0.156281 0.0477591
718 0.587398 0.14799 0.0472688
719 0.587398 0.161613 0.0512307
720 0.587398 0.129065 0.0437355
721 0.587398 0.150424 0.0470162
722 0.587398 0.147345 0.0463372
723 0.587398 0.135248 0.0452799
724 0.587398 0.134897 0.0443593
725 0.587398 0.138841 0.0446837
726 0.587398 0.143465 0.0477299
727 0.587398 0.16781 0.047256
728 0.587398 0.160393 0.0463125
729 0.587398 0.162301 0.0437602
730 0.587398 0.178698 0.0511311
731 0.587398 0.158802 0.0502478
732 0.587398 0.162179 0.0455475
733 0.587398 0.160143 0.0463171
734 0.587398 0.172121 0.0464309
735 0.587398 0.193518 0.0517889
736 0.587398 0.166851 0.0498293
737 0.587398 0.149207 0.0468527
738 0.587398 0.136418 0.0450654
739 0.587398 0.122033 0.0417049
740 0.587398 0.140707 0.0436928
741 0.587398 0.168871 0.0484287
742 0.587398 0.165427 0.0451776
743 0.587398 0.156146 0.0439967
744 0.587398 0.17863 0.0505179
745 0.587398 0.187578 0.050018
746 0.587398 0.185623 0.0494022
747 0.587398 0.155151 0.0436494
748 0.587398 0.150667 0.0427072
749 0.587398 0.163735 0.0473199
750 0.587398 0.155606 0.0501985
751 0.587398 0.149296 0.0443818
752 0.587398 0.157201 0.0459788
753 0.587398 0.140296 0.0466551
754 0.587398 0.136893 0.0465781
755 0.587398 0.136622 0.0426922
756 0.587398 0.161161 0.049428
757 0.587398 0.16306 0.046846
758 0.587398 0.154465 0.0470462
759 0.587398 0.166985 0.0506489
760 0.587398 0.152158 0.0495042
761 0.587398 0.147625 0.0459593
762 0.587398 0.138536 0.0415169
763 0.587398 0.153995 0.0461087
764 0.587398 0.175532 0.0489831
765 0.587398 0.175934 0.0502414
766 0.587398 0.169372 0.0472887
767 0.587398 0.156909 0.0442426
768 0.587398 0.173391 0.0471812
769 0.587398 0.175568 0.0496558
770 0.587398 0.166856 0.0468965
771 0.587398 0.149512 0.0449837
772 0.587398 0.179529 0.0516893
773 0.587398 0.144918 0.0456316
774 0.587398 0.14282 0.0476632
775 0.587398 0.126055 0.0446225
776 0.587398 0.154428 0.0498732
777 0.587398 0.158516 0.0490007
778 0.587398 0.1589 0.0481544
779 0.587398 0.158294 0.0466
780 0.587398 0.160142 0.0492089
781 0.587398 0.171794 0.0519789
782 0.587398 0.172935 0.0509083
783 0.587398 0.168921 0.0495026
784 0.587398 0.183924 0.0479087
785 0.587398 0.162976 0.0455088
786 0.587398 0.179391 0.0473594
787 0.587398 0.17039 0.0451011
788 0.587398 0.178053 0.047651
789 0.587398 0.154696 0.0429009
790 0.587398 0.162701 0.0431672
791 0.587398 0.175707 0.049791
792 0.587398 0.191579 0.050095
793 0.587398 0.164179 0.0493785
794 0.587398 0.151296 0.0463619
795 0.587398 0.157722 0.044268
796 0.587398 0.176131 0.0490713
797 0.587398 0.198264 0.048506
798 0.587398 0.197008 0.049162
799 0.587398 0.183261 0.0476652
800 0.587398 0.204342 0.0537925
801 0.587398 0.14144 0.0447554
802 0.587398 0.13817 0.0446731
803 0.587398 0.141104 0.0450427
804 0.587398 0.183683 0.049006
805 0.587398 0.152316 0.0461207
806 0.587398 0.13581 0.0446132
807 0.587398 0.170963 0.0455714
808 0.587398 0.162044 0.0437526
809 0.587398 0.161766 0.0466509
810 0.587398 0.179704 0.0511715
811 0.587398 0.166154 0.0481008
812 0.587398 0.133422 0.0405803
813 0.587398 0.145624 0.043484
814 0.587398 0.172863 0.0477605
815 0.587398 0.169526 0.0466025
816 0.587398 0.176788 0.051057
817 0.587398 0.174338 0.0480429
818 0.587398 0.184076 0.0469586
819 0.587398 0.205297 0.0490846
820 0.587398 0.176408 0.0473458
821 0.587398 0.156319 0.0443487
822 0.587398 0.146143 0.0440423
823 0.587398 0.161383 0.050508
824 0.587398 0.133351 0.0446018
825 0.587398 0.150178 0.0493422
826 0.587398 0.163211 0.0486591
827 0.587398 0.156492 0.0468482
828 0.587398 0.126595 0.0433485
829 0.587398 0.134413 0.0455247
830 0.587398 0.152735 0.0493492
831 0.587398 0.159086 0.048301
832 0.587398 0.160829 0.0471313
833 0.587398 0.14273 0.04662
834 0.587398 0.151864 0.0481927
835 0.587398 0.152292 0.0455342
836 0.587398 0.122291 0.0421601
837 0.587398 0.134818 0.039125
838 0.587398 0.13421 0.0462308
839 0.587398 0.136379 0.0458269
840 0.587398 0.149191 0.0461145
841 0.587398 0.148677 0.0455643
842 0.587398 0.1473 0.0444706
843 0.587398 0.133954 0.0450437
844 0.587398 0.152395 0.0457463
845 0.587398 0.143753 0.0419917
846 0.587398 0.142704 0.0423811
847 0.587398 0.140933 0.042924
848 0.587398 0.13712 0.0450411
849 0.587398 0.145972 0.0428789
850 0.587398 0.160752 0.0453988
851 0.587398 0.170681 0.0521919
852 0.587398 0.161207 0.0481286
853 0.587398 0.174844 0.0483168
854 0.587398 0.164955 0.0480523
855 0.587398 0.144029 0.0475706
856 0.587398 0.139233 0.0475263
857 0.587398 0.151679 0.0498576
858 0.587398 0.123652 0.0402085
859 0.587398 0.129268 0.0448899
860 0.587398 0.123628 0.0420382
861 0.587398 0.125693 0.0416434
862 0.587398 0.154572 0.0465898
863 0.587398 0.169148 0.0520403
864 0.587398 0.153555 0.0462005
865 0.587398 0.173687 0.0518563
866 0.587398 0.152986 0.0484643
867 0.587398 0.158411 0.0496091
868 0.587398 0.139574 0.0415891
869 0.587398 0.149599 0.0486486
870 0.587398 0.146415 0.0441986
871 0.587398 0.151257 0.0474165
872 0.587398 0.157218 0.0451863
873 0.587398 0.147766 0.0484087
874 0.587398 0.173823 0.0495446
875 0.587398 0.168001 0.0521721
876 0.587398 0.193639 0.0493183
877 0.587398 0.162479 0.0432057
878 0.587398 0.158083 0.0465721
879 0.587398 0.155988 0.046618
880 0.587398 0.168417 0.0449837
881 0.587398 0.159223 0.0483125
882 0.587398 0.165024 0.0500926
883 0.587398 0.151326 0.045207
884 0.587398 0.152428 0.0456444
885 0.587398 0.146949 0.0468417
886 0.587398 0.155677 0.0472632
887 0.587398 0.159249 0.0506798
888 0.587398 0.137433 0.0469181
889 0.587398 0.162828 0.0523017
890 0.587398 0.146906 0.0448961
891 0.587398 0.146461 0.0481968
892 0.587398 0.143826 0.0447698
893 0.587398 0.1603 0.0462072
894 0.587398 0.154501 0.0452283
895 0.587398 0.153283 0.0461306
896 0.587398 0.144064 0.0464684
897 0.587398 0.145948 0.0437772
898 0.587398 0.129144 0.0395133
899 0.587398 0.146441 0.0478528
900 0.587398 0.177082 0.05068
901 0.587398 0.183964 0.0510337
902 0.587398 0.144195 0.0453492
903 0.587398 0.14906 0.0437481
904 0.587398 0.178167 0.054701
905 0.587398 0.183923 0.0540008
906 0.587398 0.15055 0.0486474
907 0.587398 0.157285 0.0481803
908 0.587398 0.149217 0.0478992
909 0.587398 0.163217 0.0474874
910 0.587398 0.16494 0.0489684
911 0.587398 0.148612 0.0439905
912 0.587398 0.160079 0.0458171
913 0.587398 0.156929 0.0448017
914 0.587398 0.163627 0.0445779
915 0.587398 0.169243 0.0530566
916 0.587398 0.129726 0.0411996
917 0.587398 0.149017 0.0478135
918 0.587398 0.157436 0.0460877
919 0.587398 0.176922 0.0526852
920 0.587398 0.161034 0.0492269
921 0.587398 0.150539 0.0457931
922 0.587398 0.163458 0.0469379
923 0.587398 0.162565 0.0473961
924 0.587398 0.182846 0.0505371
925 0.587398 0.145212 0.0441555
926 0.587398 0.168999 0.0458618
927 0.587398 0.120889 0.0399984
928 0.587398 0.117899 0.043338
929 0.587398 0.137688 0.0480521
930 0.587398 0.172383 0.0534334
931 0.587398 0.190592 0.0562726
932 0.587398 0.188183 0.0493818
933 0.587398 0.156933 0.0473082
934 0.587398 0.144416 0.0473271
935 0.587398 0.165135 0.0487073
936 0.587398 0.174205 0.0508509
937 0.587398 0.154798 0.0477442
938 0.587398 0.166186 0.0487074
939 0.587398 0.184558 0.0487719
940 0.587398 0.152425 0.0444485
941 0.587398 0.161114 0.0444883
942 0.587398 0.166103 0.0458988
943 0.587398 0.172532 0.0430007
944 0.587398 0.162767 0.0447286
945 0.587398 0.162462 0.0473166
946 0.587398 0.177092 0.0466993
947 0.587398 0.156962 0.0436629
948 0.587398 0.156763 0.0477546
949 0.587398 0.167703 0.0482065
950 0.587398 0.148173 0.0473323
951 0.587398 0.151245 0.0485457
952 0.587398 0.148026 0.0476646
953 0.587398 0.141986 0.0475931
954 0.587398 0.147519 0.0469783
955 0.587398 0.150687 0.0438674
956 0.587398 0.152895 0.0443959
957 0.587398 0.156004 0.0469498
958 0.587398 0.155104 0.0514677
959 0.587398 0.164711 0.0499833
960 0.587398 0.168477 0.0459695
961 0.587398 0.190264 0.0485549
962 0.587398 0.153047 0.0470226
963 0.587398 0.176501 0.0476087
964 0.587398 0.199826 0.0444847
965 0.587398 0.196557 0.0449291
966 0.587398 0.191307 0.0453157
967 0.587398 0.185617 0.0498845
968 0.587398 0.177561 0.0472103
969 0.587398 0.187813 0.0440619
970 0.587398 0.174351 0.0436058
971 0.587398 0.169495 0.0432654
972 0.587398 0.17055 0.0455815
973 0.587398 0.179064 0.0489163
974 0.587398 0.181538 0.0489595
975 0.587398 0.175885 0.0470205
976 0.587398 0.194934 0.0465171
977 0.587398 0.196455 0.0450563
978 0.587398 0.205567 0.0479183
979 0.587398 0.195742 0.0415544
980 0.587398 0.205419 0.0498636
981 0.587398 0.190769 0.0496973
982 0.587398 0.164358 0.0451562
983 0.587398 0.189109 0.0516675
984 0.587398 0.1792 0.0502086
985 0.587398 0.146567 0.0447008
986 0.587398 0.150289 0.0412421
987 0.587398 0.190496 0.0485693
988 0.587398 0.168917 0.0442385
989 0.587398 0.151455 0.0462437
990 0.587398 0.137078 0.0459886
991 0.587398 0.169342 0.0491662
992 0.587398 0.180654 0.0527214
993 0.587398 0.163926 0.0473793
994 0.587398 0.136157 0.0460271
995 0.587398 0.156593 0.0486988
996 0.587398 0.130306 0.0445948
997 0.587398 0.152183 0.0476201
998 0.587398 0.134719 0.0458457
999 0.587398 0.180632 0.0527297
1000 0.587398 0.182736 0.0486561
