0 0.125266 0.0553001 0.00387385
1 0.125275 0.0713534 0.00387131
2 0.384007 0.0831859 0.00448666
3 0.411299 0.0929426 0.00513446
4 0.411299 0.0959482 0.00498305
5 0.449879 0.100096 0.00614004
6 0.449879 0.103099 0.0071084
7 0.449879 0.10477 0.00690647
8 0.449879 0.112636 0.00747796
9 0.449879 0.112718 0.00869996
10 0.449879 0.118661 0.00921593
11 0.449879 0.121809 0.00906434
12 0.449879 0.132778 0.00882636
13 0.449879 0.124163 0.0108629
14 0.449879 0.137946 0.0127855
15 0.463394 0.139849 0.015147
16 0.500126 0.148963 0.0153221
16 0.468175 0.0673172 0.0187193
17 0.468175 0.066819 0.0183905
18 0.468175 0.0600366 0.0173264
19 0.538275 0.0847312 0.0265568
20 0.542283 0.0766808 0.0252133
21 0.542283 0.088067 0.0282893
22 0.542283 0.073633 0.027076
23 0.542283 0.0901859 0.0293702
24 0.542283 0.08559 0.0290412
25 0.542283 0.0903427 0.0307954
26 0.542283 0.0929968 0.0324118
27 0.542283 0.0876982 0.0287135
28 0.542283 0.0940977 0.0316571
29 0.542283 0.0969087 0.0314451
30 0.542283 0.0887747 0.0294566
31 0.545138 0.103305 0.0340712
32 0.545138 0.104851 0.0334668
33 0.545138 0.110827 0.037072
34 0.545138 0.111679 0.0381202
35 0.561414 0.112517 0.0390032
36 0.561414 0.109823 0.0368545
37 0.561414 0.125879 0.0380648
38 0.561414 0.141406 0.0430906
39 0.561414 0.125377 0.0390153
40 0.56232 0.144114 0.0447294
41 0.56232 0.128703 0.0391079
42 0.56232 0.128215 0.0430237
43 0.569213 0.143823 0.0425764
44 0.581474 0.172173 0.0478916
45 0.581474 0.164523 0.0451907
46 0.581474 0.176002 0.0422126
47 0.581474 0.158882 0.0422337
48 0.581474 0.153173 0.0396118
49 0.581474 0.156028 0.0403507
50 0.581474 0.16401 0.0421004
51 0.581474 0.176799 0.0453046
52 0.581474 0.171066 0.0424712
53 0.581474 0.194153 0.0434625
54 0.581474 0.1977 0.0480743
55 0.581474 0.189435 0.045248
56 0.581474 0.172048 0.0417909
57 0.581474 0.182598 0.0454896
58 0.581474 0.173946 0.0436577
59 0.581474 0.189443 0.044034
60 0.581474 0.206806 0.0452303
61 0.581474 0.216764 0.047354
62 0.581474 0.174481 0.044739
63 0.581474 0.196895 0.0452186
64 0.581474 0.200531 0.0460521
65 0.581474 0.177694 0.0454637
66 0.581474 0.199803 0.0483545
67 0.581474 0.206294 0.0487825
68 0.581474 0.214071 0.0469847
69 0.581474 0.213098 0.0501053
70 0.581474 0.210411 0.0485303
71 0.581474 0.18762 0.0468
72 0.581474 0.168126 0.0427929
73 0.581474 0.193982 0.0461429
74 0.581474 0.205738 0.0409803
75 0.586087 0.207075 0.0485979
76 0.586087 0.197271 0.0487681
77 0.586087 0.192898 0.0514106
78 0.58627 0.218559 0.0467983
79 0.58627 0.190574 0.0450341
80 0.58627 0.191 0.0437928
81 0.58627 0.184802 0.0448976
82 0.58627 0.230898 0.0482678
83 0.58627 0.215257 0.050793
84 0.58627 0.203716 0.049238
85 0.58627 0.217618 0.0456315
86 0.58627 0.246086 0.0471909
87 0.58627 0.21653 0.0459903
88 0.58627 0.201461 0.0435647
89 0.58627 0.219244 0.0480116
90 0.58627 0.201035 0.0440936
91 0.58627 0.222201 0.0468271
92 0.587409 0.191781 0.0460048
93 0.587409 0.22726 0.0483776
94 0.588923 0.215363 0.0503838
95 0.588923 0.224289 0.0499896
96 0.588923 0.211185 0.0442927
97 0.588923 0.204629 0.0462781
98 0.588923 0.20527 0.0470827
99 0.588923 0.184253 0.0447952
100 0.588923 0.203875 0.0504618
101 0.588923 0.231858 0.0482371
102 0.588923 0.250371 0.05066
103 0.588923 0.258754 0.0489811
104 0.588923 0.236553 0.0485513
105 0.588923 0.222761 0.0467558
106 0.588923 0.215638 0.0490441
107 0.588923 0.213454 0.045533
108 0.588923 0.225018 0.049822
109 0.588923 0.222459 0.0517906
110 0.588923 0.233674 0.0462549
111 0.588923 0.237434 0.0494128
112 0.588923 0.222161 0.0506614
113 0.59345 0.224783 0.0535762
114 0.59345 0.219292 0.0499644
115 0.59345 0.219734 0.0492285
116 0.59345 0.201458 0.0488274
117 0.59345 0.216441 0.0498489
118 0.59345 0.223089 0.0482085
119 0.59345 0.223244 0.0472397
120 0.59345 0.224456 0.0506723
121 0.59345 0.216296 0.05161
122 0.59345 0.214211 0.0498023
123 0.59345 0.233662 0.0475106
124 0.59345 0.229965 0.0501675
125 0.59345 0.241986 0.0523034
126 0.59345 0.224789 0.05688
127 0.59345 0.235936 0.0521634
128 0.59345 0.257117 0.0475164
129 0.59345 0.27928 0.0499182
130 0.59345 0.287838 0.0502173
131 0.59345 0.276498 0.048911
132 0.59345 0.267613 0.0492267
133 0.59345 0.251402 0.0465699
134 0.59345 0.244973 0.0536319
135 0.59345 0.221166 0.0549209
136 0.59345 0.203405 0.0516968
137 0.59345 0.199284 0.053381
138 0.59345 0.205268 0.0504599
139 0.59345 0.221884 0.0572465
140 0.59345 0.207944 0.0527585
141 0.59345 0.222368 0.0531766
142 0.59345 0.242749 0.0513473
143 0.59345 0.25697 0.0477076
144 0.59345 0.266992 0.0525991
145 0.59345 0.254064 0.0511192
146 0.59345 0.252594 0.0511194
147 0.59345 0.224776 0.05257
148 0.59345 0.228544 0.0565336
149 0.59345 0.230224 0.0560654
150 0.59345 0.249795 0.0583196
151 0.59345 0.209091 0.0516593
152 0.59345 0.215883 0.0501182
153 0.59345 0.222502 0.0543534
154 0.59345 0.206801 0.0514126
155 0.59345 0.185368 0.0488656
156 0.59345 0.194204 0.0477714
157 0.59345 0.211102 0.0546524
158 0.59345 0.238649 0.0483268
159 0.59345 0.223327 0.0541401
160 0.59345 0.242653 0.0540116
161 0.59345 0.23939 0.0512386
162 0.59345 0.230389 0.0476839
163 0.59345 0.250047 0.048394
164 0.59345 0.25643 0.0531446
165 0.59345 0.260417 0.0525019
166 0.59345 0.243233 0.0479505
167 0.59345 0.224162 0.0527126
168 0.59345 0.230877 0.051951
169 0.59345 0.262699 0.0529837
170 0.59345 0.239338 0.0526398
171 0.59345 0.240694 0.0519764
172 0.59345 0.236408 0.0516551
173 0.59345 0.241474 0.0549043
174 0.59345 0.225588 0.0592061
175 0.59345 0.233619 0.055974
176 0.593577 0.239672 0.051772
177 0.594425 0.2313 0.0521736
178 0.595044 0.221697 0.0510783
179 0.595117 0.21541 0.049595
180 0.595117 0.213641 0.0511987
181 0.595117 0.223459 0.0516426
182 0.595117 0.224319 0.0461942
183 0.595117 0.227022 0.0500411
184 0.595117 0.219048 0.0514415
185 0.595117 0.212838 0.0496434
186 0.595117 0.219936 0.0491383
187 0.595117 0.25788 0.0500176
188 0.595117 0.269624 0.0513354
189 0.595117 0.228399 0.048622
190 0.595117 0.255113 0.0492101
191 0.595803 0.278248 0.0545947
192 0.595803 0.269626 0.0526696
193 0.595803 0.27318 0.046682
194 0.595803 0.279833 0.0499576
195 0.595803 0.273687 0.0486035
196 0.595803 0.270224 0.0424064
197 0.595803 0.268321 0.0453876
198 0.595803 0.278841 0.0493897
199 0.595803 0.267909 0.0508552
200 0.595803 0.250048 0.0529837
201 0.596528 0.293432 0.0494405
202 0.596528 0.279873 0.0502524
203 0.596528 0.280161 0.0524645
204 0.596528 0.27103 0.0524456
205 0.596528 0.268414 0.0544642
206 0.596528 0.272604 0.0488732
207 0.596528 0.260479 0.0499225
208 0.596528 0.247785 0.0522392
209 0.596528 0.207788 0.0532977
210 0.596528 0.242543 0.0553736
211 0.596528 0.261438 0.0538761
212 0.596528 0.234729 0.0495752
213 0.596528 0.217164 0.0486307
214 0.596528 0.208747 0.0452173
215 0.596528 0.225151 0.0514885
216 0.596528 0.245918 0.0474942
217 0.596528 0.248219 0.0472206
218 0.596528 0.250271 0.0502221
219 0.596528 0.239424 0.0502117
220 0.596528 0.210535 0.0468044
221 0.596528 0.222934 0.0514795
222 0.596528 0.212852 0.0494691
223 0.596528 0.206438 0.0538147
224 0.596528 0.258093 0.0590171
225 0.596528 0.264922 0.0559685
226 0.596528 0.267364 0.0551941
227 0.596528 0.215315 0.0512632
228 0.596528 0.214845 0.0502943
229 0.596528 0.2448 0.0542141
230 0.596528 0.208188 0.0516783
231 0.596528 0.238214 0.0505544
232 0.596528 0.248957 0.0500683
233 0.596528 0.241211 0.0478945
234 0.596528 0.243596 0.0535937
235 0.596528 0.260541 0.0515172
236 0.596528 0.269433 0.0508488
237 0.596528 0.250411 0.0546799
238 0.596528 0.270724 0.0573617
239 0.596528 0.244244 0.0555837
240 0.596528 0.244068 0.0538909
241 0.596528 0.243385 0.0534919
242 0.59665 0.286913 0.0518643
243 0.59665 0.247911 0.0476392
244 0.59665 0.276934 0.0476502
245 0.59665 0.229514 0.0521465
246 0.59665 0.216847 0.0525968
247 0.59665 0.233454 0.0511076
248 0.59665 0.243 0.0546086
249 0.59665 0.253719 0.0531975
250 0.59665 0.267171 0.0542632
251 0.59665 0.281776 0.0499699
252 0.59665 0.292926 0.0518299
253 0.59665 0.288796 0.0501889
254 0.59665 0.289577 0.0494302
255 0.59665 0.268149 0.0532003
256 0.59665 0.248006 0.0502122
257 0.59665 0.280206 0.0468075
258 0.59665 0.247608 0.0470289
259 0.59665 0.24177 0.0535229
260 0.59665 0.222034 0.0448542
261 0.59665 0.230135 0.0531784
262 0.59665 0.238557 0.0493625
263 0.59665 0.225607 0.046455
264 0.59665 0.246886 0.0479309
265 0.59665 0.275594 0.0563972
266 0.59665 0.244096 0.0564881
267 0.59665 0.222127 0.0536187
268 0.59665 0.219301 0.0482476
269 0.59665 0.185134 0.0486289
270 0.59665 0.201562 0.0519203
271 0.59665 0.201632 0.0532948
272 0.59665 0.202671 0.0525589
273 0.59665 0.220039 0.0537064
274 0.59665 0.210523 0.0546923
275 0.59665 0.21746 0.0584466
276 0.59665 0.199915 0.0562089
277 0.59665 0.18857 0.0517922
278 0.59665 0.23409 0.0576563
279 0.59665 0.207176 0.0535953
280 0.59665 0.238971 0.053597
281 0.59665 0.241814 0.0532612
282 0.59665 0.239434 0.0587536
283 0.59665 0.213682 0.0518411
284 0.59665 0.232835 0.0476194
285 0.59665 0.215031 0.0544079
286 0.59665 0.22282 0.0520339
287 0.59665 0.240831 0.0547164
288 0.59665 0.253811 0.0544647
289 0.59665 0.231385 0.0541135
290 0.59665 0.221405 0.0510551
291 0.59665 0.221755 0.054236
292 0.59665 0.236838 0.0518148
293 0.59665 0.243932 0.051631
294 0.59665 0.233428 0.0543341
295 0.596887 0.242101 0.0523286
296 0.596887 0.215342 0.0507945
297 0.596887 0.239397 0.0522786
298 0.596887 0.222721 0.0531375
299 0.596887 0.191222 0.0494443
300 0.596887 0.207504 0.0505893
301 0.596887 0.23648 0.0562197
302 0.596887 0.252872 0.0509423
303 0.596887 0.233381 0.0501846
304 0.596887 0.224449 0.048906
305 0.596887 0.224247 0.0472617
306 0.596887 0.2355 0.0505263
307 0.596887 0.232755 0.0522587
308 0.596887 0.270502 0.0555074
309 0.596887 0.239972 0.0530709
310 0.596887 0.234135 0.0544641
311 0.596887 0.237445 0.0556267
312 0.596887 0.241739 0.0558027
313 0.596887 0.231779 0.0552907
314 0.596887 0.255079 0.0531796
315 0.596887 0.247416 0.0511326
316 0.596887 0.268582 0.0565742
317 0.596887 0.252457 0.0554007
318 0.596887 0.258335 0.05321
319 0.596887 0.278063 0.0514911
320 0.596887 0.257674 0.0515771
321 0.596887 0.234162 0.0533107
322 0.596887 0.25684 0.0514034
323 0.596887 0.288241 0.0508616
324 0.596887 0.2671 0.0510278
325 0.596887 0.284411 0.0498942
326 0.596887 0.25846 0.047258
327 0.596887 0.247597 0.0502088
328 0.598221 0.250689 0.0552388
329 0.598221 0.228115 0.05763
330 0.598221 0.256102 0.051903
331 0.598221 0.242837 0.0511861
332 0.598221 0.236398 0.0530842
333 0.598221 0.220238 0.0515464
334 0.598221 0.249286 0.0540709
335 0.598221 0.22711 0.0547821
336 0.598221 0.244454 0.0553019
337 0.598221 0.230097 0.0541426
338 0.598221 0.23889 0.0529369
339 0.598221 0.233316 0.0578559
340 0.598221 0.234354 0.0542463
341 0.598221 0.229522 0.0507781
342 0.598221 0.241078 0.0515463
343 0.598221 0.221173 0.049875
344 0.598221 0.214481 0.0476014
345 0.598221 0.237141 0.0568563
346 0.598221 0.244155 0.0511602
347 0.598221 0.243217 0.0539984
348 0.598221 0.229284 0.0526848
349 0.598221 0.212238 0.0481904
350 0.598221 0.236719 0.0488778
351 0.598221 0.208849 0.0496676
352 0.598221 0.234953 0.0483325
353 0.598221 0.239188 0.0507387
354 0.598221 0.244488 0.0495037
355 0.598221 0.257281 0.0525995
356 0.598221 0.255106 0.0542052
357 0.598221 0.193889 0.050546
358 0.598221 0.19363 0.0532758
359 0.598221 0.206245 0.0535161
360 0.598221 0.212567 0.0498095
361 0.598221 0.184059 0.0520981
362 0.598221 0.19688 0.0531603
363 0.598221 0.198451 0.0516751
364 0.598221 0.220018 0.0509197
365 0.598221 0.230003 0.0581342
366 0.598221 0.235064 0.0558152
367 0.598221 0.231773 0.0531811
368 0.598221 0.209365 0.0538643
369 0.598221 0.205484 0.0544399
370 0.598221 0.205534 0.0541314
371 0.598221 0.19525 0.0528154
372 0.598221 0.223214 0.0568856
373 0.598221 0.192173 0.0511806
374 0.598221 0.216885 0.0546916
375 0.598221 0.234807 0.0576193
376 0.598221 0.218923 0.0510323
377 0.598221 0.247873 0.0547261
378 0.598221 0.228463 0.0492761
379 0.598221 0.231457 0.0498997
380 0.598221 0.226817 0.0514468
381 0.598221 0.236844 0.0527733
382 0.598221 0.215224 0.0490992
383 0.598221 0.188765 0.0464292
384 0.598221 0.198694 0.0525958
385 0.598221 0.196449 0.0525417
386 0.598221 0.197502 0.0547135
387 0.598221 0.218711 0.0529943
388 0.598221 0.259819 0.054062
389 0.598221 0.251643 0.0547406
390 0.598221 0.227959 0.0505252
391 0.598221 0.224882 0.0512627
392 0.598221 0.220037 0.0508445
393 0.598221 0.232005 0.048934
394 0.598221 0.277848 0.0506454
395 0.598221 0.261941 0.0533932
396 0.598221 0.236773 0.0488578
397 0.598221 0.247207 0.0482594
398 0.598221 0.242427 0.0506709
399 0.598221 0.250227 0.0539774
400 0.598221 0.249269 0.0521271
401 0.598221 0.264158 0.0574079
402 0.598221 0.248267 0.0552621
403 0.598221 0.235172 0.0568076
404 0.598221 0.214363 0.0511876
405 0.598221 0.214025 0.0529471
406 0.598221 0.238766 0.0556457
407 0.598221 0.226606 0.0566739
408 0.598221 0.231363 0.0535315
409 0.598221 0.240109 0.0555032
410 0.598221 0.247589 0.0531931
411 0.598221 0.228802 0.0504162
412 0.598838 0.241045 0.056801
413 0.598838 0.214319 0.0497187
414 0.599923 0.232851 0.0531289
415 0.599923 0.240893 0.0549911
416 0.599923 0.21231 0.050394
417 0.599923 0.234369 0.0476718
418 0.599923 0.236725 0.0511953
419 0.599923 0.241873 0.0507715
420 0.599923 0.213732 0.0559293
421 0.599923 0.234046 0.0529756
422 0.599923 0.2583 0.0531549
423 0.599923 0.267106 0.0567811
424 0.599923 0.265589 0.0530324
425 0.599923 0.236085 0.0501593
426 0.599923 0.238692 0.052069
427 0.599923 0.194467 0.047406
428 0.599923 0.22162 0.0508451
429 0.599923 0.258524 0.0505781
430 0.599923 0.239777 0.0511163
431 0.599923 0.236674 0.048661
432 0.599923 0.271907 0.0527679
433 0.599923 0.239858 0.0534237
434 0.599923 0.264661 0.0507443
435 0.599923 0.225163 0.0541418
436 0.599923 0.242552 0.053488
437 0.599923 0.220083 0.0505871
438 0.599923 0.234379 0.0539713
439 0.599923 0.267206 0.0526432
440 0.599923 0.257553 0.0509619
441 0.599923 0.264422 0.0555567
442 0.599923 0.227793 0.0546805
443 0.599923 0.254889 0.0542883
444 0.599923 0.272505 0.0568476
445 0.599923 0.264628 0.053595
446 0.599923 0.250524 0.0533619
447 0.599923 0.225504 0.0529507
448 0.599923 0.216626 0.052532
449 0.599923 0.191517 0.0507691
450 0.599923 0.209026 0.0539921
451 0.599923 0.219999 0.050426
452 0.599923 0.226124 0.0552896
453 0.599923 0.198268 0.0536531
454 0.599923 0.181134 0.0505102
455 0.599923 0.199636 0.0503026
456 0.599923 0.231346 0.0525233
457 0.599923 0.215963 0.0520329
458 0.599923 0.204359 0.0533249
459 0.599923 0.208209 0.057704
460 0.599923 0.212797 0.0551257
461 0.600071 0.219752 0.0574754
462 0.600071 0.217068 0.052716
463 0.600071 0.178177 0.0469422
464 0.600071 0.195296 0.0470089
465 0.600071 0.223115 0.0493479
466 0.600071 0.221032 0.0502857
467 0.600071 0.23229 0.0487052
468 0.600071 0.230909 0.0521708
469 0.600071 0.224095 0.0496387
470 0.600071 0.222868 0.052228
471 0.600071 0.211654 0.0547762
472 0.600071 0.228383 0.0564071
473 0.600071 0.243589 0.0552096
474 0.600071 0.224305 0.0540993
475 0.600071 0.221258 0.0527153
476 0.600111 0.251034 0.0542103
477 0.600111 0.261634 0.0499884
478 0.600111 0.25414 0.053758
479 0.600111 0.237039 0.0565646
480 0.600111 0.273865 0.0505353
481 0.600398 0.280705 0.0558186
482 0.600398 0.205134 0.0560531
483 0.600398 0.203904 0.0576554
484 0.600398 0.221355 0.0585255
485 0.600398 0.247837 0.0542851
486 0.600398 0.232986 0.0519204
487 0.600398 0.226996 0.0575534
488 0.600398 0.226079 0.0542705
489 0.600398 0.258593 0.0570521
490 0.600398 0.235339 0.0546693
491 0.600398 0.227615 0.0536835
492 0.600398 0.215195 0.054472
493 0.600398 0.252663 0.0611423
494 0.600398 0.234381 0.05447
495 0.600398 0.227528 0.057204
496 0.600398 0.218199 0.0582034
497 0.600398 0.234149 0.0588936
498 0.600398 0.201901 0.0560164
499 0.600398 0.244724 0.0557144
500 0.600398 0.21692 0.0562573
501 0.600398 0.210199 0.0525523
502 0.600398 0.249801 0.0541118
503 0.600398 0.221434 0.053734
504 0.600398 0.245148 0.0525423
505 0.600398 0.235836 0.056685
506 0.600398 0.243855 0.0546797
507 0.600398 0.228019 0.0503318
508 0.600398 0.226044 0.0535096
509 0.600398 0.228636 0.0588252
510 0.600398 0.221873 0.0577061
511 0.600398 0.20842 0.0537455
512 0.600398 0.216559 0.05529
513 0.600398 0.193847 0.0553465
514 0.600398 0.209012 0.0585237
515 0.600398 0.234039 0.0565497
516 0.600398 0.220991 0.0536729
517 0.600398 0.240777 0.0543844
518 0.600398 0.240972 0.0549699
519 0.600398 0.253499 0.054719
520 0.600398 0.252453 0.0539265
521 0.600398 0.245574 0.0523911
522 0.600398 0.229378 0.0551718
523 0.600398 0.224162 0.0537673
524 0.601379 0.236801 0.0571631
525 0.601379 0.217342 0.0560045
526 0.601379 0.23332 0.0606643
527 0.601379 0.239965 0.0556481
528 0.601379 0.233169 0.0580665
529 0.601379 0.236156 0.0568326
530 0.601379 0.216716 0.0550941
531 0.601379 0.22048 0.0502762
532 0.601379 0.210269 0.0504131
533 0.601379 0.210476 0.0492084
534 0.601379 0.239827 0.0517025
535 0.601379 0.229134 0.0526441
536 0.601379 0.252884 0.0571021
537 0.601379 0.251125 0.0572748
538 0.601379 0.23104 0.0559361
539 0.601379 0.240011 0.0579698
540 0.601379 0.269223 0.0542329
541 0.601379 0.269256 0.0535052
542 0.601379 0.27392 0.05396
543 0.601379 0.231453 0.0518448
544 0.601379 0.277348 0.0527775
545 0.601379 0.271274 0.0555844
546 0.601379 0.22978 0.0538138
547 0.601379 0.265273 0.0530334
548 0.601379 0.262537 0.0579491
549 0.601379 0.258028 0.0542053
550 0.601379 0.246699 0.0574339
551 0.601379 0.263837 0.0584302
552 0.601379 0.26835 0.0526414
553 0.601379 0.2596 0.051595
554 0.601379 0.284568 0.0495569
555 0.601379 0.285082 0.0538592
556 0.601379 0.299869 0.050555
557 0.601379 0.27998 0.0532696
558 0.601379 0.27953 0.0533982
559 0.601379 0.280955 0.04975
560 0.601379 0.297736 0.0493216
561 0.601379 0.306034 0.0528939
562 0.601379 0.281726 0.0557098
563 0.601379 0.266255 0.0526301
564 0.601379 0.24999 0.056062
565 0.601379 0.261547 0.0565549
566 0.601379 0.240897 0.0529198
567 0.601379 0.23423 0.0518918
568 0.601379 0.26775 0.0514686
569 0.601379 0.229138 0.0500721
570 0.601379 0.240761 0.0555891
571 0.601379 0.216031 0.0515272
572 0.601379 0.23159 0.0518176
573 0.601379 0.245944 0.0498584
574 0.601379 0.247187 0.0506618
575 0.601379 0.219771 0.0532978
576 0.601379 0.217247 0.0551323
577 0.601379 0.241423 0.0562228
578 0.601379 0.234485 0.0539431
579 0.601379 0.23675 0.0522256
580 0.601379 0.229486 0.0478533
581 0.601379 0.247491 0.055688
582 0.601379 0.234451 0.0562426
583 0.601379 0.24402 0.051957
584 0.601379 0.233938 0.0584908
585 0.601379 0.227655 0.0555939
586 0.601379 0.227415 0.0571851
587 0.601379 0.216486 0.0559231
588 0.601379 0.221183 0.0526654
589 0.601379 0.237463 0.0577401
590 0.601379 0.217221 0.0556762
591 0.601379 0.229579 0.0539263
592 0.601379 0.23192 0.0524938
593 0.601379 0.265374 0.0547676
594 0.601379 0.2485 0.0536767
595 0.601379 0.237815 0.0501827
596 0.601379 0.222096 0.0540827
597 0.601379 0.262239 0.0527554
598 0.601379 0.240663 0.0534783
599 0.601379 0.235768 0.0539081
600 0.601379 0.221043 0.0522654
601 0.601379 0.237414 0.057856
602 0.601379 0.247761 0.0555572
603 0.601379 0.255527 0.0546221
604 0.601379 0.23336 0.0544173
605 0.601379 0.251144 0.0601628
606 0.601379 0.268704 0.051219
607 0.601379 0.26316 0.0542049
608 0.601379 0.28112 0.0514434
609 0.601379 0.270912 0.0498366
610 0.601379 0.257275 0.0525456
611 0.601379 0.265366 0.0541006
612 0.601379 0.267532 0.0595783
613 0.601379 0.273393 0.0609553
614 0.601379 0.251548 0.0518774
615 0.601379 0.249338 0.0466452
616 0.601379 0.255224 0.0457328
617 0.604456 0.258833 0.054016
618 0.604456 0.289752 0.050058
619 0.604456 0.292332 0.0464764
620 0.604456 0.293238 0.050116
621 0.604456 0.266068 0.0498543
622 0.604456 0.260515 0.0506637
623 0.604456 0.25335 0.0501304
624 0.604456 0.257113 0.0512524
625 0.604456 0.227003 0.0551629
626 0.604456 0.244004 0.0517329
627 0.604456 0.253503 0.0500863
628 0.604456 0.259048 0.0541424
629 0.604456 0.259547 0.0523137
630 0.604456 0.235242 0.0553073
631 0.604456 0.242884 0.0565075
632 0.604456 0.230204 0.0550898
633 0.604456 0.268549 0.0534068
634 0.604456 0.26386 0.053439
635 0.604456 0.278414 0.0499279
636 0.604456 0.266759 0.0532729
637 0.604456 0.260966 0.0525072
638 0.604456 0.256362 0.0488558
639 0.604456 0.264806 0.0556443
640 0.604456 0.252653 0.0559278
641 0.604456 0.263403 0.054379
642 0.604456 0.242266 0.0514463
643 0.604456 0.212448 0.0499278
644 0.604456 0.209342 0.0494856
645 0.604456 0.208949 0.0502168
646 0.604456 0.210452 0.0524542
647 0.604456 0.22017 0.056404
648 0.604456 0.202735 0.0520083
649 0.604456 0.197006 0.0513452
650 0.604456 0.214448 0.0559338
651 0.604456 0.214908 0.0536093
652 0.604456 0.217052 0.0536416
653 0.604456 0.239171 0.0547178
654 0.604456 0.231465 0.0562354
655 0.604456 0.249929 0.0528144
656 0.604456 0.25406 0.0516302
657 0.604456 0.280139 0.0544985
658 0.604456 0.256677 0.0512705
659 0.604456 0.235274 0.0567181
660 0.604456 0.227549 0.0563836
661 0.604456 0.246408 0.0562531
662 0.604456 0.251366 0.0578812
663 0.604456 0.263467 0.0542888
664 0.604456 0.262375 0.0535436
665 0.604456 0.264493 0.0478966
666 0.604456 0.21915 0.0546312
667 0.604456 0.232005 0.0529841
668 0.604456 0.224486 0.0592699
669 0.604456 0.219678 0.0568677
670 0.604456 0.255257 0.0565067
671 0.604456 0.256509 0.0519115
672 0.604456 0.27886 0.0520959
673 0.604456 0.253552 0.0547481
674 0.604456 0.246094 0.0560602
675 0.604456 0.257032 0.0578417
676 0.604456 0.273985 0.0564681
677 0.604456 0.262438 0.0559019
678 0.604456 0.225443 0.0532974
679 0.604456 0.219435 0.0531056
680 0.604456 0.218953 0.056391
681 0.604456 0.229907 0.0541681
682 0.604456 0.22123 0.0558549
683 0.604456 0.190423 0.0552294
684 0.604456 0.224811 0.0547773
685 0.604456 0.239145 0.0502757
686 0.604456 0.232715 0.0517878
687 0.604456 0.248329 0.0494321
688 0.604456 0.231972 0.0553747
689 0.604456 0.258976 0.054979
690 0.604456 0.244282 0.0576332
691 0.604456 0.225669 0.0575808
692 0.604456 0.225478 0.0545326
693 0.604456 0.21112 0.0517625
694 0.604456 0.217511 0.046941
695 0.604456 0.22224 0.0494022
696 0.604456 0.231331 0.0470117
697 0.604456 0.22657 0.0544987
698 0.604456 0.207215 0.0531056
699 0.604942 0.217772 0.0545182
700 0.604942 0.229702 0.0499453
701 0.604942 0.236666 0.0551354
702 0.604942 0.23167 0.0556213
703 0.604942 0.230906 0.0527939
704 0.604942 0.2447 0.0549214
705 0.604942 0.234111 0.052985
706 0.605269 0.256461 0.0608751
707 0.605269 0.213203 0.0514994
708 0.605269 0.199276 0.0538604
709 0.605269 0.202715 0.0593077
710 0.605269 0.213374 0.0567343
711 0.605269 0.196062 0.0569065
712 0.605269 0.211115 0.0546105
713 0.605269 0.235064 0.0564029
714 0.605269 0.205538 0.0550969
715 0.605269 0.205114 0.0515633
716 0.605269 0.232139 0.0530888
717 0.605269 0.219543 0.0553581
718 0.605269 0.220628 0.0572227
719 0.605269 0.201597 0.0525157
720 0.605269 0.19978 0.0554412
721 0.605269 0.234052 0.0556259
722 0.605269 0.220566 0.0542103
723 0.605269 0.243229 0.0619445
724 0.605269 0.248971 0.0531107
725 0.605269 0.220029 0.050939
726 0.605269 0.222223 0.0552227
727 0.605269 0.204293 0.0556701
728 0.605269 0.222454 0.0577579
729 0.605269 0.249843 0.0526258
730 0.605269 0.250513 0.0566623
731 0.605269 0.237321 0.0562613
732 0.605269 0.223194 0.0540381
733 0.605269 0.201773 0.0501183
734 0.605269 0.212805 0.0520707
735 0.605269 0.224285 0.0521543
736 0.605745 0.234741 0.0565948
737 0.605745 0.231074 0.0546316
738 0.605745 0.207138 0.0548261
739 0.605745 0.213212 0.0580052
740 0.605745 0.224263 0.0558189
741 0.605745 0.220675 0.0512655
742 0.605745 0.234667 0.054123
743 0.605807 0.243053 0.0527614
744 0.605807 0.250531 0.0528365
745 0.606376 0.232327 0.0524178
746 0.606376 0.211571 0.0520069
747 0.606376 0.210415 0.0550474
748 0.606376 0.218028 0.053094
749 0.606376 0.199174 0.0551401
750 0.606376 0.204681 0.0554738
751 0.606376 0.210142 0.0536881
752 0.606376 0.214396 0.0518212
753 0.606376 0.222785 0.0529673
754 0.606376 0.193866 0.0499592
755 0.606376 0.211025 0.0507372
756 0.606376 0.221726 0.0486474
757 0.606376 0.242814 0.0548755
758 0.606376 0.23857 0.0517708
759 0.606376 0.222087 0.0547118
760 0.606376 0.209559 0.0566028
761 0.606376 0.21343 0.0561681
762 0.606376 0.215077 0.0547396
763 0.606376 0.200966 0.0542221
764 0.606376 0.2568 0.0588788
765 0.606376 0.212187 0.0555785
766 0.606376 0.19731 0.0533085
767 0.606376 0.186786 0.0516231
768 0.606376 0.181025 0.0537939
769 0.606376 0.215462 0.0593079
770 0.606376 0.216193 0.0557637
771 0.606376 0.219952 0.0556018
772 0.606376 0.219456 0.0574543
773 0.606376 0.212577 0.0529611
774 0.606376 0.217959 0.0528744
775 0.606376 0.217078 0.049795
776 0.606376 0.223186 0.051119
777 0.606376 0.218714 0.0489464
778 0.606376 0.211928 0.0520615
779 0.606376 0.218446 0.0550726
780 0.606376 0.225234 0.0549801
781 0.606376 0.233784 0.0522745
782 0.606376 0.212142 0.052263
783 0.606376 0.189629 0.0521379
784 0.606376 0.185986 0.0527751
785 0.606376 0.227929 0.0547532
786 0.606965 0.248238 0.0564586
787 0.606965 0.229701 0.0548945
788 0.606965 0.229878 0.0524409
789 0.606965 0.210749 0.0549405
790 0.606965 0.224792 0.057046
791 0.606965 0.23471 0.0527494
792 0.606965 0.224372 0.0577463
793 0.606965 0.178779 0.0540572
794 0.606965 0.213601 0.0573946
795 0.606965 0.194416 0.0541242
796 0.606965 0.208101 0.0554731
797 0.606965 0.213547 0.0585449
798 0.606965 0.221975 0.0560567
799 0.606965 0.218024 0.054876
800 0.606965 0.210765 0.0497401
801 0.606965 0.243541 0.0509486
802 0.606965 0.214392 0.0520827
803 0.606965 0.22938 0.0527332
804 0.606965 0.212462 0.0507495
805 0.606965 0.2037 0.0549859
806 0.606965 0.234909 0.0588159
807 0.606965 0.209083 0.0563781
808 0.606965 0.175659 0.0482814
809 0.606965 0.191734 0.0512181
810 0.606965 0.213905 0.0528077
811 0.606965 0.205299 0.0548108
812 0.607407 0.214705 0.0546252
813 0.607407 0.209463 0.0583451
814 0.607407 0.220099 0.0514852
815 0.607407 0.223776 0.0541936
816 0.607407 0.234248 0.0592393
817 0.607407 0.186184 0.0517533
818 0.607407 0.206145 0.0539721
819 0.607407 0.216122 0.0546381
820 0.607407 0.220105 0.0530521
821 0.607407 0.216679 0.0537764
822 0.607407 0.205005 0.053651
823 0.607407 0.228517 0.0563337
824 0.607407 0.210823 0.0501558
825 0.607407 0.18559 0.0473306
826 0.607407 0.206983 0.0523189
827 0.607407 0.208076 0.054998
828 0.607407 0.207988 0.0569522
829 0.607407 0.20127 0.055469
830 0.607407 0.198945 0.055506
831 0.607407 0.199578 0.0601501
832 0.607407 0.203805 0.0601135
833 0.607407 0.22073 0.056451
834 0.607407 0.203718 0.0547047
835 0.607407 0.177868 0.0518273
836 0.607407 0.202797 0.0523178
837 0.607407 0.208062 0.0549345
838 0.607407 0.172924 0.0543607
839 0.607407 0.181636 0.0553905
840 0.607407 0.190535 0.0566775
841 0.607407 0.194592 0.0578982
842 0.60799 0.182032 0.0563791
843 0.60799 0.2159 0.0598156
844 0.60799 0.209694 0.0597929
845 0.60799 0.190464 0.0550181
846 0.60799 0.180068 0.0551962
847 0.60799 0.189607 0.0550953
848 0.60799 0.20767 0.0587006
849 0.60799 0.212091 0.0602136
850 0.60799 0.220769 0.0562271
851 0.60799 0.206301 0.0534307
852 0.60799 0.239675 0.0532593
853 0.60799 0.271559 0.0572973
854 0.60799 0.215754 0.0594659
855 0.60799 0.19806 0.0568666
856 0.60799 0.209745 0.057243
857 0.60799 0.233839 0.0628165
858 0.60799 0.19533 0.0611712
859 0.60799 0.198596 0.057741
860 0.60799 0.203782 0.0547049
861 0.60799 0.254477 0.054296
862 0.60799 0.222705 0.0545794
863 0.60799 0.213918 0.0518485
864 0.60799 0.177908 0.0521534
865 0.60799 0.184712 0.0540068
866 0.60799 0.1884 0.0542357
867 0.60799 0.197571 0.0550729
868 0.60799 0.197139 0.0521465
869 0.60799 0.184179 0.0544364
870 0.60799 0.207823 0.0551891
871 0.60799 0.233821 0.0588186
872 0.60799 0.210911 0.0547071
873 0.60799 0.214937 0.0520218
874 0.60799 0.231219 0.0565634
875 0.60799 0.188959 0.0510353
876 0.60799 0.187563 0.0511008
877 0.60799 0.202289 0.052173
878 0.60799 0.190483 0.049594
879 0.60799 0.22647 0.0514619
880 0.60799 0.236617 0.0483297
881 0.60799 0.207622 0.0544858
882 0.60799 0.21812 0.0520376
883 0.60799 0.191737 0.0536695
884 0.60799 0.252311 0.0592216
885 0.60799 0.249222 0.0578338
886 0.60799 0.210964 0.0562652
887 0.60799 0.275392 0.0544827
888 0.60799 0.238997 0.0525932
889 0.60799 0.215101 0.0519152
890 0.60799 0.2148 0.0513913
891 0.60799 0.215991 0.0549964
892 0.60799 0.20899 0.0529316
893 0.60799 0.211987 0.0530128
894 0.60799 0.206852 0.0529449
895 0.60799 0.198346 0.0545077
896 0.60799 0.216073 0.0523868
897 0.60799 0.212515 0.0493902
898 0.60799 0.22349 0.0484822
899 0.60799 0.241414 0.0532239
900 0.60799 0.252796 0.0557577
901 0.60799 0.206508 0.0541969
902 0.60799 0.1855 0.0492486
903 0.60799 0.194984 0.0494573
904 0.60799 0.177005 0.0516966
905 0.60799 0.201772 0.0503198
906 0.60799 0.204268 0.0498826
907 0.60799 0.203687 0.0520461
908 0.60799 0.206336 0.0555665
909 0.60799 0.235892 0.0589481
910 0.60799 0.178977 0.0532409
911 0.60799 0.190272 0.0534615
912 0.60799 0.210309 0.0553842
913 0.60799 0.206188 0.0520552
914 0.60799 0.210296 0.0571869
915 0.60799 0.190916 0.0554915
916 0.60799 0.192056 0.0521552
917 0.60799 0.194087 0.0455366
918 0.60799 0.215268 0.0531877
919 0.60799 0.228297 0.0556784
920 0.60799 0.216801 0.0536871
921 0.60799 0.210445 0.0525761
922 0.60799 0.206418 0.0554381
923 0.60799 0.186639 0.0562879
924 0.60799 0.178349 0.0547117
925 0.60799 0.167652 0.0504584
926 0.60799 0.138575 0.0466249
927 0.60799 0.168431 0.0545566
928 0.60799 0.161409 0.0501227
929 0.60799 0.189124 0.0538375
930 0.60799 0.1997 0.0531872
931 0.60799 0.219366 0.0576719
932 0.60799 0.202099 0.0569003
933 0.60799 0.206408 0.0541172
934 0.60799 0.215514 0.0564895
935 0.60799 0.197435 0.0538992
936 0.60799 0.179378 0.0516402
937 0.60799 0.177571 0.0519493
938 0.60799 0.178347 0.0500622
939 0.60799 0.206927 0.0580162
940 0.60799 0.19758 0.0566542
941 0.60799 0.202518 0.0530637
942 0.60799 0.230941 0.0579714
943 0.60799 0.210733 0.0578185
944 0.60799 0.200738 0.0565284
945 0.60799 0.192627 0.055066
946 0.60799 0.217102 0.0604287
947 0.60799 0.215814 0.0557679
948 0.60799 0.214826 0.0598628
949 0.60799 0.200517 0.0589437
950 0.60799 0.20687 0.0553621
951 0.60799 0.204405 0.0516428
952 0.60799 0.205925 0.0530645
953 0.60799 0.195278 0.0527679
954 0.60799 0.221518 0.0540355
955 0.60799 0.23795 0.0515019
956 0.60799 0.255347 0.0574288
957 0.60799 0.210726 0.0587022
958 0.60799 0.210798 0.0557396
959 0.60799 0.231521 0.0549093
960 0.60799 0.218518 0.0563811
961 0.60799 0.226395 0.0573894
962 0.60799 0.244993 0.0594658
963 0.60799 0.226417 0.0594683
964 0.60799 0.225469 0.0551501
965 0.60799 0.243026 0.0593935
966 0.60799 0.231437 0.0511963
967 0.60799 0.21245 0.0557619
968 0.60799 0.231857 0.0575452
969 0.60799 0.24123 0.0542739
970 0.60799 0.232764 0.0541743
971 0.60799 0.22995 0.0546466
972 0.60799 0.225791 0.0514803
973 0.60799 0.242628 0.050605
974 0.60799 0.227162 0.052126
975 0.60799 0.257568 0.0570249
976 0.60799 0.267532 0.0538753
977 0.60799 0.269749 0.0544284
978 0.60799 0.249999 0.0581841
979 0.60799 0.230945 0.0530108
980 0.60799 0.228947 0.056608
981 0.60799 0.197068 0.0553527
982 0.60799 0.203356 0.0558002
983 0.60799 0.191758 0.0554367
984 0.60799 0.198209 0.0599358
985 0.60799 0.203524 0.0555389
986 0.60799 0.238721 0.0530973
987 0.60799 0.223585 0.0574008
988 0.60799 0.241796 0.053819
989 0.60799 0.240244 0.057718
990 0.60799 0.240396 0.0550304
991 0.60799 0.208193 0.0541333
992 0.60799 0.220243 0.0549554
993 0.60799 0.206973 0.052529
994 0.60799 0.221126 0.0537978
995 0.60799 0.207496 0.055762
996 0.60799 0.207304 0.0529928
997 0.60799 0.233444 0.0559586
998 0.60799 0.219127 0.0512344
999 0.60799 0.207598 0.0545891
1000 0.60799 0.183739 0.0483859
