0 0.125268 0.0739639 0.00379002
1 0.125268 0.0813263 0.00350629
2 0.125276 0.0839178 0.00348827
3 0.125276 0.0844438 0.00343118
4 0.125276 0.0865536 0.00330153
5 0.125276 0.0940528 0.00288591
6 0.219794 0.0948897 0.00310161
7 0.427635 0.0967187 0.00421593
8 0.427635 0.0942011 0.00444873
9 0.427635 0.0902099 0.00465559
10 0.449805 0.0977356 0.00666799
11 0.449805 0.109097 0.00778714
12 0.451989 0.121472 0.00925567
13 0.496543 0.127589 0.0123862
14 0.500186 0.136581 0.0147921
14 0.520627 0.065355 0.0203653
15 0.520627 0.0827451 0.0242947
16 0.520627 0.0988954 0.0294858
17 0.521278 0.111583 0.034472
18 0.521278 0.121534 0.0367415
19 0.521278 0.124825 0.0381057
20 0.536122 0.129323 0.0401637
21 0.537639 0.128695 0.0406168
22 0.537639 0.144288 0.0429073
23 0.584026 0.166524 0.0486822
24 0.584026 0.10999 0.0378112
25 0.584026 0.11875 0.0411473
26 0.584026 0.157117 0.0455609
27 0.585563 0.164171 0.0498805
28 0.585563 0.147919 0.0466222
29 0.585563 0.151701 0.0468507
30 0.602216 0.139778 0.0473322
31 0.602216 0.118108 0.0422956
32 0.602216 0.154539 0.0486056
33 0.602216 0.168368 0.0527207
34 0.602216 0.150007 0.0464625
35 0.602216 0.151987 0.0464518
36 0.602216 0.144026 0.0455453
37 0.602216 0.181447 0.053963
38 0.602216 0.183266 0.0524255
39 0.602216 0.170701 0.0491438
40 0.602216 0.165141 0.0466854
41 0.602216 0.180316 0.049723
42 0.602216 0.184159 0.0525556
43 0.602216 0.196006 0.0508685
44 0.602216 0.197789 0.0485611
45 0.602216 0.198894 0.0524686
46 0.602216 0.203108 0.0540501
47 0.602216 0.201497 0.0563446
48 0.602216 0.188179 0.0522354
49 0.602216 0.173007 0.0494757
50 0.602216 0.203366 0.0528913
51 0.602216 0.164963 0.0495098
52 0.602216 0.168358 0.052771
53 0.602216 0.169088 0.0505891
54 0.602216 0.180955 0.0464917
55 0.602216 0.192702 0.0499073
56 0.602216 0.189341 0.0503623
57 0.602216 0.210199 0.0540864
58 0.602216 0.226708 0.0540282
59 0.602216 0.219141 0.0534543
60 0.602216 0.190914 0.0514724
61 0.602216 0.171118 0.051243
62 0.602216 0.224862 0.0530182
63 0.602216 0.210626 0.0576965
64 0.602216 0.19608 0.0509584
65 0.602216 0.187797 0.0495059
66 0.602216 0.184824 0.0514016
67 0.602216 0.175468 0.0512779
68 0.607021 0.204789 0.055386
69 0.607021 0.205591 0.0596698
70 0.607021 0.213721 0.0566025
71 0.607021 0.185244 0.0508289
72 0.607021 0.192787 0.0544247
73 0.607021 0.220513 0.0568974
74 0.607021 0.228015 0.0578009
75 0.607021 0.214284 0.0541235
76 0.60733 0.214944 0.0535063
77 0.60733 0.201283 0.0516603
78 0.60733 0.192151 0.0497226
79 0.60733 0.182867 0.0527733
80 0.60733 0.159063 0.0525244
81 0.60733 0.155697 0.0525934
82 0.60733 0.173631 0.0588494
83 0.60733 0.164642 0.0556697
84 0.60864 0.198201 0.054922
85 0.60864 0.203648 0.0515278
86 0.60864 0.197514 0.0503274
87 0.611583 0.188195 0.0549431
88 0.611583 0.191954 0.0538827
89 0.611583 0.191986 0.0554981
90 0.611583 0.205752 0.0589083
91 0.611583 0.178527 0.0517074
92 0.611583 0.143743 0.0493121
93 0.611583 0.177679 0.0528173
94 0.611583 0.139721 0.0489933
95 0.611583 0.160296 0.0513972
96 0.611583 0.134516 0.0449057
97 0.611583 0.158495 0.0466381
98 0.611583 0.147306 0.0419858
99 0.611583 0.159101 0.0491446
100 0.611583 0.164955 0.0532158
101 0.611583 0.159442 0.0512571
102 0.611583 0.155355 0.0501219
103 0.611583 0.152463 0.0452498
104 0.611583 0.179142 0.053237
105 0.611593 0.191553 0.0562461
106 0.611593 0.16432 0.0487702
107 0.611593 0.165151 0.0544859
108 0.611593 0.16121 0.0516431
109 0.611593 0.163904 0.048437
110 0.611593 0.177567 0.0498859
111 0.611593 0.182275 0.0503246
112 0.611593 0.189816 0.0498816
113 0.611593 0.181666 0.0495445
114 0.611593 0.177078 0.0495101
115 0.611593 0.175225 0.0486941
116 0.611593 0.174641 0.0504629
117 0.611593 0.161908 0.048143
118 0.611593 0.202228 0.0566029
119 0.611593 0.213837 0.0567268
120 0.611593 0.181143 0.0544978
121 0.611593 0.175961 0.0494864
122 0.611593 0.205536 0.0528435
123 0.611593 0.208537 0.0528391
124 0.611593 0.180099 0.0516963
125 0.611593 0.177106 0.0509581
126 0.611593 0.201957 0.0535654
127 0.612193 0.181755 0.0511303
128 0.612193 0.210263 0.0562167
129 0.612193 0.217425 0.053944
130 0.612193 0.196403 0.051856
131 0.612367 0.183789 0.0555115
132 0.612367 0.166569 0.0487287
133 0.612367 0.176926 0.0476844
134 0.612367 0.183809 0.0488866
135 0.612367 0.191381 0.0554312
136 0.612367 0.1828 0.0522498
137 0.612367 0.15839 0.0459655
138 0.612367 0.149249 0.0505485
139 0.612367 0.164581 0.0511956
140 0.612367 0.147182 0.0478038
141 0.612367 0.15567 0.048338
142 0.612367 0.167733 0.0497655
143 0.612367 0.154472 0.0490867
144 0.612367 0.169033 0.0552163
145 0.612367 0.189583 0.0496031
146 0.612367 0.203386 0.054159
147 0.612367 0.158251 0.0489999
148 0.612367 0.132532 0.0465059
149 0.612367 0.150558 0.0455424
150 0.612367 0.173031 0.0531587
151 0.612367 0.150591 0.0489262
152 0.612367 0.160631 0.0545852
153 0.612367 0.155189 0.0496581
154 0.612367 0.157299 0.0507705
155 0.612367 0.145068 0.0448765
156 0.612367 0.169206 0.0494246
157 0.612367 0.160317 0.0481269
158 0.612367 0.178139 0.0531145
159 0.612367 0.15147 0.0484373
160 0.612367 0.152194 0.0496699
161 0.612367 0.164225 0.0500364
162 0.612367 0.172257 0.0506706
163 0.612367 0.183978 0.0505606
164 0.612367 0.184823 0.0558276
165 0.612367 0.194913 0.0592661
166 0.612367 0.141052 0.0497947
167 0.612367 0.171726 0.0543778
168 0.612367 0.190135 0.0543378
169 0.612367 0.163481 0.0536844
170 0.612367 0.163143 0.0549476
171 0.612367 0.132612 0.0460125
172 0.612367 0.169121 0.0502261
173 0.612367 0.171961 0.0525296
174 0.612367 0.173297 0.0583491
175 0.612367 0.174543 0.0529869
176 0.612367 0.164662 0.0547342
177 0.612367 0.153601 0.0495709
178 0.612367 0.149753 0.0494034
179 0.612367 0.151816 0.0494942
180 0.612367 0.168399 0.0604374
181 0.612367 0.159547 0.0525426
182 0.612367 0.161972 0.0523475
183 0.612367 0.164069 0.0490611
184 0.612367 0.170466 0.0529638
185 0.612367 0.159438 0.0514016
186 0.612367 0.170206 0.0525389
187 0.612367 0.181998 0.059154
188 0.612367 0.176406 0.0559066
189 0.612367 0.196066 0.0544961
190 0.612367 0.194302 0.0539468
191 0.612367 0.160968 0.0482895
192 0.612367 0.157038 0.0513658
193 0.612367 0.164513 0.0505154
194 0.612367 0.167797 0.055486
195 0.612367 0.189034 0.0583096
196 0.612367 0.175752 0.0542002
197 0.612367 0.193948 0.0513671
198 0.612367 0.202916 0.0519512
199 0.612367 0.193272 0.0512879
200 0.612367 0.193987 0.0507981
201 0.612367 0.200815 0.0485426
202 0.612367 0.172642 0.0479635
203 0.612367 0.176211 0.0511252
204 0.612367 0.160132 0.0461923
205 0.612367 0.165092 0.0495834
206 0.612367 0.156137 0.0479568
207 0.612367 0.16179 0.0495585
208 0.612367 0.144587 0.0460912
209 0.612367 0.187731 0.0514572
210 0.612367 0.190508 0.0503919
211 0.612367 0.183825 0.0526401
212 0.612367 0.185847 0.0556851
213 0.612367 0.173759 0.0503436
214 0.612367 0.143496 0.044211
215 0.612367 0.174584 0.0537801
216 0.612367 0.185795 0.0549127
217 0.612367 0.177987 0.051116
218 0.612367 0.200283 0.0571766
219 0.612367 0.193752 0.0553045
220 0.613445 0.161513 0.0500437
221 0.613445 0.180788 0.0532927
222 0.613445 0.17225 0.0529048
223 0.613445 0.198364 0.0560173
224 0.613445 0.156972 0.04863
225 0.613445 0.188222 0.0565475
226 0.613445 0.146964 0.0490225
227 0.613445 0.173658 0.0548435
228 0.613445 0.184606 0.0498489
229 0.613445 0.216748 0.0578641
230 0.613445 0.184515 0.0539368
231 0.613445 0.197302 0.0527428
232 0.613445 0.176951 0.0480438
233 0.613445 0.18351 0.049968
234 0.613445 0.172701 0.0483322
235 0.613445 0.162928 0.0504136
236 0.613445 0.160682 0.0499221
237 0.613445 0.179921 0.0545601
238 0.613445 0.149581 0.0468667
239 0.613445 0.18196 0.0525289
240 0.613445 0.163533 0.0484887
241 0.613445 0.154846 0.0476809
242 0.613445 0.181679 0.0517506
243 0.613445 0.187829 0.0537959
244 0.613445 0.215791 0.0593189
245 0.613445 0.186859 0.0537701
246 0.613445 0.180189 0.0545792
247 0.613497 0.21491 0.0577806
248 0.613497 0.167958 0.0509229
249 0.613497 0.181523 0.0566284
250 0.613497 0.182289 0.0569708
251 0.613497 0.203487 0.0578127
252 0.613497 0.200203 0.0533402
253 0.613497 0.225232 0.0561847
254 0.613497 0.211986 0.0559004
255 0.613497 0.210512 0.0629864
256 0.613497 0.194698 0.0563473
257 0.613497 0.175154 0.0562005
258 0.613497 0.176456 0.0563838
259 0.613497 0.168828 0.053219
260 0.614433 0.150911 0.0537223
261 0.614433 0.152518 0.0526479
262 0.614433 0.181529 0.0575101
263 0.614433 0.20172 0.0583492
264 0.614433 0.157978 0.0510909
265 0.614433 0.139486 0.0477326
266 0.614433 0.173407 0.055422
267 0.614433 0.149552 0.0545074
268 0.614433 0.15274 0.0535155
269 0.614433 0.16963 0.0514464
270 0.614433 0.167268 0.0537604
271 0.614433 0.18669 0.0521662
272 0.614433 0.166207 0.053607
273 0.614433 0.184877 0.0479444
274 0.614433 0.175902 0.0505937
275 0.614433 0.157146 0.048351
276 0.614433 0.15291 0.051231
277 0.614433 0.154516 0.0510123
278 0.614433 0.18413 0.0581335
279 0.614433 0.192941 0.0623216
280 0.614433 0.173895 0.0567778
281 0.614433 0.175747 0.0542398
282 0.614433 0.180491 0.0566493
283 0.614433 0.197042 0.054854
284 0.614433 0.199511 0.0593559
285 0.614433 0.176969 0.058863
286 0.614433 0.172005 0.0507973
287 0.614433 0.204657 0.0564813
288 0.614433 0.181692 0.0579434
289 0.614433 0.152785 0.0494955
290 0.614433 0.164362 0.0543948
291 0.614433 0.190925 0.0546242
292 0.614433 0.173372 0.0563777
293 0.614433 0.149463 0.0520465
294 0.614433 0.181378 0.055031
295 0.614433 0.162026 0.0505959
296 0.614433 0.160519 0.0489839
297 0.614433 0.161233 0.0497244
298 0.614433 0.170919 0.0535723
299 0.614433 0.189949 0.0574091
300 0.614433 0.16629 0.0512732
301 0.614433 0.188028 0.0575936
302 0.614433 0.169268 0.053775
303 0.614433 0.175066 0.0564665
304 0.614433 0.20357 0.0595319
305 0.614433 0.180675 0.055504
306 0.614433 0.158653 0.0484538
307 0.614433 0.156003 0.0524086
308 0.614433 0.167234 0.0548692
309 0.614433 0.159402 0.0515182
310 0.614433 0.15021 0.0534833
311 0.614433 0.153143 0.0514804
312 0.614433 0.174647 0.0543758
313 0.614433 0.149154 0.0491075
314 0.614433 0.179979 0.0561783
315 0.614433 0.191587 0.055707
316 0.614433 0.188267 0.0565813
317 0.614433 0.177204 0.0561247
318 0.614433 0.161928 0.0556376
319 0.614433 0.19099 0.0551874
320 0.614433 0.175569 0.0538199
321 0.614433 0.160275 0.0537778
322 0.614433 0.14345 0.0481813
323 0.614433 0.150019 0.0490769
324 0.614433 0.17855 0.0608725
325 0.614433 0.178309 0.0559661
326 0.614433 0.175856 0.0510339
327 0.614433 0.150873 0.0466603
328 0.614433 0.157087 0.0497596
329 0.614433 0.171131 0.0554203
330 0.614433 0.15772 0.0523393
331 0.614433 0.161225 0.0524294
332 0.614433 0.157991 0.0525419
333 0.614433 0.171502 0.0512362
334 0.614433 0.170679 0.0526921
335 0.614433 0.165984 0.0535234
336 0.614433 0.144265 0.0485753
337 0.614433 0.152884 0.0512487
338 0.614433 0.172305 0.0557356
339 0.614433 0.17657 0.0589687
340 0.614433 0.173183 0.0550663
341 0.614433 0.193598 0.0585029
342 0.614433 0.189285 0.0562192
343 0.614433 0.190705 0.0544226
344 0.614433 0.197067 0.0530852
345 0.614433 0.190729 0.0551747
346 0.614433 0.191522 0.0568159
347 0.614433 0.200211 0.057726
348 0.614433 0.179064 0.0557294
349 0.614433 0.158105 0.0509515
350 0.614433 0.172002 0.0534464
351 0.614433 0.144994 0.0480458
352 0.614433 0.17781 0.0522043
353 0.614433 0.163259 0.05258
354 0.614433 0.148581 0.0517608
355 0.614433 0.164454 0.05292
356 0.614433 0.180689 0.0526624
357 0.614433 0.161137 0.0529413
358 0.614433 0.157311 0.0552705
359 0.614433 0.16961 0.0564001
360 0.614433 0.131054 0.0503461
361 0.614433 0.169211 0.0554863
362 0.614433 0.154932 0.0550456
363 0.614433 0.170366 0.0566449
364 0.614433 0.131354 0.0464203
365 0.614433 0.153007 0.0518322
366 0.614433 0.153667 0.0490408
367 0.614433 0.176114 0.052278
368 0.614433 0.168077 0.0504395
369 0.614433 0.148786 0.0501323
370 0.614433 0.165405 0.0518819
371 0.614433 0.17035 0.0538984
372 0.614433 0.168955 0.0531867
373 0.614433 0.159986 0.0481903
374 0.614433 0.162256 0.0534781
375 0.614433 0.179336 0.0560519
376 0.614433 0.157689 0.0555668
377 0.614433 0.142363 0.0493855
378 0.614433 0.146218 0.0492941
379 0.614433 0.137085 0.046739
380 0.614433 0.145636 0.05324
381 0.614433 0.129774 0.0485666
382 0.614433 0.144938 0.0493646
383 0.614433 0.14269 0.050366
384 0.614433 0.156343 0.0517585
385 0.614433 0.152297 0.0545701
386 0.614433 0.163825 0.0519542
387 0.614433 0.142595 0.0480271
388 0.614433 0.163699 0.0491124
389 0.614433 0.184387 0.056383
390 0.614433 0.159098 0.050728
391 0.614433 0.178038 0.0600268
392 0.614433 0.157101 0.0534885
393 0.614433 0.138322 0.046007
394 0.614433 0.17501 0.0558111
395 0.614433 0.144861 0.0492729
396 0.614433 0.166258 0.0521654
397 0.614433 0.178523 0.0555094
398 0.614433 0.186086 0.0524578
399 0.614433 0.169193 0.0488265
400 0.614433 0.169786 0.0504721
401 0.614433 0.188262 0.052854
402 0.614433 0.152258 0.046994
403 0.614433 0.156309 0.0521356
404 0.614433 0.165167 0.0576224
405 0.614433 0.149059 0.0496778
406 0.614433 0.167531 0.0531366
407 0.614433 0.173259 0.0558664
408 0.614433 0.161712 0.053938
409 0.614433 0.153643 0.0553432
410 0.614433 0.146349 0.0525696
411 0.614433 0.14192 0.052741
412 0.614433 0.15566 0.0564402
413 0.614433 0.150138 0.0516956
414 0.614433 0.167276 0.0554118
415 0.614433 0.159998 0.0521643
416 0.614433 0.153782 0.0542104
417 0.614433 0.181597 0.0583165
418 0.614433 0.147507 0.0512197
419 0.614433 0.150464 0.0517325
420 0.614433 0.150842 0.0510166
421 0.614433 0.154251 0.0524684
422 0.614433 0.150618 0.0520581
423 0.614433 0.172905 0.0554221
424 0.614433 0.16459 0.0572329
425 0.614433 0.154444 0.0559115
426 0.614433 0.165106 0.0567515
427 0.614433 0.179568 0.0567099
428 0.614433 0.169037 0.0538586
429 0.614433 0.154003 0.050667
430 0.614433 0.186651 0.0567973
431 0.614433 0.178798 0.0557545
432 0.614433 0.151336 0.0534129
433 0.614433 0.148074 0.0526316
434 0.614433 0.129117 0.0484102
435 0.614433 0.151011 0.0515338
436 0.614433 0.172017 0.0553849
437 0.614433 0.187721 0.0577203
438 0.614433 0.198382 0.0581898
439 0.614433 0.202218 0.0595412
440 0.614433 0.202112 0.0538758
441 0.614433 0.188489 0.0540422
442 0.614433 0.191208 0.0546043
443 0.614433 0.178116 0.0526157
444 0.614433 0.197791 0.0544857
445 0.614433 0.189782 0.0578697
446 0.614433 0.182085 0.0545728
447 0.614433 0.172496 0.0507215
448 0.614433 0.189261 0.0575124
449 0.614433 0.194792 0.0538581
450 0.614433 0.191583 0.053113
451 0.614433 0.199115 0.0578277
452 0.614433 0.190695 0.0533311
453 0.614433 0.202513 0.0553995
454 0.614433 0.202565 0.0609513
455 0.614433 0.202214 0.0595562
456 0.614433 0.204818 0.0558603
457 0.614433 0.177043 0.0520998
458 0.614433 0.177517 0.0559263
459 0.614433 0.17747 0.0561704
460 0.614433 0.187308 0.0581679
461 0.614433 0.176218 0.0523065
462 0.614433 0.177835 0.0525557
463 0.614433 0.194478 0.0519566
464 0.614433 0.198206 0.0581325
465 0.614433 0.188761 0.0522263
466 0.614433 0.184007 0.0567695
467 0.614433 0.191014 0.054812
468 0.614433 0.198362 0.0540083
469 0.614433 0.183761 0.0532886
470 0.614433 0.179412 0.0559105
471 0.614433 0.164173 0.0524093
472 0.614433 0.153838 0.0513678
473 0.614433 0.182268 0.0571795
474 0.614433 0.155903 0.0542287
475 0.614433 0.1606 0.0498984
476 0.614433 0.167942 0.0528384
477 0.614433 0.173561 0.0517279
478 0.614433 0.165257 0.0509127
479 0.614433 0.173897 0.0564501
480 0.614433 0.166103 0.0523205
481 0.614433 0.211522 0.0550586
482 0.614433 0.215344 0.0542938
483 0.614433 0.197434 0.0532555
484 0.614433 0.188966 0.0516402
485 0.614433 0.144894 0.0423058
486 0.614433 0.17462 0.0465003
487 0.614433 0.191724 0.0530274
488 0.614433 0.177024 0.0552914
489 0.614433 0.175828 0.0497843
490 0.614433 0.186003 0.054903
491 0.614433 0.201573 0.0563751
492 0.614433 0.183324 0.053698
493 0.614433 0.178641 0.0543172
494 0.614433 0.175777 0.0550596
495 0.614433 0.184707 0.0538946
496 0.614433 0.16385 0.0539741
497 0.614433 0.172537 0.0519871
498 0.614433 0.156218 0.0482602
499 0.614433 0.184846 0.0545077
500 0.614433 0.189551 0.0524008
501 0.614433 0.179708 0.0544087
502 0.614433 0.210606 0.0568351
503 0.614433 0.17859 0.0533424
504 0.614433 0.203042 0.0597532
505 0.614433 0.198032 0.0617615
506 0.614433 0.186985 0.0585348
507 0.614433 0.193291 0.0599591
508 0.614433 0.16462 0.0518846
509 0.614433 0.149678 0.0502079
510 0.614433 0.138231 0.0503917
511 0.614433 0.151342 0.0532336
512 0.614433 0.143276 0.0548797
513 0.614433 0.166503 0.0572441
514 0.614433 0.156825 0.0572168
515 0.614433 0.179579 0.0592569
516 0.614433 0.143908 0.051444
517 0.614433 0.1295 0.0506049
518 0.614433 0.143399 0.0518063
519 0.614433 0.148784 0.0494027
520 0.614433 0.163247 0.0528407
521 0.614433 0.147791 0.0523226
522 0.614433 0.157986 0.0535585
523 0.614433 0.170788 0.0538583
524 0.614433 0.16817 0.0564331
525 0.614433 0.160799 0.0543902
526 0.614433 0.20787 0.0562269
527 0.614433 0.19426 0.0568084
528 0.614433 0.163896 0.0497161
529 0.614433 0.172055 0.0524053
530 0.614433 0.184072 0.0588495
531 0.614433 0.188993 0.0544925
532 0.614433 0.181684 0.0549311
533 0.614433 0.193203 0.0565808
534 0.614433 0.183967 0.050618
535 0.614433 0.164931 0.0500047
536 0.614433 0.17444 0.0529038
537 0.614433 0.171721 0.0526969
538 0.614433 0.172609 0.0531689
539 0.614433 0.144196 0.049283
540 0.614433 0.148611 0.0507886
541 0.614433 0.175443 0.0572644
542 0.614433 0.161737 0.0499557
543 0.614433 0.130653 0.0486888
544 0.614433 0.158361 0.0504497
545 0.614433 0.174432 0.0528164
546 0.614433 0.205732 0.0588872
547 0.614433 0.218597 0.0592989
548 0.614433 0.191269 0.0555737
549 0.614433 0.225712 0.0594504
550 0.614433 0.203895 0.0566937
551 0.614433 0.195063 0.0553146
552 0.614433 0.164965 0.0526118
553 0.614433 0.177164 0.0566674
554 0.614433 0.170099 0.0559278
555 0.614433 0.209791 0.0575013
556 0.614433 0.186126 0.0506962
557 0.614433 0.156306 0.0498746
558 0.614433 0.161009 0.0473342
559 0.614433 0.169376 0.0514211
560 0.614433 0.194503 0.0512887
561 0.614433 0.197806 0.0575808
562 0.614433 0.187365 0.0541936
563 0.614433 0.179456 0.0514896
564 0.614433 0.184447 0.0528308
565 0.614433 0.202699 0.0559061
566 0.614433 0.193517 0.0578781
567 0.614433 0.215286 0.0560799
568 0.614433 0.162173 0.0534009
569 0.614433 0.145335 0.0501086
570 0.614433 0.186143 0.0547917
571 0.614433 0.182058 0.0528209
572 0.614433 0.202959 0.0558514
573 0.614433 0.187559 0.0504693
574 0.614433 0.201622 0.054572
575 0.614433 0.217011 0.0556355
576 0.614433 0.190911 0.050679
577 0.614433 0.203816 0.052524
578 0.614433 0.212533 0.0562158
579 0.614433 0.212524 0.0554351
580 0.614433 0.17951 0.0558392
581 0.614433 0.159769 0.0506476
582 0.614433 0.167957 0.050265
583 0.614433 0.169888 0.0530127
584 0.614433 0.166644 0.049922
585 0.614433 0.165789 0.0521469
586 0.614433 0.166218 0.051288
587 0.614433 0.157036 0.0474844
588 0.614433 0.186477 0.0551969
589 0.614433 0.17028 0.0506408
590 0.614433 0.151296 0.0488684
591 0.614433 0.165815 0.0554284
592 0.614433 0.143659 0.0500481
593 0.614433 0.144133 0.0517137
594 0.614433 0.150757 0.0533763
595 0.614433 0.144927 0.0504866
596 0.614433 0.139261 0.0503674
597 0.614433 0.152036 0.0499355
598 0.614433 0.155912 0.0525752
599 0.614433 0.158239 0.053396
600 0.614433 0.185312 0.054496
601 0.614433 0.171523 0.055796
602 0.614433 0.178553 0.0545892
603 0.614433 0.186786 0.0544503
604 0.614433 0.15613 0.0496567
605 0.614433 0.184484 0.0541797
606 0.614433 0.162069 0.0520138
607 0.614433 0.207375 0.0513008
608 0.614433 0.148204 0.0517322
609 0.614433 0.163758 0.0515378
610 0.614433 0.175422 0.0556979
611 0.614433 0.168013 0.0500667
612 0.614433 0.174759 0.0530944
613 0.614433 0.182725 0.0520096
614 0.614433 0.184658 0.0524572
615 0.614433 0.184841 0.054797
616 0.614433 0.160094 0.0527273
617 0.614433 0.139178 0.0505038
618 0.614433 0.145097 0.0520819
619 0.614433 0.182862 0.0568349
620 0.614433 0.194502 0.0578788
621 0.614433 0.168421 0.0537171
622 0.614433 0.161201 0.0538023
623 0.614433 0.165452 0.0525752
624 0.614433 0.159142 0.0532263
625 0.614433 0.167001 0.054955
626 0.614433 0.163705 0.0530846
627 0.614433 0.175208 0.0508668
628 0.614433 0.158087 0.0505317
629 0.614433 0.161999 0.0531873
630 0.614433 0.14758 0.0492851
631 0.614433 0.166466 0.0530737
632 0.614433 0.164351 0.0502255
633 0.614433 0.156946 0.0519673
634 0.614433 0.166666 0.0519208
635 0.614433 0.174015 0.05098
636 0.614433 0.182529 0.0504009
637 0.614433 0.168763 0.0565139
638 0.614433 0.1692 0.0565858
639 0.614433 0.180593 0.0586674
640 0.614433 0.162837 0.0547845
641 0.614433 0.147265 0.0520586
642 0.614433 0.176416 0.0543428
643 0.614433 0.181138 0.0524122
644 0.614433 0.182978 0.0504074
645 0.614433 0.194067 0.0540832
646 0.614433 0.212175 0.0576181
647 0.614433 0.210008 0.0573132
648 0.614433 0.191229 0.0521396
649 0.614433 0.163698 0.0514626
650 0.614433 0.173054 0.053475
651 0.614433 0.170832 0.0523397
652 0.614433 0.159683 0.0525723
653 0.614433 0.164103 0.0575735
654 0.614433 0.141313 0.0508336
655 0.614433 0.162319 0.0561308
656 0.614433 0.164054 0.0540155
657 0.614433 0.182665 0.0538766
658 0.614433 0.145171 0.0483964
659 0.614433 0.154514 0.05368
660 0.614433 0.118252 0.0466093
661 0.614433 0.150978 0.052869
662 0.614433 0.139231 0.0486168
663 0.614433 0.145207 0.0510944
664 0.614433 0.163686 0.0535939
665 0.614433 0.150024 0.0489482
666 0.614433 0.1625 0.0505987
667 0.614433 0.197413 0.0567553
668 0.614433 0.175694 0.052192
669 0.614433 0.189272 0.056682
670 0.614433 0.178982 0.0546962
671 0.614433 0.183012 0.0539539
672 0.614433 0.183092 0.050781
673 0.614433 0.191529 0.0552714
674 0.614433 0.162956 0.0541969
675 0.614433 0.179236 0.0551073
676 0.614433 0.163319 0.0499403
677 0.614433 0.152572 0.048303
678 0.614433 0.13922 0.0464352
679 0.614433 0.151183 0.0456449
680 0.614433 0.166641 0.0528831
681 0.614433 0.163916 0.0505168
682 0.614433 0.147776 0.0495439
683 0.614433 0.148296 0.0477903
684 0.614433 0.15809 0.0516725
685 0.614433 0.164463 0.0534272
686 0.614433 0.179676 0.0495253
687 0.614433 0.146087 0.0463194
688 0.614433 0.144795 0.0471284
689 0.614433 0.119314 0.0428927
690 0.614433 0.136936 0.0466558
691 0.614433 0.12471 0.0450622
692 0.614433 0.139464 0.0464537
693 0.614433 0.141638 0.0495271
694 0.614433 0.15154 0.0514847
695 0.614433 0.142329 0.0480425
696 0.614433 0.148554 0.0524203
697 0.614433 0.141558 0.0474183
698 0.614433 0.166732 0.0495113
699 0.614433 0.156256 0.0519733
700 0.614433 0.15592 0.0509758
701 0.614433 0.148971 0.0522083
702 0.614433 0.154836 0.0525051
703 0.614433 0.156548 0.0506206
704 0.614433 0.163293 0.050243
705 0.614433 0.133512 0.0463824
706 0.614433 0.165092 0.0533822
707 0.614433 0.132851 0.0472124
708 0.614433 0.133363 0.0510894
709 0.614433 0.128164 0.0477618
710 0.614433 0.144157 0.0525621
711 0.614433 0.162679 0.0553877
712 0.614433 0.183265 0.0589927
713 0.614433 0.160358 0.0523601
714 0.614433 0.159876 0.0484531
715 0.614433 0.141438 0.0444841
716 0.614433 0.156298 0.0481373
717 0.614433 0.156533 0.0512482
718 0.614433 0.155869 0.0508025
719 0.614433 0.163096 0.0481083
720 0.614433 0.145525 0.0458234
721 0.614433 0.128577 0.0457327
722 0.614433 0.135417 0.0489222
723 0.614433 0.12636 0.0483787
724 0.614433 0.141985 0.0489055
725 0.614433 0.146569 0.0488989
726 0.614433 0.151275 0.0510104
727 0.614433 0.184853 0.0558762
728 0.614433 0.16081 0.0520714
729 0.614433 0.158329 0.0539414
730 0.614433 0.15288 0.0508617
731 0.614433 0.154091 0.0491982
732 0.614433 0.134282 0.0498255
733 0.614433 0.16101 0.0509575
734 0.614433 0.16528 0.0521335
735 0.614433 0.189122 0.0552428
736 0.614433 0.168182 0.0506929
737 0.614433 0.169728 0.0550587
738 0.614433 0.20007 0.0616845
739 0.614433 0.182156 0.0536276
740 0.614433 0.185991 0.0567565
741 0.614433 0.170792 0.0515394
742 0.614433 0.187876 0.0537746
743 0.614433 0.158592 0.04839
744 0.614433 0.147972 0.0521028
745 0.614433 0.135496 0.0492137
746 0.614433 0.161149 0.0505164
747 0.614433 0.154972 0.0515367
748 0.614433 0.17191 0.0548492
749 0.614433 0.149169 0.0504563
750 0.614433 0.153577 0.0519066
751 0.614433 0.152096 0.0506394
752 0.614433 0.170249 0.0526927
753 0.614433 0.182135 0.0543541
754 0.614433 0.177005 0.0540602
755 0.614433 0.192419 0.0561243
756 0.614433 0.194116 0.0507692
757 0.614433 0.195893 0.0525433
758 0.614433 0.19958 0.0549204
759 0.614433 0.207024 0.0548655
760 0.614433 0.20052 0.0540351
761 0.614433 0.158214 0.0461233
762 0.614433 0.174965 0.0529719
763 0.614433 0.179717 0.0518391
764 0.614433 0.16732 0.0487686
765 0.614433 0.187414 0.0514087
766 0.614433 0.209457 0.05244
767 0.614433 0.203703 0.055118
768 0.614433 0.15712 0.0498051
769 0.614433 0.140736 0.0492922
770 0.614433 0.151711 0.0505587
771 0.614433 0.171672 0.0539181
772 0.614433 0.155928 0.048016
773 0.614433 0.178138 0.0541017
774 0.614433 0.175625 0.0535302
775 0.614433 0.172761 0.0505154
776 0.614433 0.173805 0.048302
777 0.614433 0.196388 0.0576628
778 0.614433 0.177067 0.0531654
779 0.614433 0.174854 0.0510358
780 0.614433 0.165066 0.0555155
781 0.614433 0.164183 0.0508118
782 0.614433 0.168304 0.0534544
783 0.614433 0.192518 0.0569206
784 0.614433 0.170876 0.0511136
785 0.614433 0.171237 0.0570341
786 0.614433 0.15559 0.0532059
787 0.614433 0.162637 0.0534073
788 0.614433 0.162095 0.0535516
789 0.614433 0.163013 0.0516134
790 0.614433 0.171958 0.0532153
791 0.614433 0.177655 0.0568505
792 0.614433 0.165398 0.0537459
793 0.614433 0.160828 0.0497471
794 0.614433 0.160131 0.0531348
795 0.614433 0.166552 0.0578304
796 0.614433 0.159963 0.0526853
797 0.614433 0.160691 0.0519437
798 0.614433 0.167413 0.0546075
799 0.614433 0.155065 0.0504191
800 0.614433 0.168057 0.0520052
801 0.614433 0.158891 0.0521465
802 0.614433 0.154845 0.0500454
803 0.614433 0.160922 0.0515022
804 0.614433 0.157822 0.0502299
805 0.614433 0.164458 0.0503439
806 0.614433 0.1497 0.0482489
807 0.614433 0.145115 0.0464307
808 0.614433 0.167668 0.050948
809 0.614433 0.167373 0.051863
810 0.614433 0.151928 0.0493319
811 0.614433 0.137927 0.0467885
812 0.614433 0.159066 0.0491901
813 0.614433 0.166492 0.0496927
814 0.614433 0.176627 0.0536495
815 0.614433 0.172567 0.0506389
816 0.614433 0.164589 0.0511699
817 0.614433 0.179329 0.0545983
818 0.614433 0.181217 0.0538918
819 0.614433 0.186276 0.0520765
820 0.614433 0.182599 0.0514987
821 0.614433 0.196797 0.0531113
822 0.614433 0.184516 0.0528756
823 0.614433 0.179726 0.0551199
824 0.614433 0.19028 0.0539658
825 0.614433 0.14219 0.0457737
826 0.614433 0.159679 0.0512964
827 0.614433 0.153021 0.0539934
828 0.614433 0.156915 0.0510727
829 0.614433 0.163493 0.0535925
830 0.614433 0.210818 0.0527738
831 0.614433 0.192382 0.0541579
832 0.614433 0.203439 0.0582606
833 0.614433 0.219981 0.062725
834 0.614433 0.224252 0.0576381
835 0.614433 0.220704 0.0598823
836 0.614433 0.182491 0.0565109
837 0.614433 0.171664 0.0503136
838 0.614433 0.161851 0.0507587
839 0.614433 0.167977 0.0551228
840 0.614433 0.167891 0.0549748
841 0.614433 0.160412 0.0543481
842 0.614433 0.182132 0.0517779
843 0.614433 0.192561 0.055125
844 0.614433 0.18379 0.0521259
845 0.614433 0.171861 0.0498384
846 0.614433 0.170353 0.0538699
847 0.614433 0.17069 0.0575012
848 0.614433 0.162246 0.0544878
849 0.614433 0.168816 0.0532177
850 0.614433 0.185382 0.0616079
851 0.614433 0.186501 0.0550628
852 0.614433 0.179272 0.0561364
853 0.614433 0.168357 0.0486727
854 0.614433 0.161557 0.0516156
855 0.614433 0.17643 0.0525426
856 0.614433 0.174817 0.0518079
857 0.614433 0.155146 0.0514218
858 0.614433 0.199406 0.0559287
859 0.614433 0.216809 0.0529444
860 0.614433 0.212586 0.0565306
861 0.614433 0.202074 0.0546399
862 0.614433 0.214625 0.057599
863 0.614433 0.190436 0.0563308
864 0.614433 0.175753 0.0516349
865 0.614433 0.156409 0.0480371
866 0.614433 0.175785 0.0527097
867 0.614433 0.197385 0.0554599
868 0.614433 0.219134 0.0608884
869 0.614433 0.195426 0.0541837
870 0.614433 0.191162 0.0550356
871 0.614433 0.170958 0.0542793
872 0.614433 0.165572 0.0540386
873 0.614433 0.161842 0.0514052
874 0.614433 0.171828 0.0571993
875 0.614433 0.180769 0.0566703
876 0.614433 0.175989 0.0529776
877 0.614433 0.172119 0.0506397
878 0.614433 0.193792 0.0512282
879 0.614433 0.200915 0.05853
880 0.614433 0.18144 0.0530357
881 0.614433 0.205249 0.0570509
882 0.614433 0.18645 0.0522576
883 0.614433 0.171512 0.052815
884 0.614433 0.18447 0.0530856
885 0.614433 0.182734 0.0484542
886 0.614433 0.199378 0.0565577
887 0.614433 0.188932 0.0534839
888 0.614433 0.198135 0.0538853
889 0.614433 0.188408 0.0495058
890 0.614433 0.196221 0.0569776
891 0.614433 0.162829 0.0494175
892 0.614433 0.16763 0.0502937
893 0.614433 0.120125 0.046435
894 0.614433 0.150081 0.0565987
895 0.614433 0.170537 0.0552824
896 0.614433 0.17035 0.0565088
897 0.614433 0.16481 0.0515669
898 0.614433 0.145815 0.0456466
899 0.614433 0.140243 0.0460526
900 0.614433 0.158114 0.0539148
901 0.614433 0.151098 0.0550324
902 0.614433 0.134136 0.0480997
903 0.614433 0.153604 0.0536216
904 0.614433 0.156096 0.053939
905 0.614433 0.126158 0.0470876
906 0.614433 0.129224 0.0479161
907 0.614433 0.14071 0.0505032
908 0.614433 0.153633 0.0535482
909 0.614433 0.135147 0.0527279
910 0.614433 0.166193 0.0567709
911 0.614433 0.142667 0.0497079
912 0.614433 0.159348 0.0519893
913 0.614433 0.133542 0.0441638
914 0.614433 0.132887 0.0482433
915 0.614433 0.143036 0.0455694
916 0.614433 0.153618 0.0522684
917 0.614433 0.164022 0.0535685
918 0.614433 0.166213 0.054901
919 0.614433 0.180717 0.0551904
920 0.614433 0.150084 0.0481577
921 0.614433 0.139269 0.0472781
922 0.614433 0.152157 0.0536819
923 0.614433 0.175983 0.0597822
924 0.614433 0.173358 0.055007
925 0.614433 0.158205 0.0508041
926 0.614433 0.152879 0.0498253
927 0.614433 0.16081 0.0454515
928 0.614433 0.175199 0.0556965
929 0.614433 0.178807 0.0510161
930 0.614433 0.174715 0.0472087
931 0.614433 0.160781 0.0511876
932 0.614433 0.175493 0.0534157
933 0.614433 0.176462 0.0506202
934 0.614433 0.192565 0.0549128
935 0.614433 0.159672 0.0509697
936 0.614433 0.175101 0.0483653
937 0.614433 0.176012 0.0510262
938 0.614433 0.17851 0.0527746
939 0.614433 0.196186 0.05622
940 0.614433 0.19581 0.0554599
941 0.614433 0.187347 0.0490346
942 0.614433 0.185716 0.0537138
943 0.614433 0.159766 0.0560834
944 0.614433 0.170241 0.0548927
945 0.614433 0.165944 0.0490764
946 0.614433 0.198234 0.0564685
947 0.614433 0.168291 0.0525564
948 0.614433 0.173007 0.054491
949 0.614433 0.162769 0.0521788
950 0.614433 0.140813 0.0531661
951 0.614433 0.132923 0.0453978
952 0.614433 0.146434 0.0495293
953 0.614433 0.1612 0.0531523
954 0.614433 0.186728 0.0559648
955 0.614433 0.160005 0.0523736
956 0.614433 0.177116 0.0581742
957 0.614433 0.134057 0.0507618
958 0.614433 0.183807 0.0610992
959 0.614433 0.1752 0.0506074
960 0.614433 0.165865 0.0537042
961 0.614433 0.161207 0.054961
962 0.614433 0.16533 0.0538395
963 0.614433 0.172418 0.0523758
964 0.614433 0.170888 0.0520129
965 0.614433 0.190181 0.0526173
966 0.614433 0.160097 0.0484407
967 0.614433 0.151168 0.0467868
968 0.614433 0.180606 0.0527017
969 0.614433 0.181387 0.0529235
970 0.614433 0.18246 0.0545239
971 0.614433 0.17443 0.0521427
972 0.614433 0.171539 0.0494005
973 0.614433 0.183928 0.0546243
974 0.614433 0.166412 0.0487378
975 0.614433 0.168028 0.0535275
976 0.614433 0.181728 0.0582422
977 0.614433 0.161621 0.0499925
978 0.614433 0.161135 0.0517723
979 0.614433 0.161335 0.053015
980 0.614433 0.176193 0.0583739
981 0.614433 0.174231 0.0544686
982 0.614433 0.178785 0.0531752
983 0.614433 0.176783 0.0533762
984 0.614433 0.18565 0.0558868
985 0.614433 0.177623 0.0543852
986 0.614433 0.141575 0.0501043
987 0.614433 0.141684 0.0532352
988 0.614433 0.156146 0.055587
989 0.614433 0.12475 0.0460187
990 0.614433 0.123426 0.0450676
991 0.614433 0.128004 0.046973
992 0.614433 0.13398 0.0490885
993 0.614433 0.13846 0.051994
994 0.614433 0.128696 0.0467801
995 0.614433 0.117746 0.0438576
996 0.614433 0.12799 0.0469445
997 0.614433 0.157165 0.0507057
998 0.614433 0.141136 0.0482915
999 0.614433 0.155661 0.05046
1000 0.614433 0.166143 0.0547318
