0 0.125268 0.0539865 0.003859
1 0.125275 0.0564721 0.00389863
2 0.125275 0.060442 0.0039118
3 0.125275 0.0753069 0.00376509
4 0.125278 0.0777516 0.0037041
5 0.125278 0.0816991 0.00352698
6 0.125278 0.0840233 0.0034709
7 0.125278 0.0877249 0.00330104
8 0.125278 0.0853028 0.00340806
9 0.125278 0.0864987 0.00336215
10 0.125278 0.0879677 0.00326742
11 0.125278 0.0936397 0.00291397
12 0.125278 0.0964601 0.00278472
13 0.125278 0.101412 0.00242453
14 0.125278 0.0976465 0.00270938
15 0.125278 0.0989014 0.00261947
16 0.125278 0.109007 0.00176306
17 0.125278 0.110578 0.00157982
18 0.125278 0.112681 0.00140324
19 0.125278 0.110129 0.00167056
20 0.125278 0.105147 0.00212205
21 0.125278 0.108934 0.00177891
22 0.125278 0.110152 0.00166754
23 0.125278 0.107694 0.00189203
24 0.125278 0.100208 0.00251464
25 0.125278 0.107682 0.00189788
26 0.125278 0.109325 0.00171078
27 0.125278 0.112642 0.00142366
28 0.125278 0.115225 0.00115009
29 0.125278 0.11891 0.000747747
30 0.125278 0.117657 0.000889376
31 0.125278 0.117651 0.000892452
32 0.125278 0.113913 0.00128959
33 0.125278 0.111726 0.00148373
34 0.125278 0.114121 0.00121837
35 0.125278 0.11139 0.00154905
36 0.125278 0.112649 0.00142422
37 0.125278 0.11265 0.00142424
38 0.125278 0.113889 0.00129578
39 0.125278 0.1139 0.00129603
40 0.125278 0.117644 0.000892341
41 0.125278 0.116395 0.00103004
42 0.125278 0.117654 0.000892498
43 0.125278 0.11891 0.000751707
44 0.125278 0.121407 0.000460479
45 0.125278 0.123905 0.000156649
46 0.125278 0.125166 6.2428e-09
47 0.125278 0.122684 0.000303218
48 0.125278 0.123877 0.000152109
49 0.125278 0.123976 0.000138399
50 0.125278 0.123956 0.000144792
51 0.125278 0.123842 0.000156815
52 0.125278 0.123907 0.000156653
53 0.125278 0.121397 0.000460404
54 0.125278 0.120223 0.000588206
55 0.125278 0.118942 0.000742384
56 0.125278 0.120366 0.000560354
57 0.125278 0.117752 0.000867846
58 0.125278 0.120169 0.000603397
59 0.125278 0.121431 0.000455512
60 0.125278 0.122647 0.000309532
61 0.125278 0.120219 0.00059053
62 0.125278 0.117708 0.000876322
63 0.125278 0.118927 0.000744634
64 0.125278 0.122638 0.000310048
65 0.125676 0.121398 0.000459594
66 0.125676 0.121411 0.000458799
67 0.125676 0.122798 0.000272705
68 0.125676 0.122662 0.000306019
69 0.125676 0.118992 0.000730508
70 0.125676 0.122656 0.000310144
71 0.125676 0.118899 0.000751563
72 0.125676 0.121403 0.000460447
73 0.125676 0.117702 0.000882019
74 0.125676 0.114397 0.0012008
75 0.125676 0.114191 0.00123716
76 0.125676 0.117711 0.000877655
77 0.125676 0.120159 0.000607675
78 0.125676 0.121395 0.000460035
79 0.125676 0.120162 0.000606173
80 0.125676 0.117652 0.00089246
81 0.125676 0.116416 0.00102606
82 0.125676 0.112656 0.00142395
83 0.125676 0.118906 0.000751093
84 0.125676 0.120241 0.000585386
85 0.125676 0.12267 0.000306933
86 0.125676 0.119458 0.000643622
87 0.125676 0.118908 0.000751696
88 0.125676 0.120232 0.000591815
89 0.125676 0.117747 0.000870691
90 0.125676 0.120143 0.000607514
91 0.125676 0.119531 0.000632673
92 0.125676 0.120143 0.000606466
93 0.125676 0.120323 0.00056982
94 0.125676 0.121335 0.000459675
95 0.125676 0.120159 0.000605432
96 0.125676 0.121403 0.000459992
97 0.125676 0.122653 0.000309593
98 0.125676 0.121631 0.000408298
99 0.125676 0.122648 0.000310101
100 0.125676 0.122665 0.000310169
101 0.125676 0.122667 0.000309306
102 0.125676 0.12391 0.000156663
103 0.125676 0.123916 0.000156682
104 0.125676 0.121436 0.00045732
105 0.125676 0.115174 0.00115854
106 0.125676 0.113972 0.00127987
107 0.125676 0.118927 0.000746865
108 0.125676 0.117669 0.000887108
109 0.125676 0.1174 0.000876733
110 0.125676 0.115577 0.00108495
111 0.125676 0.112968 0.00135024
112 0.125786 0.118123 0.000798956
113 0.125786 0.11642 0.00102627
114 0.125786 0.112752 0.00140391
115 0.125786 0.114127 0.00124684
116 0.125786 0.116953 0.000926599
117 0.125786 0.108205 0.00177556
118 0.125786 0.107709 0.0018937
119 0.125786 0.105275 0.00209952
120 0.125786 0.105194 0.0021191
121 0.125786 0.10653 0.00199439
122 0.125786 0.106484 0.00200479
123 0.125786 0.0991711 0.00256647
124 0.125786 0.0915016 0.00310187
125 0.126573 0.0964575 0.00279585
126 0.126573 0.0898481 0.00316729
127 0.126573 0.0902922 0.00315678
128 0.126573 0.0866674 0.00334509
129 0.126573 0.0802618 0.00363631
130 0.126573 0.0741246 0.00379818
131 0.126573 0.0789926 0.00367304
132 0.126573 0.0754659 0.00375902
133 0.126573 0.0952582 0.00287492
134 0.126573 0.0902845 0.00317265
135 0.126573 0.0889932 0.00324998
136 0.126573 0.0977479 0.00271032
137 0.126573 0.0848179 0.00336649
138 0.126573 0.0866103 0.0033671
139 0.126573 0.0890503 0.00324649
140 0.126573 0.0865805 0.00336832
141 0.128228 0.0903294 0.00318426
142 0.128228 0.090441 0.00316262
143 0.128228 0.0815508 0.00352855
144 0.128228 0.0828565 0.00354992
145 0.128228 0.0841403 0.00349009
146 0.128228 0.0841343 0.0034884
147 0.129902 0.0767662 0.00375864
148 0.129902 0.0772103 0.00371285
149 0.129902 0.0780968 0.00370854
150 0.129902 0.0768395 0.00374396
151 0.129902 0.0837166 0.0034662
152 0.129902 0.0879692 0.00331014
153 0.129902 0.0818479 0.00357116
154 0.129902 0.0852989 0.00342635
155 0.129902 0.0785857 0.0036474
156 0.129902 0.0810485 0.00357715
157 0.129902 0.0880431 0.00332397
158 0.129902 0.0775301 0.00368959
159 0.129902 0.0756572 0.00378863
160 0.130385 0.0775178 0.00371021
161 0.130385 0.088423 0.00328554
162 0.130385 0.0800435 0.00361884
163 0.130385 0.0777554 0.00368255
164 0.130385 0.0746908 0.00379311
165 0.130385 0.0746257 0.00382595
166 0.130385 0.0730664 0.00380944
167 0.130385 0.0737153 0.00379334
168 0.130385 0.0737327 0.0038204
169 0.130385 0.0822465 0.00357653
170 0.130385 0.0824246 0.00356151
171 0.130385 0.0763229 0.00374332
172 0.130385 0.0837317 0.00348269
173 0.130747 0.0884749 0.00321734
174 0.130747 0.0841577 0.00344527
175 0.130747 0.0788347 0.0036945
176 0.130747 0.0723648 0.00386016
177 0.130747 0.0713848 0.00388766
178 0.130747 0.0773704 0.00376179
179 0.130747 0.0775213 0.0037318
180 0.130747 0.0822984 0.00357711
181 0.130747 0.0837747 0.00351202
182 0.130747 0.0826145 0.00351565
183 0.130747 0.0844136 0.00343895
184 0.130747 0.0816915 0.00355444
185 0.130965 0.0739388 0.00382756
186 0.131169 0.0847735 0.0034825
187 0.131169 0.0837835 0.00352975
188 0.131169 0.0701618 0.00390425
189 0.131169 0.0751423 0.00379855
190 0.131169 0.0759515 0.00377956
191 0.131169 0.0800399 0.00361915
192 0.131376 0.0769817 0.00361838
193 0.131376 0.0820523 0.00351376
194 0.131376 0.0781774 0.00365732
195 0.131619 0.0815508 0.00355565
196 0.131619 0.0860222 0.0033646
197 0.131619 0.086166 0.00340114
198 0.131893 0.0830192 0.00352188
199 0.131893 0.0901685 0.00320631
200 0.131893 0.0914662 0.00311328
201 0.131893 0.0948518 0.00295085
202 0.131893 0.0886576 0.00326618
203 0.131893 0.0890169 0.00327449
204 0.131893 0.0914224 0.00317312
205 0.132126 0.0792289 0.00369603
206 0.132126 0.0900405 0.00322466
207 0.132126 0.0948251 0.00290891
208 0.132126 0.095519 0.00284766
209 0.132337 0.094172 0.00295881
210 0.132337 0.0944647 0.00288898
211 0.132337 0.0949287 0.00284164
212 0.132337 0.0961965 0.0027637
213 0.132337 0.0939743 0.00292349
214 0.134524 0.0922319 0.00304377
215 0.13523 0.105264 0.00219422
216 0.13523 0.0981467 0.00274215
217 0.13523 0.090155 0.00315218
218 0.13523 0.0823541 0.00339247
219 0.13523 0.0857031 0.00341114
220 0.13523 0.0824471 0.00352433
221 0.13523 0.0870296 0.00332998
222 0.13523 0.0915862 0.00318113
223 0.13523 0.0880482 0.00332511
224 0.13523 0.0879961 0.00333952
225 0.13523 0.0831328 0.00349074
226 0.13656 0.0855543 0.00345798
227 0.13656 0.0903285 0.00323769
228 0.13656 0.0955676 0.0029057
229 0.13656 0.0930032 0.0030106
230 0.13656 0.0940599 0.00295395
231 0.13656 0.0885032 0.00325126
232 0.13656 0.0857323 0.00337634
233 0.13656 0.0894308 0.00322931
234 0.13656 0.0933211 0.00301239
235 0.13656 0.0925585 0.00308316
236 0.13656 0.0913251 0.00316877
237 0.13656 0.0912557 0.00310235
238 0.13656 0.104035 0.00231044
239 0.13656 0.0926947 0.0030175
240 0.13656 0.0867443 0.00334209
241 0.13656 0.0905242 0.00316748
242 0.13656 0.0925986 0.0030476
243 0.13656 0.0908974 0.00318867
244 0.13656 0.0934761 0.00301846
245 0.13656 0.0937199 0.00307529
246 0.13656 0.0892733 0.00327081
247 0.13656 0.0949978 0.00289974
248 0.13656 0.0979241 0.00268879
249 0.13656 0.0928096 0.00307891
250 0.13656 0.0884666 0.00328777
251 0.13656 0.0818761 0.0035418
252 0.13656 0.0979046 0.00275536
253 0.136755 0.098534 0.00272355
254 0.136755 0.0986301 0.00269973
255 0.136755 0.0910411 0.00318893
256 0.136832 0.0977881 0.00269867
257 0.136832 0.100293 0.00256574
258 0.136832 0.0945463 0.00286084
259 0.136832 0.0980051 0.0026355
260 0.136832 0.0975515 0.00274266
261 0.136832 0.0979983 0.00271706
262 0.136832 0.0994147 0.0025868
263 0.136832 0.0937523 0.00299701
264 0.136832 0.0944266 0.00287124
265 0.136832 0.0904224 0.00312278
266 0.136832 0.0882346 0.00322798
267 0.136832 0.097044 0.00269742
268 0.136832 0.0954471 0.00290554
269 0.136832 0.0974493 0.00271532
270 0.136832 0.0935505 0.00300343
271 0.136832 0.0903175 0.00318571
272 0.136832 0.0815674 0.00349277
273 0.136832 0.0809396 0.00355938
274 0.137346 0.0914021 0.00318011
275 0.137346 0.0974599 0.00277004
276 0.137346 0.0913199 0.00317043
277 0.137346 0.0925105 0.0031213
278 0.137346 0.0956052 0.00290959
279 0.137346 0.0912794 0.00314194
280 0.137346 0.0901332 0.00319711
281 0.137346 0.089964 0.00322081
282 0.137346 0.0897652 0.00326164
283 0.137549 0.0887402 0.00331175
284 0.137549 0.0952245 0.00295504
285 0.137549 0.0866336 0.00337804
286 0.137549 0.0928074 0.00305947
287 0.137549 0.0972547 0.00282327
288 0.137549 0.0927444 0.00307462
289 0.137549 0.101751 0.00245764
290 0.137549 0.100785 0.00246985
291 0.137549 0.101097 0.00251913
292 0.140756 0.101578 0.0025276
293 0.140756 0.0988673 0.0026693
294 0.140756 0.0963066 0.00285409
295 0.140756 0.0962021 0.00286913
296 0.140756 0.0924802 0.00314082
297 0.140756 0.0962833 0.00283351
298 0.140756 0.0943078 0.00296097
299 0.140756 0.0814976 0.00355315
300 0.140756 0.084887 0.00344828
301 0.140756 0.0829887 0.00352847
302 0.140756 0.0840403 0.00339544
303 0.140756 0.0899128 0.00318837
304 0.140756 0.0843359 0.0034601
305 0.140756 0.0939862 0.00299494
306 0.140756 0.0953919 0.00293313
307 0.140756 0.0954774 0.00286486
308 0.140756 0.097094 0.00280605
309 0.140756 0.097218 0.00272369
310 0.140756 0.0934431 0.00294879
311 0.14116 0.0873965 0.00331171
312 0.14116 0.0972761 0.00273983
313 0.14116 0.0952662 0.00292686
314 0.14116 0.0993175 0.00261146
315 0.14116 0.0999463 0.00264181
316 0.14116 0.090662 0.00315897
317 0.14116 0.0946466 0.00289036
318 0.14116 0.0939577 0.00293419
319 0.14116 0.0966716 0.00286628
320 0.14116 0.0903126 0.00319868
321 0.14116 0.0963394 0.00287614
322 0.14116 0.0904884 0.00310006
323 0.14116 0.0912899 0.0031604
324 0.14116 0.0929583 0.00311534
325 0.14116 0.0996123 0.00259533
326 0.14116 0.096484 0.00284924
327 0.1422 0.0951212 0.00293445
328 0.1422 0.0861869 0.00349525
329 0.1422 0.089367 0.00325969
330 0.1422 0.0870169 0.00339469
331 0.1422 0.0878746 0.00336253
332 0.1422 0.0921988 0.00305024
333 0.1422 0.0942074 0.00302987
334 0.1422 0.0943768 0.00292348
335 0.1422 0.0931216 0.00306831
336 0.1422 0.0832133 0.00352797
337 0.1422 0.0883536 0.00334011
338 0.1422 0.0984095 0.00273832
339 0.1422 0.0977383 0.00276188
340 0.1422 0.0957189 0.00292984
341 0.1422 0.0866763 0.00334455
342 0.1422 0.0893637 0.00325421
343 0.1422 0.0943183 0.00300138
344 0.1422 0.0932395 0.00298613
345 0.1422 0.0954228 0.00290451
346 0.1422 0.0892851 0.00323316
347 0.1422 0.0894316 0.00332309
348 0.1422 0.0856272 0.00348063
349 0.1422 0.0776224 0.00380904
350 0.1422 0.0816083 0.00368037
351 0.1422 0.0843393 0.00348505
352 0.1422 0.0819151 0.00363512
353 0.1422 0.0768438 0.00374555
354 0.143065 0.0786062 0.00376882
355 0.143065 0.0740682 0.00377288
356 0.143065 0.0777037 0.00377156
357 0.143065 0.0759588 0.00381425
358 0.143065 0.0762298 0.00381753
359 0.143065 0.0832842 0.00356052
360 0.143065 0.0930812 0.0030606
361 0.143065 0.0917709 0.00312139
362 0.143065 0.0893193 0.00325991
363 0.143065 0.0878916 0.0032899
364 0.143065 0.0880415 0.00326545
365 0.143065 0.082962 0.00358666
366 0.143065 0.0924721 0.00309397
367 0.143065 0.0963521 0.00278401
368 0.143065 0.0981916 0.00278633
369 0.143065 0.096021 0.00291156
370 0.143065 0.0933471 0.00297673
371 0.143065 0.0929951 0.00298339
372 0.143065 0.0958446 0.002904
373 0.143065 0.0934938 0.00303983
374 0.143065 0.0883029 0.00324792
375 0.143065 0.0894005 0.00320572
376 0.143065 0.0870011 0.00335917
377 0.143065 0.0861219 0.00341978
378 0.143065 0.0914288 0.00314403
379 0.143065 0.0915382 0.00320629
380 0.143065 0.0971445 0.00281557
381 0.143065 0.0988656 0.00265163
382 0.143065 0.0981931 0.00270846
383 0.143271 0.0971376 0.00285017
384 0.143271 0.0966434 0.00289204
385 0.143271 0.096177 0.00292338
386 0.143271 0.100343 0.00259187
387 0.143271 0.0947734 0.00304244
388 0.143271 0.0945874 0.00307515
389 0.143271 0.0992824 0.00273058
390 0.143271 0.102399 0.00250347
391 0.143271 0.102036 0.00248062
392 0.143271 0.0981065 0.00278121
393 0.143271 0.0941536 0.00312196
394 0.143271 0.0961104 0.00290946
395 0.143271 0.0892939 0.00329344
396 0.143271 0.0891422 0.00336467
397 0.143271 0.0917263 0.0032085
398 0.143358 0.093503 0.00318012
399 0.143358 0.0959358 0.00301591
400 0.143441 0.0934234 0.00311779
401 0.143441 0.0918288 0.00318538
402 0.143441 0.0988305 0.00268098
403 0.143441 0.0991914 0.0026971
404 0.143441 0.0946828 0.0029565
405 0.143441 0.0908317 0.00320258
406 0.143441 0.0872392 0.0034032
407 0.143441 0.0913262 0.00312094
408 0.143441 0.0982293 0.00268622
409 0.143441 0.102318 0.00247628
410 0.143441 0.0922448 0.00311301
411 0.143441 0.0893677 0.00334975
412 0.143441 0.0940497 0.00307743
413 0.143441 0.0911699 0.00314029
414 0.143441 0.0880919 0.00338279
415 0.143441 0.0913715 0.00315443
416 0.143441 0.0970094 0.00289472
417 0.143441 0.0893144 0.00326238
418 0.143441 0.095267 0.00304819
419 0.143441 0.0968722 0.00289995
420 0.143441 0.090816 0.00328636
421 0.143441 0.0960144 0.00299451
422 0.143441 0.0974534 0.00280551
423 0.143441 0.0946978 0.00305029
424 0.143441 0.090077 0.00328302
425 0.143441 0.0983705 0.0027769
426 0.143441 0.0988381 0.00269591
427 0.143441 0.0997559 0.00263398
428 0.143441 0.0990761 0.00269258
429 0.143441 0.0981306 0.00278236
430 0.143997 0.10072 0.00265095
431 0.143997 0.104255 0.00229495
432 0.143997 0.102394 0.0024759
433 0.143997 0.10207 0.00242518
434 0.143997 0.106829 0.00214754
435 0.143997 0.0977775 0.00276801
436 0.143997 0.0959422 0.00288037
437 0.143997 0.101462 0.00251244
438 0.143997 0.0960401 0.00292503
439 0.143997 0.100377 0.00262329
440 0.143997 0.0936358 0.00305153
441 0.143997 0.0885432 0.003383
442 0.143997 0.093646 0.00306279
443 0.143997 0.0920127 0.00323389
444 0.143997 0.0965175 0.00296873
445 0.143997 0.0942958 0.00308417
446 0.143997 0.0919744 0.00321384
447 0.143997 0.0919012 0.00320834
448 0.143997 0.08925 0.00338822
449 0.143997 0.0843805 0.00358189
450 0.143997 0.0889992 0.0033506
451 0.143997 0.0866217 0.00347062
452 0.143997 0.085631 0.00347742
453 0.143997 0.0862257 0.00341397
454 0.143997 0.0831713 0.00361884
455 0.143997 0.0829541 0.00368615
456 0.143997 0.0825922 0.00358825
457 0.143997 0.0827188 0.00360094
458 0.143997 0.0850333 0.0035605
459 0.143997 0.0826266 0.00359923
460 0.143997 0.0887178 0.0033029
461 0.143997 0.0850845 0.00344879
462 0.143997 0.0895414 0.00324388
463 0.143997 0.0896896 0.00326585
464 0.143997 0.0775285 0.00372736
465 0.143997 0.0847378 0.00350859
466 0.143997 0.0922721 0.00312181
467 0.143997 0.0815851 0.00374149
468 0.143997 0.0828199 0.00366657
469 0.143997 0.0827284 0.00357049
470 0.143997 0.0768173 0.00380813
471 0.143997 0.0837236 0.00352028
472 0.143997 0.0891907 0.00337085
473 0.14413 0.0891319 0.00332081
474 0.144891 0.0887334 0.00337354
475 0.144891 0.0910482 0.00314611
476 0.144891 0.0927248 0.00309618
477 0.144891 0.100091 0.00253973
478 0.144891 0.0980904 0.00272979
479 0.144891 0.0885712 0.00334992
480 0.144891 0.0884608 0.00338256
481 0.144891 0.0928734 0.00316671
482 0.144891 0.0866769 0.0034766
483 0.144891 0.0875853 0.00346495
484 0.144891 0.094795 0.0030232
485 0.144891 0.0977075 0.00283119
486 0.144891 0.0978371 0.00284402
487 0.144891 0.0844054 0.00346712
488 0.144891 0.0898799 0.00330484
489 0.144891 0.0839501 0.00352862
490 0.144891 0.0874011 0.00329384
491 0.144891 0.0899706 0.00319812
492 0.144891 0.0861314 0.00344344
493 0.144891 0.0808991 0.00372391
494 0.144891 0.0809553 0.0036546
495 0.144891 0.0835126 0.00350747
496 0.144891 0.0863784 0.00342638
497 0.144891 0.0954257 0.00296846
498 0.144891 0.0870689 0.00336582
499 0.144891 0.0897326 0.00319917
500 0.144891 0.0825406 0.00355918
501 0.144891 0.0808637 0.00363818
502 0.144891 0.0823362 0.003642
503 0.144891 0.0840285 0.0035895
504 0.144891 0.088123 0.00339113
505 0.144891 0.0838806 0.00353645
506 0.144891 0.0839847 0.00355557
507 0.144891 0.0775159 0.00379978
508 0.144891 0.0825594 0.00356468
509 0.144891 0.0913319 0.00321062
510 0.144891 0.0878406 0.00338525
511 0.144891 0.083783 0.00357145
512 0.144891 0.0781117 0.0037271
513 0.144891 0.0791569 0.00373092
514 0.144891 0.0824906 0.00363044
515 0.144891 0.0835585 0.00358083
516 0.144891 0.0779718 0.00379943
517 0.144891 0.0822969 0.00364994
518 0.144891 0.0822478 0.00366118
519 0.144891 0.0753518 0.00369724
520 0.144891 0.0837952 0.00362454
521 0.144891 0.0799297 0.00376558
522 0.144891 0.0903034 0.00324554
523 0.144891 0.0947389 0.00303049
524 0.144891 0.0875486 0.00340075
525 0.144891 0.0797625 0.00372171
526 0.144891 0.0808714 0.00371994
527 0.144891 0.0809694 0.00371826
528 0.144891 0.0857411 0.00349477
529 0.144891 0.0905051 0.00336047
530 0.144891 0.0918902 0.00318707
531 0.144891 0.0895353 0.00332059
532 0.144891 0.0917705 0.00321028
533 0.144891 0.094397 0.0030553
534 0.144891 0.0935557 0.00315204
535 0.144891 0.097391 0.00286764
536 0.144891 0.0921726 0.00323515
537 0.144891 0.0935185 0.00310101
538 0.144891 0.0932336 0.00314051
539 0.144891 0.0896997 0.00325296
540 0.144891 0.0805196 0.00367666
541 0.144891 0.0864042 0.00346273
542 0.144891 0.0847003 0.0035439
543 0.144891 0.0835212 0.00355425
544 0.144891 0.0889706 0.00338764
545 0.144891 0.0849086 0.00349822
546 0.144891 0.0827276 0.00359168
547 0.144891 0.0846271 0.00340256
548 0.144891 0.0937158 0.00303292
549 0.144891 0.0983766 0.00274103
550 0.144891 0.0964152 0.00288224
551 0.144891 0.0977638 0.00270151
552 0.144891 0.0967726 0.0028242
553 0.144891 0.0930604 0.00305246
554 0.144891 0.0975539 0.00280417
555 0.144891 0.0991784 0.00279841
556 0.144891 0.104007 0.00245229
557 0.144891 0.095865 0.00292628
558 0.144891 0.102722 0.00244694
559 0.144891 0.0945079 0.00307413
560 0.144891 0.0889887 0.00338392
561 0.144891 0.0868233 0.00338958
562 0.144891 0.0853571 0.00350176
563 0.144891 0.0880026 0.00339538
564 0.144891 0.0925237 0.00312092
565 0.144891 0.0911635 0.00316194
566 0.144891 0.0946769 0.00290575
567 0.144891 0.0981691 0.002751
568 0.144891 0.0960598 0.00295457
569 0.144891 0.0980404 0.00263114
570 0.144891 0.10092 0.00268924
571 0.144891 0.100123 0.00256297
572 0.144891 0.105454 0.00218262
573 0.146801 0.104078 0.00237016
574 0.146801 0.0985328 0.00275777
575 0.146801 0.100093 0.0026127
576 0.146801 0.0893251 0.00326279
577 0.146801 0.0953619 0.00294039
578 0.146801 0.103638 0.00243944
579 0.146801 0.0942809 0.0030295
580 0.146801 0.0902387 0.00324195
581 0.146801 0.0893985 0.00325387
582 0.146801 0.102127 0.00251246
583 0.146801 0.0946924 0.00301544
584 0.146801 0.0836084 0.00336349
585 0.146801 0.090893 0.00308421
586 0.146801 0.0959398 0.00294168
587 0.146801 0.100006 0.00263059
588 0.146801 0.0897311 0.00332962
589 0.146801 0.0951915 0.00299718
590 0.146801 0.0892162 0.00324694
591 0.146801 0.087558 0.00340977
592 0.146801 0.0853702 0.00346069
593 0.146801 0.0755809 0.00369
594 0.146801 0.0856643 0.00345226
595 0.146801 0.0868469 0.00338694
596 0.146801 0.0868051 0.00344979
597 0.146801 0.0873551 0.00336251
598 0.146801 0.0879478 0.00343689
599 0.146801 0.0800611 0.00380751
600 0.146801 0.0795972 0.00378974
601 0.146801 0.0831675 0.00360465
602 0.146801 0.0765817 0.00384165
603 0.146801 0.0748079 0.00390799
604 0.146801 0.078038 0.00377997
605 0.146801 0.0782613 0.00376955
606 0.146801 0.0791317 0.00370243
607 0.146801 0.0802454 0.00369924
608 0.146801 0.0799935 0.00371432
609 0.146801 0.0839265 0.00359047
610 0.146801 0.0826151 0.0035897
611 0.146801 0.0791545 0.00378395
612 0.146801 0.0829013 0.00360782
613 0.146801 0.0896834 0.00330938
614 0.146801 0.0800767 0.00373838
615 0.146801 0.0882214 0.00345152
616 0.146801 0.0918285 0.00324347
617 0.146801 0.10032 0.00267814
618 0.146801 0.0962078 0.00297767
619 0.146801 0.0928168 0.00313533
620 0.146801 0.0912075 0.00323503
621 0.146801 0.0917354 0.00321817
622 0.146801 0.0936524 0.00309994
623 0.146801 0.0910737 0.00324935
624 0.146801 0.0922613 0.00320256
625 0.146801 0.0897072 0.00335605
626 0.146801 0.0914956 0.00325296
627 0.146801 0.0873048 0.00346687
628 0.146801 0.0971855 0.00290629
629 0.146801 0.0996181 0.0026872
630 0.146801 0.0949903 0.00296873
631 0.146801 0.0913149 0.00321245
632 0.146801 0.0910272 0.00303984
633 0.146801 0.0952679 0.00283663
634 0.146801 0.0850892 0.00340229
635 0.146801 0.0918145 0.00312973
636 0.146801 0.0877991 0.00334849
637 0.146801 0.085688 0.00332564
638 0.146801 0.0871388 0.00340747
639 0.146801 0.0941555 0.00307201
640 0.146801 0.0849621 0.00355254
641 0.146801 0.078563 0.00375514
642 0.146801 0.0792726 0.00376985
643 0.146801 0.0802682 0.003683
644 0.146801 0.0926786 0.00321532
645 0.146801 0.0887005 0.00338234
646 0.146801 0.0837574 0.00348303
647 0.146801 0.0951127 0.00297854
648 0.146801 0.0899902 0.00331303
649 0.146801 0.0917803 0.00313661
650 0.146801 0.0830532 0.00354823
651 0.146801 0.0745465 0.00384711
652 0.146801 0.0798332 0.00380127
653 0.146801 0.0926847 0.0032562
654 0.146801 0.0893473 0.003365
655 0.146801 0.0861258 0.00349443
656 0.146801 0.0864261 0.00350383
657 0.146801 0.0894775 0.0033887
658 0.146801 0.0968664 0.00297576
659 0.146801 0.0982108 0.00281455
660 0.146801 0.0965887 0.00296491
661 0.146801 0.0924053 0.00317281
662 0.146801 0.0890017 0.0033051
663 0.146801 0.097317 0.00290643
664 0.146801 0.0971425 0.00287937
665 0.146801 0.0816085 0.00358505
666 0.146801 0.0725669 0.00381702
667 0.146801 0.0798751 0.00360491
668 0.146801 0.0912405 0.00322891
669 0.146801 0.0889285 0.00331407
670 0.146801 0.0885808 0.00340351
671 0.146801 0.088147 0.00342406
672 0.146801 0.095482 0.00302774
673 0.146801 0.0909834 0.0032438
674 0.146801 0.0923689 0.0031453
675 0.146801 0.0897494 0.00330317
676 0.146801 0.0906261 0.00326403
677 0.146801 0.0827249 0.00363611
678 0.146801 0.0900422 0.00330523
679 0.146801 0.0948798 0.00300396
680 0.146801 0.0989329 0.0027662
681 0.146801 0.0972058 0.00286871
682 0.146801 0.101903 0.00254713
683 0.146801 0.109324 0.00196174
684 0.146801 0.100885 0.00263297
685 0.146801 0.094322 0.00294211
686 0.146801 0.0975564 0.00282908
687 0.146801 0.0980353 0.00276387
688 0.146801 0.0922173 0.00320401
689 0.146801 0.0944611 0.00305325
690 0.146801 0.0965035 0.00289617
691 0.146801 0.0962105 0.00292228
692 0.146801 0.0991262 0.00276753
693 0.146801 0.094901 0.00302162
694 0.146801 0.100755 0.00259808
695 0.146801 0.0970445 0.00278617
696 0.146801 0.0973583 0.00284511
697 0.146801 0.102306 0.00242121
698 0.146801 0.0960421 0.00291204
699 0.146801 0.0981617 0.00276841
700 0.146801 0.0952426 0.00301339
701 0.146801 0.0920611 0.00323069
702 0.146801 0.0942977 0.00310943
703 0.146801 0.0920319 0.0032518
704 0.146801 0.0927424 0.00319302
705 0.146801 0.0949649 0.00301817
706 0.146801 0.0981611 0.0028674
707 0.146801 0.0971285 0.00291217
708 0.146801 0.096623 0.0029314
709 0.146801 0.0904076 0.00327822
710 0.146801 0.0897265 0.00337243
711 0.146801 0.0861897 0.00345982
712 0.146801 0.0904016 0.00326624
713 0.146801 0.0895941 0.00322946
714 0.146801 0.0962167 0.00294994
715 0.146801 0.0950994 0.00304492
716 0.146801 0.0871406 0.00344615
717 0.146801 0.0912149 0.00330625
718 0.146801 0.0849706 0.00364772
719 0.146801 0.0863091 0.00342631
720 0.146801 0.0879386 0.0034392
721 0.146801 0.0911714 0.00329511
722 0.146801 0.0936037 0.00318021
723 0.146801 0.082229 0.00361473
724 0.146801 0.0912066 0.00316496
725 0.146801 0.0896465 0.00322443
726 0.146801 0.0881065 0.0033494
727 0.146801 0.0893579 0.00337793
728 0.146801 0.0885316 0.00346247
729 0.146801 0.0929605 0.0031422
730 0.146801 0.0885847 0.00328841
731 0.146801 0.095212 0.00305119
732 0.146801 0.0945438 0.00291779
733 0.146801 0.0974726 0.00281548
734 0.146801 0.0928836 0.00312743
735 0.146801 0.0936104 0.00317751
736 0.146801 0.0957709 0.00293958
737 0.146801 0.102176 0.00253626
738 0.146801 0.0872592 0.00341031
739 0.146801 0.0858512 0.00350693
740 0.146801 0.0890758 0.00337478
741 0.146801 0.0799983 0.00374715
742 0.146801 0.0850613 0.00363248
743 0.146801 0.0791134 0.00374254
744 0.146801 0.0808062 0.00364979
745 0.146801 0.0813907 0.00374141
746 0.146801 0.0853565 0.00362075
747 0.146801 0.08902 0.00331339
748 0.146801 0.0882576 0.00342383
749 0.146801 0.0810411 0.00370712
750 0.146801 0.0721047 0.00384863
751 0.146801 0.0781967 0.00378856
752 0.146801 0.082287 0.00358088
753 0.146801 0.0865442 0.00344092
754 0.146801 0.0874074 0.00348722
755 0.146801 0.0888588 0.00338398
756 0.146801 0.086947 0.00334026
757 0.146801 0.0957394 0.00298272
758 0.146801 0.0974964 0.00289188
759 0.146801 0.0950658 0.00303522
760 0.146801 0.100189 0.00268968
761 0.146801 0.097091 0.00292087
762 0.146801 0.0966258 0.00296909
763 0.146801 0.0953722 0.00304114
764 0.146801 0.0938736 0.00310308
765 0.146801 0.0954838 0.00301487
766 0.146801 0.101781 0.00250397
767 0.146801 0.102093 0.00256115
768 0.146801 0.104275 0.00239957
769 0.146801 0.096463 0.00293689
770 0.146801 0.096176 0.00296265
771 0.146801 0.0959782 0.00298978
772 0.146801 0.0951717 0.00302441
773 0.146801 0.0963087 0.00297079
774 0.146801 0.0972456 0.0028581
775 0.146801 0.0965394 0.00295497
776 0.146801 0.0941778 0.00313738
777 0.146801 0.10153 0.00274009
778 0.146801 0.106554 0.00215402
779 0.146801 0.10212 0.0024226
780 0.146801 0.0989241 0.00274947
781 0.146801 0.0964747 0.00291532
782 0.146801 0.0969734 0.00293098
783 0.146801 0.0901288 0.00326764
784 0.146801 0.0968582 0.00287379
785 0.146801 0.104086 0.0023825
786 0.146801 0.106744 0.00216379
787 0.146801 0.0973421 0.00290071
788 0.146801 0.0943796 0.00305154
789 0.146801 0.0955563 0.0029315
790 0.146801 0.087717 0.00340725
791 0.146801 0.0892359 0.00334079
792 0.146801 0.0886808 0.00341111
793 0.146801 0.0907254 0.0032976
794 0.146801 0.093189 0.00312839
795 0.146801 0.0897696 0.00334525
796 0.146801 0.0891401 0.00334157
797 0.146801 0.0891372 0.00334611
798 0.146801 0.0949084 0.00309059
799 0.146801 0.0972666 0.00287669
800 0.146801 0.0864388 0.00348631
801 0.146801 0.0801851 0.00370693
802 0.146801 0.0842833 0.00353434
803 0.146801 0.0861783 0.00342139
804 0.146801 0.0899074 0.00336539
805 0.146801 0.0872761 0.00343068
806 0.146801 0.0896907 0.00332471
807 0.146801 0.095012 0.00300032
808 0.146801 0.0956037 0.00300226
809 0.146801 0.0911561 0.00330608
810 0.146801 0.088698 0.00341346
811 0.146801 0.0929753 0.0030812
812 0.146801 0.0924649 0.00320217
813 0.146801 0.0893822 0.00327637
814 0.146801 0.0950886 0.00303083
815 0.146801 0.0923671 0.00319254
816 0.146801 0.090951 0.00320659
817 0.146801 0.0943264 0.00312397
818 0.146801 0.100959 0.00262992
819 0.146801 0.0982953 0.00272724
820 0.146801 0.0973087 0.00288569
821 0.146801 0.0915549 0.00308959
822 0.146801 0.0933543 0.00307064
823 0.146801 0.090805 0.00312659
824 0.146801 0.0851506 0.00343842
825 0.146801 0.0887493 0.00334582
826 0.146801 0.088948 0.00335912
827 0.146801 0.083808 0.00359071
828 0.146801 0.0866227 0.00342525
829 0.146801 0.0926463 0.00312131
830 0.146801 0.0887416 0.00326926
831 0.146801 0.0953761 0.00294067
832 0.146801 0.0938686 0.00299508
833 0.146801 0.0963553 0.00289491
834 0.146801 0.0876948 0.00328117
835 0.146801 0.0895788 0.00331589
836 0.146801 0.0968441 0.00293028
837 0.146801 0.0953607 0.00298834
838 0.146801 0.10274 0.00250623
839 0.146801 0.0989324 0.00274488
840 0.146801 0.0999694 0.0026144
841 0.146801 0.0986211 0.00270708
842 0.146801 0.0967493 0.00289268
843 0.146801 0.0910928 0.00326514
844 0.146801 0.0872143 0.00336744
845 0.146801 0.096787 0.00285123
846 0.146801 0.0947156 0.00298589
847 0.146801 0.0890709 0.00329527
848 0.146801 0.0974035 0.00288373
849 0.146801 0.0931589 0.00315465
850 0.146801 0.0874744 0.00347076
851 0.146801 0.0866896 0.00348417
852 0.146801 0.0989593 0.00279802
853 0.146801 0.0948316 0.00308187
854 0.146801 0.0971339 0.00285445
855 0.146801 0.0991799 0.00271874
856 0.146801 0.0924845 0.00313191
857 0.146801 0.0896791 0.00322167
858 0.146801 0.089596 0.00335039
859 0.146801 0.0878569 0.00341402
860 0.146801 0.0937601 0.00297338
861 0.146801 0.090148 0.00325314
862 0.146801 0.0931965 0.00310983
863 0.146801 0.0950291 0.003
864 0.146801 0.0930975 0.00310986
865 0.146801 0.090664 0.00331344
866 0.146801 0.089937 0.00335604
867 0.146801 0.0908962 0.00331066
868 0.146801 0.0943507 0.00306598
869 0.146801 0.0898194 0.00329595
870 0.146801 0.0871081 0.0033759
871 0.146801 0.0864125 0.00342349
872 0.146801 0.0906538 0.0032624
873 0.146801 0.0866686 0.00342536
874 0.146801 0.0898103 0.00332678
875 0.146801 0.0898749 0.00333877
876 0.146853 0.0934383 0.00325034
877 0.146853 0.0927398 0.00319733
878 0.146853 0.0922466 0.00326474
879 0.146853 0.0896297 0.00338181
880 0.146853 0.0880811 0.00343317
881 0.146853 0.0875261 0.00345835
882 0.146853 0.0908249 0.00342234
883 0.146853 0.0904463 0.00330667
884 0.146853 0.0870741 0.00341624
885 0.146853 0.096213 0.00290456
886 0.146853 0.0876188 0.00335676
887 0.146853 0.090951 0.00328809
888 0.146853 0.0825824 0.00367475
889 0.146853 0.0789544 0.00381572
890 0.146853 0.0828194 0.00372375
891 0.146853 0.0871264 0.00343238
892 0.146853 0.0835178 0.00373496
893 0.146853 0.0887859 0.00346603
894 0.146853 0.0873724 0.00352714
895 0.146853 0.0865738 0.0034773
896 0.146853 0.0818005 0.00367045
897 0.146853 0.0869266 0.00350509
898 0.146853 0.0913046 0.00325037
899 0.146853 0.0949821 0.00310778
900 0.146853 0.0995684 0.00276519
901 0.146853 0.100347 0.00266166
902 0.146853 0.101209 0.00262836
903 0.146853 0.0956784 0.00301838
904 0.146853 0.096704 0.00292224
905 0.146853 0.0952638 0.00300569
906 0.146853 0.0990598 0.00278791
907 0.146853 0.0965808 0.00294925
908 0.146853 0.0985992 0.00269514
909 0.146853 0.10238 0.00250664
910 0.146853 0.101861 0.00259073
911 0.146853 0.096113 0.00298278
912 0.146853 0.0899988 0.00335658
913 0.146853 0.077081 0.00376392
914 0.146853 0.0873508 0.00346672
915 0.146853 0.0853365 0.00350431
916 0.146853 0.0800241 0.00367072
917 0.146853 0.079661 0.003713
918 0.146853 0.0723641 0.00389098
919 0.146853 0.0818742 0.00369745
920 0.146853 0.0817151 0.00375343
921 0.146853 0.0752017 0.00381326
922 0.146853 0.0782046 0.00372958
923 0.146853 0.0839952 0.00362233
924 0.146853 0.0843536 0.00358931
925 0.146853 0.0857445 0.00352687
926 0.146853 0.0933634 0.00312737
927 0.146853 0.0907249 0.00319107
928 0.146853 0.0929042 0.00324689
929 0.146853 0.0964402 0.00300848
930 0.146853 0.0948588 0.00295869
931 0.146853 0.0886272 0.00332141
932 0.146853 0.0889202 0.00338451
933 0.146853 0.0975307 0.00287119
934 0.146853 0.0928953 0.00312519
935 0.146853 0.0882285 0.00329081
936 0.146853 0.0906514 0.00325664
937 0.146853 0.0891321 0.00335718
938 0.146853 0.0920516 0.00321222
939 0.146853 0.0939897 0.00308115
940 0.146853 0.0941618 0.00310138
941 0.146853 0.096979 0.00287496
942 0.146853 0.101834 0.00260955
943 0.146853 0.0970863 0.00292449
944 0.146853 0.100023 0.0026458
945 0.146853 0.108268 0.00200359
946 0.146853 0.101957 0.00252588
947 0.146853 0.097492 0.00290291
948 0.146853 0.091319 0.00325961
949 0.146853 0.0838411 0.00358053
950 0.146853 0.0826569 0.00365007
951 0.146853 0.0875845 0.00333744
952 0.146853 0.0867991 0.00346201
953 0.146853 0.0865861 0.00346226
954 0.146853 0.0838677 0.00355364
955 0.146853 0.0872906 0.00349629
956 0.146853 0.0915406 0.00325672
957 0.146853 0.0940505 0.00309937
958 0.146853 0.0948682 0.00305249
959 0.146853 0.0874686 0.0034207
960 0.146853 0.0883714 0.00344042
961 0.146853 0.0854652 0.003518
962 0.146853 0.0952274 0.00305286
963 0.146853 0.0823305 0.00367622
964 0.146853 0.0881299 0.00343749
965 0.146853 0.0956482 0.00296671
966 0.146853 0.0885667 0.00334832
967 0.146853 0.0872437 0.00339411
968 0.146853 0.0949964 0.00309327
969 0.146853 0.0873782 0.00337784
970 0.146853 0.0887802 0.00322855
971 0.146853 0.0932663 0.00299855
972 0.146853 0.0895104 0.00329709
973 0.146853 0.0943626 0.00301363
974 0.146853 0.0926518 0.00320378
975 0.146853 0.0898913 0.00332677
976 0.146853 0.09434 0.0030537
977 0.146853 0.0882706 0.00338317
978 0.146853 0.0893278 0.0034304
979 0.146853 0.0865403 0.00344333
980 0.146853 0.0821551 0.00372744
981 0.146853 0.0929451 0.00311675
982 0.146853 0.0870759 0.00337932
983 0.146853 0.0904331 0.00328082
984 0.146853 0.0872348 0.00340652
985 0.146853 0.0911385 0.00330544
986 0.146853 0.082963 0.00361874
987 0.146853 0.0909089 0.00333122
988 0.146853 0.0891165 0.00336616
989 0.146853 0.0917544 0.00323938
990 0.146853 0.0846339 0.00354417
991 0.146853 0.0938165 0.00312367
992 0.146853 0.0945504 0.00310828
993 0.146853 0.0919145 0.00315725
994 0.146853 0.0878744 0.00342131
995 0.146853 0.0958381 0.00298772
996 0.146853 0.0990951 0.00278663
997 0.146853 0.0878962 0.00342504
998 0.146853 0.0892047 0.00328821
999 0.146853 0.0902665 0.00326205
1000 0.148285 0.0959848 0.00299427
1000 0 0 0
