0 0.191229 0.0607981 0.00406942
1 0.197804 0.077122 0.0041318
2 0.197804 0.0853588 0.00390964
3 0.197804 0.0845816 0.00400753
4 0.197804 0.0859268 0.00396568
5 0.197804 0.0859024 0.00416624
6 0.197804 0.0866635 0.00418052
7 0.197804 0.0925016 0.00397361
8 0.203218 0.10183 0.00359183
9 0.365138 0.0943813 0.005187
10 0.365138 0.101346 0.00479857
11 0.365138 0.0993414 0.00474756
12 0.365138 0.0962016 0.00500774
13 0.365138 0.0908368 0.00583394
14 0.365138 0.0935643 0.00577274
15 0.365138 0.101213 0.0059474
16 0.43174 0.107197 0.00691079
17 0.43174 0.109971 0.00748586
18 0.43174 0.117255 0.00996212
19 0.437637 0.124623 0.0106634
20 0.523807 0.141922 0.0134651
20 0.529838 0.064009 0.0178482
21 0.529838 0.0619877 0.0175629
22 0.529838 0.0642656 0.0200372
23 0.549568 0.0675732 0.0227687
24 0.549568 0.0792416 0.0261305
25 0.549568 0.0745322 0.0238327
26 0.549568 0.0921336 0.0314534
27 0.555417 0.0786237 0.0291905
28 0.568171 0.0938933 0.0352019
29 0.568171 0.115575 0.0403475
30 0.568171 0.101625 0.037169
31 0.568171 0.112133 0.0394952
32 0.568171 0.113916 0.0374071
33 0.568171 0.132035 0.0429621
34 0.568171 0.123324 0.0381986
35 0.568171 0.109915 0.038139
36 0.568171 0.127266 0.0434009
37 0.5706 0.126056 0.0401064
38 0.5706 0.129739 0.0417684
39 0.5706 0.141821 0.0430984
40 0.5706 0.131875 0.046417
41 0.5706 0.134385 0.0460963
42 0.5706 0.133663 0.0468515
43 0.5706 0.135933 0.0435541
44 0.5706 0.141333 0.0479907
45 0.5706 0.138953 0.0448817
46 0.571472 0.131716 0.0431694
47 0.571472 0.135431 0.0441949
48 0.571472 0.146401 0.0432426
49 0.571472 0.146873 0.0476523
50 0.578176 0.133619 0.0469464
51 0.578176 0.155951 0.0495748
52 0.578176 0.188353 0.0485913
53 0.578176 0.157836 0.0454305
54 0.578176 0.17013 0.0478379
55 0.578176 0.147671 0.0436284
56 0.578176 0.150834 0.0461093
57 0.578176 0.15583 0.046163
58 0.578176 0.158816 0.0420514
59 0.578176 0.170133 0.047839
60 0.578176 0.139056 0.0437461
61 0.581252 0.138968 0.0479085
62 0.581252 0.120798 0.0404156
63 0.581252 0.142124 0.0439263
64 0.581252 0.158971 0.0482157
65 0.582881 0.1666 0.0488523
66 0.582881 0.138605 0.0439478
67 0.582881 0.133492 0.0414373
68 0.582881 0.144581 0.0459834
69 0.582881 0.163505 0.0483423
70 0.582881 0.179212 0.0464281
71 0.582881 0.152095 0.0477913
72 0.582881 0.127901 0.0446975
73 0.582881 0.141617 0.0492176
74 0.582881 0.152787 0.0501798
75 0.582881 0.164003 0.0510256
76 0.582881 0.162613 0.0513723
77 0.582881 0.152133 0.0493342
78 0.582881 0.166613 0.0496956
79 0.582881 0.179294 0.0502467
80 0.582881 0.196446 0.0541279
81 0.582881 0.20018 0.0496474
82 0.582881 0.177002 0.0492284
83 0.587361 0.171793 0.0502643
84 0.587361 0.160079 0.0479519
85 0.587361 0.142112 0.0453013
86 0.587361 0.153768 0.0436517
87 0.587361 0.147152 0.0467316
88 0.587361 0.152516 0.0496061
89 0.587361 0.155489 0.0519751
90 0.587361 0.155062 0.0474031
91 0.587361 0.150492 0.0441087
92 0.587361 0.152402 0.044867
93 0.587361 0.136796 0.0468394
94 0.587361 0.167369 0.0517754
95 0.587361 0.157912 0.0470318
96 0.587361 0.175578 0.0499778
97 0.587361 0.171384 0.0506732
98 0.587361 0.176095 0.0524088
99 0.587361 0.176493 0.050143
100 0.587361 0.154689 0.0493897
101 0.587361 0.19395 0.0517054
102 0.589779 0.219415 0.0546061
103 0.589779 0.165785 0.0500924
104 0.589779 0.186784 0.0501419
105 0.589779 0.177557 0.0552374
106 0.589779 0.15317 0.0481574
107 0.589779 0.171162 0.0481601
108 0.589779 0.166579 0.0541679
109 0.589779 0.136023 0.043815
110 0.589779 0.1379 0.0440489
111 0.589779 0.165331 0.0481397
112 0.589779 0.165642 0.0495362
113 0.589779 0.148976 0.0494085
114 0.589779 0.143846 0.0434612
115 0.589779 0.153946 0.0464215
116 0.590552 0.161608 0.0531861
117 0.590552 0.156366 0.0472502
118 0.590552 0.162593 0.0475624
119 0.590552 0.135452 0.0432298
120 0.590552 0.163877 0.0470098
121 0.590552 0.156653 0.0466887
122 0.590552 0.172277 0.0493318
123 0.590552 0.173226 0.0529009
124 0.590552 0.158549 0.0503181
125 0.590552 0.17865 0.0535053
126 0.590552 0.157867 0.0458599
127 0.590552 0.154795 0.0488928
128 0.590552 0.164195 0.0506274
129 0.590552 0.150537 0.047443
130 0.590552 0.127697 0.0427115
131 0.590552 0.114651 0.0426448
132 0.590552 0.143801 0.0453449
133 0.590552 0.15796 0.0478995
134 0.590552 0.176271 0.0498199
135 0.590552 0.157173 0.0444697
136 0.590552 0.170272 0.0504108
137 0.590552 0.148048 0.0492035
138 0.590552 0.172447 0.0469177
139 0.590552 0.170113 0.0486291
140 0.590552 0.183373 0.0531257
141 0.590552 0.182444 0.0521519
142 0.590552 0.151423 0.0498637
143 0.590552 0.144785 0.0509027
144 0.590552 0.141331 0.0493572
145 0.590552 0.162881 0.0490302
146 0.590552 0.162826 0.0480067
147 0.590552 0.156484 0.0469645
148 0.590552 0.157006 0.0504856
149 0.590552 0.14062 0.0458992
150 0.590552 0.134036 0.0462375
151 0.590552 0.154524 0.0528628
152 0.590552 0.159981 0.051049
153 0.590552 0.147299 0.0479791
154 0.590552 0.166034 0.0522026
155 0.590552 0.15383 0.0484433
156 0.590552 0.156968 0.0487037
157 0.590552 0.135015 0.0467525
158 0.590552 0.146972 0.0518524
159 0.590552 0.127633 0.0451098
160 0.590552 0.163646 0.0517982
161 0.590552 0.133605 0.044851
162 0.592884 0.163269 0.0539067
163 0.592884 0.178862 0.0547745
164 0.592884 0.174992 0.049614
165 0.592884 0.169323 0.0516296
166 0.592884 0.159274 0.0436996
167 0.596298 0.178985 0.0487706
168 0.596298 0.152273 0.0496685
169 0.596298 0.168901 0.0488879
170 0.596298 0.166109 0.05222
171 0.596298 0.16787 0.0516343
172 0.596298 0.160584 0.0505303
173 0.596298 0.17102 0.0500593
174 0.596298 0.154199 0.0468944
175 0.596298 0.169388 0.0493167
176 0.596298 0.166407 0.0504004
177 0.596298 0.166 0.0514021
178 0.596298 0.159314 0.0446581
179 0.596298 0.156346 0.0477755
180 0.596298 0.132886 0.0451062
181 0.596298 0.135832 0.0443901
182 0.596298 0.148479 0.0462862
183 0.596298 0.152137 0.0456985
184 0.596298 0.145748 0.0475538
185 0.596298 0.150771 0.0507798
186 0.596298 0.150118 0.0500268
187 0.596298 0.133984 0.0478708
188 0.596298 0.133966 0.0461918
189 0.596298 0.131866 0.0476599
190 0.596298 0.153123 0.0522736
191 0.596298 0.161736 0.0519489
192 0.596298 0.135527 0.0480218
193 0.596298 0.157466 0.0524281
194 0.596298 0.14072 0.0458531
195 0.596298 0.13399 0.0458776
196 0.596298 0.166727 0.0543895
197 0.596298 0.154916 0.0520555
198 0.596298 0.14018 0.0511118
199 0.596298 0.127543 0.0451026
200 0.596298 0.115475 0.0446709
201 0.596298 0.145943 0.0497713
202 0.596298 0.146159 0.0488102
203 0.596298 0.153303 0.0497487
204 0.596298 0.153309 0.0489272
205 0.596298 0.145396 0.0468481
206 0.596298 0.165951 0.0510967
207 0.596298 0.157264 0.044494
208 0.596298 0.153843 0.0481672
209 0.596298 0.140577 0.0471117
210 0.598587 0.14236 0.0494929
211 0.600073 0.143854 0.0501484
212 0.602616 0.143393 0.0482114
213 0.602616 0.138442 0.0474244
214 0.602616 0.152228 0.0489017
215 0.602616 0.135441 0.0422422
216 0.602616 0.151679 0.0490022
217 0.602616 0.149545 0.0490926
218 0.602616 0.191055 0.0523458
219 0.602616 0.199592 0.0574278
220 0.602616 0.177358 0.0556928
221 0.602616 0.168768 0.0543516
222 0.602616 0.186796 0.0542765
223 0.602616 0.18284 0.0522013
224 0.602616 0.171442 0.0499145
225 0.602616 0.194202 0.05158
226 0.602616 0.188526 0.0481829
227 0.602616 0.221784 0.0555074
228 0.602616 0.224421 0.0557407
229 0.602616 0.219903 0.0541909
230 0.602616 0.175793 0.0527187
231 0.602616 0.211515 0.0547744
232 0.602616 0.177901 0.0512839
233 0.602616 0.182142 0.0537319
234 0.602616 0.208071 0.0593782
235 0.602616 0.166012 0.0553761
236 0.602616 0.16294 0.0533302
237 0.602616 0.161641 0.0559132
238 0.602616 0.193032 0.060304
239 0.602616 0.221134 0.0611229
240 0.602616 0.212203 0.0567616
241 0.602616 0.182507 0.0524238
242 0.604501 0.180534 0.0545335
243 0.604501 0.203239 0.0547683
244 0.604501 0.16284 0.0496347
245 0.604501 0.194201 0.052083
246 0.604501 0.168546 0.0489675
247 0.604501 0.192584 0.0524954
248 0.604501 0.170599 0.0527238
249 0.604501 0.166103 0.0540262
250 0.604501 0.183038 0.0503567
251 0.604501 0.182829 0.0571291
252 0.604501 0.18398 0.0540895
253 0.604501 0.168474 0.0528931
254 0.604501 0.1731 0.0532225
255 0.604501 0.173697 0.0520525
256 0.604501 0.19447 0.0578492
257 0.604501 0.170295 0.0552831
258 0.604501 0.196299 0.059381
259 0.604501 0.204763 0.0586142
260 0.604501 0.175827 0.054026
261 0.604501 0.172631 0.0529
262 0.604501 0.197312 0.0561902
263 0.604501 0.157039 0.0500568
264 0.604501 0.185431 0.0532581
265 0.604501 0.189644 0.0550488
266 0.604501 0.203178 0.0551372
267 0.604501 0.197427 0.0550307
268 0.604501 0.184285 0.052149
269 0.604501 0.19687 0.0512429
270 0.604501 0.203701 0.0575346
271 0.604501 0.20518 0.0544425
272 0.604501 0.197994 0.0555158
273 0.607043 0.18672 0.0553812
274 0.607043 0.187906 0.0549766
275 0.607043 0.190227 0.0553364
276 0.607043 0.192866 0.0533436
277 0.607043 0.213244 0.0568231
278 0.607043 0.203965 0.0572413
279 0.607043 0.179054 0.0496115
280 0.607043 0.186783 0.0533607
281 0.607043 0.18535 0.0527434
282 0.607043 0.211245 0.0578077
283 0.607043 0.197072 0.0518711
284 0.607043 0.176485 0.0488719
285 0.607043 0.189561 0.0518324
286 0.607043 0.18651 0.0519624
287 0.607043 0.192935 0.0549377
288 0.607043 0.20155 0.0543822
289 0.607043 0.203313 0.0539506
290 0.607043 0.188532 0.0546014
291 0.607043 0.216757 0.0560754
292 0.607043 0.197373 0.0554679
293 0.607043 0.215591 0.0590661
294 0.607043 0.202647 0.0554919
295 0.607043 0.227481 0.0517817
296 0.607043 0.192948 0.0511903
297 0.607043 0.167431 0.0497693
298 0.607043 0.146553 0.0463253
299 0.607043 0.16887 0.0549029
300 0.607043 0.162849 0.0516638
301 0.607043 0.180199 0.0541677
302 0.607043 0.157167 0.0499432
303 0.607043 0.165232 0.052459
304 0.607043 0.142227 0.045179
305 0.607043 0.165959 0.0513238
306 0.607043 0.183496 0.0551905
307 0.607043 0.19068 0.0533961
308 0.607043 0.185235 0.0543256
309 0.607043 0.214092 0.0563739
310 0.607043 0.186391 0.0547272
311 0.607043 0.17724 0.0532886
312 0.607043 0.158522 0.0524433
313 0.607043 0.156997 0.0493131
314 0.607043 0.146801 0.0490892
315 0.607043 0.167226 0.0531588
316 0.607043 0.176704 0.0555767
317 0.607043 0.173165 0.0581927
318 0.607043 0.209704 0.0565809
319 0.607043 0.213814 0.057913
320 0.607043 0.194416 0.0536986
321 0.607043 0.210765 0.0564957
322 0.607043 0.205475 0.0537097
323 0.607043 0.182936 0.0488189
324 0.607043 0.17489 0.0483517
325 0.607043 0.155991 0.0486202
326 0.607043 0.189591 0.051667
327 0.607043 0.180969 0.0554881
328 0.607043 0.162464 0.0509302
329 0.607043 0.175639 0.0523145
330 0.607043 0.172159 0.0522205
331 0.607043 0.167516 0.0502211
332 0.607043 0.148003 0.0494045
333 0.607043 0.167552 0.0541868
334 0.607043 0.161398 0.0514683
335 0.607043 0.203946 0.0564159
336 0.607043 0.209586 0.0585828
337 0.607043 0.193736 0.0559982
338 0.607043 0.196171 0.0529099
339 0.607043 0.181224 0.049714
340 0.607043 0.181019 0.0521976
341 0.607043 0.18099 0.0543498
342 0.607043 0.183621 0.0529819
343 0.607043 0.160502 0.0500948
344 0.607043 0.155653 0.0485241
345 0.607043 0.174066 0.0533048
346 0.607043 0.166383 0.0555156
347 0.607043 0.181646 0.055144
348 0.607043 0.184457 0.0571832
349 0.607043 0.141333 0.0498682
350 0.607043 0.160211 0.0536912
351 0.607043 0.156038 0.0505033
352 0.607043 0.165174 0.0514333
353 0.607043 0.177164 0.0533726
354 0.607043 0.165822 0.051284
355 0.607043 0.166294 0.0518544
356 0.607043 0.173024 0.053036
357 0.607043 0.161617 0.0519046
358 0.607043 0.163191 0.0540098
359 0.607043 0.171821 0.0567588
360 0.607043 0.156519 0.0502813
361 0.607043 0.158739 0.0504709
362 0.607043 0.199868 0.0575614
363 0.607043 0.182018 0.0587318
364 0.607043 0.171963 0.052329
365 0.607043 0.185783 0.0522132
366 0.607043 0.18373 0.0511044
367 0.607043 0.175406 0.0519924
368 0.607043 0.193673 0.0518544
369 0.607043 0.190079 0.0550453
370 0.607043 0.146702 0.0486238
371 0.607043 0.14286 0.0465758
372 0.607043 0.170147 0.0532481
373 0.607043 0.168691 0.0535108
374 0.607043 0.199431 0.0573413
375 0.607043 0.16088 0.0558395
376 0.607043 0.187322 0.0556414
377 0.607043 0.180255 0.0531146
378 0.607043 0.178035 0.0559186
379 0.607043 0.159274 0.052982
380 0.607043 0.167141 0.0584012
381 0.607043 0.174363 0.0535826
382 0.607043 0.167378 0.0503032
383 0.607043 0.17131 0.0515282
384 0.607043 0.191226 0.0575316
385 0.607043 0.152024 0.0521809
386 0.607043 0.156734 0.0536261
387 0.607043 0.16611 0.0506715
388 0.607043 0.178618 0.048115
389 0.607043 0.198759 0.0525975
390 0.607043 0.196029 0.0566893
391 0.607043 0.202283 0.0580219
392 0.607043 0.143216 0.048885
393 0.607043 0.190376 0.0551373
394 0.607043 0.156702 0.049689
395 0.607043 0.192139 0.051402
396 0.607043 0.173025 0.0510869
397 0.607043 0.154135 0.0462765
398 0.607043 0.194 0.0573983
399 0.607043 0.179034 0.0542344
400 0.607043 0.177959 0.0536789
401 0.607043 0.152864 0.0495283
402 0.607043 0.167414 0.0474779
403 0.607043 0.177325 0.0515056
404 0.607043 0.168713 0.0503299
405 0.607043 0.180881 0.0534255
406 0.607043 0.193916 0.0573947
407 0.607043 0.186081 0.0562221
408 0.607043 0.159147 0.0534608
409 0.607043 0.158172 0.0550167
410 0.607043 0.148961 0.0505931
411 0.607043 0.161271 0.0534594
412 0.607043 0.171688 0.0558439
413 0.608954 0.175906 0.0548043
414 0.608954 0.155724 0.0494
415 0.608954 0.181278 0.0507573
416 0.608954 0.190331 0.0561044
417 0.608954 0.172072 0.0544419
418 0.608954 0.18075 0.0563299
419 0.608954 0.169405 0.0556793
420 0.608954 0.174833 0.0514267
421 0.608954 0.194357 0.0520349
422 0.608954 0.219516 0.0535801
423 0.608954 0.205782 0.0582184
424 0.608954 0.211227 0.0567193
425 0.608954 0.194298 0.0522131
426 0.608954 0.209161 0.0573074
427 0.608954 0.222026 0.056144
428 0.608954 0.212396 0.0529063
429 0.608954 0.200781 0.0545864
430 0.608954 0.16483 0.0536558
431 0.608954 0.15835 0.0518954
432 0.608954 0.166168 0.055031
433 0.608954 0.156035 0.0531028
434 0.608954 0.145644 0.0521065
435 0.608954 0.176861 0.0540024
436 0.608954 0.169459 0.0536758
437 0.608954 0.172679 0.0521533
438 0.608954 0.178722 0.05457
439 0.608954 0.173436 0.0537674
440 0.608954 0.18125 0.0502357
441 0.608954 0.206482 0.0587054
442 0.608954 0.202246 0.0563233
443 0.608954 0.17067 0.0519778
444 0.608954 0.176037 0.0522442
445 0.608954 0.178988 0.0543269
446 0.608954 0.170666 0.0513395
447 0.608954 0.1798 0.0548369
448 0.608954 0.156031 0.0510819
449 0.608954 0.142709 0.0484504
450 0.608954 0.145913 0.0482084
451 0.608954 0.159764 0.0526508
452 0.608954 0.16621 0.0513121
453 0.608954 0.181384 0.0544919
454 0.608954 0.173826 0.0510659
455 0.608954 0.153668 0.050433
456 0.608954 0.141674 0.051176
457 0.608954 0.158624 0.0541738
458 0.608954 0.152928 0.0539575
459 0.608954 0.157491 0.0527621
460 0.608954 0.145112 0.0515903
461 0.608954 0.149758 0.0504263
462 0.608954 0.163055 0.0538117
463 0.608954 0.169856 0.0550287
464 0.608954 0.177431 0.0591588
465 0.608954 0.177179 0.0571231
466 0.608954 0.215197 0.0567878
467 0.608954 0.206941 0.0566036
468 0.608954 0.187635 0.055576
469 0.608954 0.160983 0.0501525
470 0.608954 0.150932 0.0509597
471 0.608954 0.165249 0.0508006
472 0.608954 0.172038 0.0550122
473 0.608954 0.149822 0.0498071
474 0.608954 0.155028 0.0526243
475 0.608954 0.160026 0.0558465
476 0.608954 0.176763 0.0558899
477 0.608954 0.187958 0.0570392
478 0.608954 0.209831 0.0596315
479 0.608954 0.187343 0.0542027
480 0.608954 0.18195 0.0570406
481 0.608954 0.157308 0.0520379
482 0.608954 0.164039 0.0553219
483 0.608954 0.171926 0.0542724
484 0.608954 0.194297 0.0596192
485 0.608954 0.197365 0.0588916
486 0.608954 0.138137 0.0486227
487 0.608954 0.174906 0.0519048
488 0.608954 0.20679 0.0599
489 0.608954 0.22554 0.0536246
490 0.608954 0.202652 0.0497727
491 0.608954 0.175693 0.0504083
492 0.608954 0.197315 0.0577904
493 0.608954 0.174586 0.0538662
494 0.608954 0.194389 0.0514819
495 0.608954 0.184545 0.0537602
496 0.608954 0.184054 0.0561487
497 0.608954 0.173156 0.0505689
498 0.608954 0.192308 0.0579905
499 0.608954 0.190345 0.0584977
500 0.608954 0.179846 0.0581706
501 0.608954 0.16068 0.0510487
502 0.608954 0.176535 0.0515855
503 0.608954 0.17418 0.0528126
504 0.608954 0.198141 0.053775
505 0.608954 0.176914 0.0519283
506 0.608954 0.184516 0.0515484
507 0.608954 0.172069 0.0515546
508 0.608954 0.16821 0.0528995
509 0.608954 0.195078 0.057308
510 0.608954 0.219079 0.053683
511 0.608954 0.20637 0.0533603
512 0.608954 0.18412 0.0532906
513 0.608954 0.214271 0.0561828
514 0.608954 0.196749 0.0573161
515 0.608954 0.177585 0.054589
516 0.608954 0.1843 0.0515108
517 0.608954 0.210813 0.0533867
518 0.608954 0.205884 0.0587435
519 0.608954 0.189156 0.0584285
520 0.608954 0.187107 0.0556766
521 0.608954 0.168969 0.0548861
522 0.608954 0.207376 0.0626186
523 0.608954 0.206283 0.0598727
524 0.608954 0.153386 0.0509464
525 0.608954 0.155306 0.0533434
526 0.608954 0.172669 0.0560131
527 0.608954 0.192759 0.0591895
528 0.608954 0.190614 0.0597992
529 0.608954 0.191928 0.059311
530 0.608954 0.190346 0.0586493
531 0.608954 0.170539 0.0555254
532 0.608954 0.213832 0.0591786
533 0.608954 0.188465 0.0536763
534 0.608954 0.216122 0.0557346
535 0.608954 0.182713 0.0529008
536 0.608954 0.179831 0.0549228
537 0.608954 0.174419 0.0539119
538 0.608954 0.158262 0.0536514
539 0.608954 0.145613 0.0514269
540 0.608954 0.135276 0.0526656
541 0.608954 0.172361 0.0592186
542 0.608954 0.191705 0.0580263
543 0.608954 0.195973 0.0580423
544 0.608954 0.164642 0.0548629
545 0.608954 0.166031 0.0571165
546 0.608954 0.176546 0.0558453
547 0.608954 0.17781 0.0570375
548 0.608954 0.171215 0.0540212
549 0.608954 0.157034 0.0505321
550 0.608954 0.172438 0.0535573
551 0.608954 0.161482 0.053411
552 0.608954 0.179848 0.0571334
553 0.608954 0.160734 0.0542769
554 0.608954 0.16505 0.0522918
555 0.608954 0.189965 0.0560482
556 0.608954 0.196931 0.0539259
557 0.608954 0.208127 0.0515039
558 0.608954 0.17088 0.0494728
559 0.608954 0.128475 0.0473775
560 0.608954 0.177692 0.054026
561 0.608954 0.183262 0.055087
562 0.608954 0.157367 0.0519345
563 0.608954 0.169997 0.0524947
564 0.608954 0.164364 0.0514826
565 0.608954 0.201615 0.0615397
566 0.608954 0.17049 0.0519592
567 0.608954 0.149756 0.048842
568 0.608954 0.178171 0.0571795
569 0.608954 0.1742 0.0568166
570 0.608954 0.205609 0.0577977
571 0.608954 0.186043 0.056792
572 0.608954 0.176818 0.0558043
573 0.608954 0.165389 0.0548683
574 0.608954 0.165928 0.0542635
575 0.608954 0.152735 0.0516679
576 0.608954 0.197599 0.0575572
577 0.608954 0.202346 0.0578696
578 0.608954 0.189437 0.05362
579 0.608954 0.168208 0.0519077
580 0.608954 0.157845 0.0510922
581 0.608954 0.182212 0.050839
582 0.608954 0.203222 0.0554376
583 0.608954 0.212841 0.052152
584 0.608954 0.212943 0.0552033
585 0.608954 0.24382 0.0599974
586 0.608954 0.219914 0.0601764
587 0.608954 0.204571 0.0572174
588 0.608954 0.202032 0.0592767
589 0.608954 0.193167 0.0549496
590 0.608954 0.172252 0.0548926
591 0.608954 0.170804 0.050939
592 0.608954 0.157927 0.049436
593 0.608954 0.15776 0.0500527
594 0.608954 0.172069 0.0534663
595 0.608954 0.188369 0.0541002
596 0.608954 0.188706 0.0566944
597 0.609185 0.175903 0.0548528
598 0.609185 0.181561 0.0555954
599 0.609185 0.161915 0.0541482
600 0.609185 0.179029 0.054187
601 0.609185 0.167889 0.0545036
602 0.609185 0.162877 0.0539436
603 0.609185 0.172555 0.0573686
604 0.609185 0.139736 0.053353
605 0.609203 0.158921 0.0516826
606 0.609203 0.164158 0.0530281
607 0.609203 0.151643 0.0479665
608 0.609203 0.169487 0.0550734
609 0.609203 0.155546 0.0530202
610 0.609203 0.138315 0.0523273
611 0.609203 0.135267 0.0480698
612 0.609203 0.153078 0.0543806
613 0.609203 0.158319 0.0542436
614 0.609203 0.186652 0.0574822
615 0.609203 0.185043 0.0579797
616 0.609203 0.198622 0.0583535
617 0.609409 0.176653 0.0498117
618 0.609409 0.179363 0.053656
619 0.609409 0.170676 0.0529721
620 0.609409 0.157693 0.0502256
621 0.609409 0.169112 0.0503201
622 0.609409 0.202465 0.0512563
623 0.609409 0.18017 0.0486136
624 0.609409 0.18822 0.0526377
625 0.609409 0.216308 0.0592856
626 0.609409 0.207986 0.0551653
627 0.609409 0.215593 0.0593089
628 0.609409 0.214758 0.057806
629 0.609409 0.212585 0.060123
630 0.609409 0.22016 0.0639195
631 0.609409 0.192648 0.0622372
632 0.609409 0.186083 0.0573898
633 0.609409 0.167944 0.0572163
634 0.609409 0.176564 0.0554702
635 0.609409 0.155251 0.0533335
636 0.609409 0.182831 0.0554496
637 0.609409 0.184367 0.0591362
638 0.609803 0.160296 0.054925
639 0.609803 0.190139 0.0591731
640 0.609803 0.172984 0.0552362
641 0.609803 0.191661 0.0586402
642 0.609803 0.174502 0.0566839
643 0.609803 0.181788 0.0563242
644 0.609803 0.1518 0.0523892
645 0.609803 0.155022 0.05391
646 0.609803 0.152962 0.0502369
647 0.609803 0.151664 0.0496472
648 0.609803 0.161518 0.0545995
649 0.609803 0.186448 0.0538165
650 0.609803 0.185621 0.0569484
651 0.609803 0.156526 0.0522386
652 0.609803 0.153174 0.0488885
653 0.609803 0.155532 0.0554046
654 0.609803 0.142057 0.0505292
655 0.609803 0.157284 0.0502355
656 0.609803 0.158214 0.0512976
657 0.609803 0.15572 0.051297
658 0.609803 0.190085 0.0569813
659 0.609803 0.176776 0.0545278
660 0.609803 0.169154 0.0536597
661 0.609803 0.162411 0.0524605
662 0.609803 0.178701 0.0567742
663 0.609803 0.206123 0.0583942
664 0.609803 0.177276 0.0566028
665 0.609803 0.174783 0.056609
666 0.609803 0.155085 0.0554597
667 0.609803 0.145693 0.0487459
668 0.609803 0.151746 0.0529018
669 0.609803 0.181945 0.0552412
670 0.609803 0.162606 0.056146
671 0.609803 0.172757 0.0556802
672 0.609803 0.203398 0.0592502
673 0.609803 0.181424 0.0560701
674 0.609803 0.172219 0.0546431
675 0.609803 0.186887 0.0581018
676 0.609803 0.17781 0.058292
677 0.609803 0.189774 0.0592572
678 0.609803 0.199361 0.0592462
679 0.609803 0.190356 0.0593539
680 0.609803 0.190545 0.057054
681 0.609803 0.164911 0.0556921
682 0.609803 0.16226 0.0533437
683 0.609803 0.169813 0.055496
684 0.609803 0.201908 0.0577489
685 0.609803 0.168933 0.058187
686 0.609803 0.184568 0.0550081
687 0.609803 0.168329 0.0559268
688 0.609803 0.171052 0.0501136
689 0.609803 0.16041 0.0546063
690 0.609803 0.165165 0.0521811
691 0.609803 0.152212 0.0508542
692 0.609803 0.151759 0.052081
693 0.609803 0.172708 0.0552783
694 0.609803 0.173899 0.05461
695 0.609803 0.182052 0.0531638
696 0.609803 0.189602 0.0568556
697 0.609803 0.180051 0.0591866
698 0.609803 0.156191 0.0505009
699 0.609803 0.14455 0.0468154
700 0.609803 0.155384 0.0484866
701 0.609803 0.158088 0.0523969
702 0.609803 0.163079 0.0525321
703 0.609803 0.17457 0.051842
704 0.609803 0.188461 0.0501812
705 0.609803 0.184963 0.0489492
706 0.609803 0.18152 0.0501606
707 0.609803 0.185126 0.0530463
708 0.609803 0.17517 0.0507712
709 0.609803 0.182708 0.0553404
710 0.609803 0.171417 0.0550179
711 0.609803 0.165738 0.0489918
712 0.609803 0.199203 0.0550985
713 0.609803 0.172286 0.0534537
714 0.609803 0.168757 0.0509326
715 0.609803 0.163058 0.0551227
716 0.609803 0.179511 0.0515105
717 0.609803 0.20566 0.0556872
718 0.609803 0.192967 0.0521662
719 0.609803 0.203241 0.0535462
720 0.609803 0.213722 0.0557503
721 0.609803 0.228695 0.0543261
722 0.609803 0.206317 0.0536355
723 0.609803 0.190224 0.055332
724 0.609803 0.176046 0.0544782
725 0.609803 0.187348 0.05501
726 0.609803 0.165299 0.0534704
727 0.609803 0.165385 0.0534986
728 0.609803 0.159592 0.0500668
729 0.609803 0.169652 0.0549944
730 0.609803 0.172422 0.053707
731 0.609803 0.18979 0.0506733
732 0.609803 0.174535 0.0518419
733 0.609803 0.18081 0.0557884
734 0.609803 0.189683 0.0589197
735 0.609803 0.173671 0.0557591
736 0.609803 0.183754 0.0539385
737 0.609803 0.166318 0.0529094
738 0.609803 0.174999 0.0546679
739 0.609803 0.152155 0.0498911
740 0.609803 0.149466 0.0518984
741 0.610095 0.205746 0.0551786
742 0.610095 0.17254 0.0500281
743 0.610095 0.179597 0.0532263
744 0.610095 0.178726 0.0547875
745 0.610095 0.195082 0.0565587
746 0.610095 0.19204 0.0552697
747 0.610095 0.183431 0.0514117
748 0.610095 0.185431 0.0564939
749 0.610095 0.208504 0.0590411
750 0.610095 0.210336 0.0564674
751 0.610095 0.209194 0.0589263
752 0.610095 0.194433 0.0561896
753 0.610095 0.212228 0.0595384
754 0.610095 0.199565 0.0608318
755 0.610095 0.157442 0.0530927
756 0.610095 0.167076 0.0532247
757 0.610095 0.196295 0.0569269
758 0.610095 0.187724 0.0538463
759 0.610095 0.193923 0.0556486
760 0.610095 0.197054 0.055172
761 0.610095 0.209504 0.0554644
762 0.610095 0.204402 0.0555407
763 0.610095 0.176069 0.0507988
764 0.610095 0.165688 0.0526407
765 0.610095 0.144792 0.0491816
766 0.610095 0.162945 0.0466571
767 0.610095 0.166434 0.0535403
768 0.610095 0.164977 0.0565282
769 0.610095 0.174294 0.0595004
770 0.610095 0.176503 0.056775
771 0.610095 0.163889 0.0586764
772 0.610095 0.173254 0.0602989
773 0.610095 0.173967 0.0584669
774 0.610095 0.167244 0.0585564
775 0.610095 0.158582 0.0496627
776 0.610095 0.154917 0.0496486
777 0.610095 0.182503 0.0524013
778 0.610095 0.204421 0.0547791
779 0.610095 0.20945 0.0575665
780 0.610095 0.207 0.0610002
781 0.610095 0.20619 0.0591348
782 0.610095 0.181959 0.0559633
783 0.610095 0.209379 0.0633024
784 0.610095 0.179839 0.0535026
785 0.610095 0.161686 0.0543487
786 0.610095 0.179168 0.0589212
787 0.610095 0.164664 0.0529093
788 0.610095 0.1456 0.0509313
789 0.610095 0.133563 0.0474684
790 0.610095 0.152531 0.0541828
791 0.610095 0.16651 0.0533726
792 0.610095 0.14857 0.05143
793 0.610095 0.1674 0.0548449
794 0.610095 0.181165 0.058495
795 0.610095 0.149708 0.0491036
796 0.610095 0.171047 0.0532231
797 0.610095 0.172975 0.0516302
798 0.610095 0.184224 0.0548606
799 0.610095 0.186396 0.0595651
800 0.610095 0.169443 0.0558014
801 0.610095 0.186549 0.0624738
802 0.610095 0.163164 0.0559118
803 0.610095 0.155852 0.0534956
804 0.610095 0.164823 0.0548159
805 0.610095 0.144945 0.0490263
806 0.610095 0.165908 0.0564344
807 0.610095 0.175431 0.0522392
808 0.610095 0.165954 0.052726
809 0.610095 0.14567 0.0494777
810 0.610095 0.174165 0.0519747
811 0.610095 0.163678 0.052187
812 0.610095 0.151071 0.0512831
813 0.610095 0.206714 0.0607006
814 0.610095 0.197356 0.0588545
815 0.610095 0.205166 0.0596049
816 0.610095 0.200906 0.0612214
817 0.610095 0.204995 0.0584164
818 0.610095 0.172132 0.0562109
819 0.610095 0.183135 0.0571457
820 0.610095 0.180929 0.0571109
821 0.610095 0.167004 0.0573417
822 0.610095 0.174774 0.0582424
823 0.610095 0.178298 0.0552718
824 0.610095 0.170421 0.0567354
825 0.610095 0.189039 0.0609601
826 0.610095 0.174003 0.0538536
827 0.610095 0.196462 0.0546332
828 0.610095 0.204791 0.0543201
829 0.610095 0.203055 0.055365
830 0.610095 0.188175 0.0586035
831 0.610095 0.185324 0.0597637
832 0.610095 0.211568 0.0613653
833 0.610095 0.217804 0.0556426
834 0.610095 0.191682 0.0537723
835 0.610095 0.177388 0.0534348
836 0.610095 0.178258 0.0530659
837 0.610095 0.188178 0.0575292
838 0.610095 0.169506 0.0502002
839 0.610095 0.172848 0.0544149
840 0.610095 0.166642 0.0498011
841 0.610095 0.160011 0.0523298
842 0.610095 0.16614 0.0510912
843 0.610095 0.183189 0.0539797
844 0.610095 0.143838 0.0476454
845 0.610095 0.17111 0.0543905
846 0.610095 0.192342 0.0500696
847 0.610095 0.18907 0.0560938
848 0.610095 0.173093 0.0542651
849 0.610095 0.179191 0.0494884
850 0.610095 0.175057 0.0497981
851 0.610095 0.172862 0.0496636
852 0.610095 0.144208 0.0462278
853 0.610095 0.135594 0.0452652
854 0.610095 0.16705 0.0537328
855 0.610095 0.169941 0.0531106
856 0.610095 0.145069 0.0482786
857 0.610095 0.167496 0.0548739
858 0.610095 0.170163 0.0556103
859 0.610095 0.165133 0.0522496
860 0.610095 0.160082 0.0517396
861 0.610095 0.181185 0.0517114
862 0.610095 0.188514 0.0552787
863 0.610095 0.217369 0.0610835
864 0.610095 0.215864 0.0571718
865 0.610095 0.163227 0.0541941
866 0.610095 0.162178 0.0541498
867 0.610095 0.187763 0.0574367
868 0.610095 0.170351 0.0527384
869 0.610095 0.171489 0.0561516
870 0.610095 0.149166 0.0507821
871 0.610095 0.159502 0.0541766
872 0.610095 0.152489 0.0486269
873 0.610095 0.172676 0.0523589
874 0.610095 0.161386 0.0479621
875 0.610095 0.158427 0.0520376
876 0.610095 0.178689 0.0527753
877 0.610095 0.176919 0.0539564
878 0.610095 0.173849 0.0539678
879 0.610095 0.186398 0.0571255
880 0.610095 0.159548 0.052612
881 0.610095 0.142977 0.0467872
882 0.610095 0.15745 0.0477446
883 0.610095 0.167305 0.0539295
884 0.610095 0.168192 0.0537535
885 0.610095 0.151547 0.0524381
886 0.610095 0.148688 0.0488063
887 0.610095 0.15934 0.053793
888 0.610095 0.174554 0.0551693
889 0.610095 0.146911 0.0508312
890 0.610095 0.14414 0.055114
891 0.610095 0.155275 0.0528035
892 0.610095 0.174519 0.0574141
893 0.610095 0.201105 0.062646
894 0.610095 0.177017 0.0542972
895 0.610095 0.182018 0.0591256
896 0.610095 0.183394 0.055631
897 0.610095 0.177965 0.0582861
898 0.610095 0.16974 0.0522347
899 0.610095 0.162217 0.0535649
900 0.610095 0.179354 0.0565964
901 0.610095 0.187396 0.0560245
902 0.610095 0.190095 0.0540133
903 0.610095 0.183141 0.0553317
904 0.610095 0.162725 0.054779
905 0.610095 0.178188 0.0536807
906 0.610095 0.22558 0.0551587
907 0.610095 0.219242 0.0614653
908 0.610095 0.205372 0.0600441
909 0.610095 0.19822 0.0586553
910 0.610095 0.18647 0.0529762
911 0.610495 0.192352 0.0565421
912 0.610495 0.171579 0.0545763
913 0.610495 0.180478 0.0560239
914 0.610495 0.187681 0.0527449
915 0.610495 0.164518 0.0530384
916 0.610495 0.186466 0.0552371
917 0.610495 0.212195 0.0563838
918 0.610495 0.200614 0.0542954
919 0.610495 0.1834 0.0515314
920 0.610495 0.153408 0.0530471
921 0.610495 0.150451 0.0520306
922 0.610495 0.169038 0.054715
923 0.610495 0.149886 0.0506216
924 0.610495 0.158279 0.0516458
925 0.610495 0.176587 0.0559763
926 0.610495 0.206225 0.0556219
927 0.610495 0.178096 0.0547878
928 0.610495 0.155085 0.0519816
929 0.610495 0.166665 0.0560098
930 0.610495 0.143456 0.0510561
931 0.610495 0.179066 0.0542471
932 0.610495 0.172613 0.0513174
933 0.610495 0.193936 0.0548675
934 0.610495 0.163375 0.0501862
935 0.610495 0.160142 0.0525844
936 0.610495 0.14679 0.0501074
937 0.610495 0.170058 0.055698
938 0.610495 0.169188 0.0555517
939 0.610495 0.16833 0.0555809
940 0.610495 0.165737 0.0514357
941 0.610495 0.166248 0.0539907
942 0.610495 0.188312 0.0584276
943 0.610495 0.188035 0.0573066
944 0.610495 0.170356 0.0549394
945 0.610495 0.15253 0.0539776
946 0.610495 0.176697 0.0561739
947 0.610495 0.160076 0.0529359
948 0.610495 0.180844 0.058317
949 0.610495 0.205241 0.0607969
950 0.610495 0.181557 0.0540525
951 0.610495 0.180264 0.0585728
952 0.610495 0.204157 0.0577066
953 0.610495 0.18476 0.0543425
954 0.610495 0.178 0.0546888
955 0.610495 0.183649 0.0533629
956 0.610495 0.170901 0.0554022
957 0.610495 0.181705 0.0560523
958 0.610495 0.1599 0.052938
959 0.610495 0.159057 0.0535627
960 0.610495 0.157176 0.0508483
961 0.610495 0.13022 0.0465859
962 0.610495 0.146872 0.0489688
963 0.610495 0.139717 0.0489252
964 0.610495 0.190725 0.0546907
965 0.610495 0.190097 0.0511956
966 0.610495 0.201797 0.0534919
967 0.610495 0.194631 0.0554746
968 0.610495 0.168942 0.051823
969 0.610495 0.153476 0.0506638
970 0.610495 0.157086 0.0483003
971 0.610495 0.197395 0.0519486
972 0.610495 0.207833 0.0574149
973 0.610495 0.181112 0.0553361
974 0.610495 0.167896 0.0497111
975 0.610495 0.16516 0.0512148
976 0.610495 0.176491 0.0524559
977 0.610495 0.158111 0.0487732
978 0.610495 0.185075 0.0548202
979 0.610495 0.194591 0.0603341
980 0.610495 0.161111 0.0547945
981 0.610495 0.174956 0.0565827
982 0.610495 0.176571 0.0559302
983 0.610495 0.183286 0.0573327
984 0.610495 0.176677 0.0558138
985 0.610495 0.172138 0.050418
986 0.610495 0.172651 0.0553708
987 0.610495 0.133339 0.0500387
988 0.610495 0.163835 0.0592003
989 0.610495 0.170062 0.05859
990 0.610495 0.197982 0.0591362
991 0.610495 0.199378 0.0592326
992 0.610495 0.208718 0.0610826
993 0.610495 0.197417 0.0529337
994 0.610495 0.192582 0.0552174
995 0.610495 0.182649 0.0534283
996 0.610495 0.192142 0.0617233
997 0.610495 0.227172 0.0628432
998 0.610495 0.190541 0.0556082
999 0.610495 0.219229 0.0573209
1000 0.610495 0.181984 0.0536218
