0 0.125256 0.0617185 0.00386899
1 0.125271 0.0751435 0.00378752
2 0.125275 0.0801358 0.00363808
3 0.125275 0.0843686 0.0034197
4 0.125275 0.0938143 0.00292869
5 0.125275 0.0975955 0.00268029
6 0.125275 0.091578 0.00308065
7 0.125275 0.095255 0.00285901
8 0.125275 0.0990316 0.00259334
9 0.125275 0.100247 0.00250448
10 0.125275 0.107495 0.00188449
11 0.125275 0.10427 0.00212967
12 0.125275 0.105285 0.00209376
13 0.125275 0.110269 0.00164102
14 0.125277 0.115226 0.00114584
15 0.125277 0.112646 0.00142232
16 0.125277 0.113908 0.0012941
17 0.125277 0.11642 0.00102576
18 0.125277 0.117673 0.000884166
19 0.125278 0.112716 0.00140585
20 0.125278 0.111461 0.00153247
21 0.159122 0.114251 0.0013073
22 0.159122 0.113662 0.00131552
23 0.159122 0.114907 0.00119754
24 0.159122 0.119868 0.000652912
25 0.159122 0.117471 0.000926996
26 0.159122 0.117158 0.000961163
27 0.179571 0.12099 0.000635129
28 0.179571 0.11615 0.00113183
29 0.179571 0.113905 0.00140886
30 0.179571 0.111614 0.00163848
31 0.179571 0.109905 0.0018188
32 0.179571 0.109893 0.00182953
33 0.204528 0.107036 0.00225388
34 0.257353 0.111046 0.00219184
35 0.257353 0.109393 0.00242399
36 0.34614 0.115312 0.00294003
37 0.376022 0.116783 0.00372067
38 0.440507 0.117219 0.00503277
39 0.440507 0.12294 0.00504775
40 0.500395 0.119145 0.00748291
40 0.51717 0.0372683 0.00953968
41 0.51717 0.0441448 0.0118641
42 0.51717 0.0514533 0.0157993
43 0.51717 0.0478359 0.0157914
44 0.51717 0.0634453 0.019776
45 0.51717 0.0676191 0.0223974
46 0.51717 0.0724814 0.0248742
47 0.523683 0.0873994 0.027916
48 0.552528 0.0941841 0.0318143
49 0.552528 0.0967629 0.0319091
50 0.552528 0.109948 0.0328801
51 0.552528 0.125879 0.0368323
52 0.552528 0.120842 0.036165
53 0.552528 0.136087 0.0387966
54 0.552528 0.130778 0.0381049
55 0.561573 0.147335 0.0442933
56 0.561573 0.155885 0.0424932
57 0.574666 0.157388 0.045817
58 0.574666 0.154047 0.0457911
59 0.574666 0.144131 0.0458802
60 0.574666 0.163313 0.0461473
61 0.578341 0.171252 0.0465626
62 0.578341 0.156535 0.045929
63 0.581804 0.169563 0.0492874
64 0.581804 0.17374 0.0482833
65 0.581804 0.208625 0.0461945
66 0.581804 0.219741 0.0477484
67 0.581804 0.204247 0.0484203
68 0.583121 0.219654 0.0513405
69 0.583121 0.174276 0.0443176
70 0.583121 0.186562 0.0455136
71 0.583121 0.183395 0.0470024
72 0.583121 0.189241 0.0425313
73 0.583121 0.207721 0.0455309
74 0.583121 0.2027 0.0488046
75 0.590208 0.205094 0.0489832
76 0.590208 0.180374 0.044112
77 0.590208 0.182772 0.0455569
78 0.590208 0.185623 0.0440957
79 0.590208 0.190843 0.0458244
80 0.590208 0.198352 0.0433603
81 0.590208 0.170669 0.043043
82 0.59219 0.202728 0.0518872
83 0.59219 0.208894 0.0514439
84 0.59219 0.186625 0.047337
85 0.59219 0.182832 0.0466101
86 0.59219 0.199395 0.0464675
87 0.59219 0.206261 0.0460506
88 0.59219 0.2014 0.0456194
89 0.59219 0.204979 0.0472686
90 0.592818 0.236273 0.0490422
91 0.592818 0.261609 0.0508243
92 0.592818 0.227585 0.0487983
93 0.592818 0.247593 0.0457333
94 0.592818 0.235134 0.0505369
95 0.600488 0.203007 0.0519512
96 0.600488 0.182849 0.0471528
97 0.600488 0.200082 0.0476609
98 0.600488 0.190648 0.0506634
99 0.600488 0.212019 0.0543808
100 0.600488 0.235784 0.0533225
101 0.600488 0.209362 0.0516121
102 0.600488 0.192149 0.0529444
103 0.600488 0.17566 0.0481587
104 0.600488 0.184949 0.0526685
105 0.600488 0.188578 0.048661
106 0.600488 0.213452 0.0476832
107 0.600488 0.193645 0.0498075
108 0.600488 0.191144 0.0515488
109 0.600488 0.171031 0.0451852
110 0.600488 0.16223 0.0501193
111 0.600488 0.173554 0.046322
112 0.600488 0.164645 0.0440308
113 0.600488 0.162359 0.0425164
114 0.600488 0.153957 0.045843
115 0.600488 0.168992 0.0516788
116 0.600488 0.174378 0.0486503
117 0.600488 0.180191 0.0487837
118 0.600488 0.181537 0.0478426
119 0.600488 0.158369 0.0460961
120 0.600488 0.172711 0.046793
121 0.600488 0.164032 0.0476621
122 0.600488 0.153643 0.0499599
123 0.600488 0.156617 0.0445981
124 0.600488 0.168034 0.0502758
125 0.600488 0.159724 0.0478075
126 0.600488 0.150661 0.048233
127 0.600488 0.169254 0.0519967
128 0.600488 0.174931 0.0445621
129 0.600488 0.157378 0.0427965
130 0.600488 0.176568 0.043684
131 0.600488 0.210486 0.0483119
132 0.600488 0.175177 0.0433782
133 0.600488 0.184748 0.0445019
134 0.600488 0.182729 0.0451293
135 0.600488 0.172429 0.0492362
136 0.600488 0.150646 0.0480814
137 0.600488 0.153399 0.0461636
138 0.600488 0.169303 0.0482962
139 0.600488 0.180704 0.050287
140 0.600488 0.141059 0.0444955
141 0.600488 0.128662 0.0443785
142 0.600488 0.140388 0.046661
143 0.600488 0.143009 0.0481126
144 0.600488 0.163855 0.0514553
145 0.600488 0.170977 0.0524305
146 0.600488 0.147935 0.0484936
147 0.600488 0.16169 0.0497266
148 0.600488 0.196416 0.0547172
149 0.600488 0.173672 0.0496501
150 0.603376 0.215794 0.0587592
151 0.603376 0.17755 0.0507464
152 0.603376 0.191705 0.0518062
153 0.603376 0.189595 0.0521777
154 0.603376 0.198279 0.0487433
155 0.603376 0.220825 0.0554967
156 0.603376 0.205711 0.050539
157 0.603376 0.181159 0.0462461
158 0.603376 0.176964 0.0506375
159 0.603376 0.214097 0.0541989
160 0.603376 0.168336 0.0484213
161 0.603376 0.153991 0.0492443
162 0.603376 0.141879 0.0459183
163 0.603376 0.145955 0.0428796
164 0.603376 0.166063 0.0477731
165 0.603376 0.152162 0.0466438
166 0.603376 0.164317 0.0506616
167 0.603376 0.171402 0.0491053
168 0.603376 0.162214 0.0519288
169 0.603376 0.155479 0.0463179
170 0.603376 0.161037 0.0471684
171 0.603376 0.144753 0.0435139
172 0.603376 0.16063 0.0489863
173 0.603376 0.134385 0.0486193
174 0.603376 0.150192 0.048671
175 0.603376 0.174509 0.0514999
176 0.603376 0.173993 0.050355
177 0.603376 0.162398 0.0510323
178 0.603376 0.14517 0.0509026
179 0.603376 0.151464 0.047301
180 0.603376 0.150419 0.0471258
181 0.603376 0.157398 0.0470112
182 0.603376 0.145862 0.0490966
183 0.603376 0.151523 0.0462443
184 0.603376 0.181271 0.0526256
185 0.603376 0.18214 0.047458
186 0.603376 0.174211 0.0496235
187 0.603376 0.17213 0.0490009
188 0.603376 0.181323 0.051306
189 0.604811 0.179329 0.0476393
190 0.604811 0.168489 0.0481809
191 0.604811 0.146701 0.0489698
192 0.604811 0.176784 0.054255
193 0.604811 0.174042 0.0490091
194 0.604811 0.16992 0.050352
195 0.604811 0.165176 0.0504721
196 0.604811 0.137414 0.0493063
197 0.604811 0.163189 0.0570358
198 0.604811 0.149659 0.0483237
199 0.604811 0.164262 0.0511032
200 0.604811 0.188308 0.0533736
201 0.604811 0.179662 0.054497
202 0.604811 0.157696 0.0472237
203 0.604811 0.16417 0.0496152
204 0.604811 0.184318 0.0518709
205 0.604811 0.168921 0.0536651
206 0.604811 0.136969 0.0470948
207 0.604811 0.159685 0.0511496
208 0.604811 0.15619 0.0504793
209 0.604811 0.169646 0.048585
210 0.604811 0.189494 0.0533457
211 0.604811 0.166363 0.052604
212 0.604811 0.178809 0.0502124
213 0.604811 0.183923 0.0505199
214 0.604811 0.158071 0.0469836
215 0.604811 0.164509 0.049043
216 0.604811 0.148481 0.04182
217 0.604811 0.151719 0.0452499
218 0.604811 0.154077 0.0474742
219 0.604811 0.173335 0.0483174
220 0.604811 0.138699 0.0472263
221 0.604811 0.131561 0.044934
222 0.604811 0.166125 0.0488767
223 0.604811 0.1375 0.0440812
224 0.604811 0.145757 0.0456822
225 0.604811 0.166955 0.053027
226 0.604811 0.156404 0.0510971
227 0.604811 0.155259 0.0503644
228 0.604811 0.166081 0.0518388
229 0.604811 0.146459 0.0469255
230 0.604811 0.158511 0.0505615
231 0.604811 0.146466 0.0447399
232 0.604811 0.145421 0.0489961
233 0.604811 0.162944 0.0514269
234 0.604811 0.165594 0.0538893
235 0.604811 0.149104 0.0483437
236 0.604811 0.172435 0.0467755
237 0.604811 0.181814 0.0452648
238 0.604811 0.20764 0.0542077
239 0.604811 0.19367 0.0531207
240 0.605556 0.196344 0.0496054
241 0.605556 0.195825 0.0497731
242 0.605556 0.175768 0.0484805
243 0.605556 0.18124 0.0488677
244 0.605556 0.187734 0.0494077
245 0.605556 0.18289 0.0507954
246 0.612866 0.18104 0.0487492
247 0.612866 0.192516 0.0542636
248 0.612866 0.182424 0.0496467
249 0.612866 0.204078 0.051518
250 0.612866 0.18947 0.0510114
251 0.612866 0.173431 0.0521001
252 0.612866 0.19674 0.0517057
253 0.612866 0.179514 0.0538986
254 0.612866 0.133826 0.0467382
255 0.612866 0.153177 0.0503044
256 0.612866 0.18421 0.0513977
257 0.612866 0.189255 0.0544383
258 0.612866 0.161357 0.0471535
259 0.612866 0.159799 0.04809
260 0.612866 0.167555 0.048728
261 0.612866 0.179777 0.0474588
262 0.612866 0.177855 0.047825
263 0.612866 0.145973 0.0458481
264 0.612866 0.150657 0.0435185
265 0.612866 0.173236 0.0451292
266 0.612866 0.174409 0.0467922
267 0.612866 0.164888 0.0473659
268 0.612866 0.14452 0.0433471
269 0.612866 0.156005 0.0488026
270 0.612866 0.196201 0.0533528
271 0.613295 0.180504 0.0492347
272 0.613295 0.176505 0.0483409
273 0.613295 0.152718 0.047641
274 0.613295 0.171115 0.0485246
275 0.613295 0.154977 0.0491859
276 0.613295 0.152886 0.0469876
277 0.613295 0.137599 0.0426393
278 0.613295 0.172218 0.0496077
279 0.613295 0.171133 0.0523476
280 0.613295 0.168397 0.051031
281 0.613295 0.172515 0.0462096
282 0.613295 0.161898 0.0475477
283 0.613295 0.167302 0.0467953
284 0.613295 0.137946 0.0406677
285 0.613295 0.142575 0.0430185
286 0.613295 0.171674 0.0485988
287 0.613295 0.155029 0.0452432
288 0.613295 0.160873 0.0472379
289 0.613295 0.156194 0.0481026
290 0.613295 0.172318 0.0456962
291 0.613295 0.164849 0.0516016
292 0.613295 0.132058 0.0418199
293 0.613295 0.191993 0.0457649
294 0.613295 0.167592 0.0478396
295 0.613295 0.163063 0.0460928
296 0.613295 0.195878 0.049756
297 0.613295 0.192808 0.049427
298 0.613295 0.186159 0.0479003
299 0.613295 0.193553 0.0529618
300 0.613295 0.183831 0.0529732
301 0.613295 0.170648 0.0470872
302 0.613295 0.180665 0.0513908
303 0.613295 0.177466 0.048399
304 0.613295 0.171978 0.0497176
305 0.613295 0.169142 0.0514315
306 0.613295 0.154262 0.0523136
307 0.613295 0.200875 0.0574889
308 0.613295 0.165932 0.0477315
309 0.613295 0.162415 0.0519914
310 0.613295 0.17825 0.0496826
311 0.613295 0.203273 0.0518232
312 0.613295 0.199798 0.0490369
313 0.613295 0.196333 0.048988
314 0.613295 0.18912 0.0472686
315 0.613295 0.185282 0.0461338
316 0.613295 0.167237 0.0494487
317 0.613295 0.165879 0.0510548
318 0.613295 0.175772 0.0487498
319 0.613295 0.145866 0.0441646
320 0.613295 0.162389 0.0459012
321 0.613295 0.169392 0.0500301
322 0.613295 0.197005 0.0454762
323 0.613295 0.193834 0.0446884
324 0.613295 0.205608 0.0485314
325 0.613295 0.18007 0.0504598
326 0.613295 0.168897 0.0498514
327 0.613295 0.151438 0.0481308
328 0.613295 0.174767 0.0494561
329 0.613295 0.155918 0.0472585
330 0.613295 0.157854 0.0471557
331 0.613295 0.154293 0.0450385
332 0.613295 0.165047 0.0455419
333 0.613295 0.160008 0.0448892
334 0.613295 0.172619 0.0495804
335 0.613295 0.215046 0.0518351
336 0.613295 0.195282 0.0504104
337 0.613295 0.212966 0.0519123
338 0.613295 0.203917 0.0485728
339 0.613295 0.208403 0.0457466
340 0.613295 0.224155 0.050287
341 0.613295 0.226363 0.0503749
342 0.613295 0.17932 0.0451621
343 0.613295 0.185135 0.0449077
344 0.613295 0.215569 0.0531185
345 0.613295 0.192086 0.0519064
346 0.613295 0.208278 0.0526263
347 0.614817 0.199503 0.0514506
348 0.614817 0.204465 0.0538927
349 0.614817 0.182376 0.0519839
350 0.614817 0.165385 0.0494816
351 0.614817 0.182425 0.051161
352 0.614817 0.195531 0.0508367
353 0.614817 0.184137 0.050481
354 0.614817 0.167585 0.0464236
355 0.614817 0.177374 0.05021
356 0.614817 0.170454 0.0512004
357 0.614817 0.172838 0.0504285
358 0.614817 0.170887 0.0492265
359 0.614817 0.170416 0.0502434
360 0.614817 0.175162 0.0444461
361 0.614817 0.163411 0.0450064
362 0.614817 0.14746 0.0483442
363 0.614817 0.171055 0.0486342
364 0.614817 0.162848 0.0470964
365 0.614817 0.177752 0.0507583
366 0.614817 0.172411 0.0491181
367 0.614817 0.171241 0.051818
368 0.614817 0.176036 0.0499831
369 0.614817 0.152738 0.0463858
370 0.614817 0.186663 0.0500427
371 0.614817 0.185407 0.0506221
372 0.614817 0.176202 0.0461193
373 0.614817 0.153138 0.0425954
374 0.614817 0.16113 0.0487335
375 0.614817 0.16307 0.0487865
376 0.614817 0.161536 0.0471341
377 0.614817 0.18215 0.0491158
378 0.614817 0.169441 0.048679
379 0.614817 0.167612 0.0500097
380 0.614817 0.147174 0.0440782
381 0.614817 0.168887 0.0554566
382 0.614817 0.190571 0.0539421
383 0.614817 0.180818 0.0526055
384 0.614817 0.173413 0.0544505
385 0.614817 0.137808 0.0456381
386 0.614817 0.143552 0.044214
387 0.614817 0.13209 0.0417694
388 0.614817 0.144174 0.0490986
389 0.614817 0.156013 0.0467254
390 0.614817 0.154012 0.0462667
391 0.614817 0.167539 0.0495036
392 0.614817 0.138803 0.0469172
393 0.614817 0.148754 0.05025
394 0.614817 0.161259 0.0532268
395 0.614817 0.179218 0.0493196
396 0.614817 0.166142 0.0484879
397 0.614817 0.170367 0.0488107
398 0.614817 0.143653 0.0444528
399 0.614817 0.162559 0.0493921
400 0.614817 0.170009 0.0486993
401 0.614817 0.169296 0.0507216
402 0.614817 0.192699 0.0515486
403 0.614817 0.18349 0.0483081
404 0.614817 0.176893 0.0486931
405 0.614817 0.163295 0.0476137
406 0.614817 0.192125 0.0517241
407 0.614817 0.179889 0.0521401
408 0.614817 0.190779 0.0506487
409 0.614817 0.189639 0.0521005
410 0.614817 0.171107 0.0489796
411 0.614817 0.156126 0.0453986
412 0.614817 0.158208 0.0476174
413 0.614817 0.166465 0.0453562
414 0.614817 0.156882 0.042163
415 0.614817 0.155911 0.0445222
416 0.614817 0.167963 0.0464177
417 0.614817 0.152235 0.0435724
418 0.614817 0.170483 0.0458835
419 0.614817 0.146193 0.0486176
420 0.614817 0.158717 0.0477252
421 0.614817 0.179732 0.0545163
422 0.614817 0.178986 0.0508792
423 0.614817 0.176058 0.0524399
424 0.614817 0.160906 0.0500869
425 0.614817 0.161048 0.0475839
426 0.614817 0.16013 0.0453561
427 0.614817 0.173942 0.0501923
428 0.614817 0.169031 0.0492566
429 0.614817 0.157838 0.0467942
430 0.614817 0.153939 0.048746
431 0.614817 0.159023 0.0497218
432 0.614817 0.166087 0.051661
433 0.614817 0.166283 0.0481867
434 0.614817 0.179317 0.0493852
435 0.614817 0.171829 0.047598
436 0.614817 0.17143 0.0460087
437 0.614817 0.168289 0.0458858
438 0.614817 0.175372 0.0442997
439 0.614817 0.178251 0.0516658
440 0.614817 0.155994 0.0468392
441 0.614817 0.160503 0.0493701
442 0.614817 0.165042 0.0507244
443 0.614817 0.146538 0.044157
444 0.614817 0.145331 0.0462786
445 0.614817 0.12934 0.0419457
446 0.614817 0.142254 0.0478091
447 0.614817 0.159601 0.0528718
448 0.614817 0.121401 0.0413648
449 0.614817 0.168878 0.0500962
450 0.614817 0.178401 0.0507205
451 0.614817 0.159409 0.0487214
452 0.614817 0.159817 0.0471055
453 0.614817 0.172067 0.0500949
454 0.614817 0.162713 0.0479495
455 0.614817 0.155942 0.0462451
456 0.614817 0.168365 0.0484035
457 0.614817 0.161974 0.0488839
458 0.614817 0.165509 0.0475786
459 0.614817 0.148541 0.0461987
460 0.614817 0.163361 0.0463063
461 0.614817 0.180527 0.053166
462 0.614817 0.159894 0.0459318
463 0.614817 0.174393 0.0474621
464 0.614817 0.160209 0.0443853
465 0.614817 0.158855 0.0459764
466 0.614817 0.147503 0.0467151
467 0.614817 0.139136 0.046123
468 0.614817 0.134383 0.0447958
469 0.614817 0.150956 0.0498168
470 0.614817 0.149042 0.0493411
471 0.614817 0.174877 0.0546084
472 0.614817 0.132706 0.0443371
473 0.614817 0.135299 0.0449519
474 0.614817 0.137512 0.0468129
475 0.614817 0.128731 0.0409332
476 0.614817 0.126423 0.0454519
477 0.614817 0.134036 0.0479294
478 0.614817 0.140389 0.046812
479 0.614817 0.16387 0.0505598
480 0.614817 0.15982 0.0557777
481 0.614817 0.147607 0.0497964
482 0.614817 0.157647 0.0525111
483 0.614817 0.164201 0.0527298
484 0.614817 0.174493 0.0535753
485 0.614817 0.177374 0.0503349
486 0.614817 0.157825 0.0497319
487 0.614817 0.149117 0.0496101
488 0.614817 0.155121 0.0492418
489 0.614817 0.169483 0.0486379
490 0.614817 0.173665 0.047952
491 0.614817 0.192188 0.0499508
492 0.614817 0.190276 0.0536846
493 0.614817 0.187347 0.0555077
494 0.614817 0.192703 0.052416
495 0.614817 0.169769 0.0477303
496 0.614817 0.173448 0.0491692
497 0.614817 0.174928 0.0489419
498 0.614817 0.172395 0.0471765
499 0.614817 0.175092 0.0541714
500 0.614817 0.186741 0.0565267
501 0.614817 0.183139 0.0536235
502 0.614817 0.178785 0.0514168
503 0.614817 0.17359 0.0521332
504 0.614817 0.1877 0.0534709
505 0.614817 0.189952 0.0481543
506 0.614817 0.193305 0.0491949
507 0.614817 0.171549 0.0450019
508 0.614817 0.176458 0.0478512
509 0.614817 0.186782 0.0528027
510 0.614817 0.201697 0.0495419
511 0.614817 0.181967 0.0471412
512 0.61617 0.178683 0.0484288
513 0.61617 0.194991 0.0518523
514 0.61617 0.200758 0.0530652
515 0.61617 0.170441 0.0487413
516 0.61617 0.154323 0.0481729
517 0.61617 0.149327 0.0464052
518 0.61617 0.173538 0.0484258
519 0.61617 0.164324 0.0482395
520 0.61617 0.164926 0.0510729
521 0.61617 0.143421 0.0472377
522 0.61617 0.150011 0.0494182
523 0.61617 0.146446 0.0465166
524 0.61617 0.169393 0.051146
525 0.61617 0.152609 0.0464553
526 0.61617 0.171354 0.0505846
527 0.61617 0.205536 0.054611
528 0.61617 0.183364 0.0521926
529 0.61617 0.165919 0.0473864
530 0.61617 0.141577 0.0446684
531 0.61617 0.159984 0.0485455
532 0.61617 0.15916 0.0462665
533 0.61617 0.159173 0.049465
534 0.61617 0.156555 0.0511329
535 0.61617 0.164081 0.0473135
536 0.61617 0.152244 0.0481375
537 0.61617 0.170438 0.0510948
538 0.61617 0.149651 0.0467391
539 0.61617 0.156185 0.0494402
540 0.61617 0.161402 0.0481574
541 0.61617 0.180435 0.0495307
542 0.61617 0.170903 0.0474614
543 0.61617 0.178509 0.0468156
544 0.61617 0.1705 0.0494633
545 0.61617 0.20794 0.05232
546 0.61617 0.190895 0.0498985
547 0.61617 0.141703 0.0458183
548 0.61617 0.152124 0.0478284
549 0.61617 0.157577 0.0456869
550 0.61617 0.181199 0.0515698
551 0.61617 0.166336 0.0504792
552 0.61617 0.168217 0.0526315
553 0.61617 0.179469 0.057755
554 0.61617 0.165181 0.0447924
555 0.61617 0.170635 0.0464827
556 0.61617 0.199253 0.0530871
557 0.61617 0.183968 0.0481677
558 0.61617 0.189543 0.050242
559 0.61617 0.156548 0.0486545
560 0.61617 0.166011 0.0538565
561 0.61617 0.175072 0.0504954
562 0.61617 0.18748 0.0530261
563 0.61617 0.176354 0.0530854
564 0.61617 0.198725 0.0545827
565 0.61617 0.162751 0.0480011
566 0.61617 0.148391 0.0494164
567 0.61617 0.170436 0.0511595
568 0.61617 0.175175 0.0497138
569 0.61617 0.177296 0.0498194
570 0.61617 0.174968 0.0510487
571 0.61617 0.194719 0.0576013
572 0.61617 0.157009 0.0435585
573 0.61617 0.159347 0.0476564
574 0.61617 0.155706 0.0452924
575 0.61617 0.181776 0.0517177
576 0.61617 0.205428 0.0506558
577 0.61617 0.176829 0.0510157
578 0.61617 0.172068 0.0503493
579 0.61617 0.18572 0.0535993
580 0.61617 0.184959 0.05464
581 0.61617 0.181995 0.0512035
582 0.61617 0.160666 0.0507843
583 0.61617 0.166166 0.0509726
584 0.61617 0.187421 0.0555758
585 0.61617 0.158819 0.0515834
586 0.61617 0.170371 0.0506543
587 0.61617 0.183907 0.0518463
588 0.61617 0.174881 0.0480176
589 0.61617 0.151994 0.0455313
590 0.61617 0.148863 0.0454637
591 0.61617 0.140844 0.0439744
592 0.61617 0.134089 0.0428274
593 0.61617 0.138149 0.0470325
594 0.61617 0.169385 0.0513307
595 0.61617 0.151861 0.0472186
596 0.61617 0.163356 0.0508675
597 0.61617 0.156399 0.0473611
598 0.61617 0.163131 0.0492291
599 0.61617 0.153968 0.0462476
600 0.61617 0.172693 0.0518575
601 0.61617 0.180932 0.0529977
602 0.61617 0.146325 0.0462753
603 0.61617 0.170128 0.0527941
604 0.61617 0.153935 0.0491526
605 0.61617 0.139031 0.0461369
606 0.61617 0.156348 0.0511049
607 0.61617 0.171768 0.0526422
608 0.61617 0.187139 0.0560847
609 0.61617 0.162337 0.048347
610 0.61617 0.158887 0.048042
611 0.61617 0.163053 0.0488244
612 0.61617 0.145579 0.0473126
613 0.61617 0.169865 0.0492776
614 0.61617 0.170775 0.0529029
615 0.61617 0.132232 0.0400241
616 0.61617 0.152262 0.0448895
617 0.61617 0.146179 0.0436562
618 0.61617 0.15749 0.0473661
619 0.61617 0.173013 0.0443672
620 0.61617 0.152048 0.0467112
621 0.61617 0.156616 0.0444685
622 0.61617 0.153243 0.0451277
623 0.61617 0.182259 0.0500246
624 0.61617 0.183315 0.0545299
625 0.61617 0.192487 0.0550255
626 0.61617 0.169234 0.0466158
627 0.61617 0.147775 0.0458943
628 0.61617 0.180182 0.0576777
629 0.61617 0.141487 0.0467794
630 0.61617 0.148075 0.0501719
631 0.61617 0.18495 0.0561893
632 0.61617 0.195065 0.0529259
633 0.61617 0.156551 0.0491339
634 0.61617 0.197035 0.051755
635 0.61617 0.159221 0.0514022
636 0.61617 0.144973 0.0490579
637 0.61617 0.138337 0.0477787
638 0.61617 0.13756 0.0488241
639 0.61617 0.144441 0.0474241
640 0.61617 0.153543 0.0470684
641 0.61617 0.167475 0.0525335
642 0.61617 0.165823 0.0511984
643 0.61617 0.15695 0.0455488
644 0.61617 0.201868 0.0565401
645 0.61617 0.161812 0.0514787
646 0.61617 0.163804 0.0496544
647 0.61617 0.179837 0.0516828
648 0.61617 0.177147 0.0505796
649 0.61617 0.174174 0.0510461
650 0.618021 0.14548 0.0513989
651 0.618021 0.139697 0.0473128
652 0.618021 0.167548 0.0543062
653 0.618021 0.17186 0.0540768
654 0.618021 0.188756 0.0568366
655 0.618021 0.175484 0.0531272
656 0.618021 0.170815 0.0545746
657 0.618021 0.16967 0.0530388
658 0.618021 0.167763 0.0531506
659 0.618021 0.179003 0.0521667
660 0.618021 0.152624 0.0474554
661 0.618021 0.188756 0.0533243
662 0.618021 0.181691 0.0532424
663 0.618021 0.165877 0.0509009
664 0.618347 0.137812 0.0467119
665 0.618347 0.159098 0.0517672
666 0.618347 0.150058 0.0457738
667 0.618347 0.144597 0.045024
668 0.618347 0.154325 0.0467371
669 0.618347 0.155464 0.0466082
670 0.618347 0.152066 0.0471535
671 0.618347 0.168494 0.0432813
672 0.618347 0.158514 0.047103
673 0.618347 0.163269 0.0502234
674 0.618347 0.161399 0.0505059
675 0.618347 0.137132 0.0484241
676 0.618347 0.134447 0.0470766
677 0.618347 0.133329 0.0432706
678 0.618347 0.144276 0.0458454
679 0.618347 0.155198 0.0484763
680 0.618347 0.13384 0.0459765
681 0.618347 0.126838 0.0422222
682 0.618347 0.139254 0.0460069
683 0.618347 0.147203 0.0465127
684 0.618347 0.142151 0.0407667
685 0.618347 0.154553 0.0480793
686 0.618347 0.157018 0.0434275
687 0.618347 0.163006 0.0470198
688 0.618347 0.176971 0.0462611
689 0.618347 0.164651 0.0488498
690 0.618347 0.139436 0.0446464
691 0.618347 0.169484 0.053138
692 0.618347 0.155051 0.0512739
693 0.618347 0.116698 0.0420907
694 0.618347 0.142809 0.0513953
695 0.618347 0.150729 0.0498445
696 0.618347 0.16109 0.0502578
697 0.618347 0.161277 0.0509451
698 0.618347 0.154801 0.0508425
699 0.618347 0.163161 0.0521303
700 0.618347 0.157207 0.047038
701 0.618347 0.164256 0.0477756
702 0.618347 0.15861 0.046265
703 0.618347 0.143334 0.0480676
704 0.618347 0.142866 0.0465333
705 0.618347 0.145962 0.0463946
706 0.618347 0.131959 0.0463754
707 0.618991 0.151382 0.0540129
708 0.618991 0.130807 0.0434892
709 0.618991 0.150794 0.0501839
710 0.618991 0.158549 0.0484732
711 0.618991 0.155967 0.0503698
712 0.618991 0.170876 0.0502722
713 0.618991 0.165691 0.0508887
714 0.618991 0.140201 0.0485693
715 0.618991 0.133672 0.0461994
716 0.618991 0.147742 0.048457
717 0.618991 0.152532 0.0519355
718 0.618991 0.178751 0.0541765
719 0.618991 0.195457 0.0562995
720 0.618991 0.193106 0.0514373
721 0.618991 0.177598 0.0541813
722 0.618991 0.17722 0.0533186
723 0.618991 0.185504 0.0504606
724 0.618991 0.184802 0.0539113
725 0.618991 0.169936 0.0477471
726 0.618991 0.169552 0.0512849
727 0.618991 0.166429 0.0467148
728 0.618991 0.16241 0.0468805
729 0.618991 0.18518 0.0518759
730 0.618991 0.158524 0.0473364
731 0.618991 0.182118 0.0510642
732 0.618991 0.184044 0.0547041
733 0.618991 0.186122 0.0528854
734 0.618991 0.169137 0.0500238
735 0.618991 0.169768 0.0541808
736 0.618991 0.159309 0.0510471
737 0.618991 0.172421 0.0518782
738 0.618991 0.174359 0.0491732
739 0.618991 0.187103 0.0486873
740 0.618991 0.185048 0.0483781
741 0.618991 0.175191 0.0493545
742 0.618991 0.19258 0.0519576
743 0.618991 0.185484 0.0485088
744 0.618991 0.174335 0.0495126
745 0.618991 0.175355 0.0489518
746 0.618991 0.182318 0.0523142
747 0.618991 0.19788 0.0550797
748 0.618991 0.170479 0.0488753
749 0.618991 0.169564 0.0466253
750 0.618991 0.177829 0.0538426
751 0.618991 0.160427 0.0483586
752 0.618991 0.175853 0.0507513
753 0.618991 0.181834 0.0481997
754 0.618991 0.180943 0.0509689
755 0.618991 0.148186 0.0465982
756 0.618991 0.142415 0.0455205
757 0.618991 0.166912 0.0515801
758 0.618991 0.191736 0.0532527
759 0.618991 0.177392 0.0507283
760 0.618991 0.179081 0.0512879
761 0.618991 0.161742 0.0507399
762 0.618991 0.177386 0.0516184
763 0.618991 0.17799 0.0498323
764 0.618991 0.183103 0.0584278
765 0.618991 0.15708 0.0535308
766 0.618991 0.151409 0.0515645
767 0.618991 0.139652 0.0490704
768 0.618991 0.178657 0.0533278
769 0.618991 0.157122 0.0499487
770 0.618991 0.161205 0.0495007
771 0.618991 0.157959 0.046557
772 0.618991 0.15557 0.0437387
773 0.618991 0.174047 0.0512294
774 0.618991 0.154398 0.0481794
775 0.618991 0.166437 0.0486461
776 0.618991 0.147279 0.0447462
777 0.618991 0.174727 0.0509918
778 0.618991 0.161754 0.053081
779 0.618991 0.160655 0.0470475
780 0.618991 0.165851 0.0504851
781 0.618991 0.185423 0.0524232
782 0.618991 0.188087 0.0538681
783 0.618991 0.133668 0.0435431
784 0.618991 0.136738 0.0435172
785 0.618991 0.157364 0.0518953
786 0.618991 0.182967 0.0559085
787 0.618991 0.167176 0.0472716
788 0.618991 0.160305 0.0503973
789 0.618991 0.170953 0.050149
790 0.618991 0.149827 0.0478816
791 0.618991 0.146936 0.0470719
792 0.618991 0.162597 0.0505842
793 0.618991 0.137428 0.0470443
794 0.618991 0.159 0.0529177
795 0.618991 0.162291 0.0517852
796 0.618991 0.134448 0.0428324
797 0.618991 0.15035 0.0449505
798 0.619359 0.181786 0.0541677
799 0.619359 0.169615 0.048914
800 0.619359 0.152127 0.0424158
801 0.619359 0.145364 0.0420598
802 0.619359 0.149874 0.0457234
803 0.619359 0.173566 0.0494398
804 0.619359 0.177509 0.0507949
805 0.619359 0.163572 0.0468169
806 0.619359 0.183167 0.0499438
807 0.619359 0.185557 0.0469255
808 0.619359 0.182655 0.0461284
809 0.619359 0.175045 0.047413
810 0.619359 0.217179 0.0578977
811 0.619359 0.151178 0.0442864
812 0.619359 0.163425 0.0479999
813 0.619359 0.185223 0.0548039
814 0.619359 0.1755 0.0468191
815 0.619359 0.19745 0.0521146
816 0.619359 0.186186 0.0523193
817 0.619359 0.183923 0.0554199
818 0.619359 0.163214 0.0527781
819 0.619359 0.158739 0.0512004
820 0.619359 0.149053 0.0476442
821 0.619359 0.146015 0.0515394
822 0.619359 0.161006 0.04862
823 0.619359 0.17817 0.0522956
824 0.619359 0.16112 0.0461814
825 0.619359 0.151897 0.044613
826 0.619359 0.189689 0.0549039
827 0.619359 0.169444 0.0471917
828 0.619359 0.155673 0.0477021
829 0.619359 0.158431 0.0514761
830 0.619359 0.162137 0.0501794
831 0.619359 0.137539 0.0450771
832 0.619359 0.145364 0.0465636
833 0.619359 0.130008 0.0461404
834 0.619359 0.130432 0.0449186
835 0.619359 0.129149 0.0433516
836 0.619359 0.192975 0.0509393
837 0.619359 0.186563 0.0515616
838 0.619359 0.186266 0.0508144
839 0.619359 0.174173 0.0473367
840 0.619359 0.180973 0.0448864
841 0.619359 0.189736 0.0484873
842 0.619359 0.179571 0.050799
843 0.619359 0.208506 0.0546491
844 0.619359 0.171066 0.0522401
845 0.619359 0.188717 0.0540067
846 0.619359 0.152694 0.0480855
847 0.619359 0.16012 0.0533414
848 0.619359 0.15135 0.0517944
849 0.619359 0.132346 0.0461385
850 0.619359 0.159612 0.047765
851 0.619359 0.154835 0.0460825
852 0.619359 0.155294 0.0458438
853 0.619359 0.161504 0.0499005
854 0.619359 0.144346 0.0458886
855 0.619359 0.145139 0.0441369
856 0.619359 0.140149 0.0443081
857 0.619359 0.161517 0.0474204
858 0.619359 0.179172 0.0558152
859 0.619359 0.149576 0.048874
860 0.619359 0.183799 0.0518632
861 0.619359 0.176458 0.0514088
862 0.619359 0.139422 0.0412248
863 0.619359 0.11801 0.0420893
864 0.619359 0.139044 0.0476551
865 0.619359 0.148384 0.0462202
866 0.619359 0.158346 0.0468112
867 0.619359 0.130806 0.0452649
868 0.619359 0.153366 0.0481513
869 0.619359 0.152883 0.0463368
870 0.619359 0.13917 0.0389022
871 0.619359 0.133747 0.0443271
872 0.619359 0.131179 0.0438418
873 0.619359 0.13131 0.0428333
874 0.619359 0.164607 0.0495213
875 0.619359 0.159861 0.0508115
876 0.619359 0.151567 0.0501262
877 0.619359 0.140569 0.0472225
878 0.619359 0.149514 0.0482136
879 0.619359 0.156932 0.0468333
880 0.619359 0.157898 0.0518132
881 0.619359 0.148422 0.0482893
882 0.619359 0.129545 0.0490205
883 0.619359 0.156111 0.0547233
884 0.619359 0.179416 0.0533654
885 0.619359 0.165356 0.0506942
886 0.619359 0.156476 0.0491488
887 0.619359 0.170971 0.0487327
888 0.619359 0.186599 0.0523339
889 0.619359 0.180832 0.0520056
890 0.619359 0.159581 0.0487352
891 0.619359 0.178425 0.0571502
892 0.619359 0.166781 0.0521385
893 0.619359 0.156249 0.0473153
894 0.619359 0.158187 0.0499147
895 0.619359 0.157389 0.0484475
896 0.619359 0.165959 0.050036
897 0.619359 0.16845 0.0520643
898 0.619359 0.139432 0.042641
899 0.619359 0.140648 0.0444932
900 0.619359 0.1395 0.0425058
901 0.619359 0.139598 0.0445863
902 0.619359 0.147422 0.0507188
903 0.619359 0.151811 0.0461422
904 0.619359 0.121069 0.0394994
905 0.619359 0.155292 0.0505511
906 0.619359 0.182419 0.0532852
907 0.619359 0.173321 0.0553669
908 0.619359 0.162104 0.0513776
909 0.619359 0.161856 0.0516581
910 0.619359 0.147198 0.0439164
911 0.619359 0.157865 0.0479922
912 0.619359 0.167844 0.0536672
913 0.619359 0.161418 0.0495192
914 0.619359 0.179664 0.051369
915 0.619359 0.142517 0.0463432
916 0.619359 0.137086 0.0460908
917 0.619359 0.128125 0.0442648
918 0.619359 0.134616 0.0434219
919 0.619359 0.137683 0.0432874
920 0.619359 0.151401 0.0465262
921 0.619359 0.150604 0.0436032
922 0.619359 0.145727 0.0440251
923 0.619359 0.169667 0.0523542
924 0.619359 0.169825 0.0510644
925 0.619359 0.160939 0.0520844
926 0.619359 0.169526 0.0482323
927 0.619359 0.157975 0.0454823
928 0.619359 0.161471 0.048833
929 0.619359 0.134458 0.0435618
930 0.619359 0.170293 0.0501781
931 0.619359 0.181524 0.0523525
932 0.619359 0.152017 0.0458558
933 0.619359 0.160951 0.0442344
934 0.619359 0.152229 0.0438236
935 0.619359 0.165016 0.0480984
936 0.619359 0.169948 0.048192
937 0.619359 0.165255 0.0490377
938 0.619359 0.160099 0.0461113
939 0.619359 0.171286 0.0449614
940 0.619359 0.17368 0.0434295
941 0.619359 0.178254 0.0421457
942 0.619359 0.169112 0.0481063
943 0.619359 0.176585 0.0454228
944 0.619359 0.167009 0.0464565
945 0.619359 0.155235 0.0447907
946 0.619359 0.149431 0.0442674
947 0.619359 0.161713 0.0459623
948 0.619359 0.16865 0.0541683
949 0.619359 0.143813 0.0446925
950 0.619359 0.148256 0.0482992
951 0.619359 0.164787 0.0516382
952 0.619359 0.157454 0.0444849
953 0.619359 0.168151 0.0509419
954 0.619359 0.167847 0.0474613
955 0.619359 0.163208 0.0469893
956 0.619359 0.135582 0.0430858
957 0.619359 0.137182 0.0449977
958 0.619359 0.157983 0.0462304
959 0.619359 0.169314 0.051942
960 0.619359 0.163555 0.0537612
961 0.619359 0.166175 0.0523757
962 0.619359 0.131516 0.0462962
963 0.619359 0.144128 0.0456123
964 0.619359 0.161483 0.051692
965 0.619359 0.179506 0.0565934
966 0.619359 0.156428 0.0499597
967 0.619359 0.150087 0.0495543
968 0.619359 0.131108 0.0480151
969 0.619359 0.158076 0.0473254
970 0.619359 0.186252 0.0518218
971 0.619359 0.171675 0.0506348
972 0.619359 0.150072 0.0496493
973 0.619359 0.135386 0.0464152
974 0.619359 0.153528 0.0517673
975 0.619359 0.146689 0.0529522
976 0.619359 0.119787 0.0413012
977 0.619359 0.16476 0.0496462
978 0.619359 0.179372 0.0504635
979 0.619359 0.177496 0.054496
980 0.619359 0.187217 0.0536496
981 0.619359 0.208194 0.0551417
982 0.619359 0.186224 0.0553314
983 0.619359 0.16428 0.0509933
984 0.619359 0.167083 0.05274
985 0.619359 0.167101 0.0457393
986 0.619359 0.17281 0.0477149
987 0.619359 0.170318 0.0435047
988 0.619359 0.17233 0.0474778
989 0.619359 0.181605 0.0445984
990 0.619359 0.161633 0.0474145
991 0.619359 0.186832 0.0527725
992 0.619359 0.176205 0.0491428
993 0.619359 0.184251 0.053503
994 0.619359 0.169041 0.0507282
995 0.619359 0.168814 0.0488735
996 0.619359 0.161815 0.0477086
997 0.619359 0.181595 0.0537354
998 0.619359 0.190061 0.0539325
999 0.619359 0.18604 0.0539802
1000 0.619359 0.182012 0.0492972
