0 0.12526 0.0527932 0.00383044
1 0.12526 0.0601891 0.00393437
2 0.125273 0.0751156 0.00379394
3 0.125273 0.0726632 0.00384277
4 0.125276 0.0778091 0.00369691
5 0.125276 0.0789607 0.00366405
6 0.197442 0.0863794 0.00348084
7 0.197442 0.0908894 0.00328137
8 0.197442 0.0896561 0.00335192
9 0.197442 0.0883977 0.00341789
10 0.197442 0.0908586 0.00328876
11 0.197442 0.0947665 0.00303371
12 0.197442 0.0996155 0.00270935
13 0.197442 0.102091 0.00252143
14 0.197442 0.0945949 0.00306292
15 0.294106 0.100051 0.00318149
16 0.294106 0.10458 0.00298513
17 0.294106 0.105882 0.00279643
18 0.294106 0.104674 0.00296911
19 0.294106 0.10597 0.0028522
20 0.294106 0.10927 0.00340164
21 0.294106 0.105687 0.00375128
22 0.440168 0.10338 0.00546491
23 0.440168 0.100786 0.00598622
24 0.440168 0.101874 0.00677172
25 0.484849 0.104373 0.00856484
26 0.484849 0.107806 0.0110097
27 0.484849 0.103935 0.0129026
28 0.484849 0.105397 0.0134878
29 0.484849 0.10888 0.0143854
30 0.49695 0.11715 0.0146834
31 0.49695 0.108035 0.0158597
32 0.50062 0.111401 0.0176314
32 0.520328 0.0607043 0.0205658
33 0.520328 0.0655187 0.0224747
34 0.520328 0.0662882 0.022965
35 0.520328 0.0768467 0.0260098
36 0.520328 0.0595619 0.0229131
37 0.520328 0.0709326 0.0261745
38 0.520328 0.0770982 0.0291868
39 0.536607 0.0921589 0.0315767
40 0.553024 0.0897302 0.0331447
41 0.553024 0.0826138 0.0312072
42 0.553024 0.0800149 0.0300383
43 0.553024 0.0838933 0.0315022
44 0.553024 0.0885372 0.0319849
45 0.553024 0.104045 0.0374862
46 0.553024 0.0837198 0.0326755
47 0.553024 0.0724258 0.0284321
48 0.571191 0.0776511 0.0317992
49 0.571191 0.0756521 0.0299089
50 0.571191 0.0935094 0.0335301
51 0.571191 0.105247 0.0400727
52 0.571191 0.0820273 0.0318223
53 0.587162 0.0836479 0.033821
54 0.592033 0.0991442 0.0390291
55 0.592033 0.0974192 0.039064
56 0.592033 0.0794191 0.0328076
57 0.592033 0.12236 0.0413533
58 0.592033 0.103666 0.0399088
59 0.592033 0.117482 0.0428481
60 0.596298 0.120104 0.0430834
61 0.596298 0.109736 0.0403421
62 0.596298 0.110342 0.0389078
63 0.596298 0.0892053 0.0347017
64 0.596298 0.102986 0.0361072
65 0.596298 0.115907 0.0415621
66 0.596298 0.106249 0.0375288
67 0.596298 0.107774 0.038405
68 0.596298 0.108575 0.038163
69 0.596298 0.113201 0.0382758
70 0.596298 0.111842 0.0414617
71 0.596298 0.111926 0.0425056
72 0.596298 0.108432 0.0386904
73 0.596298 0.121779 0.0414716
74 0.596298 0.121782 0.0445907
75 0.596298 0.117589 0.0415092
76 0.596298 0.120632 0.0443916
77 0.596298 0.100543 0.0375153
78 0.596298 0.11909 0.0424046
79 0.596298 0.125914 0.0431267
80 0.596298 0.114913 0.0386458
81 0.596298 0.119406 0.0409077
82 0.596298 0.128764 0.04293
83 0.596298 0.137247 0.0443853
84 0.596298 0.112554 0.0398427
85 0.596298 0.118115 0.0406153
86 0.596298 0.125256 0.0444987
87 0.596298 0.124424 0.0421962
88 0.596298 0.106271 0.0394429
89 0.596298 0.110418 0.0374432
90 0.596298 0.1132 0.0399948
91 0.596298 0.122486 0.0421901
92 0.596298 0.114569 0.0415626
93 0.596298 0.139496 0.0460899
94 0.60662 0.117745 0.0410319
95 0.60662 0.123183 0.0423756
96 0.60662 0.130569 0.0427947
97 0.60662 0.12016 0.0448983
98 0.60662 0.120137 0.0449639
99 0.60662 0.110863 0.0395712
100 0.60662 0.128811 0.0460439
101 0.60662 0.142139 0.0458768
102 0.60662 0.127945 0.0397104
103 0.60662 0.129024 0.0439273
104 0.60662 0.141218 0.0443465
105 0.60662 0.128166 0.0426207
106 0.60662 0.140418 0.0459209
107 0.60662 0.139216 0.0478083
108 0.60662 0.127378 0.0433986
109 0.60662 0.106544 0.0406675
110 0.60662 0.0843139 0.0367589
111 0.60662 0.0989262 0.0393212
112 0.60662 0.132098 0.047423
113 0.60662 0.114301 0.0447837
114 0.60662 0.10859 0.0414104
115 0.60662 0.104898 0.0412242
116 0.60662 0.12111 0.0440454
117 0.60662 0.152126 0.052378
118 0.60662 0.144363 0.0522389
119 0.60662 0.113048 0.0419043
120 0.60662 0.11081 0.042151
121 0.60662 0.118072 0.0402177
122 0.60662 0.105145 0.0389207
123 0.60662 0.134464 0.0473226
124 0.60662 0.150148 0.0486901
125 0.60662 0.132083 0.0445079
126 0.60662 0.113504 0.0412095
127 0.60662 0.128574 0.0461351
128 0.60662 0.125153 0.0465386
129 0.60662 0.135378 0.0457119
130 0.60662 0.111296 0.0409724
131 0.60662 0.11658 0.0431811
132 0.60662 0.131727 0.0441132
133 0.60662 0.130378 0.046392
134 0.60662 0.1221 0.0429801
135 0.60662 0.101919 0.0358654
136 0.60662 0.115974 0.0408441
137 0.60662 0.103674 0.0407466
138 0.60662 0.113421 0.0411698
139 0.60662 0.0974586 0.0399283
140 0.60662 0.109124 0.0407744
141 0.60662 0.124778 0.0447195
142 0.60662 0.132401 0.0447849
143 0.60662 0.117827 0.0389347
144 0.60662 0.123633 0.0420998
145 0.60662 0.135373 0.0465452
146 0.60662 0.128687 0.0471208
147 0.60662 0.12604 0.0451466
148 0.60662 0.133388 0.0468366
149 0.60662 0.124255 0.0435157
150 0.60662 0.141114 0.0468832
151 0.60662 0.120487 0.042333
152 0.60662 0.128298 0.0411874
153 0.60662 0.117089 0.038737
154 0.60662 0.127983 0.0426292
155 0.60662 0.12682 0.0475838
156 0.60662 0.123397 0.0433395
157 0.60662 0.12558 0.0446557
158 0.60662 0.135268 0.0461501
159 0.60662 0.125715 0.0471092
160 0.60662 0.147396 0.0506682
161 0.60662 0.119306 0.0430288
162 0.60662 0.137849 0.0467373
163 0.60662 0.127037 0.0410404
164 0.60662 0.121133 0.0457643
165 0.60662 0.131112 0.0485534
166 0.60662 0.130437 0.044888
167 0.60662 0.138983 0.0466222
168 0.60662 0.123868 0.0486384
169 0.60662 0.124506 0.0465571
170 0.60662 0.105895 0.0379101
171 0.60662 0.106986 0.0406362
172 0.60662 0.145368 0.0446363
173 0.60662 0.115785 0.04006
174 0.60662 0.114589 0.0425484
175 0.60662 0.115068 0.042839
176 0.60662 0.134941 0.046035
177 0.60662 0.127929 0.0447637
178 0.60662 0.117222 0.0417622
179 0.60662 0.128735 0.0431011
180 0.60662 0.121332 0.0411412
181 0.60662 0.117686 0.042059
182 0.60662 0.120537 0.0425883
183 0.60662 0.114769 0.0421794
184 0.60662 0.120808 0.0424418
185 0.60662 0.126284 0.0465868
186 0.60662 0.110889 0.0408136
187 0.60662 0.106024 0.0405683
188 0.60662 0.134745 0.0475616
189 0.60662 0.122893 0.0404608
190 0.60662 0.126743 0.0407414
191 0.60662 0.119719 0.0410777
192 0.60662 0.128383 0.0407474
193 0.60662 0.121211 0.0426842
194 0.60662 0.132904 0.0475033
195 0.60662 0.12438 0.0425298
196 0.60662 0.122803 0.0400505
197 0.60662 0.128542 0.0404198
198 0.60662 0.131087 0.0443639
199 0.60662 0.139018 0.0415976
200 0.60662 0.136428 0.0424174
201 0.60662 0.145657 0.0465409
202 0.60662 0.136256 0.0438902
203 0.60662 0.13418 0.0424459
204 0.60662 0.142153 0.0451073
205 0.60662 0.131247 0.0405098
206 0.60662 0.123852 0.040288
207 0.60662 0.116663 0.0395388
208 0.60662 0.150455 0.0471944
209 0.60662 0.129245 0.0454885
210 0.60662 0.14209 0.0489305
211 0.60662 0.130004 0.0451258
212 0.60662 0.125424 0.0430362
213 0.60662 0.134305 0.0438817
214 0.60662 0.131708 0.0467136
215 0.60662 0.122497 0.0451729
216 0.60662 0.141189 0.0474696
217 0.60662 0.122287 0.0463325
218 0.60662 0.1366 0.0511991
219 0.60662 0.124485 0.046751
220 0.60662 0.127109 0.0437514
221 0.60662 0.141901 0.0457644
222 0.60662 0.135015 0.0425924
223 0.60662 0.159783 0.0479855
224 0.60662 0.169715 0.0481646
225 0.60662 0.163409 0.050641
226 0.60662 0.14985 0.0489101
227 0.60662 0.136297 0.0436801
228 0.60662 0.137853 0.0467476
229 0.607451 0.186225 0.055407
230 0.607451 0.136423 0.042628
231 0.607451 0.133059 0.0453803
232 0.607451 0.127979 0.0447046
233 0.607451 0.130243 0.0415652
234 0.607451 0.13521 0.0463449
235 0.607451 0.128844 0.0443287
236 0.607829 0.138524 0.0487671
237 0.60858 0.161298 0.0494927
238 0.60858 0.13005 0.0452499
239 0.60858 0.130157 0.0432275
240 0.60858 0.133299 0.0448987
241 0.60858 0.126156 0.0454114
242 0.60858 0.131293 0.0443495
243 0.609286 0.155359 0.0485485
244 0.609286 0.143458 0.0427514
245 0.609286 0.129835 0.0429928
246 0.609286 0.129931 0.0431017
247 0.609286 0.153535 0.0522464
248 0.609286 0.124288 0.0455514
249 0.609286 0.146977 0.0465713
250 0.609286 0.161473 0.0500133
251 0.609286 0.14214 0.0518275
252 0.609286 0.104103 0.0423346
253 0.609286 0.138995 0.0446727
254 0.609286 0.148506 0.0502132
255 0.609286 0.158169 0.0529504
256 0.609286 0.150482 0.0493526
257 0.609286 0.148007 0.0500568
258 0.609286 0.130137 0.0454533
259 0.609286 0.128318 0.045749
260 0.609286 0.158468 0.0473673
261 0.609286 0.151676 0.0508451
262 0.609286 0.126049 0.0441115
263 0.609286 0.118521 0.042041
264 0.609286 0.123683 0.0442911
265 0.609286 0.123273 0.0456577
266 0.609286 0.154003 0.047801
267 0.609286 0.140661 0.0451734
268 0.609286 0.131997 0.0433374
269 0.609286 0.169339 0.0543173
270 0.609286 0.111933 0.0400144
271 0.609286 0.131748 0.0452709
272 0.609286 0.146463 0.0493606
273 0.609286 0.158393 0.0509413
274 0.609286 0.125923 0.0452025
275 0.609286 0.147139 0.0501935
276 0.609286 0.12969 0.0457406
277 0.609286 0.127665 0.0446631
278 0.609286 0.136622 0.046333
279 0.609286 0.171756 0.0547819
280 0.609286 0.145791 0.0475467
281 0.609286 0.150278 0.0501447
282 0.609286 0.159725 0.0535278
283 0.609286 0.144763 0.0496295
284 0.609286 0.157229 0.049281
285 0.609286 0.132155 0.0484427
286 0.609286 0.131326 0.0499144
287 0.609286 0.129246 0.0445002
288 0.609286 0.115321 0.0420068
289 0.609286 0.142681 0.0445061
290 0.609286 0.141714 0.0473233
291 0.609286 0.12646 0.0445708
292 0.609286 0.11948 0.0395467
293 0.609286 0.127298 0.0415894
294 0.609286 0.140003 0.0454601
295 0.609286 0.140036 0.0446873
296 0.609286 0.158545 0.0505269
297 0.609286 0.130607 0.0478619
298 0.609286 0.131315 0.0453832
299 0.609862 0.141798 0.0474634
300 0.609862 0.136407 0.0463956
301 0.609862 0.133274 0.0450596
302 0.609862 0.143387 0.0489587
303 0.609862 0.157013 0.0554117
304 0.609862 0.159723 0.0470964
305 0.609862 0.141433 0.0475502
306 0.609862 0.134606 0.0467474
307 0.609862 0.12908 0.042712
308 0.609862 0.138603 0.0418381
309 0.609862 0.161862 0.0459232
310 0.609862 0.148863 0.0473327
311 0.609862 0.135373 0.0436375
312 0.609862 0.143194 0.0440075
313 0.609862 0.135656 0.0472023
314 0.609862 0.137642 0.0449476
315 0.609862 0.116655 0.0439602
316 0.609862 0.148559 0.0491375
317 0.609862 0.145209 0.0464208
318 0.609862 0.131586 0.0440205
319 0.609862 0.129257 0.0428829
320 0.609862 0.123467 0.0409349
321 0.609862 0.127345 0.04543
322 0.609862 0.108633 0.039482
323 0.609862 0.136488 0.0498628
324 0.609862 0.114746 0.0414179
325 0.609862 0.122411 0.0435912
326 0.609862 0.109698 0.040867
327 0.609862 0.13373 0.0468406
328 0.609862 0.117489 0.0436801
329 0.609862 0.156459 0.056558
330 0.609862 0.157034 0.0533436
331 0.609862 0.159411 0.0511815
332 0.609862 0.14189 0.0458593
333 0.609862 0.140556 0.0451917
334 0.609862 0.146072 0.0519291
335 0.609862 0.152796 0.049058
336 0.609862 0.127174 0.0421112
337 0.609862 0.127847 0.0448999
338 0.609862 0.131633 0.0434563
339 0.609862 0.134198 0.0457007
340 0.609862 0.148759 0.0497556
341 0.609862 0.139373 0.0516944
342 0.609862 0.128874 0.0441745
343 0.609862 0.12706 0.0442251
344 0.609862 0.125248 0.0471897
345 0.609862 0.110158 0.0421728
346 0.609862 0.120296 0.046002
347 0.609862 0.137718 0.0435095
348 0.609862 0.118525 0.0445663
349 0.609862 0.107777 0.04233
350 0.609862 0.106317 0.0423463
351 0.609862 0.115033 0.0460593
352 0.609862 0.133635 0.0498207
353 0.609862 0.128642 0.0444918
354 0.609862 0.131152 0.0495835
355 0.609862 0.12235 0.0481151
356 0.609862 0.112252 0.0441702
357 0.609862 0.112686 0.0455423
358 0.609862 0.138883 0.049261
359 0.609862 0.129946 0.0456848
360 0.609862 0.149931 0.0495342
361 0.609862 0.147723 0.048935
362 0.609862 0.149072 0.051198
363 0.609862 0.142416 0.0472275
364 0.609862 0.1518 0.0489045
365 0.609862 0.168239 0.0480225
366 0.609862 0.154476 0.0516105
367 0.609862 0.135298 0.044206
368 0.609862 0.153131 0.0492113
369 0.609862 0.163248 0.0434091
370 0.609862 0.177839 0.0494057
371 0.609862 0.143756 0.0430464
372 0.609862 0.138239 0.0428546
373 0.609862 0.144449 0.0460072
374 0.609862 0.138894 0.0487836
375 0.609862 0.102189 0.0359654
376 0.609862 0.113281 0.038174
377 0.609862 0.123416 0.0405394
378 0.609862 0.145859 0.0506644
379 0.609862 0.116978 0.0462073
380 0.609862 0.113893 0.0459774
381 0.609862 0.107053 0.0439121
382 0.609862 0.126801 0.0474312
383 0.609862 0.139911 0.051717
384 0.609862 0.129006 0.0460606
385 0.609862 0.13138 0.044316
386 0.609862 0.137315 0.046667
387 0.609862 0.113695 0.0420966
388 0.609862 0.116812 0.0416072
389 0.609862 0.126514 0.0463254
390 0.609862 0.123116 0.0458411
391 0.609862 0.127024 0.0441925
392 0.609862 0.157934 0.0533666
393 0.609862 0.134271 0.047585
394 0.609862 0.118453 0.047902
395 0.609862 0.129042 0.0453614
396 0.609862 0.144466 0.0493953
397 0.609862 0.100849 0.0396649
398 0.609862 0.131094 0.0500932
399 0.609862 0.143675 0.0499039
400 0.610359 0.14503 0.0531024
401 0.610359 0.137588 0.0543773
402 0.610359 0.118713 0.0428761
403 0.610359 0.136873 0.0470446
404 0.610359 0.137781 0.0459953
405 0.610359 0.129015 0.0431578
406 0.610359 0.149745 0.0487909
407 0.610359 0.143176 0.0494572
408 0.610359 0.126125 0.0451383
409 0.610359 0.133937 0.0487818
410 0.610359 0.116388 0.0452302
411 0.610359 0.106109 0.0401785
412 0.610359 0.13254 0.0430329
413 0.610359 0.144634 0.0469379
414 0.610359 0.135389 0.0435354
415 0.610359 0.116391 0.0419228
416 0.610359 0.143422 0.0470154
417 0.610359 0.128015 0.04645
418 0.610359 0.116335 0.04496
419 0.610359 0.120544 0.0425733
420 0.610359 0.143728 0.050186
421 0.610359 0.124777 0.0463962
422 0.610359 0.116628 0.0442194
423 0.610359 0.135874 0.0444354
424 0.610359 0.12893 0.0432526
425 0.610359 0.131247 0.0413994
426 0.610359 0.15292 0.047106
427 0.610359 0.155623 0.0479439
428 0.610359 0.143247 0.0441616
429 0.610359 0.155595 0.0474193
430 0.610359 0.19195 0.0546583
431 0.610359 0.146012 0.049773
432 0.610359 0.144053 0.0493363
433 0.610359 0.124573 0.0453544
434 0.610359 0.126398 0.0434318
435 0.610359 0.139739 0.047139
436 0.610359 0.152776 0.0500708
437 0.610359 0.145258 0.0466836
438 0.610359 0.137884 0.0483471
439 0.610359 0.136345 0.0470603
440 0.610359 0.143705 0.0495705
441 0.610359 0.144226 0.0500719
442 0.610359 0.154999 0.0498184
443 0.610359 0.151267 0.0533966
444 0.610359 0.16428 0.0498527
445 0.610359 0.165396 0.0460239
446 0.610359 0.142768 0.0416658
447 0.610359 0.169633 0.0477939
448 0.610359 0.164542 0.0470514
449 0.610359 0.179262 0.0480227
450 0.610359 0.166869 0.0471171
451 0.610485 0.19064 0.0508581
452 0.610485 0.159186 0.0454125
453 0.610485 0.138188 0.0463276
454 0.610485 0.119224 0.0417752
455 0.610485 0.14 0.0463729
456 0.610485 0.141534 0.0483325
457 0.610485 0.145291 0.0508981
458 0.610485 0.152527 0.051004
459 0.610485 0.132666 0.047587
460 0.610485 0.157967 0.0511132
461 0.610485 0.154569 0.0492274
462 0.610485 0.138394 0.0463211
463 0.610485 0.138674 0.0465068
464 0.610485 0.134367 0.047536
465 0.610485 0.140745 0.0490729
466 0.610485 0.151596 0.0513028
467 0.610485 0.148439 0.045648
468 0.610485 0.165308 0.0492823
469 0.610485 0.162329 0.0485597
470 0.610485 0.159553 0.0483739
471 0.610485 0.150128 0.0487466
472 0.610485 0.16348 0.0518763
473 0.610485 0.160813 0.0541854
474 0.610485 0.145532 0.0478693
475 0.610485 0.124906 0.043207
476 0.610485 0.13378 0.0462351
477 0.610485 0.125423 0.0428998
478 0.610485 0.139039 0.0451116
479 0.610485 0.127295 0.0442801
480 0.610485 0.140182 0.0464662
481 0.610485 0.119645 0.0427472
482 0.610485 0.136215 0.0467426
483 0.610485 0.147601 0.0503513
484 0.610485 0.161764 0.0528975
485 0.610485 0.148558 0.0456336
486 0.610485 0.122633 0.0412314
487 0.610485 0.121505 0.040525
488 0.610485 0.118013 0.0442755
489 0.610485 0.144486 0.0464186
490 0.610485 0.140912 0.0465383
491 0.610485 0.110394 0.0435491
492 0.610485 0.145337 0.0458092
493 0.610485 0.147139 0.046698
494 0.610485 0.122404 0.0410784
495 0.610485 0.120927 0.0438946
496 0.610485 0.142323 0.0486248
497 0.610485 0.151692 0.0496841
498 0.610485 0.144741 0.0445374
499 0.610485 0.164251 0.0469057
500 0.610485 0.127665 0.0441706
501 0.610485 0.156529 0.0479526
502 0.610485 0.137854 0.0442364
503 0.610485 0.15707 0.0487762
504 0.610485 0.142625 0.0468241
505 0.610485 0.18124 0.053495
506 0.610485 0.140883 0.0434455
507 0.610485 0.136348 0.0427749
508 0.610485 0.161371 0.048078
509 0.610485 0.167581 0.0491837
510 0.610485 0.160774 0.0493607
511 0.610485 0.160007 0.0477177
512 0.610485 0.160861 0.0490151
513 0.610485 0.150557 0.0435324
514 0.610485 0.13611 0.0434964
515 0.610485 0.143081 0.0432158
516 0.610485 0.138024 0.0431023
517 0.610485 0.158468 0.053386
518 0.610485 0.146735 0.0504081
519 0.610485 0.168865 0.0565989
520 0.610485 0.146162 0.0515388
521 0.610485 0.171061 0.0525359
522 0.610485 0.133517 0.0458847
523 0.610485 0.155652 0.0495393
524 0.610485 0.161696 0.0474613
525 0.610485 0.133094 0.0409374
526 0.610485 0.141503 0.0440618
527 0.610485 0.127155 0.0430073
528 0.610485 0.138669 0.0467609
529 0.610485 0.12897 0.0439199
530 0.610485 0.14498 0.0495655
531 0.610485 0.146924 0.0504754
532 0.610485 0.163636 0.0524289
533 0.610485 0.138633 0.0505535
534 0.610485 0.153134 0.0510827
535 0.610485 0.146107 0.0459952
536 0.610485 0.134797 0.0471894
537 0.610485 0.133227 0.0493719
538 0.610485 0.126444 0.0458779
539 0.610485 0.101427 0.0374387
540 0.610485 0.123329 0.0444389
541 0.610485 0.120438 0.0432426
542 0.610485 0.136782 0.0508856
543 0.610485 0.125938 0.0474068
544 0.610485 0.136636 0.0441829
545 0.610485 0.129498 0.0443555
546 0.610485 0.132302 0.0448444
547 0.610485 0.135968 0.0433426
548 0.610485 0.133377 0.0440746
549 0.610485 0.153581 0.0508137
550 0.610485 0.149207 0.0520942
551 0.610485 0.158997 0.0535793
552 0.610485 0.136137 0.0469151
553 0.610485 0.113809 0.0402844
554 0.610485 0.120515 0.0437254
555 0.610485 0.141855 0.0510586
556 0.610485 0.144398 0.0477786
557 0.610485 0.132597 0.0439771
558 0.610485 0.139901 0.0425337
559 0.610485 0.148042 0.0441213
560 0.610485 0.15741 0.0462824
561 0.610485 0.154526 0.0460705
562 0.610485 0.136856 0.0435479
563 0.610485 0.134419 0.0455884
564 0.610485 0.131618 0.0467176
565 0.610485 0.119408 0.04246
566 0.610485 0.126027 0.0465923
567 0.610485 0.125716 0.0447436
568 0.610485 0.158103 0.0516712
569 0.610485 0.144742 0.0489278
570 0.610485 0.135307 0.0459174
571 0.610485 0.150326 0.0491899
572 0.610485 0.119851 0.0433328
573 0.610485 0.139868 0.0442563
574 0.610485 0.158283 0.0510714
575 0.610485 0.135863 0.043217
576 0.610485 0.122373 0.0453201
577 0.610485 0.148441 0.0514089
578 0.610485 0.116965 0.0447778
579 0.610485 0.120718 0.0463095
580 0.610485 0.135058 0.0438012
581 0.610485 0.131067 0.0473117
582 0.610485 0.128803 0.0473812
583 0.610485 0.11417 0.0404937
584 0.610485 0.120909 0.0419206
585 0.610485 0.11932 0.0431307
586 0.610485 0.137816 0.0501827
587 0.610485 0.163603 0.0520533
588 0.610485 0.136291 0.0475502
589 0.610485 0.150618 0.0503503
590 0.610485 0.138425 0.0471139
591 0.610485 0.147366 0.0476558
592 0.610485 0.176307 0.0487659
593 0.610485 0.155553 0.0527916
594 0.610485 0.153229 0.0527496
595 0.610485 0.149399 0.0497133
596 0.610485 0.143416 0.0493641
597 0.610485 0.124578 0.0447976
598 0.610485 0.120933 0.0451815
599 0.610485 0.100316 0.037329
600 0.610485 0.107436 0.0407809
601 0.610485 0.133324 0.0500565
602 0.610485 0.128578 0.0493425
603 0.610485 0.147151 0.0419645
604 0.610485 0.127251 0.0431477
605 0.610485 0.142612 0.0496097
606 0.610485 0.13841 0.049229
607 0.610485 0.13631 0.0471896
608 0.610485 0.126778 0.0432162
609 0.610485 0.15081 0.0462871
610 0.610485 0.13752 0.0479562
611 0.610485 0.135972 0.04785
612 0.610485 0.132003 0.0459172
613 0.610485 0.162733 0.050477
614 0.610639 0.1696 0.0568115
615 0.610639 0.167419 0.0503274
616 0.610639 0.139735 0.0437442
617 0.610639 0.134287 0.0416671
618 0.610639 0.140379 0.0444699
619 0.610639 0.126331 0.0423598
620 0.610639 0.142174 0.0492843
621 0.610639 0.145468 0.0489687
622 0.610639 0.12249 0.0415147
623 0.610639 0.134899 0.0453731
624 0.610639 0.131821 0.0461285
625 0.610639 0.127864 0.0468262
626 0.610639 0.11919 0.0449916
627 0.610639 0.117516 0.0435039
628 0.610639 0.110392 0.0407411
629 0.610639 0.122011 0.0435969
630 0.610639 0.151694 0.0509647
631 0.610639 0.129955 0.0440765
632 0.610639 0.127992 0.0437389
633 0.610639 0.157448 0.0523014
634 0.610639 0.1475 0.0474603
635 0.610639 0.134279 0.0447073
636 0.610639 0.109286 0.0358791
637 0.610639 0.126491 0.0439213
638 0.610639 0.139995 0.0493691
639 0.610639 0.126884 0.0476883
640 0.610639 0.139335 0.0476825
641 0.610639 0.13038 0.0474689
642 0.610639 0.127335 0.0484587
643 0.610639 0.117448 0.0436693
644 0.610639 0.126176 0.043188
645 0.610639 0.108924 0.0429453
646 0.610639 0.0997627 0.0402249
647 0.610639 0.123767 0.047989
648 0.610639 0.129394 0.0484436
649 0.610639 0.139971 0.0503533
650 0.610639 0.118965 0.0483945
651 0.610639 0.118253 0.0484725
652 0.610639 0.148474 0.0574644
653 0.610639 0.129083 0.0452771
654 0.610639 0.153631 0.0544484
655 0.610639 0.139566 0.0508455
656 0.610639 0.143559 0.0480343
657 0.610639 0.156856 0.0517425
658 0.610639 0.160382 0.0479917
659 0.610639 0.150925 0.0466507
660 0.610639 0.155645 0.0493916
661 0.610639 0.129989 0.0482129
662 0.610639 0.141898 0.0491136
663 0.610639 0.140197 0.0479349
664 0.610639 0.149097 0.0485851
665 0.610639 0.155758 0.0501264
666 0.610639 0.168285 0.0495889
667 0.610639 0.150102 0.0495938
668 0.610639 0.154812 0.0492874
669 0.610639 0.156849 0.0525765
670 0.610639 0.133697 0.0473841
671 0.610639 0.129861 0.0448445
672 0.610639 0.137041 0.0441486
673 0.610639 0.166298 0.0490374
674 0.610639 0.138949 0.0460747
675 0.610639 0.136751 0.0460855
676 0.610639 0.144897 0.0481244
677 0.610639 0.158671 0.0493759
678 0.610639 0.136356 0.0455476
679 0.610639 0.126087 0.0482962
680 0.610639 0.143158 0.0474069
681 0.610639 0.156556 0.0516241
682 0.610639 0.155542 0.047276
683 0.610639 0.151309 0.0509944
684 0.610639 0.155793 0.0500774
685 0.610639 0.166163 0.0520005
686 0.610639 0.14866 0.0473347
687 0.610639 0.140686 0.0458854
688 0.610639 0.134082 0.0477209
689 0.610639 0.126087 0.0424603
690 0.610639 0.133125 0.0452333
691 0.610639 0.139729 0.0453471
692 0.610639 0.145945 0.0506986
693 0.610639 0.15713 0.0526732
694 0.610639 0.139576 0.0492506
695 0.610639 0.139967 0.0526083
696 0.610818 0.139033 0.0481814
697 0.610818 0.141383 0.0476019
698 0.610818 0.162826 0.0476353
699 0.610818 0.13954 0.0472998
700 0.610818 0.144462 0.0502952
701 0.610818 0.144533 0.0479949
702 0.61144 0.15816 0.0519027
703 0.61144 0.146379 0.0455372
704 0.61144 0.123071 0.0445161
705 0.61144 0.133736 0.0466379
706 0.61144 0.122156 0.0400057
707 0.61144 0.128856 0.0464195
708 0.61144 0.126171 0.0441259
709 0.61144 0.141692 0.0453204
710 0.61144 0.145029 0.0501651
711 0.61144 0.109807 0.0396377
712 0.61144 0.107433 0.0416666
713 0.61144 0.12039 0.0454283
714 0.61144 0.12856 0.0456935
715 0.61144 0.123529 0.0460286
716 0.61144 0.127292 0.04435
717 0.61144 0.119473 0.0433725
718 0.61144 0.142919 0.0469916
719 0.61144 0.137802 0.0484458
720 0.61144 0.136572 0.0456738
721 0.61144 0.149027 0.0496312
722 0.61144 0.142723 0.0450476
723 0.61144 0.148042 0.0479525
724 0.61144 0.14341 0.0493066
725 0.61144 0.133722 0.0478273
726 0.61144 0.129581 0.0476073
727 0.61144 0.126691 0.0452493
728 0.61144 0.114649 0.0428249
729 0.61144 0.129403 0.0485968
730 0.61144 0.155464 0.0538037
731 0.61144 0.145034 0.0509276
732 0.6115 0.142099 0.0472175
733 0.6115 0.122225 0.0425607
734 0.6115 0.133106 0.0434164
735 0.6115 0.147719 0.0470643
736 0.6115 0.154626 0.0499818
737 0.6115 0.159151 0.055083
738 0.6115 0.151736 0.0474694
739 0.6115 0.129617 0.0406232
740 0.6115 0.145729 0.0457414
741 0.6115 0.138052 0.0446441
742 0.6115 0.14517 0.0437642
743 0.6115 0.161829 0.0453369
744 0.6115 0.155959 0.0503857
745 0.6115 0.136869 0.043372
746 0.6115 0.1342 0.0458226
747 0.6115 0.140215 0.0446357
748 0.6115 0.140411 0.0426051
749 0.6115 0.143404 0.0437488
750 0.6115 0.133576 0.0437931
751 0.6115 0.133093 0.0442275
752 0.6115 0.101781 0.0383804
753 0.6115 0.110243 0.0406561
754 0.6115 0.136245 0.0497597
755 0.6115 0.159919 0.052308
756 0.6115 0.133052 0.0442494
757 0.6115 0.114506 0.0429441
758 0.6115 0.129418 0.047868
759 0.6115 0.125904 0.045861
760 0.6115 0.106577 0.0397051
761 0.6115 0.112812 0.0408549
762 0.6115 0.138431 0.0470361
763 0.6115 0.151504 0.0493642
764 0.6115 0.128892 0.0443155
765 0.6115 0.107966 0.0410396
766 0.6115 0.121093 0.045595
767 0.6115 0.13356 0.0469154
768 0.6115 0.160216 0.0513612
769 0.6115 0.150598 0.0461847
770 0.6115 0.152116 0.0518425
771 0.6115 0.158912 0.0506229
772 0.6115 0.149849 0.0527524
773 0.6115 0.124813 0.0466737
774 0.6115 0.120248 0.0435311
775 0.6115 0.112247 0.0394148
776 0.6115 0.123428 0.0424624
777 0.6115 0.149858 0.0491543
778 0.6115 0.153444 0.0512293
779 0.6115 0.142547 0.0484147
780 0.6115 0.145732 0.0468062
781 0.6115 0.156402 0.0513995
782 0.6115 0.122892 0.0449876
783 0.6115 0.158861 0.0532886
784 0.6115 0.158325 0.0482256
785 0.6115 0.148707 0.0485782
786 0.6115 0.141477 0.0452831
787 0.6115 0.147776 0.0501052
788 0.6115 0.154507 0.0473878
789 0.6115 0.158684 0.0504053
790 0.6115 0.146066 0.0466481
791 0.6115 0.170228 0.0510597
792 0.611568 0.180411 0.052235
793 0.611568 0.160139 0.049623
794 0.611568 0.152155 0.0455782
795 0.611568 0.16539 0.0481735
796 0.611568 0.144481 0.0463065
797 0.611568 0.146114 0.0458766
798 0.611568 0.161674 0.0482195
799 0.611568 0.140777 0.0429179
800 0.611568 0.157191 0.0467805
801 0.611568 0.141466 0.0458886
802 0.611568 0.159378 0.045887
803 0.611568 0.172872 0.0521137
804 0.611568 0.153819 0.0483833
805 0.611568 0.150176 0.0492603
806 0.611568 0.139527 0.0480878
807 0.611568 0.14341 0.049616
808 0.611568 0.139399 0.046175
809 0.611568 0.150381 0.0503379
810 0.611568 0.145678 0.047311
811 0.611568 0.145984 0.0466622
812 0.611568 0.140352 0.0500877
813 0.611568 0.133466 0.0484094
814 0.611568 0.135801 0.0472523
815 0.611568 0.145404 0.0513207
816 0.611568 0.130954 0.0446404
817 0.611568 0.126571 0.0474407
818 0.611568 0.11287 0.0434738
819 0.611568 0.139207 0.0516986
820 0.611568 0.139005 0.0444312
821 0.611568 0.152532 0.0500688
822 0.611568 0.137429 0.0461441
823 0.611568 0.140535 0.0431193
824 0.611568 0.137902 0.045391
825 0.611568 0.124552 0.0440462
826 0.611581 0.135735 0.049801
827 0.611932 0.14332 0.0493246
828 0.611932 0.135088 0.0459103
829 0.611932 0.15988 0.049931
830 0.611932 0.176899 0.0519418
831 0.611932 0.169907 0.0532018
832 0.611932 0.152761 0.051468
833 0.611932 0.157834 0.0499821
834 0.611932 0.174195 0.0488693
835 0.611932 0.139185 0.0447927
836 0.611932 0.134334 0.0448248
837 0.611932 0.138049 0.044302
838 0.611932 0.148478 0.0453003
839 0.611932 0.181025 0.0528172
840 0.611932 0.130434 0.0459147
841 0.611932 0.140627 0.0458996
842 0.611932 0.147138 0.0503029
843 0.612398 0.113995 0.0438999
844 0.612398 0.133498 0.0479374
845 0.612398 0.113939 0.0424956
846 0.612398 0.131885 0.0470161
847 0.612398 0.135274 0.0445064
848 0.612398 0.132289 0.0466764
849 0.612398 0.126049 0.0474209
850 0.612398 0.14143 0.0486784
851 0.612398 0.116037 0.0427031
852 0.612398 0.132346 0.0492576
853 0.612398 0.115637 0.0452343
854 0.612398 0.13191 0.0446407
855 0.612398 0.145162 0.0489927
856 0.612398 0.143586 0.0470651
857 0.612398 0.141486 0.0495034
858 0.612398 0.141209 0.048585
859 0.612398 0.142828 0.0432838
860 0.612398 0.149112 0.0481527
861 0.612398 0.124093 0.0435302
862 0.612398 0.131949 0.0527066
863 0.612398 0.135069 0.0470496
864 0.612398 0.13027 0.046833
865 0.612398 0.134407 0.047923
866 0.612398 0.128793 0.0475716
867 0.612398 0.11708 0.0426692
868 0.612398 0.138529 0.045529
869 0.612398 0.12868 0.043556
870 0.612398 0.12142 0.0449707
871 0.612398 0.125448 0.0466155
872 0.612398 0.136015 0.047561
873 0.612398 0.110219 0.0391178
874 0.612398 0.133075 0.0499791
875 0.612398 0.163079 0.0513193
876 0.612398 0.149104 0.0437879
877 0.612398 0.153763 0.050807
878 0.612398 0.14125 0.0465642
879 0.612398 0.14572 0.0476201
880 0.612398 0.132289 0.0471007
881 0.612398 0.159018 0.0539006
882 0.612398 0.162761 0.0569373
883 0.612398 0.157046 0.0489823
884 0.612398 0.135414 0.0441606
885 0.612398 0.132636 0.0485787
886 0.612398 0.117778 0.0403614
887 0.612398 0.138032 0.0456294
888 0.612398 0.144735 0.0453574
889 0.612398 0.139085 0.0435072
890 0.612398 0.165609 0.0531132
891 0.612398 0.159846 0.0507302
892 0.612398 0.146784 0.0500611
893 0.612398 0.154692 0.0472355
894 0.612398 0.140857 0.0459869
895 0.612398 0.15884 0.048127
896 0.612398 0.148051 0.0462885
897 0.612398 0.146355 0.04931
898 0.612398 0.150554 0.0503761
899 0.612398 0.163332 0.0520473
900 0.612398 0.134529 0.0433152
901 0.612398 0.156105 0.0517491
902 0.612398 0.16633 0.0525256
903 0.612398 0.154457 0.0482719
904 0.612398 0.147072 0.0465029
905 0.612398 0.180659 0.0525905
906 0.612398 0.15267 0.0498541
907 0.612398 0.159593 0.0502411
908 0.612398 0.160171 0.0516299
909 0.612398 0.143165 0.0465364
910 0.612398 0.129052 0.0407887
911 0.612398 0.12345 0.0433491
912 0.612398 0.133678 0.0454749
913 0.612398 0.13748 0.0465177
914 0.612398 0.133221 0.0448531
915 0.612398 0.154757 0.0513803
916 0.612398 0.151066 0.0490869
917 0.612398 0.15611 0.0499873
918 0.612398 0.142109 0.0486594
919 0.612398 0.137426 0.0518815
920 0.612398 0.119644 0.044782
921 0.612398 0.12224 0.0470664
922 0.612398 0.147456 0.051591
923 0.612398 0.14132 0.0532582
924 0.612398 0.138264 0.0500335
925 0.612398 0.165324 0.050365
926 0.612398 0.150516 0.0478341
927 0.612398 0.142664 0.0490773
928 0.612398 0.15355 0.0512747
929 0.612398 0.145963 0.0509001
930 0.612398 0.129802 0.0511182
931 0.612398 0.135708 0.0487551
932 0.612398 0.144642 0.0510363
933 0.612398 0.149878 0.0500298
934 0.612398 0.138809 0.0479207
935 0.612398 0.146003 0.0513418
936 0.612398 0.12405 0.041881
937 0.612398 0.128789 0.0471285
938 0.612398 0.129433 0.043075
939 0.612398 0.135111 0.046585
940 0.612398 0.138186 0.0464107
941 0.612398 0.137611 0.048148
942 0.612398 0.152557 0.0485654
943 0.612398 0.136867 0.0452867
944 0.612398 0.15722 0.048046
945 0.612869 0.129468 0.0434918
946 0.612869 0.156502 0.0486696
947 0.612869 0.158598 0.0545102
948 0.612869 0.131384 0.0496061
949 0.612869 0.134006 0.0479955
950 0.612869 0.149523 0.05056
951 0.612869 0.145122 0.0401611
952 0.612869 0.16238 0.0483679
953 0.612869 0.173248 0.0540771
954 0.612869 0.154136 0.0470256
955 0.612869 0.153894 0.0480031
956 0.612869 0.159884 0.0516719
957 0.612869 0.141694 0.0470261
958 0.612869 0.121225 0.0448127
959 0.612869 0.132348 0.0472089
960 0.612869 0.131761 0.0484281
961 0.612869 0.153697 0.0542988
962 0.612869 0.144954 0.0474791
963 0.612869 0.124018 0.0442665
964 0.612869 0.154399 0.0509431
965 0.612869 0.15234 0.0493113
966 0.612869 0.149328 0.0474766
967 0.612869 0.174364 0.0537919
968 0.612869 0.160293 0.0473559
969 0.612869 0.154729 0.0471853
970 0.612869 0.152347 0.0470828
971 0.612869 0.1403 0.0479673
972 0.612869 0.172295 0.0505822
973 0.612869 0.132052 0.0469664
974 0.612869 0.124045 0.0466053
975 0.612869 0.133818 0.0507431
976 0.612869 0.113717 0.044275
977 0.612869 0.105472 0.045362
978 0.612869 0.136108 0.0513399
979 0.612869 0.131932 0.0475781
980 0.613585 0.133969 0.0485829
981 0.613585 0.122735 0.0448023
982 0.613585 0.11667 0.044576
983 0.613585 0.132624 0.0484688
984 0.613585 0.137814 0.0472399
985 0.613585 0.129944 0.0411328
986 0.613585 0.139766 0.0482973
987 0.613585 0.139559 0.0473527
988 0.613585 0.136381 0.0475842
989 0.613585 0.115348 0.0453572
990 0.613585 0.149908 0.0524832
991 0.613585 0.127958 0.0491248
992 0.613585 0.132663 0.0480616
993 0.613585 0.149592 0.0535557
994 0.613585 0.125807 0.0472921
995 0.613585 0.127042 0.045399
996 0.613585 0.129144 0.0481449
997 0.613585 0.132031 0.0457754
998 0.613585 0.13361 0.0476072
999 0.613585 0.103808 0.0415855
1000 0.613585 0.117979 0.0431225
