0 0.125272 0.0684333 0.0038416
1 0.125272 0.0763414 0.00376369
2 0.125272 0.0746777 0.00376276
3 0.125274 0.0805337 0.00358142
4 0.125274 0.0870029 0.00329119
5 0.125277 0.092521 0.00302773
6 0.125277 0.096445 0.00278732
7 0.125277 0.0908835 0.00306811
8 0.125277 0.0939124 0.00295361
9 0.125277 0.100181 0.00251811
10 0.125277 0.102646 0.00232983
11 0.125277 0.101896 0.00233069
12 0.125277 0.10804 0.00182246
13 0.125277 0.107676 0.00189562
14 0.125277 0.111462 0.00153134
15 0.125277 0.111388 0.00154821
16 0.125278 0.10899 0.00176658
17 0.125278 0.112639 0.00142024
18 0.125278 0.112756 0.00139592
19 0.125278 0.107904 0.00184869
20 0.125278 0.112421 0.00140312
21 0.174983 0.112916 0.00144344
22 0.174983 0.112054 0.00155074
23 0.174983 0.108681 0.00184364
24 0.174983 0.108363 0.00189928
25 0.174983 0.10827 0.00192301
26 0.174983 0.103333 0.0023429
27 0.26931 0.105988 0.0025138
28 0.26931 0.103037 0.00274492
29 0.26931 0.102853 0.00275448
30 0.26931 0.10866 0.00225611
31 0.26931 0.103554 0.00271931
32 0.26931 0.0989858 0.00317191
33 0.26931 0.0916382 0.0036777
34 0.26931 0.0919697 0.00373415
35 0.26931 0.0871531 0.00418307
36 0.26931 0.0930814 0.00381537
37 0.26931 0.0920384 0.00397399
38 0.26931 0.0994382 0.00365193
39 0.26931 0.104655 0.00411313
40 0.380047 0.113092 0.00457354
41 0.380047 0.114307 0.00525565
42 0.380047 0.109853 0.00530169
43 0.380047 0.108462 0.00585283
44 0.380047 0.115253 0.0052136
45 0.380047 0.121211 0.00551947
46 0.380047 0.113117 0.00603476
47 0.380047 0.112872 0.0057766
48 0.380047 0.108844 0.00677677
49 0.421026 0.11474 0.00722729
50 0.421026 0.112642 0.00742232
51 0.421026 0.116007 0.00830652
52 0.421026 0.122765 0.0101763
53 0.421026 0.115445 0.0107039
54 0.462142 0.124617 0.0115971
55 0.462142 0.124128 0.0118715
56 0.462142 0.128621 0.0110542
57 0.469771 0.126573 0.013336
58 0.535219 0.149163 0.017473
58 0.521547 0.080623 0.0233235
59 0.521547 0.0560374 0.0176662
60 0.532692 0.0594935 0.0206094
61 0.532692 0.0672672 0.0219642
62 0.532692 0.0716792 0.0263062
63 0.532692 0.0782535 0.0283099
64 0.532692 0.0704108 0.0253578
65 0.532692 0.0734786 0.0253347
66 0.532692 0.0693525 0.023181
67 0.532692 0.0676426 0.0234117
68 0.532692 0.0634699 0.0225346
69 0.532692 0.0716562 0.023641
70 0.532692 0.0732028 0.0249105
71 0.532692 0.0756021 0.0269714
72 0.532692 0.0798398 0.0275497
73 0.532692 0.0699355 0.025835
74 0.590195 0.0753885 0.0271138
75 0.590195 0.0840491 0.0292173
76 0.590195 0.0935878 0.0291422
77 0.590195 0.0825545 0.0276824
78 0.590195 0.0740786 0.0270212
79 0.590195 0.0753485 0.0278489
80 0.590195 0.0782093 0.0299403
81 0.590195 0.077024 0.0285959
82 0.590195 0.0899681 0.0323569
83 0.590195 0.0908495 0.0291681
84 0.590195 0.0767135 0.0295353
85 0.590195 0.0692154 0.0284706
86 0.590195 0.0780127 0.0273494
87 0.590195 0.0901785 0.0335541
88 0.590195 0.0794273 0.0309923
89 0.590195 0.0860473 0.0339118
90 0.590195 0.095681 0.0392092
91 0.590195 0.0857891 0.0321666
92 0.590195 0.0995066 0.036021
93 0.590195 0.105223 0.0385483
94 0.590195 0.0876032 0.0320807
95 0.590195 0.0886677 0.0351556
96 0.590195 0.0907099 0.0367462
97 0.590195 0.0812517 0.0334938
98 0.590195 0.0901169 0.038102
99 0.590195 0.0884975 0.0371348
100 0.590195 0.085865 0.0368794
101 0.590195 0.0954749 0.0380339
102 0.590195 0.107656 0.0434081
103 0.590195 0.105776 0.0441249
104 0.590195 0.0998712 0.0419567
105 0.590195 0.0954197 0.0415242
106 0.590195 0.0849064 0.0355997
107 0.590195 0.116231 0.0424828
108 0.590195 0.103246 0.0391703
109 0.590195 0.117061 0.0421788
110 0.590195 0.125835 0.0437962
111 0.590195 0.136405 0.0460524
112 0.590195 0.1369 0.0456543
113 0.590195 0.126658 0.0389497
114 0.590195 0.132678 0.0421967
115 0.590195 0.13728 0.0496524
116 0.599938 0.126505 0.0419003
117 0.599938 0.13038 0.0443937
118 0.599938 0.122161 0.0446889
119 0.599938 0.159637 0.0526668
120 0.599938 0.138549 0.0473424
121 0.599938 0.123018 0.0427088
122 0.599938 0.140328 0.0491636
123 0.599938 0.142015 0.0482798
124 0.599938 0.134388 0.0457729
125 0.599938 0.138198 0.0482255
126 0.599938 0.150672 0.0499855
127 0.599938 0.148752 0.0481147
128 0.599938 0.133631 0.0484449
129 0.599938 0.162426 0.0539331
130 0.599938 0.139711 0.0493935
131 0.599938 0.151282 0.0492353
132 0.599938 0.16204 0.0508139
133 0.599938 0.143486 0.0458781
134 0.599938 0.160915 0.0482797
135 0.599938 0.13525 0.0442487
136 0.599938 0.128493 0.0460221
137 0.599938 0.122664 0.042482
138 0.599938 0.136637 0.0473468
139 0.599938 0.155871 0.0468063
140 0.599938 0.159973 0.0489215
141 0.599938 0.182901 0.0492427
142 0.599938 0.174535 0.0490757
143 0.599938 0.162411 0.0461904
144 0.599938 0.17716 0.0527394
145 0.599938 0.17514 0.05017
146 0.599938 0.181524 0.0545572
147 0.599938 0.168854 0.0551975
148 0.599938 0.171796 0.0498373
149 0.608833 0.170727 0.0525654
150 0.608833 0.17305 0.0530364
151 0.608833 0.165297 0.0493706
152 0.608833 0.150532 0.0510029
153 0.608833 0.135271 0.0473178
154 0.608833 0.145747 0.0504941
155 0.608833 0.15035 0.0534338
156 0.608833 0.152607 0.0502787
157 0.608833 0.174757 0.0536008
158 0.608833 0.152695 0.047253
159 0.608833 0.141174 0.0472585
160 0.608833 0.141434 0.047409
161 0.608833 0.144405 0.0480583
162 0.608833 0.157062 0.0553076
163 0.608833 0.147056 0.0521245
164 0.608833 0.155043 0.0522951
165 0.608833 0.176118 0.0500098
166 0.608833 0.141804 0.0446372
167 0.608833 0.155466 0.0498053
168 0.608833 0.156644 0.049928
169 0.608833 0.147214 0.050528
170 0.608833 0.140072 0.0448055
171 0.608833 0.176151 0.050483
172 0.608833 0.182981 0.0534214
173 0.608928 0.178177 0.0551964
174 0.608928 0.169662 0.0521224
175 0.608928 0.162743 0.0530124
176 0.608928 0.151532 0.0483762
177 0.608928 0.162242 0.0472972
178 0.608928 0.172587 0.0500229
179 0.608928 0.163864 0.0529632
180 0.610206 0.166365 0.0524554
181 0.610206 0.200757 0.0559123
182 0.610206 0.169 0.0503928
183 0.610206 0.171312 0.0491732
184 0.610206 0.171245 0.0530887
185 0.610206 0.163277 0.0470597
186 0.610206 0.175561 0.0513308
187 0.610206 0.176366 0.0539494
188 0.610206 0.164847 0.0533357
189 0.610206 0.18831 0.0536393
190 0.610206 0.165611 0.0519501
191 0.610206 0.160283 0.0483462
192 0.610206 0.161652 0.0503001
193 0.610206 0.175953 0.050126
194 0.610206 0.136875 0.0469731
195 0.610206 0.161114 0.0472834
196 0.610206 0.177198 0.0499843
197 0.610206 0.160852 0.0532467
198 0.610206 0.151408 0.0498982
199 0.610206 0.146608 0.0511379
200 0.610206 0.153056 0.0518162
201 0.610206 0.163474 0.051977
202 0.610206 0.190279 0.0586996
203 0.610206 0.190698 0.0544749
204 0.610206 0.190461 0.0566284
205 0.610206 0.18018 0.0539005
206 0.610206 0.155098 0.0479455
207 0.610206 0.181528 0.0524044
208 0.610206 0.168259 0.0506853
209 0.610206 0.166574 0.0500204
210 0.610206 0.17453 0.0502185
211 0.610206 0.169061 0.0522518
212 0.610206 0.143582 0.0505642
213 0.610206 0.157315 0.0508212
214 0.610206 0.171169 0.0515986
215 0.610206 0.163906 0.0474666
216 0.610206 0.174014 0.0538574
217 0.610206 0.1699 0.0499322
218 0.610206 0.191828 0.057444
219 0.610206 0.187288 0.0618027
220 0.610206 0.168576 0.0505119
221 0.611152 0.163002 0.0536797
222 0.611152 0.184353 0.0535414
223 0.611152 0.156608 0.049517
224 0.611152 0.183117 0.0499725
225 0.611152 0.189581 0.0574538
226 0.611152 0.186843 0.0551138
227 0.611152 0.176013 0.0528218
228 0.611152 0.162366 0.0501136
229 0.611152 0.144943 0.0482066
230 0.611152 0.153906 0.052865
231 0.611152 0.152887 0.0515241
232 0.611152 0.180339 0.0534234
233 0.611152 0.172104 0.0547473
234 0.611152 0.156662 0.0544123
235 0.611152 0.171213 0.0564703
236 0.611152 0.17915 0.0584126
237 0.611152 0.154492 0.0544827
238 0.611152 0.154502 0.0522626
239 0.611152 0.136516 0.049021
240 0.611152 0.144781 0.0499843
241 0.611152 0.171698 0.0536422
242 0.611152 0.155446 0.0526284
243 0.611152 0.134372 0.0469575
244 0.611152 0.154479 0.0505626
245 0.611152 0.169923 0.0543993
246 0.611152 0.150319 0.0508871
247 0.611152 0.164536 0.0490556
248 0.611152 0.153509 0.047697
249 0.611152 0.145903 0.0513851
250 0.611152 0.160341 0.0519722
251 0.611152 0.147616 0.046951
252 0.611152 0.14947 0.0505314
253 0.611152 0.150629 0.0488656
254 0.611152 0.186076 0.0525039
255 0.611152 0.158823 0.0502087
256 0.611152 0.217917 0.0552149
257 0.611152 0.195114 0.0554805
258 0.611152 0.169508 0.0518963
259 0.611152 0.143333 0.0463906
260 0.611152 0.156895 0.0493786
261 0.611152 0.160733 0.0506241
262 0.611152 0.163129 0.0528826
263 0.611152 0.180617 0.0549082
264 0.611152 0.173909 0.0549146
265 0.611152 0.171575 0.0570291
266 0.611152 0.138142 0.0481401
267 0.611152 0.171044 0.0537766
268 0.611152 0.158143 0.0496478
269 0.611152 0.180978 0.0559145
270 0.611152 0.174987 0.0590973
271 0.611152 0.156008 0.0519555
272 0.611152 0.162138 0.0492246
273 0.611152 0.156015 0.0509051
274 0.611152 0.162219 0.0526555
275 0.611152 0.153333 0.0498444
276 0.611152 0.144612 0.0505101
277 0.611152 0.15454 0.049693
278 0.611152 0.159985 0.0482894
279 0.611152 0.151982 0.0497768
280 0.611152 0.172107 0.0537941
281 0.611152 0.147457 0.0508159
282 0.611152 0.169133 0.0552494
283 0.611152 0.144944 0.0504897
284 0.611152 0.149135 0.0508667
285 0.611152 0.167705 0.05558
286 0.611152 0.167729 0.0504965
287 0.611152 0.156527 0.0463883
288 0.611152 0.156673 0.0508998
289 0.611152 0.185006 0.0575021
290 0.611152 0.192336 0.0569144
291 0.611152 0.193153 0.0506483
292 0.611152 0.197255 0.0522673
293 0.611152 0.187253 0.0552577
294 0.611152 0.195832 0.0559068
295 0.611152 0.192735 0.0517474
296 0.611152 0.179913 0.0567624
297 0.611152 0.155165 0.0484607
298 0.611152 0.150933 0.052198
299 0.611152 0.135077 0.0481068
300 0.611152 0.151605 0.0521169
301 0.611152 0.153099 0.0505664
302 0.611152 0.171806 0.0481219
303 0.611152 0.158688 0.0545559
304 0.611152 0.154369 0.0505078
305 0.611152 0.168542 0.0528024
306 0.611152 0.182704 0.0540936
307 0.611152 0.190586 0.0559151
308 0.611152 0.165689 0.0506134
309 0.611152 0.187874 0.0517315
310 0.611152 0.187987 0.0593932
311 0.611152 0.192159 0.0526277
312 0.611152 0.166921 0.0476738
313 0.611152 0.146372 0.0451909
314 0.611152 0.165052 0.0531952
315 0.611152 0.166456 0.0501788
316 0.611152 0.163359 0.0494984
317 0.611152 0.186502 0.0543255
318 0.611152 0.187338 0.0526643
319 0.611152 0.190803 0.0506027
320 0.611152 0.191209 0.0513532
321 0.611152 0.183346 0.0498059
322 0.611152 0.190933 0.0562625
323 0.611152 0.173297 0.0561581
324 0.611152 0.207035 0.0573414
325 0.611152 0.179094 0.0509366
326 0.611152 0.172161 0.0521257
327 0.611152 0.173919 0.0545718
328 0.611152 0.179554 0.0530987
329 0.611152 0.172547 0.0526615
330 0.611152 0.191983 0.0517587
331 0.611152 0.204742 0.0506663
332 0.611152 0.19434 0.0506736
333 0.611152 0.145543 0.0470183
334 0.611152 0.1597 0.0522752
335 0.611152 0.153425 0.0488078
336 0.611152 0.152359 0.0486118
337 0.611152 0.180594 0.0555639
338 0.611152 0.155139 0.0447932
339 0.611152 0.154084 0.0490953
340 0.611152 0.177551 0.0512668
341 0.611152 0.177314 0.0493736
342 0.611152 0.162495 0.0461498
343 0.611152 0.182112 0.049063
344 0.611152 0.183307 0.0496206
345 0.611152 0.184405 0.0522433
346 0.611152 0.172051 0.0509742
347 0.611152 0.165231 0.0483233
348 0.611152 0.153589 0.0482469
349 0.611152 0.154259 0.0481429
350 0.611152 0.133513 0.0455865
351 0.611152 0.149594 0.0480208
352 0.611152 0.163114 0.0524656
353 0.611152 0.169505 0.052933
354 0.611152 0.18493 0.0559895
355 0.611152 0.177251 0.0566139
356 0.611152 0.183974 0.0592142
357 0.611152 0.161671 0.0526521
358 0.611152 0.169673 0.0535189
359 0.611152 0.14355 0.0490358
360 0.611152 0.160112 0.0513954
361 0.611152 0.185572 0.0560456
362 0.611152 0.177267 0.0559652
363 0.611152 0.1788 0.0519094
364 0.611152 0.175307 0.0531196
365 0.611152 0.16952 0.0519876
366 0.611152 0.18708 0.0480256
367 0.611152 0.209977 0.0547007
368 0.611152 0.203441 0.0565055
369 0.611152 0.174966 0.047779
370 0.611152 0.17594 0.0540534
371 0.611152 0.173901 0.0559657
372 0.611152 0.148721 0.0517627
373 0.611152 0.138076 0.050005
374 0.611152 0.141444 0.0479701
375 0.611152 0.143066 0.0493091
376 0.611152 0.135049 0.0496887
377 0.611152 0.142028 0.04891
378 0.611152 0.137744 0.0506465
379 0.611152 0.168107 0.0545951
380 0.611152 0.162894 0.0500295
381 0.611152 0.180241 0.0521648
382 0.611152 0.151011 0.0495251
383 0.611152 0.157161 0.051162
384 0.611152 0.168126 0.0506295
385 0.611152 0.150319 0.0462115
386 0.611152 0.154715 0.0479481
387 0.611152 0.162386 0.0511249
388 0.611152 0.177474 0.0567685
389 0.611152 0.164386 0.0507831
390 0.611152 0.162212 0.0501851
391 0.611152 0.139661 0.0463622
392 0.611152 0.15698 0.046784
393 0.611152 0.153371 0.0510556
394 0.611152 0.170048 0.051995
395 0.611152 0.179422 0.0486164
396 0.611152 0.187816 0.0516777
397 0.611152 0.184292 0.0514025
398 0.611152 0.203901 0.0577978
399 0.611152 0.21982 0.0530098
400 0.611152 0.192481 0.0484808
401 0.611152 0.165659 0.0442104
402 0.611152 0.167976 0.0518242
403 0.611152 0.163878 0.050497
404 0.611152 0.174622 0.05255
405 0.611152 0.178694 0.0526077
406 0.611152 0.176231 0.0470084
407 0.611152 0.187887 0.0523382
408 0.611152 0.196421 0.0546455
409 0.611152 0.190985 0.053558
410 0.611152 0.164424 0.049239
411 0.611152 0.168947 0.0477815
412 0.611152 0.170377 0.0492121
413 0.611152 0.169019 0.0459536
414 0.611152 0.174677 0.0476146
415 0.611152 0.181498 0.0527104
416 0.611152 0.161566 0.0493089
417 0.611152 0.17103 0.0523234
418 0.611152 0.179168 0.0524687
419 0.611152 0.173487 0.0551953
420 0.611152 0.19496 0.0532276
421 0.611152 0.167747 0.051301
422 0.611152 0.160501 0.0468939
423 0.611152 0.180128 0.0489512
424 0.611152 0.155011 0.0500889
425 0.611152 0.164481 0.0525258
426 0.611152 0.153293 0.0476588
427 0.611152 0.1546 0.047976
428 0.611152 0.169782 0.0520494
429 0.611152 0.175406 0.054252
430 0.611152 0.187261 0.0569098
431 0.611152 0.180932 0.0526907
432 0.611152 0.14994 0.0472489
433 0.611152 0.181412 0.0513977
434 0.611152 0.143603 0.0479547
435 0.611152 0.156717 0.0507803
436 0.611152 0.139408 0.0479805
437 0.611152 0.15597 0.0489917
438 0.611152 0.16407 0.0480386
439 0.611152 0.191083 0.0509682
440 0.611152 0.175582 0.0491717
441 0.611152 0.165188 0.0446203
442 0.611152 0.16967 0.0478453
443 0.611152 0.171433 0.053059
444 0.611152 0.189546 0.0582112
445 0.611152 0.171137 0.0532048
446 0.611152 0.152164 0.050727
447 0.611152 0.171425 0.0503858
448 0.611152 0.166539 0.050814
449 0.611152 0.178008 0.0527746
450 0.611152 0.200846 0.052202
451 0.611152 0.161083 0.0473325
452 0.611152 0.172516 0.0480536
453 0.611152 0.166137 0.0470409
454 0.611152 0.172117 0.0510959
455 0.611152 0.16665 0.0497039
456 0.611152 0.184542 0.0500258
457 0.611152 0.157611 0.049904
458 0.611152 0.174667 0.0505459
459 0.611152 0.159044 0.0506923
460 0.611152 0.129639 0.043526
461 0.611152 0.137141 0.0487266
462 0.611152 0.139073 0.0496114
463 0.611152 0.116198 0.0444037
464 0.611152 0.139848 0.0514611
465 0.611152 0.167603 0.0537561
466 0.611152 0.175688 0.0581261
467 0.611152 0.172236 0.0561736
468 0.611152 0.159274 0.0498767
469 0.611152 0.213434 0.0573736
470 0.611152 0.179938 0.0509192
471 0.611152 0.206857 0.0559644
472 0.611152 0.194704 0.0504588
473 0.611152 0.195654 0.0504196
474 0.611152 0.217819 0.0552995
475 0.611152 0.187755 0.0505677
476 0.611152 0.175829 0.0519654
477 0.611152 0.17219 0.0526974
478 0.611152 0.175426 0.0527432
479 0.611152 0.171951 0.053408
480 0.611152 0.196152 0.0546354
481 0.611152 0.214699 0.0549451
482 0.611152 0.238406 0.0531869
483 0.611152 0.203489 0.0573493
484 0.611152 0.183258 0.0539988
485 0.611152 0.205465 0.0511964
486 0.611152 0.209288 0.0521536
487 0.611152 0.193871 0.0497988
488 0.611152 0.178915 0.0542956
489 0.611152 0.202049 0.0610757
490 0.611152 0.185698 0.0515495
491 0.611152 0.175157 0.0558146
492 0.611152 0.161422 0.0531042
493 0.611152 0.152221 0.0500045
494 0.611463 0.162298 0.0507593
495 0.611463 0.180906 0.055971
496 0.611463 0.192158 0.0574036
497 0.611463 0.163718 0.0493417
498 0.611463 0.174973 0.0520173
499 0.611463 0.147314 0.0460798
500 0.611463 0.158551 0.0491933
501 0.611463 0.170247 0.0515652
502 0.611463 0.160758 0.0520851
503 0.611463 0.149042 0.0489982
504 0.611463 0.143954 0.0447142
505 0.611463 0.159601 0.0448102
506 0.611463 0.184864 0.0552167
507 0.611463 0.171297 0.0515734
508 0.611463 0.170291 0.0536341
509 0.611463 0.18632 0.0558148
510 0.611463 0.1778 0.0508216
511 0.611463 0.152636 0.0479601
512 0.611463 0.193945 0.0527583
513 0.611463 0.177757 0.0542163
514 0.611463 0.160372 0.0514498
515 0.611463 0.164472 0.0514541
516 0.611463 0.182686 0.0532892
517 0.611463 0.164775 0.0488032
518 0.611463 0.176291 0.0520877
519 0.611463 0.174823 0.0505799
520 0.611463 0.17947 0.0561379
521 0.611463 0.175309 0.0484314
522 0.611463 0.186503 0.053946
523 0.611463 0.187559 0.0521222
524 0.611463 0.211674 0.0529275
525 0.611463 0.214744 0.0520017
526 0.611463 0.204661 0.0518322
527 0.611463 0.180334 0.0479024
528 0.611463 0.170891 0.0457925
529 0.611463 0.192194 0.0535386
530 0.611463 0.204184 0.0572527
531 0.611463 0.176867 0.0527985
532 0.611463 0.177001 0.0533713
533 0.611463 0.176845 0.048303
534 0.611463 0.163812 0.0518276
535 0.611463 0.185404 0.0497385
536 0.611463 0.200015 0.0521255
537 0.611463 0.184877 0.0541746
538 0.611463 0.180116 0.0506425
539 0.611463 0.163723 0.0535255
540 0.611463 0.167856 0.051959
541 0.611463 0.177665 0.0574989
542 0.611463 0.18577 0.0609457
543 0.611463 0.178986 0.0547392
544 0.611463 0.152507 0.0472999
545 0.611463 0.1764 0.0536552
546 0.611463 0.191009 0.0559822
547 0.611463 0.160357 0.054112
548 0.611463 0.151293 0.0471436
549 0.611463 0.153654 0.047833
550 0.611463 0.166251 0.0475696
551 0.611463 0.167704 0.0499147
552 0.611463 0.183831 0.0525697
553 0.611463 0.190188 0.0543868
554 0.611463 0.199925 0.0554772
555 0.611463 0.183526 0.0578197
556 0.611463 0.170607 0.0574518
557 0.611463 0.198919 0.0544626
558 0.611463 0.177899 0.054437
559 0.611463 0.156612 0.0517383
560 0.611463 0.171697 0.0562949
561 0.611463 0.196295 0.0543552
562 0.611463 0.182416 0.0526963
563 0.611463 0.194193 0.0552305
564 0.611463 0.179031 0.0517197
565 0.611463 0.173885 0.0526172
566 0.611463 0.177895 0.0549907
567 0.611463 0.189228 0.0535535
568 0.611463 0.18923 0.0537593
569 0.611463 0.183102 0.0510277
570 0.611463 0.175951 0.0506179
571 0.611463 0.180817 0.0518529
572 0.611463 0.186484 0.0542231
573 0.611463 0.177693 0.0512326
574 0.611463 0.197845 0.0531009
575 0.611463 0.20072 0.0564321
576 0.611463 0.208485 0.0595955
577 0.611463 0.182765 0.0577402
578 0.611463 0.156061 0.0536463
579 0.611463 0.157888 0.0516936
580 0.611463 0.155107 0.0507984
581 0.611463 0.182815 0.0528033
582 0.611463 0.161888 0.0540091
583 0.611463 0.200895 0.0556792
584 0.611463 0.17062 0.0535771
585 0.611463 0.197738 0.0536448
586 0.611463 0.205329 0.0535015
587 0.611463 0.193103 0.0547712
588 0.611463 0.184748 0.0536177
589 0.611463 0.179112 0.0512945
590 0.611463 0.174137 0.0481014
591 0.611463 0.158032 0.0473829
592 0.611463 0.17382 0.0464382
593 0.611463 0.175494 0.0531803
594 0.611463 0.201904 0.0515895
595 0.611463 0.181318 0.0517239
596 0.611463 0.174871 0.051895
597 0.611463 0.166998 0.0511693
598 0.611463 0.139112 0.0446712
599 0.611463 0.164062 0.0497309
600 0.611463 0.139718 0.0474073
601 0.611463 0.160362 0.0474233
602 0.611463 0.160269 0.0487785
603 0.611463 0.159573 0.0481753
604 0.611463 0.172022 0.0489322
605 0.611463 0.16678 0.0500139
606 0.611463 0.175909 0.0485195
607 0.611463 0.190195 0.05511
608 0.611463 0.156174 0.0476846
609 0.611463 0.16806 0.0527589
610 0.611463 0.167907 0.0473583
611 0.611463 0.165073 0.0510227
612 0.611463 0.180434 0.0521538
613 0.611463 0.17313 0.0439924
614 0.611463 0.19433 0.0544087
615 0.611463 0.155329 0.0512637
616 0.611463 0.149123 0.0488049
617 0.611463 0.119286 0.0425495
618 0.611463 0.137726 0.0467396
619 0.611463 0.162518 0.0487765
620 0.611463 0.148512 0.0478454
621 0.611463 0.173212 0.0539142
622 0.611463 0.158896 0.0517394
623 0.611463 0.149173 0.0474853
624 0.611463 0.141318 0.0445028
625 0.611463 0.167413 0.0483435
626 0.611463 0.177998 0.0474914
627 0.611463 0.200567 0.0504972
628 0.611463 0.200242 0.0538438
629 0.611463 0.182262 0.0530054
630 0.611463 0.185442 0.0532522
631 0.611463 0.158673 0.0485807
632 0.611463 0.142502 0.049188
633 0.611463 0.160732 0.0541751
634 0.611463 0.155452 0.0487149
635 0.611463 0.161039 0.0491634
636 0.611463 0.136727 0.0488294
637 0.611463 0.126704 0.0453178
638 0.611463 0.132894 0.0477642
639 0.611463 0.155853 0.0478804
640 0.611463 0.164557 0.0502783
641 0.611463 0.150899 0.046679
642 0.611463 0.180038 0.0522414
643 0.611463 0.156674 0.047207
644 0.611463 0.164651 0.0514113
645 0.611463 0.207784 0.0550238
646 0.611463 0.177942 0.050468
647 0.611463 0.171529 0.0490048
648 0.611463 0.184584 0.0539632
649 0.611463 0.171797 0.045825
650 0.611463 0.177072 0.0495286
651 0.611463 0.186669 0.0516391
652 0.611463 0.170108 0.0457341
653 0.611463 0.164566 0.0444749
654 0.611463 0.188519 0.0456388
655 0.611463 0.171451 0.0466052
656 0.611463 0.185278 0.0548883
657 0.611463 0.16956 0.0485662
658 0.611463 0.155421 0.0481132
659 0.611463 0.154206 0.0491714
660 0.611463 0.1568 0.0511593
661 0.611463 0.139674 0.0518308
662 0.611463 0.165424 0.0615335
663 0.611463 0.167505 0.0535032
664 0.611463 0.171267 0.0566492
665 0.611463 0.151882 0.0498895
666 0.611463 0.149496 0.0531159
667 0.611463 0.142795 0.0482346
668 0.611463 0.137337 0.0488302
669 0.611463 0.165899 0.0491508
670 0.611463 0.16589 0.0498322
671 0.611463 0.193872 0.0546046
672 0.611463 0.214835 0.053109
673 0.611463 0.188757 0.0527718
674 0.611463 0.185719 0.053787
675 0.611463 0.171777 0.0492199
676 0.611463 0.169796 0.0518638
677 0.611463 0.193281 0.0545778
678 0.611463 0.178879 0.0488634
679 0.611463 0.197201 0.0544865
680 0.611463 0.197389 0.0549015
681 0.611463 0.176341 0.0532335
682 0.611463 0.172564 0.0535049
683 0.611463 0.179828 0.0543888
684 0.611463 0.160805 0.0532359
685 0.611463 0.191815 0.0547601
686 0.611463 0.173376 0.0503486
687 0.611463 0.170294 0.0490032
688 0.611463 0.187767 0.0519968
689 0.611463 0.164711 0.0512391
690 0.611463 0.136094 0.0492029
691 0.611463 0.155528 0.053383
692 0.611463 0.155511 0.0547803
693 0.611463 0.155897 0.0525155
694 0.611463 0.137358 0.0465875
695 0.611463 0.163737 0.0524156
696 0.611463 0.155628 0.0533402
697 0.611463 0.160317 0.0514867
698 0.611463 0.160191 0.0502169
699 0.611463 0.16824 0.049839
700 0.611463 0.172366 0.0562009
701 0.611463 0.158984 0.0507763
702 0.611463 0.156078 0.0533265
703 0.611463 0.165922 0.0543561
704 0.611463 0.169532 0.0574109
705 0.611463 0.174797 0.0567087
706 0.611463 0.191773 0.0561356
707 0.611463 0.172026 0.0492256
708 0.611463 0.167322 0.0509858
709 0.611463 0.166879 0.0503917
710 0.611463 0.158595 0.0497701
711 0.611463 0.183724 0.0534276
712 0.611463 0.185247 0.0532366
713 0.611463 0.175167 0.0500699
714 0.611463 0.159697 0.0504977
715 0.611463 0.166934 0.0513933
716 0.611463 0.181642 0.0559846
717 0.611463 0.179256 0.0513363
718 0.611463 0.151643 0.0503169
719 0.611463 0.161746 0.0527161
720 0.611463 0.144298 0.0497975
721 0.611463 0.159475 0.0524215
722 0.611463 0.1372 0.0488725
723 0.611463 0.11724 0.0442215
724 0.611463 0.132347 0.0484043
725 0.611463 0.126966 0.0488665
726 0.611463 0.141407 0.0553846
727 0.611463 0.134489 0.0471263
728 0.611463 0.137221 0.0509335
729 0.611463 0.144713 0.0452018
730 0.611463 0.1747 0.0537176
731 0.611463 0.16679 0.0511747
732 0.611463 0.15104 0.0456771
733 0.611463 0.165053 0.0513369
734 0.611463 0.164105 0.0496048
735 0.611463 0.174232 0.0477644
736 0.611463 0.195593 0.0518294
737 0.611463 0.172385 0.051029
738 0.611463 0.159387 0.0468439
739 0.611463 0.159228 0.0492354
740 0.611463 0.1694 0.0519679
741 0.611463 0.168957 0.050548
742 0.611463 0.174439 0.0475486
743 0.611463 0.171634 0.0531226
744 0.611463 0.170499 0.0548875
745 0.611463 0.149897 0.0495522
746 0.611463 0.167203 0.0573813
747 0.611463 0.171068 0.052748
748 0.611463 0.1936 0.0579725
749 0.611463 0.194713 0.051387
750 0.611463 0.17008 0.0508614
751 0.611463 0.175934 0.0469095
752 0.611463 0.181205 0.0513303
753 0.611463 0.15133 0.0510117
754 0.611463 0.172621 0.0523554
755 0.611463 0.165144 0.0510769
756 0.611463 0.147737 0.0510892
757 0.611463 0.144371 0.0514064
758 0.611463 0.158011 0.0532388
759 0.611463 0.142407 0.0501328
760 0.611463 0.14013 0.0473808
761 0.611463 0.167321 0.0534156
762 0.611463 0.154317 0.0495557
763 0.611463 0.179821 0.0548277
764 0.611463 0.14824 0.049689
765 0.611463 0.154363 0.0504516
766 0.611463 0.167111 0.0536481
767 0.611463 0.151288 0.0522166
768 0.611463 0.136319 0.0449939
769 0.611463 0.16757 0.0502859
770 0.611463 0.144993 0.0488514
771 0.611463 0.15462 0.0474255
772 0.611463 0.161657 0.0510395
773 0.611463 0.175175 0.0519232
774 0.611463 0.173837 0.0547718
775 0.611463 0.17389 0.0524961
776 0.611463 0.135186 0.0433591
777 0.611463 0.15041 0.0516807
778 0.611463 0.158432 0.0525828
779 0.611463 0.18132 0.0516364
780 0.611463 0.19956 0.053729
781 0.611463 0.191515 0.0530708
782 0.611463 0.208759 0.0533484
783 0.611463 0.189863 0.0579831
784 0.611463 0.195438 0.0587777
785 0.611463 0.201002 0.0595402
786 0.611463 0.184597 0.0549555
787 0.611463 0.144084 0.0489475
788 0.611463 0.175826 0.0500903
789 0.611463 0.16822 0.0505398
790 0.611463 0.167333 0.0565489
791 0.611463 0.136725 0.0460983
792 0.611463 0.180212 0.0548045
793 0.611463 0.17221 0.0500342
794 0.611463 0.158949 0.0508224
795 0.611463 0.1755 0.0480143
796 0.611463 0.150458 0.0469545
797 0.611463 0.166979 0.0541477
798 0.611463 0.147494 0.0504105
799 0.611463 0.125674 0.0451731
800 0.611463 0.138661 0.0498907
801 0.611463 0.133319 0.0476894
802 0.611463 0.141458 0.0478338
803 0.611463 0.146535 0.0474742
804 0.611463 0.151956 0.0526646
805 0.611463 0.137294 0.0489916
806 0.611463 0.135819 0.0465868
807 0.611463 0.14468 0.049828
808 0.611463 0.139888 0.0487188
809 0.611463 0.158242 0.052627
810 0.611463 0.172496 0.0517603
811 0.611463 0.179097 0.0577701
812 0.611463 0.180283 0.057992
813 0.611463 0.186627 0.0558561
814 0.611463 0.173257 0.0558567
815 0.611463 0.143024 0.0532927
816 0.611463 0.175608 0.0587642
817 0.611463 0.176521 0.0532966
818 0.611463 0.180935 0.0568459
819 0.611463 0.193937 0.0540451
820 0.611463 0.187725 0.053145
821 0.611463 0.170644 0.0490723
822 0.611463 0.185996 0.0542606
823 0.611463 0.18403 0.0528717
824 0.611463 0.179214 0.0534125
825 0.611463 0.184762 0.0565644
826 0.611463 0.163835 0.050447
827 0.611463 0.130459 0.0478842
828 0.611463 0.142519 0.0525525
829 0.611463 0.168179 0.0537744
830 0.611463 0.181789 0.0560707
831 0.611463 0.194728 0.0554751
832 0.611463 0.179973 0.0520316
833 0.611463 0.173517 0.0499442
834 0.611463 0.178846 0.0535671
835 0.611463 0.20742 0.0540684
836 0.611463 0.206762 0.0510346
837 0.611463 0.194396 0.0494723
838 0.611463 0.201514 0.0521479
839 0.611463 0.168846 0.047035
840 0.611463 0.179279 0.0500082
841 0.611463 0.182035 0.0509287
842 0.611463 0.183749 0.0494622
843 0.611463 0.183596 0.0488016
844 0.611463 0.193595 0.0514119
845 0.611463 0.233749 0.0591612
846 0.611463 0.181487 0.0521583
847 0.611463 0.140939 0.0482641
848 0.611463 0.158646 0.0455534
849 0.611463 0.170663 0.0515723
850 0.611463 0.161456 0.0522124
851 0.611463 0.150242 0.0489768
852 0.611463 0.162321 0.0486662
853 0.611463 0.183319 0.0491898
854 0.611463 0.186345 0.0519766
855 0.611463 0.194221 0.0510588
856 0.611463 0.198062 0.0521208
857 0.611463 0.20273 0.0515326
858 0.611463 0.20143 0.0554081
859 0.611463 0.22081 0.0575704
860 0.611463 0.192658 0.0545404
861 0.611463 0.182684 0.0515169
862 0.611463 0.182826 0.0524016
863 0.611463 0.169241 0.0503537
864 0.611463 0.154703 0.0486945
865 0.611463 0.158601 0.0482292
866 0.611463 0.168916 0.0514613
867 0.611463 0.109967 0.0456616
868 0.611463 0.147703 0.0524814
869 0.611463 0.148252 0.0506425
870 0.611463 0.134491 0.0492857
871 0.611463 0.171683 0.0565349
872 0.611463 0.145517 0.052976
873 0.611463 0.140916 0.0479403
874 0.611463 0.146608 0.0471541
875 0.611463 0.208182 0.0586121
876 0.611463 0.208064 0.0567082
877 0.611463 0.1919 0.0542484
878 0.611463 0.181598 0.0552667
879 0.611463 0.180576 0.0517716
880 0.611463 0.162601 0.0489824
881 0.611463 0.190458 0.0553606
882 0.611463 0.162848 0.0503882
883 0.611463 0.16105 0.0520544
884 0.611463 0.144028 0.0479572
885 0.611463 0.151367 0.0448297
886 0.611463 0.144052 0.0468716
887 0.611463 0.137558 0.0469719
888 0.611463 0.166924 0.0521781
889 0.611463 0.172116 0.0501511
890 0.611463 0.165083 0.0509271
891 0.611463 0.182443 0.0525723
892 0.611463 0.184402 0.0491108
893 0.611463 0.177066 0.0487156
894 0.611463 0.165901 0.0511152
895 0.611463 0.17378 0.0541599
896 0.611463 0.162923 0.0515026
897 0.611463 0.18015 0.0547834
898 0.611463 0.179002 0.0547079
899 0.611463 0.19626 0.0524393
900 0.611463 0.155581 0.0515727
901 0.611463 0.154099 0.054926
902 0.611463 0.180919 0.0570118
903 0.611463 0.184711 0.0527247
904 0.611463 0.156364 0.0467094
905 0.611463 0.169416 0.0539451
906 0.611463 0.155372 0.0519557
907 0.611463 0.172345 0.0533174
908 0.611463 0.176958 0.054631
909 0.611463 0.131124 0.0494861
910 0.611463 0.164503 0.055318
911 0.611463 0.197254 0.061201
912 0.611463 0.174159 0.053539
913 0.611463 0.171097 0.0486232
914 0.611463 0.206299 0.0529831
915 0.611463 0.16 0.0471491
916 0.611463 0.164752 0.0482165
917 0.611463 0.172017 0.0510929
918 0.611463 0.183519 0.0511294
919 0.611463 0.20129 0.056128
920 0.611463 0.178012 0.0542237
921 0.611463 0.155607 0.0494146
922 0.611463 0.160271 0.0493252
923 0.611463 0.132229 0.0478536
924 0.611463 0.161127 0.0481159
925 0.611463 0.15354 0.0531872
926 0.611463 0.156098 0.0504166
927 0.611463 0.154406 0.046422
928 0.611463 0.15227 0.0500099
929 0.611463 0.163762 0.0519539
930 0.611463 0.172466 0.0537411
931 0.611463 0.165155 0.050643
932 0.611463 0.165446 0.0538839
933 0.611463 0.145685 0.0433483
934 0.611463 0.154547 0.0520395
935 0.611463 0.151416 0.0491134
936 0.611463 0.155193 0.0517587
937 0.611463 0.154778 0.0515933
938 0.611463 0.14173 0.0494586
939 0.611463 0.135906 0.0494136
940 0.611463 0.149826 0.0533089
941 0.611463 0.15953 0.0551065
942 0.611463 0.178888 0.0573578
943 0.611463 0.184007 0.0492949
944 0.611463 0.15624 0.0490542
945 0.611463 0.190137 0.0566614
946 0.611463 0.162403 0.053297
947 0.611463 0.141192 0.0494275
948 0.611463 0.176896 0.0533575
949 0.611463 0.184199 0.0540917
950 0.611463 0.178864 0.0582137
951 0.611463 0.189067 0.0577802
952 0.611463 0.176192 0.0524071
953 0.611463 0.196208 0.0564613
954 0.611463 0.184041 0.0546869
955 0.611463 0.171009 0.0556357
956 0.611463 0.153357 0.0466464
957 0.611463 0.207643 0.0495774
958 0.611463 0.186737 0.0548586
959 0.611463 0.184612 0.0501852
960 0.611463 0.159557 0.0521172
961 0.611463 0.155823 0.0499252
962 0.611463 0.186728 0.055068
963 0.611463 0.195207 0.0538576
964 0.611463 0.198436 0.0580755
965 0.611463 0.160781 0.0494138
966 0.611463 0.146211 0.0517979
967 0.611463 0.169313 0.0510921
968 0.611463 0.162212 0.0536314
969 0.611463 0.182042 0.0525029
970 0.611463 0.134577 0.0488455
971 0.611463 0.149484 0.0518435
972 0.611463 0.151207 0.0517848
973 0.611463 0.19333 0.0539104
974 0.611463 0.156422 0.0488138
975 0.611463 0.180493 0.0511711
976 0.611463 0.161318 0.0486417
977 0.611463 0.148714 0.0527762
978 0.611463 0.15086 0.0503493
979 0.611463 0.157624 0.0487549
980 0.611463 0.172602 0.0511886
981 0.611463 0.14058 0.0468371
982 0.611463 0.151388 0.0482104
983 0.611463 0.171713 0.052827
984 0.611463 0.154879 0.0461542
985 0.611463 0.164214 0.0512512
986 0.611463 0.163048 0.0502445
987 0.611463 0.181107 0.0528662
988 0.611463 0.168356 0.0478578
989 0.611463 0.177263 0.0507667
990 0.611463 0.181475 0.0509006
991 0.611463 0.195806 0.053647
992 0.611463 0.193187 0.0493666
993 0.611463 0.183787 0.0489732
994 0.611463 0.179522 0.0542873
995 0.611463 0.169474 0.052645
996 0.611463 0.192398 0.0587958
997 0.611463 0.172246 0.05471
998 0.611463 0.161978 0.0531776
999 0.611463 0.142709 0.0482127
1000 0.611463 0.182489 0.0566483
