0 0.125274 0.0515509 0.0038013
1 0.125274 0.0626295 0.00390205
2 0.125274 0.060137 0.00394153
3 0.125274 0.0702813 0.00387122
4 0.125275 0.0803497 0.00360876
5 0.125275 0.0865479 0.00335257
6 0.125275 0.0852958 0.00341217
7 0.125275 0.0914117 0.00310803
8 0.125275 0.0979337 0.00266189
9 0.125627 0.0940886 0.00292771
10 0.125627 0.0929152 0.00299261
11 0.125627 0.0926726 0.0030315
12 0.125627 0.0890089 0.00323362
13 0.125627 0.09528 0.00285744
14 0.125627 0.0926937 0.00303004
15 0.125627 0.0943758 0.00288951
16 0.125627 0.0939754 0.00294444
17 0.125627 0.0897006 0.00313749
18 0.125763 0.093003 0.00297602
19 0.125763 0.0988644 0.0026161
20 0.125763 0.105207 0.00211232
21 0.125763 0.111409 0.00154422
22 0.125763 0.109072 0.00175274
23 0.125763 0.108887 0.00178272
24 0.125763 0.10392 0.00222823
25 0.125763 0.106577 0.00198201
26 0.125763 0.107934 0.00184711
27 0.125763 0.110248 0.00164844
28 0.128989 0.0983529 0.00259537
29 0.128989 0.0987552 0.0025406
30 0.128989 0.0929259 0.0030057
31 0.128989 0.0893374 0.00318331
32 0.128989 0.0909394 0.0030727
33 0.128989 0.089552 0.00317314
34 0.128989 0.0917548 0.00307702
35 0.128989 0.100631 0.00246485
36 0.128989 0.0967787 0.00276691
37 0.129091 0.0905725 0.00313313
38 0.129091 0.0836531 0.00344365
39 0.129328 0.0892753 0.00322498
40 0.129328 0.0904809 0.00312731
41 0.129328 0.0895973 0.00320453
42 0.129328 0.0831234 0.00345548
43 0.129328 0.0870654 0.00330126
44 0.129328 0.0869627 0.00336199
45 0.129328 0.0923337 0.00304907
46 0.129328 0.0926488 0.00296345
47 0.129328 0.0904603 0.00309258
48 0.129328 0.0845262 0.00336497
49 0.129328 0.0818537 0.00346382
50 0.129328 0.0847125 0.00344191
51 0.129328 0.0861723 0.00335809
52 0.129328 0.08741 0.00327916
53 0.129328 0.0885553 0.00316486
54 0.129531 0.092218 0.00302502
55 0.129531 0.0816246 0.00350564
56 0.129531 0.0837071 0.00346351
57 0.129531 0.0788677 0.00363314
58 0.129531 0.0809844 0.00359744
59 0.129531 0.0789089 0.00364065
60 0.129531 0.0774895 0.00367929
61 0.129752 0.0727149 0.00372489
62 0.129752 0.0747 0.00362064
63 0.129752 0.076131 0.00367277
64 0.130394 0.0808607 0.00361437
65 0.130394 0.0830314 0.00349949
66 0.130394 0.0835615 0.00350466
67 0.130394 0.0762228 0.00371009
68 0.131616 0.0804553 0.0035908
69 0.131616 0.0805672 0.00356896
70 0.131616 0.0802752 0.00358038
71 0.181463 0.0822197 0.00362194
72 0.225205 0.078356 0.00390523
73 0.225205 0.086441 0.00382985
74 0.225205 0.0868877 0.00372344
75 0.225205 0.0927984 0.00341284
76 0.225205 0.088827 0.00371863
77 0.225205 0.0947568 0.00337452
78 0.225205 0.100723 0.00313671
79 0.225205 0.0994474 0.00325626
80 0.225205 0.101746 0.0031054
81 0.225205 0.099326 0.00326176
82 0.225205 0.0959899 0.00335488
83 0.225205 0.0937224 0.00358134
84 0.225205 0.0995251 0.00324726
85 0.293266 0.106095 0.00349277
86 0.293266 0.116655 0.00325177
87 0.293266 0.11761 0.0030578
88 0.316677 0.118964 0.0035924
89 0.316677 0.120645 0.0037892
90 0.499445 0.116421 0.00592601
91 0.499445 0.124716 0.00580412
92 0.499445 0.121054 0.00684604
93 0.499445 0.121745 0.00770261
94 0.499445 0.119847 0.00819084
95 0.499445 0.115738 0.00834958
96 0.499445 0.125862 0.00764485
97 0.499445 0.127997 0.00753305
98 0.499445 0.131345 0.00940545
99 0.499445 0.136566 0.00887289
100 0.499445 0.135992 0.00943801
101 0.499445 0.127164 0.00996525
102 0.499445 0.136077 0.0100121
103 0.499445 0.13381 0.00999712
104 0.499445 0.130612 0.00946408
105 0.499445 0.133178 0.0105339
106 0.499445 0.132973 0.0100282
107 0.499445 0.13644 0.0105614
108 0.499445 0.135013 0.011761
109 0.499445 0.135848 0.0129107
110 0.499445 0.134625 0.0141295
111 0.499445 0.131321 0.0126084
112 0.499445 0.131644 0.0139239
113 0.499445 0.12649 0.0142531
114 0.499445 0.140304 0.0153022
115 0.499445 0.140757 0.0151559
116 0.499445 0.13101 0.0167889
117 0.499445 0.13674 0.015703
118 0.499445 0.140828 0.0148304
119 0.499445 0.133475 0.0151642
120 0.499445 0.138614 0.0166512
121 0.499445 0.136417 0.0142302
122 0.499445 0.14226 0.0131766
123 0.499445 0.140006 0.0143536
124 0.500352 0.151232 0.0175274
124 0.483694 0.0629682 0.022936
125 0.534201 0.0646194 0.0259943
126 0.534201 0.0519662 0.0209918
127 0.534201 0.053374 0.0219893
128 0.534201 0.0602352 0.0235567
129 0.534201 0.05643 0.0223688
130 0.534201 0.0563588 0.0219877
131 0.534201 0.0545739 0.0225722
132 0.534201 0.05687 0.0221935
133 0.534201 0.0628906 0.0245605
134 0.534201 0.0554522 0.0231153
135 0.534201 0.0598308 0.023544
136 0.534201 0.0553309 0.0222945
137 0.534201 0.0563501 0.0231994
138 0.534201 0.0593071 0.0241332
139 0.534201 0.0619627 0.0247691
140 0.534201 0.0608168 0.0235066
141 0.534201 0.0660233 0.0255547
142 0.534201 0.0575612 0.0238315
143 0.555707 0.0633202 0.026791
144 0.555707 0.065297 0.0276387
145 0.555707 0.0680841 0.0278948
146 0.555707 0.0753561 0.0317857
147 0.555707 0.064265 0.0261058
148 0.555707 0.0724645 0.0282182
149 0.555707 0.0740354 0.0299257
150 0.555707 0.0705183 0.0295609
151 0.555707 0.0676993 0.0274917
152 0.555707 0.0653298 0.0259797
153 0.555707 0.0619423 0.0258403
154 0.555707 0.0727098 0.0287508
155 0.555707 0.0654766 0.0263909
156 0.555707 0.0724358 0.0297087
157 0.555707 0.0704273 0.0276627
158 0.555707 0.0726422 0.0290002
159 0.555707 0.0820651 0.0315722
160 0.555707 0.0865314 0.0340239
161 0.555707 0.0677293 0.0277038
162 0.555707 0.0721702 0.0277331
163 0.561433 0.0835272 0.032411
164 0.561433 0.0739269 0.0308644
165 0.561433 0.0833066 0.0331947
166 0.561433 0.0698077 0.0286148
167 0.561433 0.0736673 0.0292065
168 0.561433 0.0844618 0.0303542
169 0.561433 0.0677496 0.027455
170 0.561433 0.0704606 0.0271172
171 0.561433 0.0814553 0.0299617
172 0.561433 0.0877916 0.0317175
173 0.561433 0.0701625 0.0280059
174 0.561433 0.0887431 0.0349334
175 0.561433 0.0939902 0.0355179
176 0.578978 0.0823143 0.0317738
177 0.578978 0.0900924 0.0349649
178 0.578978 0.0867581 0.0369024
179 0.578978 0.0850735 0.0337652
180 0.578978 0.0821311 0.0336535
181 0.578978 0.0856173 0.0344799
182 0.578978 0.0728859 0.0305293
183 0.578978 0.0743064 0.029849
184 0.578978 0.0827455 0.032686
185 0.578978 0.0698967 0.0301088
186 0.578978 0.0776093 0.0332497
187 0.578978 0.0769424 0.030831
188 0.578978 0.0795071 0.030573
189 0.578978 0.0769252 0.0315273
190 0.578978 0.069435 0.0308484
191 0.582589 0.0900493 0.0337433
192 0.582589 0.0890938 0.0340653
193 0.582589 0.0933132 0.0342138
194 0.582589 0.0823977 0.0306757
195 0.582589 0.0854659 0.0331343
196 0.582589 0.0876141 0.0333624
197 0.582589 0.0864168 0.0314067
198 0.582589 0.101996 0.0385649
199 0.582589 0.0966334 0.0352263
200 0.582589 0.0799553 0.0322054
201 0.582589 0.0952284 0.0384649
202 0.582589 0.0836988 0.0349951
203 0.582589 0.0935705 0.0366538
204 0.582589 0.0931381 0.0361995
205 0.582589 0.0871502 0.0341908
206 0.582589 0.0826851 0.0342426
207 0.582589 0.0897927 0.0345215
208 0.582589 0.0894358 0.0363679
209 0.584851 0.0948873 0.0396669
210 0.584851 0.0842756 0.0340276
211 0.584851 0.0901474 0.0367401
212 0.584851 0.0904182 0.0369836
213 0.584851 0.0749232 0.0324921
214 0.584851 0.080688 0.0352114
215 0.584851 0.0862574 0.0364356
216 0.584851 0.0687483 0.0307775
217 0.584851 0.0855509 0.0345599
218 0.584851 0.0976122 0.0381045
219 0.584851 0.0927691 0.0372088
220 0.584851 0.0947727 0.0359497
221 0.584851 0.100664 0.0387064
222 0.584851 0.103477 0.0385806
223 0.584851 0.101084 0.0364559
224 0.584851 0.0922774 0.0340201
225 0.584851 0.0912041 0.0384555
226 0.584851 0.0904845 0.0380486
227 0.584851 0.109104 0.0405585
228 0.584851 0.0949445 0.0379338
229 0.584851 0.0919231 0.0375306
230 0.584851 0.111061 0.0429411
231 0.584851 0.101609 0.0384095
232 0.584851 0.0986993 0.0370014
233 0.584851 0.0928877 0.0358978
234 0.584851 0.0802183 0.0347169
235 0.584851 0.0781163 0.0354838
236 0.584851 0.0759706 0.0339076
237 0.584851 0.080804 0.0333963
238 0.584851 0.109562 0.0384192
239 0.584851 0.0912705 0.036073
240 0.584851 0.116009 0.0426521
241 0.584851 0.103441 0.0398212
242 0.584851 0.0895385 0.0356055
243 0.584851 0.0978122 0.0346137
244 0.584851 0.0947187 0.0364786
245 0.584851 0.0926928 0.0356385
246 0.584851 0.0907275 0.0368481
247 0.584851 0.0904577 0.0385698
248 0.584851 0.102938 0.0391919
249 0.584851 0.08698 0.0340451
250 0.584851 0.0898274 0.0376597
251 0.584851 0.107764 0.0388826
252 0.584851 0.102392 0.0415051
253 0.584851 0.0845647 0.0329043
254 0.584851 0.0939861 0.0370527
255 0.584851 0.0882886 0.0373943
256 0.584851 0.0825696 0.0329979
257 0.584851 0.0831712 0.0338002
258 0.584851 0.0799848 0.0349748
259 0.584851 0.094273 0.0379916
260 0.584851 0.0934473 0.0395413
261 0.584851 0.0926899 0.0385231
262 0.584851 0.0873027 0.0347017
263 0.584851 0.106177 0.0381991
264 0.584851 0.0910474 0.0377347
265 0.584851 0.0949456 0.0378148
266 0.584851 0.0845005 0.0369245
267 0.584851 0.0874089 0.036849
268 0.584851 0.0884355 0.036991
269 0.584851 0.0970724 0.037605
270 0.584851 0.0903841 0.0368129
271 0.584851 0.0989785 0.0372837
272 0.584851 0.0936294 0.0380058
273 0.584851 0.0960889 0.0375434
274 0.584851 0.0900691 0.036753
275 0.584851 0.0828508 0.0321519
276 0.584851 0.090899 0.0362303
277 0.584851 0.0934094 0.0356016
278 0.584851 0.107241 0.0393557
279 0.584851 0.0808463 0.0338095
280 0.584851 0.0822085 0.0335546
281 0.584851 0.0776238 0.0337747
282 0.584851 0.0884512 0.0358544
283 0.584851 0.0969735 0.0425282
284 0.584851 0.0917624 0.0363224
285 0.584851 0.114627 0.0407403
286 0.584851 0.108281 0.0401282
287 0.584851 0.084416 0.0348433
288 0.584851 0.0942326 0.0378992
289 0.584851 0.0916216 0.0365907
290 0.584851 0.109451 0.042179
291 0.584851 0.0879853 0.0341227
292 0.584851 0.0893566 0.0401348
293 0.584851 0.08097 0.0342235
294 0.584851 0.0896491 0.0357307
295 0.584851 0.114188 0.044402
296 0.584851 0.110068 0.0411515
297 0.584851 0.0964208 0.0393504
298 0.584851 0.0915525 0.0360883
299 0.584851 0.103582 0.0396837
300 0.584851 0.0807697 0.0337049
301 0.584851 0.103135 0.0384747
302 0.584851 0.102985 0.034949
303 0.584851 0.0993439 0.0379594
304 0.584851 0.101965 0.0376744
305 0.584851 0.0874401 0.0334119
306 0.586018 0.0992523 0.0405338
307 0.586018 0.0928556 0.0360465
308 0.586018 0.0883402 0.037762
309 0.586018 0.0821461 0.0352547
310 0.586018 0.117805 0.0434939
311 0.586018 0.102176 0.0389244
312 0.586018 0.0985765 0.039333
313 0.586018 0.108067 0.0418013
314 0.586018 0.085543 0.033911
315 0.586018 0.100493 0.0398829
316 0.586018 0.0880005 0.0377135
317 0.586018 0.0920425 0.0369056
318 0.586018 0.0940862 0.0371392
319 0.586018 0.0881688 0.0373787
320 0.586018 0.0846687 0.0369868
321 0.586018 0.0958915 0.0377197
322 0.586018 0.096733 0.0400246
323 0.586018 0.0978035 0.0397455
324 0.586018 0.0859084 0.034423
325 0.586018 0.0866634 0.0346498
326 0.586018 0.0851287 0.034414
327 0.586018 0.0889426 0.0389356
328 0.586018 0.087275 0.0380108
329 0.586018 0.0767601 0.0347012
330 0.586018 0.101133 0.0410284
331 0.586018 0.101296 0.0406483
332 0.586018 0.0964908 0.0389185
333 0.586018 0.086149 0.0338029
334 0.586018 0.0936796 0.0370946
335 0.586018 0.101614 0.0366422
336 0.586018 0.0849017 0.0350765
337 0.586018 0.0909521 0.0346925
338 0.586018 0.0875166 0.035574
339 0.586018 0.101619 0.0383186
340 0.586018 0.090622 0.0353216
341 0.586018 0.0831602 0.0365137
342 0.586018 0.0987296 0.0391755
343 0.586018 0.0955511 0.0378783
344 0.586018 0.103441 0.0415862
345 0.586018 0.086301 0.0346618
346 0.586018 0.078201 0.0333655
347 0.586018 0.0802292 0.0362068
348 0.586018 0.0810625 0.0358083
349 0.586018 0.0755951 0.0345865
350 0.586018 0.0950233 0.0397895
351 0.586018 0.0962453 0.0411186
352 0.586018 0.0870622 0.0357436
353 0.586018 0.0890515 0.0370207
354 0.586018 0.0847235 0.0385615
355 0.586018 0.0897833 0.0370869
356 0.586018 0.0786937 0.0341927
357 0.586018 0.0852118 0.0371156
358 0.586018 0.0928865 0.0383532
359 0.586018 0.0996093 0.0401486
360 0.586018 0.0975682 0.0387182
361 0.586018 0.0947449 0.0389726
362 0.586018 0.0847818 0.0336417
363 0.586018 0.0824352 0.0354658
364 0.586018 0.105205 0.0417697
365 0.586018 0.0952023 0.0385192
366 0.586018 0.0901513 0.0393117
367 0.586018 0.0912218 0.0393998
368 0.586018 0.0767137 0.0332971
369 0.586018 0.0821955 0.0344956
370 0.586018 0.103337 0.0443777
371 0.586018 0.0827054 0.0335762
372 0.586018 0.0820429 0.0342292
373 0.586018 0.0821291 0.0354147
374 0.586018 0.0735293 0.0335933
375 0.586018 0.0827398 0.0356983
376 0.586018 0.0879721 0.0378435
377 0.586018 0.103315 0.0410304
378 0.586018 0.0874236 0.0340407
379 0.586018 0.0878549 0.0356809
380 0.586018 0.0955843 0.036749
381 0.586018 0.07851 0.0330732
382 0.586018 0.0808449 0.0340413
383 0.586677 0.103017 0.0422094
384 0.586677 0.0749694 0.0327027
385 0.586677 0.0961797 0.0370881
386 0.586677 0.0970859 0.0390972
387 0.586677 0.0972451 0.0391843
388 0.586677 0.0882358 0.0351832
389 0.586677 0.0930575 0.036529
390 0.586677 0.0933629 0.0362672
391 0.586677 0.100339 0.0389772
392 0.586677 0.0996698 0.036779
393 0.586677 0.100089 0.0375787
394 0.586677 0.0985542 0.0403839
395 0.586677 0.0903348 0.0366043
396 0.586677 0.0963464 0.0397474
397 0.586677 0.0964983 0.0394425
398 0.589122 0.0870009 0.03778
399 0.589122 0.0953377 0.0405585
400 0.589122 0.10572 0.0437453
401 0.589122 0.116452 0.0450844
402 0.589122 0.0833046 0.0344727
403 0.589122 0.0975044 0.0405416
404 0.589122 0.105459 0.0420553
405 0.589122 0.0871207 0.0354114
406 0.589122 0.0781307 0.0335608
407 0.589122 0.0799273 0.0363481
408 0.589122 0.112856 0.0427132
409 0.589122 0.110512 0.0432713
410 0.589122 0.113706 0.0407239
411 0.589122 0.108891 0.0404202
412 0.589122 0.10034 0.0427562
413 0.589122 0.0936114 0.0371398
414 0.589122 0.0887309 0.036031
415 0.589122 0.0880539 0.0358219
416 0.589122 0.102913 0.0405621
417 0.589122 0.104059 0.040376
418 0.589122 0.100752 0.0393743
419 0.589122 0.0789757 0.0326877
420 0.589122 0.101375 0.038312
421 0.589122 0.0896371 0.0345393
422 0.589122 0.0958515 0.036927
423 0.589122 0.108601 0.0395711
424 0.589122 0.0998446 0.0357194
425 0.589122 0.108167 0.0420406
426 0.589122 0.115199 0.0411771
427 0.589122 0.104595 0.0392014
428 0.589122 0.0893068 0.0380112
429 0.589122 0.102838 0.0412564
430 0.589122 0.101774 0.0390309
431 0.589122 0.105031 0.0411507
432 0.589122 0.102108 0.042442
433 0.589122 0.099119 0.0369511
434 0.589122 0.101317 0.0381192
435 0.589122 0.104314 0.0405567
436 0.589122 0.091228 0.0357147
437 0.589122 0.0956428 0.0374754
438 0.589122 0.0937929 0.0336367
439 0.589122 0.0901691 0.03612
440 0.589122 0.0976647 0.0419087
441 0.589122 0.101518 0.0382389
442 0.589122 0.0843395 0.035668
443 0.589122 0.0858624 0.038946
444 0.589122 0.0926919 0.038308
445 0.589122 0.0922022 0.0372066
446 0.589122 0.112763 0.0419073
447 0.589122 0.0952989 0.0392683
448 0.589122 0.0930945 0.0377884
449 0.589122 0.0784931 0.0327337
450 0.589122 0.0862778 0.0357105
451 0.589122 0.095287 0.0378221
452 0.589122 0.112037 0.0434045
453 0.589122 0.100628 0.0371922
454 0.589122 0.0975238 0.0380322
455 0.589122 0.10673 0.0412094
456 0.589122 0.099189 0.0400101
457 0.589122 0.100405 0.0403801
458 0.589122 0.093793 0.0363332
459 0.589122 0.0869468 0.036966
460 0.589122 0.0936397 0.0353908
461 0.589122 0.0834286 0.0368521
462 0.589122 0.0812771 0.0338082
463 0.589122 0.0872414 0.0355446
464 0.589122 0.103395 0.0414724
465 0.589122 0.0871292 0.0352503
466 0.589122 0.0808756 0.034723
467 0.589122 0.0909267 0.0366576
468 0.589122 0.0960129 0.0375924
469 0.589122 0.0898375 0.034982
470 0.589122 0.0974352 0.0380828
471 0.589122 0.0945869 0.0378121
472 0.589122 0.107748 0.0392604
473 0.589122 0.115523 0.042617
474 0.589122 0.0904268 0.0367827
475 0.589122 0.0981696 0.0377421
476 0.589122 0.0957318 0.0399262
477 0.589122 0.0985929 0.0401342
478 0.589122 0.0922983 0.0384178
479 0.589122 0.089593 0.0363239
480 0.589122 0.10935 0.042567
481 0.589122 0.0895146 0.0368892
482 0.589122 0.0909811 0.0355218
483 0.589122 0.0883187 0.0391698
484 0.589122 0.106451 0.0410082
485 0.589122 0.0820506 0.034453
486 0.589122 0.0819276 0.0340174
487 0.589122 0.0967632 0.0350605
488 0.589122 0.122025 0.0432447
489 0.589122 0.104496 0.0394469
490 0.589122 0.0993127 0.03403
491 0.589122 0.0949226 0.035407
492 0.589122 0.0900222 0.0349399
493 0.589122 0.0998086 0.0386547
494 0.589122 0.0963904 0.037781
495 0.589122 0.072483 0.0328791
496 0.589122 0.0683373 0.0313795
497 0.589122 0.0849807 0.0362489
498 0.589122 0.0949643 0.0392599
499 0.589122 0.0865955 0.0373721
500 0.589122 0.080727 0.0342327
501 0.589122 0.0941885 0.0375164
502 0.589122 0.0977218 0.0388169
503 0.589122 0.104217 0.0411627
504 0.589122 0.100957 0.0374292
505 0.589409 0.0874653 0.0364508
506 0.589409 0.10405 0.0423258
507 0.589409 0.0917352 0.0376717
508 0.589409 0.0882745 0.034975
509 0.589409 0.11018 0.0436225
510 0.589409 0.111932 0.0423391
511 0.589409 0.107748 0.0434885
512 0.589409 0.0946341 0.0363738
513 0.589409 0.0865371 0.0354532
514 0.589409 0.0876005 0.0344648
515 0.589409 0.120987 0.0425283
516 0.589409 0.0896671 0.0380773
517 0.589409 0.109194 0.0426454
518 0.589409 0.0916483 0.035548
519 0.589409 0.0984415 0.03864
520 0.589409 0.110952 0.0398907
521 0.589409 0.101495 0.0389972
522 0.589409 0.0944451 0.0369319
523 0.589409 0.103369 0.0366652
524 0.589409 0.109857 0.0395887
525 0.589409 0.101252 0.0395946
526 0.589409 0.0976348 0.0374534
527 0.589409 0.101109 0.0372533
528 0.589409 0.102439 0.0371781
529 0.589409 0.0935863 0.0347218
530 0.589409 0.106652 0.036097
531 0.589409 0.106527 0.0383541
532 0.589409 0.0844988 0.0332492
533 0.589409 0.0996326 0.0382134
534 0.589409 0.111308 0.0385846
535 0.589409 0.0994879 0.0387154
536 0.589409 0.0851945 0.0329674
537 0.589409 0.104969 0.0385663
538 0.589409 0.105529 0.0424189
539 0.589409 0.0962968 0.0390705
540 0.589409 0.0935702 0.0384736
541 0.589409 0.0976438 0.0415695
542 0.589409 0.106644 0.0452923
543 0.589409 0.0803032 0.0341057
544 0.589409 0.0860262 0.0358308
545 0.589409 0.102864 0.0416599
546 0.589409 0.0953713 0.0404492
547 0.589409 0.0967087 0.0368355
548 0.589409 0.0874787 0.0370792
549 0.589409 0.0871432 0.0386424
550 0.589409 0.0798162 0.0349264
551 0.589409 0.0789753 0.0334608
552 0.589409 0.10319 0.0406636
553 0.589409 0.0925943 0.03854
554 0.589409 0.0927645 0.0372971
555 0.589409 0.110047 0.0430706
556 0.589409 0.0906073 0.034246
557 0.589409 0.095706 0.0382087
558 0.589409 0.0974663 0.040447
559 0.589409 0.0930873 0.0367738
560 0.589409 0.101967 0.0399796
561 0.589409 0.0929162 0.0376752
562 0.589409 0.100666 0.0372731
563 0.589409 0.0861714 0.0338608
564 0.589409 0.090547 0.0351774
565 0.589409 0.0860589 0.0353591
566 0.589409 0.0789275 0.031683
567 0.589409 0.0871445 0.0339961
568 0.589409 0.0956752 0.0369253
569 0.589409 0.0933079 0.039962
570 0.589409 0.0799514 0.035187
571 0.589409 0.102358 0.0387932
572 0.589409 0.0901087 0.0387081
573 0.589409 0.103404 0.0403647
574 0.589409 0.0888493 0.0347037
575 0.589409 0.0999737 0.0377277
576 0.589409 0.0826407 0.0348131
577 0.589409 0.0976153 0.0347702
578 0.589409 0.101797 0.0393812
579 0.589409 0.0842842 0.0344924
580 0.589409 0.0839948 0.0363836
581 0.589409 0.0868898 0.0358766
582 0.589409 0.0883565 0.0352693
583 0.589409 0.0804345 0.0342169
584 0.589409 0.0834058 0.0361108
585 0.589409 0.0845844 0.0366017
586 0.589409 0.102781 0.040168
587 0.589409 0.08832 0.035113
588 0.589409 0.0877816 0.0346309
589 0.589409 0.108972 0.0404454
590 0.589409 0.0950056 0.0379852
591 0.589409 0.10615 0.0379456
592 0.589409 0.100464 0.0376755
593 0.589409 0.0958511 0.03951
594 0.589409 0.0936622 0.0384354
595 0.589409 0.0793659 0.0358654
596 0.589409 0.0789284 0.0336234
597 0.589409 0.0930578 0.0387181
598 0.589409 0.0843485 0.0319727
599 0.589409 0.099769 0.040003
600 0.589409 0.100485 0.0399912
601 0.589409 0.0966441 0.0377709
602 0.589409 0.0923772 0.0360417
603 0.589409 0.0794736 0.0335031
604 0.589409 0.0785748 0.032892
605 0.589409 0.0956429 0.0382251
606 0.589409 0.0979293 0.0375891
607 0.589409 0.0926214 0.038276
608 0.589409 0.0976702 0.0400003
609 0.589409 0.0745256 0.0341394
610 0.589409 0.0911698 0.0355325
611 0.589409 0.0965343 0.0378294
612 0.589409 0.101045 0.0383327
613 0.589409 0.0817998 0.0343565
614 0.589409 0.0843395 0.0357498
615 0.589409 0.0882953 0.0372933
616 0.589409 0.0925339 0.0408259
617 0.589409 0.0860212 0.0371868
618 0.589409 0.0960384 0.038662
619 0.589409 0.105944 0.0440671
620 0.589409 0.0884366 0.0380614
621 0.589409 0.0856317 0.0380195
622 0.589409 0.0774152 0.0350098
623 0.589409 0.0803128 0.0331771
624 0.589409 0.104973 0.0390079
625 0.589409 0.0980945 0.0380113
626 0.589409 0.0854469 0.0360959
627 0.589409 0.0745439 0.0329813
628 0.589409 0.0781128 0.0346541
629 0.589409 0.0884586 0.0362819
630 0.589409 0.0919757 0.0360035
631 0.589409 0.0956739 0.0374184
632 0.589409 0.0952711 0.0372596
633 0.589409 0.0864533 0.0349734
634 0.589409 0.0773217 0.033983
635 0.589409 0.0850491 0.03666
636 0.589409 0.0841215 0.0353252
637 0.589409 0.0900051 0.0371236
638 0.589409 0.0995098 0.0385248
639 0.589409 0.101883 0.0380177
640 0.589409 0.102962 0.0380309
641 0.589409 0.0917889 0.0364781
642 0.589409 0.104599 0.0402153
643 0.589409 0.1038 0.0417623
644 0.589409 0.096067 0.0377609
645 0.589409 0.0974976 0.0375762
646 0.589409 0.0754569 0.0326314
647 0.589409 0.0976968 0.0402028
648 0.589409 0.0958565 0.0399718
649 0.589409 0.100605 0.0414863
650 0.589409 0.115318 0.0449353
651 0.589409 0.10181 0.0380525
652 0.589409 0.0905846 0.0383959
653 0.589409 0.0777791 0.0363341
654 0.589409 0.0945026 0.0391672
655 0.589409 0.0945178 0.0357736
656 0.589409 0.10791 0.0389635
657 0.589409 0.0958313 0.0340846
658 0.589409 0.0797341 0.0342651
659 0.589409 0.118354 0.0434163
660 0.589409 0.0898576 0.0346262
661 0.589409 0.101433 0.038424
662 0.589409 0.0904423 0.0356508
663 0.589409 0.098484 0.0376744
664 0.589409 0.0904285 0.0327892
665 0.589409 0.0935377 0.0338941
666 0.589409 0.0898728 0.0324705
667 0.589409 0.100968 0.0374496
668 0.589409 0.110263 0.0393667
669 0.589409 0.091445 0.0359173
670 0.589409 0.0936356 0.0368984
671 0.589409 0.103106 0.0378866
672 0.589409 0.10288 0.0381812
673 0.589409 0.0829263 0.0360343
674 0.589409 0.110138 0.0405214
675 0.589409 0.102126 0.0396483
676 0.589409 0.104379 0.0384073
677 0.589409 0.10839 0.0381045
678 0.589409 0.0984891 0.0381926
679 0.589409 0.0862717 0.0337505
680 0.589409 0.0800576 0.0340285
681 0.589409 0.0948106 0.0373993
682 0.589409 0.109022 0.0429711
683 0.589409 0.0981078 0.0369607
684 0.589409 0.0934509 0.0408563
685 0.589409 0.081473 0.0343611
686 0.589409 0.0821837 0.034666
687 0.589409 0.0825321 0.0349085
688 0.589409 0.0930506 0.0369656
689 0.589409 0.0982086 0.0366757
690 0.589409 0.111298 0.0405181
691 0.589409 0.10699 0.0411276
692 0.589409 0.0931701 0.0351868
693 0.589409 0.0720905 0.0315267
694 0.589409 0.08114 0.0363035
695 0.589409 0.0810862 0.0352599
696 0.589409 0.0863689 0.0362643
697 0.589409 0.101952 0.0382091
698 0.589409 0.106448 0.0405301
699 0.589409 0.0959151 0.0386444
700 0.589409 0.0956319 0.0362069
701 0.589409 0.104286 0.0426855
702 0.589409 0.102772 0.0411706
703 0.589409 0.0910935 0.0408865
704 0.589409 0.0887093 0.037568
705 0.589409 0.100107 0.0400023
706 0.589409 0.100509 0.0383032
707 0.589409 0.107329 0.0407515
708 0.589409 0.0957177 0.0372872
709 0.589409 0.106367 0.0360871
710 0.589409 0.0938119 0.034655
711 0.589409 0.105972 0.0407045
712 0.589409 0.093827 0.0355271
713 0.589409 0.0946442 0.0372761
714 0.589409 0.0939103 0.0368354
715 0.589409 0.0965961 0.0363804
716 0.589409 0.087063 0.0333875
717 0.589409 0.108533 0.0392499
718 0.589409 0.0956333 0.0382064
719 0.589409 0.101348 0.0420495
720 0.589409 0.0785655 0.0331718
721 0.589409 0.0977067 0.0364899
722 0.589409 0.107052 0.038614
723 0.589409 0.0773205 0.0343255
724 0.589409 0.0839888 0.0378288
725 0.589409 0.113753 0.0430521
726 0.589409 0.115452 0.0407864
727 0.589409 0.103708 0.0406695
728 0.589409 0.0989055 0.0384354
729 0.589409 0.105828 0.0417921
730 0.589409 0.0802512 0.0349392
731 0.589409 0.104207 0.0436867
732 0.589409 0.107143 0.0395613
733 0.589409 0.100242 0.0386369
734 0.589409 0.0973845 0.0384027
735 0.589409 0.0830425 0.0336855
736 0.589409 0.105316 0.0370259
737 0.589409 0.0956072 0.0373023
738 0.589409 0.110201 0.0423946
739 0.589409 0.103251 0.0394936
740 0.589409 0.0960236 0.0379132
741 0.589409 0.107637 0.0370212
742 0.589409 0.0943493 0.0349724
743 0.589409 0.0966501 0.035621
744 0.589409 0.0987991 0.0378392
745 0.589409 0.105902 0.040176
746 0.589409 0.0954002 0.0364332
747 0.589409 0.0950589 0.0362207
748 0.589409 0.0906058 0.0372427
749 0.589409 0.0891644 0.0370798
750 0.589409 0.0863264 0.0339563
751 0.589409 0.0871233 0.0356717
752 0.589409 0.0934671 0.0400081
753 0.589409 0.0928055 0.0368036
754 0.589409 0.0890148 0.037172
755 0.589409 0.0865095 0.0369202
756 0.589409 0.0814433 0.0372841
757 0.589409 0.0858133 0.0362293
758 0.589409 0.0925091 0.0387779
759 0.589409 0.0924166 0.0411807
760 0.589409 0.0832614 0.0367347
761 0.589409 0.0879248 0.0359942
762 0.589409 0.0855763 0.034125
763 0.589409 0.0883328 0.0344354
764 0.589409 0.090714 0.0380832
765 0.589409 0.0954146 0.0369978
766 0.589409 0.0897386 0.0384666
767 0.589409 0.0859769 0.0391106
768 0.589409 0.103952 0.0418915
769 0.589409 0.0957674 0.0378087
770 0.589409 0.0981192 0.0386995
771 0.589409 0.0985322 0.0381732
772 0.589409 0.105667 0.0381748
773 0.589409 0.095499 0.0340133
774 0.589409 0.0843562 0.0356017
775 0.589409 0.0763729 0.0341239
776 0.589409 0.0829325 0.0341633
777 0.589409 0.0841478 0.0356184
778 0.589409 0.101676 0.0354932
779 0.589409 0.0973557 0.0369409
780 0.589409 0.0877644 0.0358521
781 0.589409 0.0818714 0.0346738
782 0.589409 0.0977145 0.0399039
783 0.589409 0.123964 0.0453874
784 0.589409 0.106622 0.0393822
785 0.589409 0.0890692 0.0351365
786 0.589409 0.0861741 0.0376939
787 0.589409 0.0886282 0.0357975
788 0.589409 0.0915701 0.036541
789 0.589409 0.0823593 0.0345145
790 0.589409 0.0915381 0.0376297
791 0.589409 0.088826 0.0350224
792 0.589409 0.0950514 0.0353923
793 0.589409 0.110646 0.041041
794 0.589409 0.106496 0.0386247
795 0.589409 0.0831535 0.0347511
796 0.589409 0.0869401 0.0358139
797 0.589409 0.0766663 0.0332707
798 0.589409 0.0773235 0.0348783
799 0.589409 0.0864606 0.0353395
800 0.589409 0.0764463 0.0355077
801 0.589409 0.074495 0.0323512
802 0.589409 0.0774665 0.0338287
803 0.589409 0.0733157 0.0326911
804 0.589409 0.0918056 0.0370383
805 0.589409 0.108653 0.0377451
806 0.589409 0.0974783 0.0383885
807 0.589409 0.0891619 0.0369229
808 0.589409 0.0808474 0.0329569
809 0.589409 0.0948648 0.0381231
810 0.589409 0.119049 0.0449917
811 0.589409 0.124327 0.048503
812 0.589409 0.0897474 0.0373292
813 0.589409 0.0916087 0.0356769
814 0.589409 0.108909 0.0427694
815 0.589409 0.106222 0.0390298
816 0.589409 0.0989283 0.0398941
817 0.589409 0.104239 0.0398147
818 0.589409 0.108647 0.0423224
819 0.589409 0.097135 0.0403583
820 0.589409 0.103228 0.0398728
821 0.589409 0.105683 0.0380493
822 0.589409 0.105707 0.037887
823 0.589409 0.11043 0.0388099
824 0.589409 0.118661 0.0404444
825 0.589409 0.126599 0.0402795
826 0.589409 0.10487 0.0376008
827 0.589409 0.110132 0.0376318
828 0.589409 0.0940922 0.0377708
829 0.589409 0.0851138 0.0343189
830 0.589409 0.0892586 0.0379154
831 0.589409 0.0946123 0.0375688
832 0.589409 0.0928579 0.0359872
833 0.589409 0.0808081 0.0345254
834 0.589409 0.0833489 0.0340511
835 0.589409 0.0836012 0.0323711
836 0.589409 0.0884759 0.0366698
837 0.589409 0.0914678 0.0375193
838 0.589409 0.0822717 0.0347652
839 0.589409 0.0764361 0.0317273
840 0.589409 0.0828309 0.0356916
841 0.589409 0.0886708 0.0350532
842 0.589409 0.0825739 0.0358197
843 0.589409 0.0863414 0.0373842
844 0.589409 0.086559 0.0370061
845 0.589409 0.0896999 0.0369858
846 0.589409 0.0753354 0.0323771
847 0.589409 0.0809733 0.0331357
848 0.589409 0.0783546 0.0350416
849 0.589409 0.0915937 0.0380723
850 0.589409 0.0742281 0.0327062
851 0.589409 0.10445 0.0394425
852 0.589409 0.0963276 0.0390667
853 0.589409 0.0834127 0.0325665
854 0.589409 0.0805299 0.0362316
855 0.589409 0.0740269 0.0334669
856 0.589409 0.0985061 0.0391351
857 0.589409 0.0902246 0.0362085
858 0.589409 0.0897468 0.0394161
859 0.589409 0.0924849 0.0378632
860 0.589409 0.0816362 0.037553
861 0.589409 0.0771339 0.033624
862 0.589409 0.096645 0.036643
863 0.589409 0.0810516 0.0355537
864 0.589409 0.0878919 0.0390047
865 0.589409 0.0841624 0.0358227
866 0.589409 0.0756312 0.0333527
867 0.589409 0.0924607 0.038287
868 0.589409 0.0990121 0.0403295
869 0.589409 0.0865482 0.0368803
870 0.589409 0.0892049 0.0377966
871 0.589409 0.105132 0.0398843
872 0.589409 0.0871118 0.0361608
873 0.589409 0.0975647 0.0411714
874 0.589409 0.077072 0.0334744
875 0.589409 0.0826601 0.0345865
876 0.589409 0.0846802 0.0322503
877 0.589409 0.0889594 0.0354564
878 0.589409 0.11804 0.0445788
879 0.589409 0.0749893 0.0328683
880 0.589409 0.0964165 0.0375926
881 0.589409 0.106455 0.0387468
882 0.589409 0.0864095 0.0341809
883 0.589409 0.0977472 0.0354561
884 0.589409 0.100673 0.0381156
885 0.589409 0.111845 0.0427513
886 0.589409 0.10034 0.0400426
887 0.589409 0.0964765 0.0353253
888 0.589409 0.0930755 0.0357972
889 0.589409 0.0757744 0.0325138
890 0.589409 0.0947515 0.0358692
891 0.589409 0.111883 0.0437874
892 0.589409 0.117884 0.0435225
893 0.589409 0.0962366 0.0372443
894 0.589409 0.0880541 0.0374873
895 0.589409 0.0923704 0.0392384
896 0.589409 0.084216 0.0363853
897 0.589409 0.0787762 0.0355511
898 0.589409 0.0805236 0.0368046
899 0.589409 0.0805965 0.0353977
900 0.589409 0.0886434 0.037923
901 0.589409 0.0986703 0.0378922
902 0.589409 0.0800547 0.0343169
903 0.589409 0.0866719 0.0339231
904 0.589409 0.0882275 0.0358004
905 0.589409 0.0777267 0.0333286
906 0.589409 0.105644 0.0379627
907 0.589409 0.0933987 0.0360505
908 0.589409 0.0853719 0.0360925
909 0.589409 0.0906735 0.0365001
910 0.589409 0.0813892 0.0329489
911 0.589409 0.093192 0.0371439
912 0.589409 0.107088 0.0394965
913 0.589409 0.0836211 0.0333387
914 0.589409 0.0834596 0.0367955
915 0.589409 0.0917693 0.0378166
916 0.589409 0.100444 0.0394796
917 0.589409 0.0904267 0.0356751
918 0.589409 0.100423 0.0421899
919 0.589409 0.0962488 0.0401948
920 0.589409 0.0827052 0.0342765
921 0.589409 0.0839267 0.0335153
922 0.589409 0.096149 0.0370136
923 0.589409 0.0864745 0.0343467
924 0.589409 0.0961496 0.0376879
925 0.589409 0.0823988 0.0348629
926 0.589409 0.078616 0.0325086
927 0.589409 0.0815679 0.0351977
928 0.589409 0.0785439 0.0346705
929 0.589409 0.0880386 0.0371938
930 0.589409 0.0862266 0.0362942
931 0.589409 0.096711 0.0394159
932 0.589409 0.0882503 0.0352598
933 0.589409 0.0834822 0.0362438
934 0.589409 0.0994755 0.0380375
935 0.589409 0.108454 0.0418465
936 0.589409 0.111334 0.0406966
937 0.589409 0.0844287 0.0350206
938 0.589409 0.111872 0.0427446
939 0.589409 0.0877712 0.0350573
940 0.589409 0.0879408 0.0396907
941 0.589409 0.070729 0.0330342
942 0.589409 0.0950338 0.0406091
943 0.589409 0.0824496 0.0360724
944 0.589409 0.0789327 0.0348298
945 0.589409 0.0874366 0.035256
946 0.589409 0.0973919 0.0392085
947 0.589409 0.0837314 0.0345447
948 0.589409 0.102066 0.0417335
949 0.589409 0.108386 0.0432373
950 0.589409 0.118227 0.0470254
951 0.589409 0.100385 0.0402264
952 0.589409 0.092826 0.0385734
953 0.589409 0.109998 0.040631
954 0.589409 0.108303 0.0394322
955 0.589409 0.0872621 0.0376361
956 0.589409 0.0894301 0.0360879
957 0.589409 0.0783628 0.0343631
958 0.589409 0.0929795 0.0373631
959 0.589409 0.0871446 0.0347708
960 0.589409 0.0958707 0.0396026
961 0.589409 0.108387 0.0420765
962 0.589409 0.101132 0.0414381
963 0.589409 0.102478 0.0390395
964 0.589409 0.0909708 0.0372298
965 0.589409 0.108506 0.0406431
966 0.589409 0.0989525 0.0399261
967 0.589409 0.0999355 0.0404578
968 0.589409 0.09799 0.0371768
969 0.589409 0.105036 0.0396357
970 0.589409 0.0957085 0.0360291
971 0.589409 0.0858677 0.0363401
972 0.589409 0.0793836 0.0341363
973 0.589409 0.0898221 0.0377816
974 0.589409 0.101973 0.0424281
975 0.589409 0.110556 0.0426911
976 0.589409 0.0886538 0.0366449
977 0.589409 0.0843235 0.0359006
978 0.589409 0.0783245 0.0338673
979 0.589409 0.0942499 0.0360947
980 0.589409 0.10203 0.0388617
981 0.589409 0.100507 0.0395612
982 0.589409 0.0924175 0.0384783
983 0.589409 0.0807348 0.0344093
984 0.589409 0.0889013 0.0351233
985 0.589409 0.107712 0.0413336
986 0.589409 0.091988 0.0352934
987 0.589409 0.0890954 0.0373859
988 0.589409 0.0872098 0.0355462
989 0.589409 0.08818 0.0370599
990 0.589409 0.0755376 0.0352087
991 0.589409 0.0892026 0.0379875
992 0.589409 0.0737779 0.0345807
993 0.589409 0.0864776 0.0380063
994 0.589409 0.0792016 0.0349682
995 0.589409 0.0856871 0.0359886
996 0.589409 0.0963152 0.0392442
997 0.589409 0.0937006 0.0362463
998 0.589409 0.0860576 0.0359162
999 0.589409 0.0850421 0.0378856
1000 0.589409 0.0823394 0.0349173
