0 0.125255 0.0614247 0.00394107
1 0.125255 0.0637447 0.00390914
2 0.125261 0.0751874 0.00378497
3 0.125267 0.080999 0.00358043
4 0.125267 0.0864271 0.00337042
5 0.125278 0.0857943 0.00336874
6 0.125278 0.0933493 0.00295475
7 0.125278 0.0976484 0.00271049
8 0.125278 0.093901 0.00296105
9 0.125278 0.0927012 0.00302771
10 0.125278 0.0914253 0.00310823
11 0.125278 0.0977437 0.00269343
12 0.125278 0.105138 0.00212585
13 0.125411 0.105139 0.00212532
14 0.125411 0.106388 0.00201732
15 0.125411 0.10765 0.00190554
16 0.125411 0.113891 0.00129582
17 0.125411 0.115141 0.00116447
18 0.125411 0.113899 0.0012952
19 0.125411 0.113895 0.00129575
20 0.125411 0.115146 0.00116344
21 0.125411 0.117666 0.000889419
22 0.125411 0.118896 0.000751533
23 0.125411 0.120214 0.000595624
24 0.125651 0.117703 0.000881553
25 0.125651 0.118909 0.000751486
26 0.125651 0.118907 0.000749668
27 0.125651 0.115155 0.00116433
28 0.125651 0.112651 0.0014222
29 0.125651 0.108931 0.00178336
30 0.125651 0.103889 0.00223232
31 0.125651 0.100148 0.00253019
32 0.125651 0.0989542 0.00261625
33 0.125651 0.105175 0.00212147
34 0.125651 0.103661 0.00222209
35 0.125651 0.0989463 0.00261573
36 0.125712 0.102667 0.00233292
37 0.126489 0.102595 0.00233346
38 0.126489 0.0989022 0.00261944
39 0.126489 0.101429 0.00243371
40 0.126489 0.10643 0.00201759
41 0.126489 0.103953 0.00222991
42 0.126489 0.109 0.0017794
43 0.126489 0.104955 0.00211754
44 0.126489 0.0994166 0.0025456
45 0.126489 0.0997248 0.00252908
46 0.126489 0.0989951 0.00262654
47 0.126489 0.0927114 0.0030426
48 0.126489 0.0914744 0.00312108
49 0.126629 0.0961904 0.00279446
50 0.126629 0.0978192 0.00270059
51 0.127651 0.100931 0.00243099
52 0.127651 0.0958736 0.00274912
53 0.128022 0.0957023 0.00283373
54 0.128022 0.0891411 0.00325618
55 0.128022 0.081893 0.00354638
56 0.128022 0.0928881 0.00305147
57 0.128022 0.0842531 0.0034783
58 0.128022 0.0918146 0.00306467
59 0.128022 0.0843656 0.00342356
60 0.128022 0.0903613 0.00312666
61 0.128022 0.0966267 0.00280596
62 0.128022 0.0891765 0.00326751
63 0.128355 0.0945219 0.00289979
64 0.128803 0.0867853 0.00337702
65 0.128803 0.0851525 0.00339159
66 0.128882 0.0844998 0.00347799
67 0.128882 0.0742518 0.00373524
68 0.128882 0.0682685 0.00391439
69 0.131493 0.0670471 0.00393033
70 0.13164 0.0693584 0.0038796
71 0.13164 0.0806089 0.00365321
72 0.13164 0.0699885 0.00378175
73 0.131905 0.0772997 0.00372768
74 0.132011 0.0846456 0.00348431
75 0.132011 0.0823653 0.003568
76 0.132011 0.0802176 0.00354839
77 0.132011 0.0785913 0.00369208
78 0.132011 0.0762795 0.00374329
79 0.132011 0.0746527 0.00384786
80 0.132011 0.0781934 0.00374164
81 0.132011 0.0777758 0.00369384
82 0.132011 0.076299 0.00368922
83 0.132011 0.0773317 0.00364134
84 0.132011 0.0734617 0.00383729
85 0.132011 0.0773865 0.00374197
86 0.132011 0.0760236 0.00378253
87 0.132011 0.0810358 0.00361325
88 0.132011 0.0849852 0.00343261
89 0.132011 0.0854729 0.00338756
90 0.132011 0.0828645 0.00354684
91 0.132011 0.082058 0.00349396
92 0.132011 0.0752818 0.00371352
93 0.132011 0.0811517 0.00352855
94 0.132011 0.0828537 0.00340388
95 0.132011 0.0778371 0.00369627
96 0.132011 0.0820781 0.00352363
97 0.132011 0.0914838 0.003131
98 0.132011 0.0896629 0.00314602
99 0.132011 0.0843314 0.00343119
100 0.132011 0.0850839 0.00344718
101 0.132011 0.0875776 0.00336468
102 0.132011 0.0869363 0.003339
103 0.132317 0.0903416 0.00318585
104 0.132907 0.089226 0.00325583
105 0.132907 0.0894711 0.00322697
106 0.132907 0.0875005 0.00327411
107 0.132907 0.0981924 0.00267318
108 0.132907 0.0969518 0.00275788
109 0.132907 0.0899211 0.00323596
110 0.132907 0.0937709 0.00300308
111 0.132907 0.100138 0.0025676
112 0.132907 0.0953739 0.00287435
113 0.132907 0.0877733 0.00332203
114 0.132913 0.0829342 0.00357832
115 0.132913 0.0826264 0.00356544
116 0.132913 0.090202 0.00324353
117 0.132913 0.0893411 0.00325686
118 0.132913 0.0776234 0.00375241
119 0.132913 0.0785133 0.00369328
120 0.132913 0.0863371 0.00346185
121 0.132913 0.0832795 0.00351554
122 0.132913 0.0863716 0.0033317
123 0.132913 0.0914693 0.00317898
124 0.132913 0.0896314 0.00325149
125 0.132913 0.0814094 0.00361788
126 0.132913 0.0793472 0.00367092
127 0.132913 0.0781024 0.00368469
128 0.132913 0.0875239 0.00335238
129 0.132913 0.0853886 0.00342468
130 0.132913 0.0858186 0.0034267
131 0.133563 0.0965217 0.00287022
132 0.133563 0.0838591 0.00349435
133 0.133563 0.0834752 0.0035322
134 0.133563 0.0819508 0.00356686
135 0.133563 0.0852103 0.0033479
136 0.133563 0.0816204 0.00359834
137 0.133563 0.0812314 0.00358141
138 0.133563 0.086377 0.0034226
139 0.133563 0.0927663 0.00306562
140 0.133563 0.0862371 0.00338269
141 0.133563 0.0902988 0.00317852
142 0.133563 0.0875006 0.00329213
143 0.133563 0.0819361 0.00358989
144 0.133563 0.0855523 0.0034583
145 0.133563 0.0882158 0.00326366
146 0.133563 0.0910994 0.00315583
147 0.133563 0.0893219 0.00321975
148 0.133563 0.0882147 0.00328328
149 0.133563 0.0879443 0.00331287
150 0.133563 0.0955025 0.00289883
151 0.133563 0.0890539 0.00328018
152 0.133563 0.084339 0.00347866
153 0.133563 0.09456 0.00294353
154 0.133563 0.0875501 0.00328386
155 0.133563 0.0873542 0.00331669
156 0.133563 0.089134 0.00327498
157 0.133563 0.0926679 0.00304783
158 0.133563 0.0868656 0.00334996
159 0.133563 0.0887585 0.00322298
160 0.133563 0.0808778 0.00354428
161 0.133563 0.0855129 0.00342775
162 0.133906 0.0920034 0.00307098
163 0.133906 0.0853793 0.00343985
164 0.133906 0.0905564 0.00315236
165 0.133906 0.092801 0.00304928
166 0.133906 0.0967907 0.00275778
167 0.133906 0.0980671 0.0027271
168 0.133906 0.0965722 0.00282635
169 0.133906 0.0894089 0.00321333
170 0.133906 0.0846009 0.00349527
171 0.133906 0.0825925 0.00349092
172 0.133906 0.0877146 0.00327261
173 0.133906 0.0925425 0.0030421
174 0.133906 0.0966461 0.00284735
175 0.133906 0.0879044 0.0033617
176 0.133906 0.0944616 0.00293561
177 0.133906 0.0894777 0.0031923
178 0.133906 0.0867446 0.00341279
179 0.133906 0.092889 0.00309534
180 0.133906 0.0867966 0.00336129
181 0.133906 0.0919278 0.00308654
182 0.133906 0.0887187 0.00321438
183 0.133906 0.0805164 0.00362104
184 0.133906 0.0882618 0.0032409
185 0.133906 0.0879543 0.00326848
186 0.133906 0.0884929 0.00321211
187 0.133906 0.0819582 0.003477
188 0.133906 0.083212 0.00351186
189 0.133906 0.0884499 0.00323109
190 0.133906 0.0867532 0.0033312
191 0.133906 0.0862822 0.00338114
192 0.133906 0.0841452 0.00342628
193 0.133906 0.0800204 0.00360021
194 0.133906 0.0813292 0.00354845
195 0.133906 0.0805329 0.00357388
196 0.133906 0.0839724 0.00343506
197 0.375479 0.0870522 0.00425656
198 0.375479 0.0890373 0.00422972
199 0.375479 0.0864121 0.00430321
200 0.375599 0.0906959 0.00510205
201 0.434208 0.101965 0.00565921
202 0.434208 0.100999 0.00573614
203 0.455205 0.104531 0.00849585
204 0.50649 0.103533 0.0114422
204 0.516183 0.030762 0.0113031
205 0.532667 0.04352 0.0159779
206 0.568626 0.0603126 0.0221718
207 0.568626 0.0737891 0.0256131
208 0.568626 0.0895371 0.0307512
209 0.568626 0.113279 0.039232
210 0.568626 0.0876655 0.0311781
211 0.581968 0.106287 0.0414359
212 0.581968 0.133747 0.0466937
213 0.581968 0.144304 0.0469229
214 0.581968 0.157705 0.0454387
215 0.581968 0.176208 0.0515721
216 0.581968 0.197056 0.0466259
217 0.581968 0.20878 0.0496962
218 0.581968 0.19432 0.0468185
219 0.581968 0.170051 0.0450106
220 0.581968 0.173047 0.0489046
221 0.582139 0.179995 0.0487274
222 0.582139 0.183987 0.0512547
223 0.582139 0.202669 0.051575
224 0.586031 0.197616 0.0542434
225 0.586031 0.211904 0.0546083
226 0.586031 0.223203 0.0533931
227 0.586621 0.238969 0.0543573
228 0.59141 0.195718 0.0523078
229 0.59141 0.200886 0.0512855
230 0.59141 0.213632 0.0500378
231 0.59141 0.224045 0.0502069
232 0.59141 0.223672 0.0511315
233 0.59141 0.227174 0.0509124
234 0.59141 0.245632 0.0501492
235 0.59141 0.218941 0.0497104
236 0.59141 0.2486 0.0502534
237 0.59141 0.209216 0.0471472
238 0.59141 0.216251 0.0536972
239 0.59141 0.224395 0.0545872
240 0.59141 0.232745 0.0539548
241 0.59141 0.236126 0.0546732
242 0.59141 0.204303 0.0548522
243 0.59141 0.198049 0.055022
244 0.59141 0.196053 0.0552358
245 0.59141 0.224045 0.0571567
246 0.59141 0.198763 0.0535764
247 0.593441 0.193326 0.0574974
248 0.593441 0.18659 0.0554737
249 0.593441 0.182102 0.0524282
250 0.593441 0.196852 0.0551368
251 0.593441 0.195694 0.0568144
252 0.593441 0.202958 0.0520279
253 0.593441 0.205506 0.0531326
254 0.593712 0.207913 0.0554737
255 0.593712 0.20371 0.0519652
256 0.593712 0.206776 0.0548905
257 0.596771 0.215997 0.0539977
258 0.596771 0.198237 0.0514644
259 0.596771 0.22361 0.0557646
260 0.596771 0.213498 0.0538167
261 0.596771 0.205916 0.0557361
262 0.596771 0.217876 0.0562396
263 0.596771 0.222031 0.0535338
264 0.596771 0.258656 0.0556674
265 0.596771 0.218238 0.0526248
266 0.596771 0.242096 0.0562756
267 0.597076 0.257782 0.0576145
268 0.597076 0.23773 0.0500209
269 0.597076 0.214873 0.0547517
270 0.597076 0.215138 0.0573447
271 0.597076 0.203585 0.0575714
272 0.597076 0.222135 0.0560194
273 0.597076 0.221667 0.0531541
274 0.597076 0.206164 0.0550691
275 0.597076 0.212253 0.0603562
276 0.597076 0.231306 0.0554092
277 0.597076 0.260977 0.0577603
278 0.597076 0.2281 0.0573963
279 0.597076 0.255114 0.0543102
280 0.597076 0.25537 0.0513713
281 0.597076 0.231073 0.0541979
282 0.597076 0.190415 0.0485866
283 0.597076 0.221695 0.050504
284 0.597076 0.250018 0.0485243
285 0.597076 0.258552 0.0499958
286 0.597395 0.258152 0.0551469
287 0.597395 0.232322 0.0527265
288 0.597395 0.254608 0.051517
289 0.597395 0.236289 0.0494786
290 0.597395 0.224765 0.0499687
291 0.597395 0.219468 0.0550775
292 0.597395 0.2208 0.0516783
293 0.597395 0.209685 0.053005
294 0.597395 0.215281 0.0532212
295 0.597395 0.228578 0.0485533
296 0.601156 0.25231 0.0504274
297 0.601156 0.25108 0.051384
298 0.601156 0.217601 0.0541322
299 0.601156 0.223999 0.051412
300 0.601156 0.2214 0.0501327
301 0.601156 0.224718 0.0481231
302 0.601156 0.225994 0.0482261
303 0.601156 0.244577 0.0463101
304 0.601156 0.255862 0.0463032
305 0.601156 0.220774 0.0486612
306 0.601156 0.230426 0.048589
307 0.601156 0.250264 0.0454293
308 0.601156 0.266652 0.0456812
309 0.601156 0.264002 0.047084
310 0.601156 0.265314 0.0487791
311 0.601156 0.246331 0.0516414
312 0.601156 0.257464 0.045703
313 0.601156 0.271538 0.0489059
314 0.601156 0.267583 0.04355
315 0.601156 0.261906 0.0490903
316 0.601156 0.256569 0.0526753
317 0.601156 0.245989 0.0515141
318 0.603281 0.24715 0.0472703
319 0.603281 0.240322 0.0514573
320 0.603281 0.198588 0.0517738
321 0.603281 0.207094 0.0550184
322 0.603281 0.215284 0.0524716
323 0.603281 0.231088 0.050067
324 0.603281 0.228649 0.053515
325 0.603281 0.247099 0.0520866
326 0.603281 0.236518 0.0480929
327 0.603281 0.254563 0.0488166
328 0.603281 0.24894 0.0493831
329 0.603281 0.263806 0.0493831
330 0.605593 0.2727 0.0497423
331 0.605593 0.248628 0.0533381
332 0.605593 0.223713 0.0542236
333 0.607464 0.224029 0.0542629
334 0.607464 0.234576 0.0543737
335 0.607464 0.252889 0.0546658
336 0.607464 0.248822 0.051258
337 0.607464 0.265392 0.0509614
338 0.607464 0.285991 0.0495241
339 0.607464 0.290113 0.052865
340 0.607464 0.29149 0.0470538
341 0.607464 0.256569 0.0519175
342 0.607464 0.272375 0.0504668
343 0.607464 0.275188 0.0479573
344 0.607464 0.229627 0.0556331
345 0.608461 0.230207 0.0555026
346 0.608461 0.242516 0.0507508
347 0.608461 0.240905 0.0484703
348 0.608461 0.239645 0.0505536
349 0.608461 0.267774 0.0460319
350 0.608461 0.244191 0.0498354
351 0.608461 0.258675 0.0523928
352 0.608461 0.257838 0.0509414
353 0.608461 0.267393 0.0535299
354 0.608461 0.23393 0.0567135
355 0.608461 0.190043 0.0514975
356 0.608461 0.228234 0.0511554
357 0.608461 0.225981 0.0509859
358 0.608461 0.243477 0.0534007
359 0.608461 0.249965 0.0547831
360 0.608461 0.255011 0.0507004
361 0.608461 0.249653 0.0561986
362 0.608461 0.258533 0.0484004
363 0.608461 0.224017 0.0486802
364 0.608461 0.233041 0.0550299
365 0.608461 0.260334 0.0522343
366 0.608461 0.254223 0.0486888
367 0.609515 0.251559 0.0517235
368 0.609515 0.232549 0.0502287
369 0.609515 0.19456 0.0473998
370 0.609515 0.223801 0.0503815
371 0.609515 0.255106 0.0461218
372 0.609515 0.257101 0.0533564
373 0.609515 0.223536 0.0510775
374 0.609515 0.204819 0.0502967
375 0.609515 0.242003 0.054354
376 0.609515 0.24739 0.0599186
377 0.609515 0.228837 0.0522754
378 0.609515 0.261957 0.0584142
379 0.609515 0.263715 0.0566867
380 0.609515 0.284854 0.0538246
381 0.609515 0.255054 0.0551377
382 0.609515 0.254238 0.0535807
383 0.609515 0.235492 0.0450147
384 0.609515 0.23701 0.0464328
385 0.609515 0.224381 0.0488744
386 0.609515 0.250858 0.0484771
387 0.609515 0.237603 0.056475
388 0.609515 0.237772 0.0512957
389 0.609515 0.212615 0.0499024
390 0.609988 0.219315 0.0555851
391 0.609988 0.219099 0.0544443
392 0.609988 0.222036 0.0533702
393 0.609988 0.225964 0.0535622
394 0.609988 0.20543 0.0484985
395 0.609988 0.232073 0.0519107
396 0.609988 0.216684 0.0526248
397 0.610808 0.230169 0.0537568
398 0.610808 0.218946 0.0522091
399 0.610808 0.223465 0.0555091
400 0.610808 0.202065 0.0483911
401 0.610808 0.22196 0.051719
402 0.610808 0.225689 0.0470135
403 0.610808 0.222593 0.0511174
404 0.610808 0.206985 0.0504477
405 0.610808 0.21599 0.0478182
406 0.610808 0.198827 0.0522727
407 0.610808 0.24439 0.0562118
408 0.610808 0.23237 0.053742
409 0.610808 0.223334 0.0511032
410 0.610808 0.257739 0.0568993
411 0.610808 0.255482 0.0594412
412 0.610808 0.228271 0.0585211
413 0.610808 0.227659 0.056642
414 0.610808 0.22915 0.056865
415 0.610808 0.243764 0.0548065
416 0.610808 0.242067 0.0579605
417 0.610808 0.253322 0.0586627
418 0.610808 0.25089 0.0532052
419 0.610808 0.218402 0.0546385
420 0.610808 0.252957 0.0570643
421 0.610808 0.245138 0.0530753
422 0.610808 0.227471 0.0556754
423 0.610808 0.238143 0.0522917
424 0.610808 0.25387 0.0583821
425 0.610808 0.201308 0.0545951
426 0.610808 0.231168 0.0543296
427 0.610808 0.200908 0.0511531
428 0.610808 0.211098 0.0547912
429 0.610808 0.250911 0.0543532
430 0.610808 0.220312 0.0501325
431 0.610808 0.228074 0.0549097
432 0.610808 0.231501 0.0522504
433 0.610808 0.242981 0.0517478
434 0.610808 0.239073 0.0500258
435 0.610808 0.215849 0.0558638
436 0.610808 0.231987 0.0590689
437 0.610997 0.248385 0.0546498
438 0.610997 0.240358 0.0514388
439 0.610997 0.238596 0.0531354
440 0.610997 0.218836 0.0466555
441 0.610997 0.240695 0.0451355
442 0.610997 0.229769 0.053084
443 0.610997 0.258254 0.0531048
444 0.610997 0.247302 0.0554744
445 0.610997 0.221176 0.0554616
446 0.610997 0.226088 0.0542946
447 0.610997 0.205464 0.052707
448 0.610997 0.198611 0.0522431
449 0.610997 0.186935 0.0506154
450 0.610997 0.20746 0.0573266
451 0.610997 0.218767 0.0538243
452 0.610997 0.242513 0.0511466
453 0.610997 0.235131 0.0514104
454 0.610997 0.232057 0.0513328
455 0.610997 0.256879 0.0482183
456 0.610997 0.285547 0.0510259
457 0.610997 0.276214 0.0544384
458 0.610997 0.262936 0.0571946
459 0.610997 0.255009 0.0557229
460 0.610997 0.232911 0.057276
461 0.610997 0.211625 0.0524889
462 0.610997 0.193811 0.0511185
463 0.610997 0.218753 0.0528765
464 0.610997 0.187937 0.0489925
465 0.610997 0.214899 0.0549869
466 0.610997 0.209173 0.0543869
467 0.610997 0.213514 0.0521928
468 0.610997 0.20622 0.0578972
469 0.610997 0.192268 0.0520704
470 0.610997 0.207437 0.0578597
471 0.610997 0.246269 0.0592543
472 0.610997 0.22459 0.0547869
473 0.610997 0.237856 0.0556528
474 0.610997 0.237708 0.0521008
475 0.611907 0.240871 0.0512696
476 0.611907 0.194575 0.050038
477 0.611907 0.191864 0.0470044
478 0.611907 0.175533 0.0482891
479 0.611907 0.187205 0.0501549
480 0.611907 0.205666 0.0522201
481 0.611907 0.239502 0.0528787
482 0.611907 0.20463 0.0548935
483 0.611907 0.180112 0.0539278
484 0.611907 0.225437 0.0537978
485 0.611907 0.223682 0.0535494
486 0.611907 0.203506 0.0517768
487 0.611907 0.22039 0.0492749
488 0.611907 0.228547 0.0524677
489 0.611907 0.251659 0.0550294
490 0.611907 0.254707 0.0518691
491 0.611907 0.237808 0.0520144
492 0.611907 0.246761 0.0549076
493 0.611907 0.253769 0.0523213
494 0.611907 0.230449 0.0504257
495 0.611907 0.241193 0.0456474
496 0.611907 0.218705 0.0524128
497 0.611907 0.219513 0.053156
498 0.611907 0.228804 0.0529446
499 0.611907 0.216387 0.05409
500 0.611907 0.208371 0.0570688
501 0.611907 0.212439 0.0558164
502 0.611907 0.230614 0.0579213
503 0.611907 0.243942 0.0552624
504 0.611907 0.230348 0.054921
505 0.611907 0.254391 0.0601167
506 0.611907 0.227561 0.0542514
507 0.611907 0.225336 0.0521557
508 0.611907 0.248258 0.0539854
509 0.611907 0.238798 0.0548954
510 0.611907 0.24518 0.0547739
511 0.611907 0.251029 0.0563558
512 0.611907 0.203722 0.0555429
513 0.611907 0.204991 0.0525708
514 0.611907 0.223763 0.0545716
515 0.611907 0.201998 0.0504708
516 0.611907 0.244252 0.0589839
517 0.611907 0.249005 0.056414
518 0.611907 0.21459 0.0540174
519 0.611907 0.217503 0.0538546
520 0.611907 0.218226 0.0551164
521 0.611907 0.191504 0.0540257
522 0.611907 0.203968 0.0525273
523 0.611907 0.233396 0.0531325
524 0.611907 0.222305 0.0511617
525 0.611907 0.175788 0.0508563
526 0.612835 0.194475 0.0559155
527 0.612835 0.173979 0.0502318
528 0.612835 0.190795 0.0532865
529 0.612835 0.184091 0.0539109
530 0.612835 0.201236 0.0585267
531 0.612835 0.183331 0.0521033
532 0.612835 0.205681 0.0487637
533 0.612835 0.192734 0.0552651
534 0.612835 0.206851 0.0501476
535 0.612835 0.209322 0.0564695
536 0.612835 0.209909 0.0564227
537 0.612835 0.207341 0.054118
538 0.612835 0.196489 0.0513982
539 0.612835 0.20993 0.0510549
540 0.612835 0.226718 0.0552836
541 0.612835 0.255862 0.055699
542 0.612835 0.214726 0.0510943
543 0.612835 0.200251 0.0503446
544 0.612835 0.211644 0.0560058
545 0.612835 0.201055 0.049858
546 0.612835 0.225709 0.0537797
547 0.612835 0.23691 0.0526334
548 0.612835 0.229494 0.0613867
549 0.612835 0.22268 0.0597698
550 0.612835 0.222257 0.0617974
551 0.612835 0.210905 0.0564092
552 0.612835 0.191094 0.0550785
553 0.612835 0.21129 0.0525652
554 0.612835 0.205797 0.053128
555 0.612835 0.204608 0.0549278
556 0.612835 0.20551 0.0567352
557 0.612835 0.191875 0.0566206
558 0.612835 0.186149 0.0588244
559 0.612835 0.173015 0.0473867
560 0.612835 0.198627 0.0543264
561 0.612835 0.189894 0.0497675
562 0.612835 0.202126 0.0553345
563 0.612835 0.207181 0.0526939
564 0.612835 0.181117 0.0521952
565 0.612835 0.166661 0.050665
566 0.612835 0.173615 0.0532838
567 0.612835 0.193148 0.0527116
568 0.612835 0.21878 0.0565304
569 0.612835 0.241614 0.0590057
570 0.612835 0.204841 0.055501
571 0.612835 0.216532 0.0512874
572 0.612835 0.210121 0.0501689
573 0.612835 0.19096 0.0509291
574 0.612835 0.210717 0.0558242
575 0.612835 0.223169 0.0557355
576 0.612835 0.195043 0.0562889
577 0.612835 0.208459 0.056939
578 0.612835 0.219262 0.0548489
579 0.612835 0.215056 0.0557215
580 0.612835 0.223134 0.0496402
581 0.612835 0.218412 0.0536592
582 0.612835 0.21776 0.0527653
583 0.612835 0.216861 0.0544958
584 0.612835 0.246513 0.0568021
585 0.612835 0.262663 0.0540419
586 0.612835 0.258147 0.0547547
587 0.612835 0.239319 0.0504726
588 0.612835 0.245309 0.0609605
589 0.612835 0.249034 0.0548207
590 0.612835 0.244651 0.0528966
591 0.612835 0.246465 0.0537144
592 0.612835 0.26054 0.0560279
593 0.612835 0.239374 0.0550492
594 0.612835 0.20904 0.0529202
595 0.612835 0.264388 0.0546481
596 0.612835 0.24525 0.0561132
597 0.612835 0.251459 0.0588277
598 0.612835 0.232678 0.0525242
599 0.612835 0.205925 0.0562842
600 0.612835 0.230218 0.0567712
601 0.612835 0.223384 0.0564602
602 0.612835 0.233236 0.056925
603 0.612835 0.250931 0.0558411
604 0.612835 0.245985 0.0527382
605 0.612835 0.212357 0.0525881
606 0.612835 0.200646 0.0505958
607 0.612835 0.199093 0.0486696
608 0.612835 0.208843 0.0511574
609 0.612835 0.233593 0.0528463
610 0.612835 0.197513 0.0494679
611 0.612835 0.214784 0.0525541
612 0.612835 0.21974 0.0509423
613 0.612835 0.219255 0.0563541
614 0.612835 0.20924 0.0521109
615 0.612835 0.222353 0.0548425
616 0.612835 0.214655 0.0545771
617 0.612835 0.222813 0.0534841
618 0.612835 0.215326 0.0479803
619 0.612835 0.202679 0.0502337
620 0.612835 0.226124 0.0532333
621 0.612835 0.253453 0.0548118
622 0.612835 0.233558 0.0548629
623 0.612835 0.210737 0.055448
624 0.612835 0.203333 0.0494488
625 0.612835 0.203209 0.0502831
626 0.612835 0.227528 0.055698
627 0.612835 0.255747 0.0534854
628 0.612835 0.246884 0.0534169
629 0.612835 0.246322 0.0542184
630 0.612835 0.248728 0.0550143
631 0.612835 0.280989 0.0579975
632 0.612835 0.252541 0.0601295
633 0.612835 0.226352 0.0572693
634 0.612835 0.204942 0.0546032
635 0.612835 0.2078 0.0552449
636 0.612835 0.201019 0.0538487
637 0.612835 0.233272 0.0566593
638 0.612835 0.225944 0.052442
639 0.612835 0.241958 0.0500799
640 0.612835 0.215784 0.0536034
641 0.612835 0.182314 0.055432
642 0.612835 0.200872 0.058188
643 0.612835 0.220989 0.0514537
644 0.612835 0.264645 0.057293
645 0.612835 0.231857 0.0558118
646 0.612835 0.264344 0.050422
647 0.612835 0.239102 0.054693
648 0.612835 0.202993 0.0520287
649 0.612835 0.207163 0.0547644
650 0.61294 0.186187 0.0525491
651 0.61294 0.190862 0.0496694
652 0.61294 0.212867 0.0557777
653 0.61294 0.212344 0.0559052
654 0.61294 0.197029 0.0556492
655 0.61294 0.18869 0.0533661
656 0.61294 0.175971 0.0527709
657 0.61294 0.198017 0.0544091
658 0.61294 0.191688 0.0541252
659 0.61294 0.207968 0.053618
660 0.61294 0.202226 0.0538029
661 0.613262 0.202359 0.0566273
662 0.613262 0.190041 0.0537284
663 0.613262 0.191623 0.0510916
664 0.613262 0.184044 0.05479
665 0.613262 0.204851 0.0540415
666 0.613262 0.215878 0.0540564
667 0.613262 0.196538 0.0530706
668 0.613262 0.165442 0.0488124
669 0.613262 0.194766 0.0521947
670 0.613262 0.202171 0.0528377
671 0.613262 0.189289 0.0497221
672 0.613262 0.199769 0.0509246
673 0.613262 0.190341 0.0460979
674 0.613262 0.195501 0.0482992
675 0.613262 0.200281 0.0495592
676 0.613262 0.247206 0.0527446
677 0.613262 0.244529 0.0518838
678 0.613262 0.212746 0.0482902
679 0.613262 0.204403 0.0496586
680 0.613262 0.175874 0.0453027
681 0.613262 0.192336 0.0526168
682 0.613262 0.201552 0.0527768
683 0.613262 0.163334 0.0497801
684 0.613262 0.189904 0.0574543
685 0.613262 0.191359 0.0533389
686 0.613262 0.198998 0.0558392
687 0.613262 0.223765 0.0522831
688 0.613262 0.214228 0.0507687
689 0.613262 0.226231 0.0501749
690 0.613262 0.230116 0.0526164
691 0.613262 0.223797 0.0562955
692 0.613262 0.238677 0.0519504
693 0.613262 0.224058 0.0539545
694 0.613262 0.200231 0.0515577
695 0.613262 0.218546 0.0584604
696 0.613262 0.229108 0.0565257
697 0.613262 0.249024 0.0528113
698 0.613262 0.266886 0.0556493
699 0.613262 0.26059 0.0567924
700 0.613262 0.228879 0.0552332
701 0.613262 0.233879 0.0536075
702 0.613262 0.245096 0.0528428
703 0.613262 0.223574 0.0512997
704 0.613262 0.200777 0.0515963
705 0.613262 0.217507 0.0547769
706 0.613262 0.235998 0.0556603
707 0.613262 0.251545 0.0555611
708 0.613262 0.237432 0.0555579
709 0.613262 0.247326 0.0533013
710 0.613262 0.22512 0.0562382
711 0.613262 0.216173 0.0546145
712 0.613262 0.211547 0.0572172
713 0.613262 0.199753 0.0490311
714 0.613262 0.210336 0.0562477
715 0.613262 0.219747 0.0552865
716 0.613262 0.234133 0.0549195
717 0.613262 0.191131 0.0492932
718 0.613262 0.207689 0.0490962
719 0.613262 0.213693 0.0509127
720 0.613262 0.20501 0.0552971
721 0.613262 0.200172 0.0494621
722 0.613262 0.219904 0.0558755
723 0.613262 0.195023 0.0557518
724 0.613262 0.196951 0.0590835
725 0.613262 0.163244 0.0542343
726 0.613262 0.165045 0.0521458
727 0.613262 0.176827 0.0538077
728 0.613262 0.172328 0.0545695
729 0.613262 0.207876 0.0586572
730 0.613262 0.190311 0.0570861
731 0.613262 0.204196 0.0593845
732 0.613262 0.183193 0.0541637
733 0.613262 0.164057 0.0521546
734 0.613262 0.184316 0.0557706
735 0.613262 0.185619 0.0527338
736 0.613262 0.202463 0.0536515
737 0.613262 0.216891 0.0525907
738 0.613262 0.220461 0.0549399
739 0.613262 0.224629 0.054833
740 0.613262 0.254629 0.0524213
741 0.613262 0.26403 0.0572024
742 0.613262 0.224939 0.0503811
743 0.613262 0.219051 0.0532084
744 0.613262 0.238798 0.0549652
745 0.613262 0.207417 0.0504382
746 0.613262 0.204145 0.0502431
747 0.613262 0.198094 0.0555385
748 0.613262 0.190038 0.0538779
749 0.613262 0.213227 0.0541601
750 0.613262 0.222946 0.0536146
751 0.613262 0.214576 0.0540895
752 0.613262 0.220681 0.0559092
753 0.613262 0.221869 0.0543601
754 0.613262 0.257482 0.0491286
755 0.613262 0.239332 0.0495439
756 0.613262 0.229905 0.0518024
757 0.613262 0.244163 0.0551423
758 0.613262 0.238629 0.0541551
759 0.613262 0.235915 0.0524144
760 0.613262 0.213459 0.0506444
761 0.613262 0.199321 0.0495536
762 0.613262 0.22325 0.0540209
763 0.613262 0.214946 0.04824
764 0.613262 0.23932 0.0522421
765 0.613262 0.212537 0.049184
766 0.613262 0.177755 0.0499639
767 0.613262 0.189802 0.0510334
768 0.613262 0.221874 0.0542553
769 0.613262 0.220457 0.0528249
770 0.613262 0.230472 0.0544971
771 0.613262 0.220582 0.057138
772 0.613262 0.211569 0.0578506
773 0.613262 0.257036 0.0583307
774 0.613262 0.233579 0.0572779
775 0.613262 0.25627 0.0548522
776 0.613262 0.271673 0.053485
777 0.613262 0.256451 0.0521477
778 0.613262 0.214932 0.0587403
779 0.613262 0.234258 0.0595768
780 0.613262 0.224123 0.0552785
781 0.613262 0.193468 0.0558934
782 0.613262 0.207824 0.0596056
783 0.613262 0.222472 0.0554374
784 0.613262 0.242124 0.0545347
785 0.613262 0.271145 0.0516103
786 0.613262 0.25746 0.0516393
787 0.613262 0.256039 0.0528861
788 0.613262 0.214755 0.047503
789 0.613262 0.228891 0.0493261
790 0.613262 0.218035 0.0551707
791 0.613262 0.212716 0.0493587
792 0.613262 0.255687 0.050829
793 0.613262 0.238333 0.0539255
794 0.613262 0.244102 0.051396
795 0.613262 0.242386 0.0547151
796 0.613262 0.262748 0.0544231
797 0.613262 0.2454 0.0563944
798 0.613262 0.225706 0.0548646
799 0.613262 0.209144 0.0565656
800 0.613262 0.189853 0.0524996
801 0.613262 0.222538 0.058898
802 0.613262 0.250261 0.0533777
803 0.613262 0.203855 0.0515646
804 0.613262 0.222885 0.0543334
805 0.613262 0.222251 0.054938
806 0.613262 0.240919 0.0529929
807 0.613262 0.22517 0.0514843
808 0.613262 0.222145 0.0595797
809 0.613262 0.216261 0.0538849
810 0.613262 0.215781 0.0540281
811 0.613262 0.245553 0.0534859
812 0.613262 0.216305 0.0515278
813 0.613262 0.223314 0.0537895
814 0.613262 0.235259 0.0607001
815 0.613262 0.228865 0.057243
816 0.613262 0.238077 0.0509854
817 0.613262 0.232987 0.055097
818 0.613262 0.232738 0.0504105
819 0.613262 0.219683 0.0501318
820 0.613262 0.208188 0.0523732
821 0.613262 0.218921 0.0535071
822 0.613262 0.219775 0.0566943
823 0.613262 0.189514 0.0534143
824 0.613262 0.18722 0.0532759
825 0.613262 0.164802 0.0505076
826 0.613262 0.200188 0.0567362
827 0.613262 0.221942 0.0573964
828 0.613262 0.229804 0.0540348
829 0.613262 0.207502 0.0559513
830 0.613262 0.204418 0.0502037
831 0.613262 0.20389 0.0530388
832 0.613262 0.192948 0.0462651
833 0.613262 0.197887 0.0527254
834 0.613262 0.194921 0.0517672
835 0.613262 0.213806 0.0551532
836 0.613262 0.200743 0.0577386
837 0.613262 0.200165 0.0550926
838 0.613262 0.212093 0.0545188
839 0.613262 0.225112 0.0521123
840 0.613262 0.237972 0.0579809
841 0.613262 0.210036 0.0535493
842 0.613262 0.210828 0.0528357
843 0.613262 0.226093 0.0533334
844 0.613262 0.223349 0.0524583
845 0.613262 0.202915 0.0540279
846 0.613262 0.220442 0.0575107
847 0.613262 0.201538 0.0542268
848 0.613262 0.196749 0.0541752
849 0.613262 0.192318 0.0537536
850 0.613262 0.200142 0.0523037
851 0.613262 0.202588 0.051342
852 0.613262 0.220133 0.0548933
853 0.613262 0.221495 0.0550448
854 0.613262 0.213322 0.0609076
855 0.613262 0.207457 0.0556888
856 0.613262 0.181109 0.0538847
857 0.613262 0.218034 0.0567281
858 0.613262 0.239315 0.055379
859 0.613262 0.237748 0.0542798
860 0.613262 0.223008 0.0530908
861 0.613262 0.223162 0.0564901
862 0.613262 0.236474 0.0533572
863 0.613262 0.224653 0.0517743
864 0.613262 0.213886 0.0531245
865 0.613262 0.228728 0.048807
866 0.613262 0.226317 0.0524365
867 0.613262 0.21777 0.0552043
868 0.613262 0.210121 0.054571
869 0.613262 0.195308 0.0527428
870 0.613262 0.199285 0.0486941
871 0.613262 0.207457 0.0485667
872 0.613262 0.228083 0.0507711
873 0.613262 0.236389 0.0498676
874 0.613262 0.250712 0.0510668
875 0.613262 0.270071 0.0518683
876 0.613262 0.254825 0.0482038
877 0.613262 0.258737 0.0490842
878 0.613262 0.238673 0.0570019
879 0.613262 0.260993 0.0543437
880 0.613262 0.255423 0.0529896
881 0.613262 0.223576 0.0493076
882 0.613262 0.220907 0.0521666
883 0.613262 0.260817 0.0529461
884 0.613262 0.236271 0.0515457
885 0.613262 0.208602 0.0465651
886 0.613262 0.20289 0.0469752
887 0.613262 0.196041 0.0499661
888 0.613262 0.214895 0.0507242
889 0.613262 0.230238 0.0451439
890 0.613262 0.232222 0.0510939
891 0.613262 0.206589 0.0505074
892 0.613262 0.206995 0.0538993
893 0.613262 0.239978 0.052087
894 0.613262 0.26082 0.0499325
895 0.613262 0.247283 0.0497896
896 0.613262 0.233876 0.0545256
897 0.613262 0.237072 0.0576347
898 0.613262 0.244087 0.0545901
899 0.613262 0.237635 0.0528332
900 0.613262 0.232626 0.054494
901 0.613262 0.235595 0.050175
902 0.613262 0.237042 0.0477675
903 0.613262 0.256307 0.0481764
904 0.613262 0.2389 0.0552071
905 0.613262 0.200582 0.0501725
906 0.613262 0.205575 0.047146
907 0.613262 0.218866 0.0574637
908 0.613262 0.242827 0.0554541
909 0.613262 0.239196 0.0568632
910 0.613262 0.223395 0.0561529
911 0.613262 0.190617 0.0530298
912 0.613262 0.198867 0.05286
913 0.613262 0.19191 0.0523371
914 0.613262 0.216901 0.0583579
915 0.613262 0.207705 0.0533145
916 0.613262 0.224704 0.0484415
917 0.613262 0.216193 0.0542368
918 0.613262 0.227246 0.0482903
919 0.613262 0.223729 0.0522191
920 0.613262 0.238216 0.0530986
921 0.613262 0.230225 0.0541889
922 0.613262 0.2127 0.0511792
923 0.613262 0.232141 0.0504156
924 0.613262 0.22613 0.052936
925 0.613262 0.242633 0.0588056
926 0.613262 0.265099 0.0510043
927 0.613262 0.262229 0.0499603
928 0.613262 0.267859 0.0537256
929 0.613262 0.265685 0.0544645
930 0.613262 0.26914 0.0542609
931 0.613262 0.302457 0.0509935
932 0.613262 0.244341 0.0517296
933 0.613262 0.233801 0.0564139
934 0.613262 0.246109 0.0575412
935 0.613262 0.234702 0.0513386
936 0.613262 0.261797 0.0509902
937 0.613262 0.248613 0.0565496
938 0.613262 0.26141 0.0554654
939 0.613262 0.273991 0.0519927
940 0.613262 0.27349 0.0486843
941 0.613262 0.23149 0.0500532
942 0.613262 0.234858 0.0465421
943 0.613262 0.253143 0.0507981
944 0.613262 0.266641 0.0525922
945 0.613262 0.25796 0.0554469
946 0.613262 0.250378 0.0541927
947 0.613262 0.266788 0.0542168
948 0.613262 0.257659 0.0483402
949 0.613262 0.261567 0.0574813
950 0.613262 0.238448 0.0562707
951 0.613262 0.241413 0.0579857
952 0.613262 0.223059 0.0483883
953 0.613262 0.2235 0.0535103
954 0.613262 0.218963 0.0540883
955 0.613262 0.195997 0.0533969
956 0.613262 0.191224 0.0495265
957 0.613262 0.230487 0.0538913
958 0.613262 0.227629 0.0514327
959 0.613262 0.207022 0.0491984
960 0.613262 0.237222 0.0518112
961 0.613262 0.237621 0.0482894
962 0.613262 0.18815 0.0502158
963 0.613262 0.202777 0.0489088
964 0.613262 0.203845 0.0492391
965 0.613262 0.222927 0.0513262
966 0.613262 0.232842 0.0559467
967 0.613262 0.226845 0.0565725
968 0.613262 0.214279 0.0543949
969 0.613262 0.213083 0.062024
970 0.613262 0.177005 0.0519389
971 0.613262 0.187281 0.052459
972 0.613262 0.22173 0.054337
973 0.613262 0.231849 0.0530648
974 0.613262 0.231607 0.0573471
975 0.613262 0.195622 0.0506709
976 0.613262 0.225357 0.0522437
977 0.613262 0.248194 0.0497524
978 0.613262 0.254369 0.0507681
979 0.613262 0.234946 0.0501505
980 0.613262 0.248051 0.0577798
981 0.613262 0.224608 0.0506155
982 0.613262 0.205443 0.0515434
983 0.613262 0.222042 0.0541277
984 0.613262 0.204459 0.0537722
985 0.613262 0.217104 0.0566613
986 0.613262 0.195406 0.054868
987 0.613262 0.205999 0.054537
988 0.613262 0.192263 0.0544563
989 0.613262 0.200969 0.0526133
990 0.613262 0.19586 0.0533318
991 0.613262 0.200202 0.050541
992 0.613262 0.217455 0.0584208
993 0.613262 0.219032 0.0564828
994 0.613262 0.210231 0.0595721
995 0.613262 0.200442 0.053936
996 0.613262 0.209301 0.0518924
997 0.613262 0.227491 0.0561654
998 0.613262 0.207807 0.0563133
999 0.613262 0.220784 0.056872
1000 0.613262 0.216969 0.0544827
