0 0.250349 0.0502532 0.00409586
1 0.250349 0.0652465 0.00424263
2 0.418858 0.074452 0.00535017
3 0.418858 0.0854978 0.00497841
4 0.418858 0.0857154 0.00601652
5 0.418858 0.0920745 0.0056636
6 0.418858 0.0995188 0.00517412
7 0.418858 0.105711 0.0049517
8 0.418858 0.104154 0.00706145
9 0.418858 0.0996854 0.00759218
10 0.418858 0.110431 0.00797163
11 0.46666 0.117155 0.0114933
12 0.46666 0.115057 0.0134589
13 0.494818 0.13572 0.014892
14 0.501209 0.136207 0.0158085
14 0.525865 0.0567879 0.0206114
15 0.525865 0.0768309 0.0262687
16 0.530478 0.0926089 0.032617
17 0.532812 0.109361 0.0339779
18 0.532812 0.107901 0.0370347
19 0.532812 0.112483 0.0378746
20 0.532812 0.11247 0.0376035
21 0.563022 0.142962 0.0425721
22 0.563022 0.156437 0.0471951
23 0.563022 0.169998 0.0477735
24 0.565429 0.179733 0.048819
25 0.570933 0.150701 0.0457884
26 0.570933 0.168881 0.0507062
27 0.579436 0.200397 0.0507956
28 0.579436 0.172574 0.0467986
29 0.60355 0.180867 0.0495189
30 0.60355 0.191653 0.0519241
31 0.60355 0.197197 0.0485093
32 0.60355 0.193518 0.0502721
33 0.60355 0.225721 0.0462538
34 0.60355 0.245388 0.0449992
35 0.60355 0.246172 0.0447267
36 0.60355 0.246326 0.0493188
37 0.60355 0.242047 0.0480357
38 0.60355 0.249162 0.0507762
39 0.60355 0.215127 0.0496889
40 0.60355 0.215959 0.0513842
41 0.60355 0.239204 0.0545184
42 0.60355 0.207841 0.0537938
43 0.60355 0.186971 0.0457066
44 0.60355 0.217341 0.0524427
45 0.613688 0.220548 0.053322
46 0.613688 0.232328 0.0531443
47 0.613688 0.206264 0.0489186
48 0.613688 0.223653 0.0545695
49 0.613688 0.20342 0.0474846
50 0.613688 0.191515 0.045723
51 0.613688 0.209138 0.0495703
52 0.613688 0.242259 0.0506972
53 0.613688 0.246439 0.0518303
54 0.613688 0.214709 0.0508449
55 0.613688 0.223408 0.0519738
56 0.613688 0.23805 0.0510142
57 0.613688 0.204674 0.0486705
58 0.613688 0.207057 0.0511159
59 0.613688 0.205308 0.0527498
60 0.613688 0.200911 0.0513127
61 0.613688 0.227226 0.0519481
62 0.613688 0.237624 0.0510735
63 0.613688 0.252522 0.0527722
64 0.613688 0.266626 0.0516463
65 0.613688 0.241139 0.0536178
66 0.613688 0.250847 0.0569761
67 0.613688 0.240341 0.0521013
68 0.613688 0.23232 0.0460598
69 0.613688 0.232037 0.0498727
70 0.613688 0.235016 0.0511144
71 0.613688 0.248761 0.0544592
72 0.613688 0.209827 0.0498002
73 0.613688 0.201529 0.0485697
74 0.613688 0.207627 0.0491726
75 0.613688 0.202838 0.0530622
76 0.613688 0.200285 0.0531896
77 0.613688 0.236983 0.0548179
78 0.613688 0.24265 0.0525422
79 0.613688 0.226111 0.0515398
80 0.613688 0.22867 0.0526957
81 0.613688 0.229245 0.0519824
82 0.613688 0.202921 0.053385
83 0.613688 0.213931 0.0554607
84 0.613688 0.215511 0.0531684
85 0.613688 0.220571 0.0549214
86 0.613688 0.218072 0.0543861
87 0.613688 0.193503 0.0498619
88 0.613688 0.211751 0.0550553
89 0.613688 0.195643 0.0521326
90 0.613688 0.218471 0.0494037
91 0.613688 0.203773 0.0526825
92 0.613688 0.216497 0.051917
93 0.613688 0.217761 0.0570471
94 0.613688 0.221555 0.0565236
95 0.613688 0.188558 0.0540915
96 0.613688 0.171937 0.0516135
97 0.613688 0.203536 0.0536602
98 0.613688 0.224904 0.0593813
99 0.613688 0.229325 0.053694
100 0.613688 0.23988 0.057239
101 0.613688 0.235391 0.0575793
102 0.613688 0.234447 0.053639
103 0.613688 0.203009 0.0500734
104 0.613688 0.227196 0.0549687
105 0.613688 0.225937 0.0577973
106 0.613688 0.20138 0.0580235
107 0.613688 0.205902 0.0542552
108 0.613688 0.227309 0.0557856
109 0.613688 0.192534 0.0512804
110 0.613688 0.209991 0.0541504
111 0.613688 0.235734 0.0525341
112 0.613688 0.227931 0.0591844
113 0.613688 0.234983 0.0548465
114 0.613688 0.222192 0.0525502
115 0.613688 0.205529 0.0486321
116 0.613688 0.195522 0.0470301
117 0.613688 0.207367 0.053032
118 0.613688 0.213973 0.0521864
119 0.613688 0.221351 0.0486614
120 0.613688 0.243071 0.0505665
121 0.613688 0.217148 0.0520644
122 0.613688 0.202362 0.0513741
123 0.613688 0.202261 0.0476905
124 0.613688 0.194668 0.0464423
125 0.613688 0.235095 0.053556
126 0.613688 0.227549 0.0528418
127 0.613688 0.242248 0.0547974
128 0.613688 0.241631 0.0557762
129 0.613688 0.249259 0.056394
130 0.613688 0.253795 0.0533178
131 0.613688 0.257713 0.0519121
132 0.613688 0.215286 0.0543252
133 0.613688 0.221138 0.0538699
134 0.613688 0.24051 0.0525308
135 0.613688 0.231598 0.0526884
136 0.613688 0.217598 0.0507775
137 0.613688 0.200591 0.0556335
138 0.613688 0.198406 0.0531478
139 0.613688 0.182608 0.0533326
140 0.613688 0.188229 0.05702
141 0.614109 0.171335 0.0583168
142 0.614109 0.185935 0.0528803
143 0.614109 0.196521 0.052144
144 0.614109 0.196248 0.0497669
145 0.614109 0.208011 0.0536945
146 0.614109 0.218066 0.0577094
147 0.614109 0.219432 0.0538751
148 0.614109 0.24346 0.0551628
149 0.614109 0.233027 0.0518775
150 0.614109 0.223706 0.0489689
151 0.614109 0.235318 0.0511071
152 0.614109 0.245162 0.0556205
153 0.614109 0.234295 0.0528628
154 0.614109 0.194351 0.0492883
155 0.614109 0.195756 0.0499373
156 0.614109 0.192704 0.0476644
157 0.614109 0.219315 0.0492765
158 0.614109 0.214614 0.0527138
159 0.614109 0.230534 0.0506596
160 0.614109 0.235425 0.049451
161 0.614109 0.208211 0.0512491
162 0.614109 0.216854 0.0584304
163 0.614109 0.258505 0.0551286
164 0.614109 0.230726 0.0509341
165 0.614109 0.255601 0.0557518
166 0.614109 0.258886 0.0546108
167 0.614109 0.227376 0.0545273
168 0.614109 0.232842 0.0531406
169 0.614109 0.227589 0.0549917
170 0.614109 0.209297 0.0555787
171 0.614109 0.224514 0.0528361
172 0.614109 0.220477 0.0488315
173 0.614109 0.213821 0.0524983
174 0.614109 0.217743 0.0545696
175 0.614109 0.230421 0.0548125
176 0.614109 0.214983 0.0541842
177 0.614109 0.23846 0.0532296
178 0.614109 0.254645 0.0508605
179 0.614109 0.230334 0.0534403
180 0.614109 0.248103 0.0580552
181 0.614109 0.252123 0.0562463
182 0.614109 0.218312 0.0497437
183 0.614109 0.217426 0.0492479
184 0.614109 0.217701 0.0544412
185 0.614109 0.193476 0.0593871
186 0.614109 0.202107 0.0545686
187 0.614109 0.209862 0.0578433
188 0.614109 0.175966 0.0555251
189 0.614109 0.208007 0.0570976
190 0.614109 0.215088 0.0564897
191 0.614109 0.230176 0.0545983
192 0.614109 0.21937 0.0595367
193 0.614109 0.222305 0.058565
194 0.614109 0.225787 0.0604716
195 0.614109 0.263501 0.0566384
196 0.614109 0.257818 0.0531492
197 0.614109 0.258499 0.0543528
198 0.614109 0.23834 0.054872
199 0.614109 0.245329 0.0550542
200 0.614109 0.243484 0.0542071
201 0.614109 0.264353 0.0506722
202 0.614109 0.244479 0.0493294
203 0.614109 0.229452 0.049148
204 0.614109 0.236611 0.0519194
205 0.614109 0.214231 0.0584686
206 0.614109 0.239432 0.0568327
207 0.614109 0.246076 0.0545181
208 0.614109 0.215607 0.0508032
209 0.614109 0.219716 0.0521028
210 0.614109 0.200579 0.0533914
211 0.614109 0.199397 0.050544
212 0.614109 0.212711 0.0526507
213 0.614109 0.211857 0.0558857
214 0.614109 0.182395 0.054002
215 0.614109 0.201288 0.0579227
216 0.614109 0.216729 0.0583882
217 0.614109 0.214877 0.0540273
218 0.614109 0.223095 0.0545221
219 0.614109 0.202902 0.0538057
220 0.614109 0.229593 0.0509632
221 0.614109 0.229646 0.0509113
222 0.614109 0.228313 0.0477727
223 0.614109 0.235422 0.0529783
224 0.614109 0.245738 0.0530451
225 0.614109 0.203904 0.054285
226 0.614109 0.21611 0.0538329
227 0.614109 0.214375 0.053951
228 0.614109 0.218873 0.0514719
229 0.614109 0.238284 0.052968
230 0.614109 0.23997 0.0555163
231 0.614109 0.238767 0.0501999
232 0.614109 0.24549 0.0541279
233 0.614109 0.22599 0.0572006
234 0.614109 0.201755 0.0472951
235 0.614109 0.206428 0.0493899
236 0.614109 0.208669 0.0528931
237 0.614109 0.205343 0.0510326
238 0.614109 0.208176 0.0556946
239 0.614109 0.226402 0.0593015
240 0.614109 0.226557 0.055359
241 0.614109 0.199588 0.0536021
242 0.614109 0.189296 0.0540864
243 0.614109 0.202275 0.0561693
244 0.614109 0.211837 0.0566487
245 0.614109 0.223669 0.0595379
246 0.614109 0.23847 0.052541
247 0.614109 0.250101 0.0529635
248 0.614109 0.231637 0.0526018
249 0.614109 0.226332 0.0526689
250 0.614109 0.235648 0.0505475
251 0.614109 0.233815 0.0528122
252 0.614109 0.220727 0.053504
253 0.614109 0.231703 0.0540162
254 0.614109 0.242448 0.0527383
255 0.614109 0.233108 0.0505082
256 0.614109 0.276505 0.0557296
257 0.614109 0.260335 0.0558807
258 0.614109 0.266052 0.0527697
259 0.614109 0.230855 0.0522509
260 0.614109 0.269037 0.0487748
261 0.614109 0.244018 0.0561929
262 0.614109 0.233523 0.0531275
263 0.614109 0.240807 0.0506655
264 0.614109 0.274717 0.0491023
265 0.614109 0.272526 0.0478593
266 0.614109 0.24864 0.0521995
267 0.614109 0.229893 0.053776
268 0.614109 0.23874 0.0548772
269 0.614109 0.222698 0.0542249
270 0.614109 0.250929 0.0555935
271 0.614109 0.229976 0.0604523
272 0.614109 0.19772 0.0539242
273 0.614109 0.210527 0.0502328
274 0.614109 0.228601 0.0558384
275 0.614109 0.233876 0.0532365
276 0.614109 0.219043 0.0501929
277 0.614109 0.202073 0.0511507
278 0.614109 0.192053 0.051081
279 0.614109 0.210646 0.0538946
280 0.614109 0.204402 0.0507056
281 0.614109 0.200109 0.0516919
282 0.614109 0.20938 0.0521201
283 0.614109 0.205644 0.0536175
284 0.614109 0.219508 0.0515715
285 0.614109 0.23025 0.0571332
286 0.614109 0.230465 0.0543147
287 0.614109 0.226205 0.0530423
288 0.614109 0.223639 0.0497879
289 0.614279 0.226398 0.055802
290 0.614279 0.219649 0.052851
291 0.614279 0.233714 0.0547445
292 0.614279 0.23287 0.0549726
293 0.614279 0.242904 0.0492798
294 0.614279 0.242141 0.0563183
295 0.614279 0.253674 0.0521981
296 0.614279 0.24736 0.05533
297 0.614279 0.232127 0.0533395
298 0.614279 0.217026 0.0516604
299 0.614279 0.221936 0.0515065
300 0.614279 0.215471 0.0519843
301 0.614279 0.228305 0.0525128
302 0.614279 0.19992 0.0562861
303 0.614279 0.215161 0.0564899
304 0.614279 0.228642 0.0556317
305 0.614279 0.238932 0.0562143
306 0.614279 0.245499 0.0556502
307 0.614279 0.252238 0.0547264
308 0.614279 0.244071 0.0524384
309 0.614279 0.239526 0.0510488
310 0.614279 0.236215 0.0607844
311 0.614279 0.22965 0.0563738
312 0.614279 0.225225 0.0565775
313 0.614279 0.219272 0.0513161
314 0.614279 0.221181 0.0530918
315 0.614439 0.217884 0.0516093
316 0.614439 0.240411 0.0566976
317 0.614439 0.214693 0.0547153
318 0.614439 0.201246 0.0550378
319 0.614439 0.227965 0.0593328
320 0.614439 0.214109 0.0520261
321 0.614439 0.237867 0.0520672
322 0.614439 0.241831 0.0520351
323 0.614439 0.256244 0.0529327
324 0.614439 0.240004 0.0515928
325 0.614439 0.214506 0.0553926
326 0.614439 0.21745 0.0547102
327 0.614439 0.192172 0.052531
328 0.614439 0.183072 0.0487964
329 0.614439 0.215787 0.0515052
330 0.614439 0.226832 0.0534254
331 0.614439 0.243101 0.0518538
332 0.614439 0.231662 0.055591
333 0.614439 0.232645 0.0496273
334 0.614439 0.220057 0.0499341
335 0.614439 0.237313 0.0510629
336 0.614439 0.236803 0.0530418
337 0.614439 0.233075 0.0532344
338 0.614439 0.198479 0.049902
339 0.614439 0.219458 0.0541773
340 0.614439 0.200557 0.0529165
341 0.614439 0.201429 0.0553409
342 0.614439 0.233414 0.0546023
343 0.614439 0.212761 0.0587075
344 0.614439 0.272118 0.0570094
345 0.614439 0.2677 0.0589963
346 0.614439 0.247792 0.0557079
347 0.614439 0.189557 0.054244
348 0.614439 0.20325 0.0522279
349 0.614439 0.239723 0.0536246
350 0.614439 0.246917 0.0552449
351 0.614439 0.219734 0.0498878
352 0.614439 0.220918 0.0550053
353 0.614439 0.224226 0.0567838
354 0.614439 0.211779 0.0517407
355 0.614439 0.235981 0.0474603
356 0.614439 0.212554 0.0531396
357 0.614439 0.204457 0.0530244
358 0.614439 0.200675 0.0483023
359 0.614439 0.192822 0.0485122
360 0.614439 0.208545 0.0498458
361 0.614439 0.228761 0.0507075
362 0.614439 0.226572 0.0503709
363 0.614439 0.237284 0.0528128
364 0.614439 0.262392 0.0484635
365 0.614439 0.22227 0.0505511
366 0.614439 0.192983 0.0485834
367 0.614439 0.211314 0.048106
368 0.614439 0.224131 0.0485715
369 0.614439 0.236028 0.052721
370 0.614439 0.20704 0.0542066
371 0.614439 0.21348 0.0479697
372 0.614439 0.231902 0.0538283
373 0.614439 0.259233 0.0551281
374 0.614439 0.207611 0.0533527
375 0.614439 0.243133 0.0575924
376 0.614439 0.224504 0.0544123
377 0.614439 0.239575 0.0594912
378 0.614439 0.234828 0.0570724
379 0.614439 0.231342 0.0503566
380 0.614439 0.235855 0.0529279
381 0.614439 0.217157 0.0526726
382 0.614439 0.202657 0.0497454
383 0.614439 0.192747 0.0510283
384 0.614439 0.25355 0.0553799
385 0.614439 0.21133 0.0565285
386 0.614439 0.220725 0.0550659
387 0.614439 0.231187 0.0585591
388 0.614439 0.22597 0.0586021
389 0.614439 0.219957 0.0525251
390 0.614439 0.215126 0.0577973
391 0.614439 0.213506 0.0589426
392 0.614439 0.196666 0.0593926
393 0.614439 0.196604 0.0576661
394 0.614439 0.21275 0.057417
395 0.614439 0.221683 0.051691
396 0.614439 0.215414 0.0550116
397 0.614439 0.222459 0.0547647
398 0.614439 0.21858 0.0522116
399 0.614439 0.231037 0.0547717
400 0.614439 0.248172 0.0570991
401 0.614439 0.25716 0.0601892
402 0.614439 0.229899 0.0574412
403 0.614439 0.220857 0.0543113
404 0.614439 0.24835 0.0554614
405 0.614439 0.231115 0.0560263
406 0.614439 0.20517 0.0535011
407 0.614439 0.200132 0.0609858
408 0.614439 0.21082 0.0555058
409 0.614439 0.203336 0.0482961
410 0.614439 0.231643 0.0546357
411 0.614439 0.220932 0.0553476
412 0.614439 0.184802 0.0519045
413 0.614439 0.173614 0.0518707
414 0.614439 0.200873 0.0570764
415 0.614439 0.200256 0.05595
416 0.614439 0.218321 0.05332
417 0.614439 0.224495 0.0522226
418 0.614439 0.230929 0.0557519
419 0.614439 0.249311 0.0535102
420 0.614439 0.243908 0.0545846
421 0.614439 0.229368 0.053415
422 0.614439 0.249241 0.0531286
423 0.614439 0.218423 0.0508992
424 0.614439 0.219444 0.0533846
425 0.614439 0.200814 0.0556635
426 0.614439 0.180409 0.050468
427 0.614439 0.183612 0.0586229
428 0.614439 0.192598 0.0566775
429 0.614439 0.213738 0.0599091
430 0.614439 0.196309 0.0558324
431 0.614439 0.172565 0.05001
432 0.614439 0.194896 0.051627
433 0.614439 0.209739 0.0536053
434 0.614439 0.208488 0.0580659
435 0.614439 0.209888 0.0584385
436 0.614439 0.213249 0.0580943
437 0.614439 0.209019 0.0562706
438 0.614439 0.207922 0.0549715
439 0.614439 0.233729 0.0551861
440 0.614439 0.235772 0.0559419
441 0.614439 0.232406 0.0546719
442 0.614439 0.235931 0.0584625
443 0.614439 0.237725 0.0609626
444 0.614439 0.239979 0.0614819
445 0.614439 0.226058 0.0576781
446 0.614439 0.229663 0.0554142
447 0.614439 0.228338 0.0521701
448 0.614439 0.232747 0.0515075
449 0.614439 0.221221 0.057332
450 0.614439 0.212097 0.0528312
451 0.614629 0.179595 0.052362
452 0.614629 0.184702 0.0558693
453 0.614629 0.195037 0.0578706
454 0.614629 0.204121 0.0570559
455 0.614629 0.216761 0.0594994
456 0.614629 0.197133 0.0578598
457 0.614629 0.214964 0.0588157
458 0.614629 0.196112 0.0543772
459 0.614629 0.188773 0.0518089
460 0.614629 0.190884 0.0512936
461 0.614629 0.191365 0.0513073
462 0.614629 0.169151 0.0492346
463 0.614629 0.168229 0.0511768
464 0.614629 0.191654 0.0547709
465 0.614629 0.204067 0.0551829
466 0.614629 0.208573 0.0468728
467 0.614629 0.229957 0.0506478
468 0.614629 0.220662 0.0535005
469 0.614629 0.208017 0.0523051
470 0.614629 0.225946 0.0547546
471 0.614629 0.23124 0.058396
472 0.614629 0.184586 0.055243
473 0.614629 0.173248 0.057585
474 0.614629 0.1792 0.0554455
475 0.614629 0.175326 0.0533004
476 0.614629 0.205173 0.0569217
477 0.614629 0.195573 0.0559236
478 0.614629 0.227304 0.0600709
479 0.614629 0.224939 0.0596928
480 0.614629 0.242097 0.0556552
481 0.614629 0.23021 0.0573985
482 0.614629 0.236466 0.0579771
483 0.614629 0.229329 0.0571609
484 0.614629 0.220833 0.055369
485 0.614629 0.190583 0.0486206
486 0.614629 0.18472 0.0509332
487 0.614629 0.20922 0.0538159
488 0.614629 0.225781 0.052423
489 0.614629 0.243777 0.0560747
490 0.614629 0.217876 0.054237
491 0.614629 0.211963 0.0608255
492 0.614629 0.223265 0.0589191
493 0.614629 0.229179 0.0587788
494 0.615328 0.212288 0.0509991
495 0.615328 0.215055 0.0526116
496 0.615328 0.223767 0.0526419
497 0.615328 0.214362 0.0535741
498 0.615328 0.223451 0.0574695
499 0.615328 0.234314 0.0504081
500 0.615328 0.234751 0.0481176
501 0.615328 0.240043 0.0540422
502 0.615328 0.240106 0.0552186
503 0.615328 0.213062 0.0508381
504 0.615328 0.240137 0.0529832
505 0.615328 0.242655 0.0576089
506 0.615328 0.25252 0.0604315
507 0.615328 0.229739 0.0582761
508 0.615328 0.232601 0.0540722
509 0.615328 0.229128 0.0529287
510 0.615328 0.222528 0.0539422
511 0.615328 0.232552 0.0524784
512 0.615328 0.225655 0.0557922
513 0.615328 0.227935 0.0536636
514 0.615328 0.209842 0.0571012
515 0.615328 0.211248 0.0530871
516 0.615328 0.235808 0.0518111
517 0.615328 0.251319 0.0557326
518 0.615328 0.233462 0.0587025
519 0.615328 0.209249 0.0534636
520 0.615328 0.206337 0.047917
521 0.615328 0.196312 0.0468291
522 0.615328 0.227789 0.0520671
523 0.615328 0.241295 0.0557924
524 0.615328 0.240108 0.0593043
525 0.615328 0.216835 0.05567
526 0.615328 0.224457 0.0510272
527 0.615328 0.233218 0.0522103
528 0.615328 0.221884 0.0547663
529 0.615328 0.237053 0.0556351
530 0.615328 0.223655 0.0521189
531 0.615328 0.206644 0.0513531
532 0.615328 0.249037 0.056681
533 0.615328 0.231997 0.0555995
534 0.615328 0.238505 0.0531627
535 0.615328 0.217838 0.0592763
536 0.615328 0.208672 0.0549343
537 0.615328 0.195693 0.0508068
538 0.615328 0.213636 0.0534909
539 0.615328 0.24692 0.0576139
540 0.615328 0.24638 0.0531205
541 0.615328 0.242358 0.0555325
542 0.615328 0.236066 0.0513416
543 0.615328 0.218834 0.0529408
544 0.615328 0.214141 0.0511335
545 0.615328 0.201542 0.0500922
546 0.615328 0.248398 0.055816
547 0.615328 0.252789 0.054052
548 0.615328 0.22801 0.0502367
549 0.615328 0.232961 0.0570932
550 0.615328 0.217749 0.0529893
551 0.615328 0.179958 0.0509995
552 0.615328 0.160691 0.0482306
553 0.615328 0.17913 0.053898
554 0.615328 0.212332 0.0613881
555 0.615328 0.193685 0.0538265
556 0.615328 0.210699 0.057234
557 0.615328 0.224983 0.0554916
558 0.615328 0.231977 0.0619899
559 0.615328 0.237459 0.0591156
560 0.615328 0.251906 0.0546115
561 0.615328 0.219185 0.0509016
562 0.615328 0.247393 0.0547026
563 0.615328 0.2465 0.0535053
564 0.615328 0.240486 0.0527551
565 0.615328 0.213224 0.0532979
566 0.615328 0.239557 0.0549391
567 0.615328 0.244733 0.0551518
568 0.615328 0.266951 0.052635
569 0.615328 0.249968 0.0526077
570 0.615328 0.21056 0.0524609
571 0.615328 0.208197 0.0516257
572 0.615328 0.215951 0.0545718
573 0.615328 0.223276 0.0522189
574 0.615328 0.227406 0.0513681
575 0.615328 0.234454 0.059077
576 0.615328 0.237767 0.0581341
577 0.615328 0.246917 0.0579006
578 0.615328 0.237965 0.0567862
579 0.615328 0.245584 0.0639629
580 0.615328 0.267373 0.0605906
581 0.615328 0.246918 0.0564039
582 0.615328 0.199727 0.0524995
583 0.615328 0.208377 0.0522161
584 0.615328 0.223427 0.0549046
585 0.615328 0.241633 0.0554553
586 0.615328 0.243446 0.0517499
587 0.615328 0.231377 0.0553732
588 0.615328 0.194992 0.0539388
589 0.615328 0.191288 0.0520733
590 0.615328 0.20592 0.0531609
591 0.615328 0.203179 0.0537096
592 0.615328 0.226357 0.0555578
593 0.615328 0.22758 0.0531617
594 0.615328 0.226523 0.0562457
595 0.615328 0.240587 0.0516567
596 0.615328 0.219567 0.0539415
597 0.615328 0.2205 0.0486783
598 0.615328 0.226809 0.0507906
599 0.615328 0.259289 0.0515979
600 0.615328 0.252211 0.0541544
601 0.615328 0.265543 0.0543652
602 0.615328 0.242858 0.0508859
603 0.615328 0.219961 0.0544673
604 0.615328 0.218002 0.0474895
605 0.615328 0.230412 0.0490373
606 0.615328 0.21967 0.0545005
607 0.615328 0.216855 0.0506351
608 0.615328 0.21566 0.0563765
609 0.615328 0.218798 0.0598541
610 0.615328 0.21929 0.0533699
611 0.615328 0.23197 0.0550671
612 0.615328 0.260649 0.0547292
613 0.615328 0.275201 0.051911
614 0.615328 0.255818 0.052215
615 0.615328 0.272658 0.0546569
616 0.615328 0.2662 0.054369
617 0.615328 0.255138 0.056046
618 0.615328 0.232211 0.0540862
619 0.615328 0.224692 0.0528494
620 0.615328 0.230938 0.0572115
621 0.615328 0.207364 0.0510989
622 0.615328 0.220121 0.0549462
623 0.615328 0.179109 0.0518277
624 0.615328 0.199137 0.0543296
625 0.615328 0.196926 0.0538802
626 0.615328 0.216301 0.0559373
627 0.615328 0.194693 0.0536554
628 0.615328 0.193374 0.0534244
629 0.615328 0.231905 0.0533873
630 0.615328 0.239394 0.0568284
631 0.615328 0.216323 0.0511263
632 0.615328 0.229166 0.0507549
633 0.615328 0.246784 0.054655
634 0.615328 0.241504 0.0549542
635 0.615328 0.212382 0.0483852
636 0.615328 0.220393 0.0471341
637 0.615328 0.228966 0.0478933
638 0.615328 0.210357 0.0498767
639 0.615328 0.204256 0.0512374
640 0.615328 0.214419 0.0546214
641 0.615328 0.230212 0.0559351
642 0.615328 0.235982 0.0580191
643 0.615328 0.209885 0.0530291
644 0.615328 0.198124 0.0547372
645 0.615328 0.244579 0.0561904
646 0.615328 0.240573 0.0590051
647 0.615328 0.241761 0.0573937
648 0.615328 0.234063 0.0557463
649 0.615328 0.200656 0.0541983
650 0.615328 0.200462 0.0552388
651 0.615328 0.200038 0.0545771
652 0.615328 0.216963 0.0595268
653 0.615328 0.221892 0.0535469
654 0.615328 0.186666 0.055052
655 0.615328 0.198143 0.0558897
656 0.615328 0.209983 0.0568113
657 0.615328 0.209194 0.0548331
658 0.615328 0.217428 0.0524887
659 0.615328 0.213555 0.055721
660 0.615328 0.223148 0.0607122
661 0.615328 0.196024 0.0564479
662 0.615328 0.223944 0.0530074
663 0.615328 0.220301 0.0566446
664 0.615328 0.212413 0.0575597
665 0.615328 0.215442 0.0540314
666 0.615328 0.214887 0.0599741
667 0.615328 0.254258 0.0591968
668 0.615328 0.241717 0.0606195
669 0.615328 0.210998 0.0607999
670 0.615328 0.225528 0.0575351
671 0.615328 0.243111 0.0583909
672 0.615328 0.202017 0.0574731
673 0.615328 0.179989 0.0514393
674 0.615328 0.174817 0.0499674
675 0.615328 0.203925 0.052897
676 0.615328 0.202322 0.0554285
677 0.615328 0.22602 0.0574718
678 0.615328 0.225692 0.0553912
679 0.615328 0.228064 0.0571422
680 0.615328 0.207404 0.05155
681 0.615328 0.227035 0.0543973
682 0.615328 0.214554 0.0524692
683 0.615328 0.218864 0.0590947
684 0.615328 0.211736 0.0537754
685 0.615328 0.197826 0.0513793
686 0.615328 0.220147 0.0540095
687 0.615328 0.218586 0.0558577
688 0.615328 0.207203 0.0540651
689 0.615328 0.203665 0.0554244
690 0.615328 0.203575 0.0593154
691 0.615328 0.235369 0.0607544
692 0.615328 0.206388 0.0541115
693 0.615328 0.192006 0.0509825
694 0.615328 0.21228 0.0541158
695 0.615328 0.228466 0.0537071
696 0.615328 0.214103 0.0538581
697 0.615328 0.224201 0.0562561
698 0.615328 0.198059 0.0475612
699 0.615328 0.264033 0.0498764
700 0.615328 0.239246 0.0516171
701 0.615328 0.199063 0.0502785
702 0.615328 0.19071 0.0556625
703 0.615328 0.227621 0.0583699
704 0.615328 0.218503 0.0564616
705 0.615328 0.235831 0.0562798
706 0.615328 0.242744 0.0595291
707 0.615328 0.253672 0.0539445
708 0.615328 0.224004 0.0582746
709 0.615328 0.246639 0.0551435
710 0.615328 0.224348 0.0533704
711 0.615328 0.206156 0.05519
712 0.615328 0.204855 0.0514836
713 0.615328 0.211523 0.0563391
714 0.615328 0.22965 0.0482535
715 0.615328 0.231906 0.0544012
716 0.615328 0.243943 0.0538539
717 0.615328 0.279782 0.0468931
718 0.615328 0.27208 0.0546068
719 0.615328 0.273947 0.0546171
720 0.615328 0.233775 0.0558751
721 0.615328 0.262973 0.0518456
722 0.615328 0.254918 0.0496132
723 0.615328 0.249699 0.0534377
724 0.615328 0.22247 0.0480848
725 0.615328 0.241814 0.050223
726 0.615328 0.209723 0.0537673
727 0.615328 0.23113 0.0514161
728 0.615328 0.233808 0.0496346
729 0.615328 0.221293 0.0498466
730 0.615328 0.213896 0.0461036
731 0.615328 0.210498 0.0498208
732 0.615328 0.213142 0.0507894
733 0.615328 0.183975 0.0542664
734 0.615328 0.199833 0.0549027
735 0.615328 0.216057 0.055683
736 0.615328 0.211941 0.0556668
737 0.615328 0.209571 0.0504226
738 0.615328 0.224265 0.0539821
739 0.615328 0.21931 0.0562764
740 0.615328 0.224913 0.0505208
741 0.615328 0.214788 0.0491966
742 0.615328 0.230375 0.0487228
743 0.615328 0.240532 0.0496978
744 0.615328 0.213779 0.0540284
745 0.615328 0.216181 0.0529797
746 0.615328 0.218285 0.049532
747 0.615328 0.210432 0.0535296
748 0.615328 0.240443 0.0569708
749 0.615328 0.221844 0.0600488
750 0.615328 0.194411 0.0526737
751 0.615328 0.207363 0.055552
752 0.615328 0.209955 0.0565001
753 0.615328 0.219777 0.0538098
754 0.615328 0.231239 0.0555425
755 0.615328 0.243644 0.0595605
756 0.615328 0.246937 0.0573516
757 0.615328 0.234763 0.0564781
758 0.615328 0.214049 0.0550008
759 0.615328 0.209947 0.0554659
760 0.615328 0.198332 0.0527148
761 0.615328 0.223339 0.0559013
762 0.615328 0.235945 0.0595685
763 0.615328 0.218369 0.057537
764 0.615328 0.255874 0.0594517
765 0.615328 0.249628 0.0603682
766 0.615328 0.209806 0.0611352
767 0.615328 0.211297 0.0580104
768 0.615328 0.201025 0.0612836
769 0.615328 0.190898 0.0558064
770 0.615328 0.219492 0.0567506
771 0.615328 0.21878 0.0569983
772 0.615328 0.229087 0.061554
773 0.615328 0.225073 0.0591637
774 0.615328 0.214351 0.0539305
775 0.615328 0.22014 0.0525569
776 0.615328 0.220155 0.0543724
777 0.615328 0.197993 0.0498205
778 0.615328 0.206267 0.0537289
779 0.615328 0.201848 0.0491513
780 0.615328 0.206235 0.0530667
781 0.615328 0.234439 0.0561031
782 0.615328 0.235021 0.0587102
783 0.615328 0.22222 0.0554458
784 0.615328 0.212874 0.0555518
785 0.615328 0.213192 0.0523553
786 0.615328 0.220134 0.0564665
787 0.615328 0.181791 0.0538063
788 0.615328 0.219329 0.0566977
789 0.615328 0.205245 0.0540514
790 0.615328 0.209994 0.0529412
791 0.615328 0.215004 0.0532161
792 0.615328 0.223589 0.0548361
793 0.615328 0.231525 0.0535031
794 0.615328 0.211134 0.0497576
795 0.615328 0.208331 0.0519332
796 0.615328 0.235299 0.0518611
797 0.615328 0.215749 0.0558228
798 0.615328 0.212867 0.0538855
799 0.615328 0.201306 0.0519499
800 0.615328 0.178118 0.0518804
801 0.615328 0.201357 0.0537808
802 0.615328 0.190975 0.0531156
803 0.615328 0.18646 0.0536671
804 0.615328 0.197096 0.0522837
805 0.615328 0.195839 0.0527452
806 0.615328 0.191246 0.0522165
807 0.615328 0.200795 0.0506976
808 0.615328 0.217422 0.0560291
809 0.615328 0.205527 0.0521093
810 0.615328 0.200269 0.054055
811 0.615328 0.231251 0.0555267
812 0.615328 0.220704 0.0521704
813 0.615328 0.241775 0.05249
814 0.615328 0.237619 0.0549479
815 0.615328 0.229559 0.0531849
816 0.615328 0.233208 0.0552059
817 0.615328 0.255404 0.0568368
818 0.615328 0.237414 0.0599844
819 0.615328 0.219345 0.0580383
820 0.615328 0.206762 0.0552299
821 0.615328 0.190917 0.0501461
822 0.615328 0.21907 0.052628
823 0.615328 0.228164 0.0512335
824 0.615328 0.216269 0.0501059
825 0.615328 0.236402 0.0511403
826 0.615328 0.221848 0.0507812
827 0.615328 0.240978 0.0590169
828 0.615328 0.254292 0.056181
829 0.615328 0.223522 0.0538542
830 0.615328 0.226972 0.0529052
831 0.615328 0.240399 0.0541606
832 0.615328 0.20062 0.04978
833 0.615328 0.207132 0.0529574
834 0.615328 0.22651 0.0525075
835 0.615328 0.222909 0.0524946
836 0.615328 0.233198 0.0510307
837 0.615328 0.222582 0.0465159
838 0.615328 0.208495 0.0552496
839 0.615328 0.209439 0.0535096
840 0.615328 0.239913 0.0579014
841 0.615328 0.216499 0.0533967
842 0.615328 0.214065 0.0524405
843 0.615328 0.216717 0.0527708
844 0.615328 0.223351 0.0537609
845 0.615328 0.191745 0.0508453
846 0.615328 0.216468 0.0552674
847 0.615328 0.24313 0.0605447
848 0.615328 0.231411 0.0569833
849 0.615328 0.229892 0.0541244
850 0.615328 0.250002 0.0569286
851 0.615328 0.237343 0.0549582
852 0.615328 0.223966 0.0555819
853 0.615328 0.210372 0.0502218
854 0.615328 0.180545 0.0485061
855 0.615328 0.205609 0.0532874
856 0.615328 0.198647 0.0475125
857 0.615328 0.199836 0.0502551
858 0.615328 0.213001 0.0519613
859 0.615328 0.204958 0.0498301
860 0.615328 0.189436 0.0493243
861 0.615328 0.213761 0.0534676
862 0.615328 0.2269 0.0577007
863 0.615328 0.208808 0.0561097
864 0.615328 0.211923 0.0517963
865 0.615328 0.216451 0.0551908
866 0.615328 0.239393 0.0580757
867 0.615328 0.228337 0.0557763
868 0.615328 0.242458 0.0581676
869 0.615328 0.228554 0.0518091
870 0.615328 0.247291 0.0537074
871 0.615328 0.235352 0.0493319
872 0.615328 0.259884 0.056388
873 0.615328 0.230552 0.0541293
874 0.615328 0.219958 0.0556598
875 0.615328 0.244887 0.0520154
876 0.615328 0.21642 0.0564474
877 0.615328 0.227051 0.0566125
878 0.615328 0.222842 0.0543178
879 0.615328 0.225917 0.0544734
880 0.615328 0.228854 0.0530404
881 0.615328 0.261112 0.058075
882 0.615328 0.237106 0.0578183
883 0.615328 0.220897 0.0547673
884 0.615328 0.23738 0.0574648
885 0.615328 0.20049 0.0528362
886 0.615328 0.22276 0.056039
887 0.615328 0.234327 0.0593067
888 0.615328 0.221665 0.0609773
889 0.615328 0.246867 0.0571734
890 0.615328 0.264406 0.0551265
891 0.615328 0.22629 0.0552368
892 0.615328 0.243456 0.0578196
893 0.615328 0.236627 0.0565069
894 0.615328 0.218993 0.0505651
895 0.615328 0.25539 0.0503695
896 0.615328 0.233875 0.0573745
897 0.615328 0.221712 0.0599536
898 0.615328 0.198831 0.0528623
899 0.615328 0.2154 0.0532277
900 0.615328 0.234529 0.0593469
901 0.615328 0.236283 0.0608926
902 0.615328 0.286093 0.0545072
903 0.615328 0.261018 0.0551583
904 0.615328 0.253033 0.0559148
905 0.615328 0.268349 0.0553812
906 0.615328 0.247874 0.0597233
907 0.615328 0.246272 0.0573183
908 0.615328 0.22509 0.0583863
909 0.615328 0.219012 0.0579928
910 0.615328 0.20468 0.0527408
911 0.615328 0.196592 0.0537527
912 0.615328 0.178473 0.0530723
913 0.615328 0.200378 0.0560794
914 0.615328 0.187648 0.0506388
915 0.615328 0.185427 0.0527157
916 0.615328 0.158296 0.0510341
917 0.615328 0.169437 0.0518147
918 0.615328 0.177732 0.0532283
919 0.615328 0.198073 0.0522142
920 0.615328 0.19474 0.0565258
921 0.615328 0.213611 0.0534775
922 0.615328 0.206 0.0524565
923 0.615328 0.200973 0.0539005
924 0.615328 0.175014 0.0510964
925 0.615328 0.210036 0.0555677
926 0.615328 0.206037 0.0525321
927 0.615328 0.194981 0.0522404
928 0.615328 0.181946 0.0495233
929 0.615328 0.214201 0.0542891
930 0.615328 0.206289 0.0557018
931 0.615328 0.199628 0.0536382
932 0.615328 0.198304 0.0561555
933 0.615328 0.198291 0.0571772
934 0.615328 0.234399 0.0597104
935 0.615328 0.223759 0.0591275
936 0.615328 0.216626 0.0532574
937 0.615328 0.19745 0.0520422
938 0.615328 0.212603 0.0537873
939 0.615328 0.213783 0.0569203
940 0.615328 0.223216 0.0563347
941 0.615328 0.225241 0.0531446
942 0.615328 0.189989 0.0486933
943 0.615328 0.20503 0.0464711
944 0.615328 0.211776 0.047855
945 0.615328 0.211666 0.0555395
946 0.615328 0.211789 0.0551662
947 0.615328 0.215528 0.0529122
948 0.615328 0.206425 0.0525624
949 0.615328 0.231187 0.0547569
950 0.615328 0.225499 0.0558047
951 0.615328 0.248666 0.0570775
952 0.615328 0.203795 0.0579992
953 0.615328 0.188829 0.0521098
954 0.615328 0.217901 0.0524638
955 0.615328 0.202653 0.0543862
956 0.615328 0.214281 0.0571619
957 0.615328 0.230847 0.0595278
958 0.615328 0.191111 0.0579525
959 0.615328 0.217799 0.0564443
960 0.615328 0.243464 0.0532654
961 0.615328 0.230518 0.0606896
962 0.615328 0.218136 0.0522441
963 0.615328 0.219722 0.0584651
964 0.615328 0.240798 0.0557255
965 0.615328 0.229661 0.0568579
966 0.615328 0.216194 0.0553306
967 0.615328 0.236636 0.0574478
968 0.615328 0.239144 0.0562014
969 0.615328 0.227888 0.0587968
970 0.615328 0.2171 0.0565825
971 0.615328 0.270083 0.0553442
972 0.615328 0.243866 0.0538414
973 0.615328 0.250141 0.0551606
974 0.615328 0.248185 0.0575478
975 0.615328 0.262567 0.0548922
976 0.615328 0.247114 0.0520843
977 0.615328 0.231198 0.0483901
978 0.615328 0.249928 0.0515476
979 0.615328 0.220126 0.0496934
980 0.615328 0.208906 0.0498358
981 0.615328 0.225011 0.048287
982 0.615328 0.221959 0.0509996
983 0.615328 0.183589 0.0472848
984 0.615328 0.203643 0.0449803
985 0.615328 0.215527 0.0503925
986 0.615328 0.22072 0.0490113
987 0.615328 0.21719 0.0516772
988 0.615328 0.222306 0.0502662
989 0.615328 0.227687 0.0516079
990 0.615328 0.193376 0.0510671
991 0.615328 0.215596 0.053135
992 0.615328 0.223426 0.0562396
993 0.615328 0.212458 0.0517382
994 0.615328 0.203205 0.0516791
995 0.615328 0.227855 0.0548676
996 0.615328 0.200893 0.0582547
997 0.615328 0.193337 0.0573061
998 0.615328 0.172615 0.0525509
999 0.615328 0.217137 0.0548438
1000 0.615328 0.174593 0.0477588
