0 0.125273 0.0528106 0.00382748
1 0.125274 0.0639039 0.00394217
2 0.125275 0.067631 0.00392141
3 0.125275 0.0675537 0.00387856
4 0.125275 0.0808497 0.00357256
5 0.125275 0.079624 0.0036063
6 0.125278 0.0889175 0.00324751
7 0.251779 0.0914411 0.00342772
8 0.300352 0.0995038 0.00341706
9 0.300352 0.0994403 0.0033777
10 0.300533 0.102338 0.00391848
11 0.300533 0.103498 0.00383251
12 0.504716 0.112013 0.00682082
12 0.518397 0.0237342 0.00817179
13 0.518397 0.0342496 0.010362
14 0.518397 0.0528022 0.0144081
15 0.549686 0.074169 0.0194047
16 0.549686 0.068237 0.0202186
17 0.590515 0.0856952 0.0268237
18 0.590515 0.108407 0.0338067
19 0.590515 0.100375 0.0348335
20 0.590515 0.0938655 0.0308207
21 0.590515 0.107215 0.0368929
22 0.590515 0.104653 0.0371066
23 0.590515 0.121855 0.0434053
24 0.591806 0.134071 0.0498811
25 0.591806 0.15621 0.0490958
26 0.591806 0.147159 0.0509565
27 0.591806 0.165662 0.0533484
28 0.595648 0.184395 0.0571024
29 0.595648 0.186393 0.0546178
30 0.595648 0.197834 0.0593422
31 0.595648 0.182893 0.0564795
32 0.595648 0.20398 0.055091
33 0.595648 0.211005 0.0507043
34 0.595648 0.214225 0.0538761
35 0.595648 0.187927 0.0528128
36 0.595648 0.18068 0.0509453
37 0.595648 0.191058 0.0519838
38 0.595648 0.216735 0.0521803
39 0.595648 0.213902 0.0522769
40 0.595648 0.239194 0.0550742
41 0.595648 0.224989 0.0535135
42 0.595648 0.19332 0.0492336
43 0.595648 0.217315 0.0522315
44 0.59613 0.223083 0.0556352
45 0.59613 0.238101 0.0512889
46 0.59613 0.233243 0.0525731
47 0.596751 0.202416 0.0500303
48 0.596751 0.2146 0.0544803
49 0.598134 0.211129 0.0537421
50 0.598134 0.239151 0.0583891
51 0.598134 0.19771 0.0528057
52 0.598134 0.182372 0.0535925
53 0.598301 0.194152 0.0552253
54 0.598301 0.233767 0.0576106
55 0.598301 0.212882 0.0529524
56 0.598301 0.195434 0.0491652
57 0.598301 0.177664 0.0491729
58 0.598301 0.199644 0.0530983
59 0.598301 0.185614 0.0516103
60 0.598301 0.227332 0.057818
61 0.598301 0.209827 0.0586235
62 0.598301 0.241053 0.0607182
63 0.598604 0.225206 0.0644231
64 0.598604 0.185546 0.0538543
65 0.598604 0.196766 0.0540602
66 0.598604 0.199018 0.0547177
67 0.598604 0.199396 0.0532796
68 0.598604 0.230604 0.059424
69 0.598604 0.215417 0.0545715
70 0.598604 0.243886 0.054584
71 0.598604 0.186744 0.0502811
72 0.598604 0.196083 0.0568972
73 0.598604 0.188114 0.0543183
74 0.598604 0.183472 0.0535735
75 0.598604 0.172052 0.0525121
76 0.598604 0.178844 0.0533935
77 0.598604 0.173674 0.0498458
78 0.598604 0.197246 0.0514689
79 0.599195 0.176048 0.0516927
80 0.599195 0.185472 0.0573819
81 0.599195 0.192249 0.0554426
82 0.599195 0.229121 0.0561199
83 0.599195 0.220619 0.0561633
84 0.599195 0.216919 0.0567741
85 0.599306 0.204816 0.0576342
86 0.599306 0.213783 0.055642
87 0.599306 0.236834 0.0603856
88 0.599306 0.214919 0.0601096
89 0.599306 0.208331 0.0625998
90 0.599306 0.167079 0.0537182
91 0.599306 0.176804 0.0534163
92 0.599306 0.177457 0.0500634
93 0.599306 0.146785 0.0463053
94 0.599306 0.168259 0.0498967
95 0.599306 0.188787 0.0563481
96 0.599306 0.220577 0.0594648
97 0.599306 0.248451 0.0603079
98 0.599306 0.207891 0.0572204
99 0.599306 0.235636 0.0582695
100 0.599306 0.225157 0.0617117
101 0.599306 0.210549 0.0525902
102 0.599306 0.219895 0.055974
103 0.599306 0.245949 0.0610975
104 0.599306 0.259027 0.0551958
105 0.600464 0.200315 0.0536104
106 0.600464 0.223877 0.054394
107 0.600464 0.237811 0.0566324
108 0.600464 0.191556 0.0544454
109 0.600464 0.188083 0.0532057
110 0.600464 0.182928 0.0531854
111 0.600464 0.202761 0.0539477
112 0.600464 0.211196 0.0563002
113 0.600464 0.213788 0.0565565
114 0.600464 0.254017 0.0581654
115 0.600464 0.230128 0.0510232
116 0.600464 0.230977 0.0518925
117 0.600464 0.238324 0.0533422
118 0.600464 0.233487 0.0574208
119 0.600464 0.233846 0.0521434
120 0.600464 0.240657 0.0566265
121 0.600464 0.261631 0.0552529
122 0.600464 0.234033 0.0559916
123 0.600464 0.244959 0.0586231
124 0.600464 0.231984 0.0541036
125 0.600464 0.202187 0.0561243
126 0.600464 0.209648 0.0540333
127 0.600464 0.219323 0.0559438
128 0.600464 0.186219 0.0515881
129 0.600464 0.196163 0.0565757
130 0.600464 0.15185 0.0481514
131 0.600464 0.176755 0.054853
132 0.600464 0.181305 0.0556666
133 0.600464 0.158779 0.051339
134 0.600464 0.183307 0.0543169
135 0.600464 0.202152 0.0572647
136 0.600464 0.217067 0.0583891
137 0.600464 0.229226 0.0579
138 0.600464 0.232019 0.0600664
139 0.600464 0.239555 0.0562967
140 0.600464 0.230126 0.0524298
141 0.600464 0.2355 0.058125
142 0.600464 0.236812 0.0558563
143 0.600464 0.263612 0.0559393
144 0.600464 0.242061 0.0562196
145 0.600464 0.220241 0.0590208
146 0.600464 0.209152 0.0519729
147 0.600464 0.226637 0.0571259
148 0.600464 0.229937 0.0572729
149 0.600464 0.2089 0.0521807
150 0.600464 0.196085 0.0493243
151 0.600464 0.217072 0.054446
152 0.600464 0.207071 0.053521
153 0.600464 0.219434 0.0507333
154 0.600464 0.220567 0.054285
155 0.600464 0.209128 0.0561326
156 0.600464 0.222255 0.0538001
157 0.600464 0.216788 0.0597247
158 0.600464 0.203788 0.0595233
159 0.600464 0.209565 0.0539044
160 0.600464 0.200003 0.0547601
161 0.601835 0.218032 0.0565743
162 0.601835 0.207302 0.0539413
163 0.601835 0.208183 0.0547121
164 0.601835 0.245292 0.0539817
165 0.601835 0.215236 0.0543224
166 0.601835 0.24073 0.0587384
167 0.601835 0.232625 0.056238
168 0.601835 0.241609 0.0578779
169 0.601835 0.221961 0.0561542
170 0.601835 0.209121 0.054688
171 0.601835 0.215213 0.0609986
172 0.601835 0.24412 0.0565445
173 0.601835 0.270206 0.057474
174 0.601835 0.214518 0.0575079
175 0.601835 0.240042 0.0525951
176 0.601835 0.230768 0.054674
177 0.601835 0.257841 0.0509192
178 0.601835 0.220434 0.0551841
179 0.601835 0.225538 0.0565651
180 0.601835 0.197278 0.0536238
181 0.601835 0.199238 0.0528734
182 0.601835 0.204233 0.054116
183 0.601835 0.23418 0.0618932
184 0.601835 0.205975 0.0575788
185 0.601835 0.198144 0.0554247
186 0.601835 0.200264 0.0515632
187 0.601835 0.225744 0.0555567
188 0.601835 0.24455 0.0526648
189 0.601835 0.24096 0.0525114
190 0.601835 0.20231 0.0483977
191 0.601835 0.19045 0.05266
192 0.601835 0.204075 0.0533327
193 0.601835 0.216173 0.0549951
194 0.601835 0.215589 0.0535383
195 0.601835 0.210143 0.0568763
196 0.601835 0.197897 0.0537366
197 0.601835 0.189058 0.0478318
198 0.601835 0.21175 0.051056
199 0.601835 0.222491 0.0535726
200 0.601835 0.23437 0.0561114
201 0.601835 0.202286 0.0530436
202 0.601835 0.234749 0.053896
203 0.601835 0.220223 0.0562802
204 0.601835 0.194921 0.0563296
205 0.601835 0.209626 0.0598412
206 0.601835 0.244516 0.057482
207 0.601835 0.234158 0.0539061
208 0.601835 0.232154 0.0532822
209 0.601835 0.20807 0.0545741
210 0.601835 0.170752 0.0533506
211 0.601835 0.223506 0.0553566
212 0.601835 0.230998 0.0559886
213 0.601835 0.218422 0.0587028
214 0.601835 0.209629 0.0578672
215 0.601835 0.218176 0.0581795
216 0.601835 0.244941 0.0568425
217 0.601835 0.204553 0.0530512
218 0.601835 0.193856 0.0568552
219 0.601835 0.221678 0.0604401
220 0.601835 0.23704 0.0635192
221 0.601835 0.211602 0.0580008
222 0.601835 0.215525 0.0553218
223 0.601835 0.22658 0.0573637
224 0.601835 0.245723 0.0585425
225 0.601835 0.240808 0.0589631
226 0.601835 0.248857 0.0556423
227 0.601835 0.219976 0.0531235
228 0.601835 0.233277 0.0551809
229 0.601835 0.23629 0.0565741
230 0.601835 0.23967 0.0539701
231 0.601835 0.249824 0.052043
232 0.601835 0.221454 0.0524957
233 0.601835 0.223661 0.0535967
234 0.601835 0.20302 0.0548795
235 0.601835 0.22361 0.0530378
236 0.601835 0.224656 0.0564984
237 0.601835 0.201937 0.057106
238 0.601835 0.20177 0.057915
239 0.601835 0.197088 0.0575035
240 0.601835 0.191613 0.0555226
241 0.601835 0.178422 0.054711
242 0.601835 0.206832 0.0527584
243 0.601835 0.208348 0.0552542
244 0.601835 0.210756 0.0582887
245 0.601835 0.221668 0.0597982
246 0.601835 0.244508 0.0568412
247 0.601835 0.227866 0.0566088
248 0.601835 0.223272 0.0502112
249 0.601835 0.228569 0.0527136
250 0.601835 0.234764 0.0536636
251 0.601835 0.207685 0.053539
252 0.601835 0.245201 0.0556947
253 0.601835 0.221856 0.0533118
254 0.601835 0.210407 0.0537269
255 0.601835 0.234635 0.0559808
256 0.601835 0.24784 0.0532185
257 0.601835 0.234137 0.0590242
258 0.601835 0.265409 0.0565997
259 0.601835 0.256928 0.0567027
260 0.601835 0.244253 0.0535233
261 0.601835 0.224312 0.0587712
262 0.601835 0.230271 0.0555696
263 0.601835 0.216024 0.0522948
264 0.601835 0.225191 0.0545829
265 0.601835 0.241502 0.0546941
266 0.601835 0.255917 0.0554727
267 0.601835 0.244349 0.0548519
268 0.601835 0.24765 0.055514
269 0.601835 0.216979 0.0566153
270 0.601835 0.234013 0.0572198
271 0.601835 0.232145 0.0536522
272 0.601835 0.232263 0.0561279
273 0.601835 0.268078 0.0570504
274 0.601835 0.229538 0.0558868
275 0.601835 0.231253 0.0570916
276 0.601835 0.212326 0.0533982
277 0.601835 0.207313 0.0577073
278 0.601835 0.233257 0.0558063
279 0.601835 0.219341 0.0589952
280 0.601835 0.197103 0.0602039
281 0.601835 0.188715 0.0538454
282 0.601835 0.174868 0.0540991
283 0.601835 0.197425 0.054393
284 0.601835 0.186186 0.0523
285 0.601835 0.18192 0.0515829
286 0.601835 0.193314 0.0524412
287 0.601835 0.218764 0.0523934
288 0.601835 0.226688 0.0520303
289 0.601835 0.184991 0.049266
290 0.601835 0.206629 0.0558118
291 0.601835 0.210874 0.0532054
292 0.601835 0.202559 0.0577621
293 0.601835 0.181399 0.0533271
294 0.601835 0.209648 0.0562909
295 0.601835 0.214613 0.0614277
296 0.601835 0.214815 0.0560352
297 0.601835 0.22089 0.0555875
298 0.601835 0.21813 0.0559633
299 0.601835 0.226963 0.0577738
300 0.601835 0.221684 0.0575362
301 0.601835 0.209701 0.0517703
302 0.601835 0.228096 0.055017
303 0.601835 0.224277 0.0563626
304 0.601835 0.215148 0.0538325
305 0.601835 0.22411 0.0554895
306 0.601835 0.226683 0.0524121
307 0.601835 0.228709 0.0539177
308 0.601835 0.23919 0.0529162
309 0.601835 0.262338 0.0519706
310 0.601835 0.237289 0.0542946
311 0.601835 0.221312 0.0538161
312 0.601835 0.231742 0.0561487
313 0.601835 0.212118 0.0564696
314 0.601835 0.247341 0.0570364
315 0.601835 0.206485 0.0545715
316 0.601835 0.200281 0.0575125
317 0.601835 0.213 0.0553233
318 0.601835 0.205586 0.0544057
319 0.601835 0.18571 0.05336
320 0.601835 0.206551 0.0529856
321 0.601835 0.181373 0.0500769
322 0.601835 0.189582 0.0538914
323 0.601835 0.20942 0.0553392
324 0.601835 0.227569 0.053537
325 0.601835 0.233655 0.0549677
326 0.601835 0.2572 0.0550903
327 0.601835 0.27731 0.0554453
328 0.601835 0.242511 0.0554378
329 0.601835 0.212418 0.0512143
330 0.601835 0.209374 0.0563658
331 0.601835 0.217923 0.0577392
332 0.601835 0.239333 0.0559602
333 0.601835 0.194374 0.0542088
334 0.601835 0.214965 0.0576605
335 0.601835 0.245652 0.0583764
336 0.601835 0.243862 0.0544072
337 0.601835 0.238946 0.0565354
338 0.601835 0.221545 0.0515763
339 0.601835 0.214026 0.0551699
340 0.601835 0.194686 0.0523388
341 0.601835 0.155068 0.0524467
342 0.601835 0.167936 0.052035
343 0.601835 0.183375 0.0508516
344 0.601835 0.172625 0.049665
345 0.601835 0.196836 0.0528271
346 0.601835 0.231092 0.0527227
347 0.601835 0.231667 0.0545216
348 0.601835 0.209209 0.050512
349 0.601835 0.225973 0.0528851
350 0.601835 0.212707 0.0551208
351 0.601835 0.240785 0.0562118
352 0.601835 0.212651 0.0566162
353 0.601835 0.210622 0.0524946
354 0.601835 0.220306 0.0554349
355 0.601835 0.211376 0.0540421
356 0.601835 0.203028 0.0515386
357 0.601835 0.199813 0.0470464
358 0.601835 0.179859 0.0507381
359 0.601835 0.178874 0.0525983
360 0.601835 0.171517 0.0524154
361 0.601835 0.205876 0.052585
362 0.601835 0.217939 0.059084
363 0.601835 0.219554 0.0622057
364 0.601835 0.209322 0.0608844
365 0.601835 0.208111 0.0582781
366 0.601835 0.194196 0.0563067
367 0.601835 0.182308 0.0566011
368 0.601835 0.182299 0.0566634
369 0.601835 0.200823 0.0615277
370 0.601835 0.18817 0.0513976
371 0.601835 0.208304 0.0568795
372 0.601835 0.210325 0.0552178
373 0.601835 0.236255 0.0546111
374 0.601835 0.188527 0.0556165
375 0.601835 0.205893 0.0568924
376 0.601835 0.228544 0.0569373
377 0.601835 0.212388 0.0556495
378 0.601835 0.243674 0.0567003
379 0.601835 0.232098 0.0537811
380 0.601835 0.238049 0.0562585
381 0.601835 0.20777 0.0555405
382 0.601835 0.196299 0.0495577
383 0.601835 0.184394 0.0555566
384 0.601835 0.2129 0.0566625
385 0.601835 0.200386 0.0507922
386 0.601835 0.202633 0.0536948
387 0.601835 0.207979 0.0555295
388 0.601835 0.203114 0.0540126
389 0.601835 0.231817 0.0585025
390 0.601835 0.247115 0.0557673
391 0.601835 0.229535 0.0535126
392 0.601835 0.231808 0.0528379
393 0.601835 0.213313 0.055135
394 0.602906 0.251105 0.056239
395 0.602906 0.241698 0.0558334
396 0.602906 0.203951 0.0566031
397 0.602906 0.234374 0.0592332
398 0.602906 0.238128 0.0585576
399 0.602906 0.262672 0.0560261
400 0.602906 0.251371 0.06016
401 0.602906 0.212074 0.051705
402 0.602906 0.218402 0.0531713
403 0.602906 0.245648 0.0552351
404 0.602906 0.224803 0.055306
405 0.602906 0.211818 0.055271
406 0.602906 0.206146 0.0549833
407 0.602906 0.214317 0.0514068
408 0.602906 0.203896 0.0541852
409 0.602906 0.213883 0.0550501
410 0.602906 0.188195 0.0547006
411 0.602906 0.194852 0.0524878
412 0.602906 0.185512 0.0542067
413 0.602906 0.193901 0.053907
414 0.602906 0.237412 0.0608907
415 0.602906 0.21612 0.0558082
416 0.602906 0.194291 0.0557742
417 0.602906 0.18188 0.0563906
418 0.602906 0.212227 0.0597001
419 0.602906 0.201448 0.0527202
420 0.602906 0.189322 0.0491762
421 0.602906 0.206109 0.0487849
422 0.602906 0.204094 0.0522408
423 0.602906 0.196356 0.057752
424 0.602906 0.211654 0.0594436
425 0.602906 0.178464 0.0560914
426 0.602906 0.193539 0.0555129
427 0.602906 0.197659 0.0550252
428 0.602906 0.194034 0.0547264
429 0.602906 0.209457 0.0577634
430 0.602906 0.188816 0.0554207
431 0.602906 0.177812 0.0510792
432 0.602906 0.177636 0.0541568
433 0.602906 0.18022 0.0548078
434 0.602906 0.1857 0.0553615
435 0.602906 0.19851 0.0557519
436 0.602906 0.22153 0.052973
437 0.602906 0.191991 0.055553
438 0.602906 0.163348 0.0505524
439 0.602906 0.153795 0.0498527
440 0.602906 0.156927 0.0490961
441 0.602906 0.189133 0.0546006
442 0.602906 0.226975 0.0551472
443 0.602906 0.193063 0.052068
444 0.602906 0.179986 0.0528548
445 0.602906 0.179151 0.0550835
446 0.602906 0.222662 0.0533491
447 0.602906 0.226454 0.0539269
448 0.602906 0.200661 0.0475222
449 0.602906 0.195772 0.0482036
450 0.602906 0.210123 0.0528762
451 0.602906 0.195478 0.0536494
452 0.602906 0.214367 0.0532891
453 0.602906 0.219025 0.0488355
454 0.602906 0.233484 0.0591387
455 0.602906 0.229839 0.0543303
456 0.602906 0.250908 0.0542592
457 0.602906 0.239132 0.0507231
458 0.602906 0.255505 0.0497448
459 0.602906 0.268118 0.0494355
460 0.602906 0.264618 0.0589446
461 0.602906 0.232165 0.0590302
462 0.602906 0.25818 0.0594856
463 0.602906 0.230809 0.0524885
464 0.602906 0.236905 0.0561084
465 0.602906 0.213164 0.0590761
466 0.602906 0.205418 0.0536302
467 0.602906 0.202848 0.0540263
468 0.602906 0.208681 0.0512331
469 0.602906 0.228658 0.0558365
470 0.602906 0.251929 0.0574988
471 0.602906 0.234575 0.0583218
472 0.602906 0.245754 0.0540287
473 0.602906 0.239954 0.0515927
474 0.602906 0.24995 0.0574371
475 0.602906 0.251685 0.0556996
476 0.602906 0.246148 0.0543615
477 0.602906 0.241775 0.0532247
478 0.602906 0.234746 0.0542368
479 0.602906 0.221603 0.0538951
480 0.602906 0.223499 0.0542496
481 0.602906 0.208925 0.0577252
482 0.602906 0.195907 0.0509899
483 0.602906 0.221733 0.0554842
484 0.602906 0.185275 0.0521616
485 0.602906 0.212032 0.0548753
486 0.602906 0.217315 0.0521733
487 0.602906 0.202529 0.0563261
488 0.602906 0.25015 0.0553669
489 0.602906 0.257646 0.0541823
490 0.602906 0.226668 0.0544173
491 0.602906 0.204383 0.0487888
492 0.602906 0.213146 0.0511655
493 0.602906 0.235567 0.0556098
494 0.602906 0.227825 0.0572293
495 0.602906 0.215724 0.0546749
496 0.602906 0.216092 0.056049
497 0.602906 0.214484 0.0552288
498 0.602906 0.194163 0.0519575
499 0.602906 0.228966 0.0491734
500 0.602906 0.251732 0.053467
501 0.602906 0.222597 0.059746
502 0.602906 0.245148 0.0559162
503 0.603345 0.257766 0.056914
504 0.603345 0.286137 0.0575575
505 0.603345 0.25728 0.0537356
506 0.603345 0.245891 0.0562519
507 0.603345 0.2579 0.0517752
508 0.603345 0.241546 0.0577599
509 0.603345 0.220775 0.0603746
510 0.603345 0.203562 0.0563884
511 0.603345 0.224333 0.057569
512 0.603345 0.225261 0.0547563
513 0.603345 0.248565 0.0542299
514 0.603345 0.253032 0.0574368
515 0.603345 0.227959 0.0602158
516 0.603345 0.222795 0.0570324
517 0.603345 0.226182 0.0579305
518 0.603345 0.201279 0.0552831
519 0.603345 0.251466 0.0596625
520 0.603345 0.289694 0.0580913
521 0.603345 0.251713 0.0581275
522 0.603682 0.229389 0.0600751
523 0.603682 0.210457 0.0573524
524 0.603682 0.230094 0.053636
525 0.603682 0.237517 0.058237
526 0.603682 0.247419 0.0556724
527 0.603682 0.261806 0.0594011
528 0.603682 0.230286 0.0597633
529 0.603682 0.201102 0.0572813
530 0.603682 0.189816 0.0552695
531 0.603682 0.185935 0.0530801
532 0.603682 0.230291 0.0589952
533 0.603682 0.182692 0.0557401
534 0.603682 0.202155 0.0564222
535 0.603682 0.22978 0.0557063
536 0.603682 0.23215 0.0575588
537 0.603682 0.206709 0.0571307
538 0.603682 0.218717 0.055357
539 0.603682 0.205083 0.054809
540 0.603682 0.229744 0.0536578
541 0.603682 0.19139 0.0523689
542 0.603682 0.195803 0.0540474
543 0.603682 0.213923 0.0556604
544 0.603682 0.193218 0.0591164
545 0.603682 0.202985 0.0585204
546 0.604084 0.227156 0.0597662
547 0.604084 0.218866 0.0560571
548 0.604084 0.210671 0.0579261
549 0.604084 0.219934 0.054929
550 0.604084 0.193506 0.0569367
551 0.604084 0.228885 0.0542393
552 0.604084 0.230061 0.0587251
553 0.604084 0.243371 0.0592914
554 0.604084 0.246819 0.0602407
555 0.604084 0.264864 0.0569381
556 0.604084 0.252702 0.0564474
557 0.604084 0.245665 0.0572513
558 0.604084 0.265791 0.061132
559 0.604084 0.254009 0.0614257
560 0.604084 0.2626 0.0570464
561 0.604084 0.263119 0.054321
562 0.604084 0.234992 0.0544617
563 0.604084 0.211924 0.0539174
564 0.604084 0.237195 0.0583057
565 0.604084 0.24315 0.0610168
566 0.604084 0.243526 0.0605308
567 0.604084 0.186039 0.0533327
568 0.604084 0.241437 0.0608041
569 0.604084 0.237857 0.0577736
570 0.604084 0.250657 0.0578772
571 0.604084 0.239109 0.0528802
572 0.604084 0.231681 0.0548151
573 0.604084 0.246483 0.0550853
574 0.604084 0.24949 0.0519154
575 0.604084 0.251182 0.0545337
576 0.604084 0.247006 0.0562256
577 0.604084 0.236655 0.0536419
578 0.604084 0.234137 0.0535541
579 0.604084 0.244257 0.0579745
580 0.604497 0.248358 0.0562652
581 0.604497 0.237604 0.0558999
582 0.604497 0.25137 0.0573664
583 0.604497 0.261633 0.0561271
584 0.604497 0.238437 0.0566786
585 0.604497 0.250311 0.0563941
586 0.604497 0.246268 0.0571016
587 0.604497 0.233624 0.0603081
588 0.604497 0.243194 0.0593151
589 0.604497 0.245225 0.058734
590 0.604497 0.226444 0.0595355
591 0.604497 0.23289 0.0576588
592 0.604497 0.253893 0.0597845
593 0.604497 0.249149 0.0639167
594 0.604497 0.250829 0.0619987
595 0.604497 0.282483 0.0586422
596 0.604497 0.258983 0.0560676
597 0.604497 0.253556 0.0605657
598 0.604497 0.245153 0.058916
599 0.604497 0.235344 0.0585441
600 0.604497 0.254072 0.0588269
601 0.604497 0.220431 0.0581927
602 0.604497 0.222978 0.0566228
603 0.604497 0.231815 0.0655977
604 0.604497 0.204646 0.0544592
605 0.604497 0.202176 0.0477166
606 0.604497 0.219809 0.0541027
607 0.604497 0.233605 0.056306
608 0.604497 0.226802 0.0571158
609 0.604497 0.226715 0.0592861
610 0.604497 0.174604 0.0545691
611 0.604497 0.186 0.0571348
612 0.604497 0.223051 0.0588183
613 0.604497 0.208473 0.0571057
614 0.604497 0.233537 0.0609866
615 0.604497 0.268127 0.0618634
616 0.604497 0.224628 0.0573419
617 0.604497 0.210197 0.0564042
618 0.604497 0.215357 0.0557651
619 0.604497 0.215769 0.0539269
620 0.604497 0.231345 0.0558595
621 0.604497 0.252527 0.0529774
622 0.604497 0.239293 0.0577728
623 0.604497 0.242866 0.0578321
624 0.604497 0.255908 0.0552215
625 0.604497 0.250775 0.0578581
626 0.604497 0.222902 0.0555992
627 0.604497 0.22735 0.058223
628 0.604497 0.210802 0.0560294
629 0.604497 0.237883 0.0544737
630 0.604497 0.227186 0.0546651
631 0.604497 0.212503 0.0540028
632 0.604497 0.201687 0.0567599
633 0.604497 0.194951 0.0566226
634 0.604497 0.213707 0.0552694
635 0.604497 0.213515 0.0563287
636 0.604497 0.215923 0.0550058
637 0.604497 0.223854 0.0540443
638 0.604497 0.225208 0.0560013
639 0.604497 0.215996 0.0531021
640 0.604497 0.205445 0.0561266
641 0.604497 0.204453 0.0525187
642 0.604497 0.217684 0.0596155
643 0.604497 0.19204 0.0568751
644 0.604497 0.205738 0.057952
645 0.604497 0.221436 0.0594584
646 0.604497 0.23905 0.057762
647 0.604497 0.243479 0.0552246
648 0.604497 0.243116 0.0576187
649 0.604497 0.223368 0.0574846
650 0.604497 0.207246 0.0518397
651 0.604497 0.186447 0.0541444
652 0.604497 0.19708 0.0528892
653 0.604497 0.218188 0.0527943
654 0.604497 0.234517 0.0541738
655 0.604497 0.238341 0.0580478
656 0.604497 0.217369 0.0564548
657 0.604497 0.245664 0.0607468
658 0.604497 0.224987 0.0596598
659 0.604497 0.230635 0.0545857
660 0.604497 0.22386 0.0561751
661 0.604497 0.245787 0.0623026
662 0.604497 0.216208 0.0600352
663 0.604497 0.239634 0.0606966
664 0.604497 0.237096 0.0599856
665 0.604497 0.253234 0.0567532
666 0.604497 0.21639 0.0590593
667 0.604497 0.225754 0.0585325
668 0.604497 0.215505 0.0602666
669 0.604497 0.197003 0.055773
670 0.604497 0.196501 0.0565946
671 0.604497 0.214059 0.0595848
672 0.604497 0.220133 0.0558111
673 0.604497 0.244234 0.052714
674 0.604497 0.204968 0.0516616
675 0.604497 0.187515 0.0516385
676 0.604497 0.191025 0.0583629
677 0.604497 0.198802 0.0597121
678 0.604497 0.231547 0.0579133
679 0.604497 0.212871 0.0565775
680 0.604497 0.214004 0.0584422
681 0.604497 0.200539 0.0599857
682 0.604497 0.202469 0.0598804
683 0.604497 0.213155 0.0570206
684 0.604497 0.215262 0.0584203
685 0.604497 0.20135 0.0578174
686 0.604497 0.200327 0.0588718
687 0.604497 0.188127 0.0553903
688 0.604497 0.192763 0.0601109
689 0.604497 0.198985 0.0554272
690 0.604497 0.21193 0.058128
691 0.604497 0.212638 0.0518005
692 0.604497 0.215706 0.051871
693 0.604497 0.2004 0.0547682
694 0.604497 0.211464 0.0579468
695 0.604497 0.216447 0.0598761
696 0.604497 0.218989 0.0569993
697 0.604497 0.210679 0.0513041
698 0.604497 0.213606 0.0524845
699 0.604497 0.211077 0.0527906
700 0.604497 0.177108 0.0575108
701 0.604497 0.20156 0.0542888
702 0.604497 0.200059 0.0513637
703 0.604497 0.19724 0.0555272
704 0.604497 0.19343 0.0609292
705 0.604497 0.200947 0.0537169
706 0.604497 0.215995 0.0520787
707 0.604497 0.192094 0.0517129
708 0.604497 0.213237 0.0570375
709 0.604497 0.229873 0.0577505
710 0.604497 0.235122 0.060106
711 0.604497 0.276534 0.0528771
712 0.604497 0.254692 0.0587119
713 0.604497 0.229009 0.0624149
714 0.604497 0.263255 0.0583193
715 0.604497 0.236916 0.0567397
716 0.604497 0.231632 0.0534127
717 0.604497 0.2106 0.0577997
718 0.604497 0.204582 0.0564882
719 0.604497 0.250335 0.0617558
720 0.604497 0.277755 0.0544803
721 0.604497 0.262596 0.0510078
722 0.604497 0.269159 0.0504071
723 0.604497 0.238446 0.0553593
724 0.604497 0.253388 0.0602405
725 0.604497 0.249753 0.0603182
726 0.604497 0.263607 0.0564079
727 0.604497 0.192362 0.0592588
728 0.604497 0.203129 0.0562375
729 0.604497 0.192784 0.0585366
730 0.604497 0.2112 0.0573431
731 0.604497 0.203232 0.0545183
732 0.604497 0.21525 0.0613429
733 0.604497 0.204516 0.057497
734 0.604497 0.213457 0.0570159
735 0.604497 0.188432 0.0583716
736 0.604497 0.176202 0.0567043
737 0.604497 0.203807 0.0574145
738 0.604497 0.191751 0.0527627
739 0.604497 0.211558 0.0596333
740 0.604497 0.227464 0.0534555
741 0.604497 0.244296 0.0630607
742 0.604497 0.21671 0.0534473
743 0.604497 0.226555 0.0573475
744 0.604497 0.189907 0.054505
745 0.604497 0.239204 0.0545742
746 0.604497 0.242938 0.053228
747 0.604497 0.230967 0.0545471
748 0.604497 0.274995 0.0552093
749 0.604497 0.269289 0.0597351
750 0.604497 0.250802 0.0541434
751 0.604497 0.261422 0.0588802
752 0.604497 0.253654 0.0551707
753 0.604497 0.265634 0.0532275
754 0.604497 0.261198 0.0572313
755 0.604497 0.277677 0.0554743
756 0.604497 0.257407 0.0557691
757 0.605634 0.240011 0.0528003
758 0.605634 0.271167 0.0523806
759 0.605634 0.280841 0.0515514
760 0.605634 0.249508 0.0541481
761 0.605634 0.27338 0.0544404
762 0.605634 0.242478 0.0545551
763 0.605634 0.237335 0.0534259
764 0.605634 0.247541 0.0548537
765 0.605634 0.233254 0.0575282
766 0.605634 0.220826 0.0570414
767 0.605634 0.229033 0.0575436
768 0.605634 0.243291 0.0570702
769 0.605634 0.254521 0.0580231
770 0.607359 0.253104 0.0570772
771 0.607359 0.261599 0.0584453
772 0.607359 0.230064 0.0584861
773 0.607359 0.240183 0.0530416
774 0.607359 0.231409 0.0530865
775 0.607359 0.230175 0.0586034
776 0.607359 0.20999 0.059315
777 0.607359 0.20694 0.0597996
778 0.607359 0.199697 0.0531871
779 0.607359 0.218357 0.0578912
780 0.607359 0.242312 0.0572393
781 0.607359 0.222145 0.0625439
782 0.607514 0.254303 0.0596364
783 0.607514 0.222454 0.0602834
784 0.607514 0.236123 0.0550126
785 0.607514 0.196855 0.0584647
786 0.607514 0.191885 0.0577924
787 0.607514 0.173445 0.0563942
788 0.607514 0.200639 0.0533058
789 0.607514 0.204798 0.0573361
790 0.607514 0.255366 0.0617547
791 0.607514 0.239798 0.0551903
792 0.607514 0.226258 0.054169
793 0.607514 0.209589 0.060702
794 0.607514 0.217147 0.0609399
795 0.607514 0.256843 0.0577669
796 0.607514 0.206088 0.0540284
797 0.607514 0.231234 0.062059
798 0.607514 0.22831 0.0601886
799 0.607514 0.217377 0.059474
800 0.607514 0.203784 0.0563742
801 0.607514 0.222715 0.056276
802 0.608447 0.24228 0.0599511
803 0.608447 0.21475 0.056955
804 0.608447 0.220008 0.0601266
805 0.608447 0.238416 0.0604788
806 0.608447 0.217295 0.0613944
807 0.608447 0.221057 0.060491
808 0.608447 0.22918 0.0568988
809 0.608447 0.213925 0.0625965
810 0.608447 0.21682 0.0610598
811 0.608447 0.221687 0.0586591
812 0.608447 0.227571 0.0556537
813 0.608447 0.225464 0.0549578
814 0.608447 0.240095 0.0647627
815 0.608447 0.201614 0.0565075
816 0.608447 0.232813 0.0597285
817 0.608447 0.240742 0.0585398
818 0.608447 0.222174 0.0553512
819 0.608447 0.216536 0.0574532
820 0.608447 0.206176 0.0579531
821 0.608449 0.210373 0.057889
822 0.608449 0.240064 0.0596223
823 0.608449 0.219869 0.0601484
824 0.608449 0.224226 0.0674869
825 0.608449 0.202519 0.0617454
826 0.608449 0.236828 0.0635925
827 0.608449 0.247772 0.061967
828 0.608449 0.257817 0.0592127
829 0.608449 0.256727 0.0627324
830 0.608492 0.241162 0.0623816
831 0.608492 0.232055 0.0614215
832 0.608492 0.239622 0.0596843
833 0.608492 0.226412 0.0598982
834 0.608492 0.238125 0.0551532
835 0.608492 0.230678 0.0575233
836 0.608492 0.237059 0.0605642
837 0.608492 0.208065 0.058247
838 0.608492 0.221471 0.0626139
839 0.608492 0.222184 0.0605864
840 0.608492 0.237335 0.0604152
841 0.608492 0.24632 0.0590576
842 0.608492 0.259929 0.0577055
843 0.608492 0.244173 0.0558787
844 0.608492 0.256362 0.0607093
845 0.608492 0.241746 0.0566884
846 0.608492 0.22452 0.0572157
847 0.608492 0.231049 0.0568
848 0.608492 0.210769 0.0597811
849 0.608492 0.217269 0.0595843
850 0.608492 0.224097 0.0587994
851 0.608492 0.210722 0.0601154
852 0.608633 0.225906 0.0559952
853 0.608633 0.204858 0.0574278
854 0.608633 0.230275 0.057418
855 0.608633 0.231472 0.0566236
856 0.608633 0.239599 0.0561745
857 0.608633 0.239924 0.0508242
858 0.608633 0.237946 0.052582
859 0.608633 0.222038 0.0559085
860 0.608633 0.20427 0.0541784
861 0.608633 0.178053 0.0545704
862 0.608633 0.191183 0.0557824
863 0.608633 0.194156 0.0569722
864 0.608633 0.215139 0.0579545
865 0.608633 0.222543 0.0547022
866 0.608633 0.19534 0.0568198
867 0.608633 0.203921 0.0547094
868 0.608633 0.205549 0.0571187
869 0.608633 0.222536 0.0616689
870 0.608633 0.227859 0.0607417
871 0.608633 0.216602 0.0604112
872 0.608676 0.217629 0.0580725
873 0.608676 0.214139 0.061155
874 0.608676 0.232993 0.0588939
875 0.608676 0.257803 0.0560699
876 0.608676 0.271851 0.0584368
877 0.608676 0.232595 0.0585341
878 0.608676 0.211848 0.0628562
879 0.608676 0.252999 0.0640439
880 0.608676 0.208772 0.0581157
881 0.608676 0.213636 0.0612878
882 0.608676 0.21223 0.0578171
883 0.608676 0.249738 0.0597464
884 0.608676 0.213906 0.055238
885 0.608676 0.191416 0.05547
886 0.608676 0.21164 0.0575137
887 0.608676 0.221868 0.05251
888 0.608676 0.229287 0.0544075
889 0.608676 0.259255 0.0588461
890 0.608676 0.266457 0.060933
891 0.608676 0.261708 0.0579726
892 0.608676 0.256659 0.0554965
893 0.608676 0.254715 0.0584027
894 0.608676 0.243678 0.0574679
895 0.608676 0.212258 0.0531709
896 0.608676 0.216471 0.0559402
897 0.608676 0.232761 0.0578655
898 0.608676 0.223978 0.0607305
899 0.608676 0.227682 0.0595158
900 0.608676 0.204301 0.0583871
901 0.609214 0.216535 0.0571191
902 0.609214 0.211408 0.055557
903 0.609214 0.225737 0.0586165
904 0.609214 0.212749 0.0549995
905 0.609214 0.218261 0.0602221
906 0.609214 0.201154 0.0561029
907 0.609214 0.206193 0.0617712
908 0.609214 0.187356 0.0600232
909 0.609214 0.180885 0.05969
910 0.609214 0.224111 0.0605482
911 0.609214 0.203119 0.0560596
912 0.609214 0.231006 0.0620246
913 0.609214 0.230069 0.0621085
914 0.609214 0.237978 0.0570743
915 0.609214 0.239653 0.0567116
916 0.609214 0.225754 0.0600785
917 0.609214 0.249251 0.0600346
918 0.609214 0.24757 0.0568646
919 0.609214 0.240967 0.0543233
920 0.609214 0.208977 0.0514917
921 0.609214 0.228287 0.0555121
922 0.609214 0.237626 0.0573422
923 0.609214 0.229879 0.0550282
924 0.609214 0.225872 0.0533042
925 0.609214 0.212982 0.0523481
926 0.609214 0.201441 0.0530816
927 0.609214 0.200013 0.0523741
928 0.609214 0.199848 0.0560416
929 0.609214 0.214312 0.0581716
930 0.609214 0.223696 0.0570155
931 0.609214 0.215089 0.0542327
932 0.609214 0.219846 0.0574697
933 0.609214 0.214649 0.0579406
934 0.609214 0.239074 0.0588524
935 0.609464 0.24121 0.0592906
936 0.609464 0.247745 0.0546232
937 0.609464 0.185547 0.0527225
938 0.609464 0.211713 0.0517807
939 0.609464 0.202025 0.0521764
940 0.609464 0.258034 0.059052
941 0.609464 0.247218 0.0538223
942 0.609464 0.230839 0.055711
943 0.609464 0.247587 0.05188
944 0.609464 0.24659 0.0559929
945 0.609464 0.232949 0.059987
946 0.609464 0.230575 0.0551682
947 0.609464 0.212571 0.056468
948 0.609464 0.217125 0.0576271
949 0.609464 0.21278 0.057616
950 0.609464 0.190494 0.055119
951 0.609464 0.213174 0.0587213
952 0.609464 0.223608 0.0569453
953 0.609464 0.227128 0.0607956
954 0.609464 0.209744 0.0579046
955 0.609464 0.216778 0.0593048
956 0.609464 0.206639 0.0565941
957 0.609464 0.217698 0.0573897
958 0.609464 0.206148 0.0533216
959 0.609464 0.22028 0.0550087
960 0.609601 0.219928 0.0566444
961 0.609601 0.241203 0.0595982
962 0.609601 0.227646 0.0610084
963 0.609601 0.223591 0.057555
964 0.609601 0.221339 0.0614375
965 0.609601 0.194757 0.0539875
966 0.609601 0.188205 0.0549466
967 0.609601 0.188139 0.0571929
968 0.609601 0.211893 0.0537141
969 0.609601 0.207234 0.0547143
970 0.609601 0.211014 0.0531367
971 0.609601 0.215114 0.0591214
972 0.609601 0.197274 0.056337
973 0.609601 0.193274 0.0544491
974 0.609601 0.211017 0.0580833
975 0.609601 0.202909 0.0573857
976 0.609601 0.222059 0.0569152
977 0.609601 0.204363 0.0558549
978 0.609601 0.201523 0.0557256
979 0.609601 0.187757 0.0557605
980 0.609601 0.197899 0.0575403
981 0.609601 0.185171 0.0537285
982 0.609601 0.193029 0.052642
983 0.609601 0.206024 0.0603422
984 0.609601 0.205367 0.0570135
985 0.609601 0.192084 0.0558639
986 0.609601 0.19908 0.0603498
987 0.609601 0.214583 0.0611469
988 0.609601 0.213085 0.0598628
989 0.609601 0.206785 0.0546022
990 0.609601 0.215197 0.0568284
991 0.609601 0.200766 0.0588907
992 0.609601 0.177574 0.0578764
993 0.609601 0.177501 0.0575186
994 0.609601 0.187953 0.0572518
995 0.609601 0.209892 0.0590242
996 0.609601 0.208201 0.0598163
997 0.609601 0.189334 0.0567102
998 0.609601 0.199188 0.0580429
999 0.609601 0.211314 0.0564703
1000 0.609601 0.211603 0.0614038
